"Current","Field","Frequency","Spectra"
0,66.3857,1.0,-0.023398944005220766
0,66.3857,1.003125,-0.023477406969671346
0,66.3857,1.00625,-0.02355640167273681
0,66.3857,1.009375,-0.023635933868565138
0,66.3857,1.0125,-0.023716009395354735
0,66.3857,1.015625,-0.02379663417686783
0,66.3857,1.01875,-0.023877814223976026
0,66.3857,1.021875,-0.02395955563623868
0,66.3857,1.025,-0.024041864603514766
0,66.3857,1.028125,-0.024124747407609268
0,66.3857,1.03125,-0.02420821042395472
0,66.3857,1.034375,-0.024292260123328982
0,66.3857,1.0375,-0.024376903073609853
0,66.3857,1.040625,-0.024462145941567755
0,66.3857,1.04375,-0.024547995494697158
0,66.3857,1.046875,-0.02463445860308781
0,66.3857,1.05,-0.024721542241336793
0,66.3857,1.053125,-0.024809253490502378
0,66.3857,1.05625,-0.02489759954010067
0,66.3857,1.059375,-0.024986587690146302
0,66.3857,1.0625,-0.025076225353237905
0,66.3857,1.065625,-0.025166520056690015
0,66.3857,1.06875,-0.02525747944471208
0,66.3857,1.071875,-0.02534911128063605
0,66.3857,1.075,-0.02544142344919372
0,66.3857,1.078125,-0.025534423958845105
0,66.3857,1.08125,-0.02562812094415895
0,66.3857,1.084375,-0.02572252266824718
0,66.3857,1.0875,-0.02581763752525408
0,66.3857,1.090625,-0.025913474042902094
0,66.3857,1.09375,-0.02601004088509546
0,66.3857,1.096875,-0.026107346854583185
0,66.3857,1.1,-0.026205400895683108
0,66.3857,1.103125,-0.026304212097068274
0,66.3857,1.10625,-0.026403789694617666
0,66.3857,1.109375,-0.026504143074332617
0,66.3857,1.1125,-0.02660528177532087
0,66.3857,1.115625,-0.026707215492849948
0,66.3857,1.11875,-0.02680995408147171
0,66.3857,1.121875,-0.026913507558220008
0,66.3857,1.125,-0.027017886105883224
0,66.3857,1.128125,-0.027123100076353986
0,66.3857,1.13125,-0.027229159994057783
0,66.3857,1.134375,-0.02733607655946288
0,66.3857,1.1375,-0.02744386065267354
0,66.3857,1.140625,-0.027552523337108847
0,66.3857,1.14375,-0.027662075863269516
0,66.3857,1.146875,-0.027772529672595005
0,66.3857,1.15,-0.027883896401413304
0,66.3857,1.153125,-0.027996187884986236
0,66.3857,1.15625,-0.028109416161652447
0,66.3857,1.159375,-0.028223593477071145
0,66.3857,1.1625,-0.028338732288569195
0,66.3857,1.165625,-0.0284548452695944
0,66.3857,1.16875,-0.02857194531427797
0,66.3857,1.171875,-0.028690045542109296
0,66.3857,1.175,-0.028809159302725856
0,66.3857,1.178125,-0.02892930018082194
0,66.3857,1.18125,-0.029050482001179004
0,66.3857,1.184375,-0.02917271883382156
0,66.3857,1.1875,-0.02929602499930172
0,66.3857,1.190625,-0.02942041507411642
0,66.3857,1.19375,-0.02954590389626078
0,66.3857,1.196875,-0.029672506570921523
0,66.3857,1.2,-0.029800238476314807
0,66.3857,1.203125,-0.029929115269671985
0,66.3857,1.20625,-0.030059152893378037
0,66.3857,1.209375,-0.03019036758126703
0,66.3857,1.2125,-0.030322775865078734
0,66.3857,1.215625,-0.03045639458108166
0,66.3857,1.21875,-0.0305912408768668
0,66.3857,1.221875,-0.030727332218317457
0,66.3857,1.225,-0.03086468639676012
0,66.3857,1.228125,-0.031003321536301663
0,66.3857,1.23125,-0.03114325610135852
0,66.3857,1.234375,-0.031284508904383265
0,66.3857,1.2375,-0.031427099113794675
0,66.3857,1.240625,-0.031571046262117125
0,66.3857,1.24375,-0.0317163702543357
0,66.3857,1.246875,-0.031863091376473335
0,66.3857,1.25,-0.03201123030439666
0,66.3857,1.253125,-0.032160808112857514
0,66.3857,1.25625,-0.03231184628477715
0,66.3857,1.259375,-0.0324643667207804
0,66.3857,1.2625,-0.032618391748987494
0,66.3857,1.265625,-0.03277394413507126
0,66.3857,1.26875,-0.032931047092588
0,66.3857,1.271875,-0.033089724293590014
0,66.3857,1.275,-0.03324999987952873
0,66.3857,1.278125,-0.03341189847245749
0,66.3857,1.28125,-0.03357544518654265
0,66.3857,1.284375,-0.033740665639893246
0,66.3857,1.2875,-0.03390758596671854
0,66.3857,1.290625,-0.03407623282982394
0,66.3857,1.29375,-0.034246633433455874
0,66.3857,1.296875,-0.034418815536506275
0,66.3857,1.3,-0.03459280746608821
0,66.3857,1.303125,-0.034768638131494174
0,66.3857,1.30625,-0.03494633703854926
0,66.3857,1.309375,-0.03512593430437159
0,66.3857,1.3125,-0.035307460672552866
0,66.3857,1.315625,-0.0354909475287726
0,66.3857,1.31875,-0.0356764269168598
0,66.3857,1.321875,-0.035863931555316086
0,66.3857,1.325,-0.03605349485431576
0,66.3857,1.328125,-0.036245150933197315
0,66.3857,1.33125,-0.036438934638462886
0,66.3857,1.334375,-0.036634881562301824
0,66.3857,1.3375,-0.03683302806165518
0,66.3857,1.340625,-0.03703341127783924
0,66.3857,1.34375,-0.037236069156745454
0,66.3857,1.346875,-0.037441040469636824
0,66.3857,1.35,-0.03764836483455879
0,66.3857,1.353125,-0.03785808273838609
0,66.3857,1.35625,-0.038070235559526
0,66.3857,1.359375,-0.038284865591299254
0,66.3857,1.3625,-0.03850201606602182
0,66.3857,1.365625,-0.03872173117981023
0,66.3857,1.36875,-0.038944056118134604
0,66.3857,1.371875,-0.03916903708214448
0,66.3857,1.375,-0.039396721315792915
0,66.3857,1.378125,-0.039627157133785985
0,66.3857,1.38125,-0.03986039395038496
0,66.3857,1.384375,-0.04009648230909012
0,66.3857,1.3875,-0.04033547391323573
0,66.3857,1.390625,-0.040577421657526924
0,66.3857,1.39375,-0.04082237966055047
0,66.3857,1.396875,-0.04107040329829243
0,66.3857,1.4,-0.04132154923869652
0,66.3857,1.403125,-0.04157587547729928
0,66.3857,1.40625,-0.04183344137397786
0,66.3857,1.409375,-0.042094307690849216
0,66.3857,1.4125,-0.042358536631359606
0,66.3857,1.415625,-0.042626191880605
0,66.3857,1.41875,-0.04289733864692531
0,66.3857,1.421875,-0.043172043704815206
0,66.3857,1.425,-0.04345037543919776
0,66.3857,1.428125,-0.04373240389110704
0,66.3857,1.43125,-0.04401820080482864
0,66.3857,1.434375,-0.04430783967654847
0,66.3857,1.4375,-0.04460139580456148
0,66.3857,1.440625,-0.04489894634109477
0,66.3857,1.44375,-0.04520057034580055
0,66.3857,1.446875,-0.045506348840976776
0,66.3857,1.45,-0.04581636486857546
0,66.3857,1.453125,-0.04613070354906029
0,66.3857,1.45625,-0.04644945214217795
0,66.3857,1.459375,-0.04677270010970899
0,66.3857,1.4625,-0.0471005391802673
0,66.3857,1.465625,-0.04743306341621874
0,66.3857,1.46875,-0.04777036928279233
0,66.3857,1.471875,-0.048112555719460035
0,66.3857,1.475,-0.04845972421366311
0,66.3857,1.478125,-0.04881197887696661
0,66.3857,1.48125,-0.04916942652372506
0,66.3857,1.484375,-0.04953217675234616
0,66.3857,1.4875,-0.04990034202924158
0,66.3857,1.490625,-0.050274037775557105
0,66.3857,1.49375,-0.050653382456776766
0,66.3857,1.496875,-0.051038497675299624
0,66.3857,1.5,-0.05142950826608934
0,66.3857,1.503125,-0.05182654239550159
0,66.3857,1.50625,-0.05222973166339571
0,66.3857,1.509375,-0.05263921120864142
0,66.3857,1.5125000000000002,-0.05305511981813418
0,66.3857,1.515625,-0.05347760003943511
0,66.3857,1.51875,-0.05390679829715667
0,66.3857,1.521875,-0.05434286501321578
0,66.3857,1.525,-0.054785954731081485
0,66.3857,1.5281250000000002,-0.05523622624414628
0,66.3857,1.53125,-0.055693842728352816
0,66.3857,1.534375,-0.05615897187921285
0,66.3857,1.5375,-0.05663178605335477
0,66.3857,1.540625,-0.05711246241474201
0,66.3857,1.5437500000000002,-0.05760118308570583
0,66.3857,1.546875,-0.05809813530293754
0,66.3857,1.55,-0.0586035115785897
0,66.3857,1.553125,-0.05911750986663525
0,66.3857,1.55625,-0.05964033373463702
0,66.3857,1.5593750000000002,-0.060172192541080485
0,66.3857,1.5625,-0.060713301618423164
0,66.3857,1.565625,-0.06126388246201588
0,66.3857,1.56875,-0.06182416292504868
0,66.3857,1.571875,-0.06239437741967546
0,66.3857,1.5750000000000002,-0.06297476712446906
0,66.3857,1.578125,-0.0635655801983551
0,66.3857,1.58125,-0.06416707200117246
0,66.3857,1.584375,-0.06477950532100002
0,66.3857,1.5875,-0.06540315060838789
0,66.3857,1.5906250000000002,-0.06603828621762196
0,66.3857,1.59375,-0.06668519865514208
0,66.3857,1.596875,-0.06734418283522779
0,66.3857,1.6,-0.06801554234304844
0,66.3857,1.603125,-0.06869958970516554
0,66.3857,1.6062500000000002,-0.06939664666755699
0,66.3857,1.609375,-0.07010704448121283
0,66.3857,1.6125,-0.07083112419533469
0,66.3857,1.615625,-0.07156923695814163
0,66.3857,1.61875,-0.07232174432526056
0,66.3857,1.6218750000000002,-0.07308901857564606
0,66.3857,1.625,-0.07387144303493676
0,66.3857,1.628125,-0.07466941240611763
0,66.3857,1.63125,-0.0754833331073067
0,66.3857,1.634375,-0.07631362361643627
0,66.3857,1.6375000000000002,-0.07716071482253786
0,66.3857,1.640625,-0.0780250503832736
0,66.3857,1.64375,-0.07890708708828659
0,66.3857,1.646875,-0.07980729522785451
0,66.3857,1.65,-0.08072615896624463
0,66.3857,1.6531250000000002,-0.08166417671906219
0,66.3857,1.65625,-0.08262186153377046
0,66.3857,1.659375,-0.08359974147243684
0,66.3857,1.6625,-0.08459835999561408
0,66.3857,1.665625,-0.08561827634611421
0,66.3857,1.6687500000000002,-0.08666006593125813
0,66.3857,1.671875,-0.08772432070199158
0,66.3857,1.675,-0.08881164952705198
0,66.3857,1.678125,-0.08992267856013114
0,66.3857,1.68125,-0.0910580515977292
0,66.3857,1.6843750000000002,-0.09221843042510824
0,66.3857,1.6875,-0.09340449514744335
0,66.3857,1.690625,-0.09461694450293237
0,66.3857,1.69375,-0.09585649615424258
0,66.3857,1.696875,-0.09712388695427038
0,66.3857,1.7000000000000002,-0.09841987318173467
0,66.3857,1.703125,-0.0997452307416328
0,66.3857,1.70625,-0.101100755325056
0,66.3857,1.709375,-0.10248726252226605
0,66.3857,1.7125,-0.10390558788230511
0,66.3857,1.7156250000000002,-0.10535658691171092
0,66.3857,1.71875,-0.10684113500415426
0,66.3857,1.721875,-0.10836012729200489
0,66.3857,1.725,-0.10991447840993565
0,66.3857,1.728125,-0.11150512215972931
0,66.3857,1.7312500000000002,-0.11313301106441548
0,66.3857,1.734375,-0.11479911579875642
0,66.3857,1.7375,-0.11650442448191826
0,66.3857,1.740625,-0.11824994181688095
0,66.3857,1.74375,-0.12003668805979487
0,66.3857,1.7468750000000002,-0.1218656978010424
0,66.3857,1.75,-0.12373801853823585
0,66.3857,1.753125,-0.1256547090197786
0,66.3857,1.75625,-0.12761683733591425
0,66.3857,1.759375,-0.1296254787324353
0,66.3857,1.7625000000000002,-0.13168171312038388
0,66.3857,1.765625,-0.13378662225319107
0,66.3857,1.76875,-0.13594128654078358
0,66.3857,1.771875,-0.13814678146822623
0,66.3857,1.775,-0.14040417358453947
0,66.3857,1.7781250000000002,-0.14271451602541363
0,66.3857,1.78125,-0.14507884353170214
0,66.3857,1.784375,-0.14749816692386258
0,66.3857,1.7875,-0.14997346699094258
0,66.3857,1.790625,-0.1525056877514015
0,66.3857,1.7937500000000002,-0.15509572904202912
0,66.3857,1.796875,-0.15774443839059848
0,66.3857,1.8,-0.16045260212776535
0,66.3857,1.803125,-0.16322093569418247
0,66.3857,1.80625,-0.1660500731000199
0,66.3857,1.8093750000000002,-0.1689405554961639
0,66.3857,1.8125,-0.17189281881949547
0,66.3857,1.815625,-0.1749071804790206
0,66.3857,1.81875,-0.17798382505537746
0,66.3857,1.821875,-0.1811227889936713
0,66.3857,1.8250000000000002,-0.18432394427883347
0,66.3857,1.828125,-0.18758698109404778
0,66.3857,1.83125,-0.1909113894764721
0,66.3857,1.834375,-0.19429644000070426
0,66.3857,1.8375,-0.19774116353949248
0,66.3857,1.8406250000000002,-0.2012443301732233
0,66.3857,1.84375,-0.20480442734494209
0,66.3857,1.846875,-0.2084196373862226
0,66.3857,1.85,-0.21208781457110598
0,66.3857,1.853125,-0.21580646189065628
0,66.3857,1.8562500000000002,-0.2195727077792034
0,66.3857,1.859375,-0.223383283064875
0,66.3857,1.8625,-0.22723449846112204
0,66.3857,1.865625,-0.23112222296196883
0,66.3857,1.86875,-0.23504186355092224
0,66.3857,1.8718750000000002,-0.23898834668070923
0,66.3857,1.875,-0.24295610202700813
0,66.3857,1.878125,-0.24693904906249242
0,66.3857,1.88125,-0.2509305870358987
0,66.3857,1.884375,-0.25492358897239636
0,66.3857,1.8875000000000002,-0.25891040033382173
0,66.3857,1.890625,-0.26288284298781817
0,66.3857,1.89375,-0.26683222513091404
0,66.3857,1.896875,-0.2707493577893001
0,66.3857,1.9,-0.2746245784800261
0,66.3857,1.9031250000000002,-0.2784477825520672
0,66.3857,1.90625,-0.2822084626393508
0,66.3857,1.909375,-0.2858957565450574
0,66.3857,1.9125,-0.2894985037377763
0,66.3857,1.915625,-0.29300531047600303
0,66.3857,1.9187500000000002,-0.2964046233896378
0,66.3857,1.921875,-0.29968481113867795
0,66.3857,1.925,-0.30283425354466137
0,66.3857,1.928125,-0.30584143735547875
0,66.3857,1.93125,-0.3086950575662928
0,66.3857,1.9343750000000002,-0.3113841229868862
0,66.3857,1.9375,-0.3138980645282663
0,66.3857,1.940625,-0.3162268444887002
0,66.3857,1.94375,-0.3183610649614878
0,66.3857,1.946875,-0.3202920733732353
0,66.3857,1.9500000000000002,-0.32201206310046643
0,66.3857,1.953125,-0.32351416711082637
0,66.3857,1.95625,-0.32479254263728796
0,66.3857,1.959375,-0.3258424450213855
0,66.3857,1.9625,-0.3266602890533212
0,66.3857,1.9656250000000002,-0.3272436963883565
0,66.3857,1.96875,-0.3275915279227626
0,66.3857,1.971875,-0.3277039003584804
0,66.3857,1.975,-0.3275821865609678
0,66.3857,1.978125,-0.32722899970530755
0,66.3857,1.9812500000000002,-0.32664816159643506
0,66.3857,1.984375,-0.32584465592527057
0,66.3857,1.9875,-0.32482456756935896
0,66.3857,1.990625,-0.3235950093517327
0,66.3857,1.99375,-0.3221640379247732
0,66.3857,1.9968750000000002,-0.3205405606393065
0,66.3857,2.0,-0.31873423538851414
0,66.3857,2.003125,-0.3167553654801107
0,66.3857,2.00625,-0.31461479159029526
0,66.3857,2.0093750000000004,-0.3123237827935574
0,66.3857,2.0125,-0.3098939285501506
0,66.3857,2.015625,-0.30733703337625323
0,66.3857,2.01875,-0.30466501572997723
0,66.3857,2.021875,-0.30188981242941487
0,66.3857,2.0250000000000004,-0.29902328968680114
0,66.3857,2.028125,-0.2960771616050054
0,66.3857,2.03125,-0.29306291674748536
0,66.3857,2.034375,-0.28999175316785364
0,66.3857,2.0375,-0.2868745220762552
0,66.3857,2.0406250000000004,-0.28372168013137666
0,66.3857,2.04375,-0.2805432501821464
0,66.3857,2.046875,-0.2773487901438148
0,66.3857,2.05,-0.27414736957965063
0,66.3857,2.053125,-0.27094755347147836
0,66.3857,2.0562500000000004,-0.2677573925984422
0,66.3857,2.059375,-0.2645844199017629
0,66.3857,2.0625,-0.2614356521915395
0,66.3857,2.065625,-0.25831759654721814
0,66.3857,2.06875,-0.25523626077348327
0,66.3857,2.0718750000000004,-0.252197167295368
0,66.3857,2.075,-0.2492053699077083
0,66.3857,2.078125,-0.24626547283233868
0,66.3857,2.08125,-0.24338165157946978
0,66.3857,2.084375,-0.24055767515561782
0,66.3857,2.0875000000000004,-0.2377969292076921
0,66.3857,2.090625,-0.23510243974002268
0,66.3857,2.09375,-0.23247689708718325
0,66.3857,2.096875,-0.2299226798695912
0,66.3857,2.1,-0.22744187870042284
0,66.3857,2.1031250000000004,-0.2250363194509698
0,66.3857,2.10625,-0.222707585916882
0,66.3857,2.109375,-0.22045704175969905
0,66.3857,2.1125,-0.21828585162661449
0,66.3857,2.115625,-0.21619500137662276
0,66.3857,2.1187500000000004,-0.21418531736320132
0,66.3857,2.121875,-0.21225748474263864
0,66.3857,2.125,-0.21041206479325808
0,66.3857,2.128125,-0.20864951124432202
0,66.3857,2.13125,-0.20697018562456196
0,66.3857,2.1343750000000004,-0.20537437164932004
0,66.3857,2.1375,-0.20386228867241102
0,66.3857,2.140625,-0.2024341042342626
0,66.3857,2.14375,-0.20108994574185624
0,66.3857,2.146875,-0.19982991131865804
0,66.3857,2.1500000000000004,-0.19865407986428799
0,66.3857,2.153125,-0.19756252036425637
0,66.3857,2.15625,-0.1965553004898577
0,66.3857,2.159375,-0.19563249452735534
0,66.3857,2.1625,-0.19479419067402615
0,66.3857,2.1656250000000004,-0.19404049773655035
0,66.3857,2.16875,-0.19337155126469185
0,66.3857,2.171875,-0.1927875191502857
0,66.3857,2.175,-0.1922886067182697
0,66.3857,2.178125,-0.1918750613329009
0,66.3857,2.1812500000000004,-0.1915471765384145
0,66.3857,2.184375,-0.1913052957492135
0,66.3857,2.1875,-0.1911498155002402
0,66.3857,2.190625,-0.1910811882634607
0,66.3857,2.19375,-0.19109992483138755
0,66.3857,2.1968750000000004,-0.19120659626325565
0,66.3857,2.2,-0.1914018353838286
0,66.3857,2.203125,-0.1916863378188255
0,66.3857,2.20625,-0.19206086254458668
0,66.3857,2.209375,-0.19252623192281781
0,66.3857,2.2125000000000004,-0.19308333118402135
0,66.3857,2.215625,-0.19373310731552562
0,66.3857,2.21875,-0.19447656730180818
0,66.3857,2.221875,-0.19531477565607114
0,66.3857,2.225,-0.1962488511727366
0,66.3857,2.2281250000000004,-0.19727996282067933
0,66.3857,2.23125,-0.19840932468661596
0,66.3857,2.234375,-0.19963818986714235
0,66.3857,2.2375,-0.20096784319649935
0,66.3857,2.240625,-0.20239959268534327
0,66.3857,2.2437500000000004,-0.2039347595337001
0,66.3857,2.246875,-0.20557466656906917
0,66.3857,2.25,-0.207320624948526
0,66.3857,2.253125,-0.209173918951942
0,66.3857,2.25625,-0.21113578868247534
0,66.3857,2.2593750000000004,-0.21320741048074188
0,66.3857,2.2625,-0.21538987485114314
0,66.3857,2.265625,-0.2176841616934126
0,66.3857,2.26875,-0.2200911126303937
0,66.3857,2.271875,-0.22261140022541687
0,66.3857,2.2750000000000004,-0.22524549389056922
0,66.3857,2.278125,-0.22799362230206052
0,66.3857,2.28125,-0.23085573216233524
0,66.3857,2.284375,-0.233831443182348
0,66.3857,2.2875,-0.23691999920346388
0,66.3857,2.2906250000000004,-0.2401202154388296
0,66.3857,2.29375,-0.2434304218910282
0,66.3857,2.296875,-0.24684840309854078
0,66.3857,2.3,-0.25037133448015814
0,66.3857,2.303125,-0.2539957156858923
0,66.3857,2.3062500000000004,-0.2577173015265856
0,66.3857,2.309375,-0.2615310312431292
0,66.3857,2.3125,-0.26543095708982095
0,66.3857,2.315625,-0.26941017344348894
0,66.3857,2.31875,-0.2734607479075265
0,66.3857,2.3218750000000004,-0.2775736561527538
0,66.3857,2.325,-0.2817387225175232
0,66.3857,2.328125,-0.2859445686673096
0,66.3857,2.33125,-0.2901785728757729
0,66.3857,2.334375,-0.29442684271832814
0,66.3857,2.3375000000000004,-0.298674204145891
0,66.3857,2.340625,-0.3029042100083087
0,66.3857,2.34375,-0.3070991710996967
0,66.3857,2.346875,-0.3112402126764455
0,66.3857,2.35,-0.3153073591289677
0,66.3857,2.3531250000000004,-0.3192796490493002
0,66.3857,2.35625,-0.3231352823131908
0,66.3857,2.359375,-0.3268517999803603
0,66.3857,2.3625,-0.3304062968147376
0,66.3857,2.365625,-0.3337756650559036
0,66.3857,2.3687500000000004,-0.3369368667678209
0,66.3857,2.371875,-0.33986723070185043
0,66.3857,2.375,-0.342544768204623
0,66.3857,2.378125,-0.344948501357651
0,66.3857,2.38125,-0.3470587953438535
0,66.3857,2.3843750000000004,-0.3488576860885731
0,66.3857,2.3875,-0.35032919360666875
0,66.3857,2.390625,-0.3514596112770938
0,66.3857,2.39375,-0.3522377615146934
0,66.3857,2.396875,-0.3526552090395856
0,66.3857,2.4000000000000004,-0.3527064241472889
0,66.3857,2.403125,-0.3523888900116954
0,66.3857,2.40625,-0.3517031500276847
0,66.3857,2.409375,-0.35065279341131417
0,66.3857,2.4125,-0.34924437959343246
0,66.3857,2.4156250000000004,-0.3474873042282816
0,66.3857,2.41875,-0.34539361175600813
0,66.3857,2.421875,-0.34297776128546403
0,66.3857,2.425,-0.3402563540043481
0,66.3857,2.428125,-0.3372478313126295
0,66.3857,2.4312500000000004,-0.3339721533828215
0,66.3857,2.434375,-0.3304504678829927
0,66.3857,2.4375,-0.32670477819330046
0,66.3857,2.440625,-0.32275761966790467
0,66.3857,2.44375,-0.3186317514227573
0,66.3857,2.4468750000000004,-0.31434986985663754
0,66.3857,2.45,-0.3099343487295671
0,66.3857,2.453125,-0.305407009215101
0,66.3857,2.45625,-0.30078892198523327
0,66.3857,2.459375,-0.2961002421381949
0,66.3857,2.4625000000000004,-0.29136007668332026
0,66.3857,2.465625,-0.2865863833799813
0,66.3857,2.46875,-0.2817958990010489
0,66.3857,2.471875,-0.27700409455428565
0,66.3857,2.475,-0.27222515463639185
0,66.3857,2.4781250000000004,-0.26747197789588634
0,66.3857,2.48125,-0.2627561955198383
0,66.3857,2.484375,-0.25808820471097577
0,66.3857,2.4875,-0.2534772142609374
0,66.3857,2.490625,-0.24893129952887028
0,66.3857,2.4937500000000004,-0.24445746438099814
0,66.3857,2.496875,-0.24006170791784415
0,66.3857,2.5,-0.2357490940963855
0,66.3857,2.503125,-0.2315238226325298
0,66.3857,2.50625,-0.22738929983588554
0,66.3857,2.5093750000000004,-0.22334820827749968
0,66.3857,2.5125,-0.21940257441786204
0,66.3857,2.515625,-0.21555383352481544
0,66.3857,2.51875,-0.21180289138823016
0,66.3857,2.521875,-0.20815018249074346
0,66.3857,2.5250000000000004,-0.2045957244226935
0,66.3857,2.528125,-0.20113916843624147
0,66.3857,2.53125,-0.1977798461206395
0,66.3857,2.534375,-0.19451681224981937
0,66.3857,2.5375,-0.1913488839071674
0,66.3857,2.5406250000000004,-0.18827467603269582
0,66.3857,2.54375,-0.18529263356682185
0,66.3857,2.546875,-0.1824010603845215
0,66.3857,2.55,-0.17959814522540676
0,66.3857,2.553125,-0.17688198483076403
0,66.3857,2.5562500000000004,-0.17425060449911534
0,66.3857,2.559375,-0.17170197626850223
0,66.3857,2.5625,-0.16923403492741626
0,66.3857,2.565625,-0.1668446920478872
0,66.3857,2.56875,-0.16453184822433214
0,66.3857,2.5718750000000004,-0.1622934036909207
0,66.3857,2.575,-0.16012726747882022
0,66.3857,2.578125,-0.15803136526310643
0,66.3857,2.58125,-0.15600364603761177
0,66.3857,2.584375,-0.15404208774472017
0,66.3857,2.5875000000000004,-0.15214470197627616
0,66.3857,2.590625,-0.15030953785142517
0,66.3857,2.59375,-0.14853468516743842
0,66.3857,2.596875,-0.14681827691042051
0,66.3857,2.6,-0.14515849120427138
0,66.3857,2.6031250000000004,-0.14355355276839393
0,66.3857,2.60625,-0.14200173394736784
0,66.3857,2.609375,-0.1405013553691577
0,66.3857,2.6125,-0.13905078628234133
0,66.3857,2.615625,-0.13764844461730874
0,66.3857,2.6187500000000004,-0.13629279681136736
0,66.3857,2.621875,-0.1349823574331467
0,66.3857,2.625,-0.13371568863760455
0,66.3857,2.628125,-0.13249139947925176
0,66.3857,2.63125,-0.1313081451079034
0,66.3857,2.6343750000000004,-0.1301646258683034
0,66.3857,2.6375,-0.12905958632231765
0,66.3857,2.640625,-0.12799181421002795
0,66.3857,2.64375,-0.12696013936395334
0,66.3857,2.646875,-0.12596343258874865
0,66.3857,2.6500000000000004,-0.12500060451707212
0,66.3857,2.653125,-0.12407060445083579
0,66.3857,2.65625,-0.1231724191957512
0,66.3857,2.659375,-0.12230507189593161
0,66.3857,2.6625,-0.12146762087429319
0,66.3857,2.6656250000000004,-0.12065915848360775
0,66.3857,2.66875,-0.11987880997227131
0,66.3857,2.671875,-0.11912573236816446
0,66.3857,2.675,-0.11839911338338069
0,66.3857,2.678125,-0.11769817034206709
0,66.3857,2.6812500000000004,-0.11702214913316858
0,66.3857,2.684375,-0.1163703231894644
0,66.3857,2.6875,-0.11574199249394154
0,66.3857,2.690625,-0.11513648261425292
0,66.3857,2.69375,-0.11455314376574786
0,66.3857,2.6968750000000004,-0.11399134990334434
0,66.3857,2.7,-0.11345049784232367
0,66.3857,2.703125,-0.11293000640796784
0,66.3857,2.70625,-0.11242931561382567
0,66.3857,2.709375,-0.11194788586827896
0,66.3857,2.7125000000000004,-0.11148519720898778
0,66.3857,2.715625,-0.11104074856471417
0,66.3857,2.71875,-0.11061405704396188
0,66.3857,2.721875,-0.11020465724981905
0,66.3857,2.725,-0.10981210062035121
0,66.3857,2.7281250000000004,-0.10943595479386159
0,66.3857,2.73125,-0.10907580299831383
0,66.3857,2.734375,-0.10873124346419963
0,66.3857,2.7375,-0.10840188886012089
0,66.3857,2.740625,-0.10808736575035681
0,66.3857,2.7437500000000004,-0.10778731407368475
0,66.3857,2.746875,-0.10750138664272829
0,66.3857,2.75,-0.10722924866311487
0,66.3857,2.753125,-0.10697057727173434
0,66.3857,2.75625,-0.10672506109340292
0,66.3857,2.7593750000000004,-0.10649239981525133
0,66.3857,2.7625,-0.10627230377816954
0,66.3857,2.765625,-0.10606449358466101
0,66.3857,2.76875,-0.10586869972247245
0,66.3857,2.771875,-0.10568466220338611
0,66.3857,2.7750000000000004,-0.10551213021657882
0,66.3857,2.778125,-0.10535086179597179
0,66.3857,2.78125,-0.10520062350101222
0,66.3857,2.784375,-0.10506119011034912
0,66.3857,2.7875,-0.10493234432788227
0,66.3857,2.7906250000000004,-0.1048138765006832
0,66.3857,2.79375,-0.10470558434830488
0,66.3857,2.796875,-0.10460727270301512
0,66.3857,2.8,-0.10451875326050519
0,66.3857,2.803125,-0.1044398443406458
0,66.3857,2.8062500000000004,-0.10437037065787286
0,66.3857,2.809375,-0.10431016310081107
0,66.3857,2.8125,-0.1042590585207488
0,66.3857,2.815625,-0.10421689952860325
0,66.3857,2.81875,-0.10418353430002139
0,66.3857,2.8218750000000004,-0.10415881638828249
0,66.3857,2.825,-0.10414260454467832
0,66.3857,2.828125,-0.10413476254606348
0,66.3857,2.83125,-0.10413515902927752
0,66.3857,2.834375,-0.10414366733215787
0,66.3857,2.8375000000000004,-0.1041601653408699
0,66.3857,2.840625,-0.10418453534329498
0,66.3857,2.84375,-0.1042166638882275
0,66.3857,2.846875,-0.10425644165014213
0,66.3857,2.85,-0.10430376329930408
0,66.3857,2.8531250000000004,-0.10435852737700278
0,66.3857,2.85625,-0.10442063617570142
0,66.3857,2.859375,-0.10448999562390177
0,66.3857,2.8625,-0.1045665151755333
0,66.3857,2.865625,-0.1046501077036832
0,66.3857,2.8687500000000004,-0.10474068939849339
0,66.3857,2.871875,-0.10483817966905591
0,66.3857,2.875,-0.10494250104914726
0,66.3857,2.878125,-0.10505357910664807
0,66.3857,2.88125,-0.10517134235650204
0,66.3857,2.8843750000000004,-0.10529572217707373
0,66.3857,2.8875,-0.10542665272977081
0,66.3857,2.890625,-0.1055640708818031
0,66.3857,2.89375,-0.10570791613195477
0,66.3857,2.896875,-0.10585813053925415
0,66.3857,2.9000000000000004,-0.10601465865442618
0,66.3857,2.903125,-0.10617744745402277
0,66.3857,2.90625,-0.10634644627712625
0,66.3857,2.909375,-0.10652160676452888
0,66.3857,2.9125,-0.10670288280029419
0,66.3857,2.9156250000000004,-0.106890230455609
0,66.3857,2.91875,-0.10708360793484178
0,66.3857,2.921875,-0.10728297552372396
0,66.3857,2.925,-0.10748829553957492
0,66.3857,2.928125,-0.10769953228349677
0,66.3857,2.9312500000000004,-0.10791665199446496
0,66.3857,2.934375,-0.10813962280524707
0,66.3857,2.9375,-0.10836841470008288
0,66.3857,2.940625,-0.10860299947406274
0,66.3857,2.94375,-0.10884335069414393
0,66.3857,2.9468750000000004,-0.10908944366174612
0,66.3857,2.95,-0.10934125537687253
0,66.3857,2.953125,-0.109598764503701
0,66.3857,2.95625,-0.10986195133759696
0,66.3857,2.959375,-0.11013079777349713
0,66.3857,2.9625000000000004,-0.11040528727562009
0,66.3857,2.965625,-0.11068540484845638
0,66.3857,2.96875,-0.1109711370089987
0,66.3857,2.971875,-0.1112624717601682
0,66.3857,2.975,-0.11155939856540067
0,66.3857,2.9781250000000004,-0.11186190832435329
0,66.3857,2.98125,-0.11216999334969785
0,66.3857,2.984375,-0.11248364734496488
0,66.3857,2.9875,-0.11280286538340732
0,66.3857,2.990625,-0.1131276438878511
0,66.3857,2.9937500000000004,-0.11345798061150422
0,66.3857,2.996875,-0.11379387461969478
0,66.3857,3.0,-0.11413532627251058
0,66.3857,3.0031250000000003,-0.11448233720831558
0,66.3857,3.00625,-0.11483491032811573
0,66.3857,3.009375,-0.11519304978075301
0,66.3857,3.0125,-0.11555676094890327
0,66.3857,3.015625,-0.11592605043585623
0,66.3857,3.0187500000000003,-0.1163009260530579
0,66.3857,3.021875,-0.11668139680839414
0,66.3857,3.025,-0.117067472895198
0,66.3857,3.028125,-0.11745916568196128
0,66.3857,3.03125,-0.1178564877027338
0,66.3857,3.0343750000000003,-0.11825945264819526
0,66.3857,3.0375,-0.11866807535738114
0,66.3857,3.040625,-0.11908237181005102
0,66.3857,3.04375,-0.11950235911968275
0,66.3857,3.046875,-0.11992805552708048
0,66.3857,3.0500000000000003,-0.12035948039458344
0,66.3857,3.053125,-0.12079665420086293
0,66.3857,3.05625,-0.12123959853629661
0,66.3857,3.059375,-0.12168833609890943
0,66.3857,3.0625,-0.12214289069086989
0,66.3857,3.0656250000000003,-0.1226032872155332
0,66.3857,3.06875,-0.12306955167502132
0,66.3857,3.071875,-0.12354171116833162
0,66.3857,3.075,-0.1240197938899667
0,66.3857,3.078125,-0.12450382912907562
0,66.3857,3.0812500000000003,-0.12499384726910277
0,66.3857,3.084375,-0.12548987978793458
0,66.3857,3.0875,-0.12599195925853993
0,66.3857,3.090625,-0.12650011935009753
0,66.3857,3.09375,-0.1270143948296059
0,66.3857,3.0968750000000003,-0.12753482156397006
0,66.3857,3.1,-0.12806143652256038
0,66.3857,3.103125,-0.12859427778024182
0,66.3857,3.10625,-0.1291333845208668
0,66.3857,3.109375,-0.12967879704122956
0,66.3857,3.1125000000000003,-0.13023055675548134
0,66.3857,3.115625,-0.13078870619999927
0,66.3857,3.11875,-0.1313532890387121
0,66.3857,3.121875,-0.1319243500688764
0,66.3857,3.125,-0.13250193522730427
0,66.3857,3.1281250000000003,-0.13308609159704132
0,66.3857,3.13125,-0.13367686741449308
0,66.3857,3.134375,-0.13427431207700016
0,66.3857,3.1375,-0.1348784761508625
0,66.3857,3.140625,-0.13548941137981033
0,66.3857,3.1437500000000003,-0.1361071706939273
0,66.3857,3.146875,-0.13673180821902037
0,66.3857,3.15,-0.13736337928644307
0,66.3857,3.153125,-0.1380019404433706
0,66.3857,3.15625,-0.13864754946352834
0,66.3857,3.1593750000000003,-0.13930026535837875
0,66.3857,3.1625,-0.13996014838876436
0,66.3857,3.165625,-0.1406272600770143
0,66.3857,3.16875,-0.14130166321951426
0,66.3857,3.171875,-0.14198342189974303
0,66.3857,3.1750000000000003,-0.14267260150178232
0,66.3857,3.178125,-0.14336926872429911
0,66.3857,3.18125,-0.1440734915950087
0,66.3857,3.184375,-0.14478533948562136
0,66.3857,3.1875,-0.1455048831272745
0,66.3857,3.1906250000000003,-0.14623219462646234
0,66.3857,3.19375,-0.1469673474814607
0,66.3857,3.196875,-0.1477104165992579
0,66.3857,3.2,-0.14846147831299475
0,66.3857,3.203125,-0.14922061039992152
0,66.3857,3.2062500000000003,-0.1499878920998783
0,66.3857,3.209375,-0.15076340413430367
0,66.3857,3.2125,-0.15154722872578238
0,66.3857,3.215625,-0.15233944961813642
0,66.3857,3.21875,-0.15314015209706774
0,66.3857,3.2218750000000003,-0.1539494230113638
0,66.3857,3.225,-0.15476735079466908
0,66.3857,3.228125,-0.15559402548783716
0,66.3857,3.23125,-0.15642953876186824
0,66.3857,3.234375,-0.15727398394144315
0,66.3857,3.2375000000000003,-0.15812745602906406
0,66.3857,3.240625,-0.15899005172981184
0,66.3857,3.24375,-0.15986186947673017
0,66.3857,3.246875,-0.16074300945684777
0,66.3857,3.25,-0.16163357363785005
0,66.3857,3.2531250000000003,-0.1625336657954121
0,66.3857,3.25625,-0.16344339154120358
0,66.3857,3.259375,-0.1643628583515818
0,66.3857,3.2625,-0.1652921755969805
0,66.3857,3.265625,-0.16623145457201197
0,66.3857,3.2687500000000003,-0.16718080852629572
0,66.3857,3.271875,-0.16814035269602418
0,66.3857,3.275,-0.16911020433628632
0,66.3857,3.278125,-0.17009048275415822
0,66.3857,3.28125,-0.17108130934257854
0,66.3857,3.2843750000000003,-0.17208280761502873
0,66.3857,3.2875,-0.17309510324102576
0,66.3857,3.290625,-0.17411832408245395
0,66.3857,3.29375,-0.17515260023074647
0,66.3857,3.296875,-0.1761980640449374
0,66.3857,3.3000000000000003,-0.17725485019060497
0,66.3857,3.303125,-0.1783230956797192
0,66.3857,3.30625,-0.17940293991142137
0,66.3857,3.309375,-0.18049452471374935
0,66.3857,3.3125,-0.18159799438633173
0,66.3857,3.3156250000000003,-0.18271349574407578
0,66.3857,3.31875,-0.18384117816186452
0,66.3857,3.321875,-0.18498119362029347
0,66.3857,3.325,-0.18613369675246438
0,66.3857,3.328125,-0.18729884489186321
0,66.3857,3.3312500000000003,-0.18847679812134885
0,66.3857,3.334375,-0.18966771932327325
0,66.3857,3.3375,-0.19087177423076604
0,66.3857,3.340625,-0.19208913148020493
0,66.3857,3.34375,-0.193319962664904
0,66.3857,3.3468750000000003,-0.194564442390048
0,66.3857,3.35,-0.19582274832889968
0,66.3857,3.353125,-0.19709506128031765
0,66.3857,3.35625,-0.19838156522760783
0,66.3857,3.359375,-0.1996824473987466
0,66.3857,3.3625000000000003,-0.20099789832801077
0,66.3857,3.365625,-0.2023281119190422
0,66.3857,3.36875,-0.2036732855093912
0,66.3857,3.371875,-0.20503361993656785
0,66.3857,3.375,-0.2064093196056446
0,66.3857,3.3781250000000003,-0.20780059255844804
0,66.3857,3.38125,-0.20920765054437704
0,66.3857,3.384375,-0.21063070909289477
0,66.3857,3.3875,-0.21206998758773196
0,66.3857,3.390625,-0.21352570934284726
0,66.3857,3.3937500000000003,-0.21499810168019481
0,66.3857,3.396875,-0.2164873960093382
0,66.3857,3.4000000000000004,-0.21799382790896657
0,66.3857,3.403125,-0.21951763721035789
0,66.3857,3.40625,-0.22105906808284648
0,66.3857,3.4093750000000003,-0.2226183691213433
0,66.3857,3.4125,-0.2241957934359655
0,66.3857,3.4156250000000004,-0.22579159874383675
0,66.3857,3.41875,-0.22740604746310916
0,66.3857,3.421875,-0.22903940680927634
0,66.3857,3.4250000000000003,-0.23069194889383396
0,66.3857,3.428125,-0.23236395082535496
0,66.3857,3.4312500000000004,-0.23405569481305
0,66.3857,3.434375,-0.23576746827287473
0,66.3857,3.4375,-0.23749956393626664
0,66.3857,3.4406250000000003,-0.2392522799615744
0,66.3857,3.44375,-0.24102592004826423
0,66.3857,3.4468750000000004,-0.24282079355398206
0,66.3857,3.45,-0.2446372156145483
0,66.3857,3.453125,-0.24647550726697817
0,66.3857,3.4562500000000003,-0.24833599557561065
0,66.3857,3.459375,-0.2502190137614354
0,66.3857,3.4625000000000004,-0.2521249013347217
0,66.3857,3.465625,-0.25405400423103375
0,66.3857,3.46875,-0.2560066749507455
0,66.3857,3.4718750000000003,-0.2579832727021545
0,66.3857,3.475,-0.2599841635483
0,66.3857,3.4781250000000004,-0.2620097205576104
0,66.3857,3.48125,-0.26406032395847934
0,66.3857,3.484375,-0.2661363612979085
0,66.3857,3.4875000000000003,-0.2682382276043327
0,66.3857,3.490625,-0.27036632555475576
0,66.3857,3.4937500000000004,-0.2725210656463442
0,66.3857,3.496875,-0.274702866372604
0,66.3857,3.5,-0.2769121544042963
0,66.3857,3.5031250000000003,-0.2791493647752386
0,66.3857,3.50625,-0.28141494107314585
0,66.3857,3.5093750000000004,-0.28370933563567957
0,66.3857,3.5125,-0.2860330097518666
0,66.3857,3.515625,-0.28838643386906876
0,66.3857,3.5187500000000003,-0.29077008780567876
0,66.3857,3.521875,-0.29318446096973394
0,66.3857,3.5250000000000004,-0.2956300525836431
0,66.3857,3.528125,-0.29810737191522896
0,66.3857,3.53125,-0.3006169385152961
0,66.3857,3.5343750000000003,-0.30315928246194374
0,66.3857,3.5375,-0.3057349446118496
0,66.3857,3.5406250000000004,-0.30834447685876193
0,66.3857,3.54375,-0.3109884423994413
0,66.3857,3.546875,-0.3136674160073118
0,66.3857,3.5500000000000003,-0.3163819843140758
0,66.3857,3.553125,-0.3191327460995771
0,66.3857,3.5562500000000004,-0.32192031259018733
0,66.3857,3.559375,-0.3247453077660136
0,66.3857,3.5625,-0.32760836867723564
0,66.3857,3.5656250000000003,-0.3305101457698861
0,66.3857,3.56875,-0.33345130322140143
0,66.3857,3.5718750000000004,-0.3364325192862943
0,66.3857,3.575,-0.3394544866522873
0,66.3857,3.578125,-0.3425179128072888
0,66.3857,3.5812500000000003,-0.3456235204175829
0,66.3857,3.584375,-0.34877204771762627
0,66.3857,3.5875000000000004,-0.35196424891187417
0,66.3857,3.590625,-0.35520089458903736
0,66.3857,3.59375,-0.35848277214922986
0,66.3857,3.5968750000000003,-0.36181068624444385
0,66.3857,3.6,-0.3651854592328299
0,66.3857,3.6031250000000004,-0.3686079316472698
0,66.3857,3.60625,-0.3720789626787322
0,66.3857,3.609375,-0.37559943067494483
0,66.3857,3.6125000000000003,-0.37917023365490704
0,66.3857,3.615625,-0.38279228983979696
0,66.3857,3.6187500000000004,-0.3864665382008537
0,66.3857,3.621875,-0.390193939024806
0,66.3857,3.625,-0.39397547449747006
0,66.3857,3.6281250000000003,-0.3978121493061272
0,66.3857,3.63125,-0.40170499126132986
0,66.3857,3.6343750000000004,-0.4056550519388002
0,66.3857,3.6375,-0.4096634073420878
0,66.3857,3.640625,-0.41373115858669596
0,66.3857,3.6437500000000003,-0.41785943260638314
0,66.3857,3.646875,-0.4220493828823734
0,66.3857,3.6500000000000004,-0.4263021901962299
0,66.3857,3.653125,-0.4306190634071489
0,66.3857,3.65625,-0.43500124025447157
0,66.3857,3.6593750000000003,-0.4394499881861987
0,66.3857,3.6625,-0.44396660521433334
0,66.3857,3.6656250000000004,-0.4485524207978809
0,66.3857,3.66875,-0.4532087967543411
0,66.3857,3.671875,-0.45793712820056814
0,66.3857,3.6750000000000003,-0.4627388445238469
0,66.3857,3.678125,-0.4676154103840756
0,66.3857,3.6812500000000004,-0.47256832674795796
0,66.3857,3.684375,-0.4775991319560712
0,66.3857,3.6875,-0.48270940282375596
0,66.3857,3.6906250000000003,-0.4879007557767055
0,66.3857,3.69375,-0.4931748480221898
0,66.3857,3.6968750000000004,-0.498533378756835
0,66.3857,3.7,-0.5039780904118593
0,66.3857,3.703125,-0.5095107699367111
0,66.3857,3.7062500000000003,-0.5151332501220076
0,66.3857,3.709375,-0.520847410962691
0,66.3857,3.7125000000000004,-0.5266551810623278
0,66.3857,3.715625,-0.5325585390794273
0,66.3857,3.71875,-0.5385595152167033
0,66.3857,3.7218750000000003,-0.544660192754143
0,66.3857,3.725,-0.5508627096267682
0,66.3857,3.7281250000000004,-0.5571692600479763
0,66.3857,3.73125,-0.563582096179276
0,66.3857,3.734375,-0.5701035298473182
0,66.3857,3.7375000000000003,-0.5767359343090186
0,66.3857,3.740625,-0.5834817460656276
0,66.3857,3.7437500000000004,-0.5903434667265777
0,66.3857,3.746875,-0.5973236649239039
0,66.3857,3.75,-0.6044249782781024
0,66.3857,3.7531250000000003,-0.6116501154162166
0,66.3857,3.75625,-0.6190018580429981
0,66.3857,3.7593750000000004,-0.626483063066005
0,66.3857,3.7625,-0.6340966647754708
0,66.3857,3.765625,-0.6418456770798638
0,66.3857,3.7687500000000003,-0.6497331957980277
0,66.3857,3.771875,-0.657762401008866
0,66.3857,3.7750000000000004,-0.6659365594595757
0,66.3857,3.778125,-0.6742590270334249
0,66.3857,3.78125,-0.6827332512782089
0,66.3857,3.7843750000000003,-0.6913627739964644
0,66.3857,3.7875,-0.7001512338986409
0,66.3857,3.7906250000000004,-0.7091023693204349
0,66.3857,3.79375,-0.7182200210055031
0,66.3857,3.796875,-0.7275081349548126
0,66.3857,3.8000000000000003,-0.7369707653438247
0,66.3857,3.803125,-0.7466120775086617
0,66.3857,3.8062500000000004,-0.7564363510023183
0,66.3857,3.809375,-0.7664479827217305
0,66.3857,3.8125,-0.7766514901063383
0,66.3857,3.8156250000000003,-0.7870515144083334
0,66.3857,3.81875,-0.7976528240343225
0,66.3857,3.8218750000000004,-0.8084603179574928
0,66.3857,3.825,-0.8194790291984675
0,66.3857,3.828125,-0.8307141283720689
0,66.3857,3.8312500000000003,-0.8421709272957916
0,66.3857,3.834375,-0.8538548826542379
0,66.3857,3.8375000000000004,-0.8657715997118016
0,66.3857,3.840625,-0.8779268360635057
0,66.3857,3.84375,-0.8903265054111751
0,66.3857,3.8468750000000003,-0.9029766813488308
0,66.3857,3.85,-0.9158836011374085
0,66.3857,3.8531250000000004,-0.9290536694445785
0,66.3857,3.85625,-0.9424934620203713
0,66.3857,3.859375,-0.9562097292737747
0,66.3857,3.8625000000000003,-0.9702093997089914
0,66.3857,3.865625,-0.984499583173058
0,66.3857,3.8687500000000004,-0.9990875738586574
0,66.3857,3.871875,-1.01398085299729
0,66.3857,3.875,-1.0291870911687173
0,66.3857,3.8781250000000003,-1.0447141501423223
0,66.3857,3.88125,-1.0605700841552168
0,66.3857,3.8843750000000004,-1.0767631405203688
0,66.3857,3.8875,-1.0933017594456285
0,66.3857,3.890625,-1.1101945729318439
0,66.3857,3.8937500000000003,-1.1274504026046328
0,66.3857,3.896875,-1.1450782563206006
0,66.3857,3.9000000000000004,-1.163087323374436
0,66.3857,3.903125,-1.1814869681186095
0,66.3857,3.90625,-1.2002867217925894
0,66.3857,3.9093750000000003,-1.2194962723433274
0,66.3857,3.9125,-1.2391254520036417
0,66.3857,3.9156250000000004,-1.2591842223799452
0,66.3857,3.91875,-1.2796826567855304
0,66.3857,3.921875,-1.3006309195407004
0,66.3857,3.9250000000000003,-1.3220392419460696
0,66.3857,3.928125,-1.3439178946208272
0,66.3857,3.9312500000000004,-1.366277155883529
0,66.3857,3.934375,-1.3891272758391227
0,66.3857,3.9375,-1.412478435822882
0,66.3857,3.9406250000000003,-1.4363407028394735
0,66.3857,3.94375,-1.4607239786241455
0,66.3857,3.9468750000000004,-1.485637942943216
0,66.3857,3.95,-1.5110919907428164
0,66.3857,3.953125,-1.537095162749369
0,66.3857,3.9562500000000003,-1.5636560691223262
0,66.3857,3.959375,-1.5907828057609348
0,66.3857,3.9625000000000004,-1.618482862872558
0,66.3857,3.965625,-1.646763025421551
0,66.3857,3.96875,-1.675629265096542
0,66.3857,3.9718750000000003,-1.7050866234609243
0,66.3857,3.975,-1.7351390859886497
0,66.3857,3.9781250000000004,-1.7657894467364796
0,66.3857,3.98125,-1.7970391634663565
0,66.3857,3.984375,-1.828888203110112
0,66.3857,3.9875000000000003,-1.8613348775646614
0,66.3857,3.990625,-1.8943756699217729
0,66.3857,3.9937500000000004,-1.928005051374435
0,66.3857,3.996875,-1.962215289203329
0,66.3857,4.0,-1.9969962464346347
0,66.3857,4.003125000000001,-2.032335173974818
0,66.3857,4.00625,-2.068216496271233
0,66.3857,4.009375,-2.104621591819781
0,66.3857,4.0125,-2.141528570141415
0,66.3857,4.015625,-2.178912047179756
0,66.3857,4.018750000000001,-2.2167429214270955
0,66.3857,4.021875,-2.254988153466153
0,66.3857,4.025,-2.2936105520138304
0,66.3857,4.028125,-2.3325685699648617
0,66.3857,4.03125,-2.371816114352609
0,66.3857,4.034375000000001,-2.4113023745581406
0,66.3857,4.0375,-2.450971673499396
0,66.3857,4.040625,-2.4907633469038903
0,66.3857,4.04375,-2.5306116560950396
0,66.3857,4.046875,-2.570445739988176
0,66.3857,4.050000000000001,-2.6101896121737305
0,66.3857,4.053125,-2.6497622090436117
0,66.3857,4.05625,-2.6890774948670204
0,66.3857,4.059375,-2.72804462951964
0,66.3857,4.0625,-2.766568204194221
0,66.3857,4.065625000000001,-2.8045485498447826
0,66.3857,4.06875,-2.8418821223258566
0,66.3857,4.071875,-2.8784619671655585
0,66.3857,4.075,-2.914178265649037
0,66.3857,4.078125,-2.948918962390557
0,66.3857,4.081250000000001,-2.982570472845921
0,66.3857,4.084375,-3.0150184672900777
0,66.3857,4.0875,-3.046148725693048
0,66.3857,4.090625,-3.0758480557229073
0,66.3857,4.09375,-3.1040052638554436
0,66.3857,4.096875000000001,-3.130512167351744
0,66.3857,4.1,-3.1552646327695144
0,66.3857,4.103125,-3.1781636247947302
0,66.3857,4.10625,-3.199116247615371
0,66.3857,4.109375,-3.2180367599035913
0,66.3857,4.112500000000001,-3.234847543809482
0,66.3857,4.115625,-3.24948000826973
0,66.3857,4.11875,-3.2618754074449012
0,66.3857,4.121875,-3.2719855562419626
0,66.3857,4.125,-3.279773426647927
0,66.3857,4.128125000000001,-3.285213610956589
0,66.3857,4.13125,-3.288292640846172
0,66.3857,4.134375,-3.2890091545639377
0,66.3857,4.1375,-3.2873739080746143
0,66.3857,4.140625,-3.2834096297963042
0,66.3857,4.143750000000001,-3.2771507223329897
0,66.3857,4.146875,-3.2686428182700253
0,66.3857,4.15,-3.2579422004867316
0,66.3857,4.153125,-3.245115100433995
0,66.3857,4.15625,-3.2302368903198255
0,66.3857,4.159375000000001,-3.2133911870668794
0,66.3857,4.1625,-3.1946688872043882
0,66.3857,4.165625,-3.174167152518221
0,66.3857,4.16875,-3.1519883663199497
0,66.3857,4.171875,-3.1282390796493442
0,66.3857,4.175000000000001,-3.1030289656592087
0,66.3857,4.178125,-3.076469798926335
0,66.3857,4.18125,-3.048674474580705
0,66.3857,4.184375,-3.0197560800452368
0,66.3857,4.1875,-2.989827029926438
0,66.3857,4.190625000000001,-2.9589982722882207
0,66.3857,4.19375,-2.9273785722583097
0,66.3857,4.196875,-2.8950738767335373
0,66.3857,4.2,-2.862186761925681
0,66.3857,4.203125,-2.8288159636665386
0,66.3857,4.206250000000001,-2.7950559888025537
0,66.3857,4.209375,-2.7609968046697393
0,66.3857,4.2125,-2.726723602555397
0,66.3857,4.215625,-2.69231663021885
0,66.3857,4.21875,-2.657851087943544
0,66.3857,4.221875000000001,-2.623397082210245
0,66.3857,4.225,-2.5890196308888487
0,66.3857,4.228125,-2.554778713819013
0,66.3857,4.23125,-2.5207293627603757
0,66.3857,4.234375,-2.486921784911717
0,66.3857,4.237500000000001,-2.453401514502828
0,66.3857,4.240625,-2.420209587325709
0,66.3857,4.24375,-2.3873827334742423
0,66.3857,4.246875,-2.3549535839853752
0,66.3857,4.25,-2.322950887503098
0,66.3857,4.253125000000001,-2.2913997335103886
0,66.3857,4.25625,-2.2603217790811865
0,66.3857,4.259375,-2.229735476490037
0,66.3857,4.2625,-2.199656299376623
0,66.3857,4.265625,-2.170096965492052
0,66.3857,4.268750000000001,-2.1410676543555898
0,66.3857,4.271875,-2.1125762184221744
0,66.3857,4.275,-2.084628386605643
0,66.3857,4.278125,-2.0572279592223985
0,66.3857,4.28125,-2.030376993615791
0,66.3857,4.284375000000001,-2.0040759798981447
0,66.3857,4.2875,-1.9783240064049519
0,66.3857,4.290625,-1.9531189145980419
0,66.3857,4.29375,-1.9284574432834574
0,66.3857,4.296875,-1.9043353621254098
0,66.3857,4.300000000000001,-1.8807475945433465
0,66.3857,4.303125,-1.8576883301733693
0,66.3857,4.30625,-1.8351511271596739
0,66.3857,4.309375,-1.8131290046164028
0,66.3857,4.3125,-1.791614525663822
0,66.3857,4.315625000000001,-1.770599871497093
0,66.3857,4.31875,-1.7500769069886428
0,66.3857,4.321875,-1.730037238357595
0,66.3857,4.325,-1.7104722634617442
0,66.3857,4.328125,-1.6913732152784955
0,66.3857,4.331250000000001,-1.672731199143259
0,66.3857,4.334375,-1.6545372243060348
0,66.3857,4.3375,-1.6367822303515909
0,66.3857,4.340625,-1.6194571090068937
0,66.3857,4.34375,-1.6025527218317215
0,66.3857,4.346875000000001,-1.586059914258068
0,66.3857,4.35,-1.5699695264108189
0,66.3857,4.353125,-1.5542724011090998
0,66.3857,4.35625,-1.5389593894161175
0,66.3857,4.359375,-1.5240213540758216
0,66.3857,4.362500000000001,-1.5094491711501383
0,66.3857,4.365625,-1.4952337301504819
0,66.3857,4.36875,-1.4813659329435203
0,66.3857,4.371875,-1.4678366917043324
0,66.3857,4.375,-1.4546369261895529
0,66.3857,4.378125000000001,-1.4417575606102386
0,66.3857,4.38125,-1.4291895203970963
0,66.3857,4.384375,-1.4169237291695065
0,66.3857,4.3875,-1.4049511062430458
0,66.3857,4.390625,-1.3932625650355632
0,66.3857,4.393750000000001,-1.3818490127582228
0,66.3857,4.396875,-1.3707013518014546
0,66.3857,4.4,-1.359810483244098
0,66.3857,4.403125,-1.349167312923534
0,66.3857,4.40625,-1.3387627605009438
0,66.3857,4.409375000000001,-1.3285877719361527
0,66.3857,4.4125,-1.3186333357458786
0,66.3857,4.415625,-1.308890503354977
0,66.3857,4.41875,-1.2993504137597776
0,66.3857,4.421875,-1.2900043226036229
0,66.3857,4.425000000000001,-1.2808436356185653
0,66.3857,4.428125,-1.271859946214718
0,66.3857,4.43125,-1.2630450768051633
0,66.3857,4.434375,-1.254391123246484
0,66.3857,4.4375,-1.2458905015619215
0,66.3857,4.440625000000001,-1.2375359959086483
0,66.3857,4.44375,-1.229320806565476
0,66.3857,4.446875,-1.2212385965677368
0,66.3857,4.45,-1.2132835355164566
0,66.3857,4.453125,-1.205450339051697
0,66.3857,4.456250000000001,-1.1977343025157967
0,66.3857,4.459375,-1.1901313274457088
0,66.3857,4.4625,-1.1826379397253364
0,66.3857,4.465625,-1.1752512984923087
0,66.3857,4.46875,-1.1679691952164444
0,66.3857,4.471875000000001,-1.1607900427319138
0,66.3857,4.475,-1.1537128543893764
0,66.3857,4.478125,-1.1467372138743532
0,66.3857,4.48125,-1.139863236589557
0,66.3857,4.484375,-1.1330915237997758
0,66.3857,4.487500000000001,-1.1264231109709557
0,66.3857,4.490625,-1.1198594118881053
0,66.3857,4.49375,-1.1134021602046085
0,66.3857,4.496875,-1.1070533500599287
0,66.3857,4.5,-1.1008151773106503
0,66.3857,4.503125000000001,-1.0946899827642567
0,66.3857,4.50625,-1.0886801986008123
0,66.3857,4.509375,-1.0827882989324495
0,66.3857,4.5125,-1.0770167552010081
0,66.3857,4.515625,-1.071367996865729
0,66.3857,4.518750000000001,-1.0658443775990591
0,66.3857,4.521875,-1.0604481469988605
0,66.3857,4.525,-1.055181427646756
0,66.3857,4.528125,-1.050046197198495
0,66.3857,4.53125,-1.04504427508365
0,66.3857,4.534375000000001,-1.040177313317731
0,66.3857,4.5375,-1.0354467908863054
0,66.3857,4.540625,-1.0308540111442288
0,66.3857,4.54375,-1.0264001016787117
0,66.3857,4.546875,-1.022086016107859
0,66.3857,4.550000000000001,-1.0179125373221574
0,66.3857,4.553125,-1.0138802817207349
0,66.3857,4.55625,-1.0099897040437784
0,66.3857,4.559375,-1.0062411024542792
0,66.3857,4.5625,-1.0026346235739256
0,66.3857,4.565625000000001,-0.9991702672281092
0,66.3857,4.56875,-0.9958478907021513
0,66.3857,4.571875,-0.9926672123546274
0,66.3857,4.575,-0.9896278144736301
0,66.3857,4.578125,-0.9867291452978485
0,66.3857,4.581250000000001,-0.9839705201568324
0,66.3857,4.584375,-0.9813511217138307
0,66.3857,4.5875,-0.9788699993207242
0,66.3857,4.590625,-0.9765260675181426
0,66.3857,4.59375,-0.9743181037352711
0,66.3857,4.596875000000001,-0.9722447452636678
0,66.3857,4.6,-0.9703044855977468
0,66.3857,4.603125,-0.9684956702519237
0,66.3857,4.60625,-0.9668164921808813
0,66.3857,4.609375,-0.9652649869450123
0,66.3857,4.612500000000001,-0.9638390277780678
0,66.3857,4.615625,-0.9625363207280051
0,66.3857,4.61875,-0.9613544000550157
0,66.3857,4.621875,-0.9602906240822888
0,66.3857,4.625,-0.9593421717048434
0,66.3857,4.628125000000001,-0.9585060397693039
0,66.3857,4.63125,-0.957779041542181
0,66.3857,4.634375,-0.9571578064854596
0,66.3857,4.6375,-0.9566387815555499
0,66.3857,4.640625,-0.9562182342341542
0,66.3857,4.643750000000001,-0.9558922574870158
0,66.3857,4.646875,-0.9556567768282226
0,66.3857,4.65,-0.9555075596435976
0,66.3857,4.653125,-0.9554402268965355
0,66.3857,4.65625,-0.9554502673036928
0,66.3857,4.659375000000001,-0.9555330540265127
0,66.3857,4.6625,-0.9556838638784931
0,66.3857,4.665625,-0.9558978989982292
0,66.3857,4.66875,-0.9561703108859108
0,66.3857,4.671875,-0.9564962266474538
0,66.3857,4.675000000000001,-0.9568707772373795
0,66.3857,4.678125,-0.957289127440509
0,66.3857,4.68125,-0.9577465072849058
0,66.3857,4.684375,-0.9582382445357811
0,66.3857,4.6875,-0.9587597978831746
0,66.3857,4.690625000000001,-0.9593067904059686
0,66.3857,4.69375,-0.9598750428715496
0,66.3857,4.696875,-0.9604606064141654
0,66.3857,4.7,-0.9610597941254548
0,66.3857,4.703125,-0.9616692110872469
0,66.3857,4.706250000000001,-0.9622857823787915
0,66.3857,4.709375,-0.9629067785975913
0,66.3857,4.7125,-0.963529838444389
0,66.3857,4.715625,-0.9641529879384724
0,66.3857,4.71875,-0.9647746558493802
0,66.3857,4.721875000000001,-0.9653936849557705
0,66.3857,4.725,-0.9660093387723806
0,66.3857,4.728125,-0.9666213034224973
0,66.3857,4.73125,-0.9672296843770601
0,66.3857,4.734375,-0.9678349978330713
0,66.3857,4.737500000000001,-0.9684381565637002
0,66.3857,4.740625,-0.9690404501401353
0,66.3857,4.74375,-0.9696435194999488
0,66.3857,4.746875,-0.9702493259171819
0,66.3857,4.75,-0.9708601145134039
0,66.3857,4.753125000000001,-0.9714783725343601
0,66.3857,4.75625,-0.9721067827008352
0,66.3857,4.759375,-0.9727481720225185
0,66.3857,4.7625,-0.9734054565376521
0,66.3857,4.765625,-0.9740815825073454
0,66.3857,4.768750000000001,-0.9747794646504436
0,66.3857,4.771875,-0.9755019220525198
0,66.3857,4.775,-0.9762516124211964
0,66.3857,4.778125,-0.9770309653908015
0,66.3857,4.78125,-0.9778421156040629
0,66.3857,4.784375000000001,-0.9786868363190804
0,66.3857,4.7875,-0.9795664743085991
0,66.3857,4.790625,-0.9804818868375171
0,66.3857,4.79375,-0.9814333815253655
0,66.3857,4.796875,-0.9824206599240511
0,66.3857,4.800000000000001,-0.9834427656674201
0,66.3857,4.803125,-0.9844980380769355
0,66.3857,4.80625,-0.9855840721344272
0,66.3857,4.809375,-0.9866976857543767
0,66.3857,4.8125,-0.9878348952993447
0,66.3857,4.815625000000001,-0.9889909002762698
0,66.3857,4.81875,-0.9901600781212466
0,66.3857,4.821875,-0.9913359899183865
0,66.3857,4.825,-0.9925113977972512
0,66.3857,4.828125,-0.993678294607399
0,66.3857,4.831250000000001,-0.9948279462740187
0,66.3857,4.834375,-0.9959509469952629
0,66.3857,4.8375,-0.9970372871533277
0,66.3857,4.840625,-0.9980764334859578
0,66.3857,4.84375,-0.9990574207160784
0,66.3857,4.846875000000001,-0.9999689534819768
0,66.3857,4.85,-1.0007995170697908
0,66.3857,4.853125,-1.0015374951460558
0,66.3857,4.85625,-1.002171292442431
0,66.3857,4.859375,-1.002689460175887
0,66.3857,4.862500000000001,-1.0030808219085317
0,66.3857,4.865625,-1.0033345975675876
0,66.3857,4.86875,-1.0034405234549133
0,66.3857,4.871875,-1.0033889662658242
0,66.3857,4.875,-1.0031710293903426
0,66.3857,4.878125000000001,-1.0027786500631253
0,66.3857,4.88125,-1.0022046862357619
0,66.3857,4.884375,-1.0014429923426318
0,66.3857,4.8875,-1.0004884833988914
0,66.3857,4.890625,-0.9993371870924584
0,66.3857,4.893750000000001,-0.9979862837046147
0,66.3857,4.896875,-0.9964341338171128
0,66.3857,4.9,-0.9946802938449387
0,66.3857,4.903125,-0.9927255194854826
0,66.3857,4.90625,-0.9905717572113047
0,66.3857,4.909375000000001,-0.9882221239699108
0,66.3857,4.9125,-0.9856808753026084
0,66.3857,4.915625,-0.9829533621649286
0,66.3857,4.91875,-0.980045976828226
0,66.3857,4.921875,-0.9769660883659222
0,66.3857,4.925000000000001,-0.9737219683744617
0,66.3857,4.928125,-0.970322707740631
0,66.3857,4.93125,-0.9667781254332689
0,66.3857,4.934375,-0.9630986704573452
0,66.3857,4.9375,-0.9592953182502765
0,66.3857,4.940625000000001,-0.9553794629141747
0,66.3857,4.94375,-0.9513628067548945
0,66.3857,4.946875,-0.9472572486337328
0,66.3857,4.95,-0.9430747726277081
0,66.3857,4.953125,-0.938827338439601
0,66.3857,4.956250000000001,-0.9345267749028806
0,66.3857,4.959375,-0.9301846777944783
0,66.3857,4.9625,-0.925812313007855
0,66.3857,4.965625,-0.9214205259586398
0,66.3857,4.96875,-0.9170196579043115
0,66.3857,4.971875000000001,-0.9126194696675917
0,66.3857,4.975,-0.9082290730684568
0,66.3857,4.978125,-0.9038568701997008
0,66.3857,4.98125,-0.8995105005317156
0,66.3857,4.984375,-0.8951967957077019
0,66.3857,4.987500000000001,-0.8909217417941001
0,66.3857,4.990625,-0.8866904486831746
0,66.3857,4.99375,-0.8825071263054864
0,66.3857,4.996875,-0.8783750672976482
0,66.3857,5.0,-0.8742966357825823
0,66.3857,5.003125,-0.8702732619522681
0,66.3857,5.0062500000000005,-0.866305442192423
0,66.3857,5.009375,-0.862392744550516
0,66.3857,5.0125,-0.8585338194182213
0,66.3857,5.015625,-0.8547264153723821
0,66.3857,5.01875,-0.8509674001899554
0,66.3857,5.0218750000000005,-0.8472527871179714
0,66.3857,5.025,-0.8435777665348735
0,66.3857,5.028125,-0.8399367431807438
0,66.3857,5.03125,-0.8363233791574185
0,66.3857,5.034375,-0.8327306429020286
0,66.3857,5.0375000000000005,-0.8291508643167016
0,66.3857,5.040625,-0.8255757961911221
0,66.3857,5.04375,-0.8219966819822998
0,66.3857,5.046875,-0.8184043299173372
0,66.3857,5.05,-0.8147891932610822
0,66.3857,5.0531250000000005,-0.8111414564437212
0,66.3857,5.05625,-0.8074511265770903
0,66.3857,5.059375,-0.8037081297076107
0,66.3857,5.0625,-0.7999024109645373
0,66.3857,5.065625,-0.7960240375718415
0,66.3857,5.0687500000000005,-0.7920633035089217
0,66.3857,5.071875,-0.7880108344382715
0,66.3857,5.075,-0.7838576913764547
0,66.3857,5.078125,-0.7795954714772212
0,66.3857,5.08125,-0.7752164042304592
0,66.3857,5.0843750000000005,-0.7707134413649765
0,66.3857,5.0875,-0.7660803387818621
0,66.3857,5.090625,-0.761311728941265
0,66.3857,5.09375,-0.7564031822790716
0,66.3857,5.096875,-0.7513512564383816
0,66.3857,5.1000000000000005,-0.7461535323583983
0,66.3857,5.103125,-0.7408086365618372
0,66.3857,5.10625,-0.735316249310342
0,66.3857,5.109375,-0.729677098642936
0,66.3857,5.1125,-0.723892940660794
0,66.3857,5.1156250000000005,-0.7179665267580749
0,66.3857,5.11875,-0.711901558808631
0,66.3857,5.121875,-0.7057026335886933
0,66.3857,5.125,-0.6993751779348809
0,66.3857,5.128125,-0.6929253762960911
0,66.3857,5.1312500000000005,-0.6863600924316182
0,66.3857,5.134375,-0.6796867870341513
0,66.3857,5.1375,-0.6729134330168891
0,66.3857,5.140625,-0.666048430104528
0,66.3857,5.14375,-0.6591005202169066
0,66.3857,5.1468750000000005,-0.6520787049435075
0,66.3857,5.15,-0.6449921661902046
0,66.3857,5.153125,-0.6378501908510634
0,66.3857,5.15625,-0.6306621001320759
0,66.3857,5.159375,-0.6234371839430826
0,66.3857,5.1625000000000005,-0.6161846405895645
0,66.3857,5.165625,-0.6089135218446223
0,66.3857,5.16875,-0.6016326833669497
0,66.3857,5.171875,-0.5943507403529273
0,66.3857,5.175,-0.5870760282664067
0,66.3857,5.1781250000000005,-0.5798165684722613
0,66.3857,5.18125,-0.5725800386014245
0,66.3857,5.184375,-0.565373747487345
0,66.3857,5.1875,-0.5582046145288928
0,66.3857,5.190625,-0.5510791533458633
0,66.3857,5.1937500000000005,-0.5440034595961558
0,66.3857,5.196875,-0.5369832028159932
0,66.3857,5.2,-0.5300236221261312
0,66.3857,5.203125,-0.5231295256197028
0,66.3857,5.20625,-0.5163052932139566
0,66.3857,5.2093750000000005,-0.5095548827124616
0,66.3857,5.2125,-0.5028818387900164
0,66.3857,5.215625,-0.4962893045827437
0,66.3857,5.21875,-0.48978003554341415
0,66.3857,5.221875,-0.48335641520829553
0,66.3857,5.2250000000000005,-0.47702047251775326
0,66.3857,5.228125,-0.470773900338098
0,66.3857,5.23125,-0.4646180748459946
0,66.3857,5.234375,-0.4585540754579142
0,66.3857,5.2375,-0.4525827050138004
0,66.3857,5.2406250000000005,-0.4467045099548562
0,66.3857,5.24375,-0.44091980026836225
0,66.3857,5.246875,-0.43522866900619833
0,66.3857,5.25,-0.4296310112171381
0,66.3857,5.253125,-0.4241265421647868
0,66.3857,5.2562500000000005,-0.41871481473269395
0,66.3857,5.259375,-0.41339523594507144
0,66.3857,5.2625,-0.4081670825554007
0,66.3857,5.265625,-0.40302951567601336
0,66.3857,5.26875,-0.39798159443933984
0,66.3857,5.2718750000000005,-0.3930222886962451
0,66.3857,5.275,-0.38815049076883107
0,66.3857,5.278125,-0.3833650262845291
0,66.3857,5.28125,-0.37866466412560335
0,66.3857,5.284375,-0.3740481255334921
0,66.3857,5.2875000000000005,-0.36951409241111555
0,66.3857,5.290625,-0.36506121486859594
0,66.3857,5.29375,-0.36068811805896583
0,66.3857,5.296875,-0.3563934083507223
0,66.3857,5.3,-0.35217567888353307
0,66.3857,5.3031250000000005,-0.3480335145523418
0,66.3857,5.30625,-0.3439654964636052
0,66.3857,5.309375,-0.33997020590554494
0,66.3857,5.3125,-0.3360462278722795
0,66.3857,5.315625,-0.3321921541794789
0,66.3857,5.3187500000000005,-0.32840658620694807
0,66.3857,5.321875,-0.32468813730126284
0,66.3857,5.325,-0.3210354348692974
0,66.3857,5.328125,-0.31744712219131166
0,66.3857,5.33125,-0.3139218599800863
0,66.3857,5.3343750000000005,-0.31045832771056864
0,66.3857,5.3375,-0.30705522474253727
0,66.3857,5.340625,-0.3037112712569399
0,66.3857,5.34375,-0.3004252090248505
0,66.3857,5.346875,-0.2971958020263466
0,66.3857,5.3500000000000005,-0.29402183693511386
0,66.3857,5.353125,-0.29090212348317984
0,66.3857,5.35625,-0.2878354947188727
0,66.3857,5.359375,-0.2848208071699232
0,66.3857,5.3625,-0.2818569409224999
0,66.3857,5.3656250000000005,-0.2789427996259752
0,66.3857,5.36875,-0.27607731043227773
0,66.3857,5.371875,-0.27325942387783453
0,66.3857,5.375,-0.27048811371534254
0,66.3857,5.378125,-0.2677623767018806
0,66.3857,5.3812500000000005,-0.2650812323492336
0,66.3857,5.384375,-0.2624437226417164
0,66.3857,5.3875,-0.2598489117262289
0,66.3857,5.390625,-0.25729588557881533
0,66.3857,5.39375,-0.25478375165152867
0,66.3857,5.3968750000000005,-0.25231163850301924
0,66.3857,5.4,-0.24987869541589558
0,66.3857,5.403125,-0.24748409200356783
0,66.3857,5.40625,-0.24512701780900906
0,66.3857,5.409375,-0.24280668189757065
0,66.3857,5.4125000000000005,-0.24052231244576666
0,66.3857,5.415625,-0.23827315632771429
0,66.3857,5.41875,-0.2360584787007098
0,66.3857,5.421875,-0.23387756259126397
0,66.3857,5.425,-0.23172970848273264
0,66.3857,5.4281250000000005,-0.22961423390555236
0,66.3857,5.43125,-0.227530473030955
0,66.3857,5.434375,-0.2254777762689079
0,66.3857,5.4375,-0.2234555098709442
0,66.3857,5.440625,-0.22146305553842913
0,66.3857,5.4437500000000005,-0.21949981003673624
0,66.3857,5.446875,-0.21756518481573595
0,66.3857,5.45,-0.2156586056369131
0,66.3857,5.453125,-0.21377951220739577
0,66.3857,5.45625,-0.21192735782110092
0,66.3857,5.4593750000000005,-0.2101016090071658
0,66.3857,5.4625,-0.20830174518579467
0,66.3857,5.465625,-0.20652725833159732
0,66.3857,5.46875,-0.2047776526444852
0,66.3857,5.471875,-0.20305244422814175
0,66.3857,5.4750000000000005,-0.20135116077606752
0,66.3857,5.478125,-0.19967334126517874
0,66.3857,5.48125,-0.19801853565690777
0,66.3857,5.484375,-0.19638630460575515
0,66.3857,5.4875,-0.19477621917520882
0,66.3857,5.4906250000000005,-0.19318786056094497
0,66.3857,5.49375,-0.19162081982121287
0,66.3857,5.496875,-0.19007469761428653
0,66.3857,5.5,-0.188549103942877
0,66.3857,5.503125,-0.18704365790537406
0,66.3857,5.5062500000000005,-0.18555798745379035
0,66.3857,5.509375,-0.18409172915827765
0,66.3857,5.5125,-0.18264452797807182
0,66.3857,5.515625,-0.18121603703873593
0,66.3857,5.51875,-0.17980591741555477
0,66.3857,5.5218750000000005,-0.1784138379229399
0,66.3857,5.525,-0.17703947490970628
0,66.3857,5.528125,-0.1756825120600703
0,66.3857,5.53125,-0.17434264020023577
0,66.3857,5.534375,-0.17301955711042072
0,66.3857,5.5375000000000005,-0.17171296734218636
0,66.3857,5.540625,-0.17042258204093133
0,66.3857,5.54375,-0.16914811877340832
0,66.3857,5.546875,-0.1678893013601363
0,66.3857,5.55,-0.16664585971256693
0,66.3857,5.5531250000000005,-0.16541752967488046
0,66.3857,5.55625,-0.16420405287027917
0,66.3857,5.559375,-0.1630051765516513
0,66.3857,5.5625,-0.16182065345648622
0,66.3857,5.565625,-0.160650241665916
0,66.3857,5.5687500000000005,-0.1594937044677659
0,66.3857,5.571875,-0.1583508102235011
0,66.3857,5.575,-0.15722133223895107
0,66.3857,5.578125,-0.15610504863870703
0,66.3857,5.58125,-0.1550017422440833
0,66.3857,5.5843750000000005,-0.15391120045453582
0,66.3857,5.5875,-0.1528332151324406
0,66.3857,5.590625,-0.15176758249112599
0,66.3857,5.59375,-0.1507141029860707
0,66.3857,5.596875,-0.14967258120916582
0,66.3857,5.6000000000000005,-0.1486428257859549
0,66.3857,5.603125,-0.14762464927576155
0,66.3857,5.60625,-0.14661786807461674
0,66.3857,5.609375,-0.14562230232090498
0,66.3857,5.6125,-0.14463777580364628
0,66.3857,5.6156250000000005,-0.14366411587333497
0,66.3857,5.61875,-0.14270115335526043
0,66.3857,5.621875,-0.14174872246523168
0,66.3857,5.625,-0.14080666072763817
0,66.3857,5.628125,-0.13987480889577403
0,66.3857,5.6312500000000005,-0.13895301087435824
0,66.3857,5.634375,-0.13804111364418628
0,66.3857,5.6375,-0.13713896718884624
0,66.3857,5.640625,-0.1362464244234424
0,66.3857,5.64375,-0.13536334112526166
0,66.3857,5.6468750000000005,-0.13448957586632715
0,66.3857,5.65,-0.13362498994778357
0,66.3857,5.653125,-0.13276944733605534
0,66.3857,5.65625,-0.1319228146007302
0,66.3857,5.659375,-0.13108496085411386
0,66.3857,5.6625000000000005,-0.13025575769240516
0,66.3857,5.665625,-0.12943507913844826
0,66.3857,5.66875,-0.1286228015860074
0,66.3857,5.671875,-0.12781880374552818
0,66.3857,5.675,-0.12702296659133433
0,66.3857,5.6781250000000005,-0.12623517331022172
0,66.3857,5.68125,-0.1254553092514072
0,66.3857,5.684375,-0.12468326187779126
0,66.3857,5.6875,-0.12391892071849922
0,66.3857,5.690625,-0.12316217732266004
0,66.3857,5.6937500000000005,-0.12241292521438878
0,66.3857,5.696875,-0.12167105984893853
0,66.3857,5.7,-0.12093647856998328
0,66.3857,5.703125,-0.12020908056800547
0,66.3857,5.70625,-0.11948876683975064
0,66.3857,5.7093750000000005,-0.118775440148722
0,66.3857,5.7125,-0.11806900498668361
0,66.3857,5.715625,-0.11736936753614197
0,66.3857,5.71875,-0.116676435633781
0,66.3857,5.721875,-0.1159901187348206
0,66.3857,5.7250000000000005,-0.11531032787827356
0,66.3857,5.728125,-0.11463697565307572
0,66.3857,5.73125,-0.11396997616506255
0,66.3857,5.734375,-0.11330924500477119
0,66.3857,5.7375,-0.11265469921604271
0,66.3857,5.7406250000000005,-0.11200625726540182
0,66.3857,5.74375,-0.11136383901219503
0,66.3857,5.746875,-0.11072736567946079
0,66.3857,5.75,-0.11009675982551757
0,66.3857,5.753125,-0.10947194531624489
0,66.3857,5.7562500000000005,-0.10885284729804026
0,66.3857,5.759375,-0.10823939217143419
0,66.3857,5.7625,-0.10763150756534148
0,66.3857,5.765625,-0.10702912231193651
0,66.3857,5.76875,-0.10643216642213067
0,66.3857,5.7718750000000005,-0.1058405710616387
0,66.3857,5.775,-0.10525426852761643
0,66.3857,5.778125,-0.10467319222585353
0,66.3857,5.78125,-0.1040972766485089
0,66.3857,5.784375,-0.10352645735237168
0,66.3857,5.7875000000000005,-0.10296067093763439
0,66.3857,5.790625,-0.10239985502716539
0,66.3857,5.79375,-0.10184394824626475
0,66.3857,5.796875,-0.10129289020289453
0,66.3857,5.800000000000001,-0.10074662146836662
0,66.3857,5.8031250000000005,-0.10020508355847993
0,66.3857,5.80625,-0.09966821891509127
0,66.3857,5.809375,-0.09913597088811152
0,66.3857,5.8125,-0.09860828371791446
0,66.3857,5.815625000000001,-0.09808510251814762
0,66.3857,5.8187500000000005,-0.0975663732589352
0,66.3857,5.821875,-0.09705204275046098
0,66.3857,5.825,-0.09654205862692464
0,66.3857,5.828125,-0.09603636933085848
0,66.3857,5.831250000000001,-0.09553492409779699
0,66.3857,5.8343750000000005,-0.09503767294129102
0,66.3857,5.8375,-0.0945445666382544
0,66.3857,5.840625,-0.09405555671463843
0,66.3857,5.84375,-0.09357059543142343
0,66.3857,5.846875000000001,-0.09308963577091979
0,66.3857,5.8500000000000005,-0.09261263142337174
0,66.3857,5.853125,-0.09213953677385384
0,66.3857,5.85625,-0.09167030688945543
0,66.3857,5.859375,-0.09120489750674442
0,66.3857,5.862500000000001,-0.09074326501950306
0,66.3857,5.8656250000000005,-0.09028536646673066
0,66.3857,5.86875,-0.08983115952090406
0,66.3857,5.871875,-0.08938060247649181
0,66.3857,5.875,-0.08893365423871437
0,66.3857,5.878125000000001,-0.08849027431254497
0,66.3857,5.8812500000000005,-0.08805042279194514
0,66.3857,5.884375,-0.08761406034932805
0,66.3857,5.8875,-0.08718114822524603
0,66.3857,5.890625,-0.08675164821829533
0,66.3857,5.893750000000001,-0.08632552267523343
0,66.3857,5.8968750000000005,-0.08590273448130384
0,66.3857,5.9,-0.08548324705076236
0,66.3857,5.903125,-0.08506702431760199
0,66.3857,5.90625,-0.08465403072646933
0,66.3857,5.909375000000001,-0.08424423122376998
0,66.3857,5.9125000000000005,-0.08383759124895732
0,66.3857,5.915625,-0.08343407672599981
0,66.3857,5.91875,-0.0830336540550242
0,66.3857,5.921875,-0.08263629010412922
0,66.3857,5.925000000000001,-0.08224195220136593
0,66.3857,5.9281250000000005,-0.08185060812688148
0,66.3857,5.93125,-0.08146222610522103
0,66.3857,5.934375,-0.08107677479778636
0,66.3857,5.9375,-0.08069422329544493
0,66.3857,5.940625000000001,-0.0803145411112881
0,66.3857,5.9437500000000005,-0.07993769817353413
0,66.3857,5.946875,-0.07956366481857159
0,66.3857,5.95,-0.07919241178414269
0,66.3857,5.953125,-0.07882391020266025
0,66.3857,5.956250000000001,-0.07845813159465713
0,66.3857,5.9593750000000005,-0.07809504786236536
0,66.3857,5.9625,-0.0777346312834196
0,66.3857,5.965625,-0.07737685450468558
0,66.3857,5.96875,-0.07702169053620792
0,66.3857,5.971875000000001,-0.07666911274527564
0,66.3857,5.9750000000000005,-0.07631909485060359
0,66.3857,5.978125,-0.07597161091662509
0,66.3857,5.98125,-0.0756266353478954
0,66.3857,5.984375,-0.07528414288360279
0,66.3857,5.987500000000001,-0.07494410859218374
0,66.3857,5.9906250000000005,-0.07460650786604264
0,66.3857,5.99375,-0.07427131641637018
0,66.3857,5.996875,-0.07393851026806128
0,66.3857,6.0,-0.07360806575472895
