"Current","Field","Frequency","Spectra"
0,56.3765,1.0,-0.02398350391447436
0,56.3765,1.003125,-0.024061010020958007
0,56.3765,1.00625,-0.02413902055233903
0,56.3765,1.009375,-0.02421754079518184
0,56.3765,1.0125,-0.024296576111404216
0,56.3765,1.015625,-0.024376131939606513
0,56.3765,1.01875,-0.024456213796428605
0,56.3765,1.021875,-0.02453682727793495
0,56.3765,1.025,-0.024617978061028657
0,56.3765,1.028125,-0.024699671904895297
0,56.3765,1.03125,-0.024781914652476752
0,56.3765,1.034375,-0.02486471223197644
0,56.3765,1.0375,-0.024948070658396156
0,56.3765,1.040625,-0.025031996035105558
0,56.3765,1.04375,-0.025116494555445026
0,56.3765,1.046875,-0.025201572504362675
0,56.3765,1.05,-0.025287236260086398
0,56.3765,1.053125,-0.025373492295831742
0,56.3765,1.05625,-0.025460347181546588
0,56.3765,1.059375,-0.025547807585693385
0,56.3765,1.0625,-0.02563588027707004
0,56.3765,1.065625,-0.025724572126670304
0,56.3765,1.06875,-0.025813890109584625
0,56.3765,1.071875,-0.02590384130694257
0,56.3765,1.075,-0.025994432907897762
0,56.3765,1.078125,-0.026085672211656395
0,56.3765,1.08125,-0.026177566629550494
0,56.3765,1.084375,-0.026270123687157004
0,56.3765,1.0875,-0.026363351026463734
0,56.3765,1.090625,-0.02645725640808371
0,56.3765,1.09375,-0.026551847713518602
0,56.3765,1.096875,-0.026647132947473038
0,56.3765,1.1,-0.026743120240220755
0,56.3765,1.103125,-0.02683981785002395
0,56.3765,1.10625,-0.026937234165607386
0,56.3765,1.109375,-0.027035377708688364
0,56.3765,1.1125,-0.027134257136564355
0,56.3765,1.115625,-0.027233881244759374
0,56.3765,1.11875,-0.027334258969731053
0,56.3765,1.121875,-0.02743539939163958
0,56.3765,1.125,-0.027537311737180496
0,56.3765,1.128125,-0.027640005382482707
0,56.3765,1.13125,-0.027743489856073614
0,56.3765,1.134375,-0.027847774841913052
0,56.3765,1.1375,-0.027952870182497872
0,56.3765,1.140625,-0.028058785882039066
0,56.3765,1.14375,-0.028165532109713304
0,56.3765,1.146875,-0.028273119202990846
0,56.3765,1.15,-0.02838155767104203
0,56.3765,1.153125,-0.02849085819822421
0,56.3765,1.15625,-0.028601031647651494
0,56.3765,1.159375,-0.028712089064849428
0,56.3765,1.1625,-0.028824041681496913
0,56.3765,1.165625,-0.02893690091925771
0,56.3765,1.16875,-0.029050678393704156
0,56.3765,1.171875,-0.0291653859183352
0,56.3765,1.175,-0.02928103550869189
0,56.3765,1.178125,-0.029397639386572392
0,56.3765,1.18125,-0.02951520998434974
0,56.3765,1.184375,-0.02963375994939502
0,56.3765,1.1875,-0.02975330214860867
0,56.3765,1.190625,-0.029873849673063384
0,56.3765,1.19375,-0.02999541584276113
0,56.3765,1.196875,-0.030118014211508032
0,56.3765,1.2,-0.03024165857191008
0,56.3765,1.203125,-0.03036636296049308
0,56.3765,1.20625,-0.03049214166295052
0,56.3765,1.209375,-0.030619009219522823
0,56.3765,1.2125,-0.030746980430511682
0,56.3765,1.215625,-0.03087607036193361
0,56.3765,1.21875,-0.031006294351316067
0,56.3765,1.221875,-0.031137668013641075
0,56.3765,1.225,-0.031270207247439785
0,56.3765,1.228125,-0.03140392824104277
0,56.3765,1.23125,-0.031538847478990405
0,56.3765,1.234375,-0.03167498174860812
0,56.3765,1.2375,-0.03181234814675096
0,56.3765,1.240625,-0.031950964086722794
0,56.3765,1.24375,-0.032090847305374995
0,56.3765,1.246875,-0.03223201587039004
0,56.3765,1.25,-0.03237448818775525
0,56.3765,1.253125,-0.03251828300943243
0,56.3765,1.25625,-0.032663419441229274
0,56.3765,1.259375,-0.03280991695087821
0,56.3765,1.2625,-0.032957795376329216
0,56.3765,1.265625,-0.033107074934262744
0,56.3765,1.26875,-0.03325777622882942
0,56.3765,1.271875,-0.03340992026062335
0,56.3765,1.275,-0.03356352843589595
0,56.3765,1.278125,-0.033718622576017834
0,56.3765,1.28125,-0.03387522492719573
0,56.3765,1.284375,-0.03403335817045294
0,56.3765,1.2875,-0.03419304543188056
0,56.3765,1.290625,-0.03435431029316829
0,56.3765,1.29375,-0.03451717680242331
0,56.3765,1.296875,-0.03468166948528564
0,56.3765,1.3,-0.03484781335634983
0,56.3765,1.303125,-0.03501563393090187
0,56.3765,1.30625,-0.03518515723698121
0,56.3765,1.309375,-0.03535640982777828
0,56.3765,1.3125,-0.03552941879437755
0,56.3765,1.315625,-0.03570421177885724
0,56.3765,1.31875,-0.03588081698775672
0,56.3765,1.321875,-0.03605926320592308
0,56.3765,1.325,-0.03623957981074916
0,56.3765,1.328125,-0.03642179678681488
0,56.3765,1.33125,-0.03660594474094511
0,56.3765,1.334375,-0.03679205491769727
0,56.3765,1.3375,-0.036980159215291825
0,56.3765,1.340625,-0.0371702902020008
0,56.3765,1.34375,-0.03736248113300798
0,56.3765,1.346875,-0.03755676596775659
0,56.3765,1.35,-0.037753179387800054
0,56.3765,1.353125,-0.03795175681517179
0,56.3765,1.35625,-0.03815253443129132
0,56.3765,1.359375,-0.038355549196423616
0,56.3765,1.3625,-0.03856083886971019
0,56.3765,1.365625,-0.03876844202979015
0,56.3765,1.36875,-0.03897839809603076
0,56.3765,1.371875,-0.03919074735038759
0,56.3765,1.375,-0.039405530959914656
0,56.3765,1.378125,-0.03962279099994628
0,56.3765,1.38125,-0.039842570477972794
0,56.3765,1.384375,-0.04006491335823287
0,56.3765,1.3875,-0.0402898645870467
0,56.3765,1.390625,-0.04051747011891413
0,56.3765,1.39375,-0.040747776943403896
0,56.3765,1.396875,-0.040980833112859785
0,56.3765,1.4,-0.04121668777095174
0,56.3765,1.403125,-0.04145539118209967
0,56.3765,1.40625,-0.04169699476179972
0,56.3765,1.409375,-0.0419415511078835
0,56.3765,1.4125,-0.04218911403274143
0,56.3765,1.415625,-0.04243973859654318
0,56.3765,1.41875,-0.04269348114148899
0,56.3765,1.421875,-0.04295039932712669
0,56.3765,1.425,-0.04321055216677096
0,56.3765,1.428125,-0.043474000065062385
0,56.3765,1.43125,-0.04374080485670506
0,56.3765,1.434375,-0.044011029846423425
0,56.3765,1.4375,-0.04428473985017958
0,56.3765,1.440625,-0.044562001237695104
0,56.3765,1.44375,-0.04484288197632136
0,56.3765,1.446875,-0.0451274516763054
0,56.3765,1.45,-0.04541578163749928
0,56.3765,1.453125,-0.04570794489756223
0,56.3765,1.45625,-0.04600401628170796
0,56.3765,1.459375,-0.04630407245404981
0,56.3765,1.4625,-0.04660819197059931
0,56.3765,1.465625,-0.046916455333975565
0,56.3765,1.46875,-0.047228945049883925
0,56.3765,1.471875,-0.04754574568542632
0,56.3765,1.475,-0.047866943929305766
0,56.3765,1.478125,-0.04819262865399103
0,56.3765,1.48125,-0.04852289097990964
0,56.3765,1.484375,-0.04885782434173884
0,56.3765,1.4875,-0.049197524556867614
0,56.3765,1.490625,-0.049542089896104896
0,56.3765,1.49375,-0.04989162115671118
0,56.3765,1.496875,-0.05024622173783436
0,56.3765,1.5,-0.050605997718432084
0,56.3765,1.503125,-0.05097105793776692
0,56.3765,1.50625,-0.051341514078562106
0,56.3765,1.509375,-0.051717480752909814
0,56.3765,1.5125000000000002,-0.05209907559102572
0,56.3765,1.515625,-0.052486419332946906
0,56.3765,1.51875,-0.05287963592327407
0,56.3765,1.521875,-0.05327885260906035
0,56.3765,1.525,-0.05368420004095366
0,56.3765,1.5281250000000002,-0.054095812377702154
0,56.3765,1.53125,-0.054513827394134934
0,56.3765,1.534375,-0.05493838659273456
0,56.3765,1.5375,-0.05536963531891991
0,56.3765,1.540625,-0.05580772288016174
0,56.3765,1.5437500000000002,-0.05625280266905672
0,56.3765,1.546875,-0.05670503229048776
0,56.3765,1.55,-0.05716457369300337
0,56.3765,1.553125,-0.057631593304549505
0,56.3765,1.55625,-0.058106262172692526
0,56.3765,1.5593750000000002,-0.05858875610947334
0,56.3765,1.5625,-0.05907925584103533
0,56.3765,1.565625,-0.05957794716217289
0,56.3765,1.56875,-0.060085021095947315
0,56.3765,1.571875,-0.06060067405852039
0,56.3765,1.5750000000000002,-0.061125108029358055
0,56.3765,1.578125,-0.06165853072695566
0,56.3765,1.58125,-0.062201155790241366
0,56.3765,1.584375,-0.06275320296580972
0,56.3765,1.5875,-0.06331489830114237
0,56.3765,1.5906250000000002,-0.06388647434396885
0,56.3765,1.59375,-0.06446817034792066
0,56.3765,1.596875,-0.06506023248463023
0,56.3765,1.6,-0.0656629140624218
0,56.3765,1.603125,-0.06627647575173888
0,56.3765,1.6062500000000002,-0.06690118581744806
0,56.3765,1.609375,-0.06753732035815044
0,56.3765,1.6125,-0.06818516355262841
0,56.3765,1.615625,-0.06884500791354103
0,56.3765,1.61875,-0.06951715454847512
0,56.3765,1.6218750000000002,-0.07020191342844323
0,56.3765,1.625,-0.0708996036639046
0,56.3765,1.628125,-0.07161055378837024
0,56.3765,1.63125,-0.07233510204962824
0,56.3765,1.634375,-0.07307359670860666
0,56.3765,1.6375000000000002,-0.0738263963458616
0,56.3765,1.640625,-0.07459387017564786
0,56.3765,1.64375,-0.07537639836749663
0,56.3765,1.646875,-0.07617437237518225
0,56.3765,1.65,-0.07698819527291859
0,56.3765,1.6531250000000002,-0.07781828209857379
0,56.3765,1.65625,-0.0786650602036354
0,56.3765,1.659375,-0.07952896960959718
0,56.3765,1.6625,-0.08041046337036409
0,56.3765,1.665625,-0.08131000794019658
0,56.3765,1.6687500000000002,-0.08222808354662475
0,56.3765,1.671875,-0.08316518456766389
0,56.3765,1.675,-0.08412181991255611
0,56.3765,1.678125,-0.08509851340513619
0,56.3765,1.68125,-0.08609580416878879
0,56.3765,1.6843750000000002,-0.08711424701181138
0,56.3765,1.6875,-0.08815441281183017
0,56.3765,1.690625,-0.08921688889773616
0,56.3765,1.69375,-0.09030227942739845
0,56.3765,1.696875,-0.09141120575919433
0,56.3765,1.7000000000000002,-0.09254430681514265
0,56.3765,1.703125,-0.09370223943315534
0,56.3765,1.70625,-0.09488567870562478
0,56.3765,1.709375,-0.09609531830122783
0,56.3765,1.7125,-0.097331870766472
0,56.3765,1.7156250000000002,-0.09859606780310692
0,56.3765,1.71875,-0.09988866051708842
0,56.3765,1.721875,-0.10121041963431096
0,56.3765,1.725,-0.1025621356777943
0,56.3765,1.728125,-0.1039446191004509
0,56.3765,1.7312500000000002,-0.10535870036693443
0,56.3765,1.734375,-0.10680522997739586
0,56.3765,1.7375,-0.10828507842524553
0,56.3765,1.740625,-0.10979913608021476
0,56.3765,1.74375,-0.11134831298715903
0,56.3765,1.7468750000000002,-0.11293353857010686
0,56.3765,1.75,-0.11455576123005407
0,56.3765,1.753125,-0.11621594782392738
0,56.3765,1.75625,-0.11791508301097
0,56.3765,1.759375,-0.11965416845156729
0,56.3765,1.7625000000000002,-0.121434221842197
0,56.3765,1.765625,-0.12325627576877274
0,56.3765,1.76875,-0.12512137635915657
0,56.3765,1.771875,-0.12703058171402085
0,56.3765,1.775,-0.1289849600935833
0,56.3765,1.7781250000000002,-0.1309855878359883
0,56.3765,1.78125,-0.13303354698129352
0,56.3765,1.784375,-0.1351299225731532
0,56.3765,1.7875,-0.13727579960835676
0,56.3765,1.790625,-0.13947225960244403
0,56.3765,1.7937500000000002,-0.1417203767376527
0,56.3765,1.796875,-0.14402121355751776
0,56.3765,1.8,-0.14637581617056977
0,56.3765,1.803125,-0.14878520892378055
0,56.3765,1.80625,-0.15125038850477932
0,56.3765,1.8093750000000002,-0.15377231743042302
0,56.3765,1.8125,-0.15635191687814487
0,56.3765,1.815625,-0.15899005881571637
0,56.3765,1.81875,-0.16168755738469298
0,56.3765,1.821875,-0.16444515949304248
0,56.3765,1.8250000000000002,-0.16726353457334162
0,56.3765,1.828125,-0.17014326346464556
0,56.3765,1.83125,-0.17308482637884892
0,56.3765,1.834375,-0.17608858991619136
0,56.3765,1.8375,-0.1791547930997795
0,56.3765,1.8406250000000002,-0.18228353240573378
0,56.3765,1.84375,-0.18547474577408601
0,56.3765,1.846875,-0.1887281955960874
0,56.3765,1.85,-0.19204345068632445
0,56.3765,1.853125,-0.19541986726330368
0,56.3765,1.8562500000000002,-0.19885656898011
0,56.3765,1.859375,-0.2023524260676398
0,56.3765,1.8625,-0.20590603367695087
0,56.3765,1.865625,-0.20951568953456315
0,56.3765,1.86875,-0.21317937105526427
0,56.3765,1.8718750000000002,-0.21689471209106242
0,56.3765,1.875,-0.22065897953235286
0,56.3765,1.878125,-0.2244690500179289
0,56.3765,1.88125,-0.22832138705376082
0,56.3765,1.884375,-0.23221201888604462
0,56.3765,1.8875000000000002,-0.23613651752106746
0,56.3765,1.890625,-0.24008997933202486
0,56.3765,1.89375,-0.24406700773984472
0,56.3765,1.896875,-0.24806169849976803
0,56.3765,1.9,-0.25206762816622996
0,56.3765,1.9031250000000002,-0.2560778463433401
0,56.3765,1.90625,-0.26008487235473904
0,56.3765,1.909375,-0.2640806969822909
0,56.3765,1.9125,-0.2680567899252486
0,56.3765,1.915625,-0.2720041136175538
0,56.3765,1.9187500000000002,-0.27591314400804273
0,56.3765,1.921875,-0.2797738988540862
0,56.3765,1.925,-0.283575974001458
0,56.3765,1.928125,-0.2873085880203584
0,56.3765,1.93125,-0.290960635438744
0,56.3765,1.9343750000000002,-0.2945207486594261
0,56.3765,1.9375,-0.29797736846807166
0,56.3765,1.940625,-0.30131882283775574
0,56.3765,1.94375,-0.304533413515943
0,56.3765,1.946875,-0.3076095096471422
0,56.3765,1.9500000000000002,-0.3105356474456825
0,56.3765,1.953125,-0.31330063469621944
0,56.3765,1.95625,-0.3158936586337951
0,56.3765,1.959375,-0.3183043955503345
0,56.3765,1.9625,-0.3205231203004919
0,56.3765,1.9656250000000002,-0.32254081374649207
0,56.3765,1.96875,-0.324349266098027
0,56.3765,1.971875,-0.3259411740768051
0,56.3765,1.975,-0.3273102298714238
0,56.3765,1.978125,-0.32845119994975397
0,56.3765,1.9812500000000002,-0.3293599919629199
0,56.3765,1.984375,-0.3300337082040906
0,56.3765,1.9875,-0.33047068437037685
0,56.3765,1.990625,-0.330670512707908
0,56.3765,1.99375,-0.33063404898691323
0,56.3765,1.9968750000000002,-0.3303634031416446
0,56.3765,2.0,-0.32986191380438745
0,56.3765,2.003125,-0.32913410734836696
0,56.3765,2.00625,-0.32818564241632847
0,56.3765,2.0093750000000004,-0.3270232412365344
0,56.3765,2.0125,-0.32565460930449003
0,56.3765,2.015625,-0.32408834522811725
0,56.3765,2.01875,-0.32233384269054516
0,56.3765,2.021875,-0.3204011865755252
0,56.3765,2.0250000000000004,-0.3183010453261755
0,56.3765,2.028125,-0.31604456157161886
0,56.3765,2.03125,-0.31364324296390583
0,56.3765,2.034375,-0.31110885502713603
0,56.3765,2.0375,-0.308453317641023
0,56.3765,2.0406250000000004,-0.30568860657217567
0,56.3765,2.04375,-0.3028266612381388
0,56.3765,2.046875,-0.29987929965150123
0,56.3765,2.05,-0.29685814125308796
0,56.3765,2.053125,-0.2937745381122697
0,56.3765,2.0562500000000004,-0.2906395147553251
0,56.3765,2.059375,-0.28746371668466225
0,56.3765,2.0625,-0.28425736747625424
0,56.3765,2.065625,-0.2810302341921246
0,56.3765,2.06875,-0.2777916007201525
0,56.3765,2.0718750000000004,-0.2745502485547908
0,56.3765,2.075,-0.27131444445847774
0,56.3765,2.078125,-0.26809193439292245
0,56.3765,2.08125,-0.26488994307981234
0,56.3765,2.084375,-0.26171517853931053
0,56.3765,2.0875000000000004,-0.2585738409592999
0,56.3765,2.090625,-0.2554716352659336
0,56.3765,2.09375,-0.25241378679405563
0,56.3765,2.096875,-0.24940505949196068
0,56.3765,2.1,-0.24644977613650387
0,56.3765,2.1031250000000004,-0.24355184007977776
0,56.3765,2.10625,-0.24071475809567708
0,56.3765,2.109375,-0.23794166394226438
0,56.3765,2.1125,-0.2352353423027188
0,56.3765,2.115625,-0.23259825281288113
0,56.3765,2.1187500000000004,-0.23003255392630267
0,56.3765,2.121875,-0.22754012640774604
0,56.3765,2.125,-0.22512259628296682
0,56.3765,2.128125,-0.22278135710612657
0,56.3765,2.13125,-0.22051759143628907
0,56.3765,2.1343750000000004,-0.21833229144118255
0,56.3765,2.1375,-0.2162262785698478
0,56.3765,2.140625,-0.2142002222561296
0,56.3765,2.14375,-0.2122546576323734
0,56.3765,2.146875,-0.2103900022473988
0,56.3765,2.1500000000000004,-0.20860657179507378
0,56.3765,2.153125,-0.2069045948698285
0,56.3765,2.15625,-0.20528422677348385
0,56.3765,2.159375,-0.20374556240403366
0,56.3765,2.1625,-0.20228864826173046
0,56.3765,2.1656250000000004,-0.20091349361119032
0,56.3765,2.16875,-0.1996200808404174
0,56.3765,2.171875,-0.19840837505883707
0,56.3765,2.175,-0.19727833297674846
0,56.3765,2.178125,-0.19622991110819998
0,56.3765,2.1812500000000004,-0.1952630733382718
0,56.3765,2.184375,-0.19437779789420206
0,56.3765,2.1875,-0.1935740837578138
0,56.3765,2.190625,-0.19285195655434756
0,56.3765,2.19375,-0.19221147395013402
0,56.3765,2.1968750000000004,-0.1916527305886027
0,56.3765,2.2,-0.19117586259094183
0,56.3765,2.203125,-0.19078105164432785
0,56.3765,2.20625,-0.19046852869704406
0,56.3765,2.209375,-0.19023857727600785
0,56.3765,2.2125000000000004,-0.19009153643823506
0,56.3765,2.215625,-0.19002780336356373
0,56.3765,2.21875,-0.19004783559153954
0,56.3765,2.221875,-0.19015215290070375
0,56.3765,2.225,-0.19034133882359722
0,56.3765,2.2281250000000004,-0.19061604178558234
0,56.3765,2.23125,-0.19097697585004286
0,56.3765,2.234375,-0.191424921046632
0,56.3765,2.2375,-0.19196072325295216
0,56.3765,2.240625,-0.1925852935933387
0,56.3765,2.2437500000000004,-0.19329960731124574
0,56.3765,2.246875,-0.19410470206405883
0,56.3765,2.25,-0.19500167558095963
0,56.3765,2.253125,-0.1959916826157161
0,56.3765,2.25625,-0.19707593111695282
0,56.3765,2.2593750000000004,-0.19825567752856468
0,56.3765,2.2625,-0.19953222112248736
0,56.3765,2.265625,-0.20090689725506106
0,56.3765,2.26875,-0.20238106942677986
0,56.3765,2.271875,-0.20395612001340024
0,56.3765,2.2750000000000004,-0.2056334395243244
0,56.3765,2.278125,-0.2074144142320651
0,56.3765,2.28125,-0.20930041200467378
0,56.3765,2.284375,-0.21129276616161485
0,56.3765,2.2875,-0.2133927571630882
0,56.3765,2.2906250000000004,-0.21560159193376
0,56.3765,2.29375,-0.21792038061489352
0,56.3765,2.296875,-0.22035011053473622
0,56.3765,2.3,-0.2228916171866483
0,56.3765,2.303125,-0.2255455520089408
0,56.3765,2.3062500000000004,-0.22831234677099815
0,56.3765,2.309375,-0.2311921743884618
0,56.3765,2.3125,-0.23418490601770967
0,56.3765,2.315625,-0.23729006431842717
0,56.3765,2.31875,-0.24050677282476515
0,56.3765,2.3218750000000004,-0.2438337014325463
0,56.3765,2.325,-0.2472690080944625
0,56.3765,2.328125,-0.2508102769193847
0,56.3765,2.33125,-0.2544544529978594
0,56.3765,2.334375,-0.2581977744253578
0,56.3765,2.3375000000000004,-0.2620357021690926
0,56.3765,2.340625,-0.26596284862372865
0,56.3765,2.34375,-0.2699729059254516
0,56.3765,2.346875,-0.2740585753405981
0,56.3765,2.35,-0.2782114993105572
0,56.3765,2.3531250000000004,-0.28242219801281904
0,56.3765,2.35625,-0.28668001258025727
0,56.3765,2.359375,-0.2909730573953545
0,56.3765,2.3625,-0.29528818412838764
0,56.3765,2.365625,-0.29961096040066953
0,56.3765,2.3687500000000004,-0.3039256661048258
0,56.3765,2.371875,-0.30821531048045286
0,56.3765,2.375,-0.3124616730004164
0,56.3765,2.378125,-0.31664537094552
0,56.3765,2.38125,-0.32074595621004753
0,56.3765,2.3843750000000004,-0.3247420433685433
0,56.3765,2.3875,-0.32861147033276666
0,56.3765,2.390625,-0.33233149203422446
0,56.3765,2.39375,-0.3358790064917072
0,56.3765,2.396875,-0.3392308113892508
0,56.3765,2.4000000000000004,-0.34236388793862227
0,56.3765,2.403125,-0.3452557073891506
0,56.3765,2.40625,-0.3478845541490663
0,56.3765,2.409375,-0.35022985818117675
0,56.3765,2.4125,-0.35227252822333716
0,56.3765,2.4156250000000004,-0.35399527655248114
0,56.3765,2.41875,-0.3553829255436885
0,56.3765,2.421875,-0.3564226862399564
0,56.3765,2.425,-0.3571043995863532
0,56.3765,2.428125,-0.3574207319051092
0,56.3765,2.4312500000000004,-0.3573673175716858
0,56.3765,2.434375,-0.35694284363581275
0,56.3765,2.4375,-0.35614907322292094
0,56.3765,2.440625,-0.35499080683130635
0,56.3765,2.44375,-0.3534757829733718
0,56.3765,2.4468750000000004,-0.3516145218554358
0,56.3765,2.45,-0.3494201178174463
0,56.3765,2.453125,-0.34690798794800587
0,56.3765,2.45625,-0.34409558556592346
0,56.3765,2.459375,-0.34100208806545684
0,56.3765,2.4625000000000004,-0.3376480689430564
0,56.3765,2.465625,-0.3340551636778424
0,56.3765,2.46875,-0.3302457385753224
0,56.3765,2.471875,-0.3262425707758456
0,56.3765,2.475,-0.3220685464624615
0,56.3765,2.4781250000000004,-0.31774638296962693
0,56.3765,2.48125,-0.31329837908508285
0,56.3765,2.484375,-0.3087461964343809
0,56.3765,2.4875,-0.3041106735100755
0,56.3765,2.490625,-0.2994116727088604
0,56.3765,2.4937500000000004,-0.29466795970663207
0,56.3765,2.496875,-0.2898971136542239
0,56.3765,2.5,-0.285115466021783
0,56.3765,2.503125,-0.28033806545205936
0,56.3765,2.50625,-0.275578665687909
0,56.3765,2.5093750000000004,-0.27084973349671
0,56.3765,2.5125,-0.2661624735002204
0,56.3765,2.515625,-0.26152686690757215
0,56.3765,2.51875,-0.25695172131694466
0,56.3765,2.521875,-0.25244472897513
0,56.3765,2.5250000000000004,-0.24801253114350993
0,56.3765,2.528125,-0.24366078649668207
0,56.3765,2.53125,-0.2393942417621938
0,56.3765,2.534375,-0.23521680308567272
0,56.3765,2.5375,-0.23113160686708953
0,56.3765,2.5406250000000004,-0.22714108905548286
0,56.3765,2.54375,-0.22324705210781098
0,56.3765,2.546875,-0.2194507290110458
0,56.3765,2.55,-0.21575284393486607
0,56.3765,2.553125,-0.21215366922600762
0,56.3765,2.5562500000000004,-0.2086530785759212
0,56.3765,2.559375,-0.2052505962926798
0,56.3765,2.5625,-0.20194544268821335
0,56.3765,2.565625,-0.19873657565513467
0,56.3765,2.56875,-0.19562272855585894
0,56.3765,2.5718750000000004,-0.19260244458257156
0,56.3765,2.575,-0.18967410777180319
0,56.3765,2.578125,-0.18683597087377835
0,56.3765,2.58125,-0.18408618028590115
0,56.3765,2.584375,-0.18142279826315483
0,56.3765,2.5875000000000004,-0.17884382261707582
0,56.3765,2.590625,-0.17634720411032703
0,56.3765,2.59375,-0.17393086174666872
0,56.3765,2.596875,-0.17159269614701333
0,56.3765,2.6,-0.16933060119186558
0,56.3765,2.6031250000000004,-0.1671424740992959
0,56.3765,2.60625,-0.16502622409603432
0,56.3765,2.609375,-0.16297977982764145
0,56.3765,2.6125,-0.16100109564222137
0,56.3765,2.615625,-0.1590881568709745
0,56.3765,2.6187500000000004,-0.15723898421818164
0,56.3765,2.621875,-0.1554516373630295
0,56.3765,2.625,-0.1537242178661193
0,56.3765,2.628125,-0.15205487146454236
0,56.3765,2.63125,-0.15044178983109838
0,56.3765,2.6343750000000004,-0.148883211865551
0,56.3765,2.6375,-0.1473774245787604
0,56.3765,2.640625,-0.14592276362407122
0,56.3765,2.64375,-0.1445176135244465
0,56.3765,2.646875,-0.1431604076384815
0,56.3765,2.6500000000000004,-0.14184962790358494
0,56.3765,2.653125,-0.14058380439023016
0,56.3765,2.65625,-0.13936151469723418
0,56.3765,2.659375,-0.13818138321447065
0,56.3765,2.6625,-0.1370420802762381
0,56.3765,2.6656250000000004,-0.1359423212256556
0,56.3765,2.66875,-0.13488086540790975
0,56.3765,2.671875,-0.13385651510790722
0,56.3765,2.675,-0.13286811444586466
0,56.3765,2.678125,-0.13191454824256943
0,56.3765,2.6812500000000004,-0.13099474086445348
0,56.3765,2.684375,-0.13010765505720812
0,56.3765,2.6875,-0.1292522907754203
0,56.3765,2.690625,-0.12842768401461113
0,56.3765,2.69375,-0.12763290565108143
0,56.3765,2.6968750000000004,-0.12686706029412112
0,56.3765,2.7,-0.12612928515438446
0,56.3765,2.703125,-0.12541874893157878
0,56.3765,2.70625,-0.12473465072403978
0,56.3765,2.709375,-0.12407621896226347
0,56.3765,2.7125000000000004,-0.12344271036803049
0,56.3765,2.715625,-0.12283340894037759
0,56.3765,2.71875,-0.12224762496934509
0,56.3765,2.721875,-0.12168469407814535
0,56.3765,2.725,-0.12114397629415347
0,56.3765,2.7281250000000004,-0.12062485514891386
0,56.3765,2.73125,-0.12012673680717745
0,56.3765,2.734375,-0.11964904922483614
0,56.3765,2.7375,-0.11919124133549144
0,56.3765,2.740625,-0.11875278226529042
0,56.3765,2.7437500000000004,-0.11833316057557247
0,56.3765,2.746875,-0.11793188353279933
0,56.3765,2.75,-0.11754847640518264
0,56.3765,2.753125,-0.11718248178537644
0,56.3765,2.75625,-0.11683345893856699
0,56.3765,2.7593750000000004,-0.11650098317526493
0,56.3765,2.7625,-0.11618464524808549
0,56.3765,2.765625,-0.11588405077179145
0,56.3765,2.76875,-0.11559881966586567
0,56.3765,2.771875,-0.11532858561887843
0,56.3765,2.7750000000000004,-0.11507299557391817
0,56.3765,2.778125,-0.11483170923435827
0,56.3765,2.78125,-0.11460439858924301
0,56.3765,2.784375,-0.11439074745758715
0,56.3765,2.7875,-0.11419045105089391
0,56.3765,2.7906250000000004,-0.1140032155532151
0,56.3765,2.79375,-0.11382875771808987
0,56.3765,2.796875,-0.1136668044817171
0,56.3765,2.8,-0.11351709259173398
0,56.3765,2.803125,-0.11337936825099176
0,56.3765,2.8062500000000004,-0.11325338677573848
0,56.3765,2.809375,-0.11313891226763588
0,56.3765,2.8125,-0.11303571729906013
0,56.3765,2.815625,-0.11294358261115056
0,56.3765,2.81875,-0.11286229682409331
0,56.3765,2.8218750000000004,-0.11279165615914233
0,56.3765,2.825,-0.11273146417190077
0,56.3765,2.828125,-0.11268153149640225
0,56.3765,2.83125,-0.1126416755995496
0,56.3765,2.834375,-0.11261172054548607
0,56.3765,2.8375000000000004,-0.11259149676949048
0,56.3765,2.840625,-0.11258084086100367
0,56.3765,2.84375,-0.1125795953554101
0,56.3765,2.846875,-0.11258760853421365
0,56.3765,2.85,-0.11260473423326026
0,56.3765,2.8531250000000004,-0.11263083165867659
0,56.3765,2.85625,-0.11266576521020558
0,56.3765,2.859375,-0.11270940431163406
0,56.3765,2.8625,-0.11276162324802053
0,56.3765,2.865625,-0.11282230100944313
0,56.3765,2.8687500000000004,-0.11289132114099981
0,56.3765,2.871875,-0.11296857159880477
0,56.3765,2.875,-0.11305394461173492
0,56.3765,2.878125,-0.11314733654869183
0,56.3765,2.88125,-0.11324864779115452
0,56.3765,2.8843750000000004,-0.1133577826108069
0,56.3765,2.8875,-0.11347464905203594
0,56.3765,2.890625,-0.11359915881910156
0,56.3765,2.89375,-0.11373122716779094
0,56.3765,2.896875,-0.11387077280137722
0,56.3765,2.9000000000000004,-0.11401771777070933
0,56.3765,2.903125,-0.11417198737826892
0,56.3765,2.90625,-0.1143335100860366
0,56.3765,2.909375,-0.11450221742701555
0,56.3765,2.9125,-0.11467804392027027
0,56.3765,2.9156250000000004,-0.11486092698934058
0,56.3765,2.91875,-0.11505080688389957
0,56.3765,2.921875,-0.1152476266045302
0,56.3765,2.925,-0.11545133183049859
0,56.3765,2.928125,-0.11566187085040894
0,56.3765,2.9312500000000004,-0.11587919449563024
0,56.3765,2.934375,-0.1161032560763882
0,56.3765,2.9375,-0.11633401132042269
0,56.3765,2.940625,-0.11657141831411291
0,56.3765,2.94375,-0.1168154374459783
0,56.3765,2.9468750000000004,-0.11706603135246735
0,56.3765,2.95,-0.11732316486594913
0,56.3765,2.953125,-0.11758680496482708
0,56.3765,2.95625,-0.11785692072569764
0,56.3765,2.959375,-0.11813348327747983
0,56.3765,2.9625000000000004,-0.11841646575744486
0,56.3765,2.965625,-0.11870584326907851
0,56.3765,2.96875,-0.11900159284171147
0,56.3765,2.971875,-0.11930369339185554
0,56.3765,2.975,-0.1196121256861862
0,56.3765,2.9781250000000004,-0.11992687230611639
0,56.3765,2.98125,-0.12024791761390552
0,56.3765,2.984375,-0.12057524772025355
0,56.3765,2.9875,-0.12090885045332896
0,56.3765,2.990625,-0.12124871532918521
0,56.3765,2.9937500000000004,-0.12159483352351907
0,56.3765,2.996875,-0.12194719784472753
0,56.3765,3.0,-0.12230580270822344
0,56.3765,3.0031250000000003,-0.12267064411196826
0,56.3765,3.00625,-0.12304171961318544
0,56.3765,3.009375,-0.1234190283062186
0,56.3765,3.0125,-0.12380257080149852
0,56.3765,3.015625,-0.12419234920558779
0,56.3765,3.0187500000000003,-0.12458836710227059
0,56.3765,3.021875,-0.12499062953465723
0,56.3765,3.025,-0.1253991429882763
0,56.3765,3.028125,-0.12581391537512562
0,56.3765,3.03125,-0.1262349560186558
0,56.3765,3.0343750000000003,-0.12666227563966312
0,56.3765,3.0375,-0.1270958863430662
0,56.3765,3.040625,-0.1275358016055452
0,56.3765,3.04375,-0.12798203626402038
0,56.3765,3.046875,-0.1284346065049518
0,56.3765,3.0500000000000003,-0.12889352985443858
0,56.3765,3.053125,-0.1293588251690998
0,56.3765,3.05625,-0.1298305126277206
0,56.3765,3.059375,-0.1303086137236447
0,56.3765,3.0625,-0.13079315125789862
0,56.3765,3.0656250000000003,-0.13128414933303326
0,56.3765,3.06875,-0.13178163334766657
0,56.3765,3.071875,-0.13228562999171592
0,56.3765,3.075,-0.13279616724230625
0,56.3765,3.078125,-0.13331327436034204
0,56.3765,3.0812500000000003,-0.13383698188773233
0,56.3765,3.084375,-0.13436732164525783
0,56.3765,3.0875,-0.13490432673106995
0,56.3765,3.090625,-0.13544803151981316
0,56.3765,3.09375,-0.1359984716623604
0,56.3765,3.0968750000000003,-0.13655568408615593
0,56.3765,3.1,-0.13711970699615494
0,56.3765,3.103125,-0.1376905798763559
0,56.3765,3.10625,-0.13826834349191755
0,56.3765,3.109375,-0.138853039891854
0,56.3765,3.1125000000000003,-0.13944471241230544
0,56.3765,3.115625,-0.14004340568037577
0,56.3765,3.11875,-0.14064916561853588
0,56.3765,3.121875,-0.14126203944958762
0,56.3765,3.125,-0.14188207570218372
0,56.3765,3.1281250000000003,-0.14250932421690365
0,56.3765,3.13125,-0.14314383615287948
0,56.3765,3.134375,-0.14378566399497347
0,56.3765,3.1375,-0.14443486156150165
0,56.3765,3.140625,-0.1450914840125058
0,56.3765,3.1437500000000003,-0.14575558785857118
0,56.3765,3.146875,-0.14642723097018978
0,56.3765,3.15,-0.14710647258767032
0,56.3765,3.153125,-0.147793373331594
0,56.3765,3.15625,-0.14848799521381764
0,56.3765,3.1593750000000003,-0.1491904016490257
0,56.3765,3.1625,-0.14990065746683262
0,56.3765,3.165625,-0.1506188289244372
0,56.3765,3.16875,-0.1513449837198329
0,56.3765,3.171875,-0.1520791910055737
0,56.3765,3.1750000000000003,-0.15282152140310337
0,56.3765,3.178125,-0.15357204701764743
0,56.3765,3.18125,-0.1543308414536752
0,56.3765,3.184375,-0.1550979798309336
0,56.3765,3.1875,-0.15587353880105903
0,56.3765,3.1906250000000003,-0.1566575965647725
0,56.3765,3.19375,-0.15745023288966253
0,56.3765,3.196875,-0.1582515291285634
0,56.3765,3.2,-0.15906156823853265
0,56.3765,3.203125,-0.15988043480043654
0,56.3765,3.2062500000000003,-0.16070821503915053
0,56.3765,3.209375,-0.16154499684438003
0,56.3765,3.2125,-0.16239086979211262
0,56.3765,3.215625,-0.16324592516670686
0,56.3765,3.21875,-0.16411025598362824
0,56.3765,3.2218750000000003,-0.16498395701284052
0,56.3765,3.225,-0.16586712480286286
0,56.3765,3.228125,-0.1667598577055016
0,56.3765,3.23125,-0.16766225590126685
0,56.3765,3.234375,-0.16857442142548612
0,56.3765,3.2375000000000003,-0.1694964581951246
0,56.3765,3.240625,-0.17042847203632405
0,56.3765,3.24375,-0.17137057071267442
0,56.3765,3.246875,-0.1723228639542266
0,56.3765,3.25,-0.17328546348726265
0,56.3765,3.2531250000000003,-0.17425848306483657
0,56.3765,3.25625,-0.17524203849809755
0,56.3765,3.259375,-0.1762362476884133
0,56.3765,3.2625,-0.17724123066030487
0,56.3765,3.265625,-0.17825710959521154
0,56.3765,3.2687500000000003,-0.17928400886609902
0,56.3765,3.271875,-0.18032205507293012
0,56.3765,3.275,-0.1813713770790129
0,56.3765,3.278125,-0.1824321060482449
0,56.3765,3.28125,-0.18350437548327117
0,56.3765,3.2843750000000003,-0.18458832126457506
0,56.3765,3.2875,-0.1856840816905219
0,56.3765,3.290625,-0.18679179751837346
0,56.3765,3.29375,-0.18791161200629736
0,56.3765,3.296875,-0.1890436709563876
0,56.3765,3.3000000000000003,-0.19018812275872413
0,56.3765,3.303125,-0.1913451184364887
0,56.3765,3.30625,-0.19251481169216444
0,56.3765,3.309375,-0.1936973589548404
0,56.3765,3.3125,-0.194892919428647
0,56.3765,3.3156250000000003,-0.19610165514234923
0,56.3765,3.31875,-0.19732373100011968
0,56.3765,3.321875,-0.1985593148335254
0,56.3765,3.325,-0.19980857745474992
0,56.3765,3.328125,-0.20107169271108194
0,56.3765,3.3312500000000003,-0.20234883754070335
0,56.3765,3.334375,-0.20364019202980072
0,56.3765,3.3375,-0.20494593947103912
0,56.3765,3.340625,-0.20626626642342458
0,56.3765,3.34375,-0.20760136277359287
0,56.3765,3.3468750000000003,-0.20895142179855852
0,56.3765,3.35,-0.210316640229956
0,56.3765,3.353125,-0.21169721831981775
0,56.3765,3.35625,-0.21309335990791758
0,56.3765,3.359375,-0.2145052724907252
0,56.3765,3.3625000000000003,-0.2159331672920108
0,56.3765,3.365625,-0.21737725933513746
0,56.3765,3.36875,-0.21883776751709214
0,56.3765,3.371875,-0.22031491468428877
0,56.3765,3.375,-0.22180892771019906
0,56.3765,3.3781250000000003,-0.2233200375748529
0,56.3765,3.38125,-0.22484847944625574
0,56.3765,3.384375,-0.2263944927637778
0,56.3765,3.3875,-0.22795832132356203
0,56.3765,3.390625,-0.22954021336600602
0,56.3765,3.3937500000000003,-0.2311404216653736
0,56.3765,3.396875,-0.2327592036215911
0,56.3765,3.4000000000000004,-0.23439682135428938
0,56.3765,3.403125,-0.23605354179914784
0,56.3765,3.40625,-0.23772963680660775
0,56.3765,3.4093750000000003,-0.23942538324301665
0,56.3765,3.4125,-0.24114106309426936
0,56.3765,3.4156250000000004,-0.24287696357201874
0,56.3765,3.41875,-0.24463337722252126
0,56.3765,3.421875,-0.24641060203819665
0,56.3765,3.4250000000000003,-0.2482089415719735
0,56.3765,3.428125,-0.25002870505449987
0,56.3765,3.4312500000000004,-0.25187020751430306
0,56.3765,3.434375,-0.253733769900977
0,56.3765,3.4375,-0.2556197192114899
0,56.3765,3.4406250000000003,-0.2575283886196969
0,56.3765,3.44375,-0.25946011760915155
0,56.3765,3.4468750000000004,-0.26141525210931604
0,56.3765,3.45,-0.26339414463526245
0,56.3765,3.453125,-0.2653971544309747
0,56.3765,3.4562500000000003,-0.2674246476163507
0,56.3765,3.459375,-0.2694769973380215
0,56.3765,3.4625000000000004,-0.2715545839240964
0,56.3765,3.465625,-0.27365779504295235
0,56.3765,3.46875,-0.27578702586619386
0,56.3765,3.4718750000000003,-0.27794267923590465
0,56.3765,3.475,-0.2801251658363238
0,56.3765,3.4781250000000004,-0.2823349043700854
0,56.3765,3.48125,-0.28457232173915586
0,56.3765,3.484375,-0.28683785323062283
0,56.3765,3.4875000000000003,-0.289131942707477
0,56.3765,3.490625,-0.2914550428045517
0,56.3765,3.4937500000000004,-0.29380761512978
0,56.3765,3.496875,-0.2961901304709335
0,56.3765,3.5,-0.29860306900802447
0,56.3765,3.5031250000000003,-0.3010469205315468
0,56.3765,3.50625,-0.30352218466674324
0,56.3765,3.5093750000000004,-0.3060293711040995
0,56.3765,3.5125,-0.30856899983625835
0,56.3765,3.515625,-0.3111416014015717
0,56.3765,3.5187500000000003,-0.3137477171345021
0,56.3765,3.521875,-0.31638789942309853
0,56.3765,3.5250000000000004,-0.3190627119737883
0,56.3765,3.528125,-0.32177273008371526
0,56.3765,3.53125,-0.3245185409208892
0,56.3765,3.5343750000000003,-0.3273007438123977
0,56.3765,3.5375,-0.33011995054095455
0,56.3765,3.5406250000000004,-0.3329767856500719
0,56.3765,3.54375,-0.33587188675813573
0,56.3765,3.546875,-0.3388059048817016
0,56.3765,3.5500000000000003,-0.3417795047683139
0,56.3765,3.553125,-0.34479336523918086
0,56.3765,3.5562500000000004,-0.3478481795420417
0,56.3765,3.559375,-0.3509446557145768
0,56.3765,3.5625,-0.35408351695872725
0,56.3765,3.5656250000000003,-0.35726550202629775
0,56.3765,3.56875,-0.360491365616236
0,56.3765,3.5718750000000004,-0.36376187878399996
0,56.3765,3.575,-0.36707782936342437
0,56.3765,3.578125,-0.37044002240153184
0,56.3765,3.5812500000000003,-0.37384928060673817
0,56.3765,3.584375,-0.3773064448109161
0,56.3765,3.5875000000000004,-0.38081237444581634
0,56.3765,3.590625,-0.3843679480343291
0,56.3765,3.59375,-0.38797406369713106
0,56.3765,3.5968750000000003,-0.3916316396752356
0,56.3765,3.6,-0.395341614869016
0,56.3765,3.6031250000000004,-0.3991049493942816
0,56.3765,3.60625,-0.40292262515599164
0,56.3765,3.609375,-0.4067956464402384
0,56.3765,3.6125000000000003,-0.4107250405251279
0,56.3765,3.615625,-0.414711858311218
0,56.3765,3.6187500000000004,-0.4187571749722013
0,56.3765,3.621875,-0.42286209062652297
0,56.3765,3.625,-0.4270277310306692
0,56.3765,3.6281250000000003,-0.4312552482948634
0,56.3765,3.63125,-0.4355458216219384
0,56.3765,3.6343750000000004,-0.43990065807018697
0,56.3765,3.6375,-0.4443209933409872
0,56.3765,3.640625,-0.44880809259205484
0,56.3765,3.6437500000000003,-0.4533632512771724
0,56.3765,3.646875,-0.4579877960132757
0,56.3765,3.6500000000000004,-0.46268308547581843
0,56.3765,3.653125,-0.46745051132331433
0,56.3765,3.65625,-0.472291499152036
0,56.3765,3.6593750000000003,-0.47720750948181956
0,56.3765,3.6625,-0.4822000387739727
0,56.3765,3.6656250000000004,-0.4872706204823094
0,56.3765,3.66875,-0.49242082613832405
0,56.3765,3.671875,-0.49765226647157895
0,56.3765,3.6750000000000003,-0.5029665925663557
0,56.3765,3.678125,-0.5083654970556682
0,56.3765,3.6812500000000004,-0.5138507153537425
0,56.3765,3.684375,-0.519424026928069
0,56.3765,3.6875,-0.5250872566121777
0,56.3765,3.6906250000000003,-0.5308422759602602
0,56.3765,3.69375,-0.5366910046448035
0,56.3765,3.6968750000000004,-0.5426354118984037
0,56.3765,3.7,-0.5486775180009121
0,56.3765,3.703125,-0.55481939581311
0,56.3765,3.7062500000000003,-0.5610631723580746
0,56.3765,3.709375,-0.567411030451424
0,56.3765,3.7125000000000004,-0.5738652103816241
0,56.3765,3.715625,-0.5804280116415266
0,56.3765,3.71875,-0.5871017947123286
0,56.3765,3.7218750000000003,-0.5938889829011021
0,56.3765,3.725,-0.6007920642330684
0,56.3765,3.7281250000000004,-0.6078135933997778
0,56.3765,3.73125,-0.6149561937643133
0,56.3765,3.734375,-0.622222559424682
0,56.3765,3.7375000000000003,-0.6296154573364895
0,56.3765,3.740625,-0.6371377294960157
0,56.3765,3.7437500000000004,-0.6447922951848009
0,56.3765,3.746875,-0.6525821532767982
0,56.3765,3.75,-0.6605103846092052
0,56.3765,3.7531250000000003,-0.6685801544179918
0,56.3765,3.75625,-0.6767947148392109
0,56.3765,3.7593750000000004,-0.685157407477131
0,56.3765,3.7625,-0.6936716660402023
0,56.3765,3.765625,-0.7023410190459244
0,56.3765,3.7687500000000003,-0.71116909259561
0,56.3765,3.771875,-0.7201596132200688
0,56.3765,3.7750000000000004,-0.7293164107972486
0,56.3765,3.778125,-0.7386434215427924
0,56.3765,3.78125,-0.7481446910745485
0,56.3765,3.7843750000000003,-0.757824377551967
0,56.3765,3.7875,-0.7676867548913178
0,56.3765,3.7906250000000004,-0.7777362160576454
0,56.3765,3.79375,-0.7879772764342198
0,56.3765,3.796875,-0.7984145772702336
0,56.3765,3.8000000000000003,-0.8090528892072697
0,56.3765,3.803125,-0.8198971158849253
0,56.3765,3.8062500000000004,-0.8309522976256876
0,56.3765,3.809375,-0.8422236151987937
0,56.3765,3.8125,-0.8537163936624276
0,56.3765,3.8156250000000003,-0.8654361062829554
0,56.3765,3.81875,-0.877388378529234
0,56.3765,3.8218750000000004,-0.8895789921391564
0,56.3765,3.825,-0.9020138892544155
0,56.3765,3.828125,-0.9146991766182354
0,56.3765,3.8312500000000003,-0.9276411298290842
0,56.3765,3.834375,-0.9408461976415183
0,56.3765,3.8375000000000004,-0.9543210063029683
0,56.3765,3.840625,-0.9680723639124903
0,56.3765,3.84375,-0.9821072647844161
0,56.3765,3.8468750000000003,-0.9964328937960076
0,56.3765,3.85,-1.0110566306940096
0,56.3765,3.8531250000000004,-1.0259860543300925
0,56.3765,3.85625,-1.041228946789552
0,56.3765,3.859375,-1.0567932973714316
0,56.3765,3.8625000000000003,-1.0726873063711413
0,56.3765,3.865625,-1.0889193886088218
0,56.3765,3.8687500000000004,-1.1054981766381338
0,56.3765,3.871875,-1.122432523560542
0,56.3765,3.875,-1.1397315053599815
0,56.3765,3.8781250000000003,-1.1574044226614864
0,56.3765,3.88125,-1.1754608018054296
0,56.3765,3.8843750000000004,-1.1939103951161856
0,56.3765,3.8875,-1.2127631802303303
0,56.3765,3.890625,-1.2320293583352944
0,56.3765,3.8937500000000003,-1.251719351154194
0,56.3765,3.896875,-1.271843796496972
0,56.3765,3.9000000000000004,-1.2924135421818161
0,56.3765,3.903125,-1.3134396381139262
0,56.3765,3.90625,-1.3349333262918028
0,56.3765,3.9093750000000003,-1.3569060284935546
0,56.3765,3.9125,-1.379369331378047
0,56.3765,3.9156250000000004,-1.4023349687178377
0,56.3765,3.91875,-1.4258148004625877
0,56.3765,3.921875,-1.4498207883137273
0,56.3765,3.9250000000000003,-1.4743649674728958
0,56.3765,3.928125,-1.499459414208793
0,56.3765,3.9312500000000004,-1.525116208869419
0,56.3765,3.934375,-1.5513473939492712
0,56.3765,3.9375,-1.5781649268044704
0,56.3765,3.9406250000000003,-1.6055806265928545
0,56.3765,3.94375,-1.6336061150014143
0,56.3765,3.9468750000000004,-1.6622527503103541
0,56.3765,3.95,-1.6915315543319358
0,56.3765,3.953125,-1.721453131754102
0,56.3765,3.9562500000000003,-1.7520275814139161
0,56.3765,3.959375,-1.7832643990256052
0,56.3765,3.9625000000000004,-1.815172370893174
0,56.3765,3.965625,-1.8477594581493724
0,56.3765,3.96875,-1.8810326710833913
0,56.3765,3.9718750000000003,-1.9149979331495899
0,56.3765,3.975,-1.9496599342918168
0,56.3765,3.9781250000000004,-1.9850219732738554
0,56.3765,3.98125,-2.0210857887782447
0,56.3765,3.984375,-2.0578513791265127
0,56.3765,3.9875000000000003,-2.0953168105847886
0,56.3765,3.990625,-2.1334780143535577
0,56.3765,3.9937500000000004,-2.1723285725008985
0,56.3765,3.996875,-2.211859493287054
0,56.3765,4.0,-2.2520589765477816
0,56.3765,4.003125000000001,-2.2929121700553456
0,56.3765,4.00625,-2.3344009180617187
0,56.3765,4.009375,-2.3765035035492836
0,56.3765,4.0125,-2.419194386069013
0,56.3765,4.015625,-2.4624439374368428
0,56.3765,4.018750000000001,-2.506218177979771
0,56.3765,4.021875,-2.550478516474669
0,56.3765,4.025,-2.595181497397646
0,56.3765,4.028125,-2.640278559593068
0,56.3765,4.03125,-2.685715810972762
0,56.3765,4.034375000000001,-2.731433824352194
0,56.3765,4.0375,-2.777367460011827
0,56.3765,4.040625,-2.8234457210197186
0,56.3765,4.04375,-2.8695916477463315
0,56.3765,4.046875,-2.9157222583256353
0,56.3765,4.050000000000001,-2.961748542039107
0,56.3765,4.053125,-3.007575512699101
0,56.3765,4.05625,-3.053102329054678
0,56.3765,4.059375,-3.0982224890075902
0,56.3765,4.0625,-3.14282410398306
0,56.3765,4.065625000000001,-3.1867902591189017
0,56.3765,4.06875,-3.2299994639989165
0,56.3765,4.071875,-3.2723261974431397
0,56.3765,4.075,-3.313641548369946
0,56.3765,4.078125,-3.353813952967389
0,56.3765,4.081250000000001,-3.392710026364269
0,56.3765,4.084375,-3.430195484708501
0,56.3765,4.0875,-3.4661361510841338
0,56.3765,4.090625,-3.5003990360913764
0,56.3765,4.09375,-3.532853481256438
0,56.3765,4.096875000000001,-3.563372350819713
0,56.3765,4.1,-3.5918332549800973
0,56.3765,4.103125,-3.6181197854603995
0,56.3765,4.10625,-3.6421227424185214
0,56.3765,4.109375,-3.6637413303735284
0,56.3765,4.112500000000001,-3.682884300041005
0,56.3765,4.115625,-3.699471012861875
0,56.3765,4.11875,-3.7134324056170973
0,56.3765,4.121875,-3.7247118338732936
0,56.3765,4.125,-3.7332657750932077
0,56.3765,4.128125000000001,-3.739064375023331
0,56.3765,4.13125,-3.7420918243595382
0,56.3765,4.134375,-3.7423465565757037
0,56.3765,4.1375,-3.739841262038959
0,56.3765,4.140625,-3.7346027179679115
0,56.3765,4.143750000000001,-3.726671438244047
0,56.3765,4.146875,-3.716101151388639
0,56.3765,4.15,-3.702958119002728
0,56.3765,4.153125,-3.687320310489164
0,56.3765,4.15625,-3.669276452811358
0,56.3765,4.159375000000001,-3.648924976303881
0,56.3765,4.1625,-3.6263728790795704
0,56.3765,4.165625,-3.6017345333579796
0,56.3765,4.16875,-3.575130457087357
0,56.3765,4.171875,-3.5466860735933547
0,56.3765,4.175000000000001,-3.516530480738674
0,56.3765,4.178125,-3.484795249311833
0,56.3765,4.18125,-3.451613268189234
0,56.3765,4.184375,-3.417117651348215
0,56.3765,4.1875,-3.3814407191625655
0,56.3765,4.190625000000001,-3.344713063698287
0,56.3765,4.19375,-3.3070627050423345
0,56.3765,4.196875,-3.2686143431274286
0,56.3765,4.2,-3.2294887071315914
0,56.3765,4.203125,-3.1898020023820925
0,56.3765,4.206250000000001,-3.149665452819212
0,56.3765,4.209375,-3.1091849354924657
0,56.3765,4.2125,-3.0684607022786574
0,56.3765,4.215625,-3.0275871830214576
0,56.3765,4.21875,-2.9866528635779446
0,56.3765,4.221875000000001,-2.9457402317996118
0,56.3765,4.225,-2.904925784241493
0,56.3765,4.228125,-2.864280086354822
0,56.3765,4.23125,-2.823867879043463
0,56.3765,4.234375,-2.783748224718388
0,56.3765,4.237500000000001,-2.743974686340885
0,56.3765,4.240625,-2.704595533372494
0,56.3765,4.24375,-2.6656539690256316
0,56.3765,4.246875,-2.6271883737115904
0,56.3765,4.25,-2.5892325600925643
0,56.3765,4.253125000000001,-2.5518160356502193
0,56.3765,4.25625,-2.514964269170849
0,56.3765,4.259375,-2.478698958010062
0,56.3765,4.2625,-2.443038293432985
0,56.3765,4.265625,-2.407997221723712
0,56.3765,4.268750000000001,-2.373587699122384
0,56.3765,4.271875,-2.339818938976646
0,56.3765,4.275,-2.3066976497896596
0,56.3765,4.278125,-2.274228263111538
0,56.3765,4.28125,-2.242413150455563
0,56.3765,4.284375000000001,-2.211252828630903
0,56.3765,4.2875,-2.1807461530692396
0,56.3765,4.290625,-2.1508904988887196
0,56.3765,4.29375,-2.12168192958668
0,56.3765,4.296875,-2.093115353383281
0,56.3765,4.300000000000001,-2.0651846673558074
0,56.3765,4.303125,-2.0378828896060437
0,56.3765,4.30625,-2.0112022797937206
0,56.3765,4.309375,-1.9851344484476092
0,56.3765,4.3125,-1.9596704555312752
0,56.3765,4.315625000000001,-1.9348008987955452
0,56.3765,4.31875,-1.91051599249184
0,56.3765,4.321875,-1.88680563705143
0,56.3765,4.325,-1.8636594803558133
0,56.3765,4.328125,-1.841066971231638
0,56.3765,4.331250000000001,-1.819017405802983
0,56.3765,4.334375,-1.7974999673231398
0,56.3765,4.3375,-1.7765037600897118
0,56.3765,4.340625,-1.7560178380221803
0,56.3765,4.34375,-1.7360312284504371
0,56.3765,4.346875000000001,-1.7165329516296621
0,56.3765,4.35,-1.6975120364610123
0,56.3765,4.353125,-1.678957532861792
0,56.3765,4.35625,-1.660858521194554
0,56.3765,4.359375,-1.6432041191322988
0,56.3765,4.362500000000001,-1.6259834863098055
0,56.3765,4.365625,-1.6091858270881614
0,56.3765,4.36875,-1.5928003917430797
0,56.3765,4.371875,-1.5768164763777879
0,56.3765,4.375,-1.5612234218576753
0,56.3765,4.378125000000001,-1.5460106120679027
0,56.3765,4.38125,-1.5311674718048722
0,56.3765,4.384375,-1.516683464627942
0,56.3765,4.3875,-1.5025480910178277
0,56.3765,4.390625,-1.488750887210187
0,56.3765,4.393750000000001,-1.4752814250962487
0,56.3765,4.396875,-1.4621293136030078
0,56.3765,4.4,-1.4492842019813592
0,56.3765,4.403125,-1.4367357854381326
0,56.3765,4.40625,-1.4244738135429684
0,56.3765,4.409375000000001,-1.412488101820728
0,56.3765,4.4125,-1.400768546899934
0,56.3765,4.415625,-1.3893051455249048
0,56.3765,4.41875,-1.3780880176514148
0,56.3765,4.421875,-1.3671074337304927
0,56.3765,4.425000000000001,-1.3563538461439375
0,56.3765,4.428125,-1.3458179245887272
0,56.3765,4.43125,-1.3354905950210612
0,56.3765,4.434375,-1.3253630815706152
0,56.3765,4.4375,-1.3154269506305307
0,56.3765,4.440625000000001,-1.3056741561308816
0,56.3765,4.44375,-1.29609708482518
0,56.3765,4.446875,-1.286688600275444
0,56.3765,4.45,-1.2774420841253962
0,56.3765,4.453125,-1.2683514732152141
0,56.3765,4.456250000000001,-1.2594112911253317
0,56.3765,4.459375,-1.2506166728454255
0,56.3765,4.4625,-1.2419633814483775
0,56.3765,4.465625,-1.2334478159017224
0,56.3765,4.46875,-1.2250670094586262
0,56.3765,4.471875000000001,-1.216818618420342
0,56.3765,4.475,-1.2087009014306833
0,56.3765,4.478125,-1.2007126898275113
0,56.3765,4.48125,-1.192853349913505
0,56.3765,4.484375,-1.185122738296965
0,56.3765,4.487500000000001,-1.1775211516770396
0,56.3765,4.490625,-1.1700492725944684
0,56.3765,4.49375,-1.1627081127340038
0,56.3765,4.496875,-1.1554989553497177
0,56.3765,4.5,-1.1484232982959337
0,56.3765,4.503125000000001,-1.1414827989971998
0,56.3765,4.50625,-1.1346792224947133
0,56.3765,4.509375,-1.1280143934806983
0,56.3765,4.5125,-1.1214901529927872
0,56.3765,4.515625,-1.115108320201927
0,56.3765,4.518750000000001,-1.1088706595029127
0,56.3765,4.521875,-1.1027788529153213
0,56.3765,4.525,-1.0968344776312056
0,56.3765,4.528125,-1.0910389884078695
0,56.3765,4.53125,-1.0853937043998172
0,56.3765,4.534375000000001,-1.0798997999527091
0,56.3765,4.5375,-1.0745582988404536
0,56.3765,4.540625,-1.0693700714106462
0,56.3765,4.54375,-1.0643358341090525
0,56.3765,4.546875,-1.0594561508757265
0,56.3765,4.550000000000001,-1.0547314359398008
0,56.3765,4.553125,-1.050161957582517
0,56.3765,4.55625,-1.045747842485603
0,56.3765,4.559375,-1.0414890803318493
0,56.3765,4.5625,-1.0373855283742477
0,56.3765,4.565625000000001,-1.0334369157381855
0,56.3765,4.56875,-1.0296428472664532
0,56.3765,4.571875,-1.0260028067587745
0,56.3765,4.575,-1.0225161594959666
0,56.3765,4.578125,-1.0191821539733528
0,56.3765,4.581250000000001,-1.0159999227992762
0,56.3765,4.584375,-1.0129684827423686
0,56.3765,4.5875,-1.0100867339363024
0,56.3765,4.590625,-1.0073534582733579
0,56.3765,4.59375,-1.00476731703867
0,56.3765,4.596875000000001,-1.0023268478560103
0,56.3765,4.6,-1.0000304610335462
0,56.3765,4.603125,-0.9978764354146149
0,56.3765,4.60625,-0.9958629138543291
0,56.3765,4.609375,-0.9939878984577618
0,56.3765,4.612500000000001,-0.9922492457297893
0,56.3765,4.615625,-0.9906446618000319
0,56.3765,4.61875,-0.989171697898732
0,56.3765,4.621875,-0.98782774627049
0,56.3765,4.625,-0.986610036722066
0,56.3765,4.628125000000001,-0.9855156340076618
0,56.3765,4.63125,-0.984541436259486
0,56.3765,4.634375,-0.9836841746725458
0,56.3765,4.6375,-0.9829404146498573
0,56.3765,4.640625,-0.982306558606972
0,56.3765,4.643750000000001,-0.981778850622545
0,56.3765,4.646875,-0.9813533831039618
0,56.3765,4.65,-0.9810261056137825
0,56.3765,4.653125,-0.9807928359736177
0,56.3765,4.65625,-0.9806492737274375
0,56.3765,4.659375000000001,-0.9805910160063507
0,56.3765,4.6625,-0.9806135757925231
0,56.3765,4.665625,-0.9807124025318242
0,56.3765,4.66875,-0.9808829049943356
0,56.3765,4.671875,-0.9811204762303017
0,56.3765,4.675000000000001,-0.9814205204179145
0,56.3765,4.678125,-0.9817784813500738
0,56.3765,4.68125,-0.9821898722612975
0,56.3765,4.684375,-0.9826503066546376
0,56.3765,4.6875,-0.983155529752755
0,56.3765,4.690625000000001,-0.9837014501679455
0,56.3765,4.69375,-0.9842841713632523
0,56.3765,4.696875,-0.984900022460864
0,56.3765,4.7,-0.9855455879444346
0,56.3765,4.703125,-0.9862177357983712
0,56.3765,4.706250000000001,-0.9869136436287336
0,56.3765,4.709375,-0.9876308223167729
0,56.3765,4.7125,-0.988367136766695
0,56.3765,4.715625,-0.9891208233238868
0,56.3765,4.71875,-0.9898905034586415
0,56.3765,4.721875000000001,-0.9906751933338493
0,56.3765,4.725,-0.9914743089038272
0,56.3765,4.728125,-0.9922876662263487
0,56.3765,4.73125,-0.9931154767117786
0,56.3765,4.734375,-0.9939583370827383
0,56.3765,4.737500000000001,-0.9948172138751957
0,56.3765,4.740625,-0.9956934223770884
0,56.3765,4.74375,-0.9965885999728188
0,56.3765,4.746875,-0.9975046739398332
0,56.3765,4.75,-0.9984438238251209
0,56.3765,4.753125000000001,-0.9994084386126214
0,56.3765,4.75625,-1.0004010689747214
0,56.3765,4.759375,-1.0014243749798966
0,56.3765,4.7625,-1.0024810697019153
0,56.3765,4.765625,-1.0035738592422612
0,56.3765,4.768750000000001,-1.0047053797354992
0,56.3765,4.771875,-1.0058781319568835
0,56.3765,4.775,-1.0070944141930942
0,56.3765,4.778125,-1.0083562540715716
0,56.3765,4.78125,-1.009665340073343
0,56.3765,4.784375000000001,-1.0110229534802795
0,56.3765,4.7875,-1.0124299015327043
0,56.3765,4.790625,-1.0138864525989826
0,56.3765,4.79375,-1.015392274186749
0,56.3765,4.796875,-1.016946374656551
0,56.3765,4.800000000000001,-1.0185470495326816
0,56.3765,4.803125,-1.0201918333415074
0,56.3765,4.80625,-1.0218774579419554
0,56.3765,4.809375,-1.0235998183419175
0,56.3765,4.8125,-1.0253539470126636
0,56.3765,4.815625000000001,-1.027133997714329
0,56.3765,4.81875,-1.0289332398216953
0,56.3765,4.821875,-1.03074406408304
0,56.3765,4.825,-1.0325580006483563
0,56.3765,4.828125,-1.034365750060758
0,56.3765,4.831250000000001,-1.0361572277121853
0,56.3765,4.834375,-1.0379216220210543
0,56.3765,4.8375,-1.0396474662982176
0,56.3765,4.840625,-1.041322723936305
0,56.3765,4.84375,-1.0429348861986998
0,56.3765,4.846875000000001,-1.0444710815146316
0,56.3765,4.85,-1.0459181948264775
0,56.3765,4.853125,-1.047262995205906
0,56.3765,4.85625,-1.048492269678574
0,56.3765,4.859375,-1.0495929609913084
0,56.3765,4.862500000000001,-1.0505523069347853
0,56.3765,4.865625,-1.0513579788055807
0,56.3765,4.86875,-1.0519982166531257
0,56.3765,4.871875,-1.0524619591006033
0,56.3765,4.875,-1.0527389657385566
0,56.3765,4.878125000000001,-1.0528199303452666
0,56.3765,4.88125,-1.0526965834662139
0,56.3765,4.884375,-1.0523617831642673
0,56.3765,4.8875,-1.051809593014331
0,56.3765,4.890625,-1.0510353466482032
0,56.3765,4.893750000000001,-1.0500356983512618
0,56.3765,4.896875,-1.048808659372639
0,56.3765,4.9,-1.0473536197409739
0,56.3765,4.903125,-1.045671355488673
0,56.3765,4.90625,-1.0437640212906767
0,56.3765,4.909375000000001,-1.0416351286308287
0,56.3765,4.9125,-1.039289509729364
0,56.3765,4.915625,-1.0367332676049974
0,56.3765,4.91875,-1.0339737128064304
0,56.3765,4.921875,-1.0310192875283806
0,56.3765,4.925000000000001,-1.0278794780205203
0,56.3765,4.928125,-1.024564716394697
0,56.3765,4.93125,-1.0210862731258563
0,56.3765,4.934375,-1.01745614171363
0,56.3765,4.9375,-1.013686917113703
0,56.3765,4.940625000000001,-1.0097916696517446
0,56.3765,4.94375,-1.005783816190709
0,56.3765,4.946875,-1.0016769903308613
0,56.3765,4.95,-0.9974849133801083
0,56.3765,4.953125,-0.9932212677419987
0,56.3765,4.956250000000001,-0.9888995742354975
0,56.3765,4.959375,-0.98453307469115
0,56.3765,4.9625,-0.9801346209717535
0,56.3765,4.965625,-0.9757165713519884
0,56.3765,4.96875,-0.9712906949706616
0,56.3765,4.971875000000001,-0.9668680848514415
0,56.3765,4.975,-0.9624590797818171
0,56.3765,4.978125,-0.9580731951532747
0,56.3765,4.98125,-0.9537190627043459
0,56.3765,4.984375,-0.9494043789761936
0,56.3765,4.987500000000001,-0.9451358621905713
0,56.3765,4.990625,-0.9409192171926273
0,56.3765,4.99375,-0.936759108065602
0,56.3765,4.996875,-0.9326591380188215
0,56.3765,5.0,-0.9286218361711714
0,56.3765,5.003125,-0.9246486508957632
0,56.3765,5.0062500000000005,-0.9207399494529233
0,56.3765,5.009375,-0.916895023713167
0,56.3765,5.0125,-0.9131121018541907
0,56.3765,5.015625,-0.9093883660010221
0,56.3765,5.01875,-0.9057199758609485
0,56.3765,5.0218750000000005,-0.9021020984798239
0,56.3765,5.025,-0.8985289443089056
0,56.3765,5.028125,-0.894993809817053
0,56.3765,5.03125,-0.8914891269078591
0,56.3765,5.034375,-0.8880065194014648
0,56.3765,5.0375000000000005,-0.8845368668135752
0,56.3765,5.040625,-0.8810703756074383
0,56.3765,5.04375,-0.8775966580070337
0,56.3765,5.046875,-0.8741048183415289
0,56.3765,5.05,-0.8705835467432854
0,56.3765,5.0531250000000005,-0.867021219847127
0,56.3765,5.05625,-0.8634060079412876
0,56.3765,5.059375,-0.8597259878061198
0,56.3765,5.0625,-0.855969260252624
0,56.3765,5.065625,-0.8521240711475012
0,56.3765,5.0687500000000005,-0.8481789344945714
0,56.3765,5.071875,-0.8441227559444794
0,56.3765,5.075,-0.8399449549362069
0,56.3765,5.078125,-0.8356355835457502
0,56.3765,5.08125,-0.8311854400387657
0,56.3765,5.0843750000000005,-0.8265861751033352
0,56.3765,5.0875,-0.8218303887821857
0,56.3765,5.090625,-0.8169117162339504
0,56.3765,5.09375,-0.8118249006308824
0,56.3765,5.096875,-0.8065658517423846
0,56.3765,5.1000000000000005,-0.8011316890536037
0,56.3765,5.103125,-0.7955207686162377
0,56.3765,5.10625,-0.7897326932119898
0,56.3765,5.109375,-0.7837683058130707
0,56.3765,5.1125,-0.7776296667321144
0,56.3765,5.1156250000000005,-0.7713200152491039
0,56.3765,5.11875,-0.764843716868546
0,56.3765,5.121875,-0.7582061976808939
0,56.3765,5.125,-0.7514138675650152
0,56.3765,5.128125,-0.744474034163076
0,56.3765,5.1312500000000005,-0.7373948096792844
0,56.3765,5.134375,-0.7301850125968943
0,56.3765,5.1375,-0.7228540663755517
0,56.3765,5.140625,-0.7154118970894037
0,56.3765,5.14375,-0.7078688318047042
0,56.3765,5.1468750000000005,-0.7002354992867643
0,56.3765,5.15,-0.6925227343845436
0,56.3765,5.153125,-0.6847414871826769
0,56.3765,5.15625,-0.6769027377510518
0,56.3765,5.159375,-0.6690174170751085
0,56.3765,5.1625000000000005,-0.661096334527885
0,56.3765,5.165625,-0.6531501120558464
0,56.3765,5.16875,-0.6451891250994182
0,56.3765,5.171875,-0.6372234501569218
0,56.3765,5.175,-0.6292628188243462
0,56.3765,5.1781250000000005,-0.6213165780978406
0,56.3765,5.18125,-0.6133936567034347
0,56.3765,5.184375,-0.6055025372111956
0,56.3765,5.1875,-0.597651233691179
0,56.3765,5.190625,-0.5898472746692536
0,56.3765,5.1937500000000005,-0.5820976911377508
0,56.3765,5.196875,-0.5744090093660332
0,56.3765,5.2,-0.5667872482389796
0,56.3765,5.203125,-0.5592379208282566
0,56.3765,5.20625,-0.5517660398742397
0,56.3765,5.2093750000000005,-0.5443761268288201
0,56.3765,5.2125,-0.537072224084043
0,56.3765,5.215625,-0.5298579099913897
0,56.3765,5.21875,-0.5227363162637626
0,56.3765,5.221875,-0.5157101473479633
0,56.3765,5.2250000000000005,-0.5087817013603233
0,56.3765,5.228125,-0.5019528921917124
0,56.3765,5.23125,-0.4952252724094966
0,56.3765,5.234375,-0.488600056611863
0,56.3765,5.2375,-0.48207814492251805
0,56.3765,5.2406250000000005,-0.47566014634959425
0,56.3765,5.24375,-0.46934640176997233
0,56.3765,5.246875,-0.46313700633769517
0,56.3765,5.25,-0.45703183115165336
0,56.3765,5.253125,-0.4510305440521058
0,56.3765,5.2562500000000005,-0.4451326294473889
0,56.3765,5.259375,-0.43933740710079283
0,56.3765,5.2625,-0.4336440498328341
0,56.3765,5.265625,-0.428051600116049
0,56.3765,5.26875,-0.4225589855578924
0,56.3765,5.2718750000000005,-0.4171650332827116
0,56.3765,5.275,-0.4118684832361738
0,56.3765,5.278125,-0.40666800044529744
0,56.3765,5.28125,-0.4015621862747372
0,56.3765,5.284375,-0.3965495887253561
0,56.3765,5.2875000000000005,-0.3916287118248281
0,56.3765,5.290625,-0.38679802416228215
0,56.3765,5.29375,-0.38205596661998087
0,56.3765,5.296875,-0.37740095935516627
0,56.3765,5.3,-0.3728314080844274
0,56.3765,5.3031250000000005,-0.3683457097216781
0,56.3765,5.30625,-0.3639422574190496
0,56.3765,5.309375,-0.35961944505789634
0,56.3765,5.3125,-0.35537567123482533
0,56.3765,5.315625,-0.35120934278515603
0,56.3765,5.3187500000000005,-0.34711887788370765
0,56.3765,5.321875,-0.3431027087602467
0,56.3765,5.325,-0.3391592840643858
0,56.3765,5.328125,-0.33528707091228166
0,56.3765,5.33125,-0.33148455664504733
0,56.3765,5.3343750000000005,-0.327750250326534
0,56.3765,5.3375,-0.32408268400593715
0,56.3765,5.340625,-0.3204804137686131
0,56.3765,5.34375,-0.31694202059657595
0,56.3765,5.346875,-0.3134661110582933
0,56.3765,5.3500000000000005,-0.3100513178457238
0,56.3765,5.353125,-0.3066963001749595
0,56.3765,5.35625,-0.3033997440653603
0,56.3765,5.359375,-0.30016036251074124
0,56.3765,5.3625,-0.2969768955549052
0,56.3765,5.3656250000000005,-0.2938481102826782
0,56.3765,5.36875,-0.290772800736554
0,56.3765,5.371875,-0.28774978776807464
0,56.3765,5.375,-0.28477791883221704
0,56.3765,5.378125,-0.281856067732221
0,56.3765,5.3812500000000005,-0.27898313432157285
0,56.3765,5.384375,-0.2761580441691869
0,56.3765,5.3875,-0.27337974819320243
0,56.3765,5.390625,-0.27064722226827786
0,56.3765,5.39375,-0.26795946681074
0,56.3765,5.3968750000000005,-0.26531550634549633
0,56.3765,5.4,-0.26271438905820027
0,56.3765,5.403125,-0.26015518633577644
0,56.3765,5.40625,-0.2576369922980845
0,56.3765,5.409375,-0.25515892332317475
0,56.3765,5.4125000000000005,-0.2527201175683208
0,56.3765,5.415625,-0.25031973448875827
0,56.3765,5.41875,-0.2479569543558237
0,56.3765,5.421875,-0.2456309777759996
0,56.3765,5.425,-0.24334102521216677
0,56.3765,5.4281250000000005,-0.24108633650821046
0,56.3765,5.43125,-0.23886617041797595
0,56.3765,5.434375,-0.2366798041394233
0,56.3765,5.4375,-0.23452653285473038
0,56.3765,5.440625,-0.23240566927696438
0,56.3765,5.4437500000000005,-0.2303165432038564
0,56.3765,5.446875,-0.22825850107912773
0,56.3765,5.45,-0.2262309055617232
0,56.3765,5.453125,-0.22423313510326598
0,56.3765,5.45625,-0.22226458353395667
0,56.3765,5.4593750000000005,-0.22032465965710318
0,56.3765,5.4625,-0.21841278685241663
0,56.3765,5.465625,-0.2165284026881542
0,56.3765,5.46875,-0.21467095854216994
0,56.3765,5.471875,-0.21283991923188614
0,56.3765,5.4750000000000005,-0.211034762653173
0,56.3765,5.478125,-0.2092549794281038
0,56.3765,5.48125,-0.2075000725615156
0,56.3765,5.484375,-0.20576955710630992
0,56.3765,5.4875,-0.20406295983738337
0,56.3765,5.4906250000000005,-0.2023798189340855
0,56.3765,5.49375,-0.200719683671078
0,56.3765,5.496875,-0.19908211411745735
0,56.3765,5.5,-0.19746668084400668
0,56.3765,5.503125,-0.1958729646384173
0,56.3765,5.5062500000000005,-0.19430055622833145
0,56.3765,5.509375,-0.1927490560120428
0,56.3765,5.5125,-0.1912180737966875
0,56.3765,5.515625,-0.18970722854376512
0,56.3765,5.51875,-0.18821614812181733
0,56.3765,5.5218750000000005,-0.18674446906609438
0,56.3765,5.525,-0.18529183634504304
0,56.3765,5.528125,-0.18385790313343853
0,56.3765,5.53125,-0.18244233059200224
0,56.3765,5.534375,-0.18104478765332915
0,56.3765,5.5375000000000005,-0.17966495081396067
0,56.3765,5.540625,-0.17830250393244196
0,56.3765,5.54375,-0.17695713803319443
0,56.3765,5.546875,-0.1756285511160517
0,56.3765,5.55,-0.17431644797129575
0,56.3765,5.5531250000000005,-0.17302054000004172
0,56.3765,5.55625,-0.17174054503981953
0,56.3765,5.559375,-0.1704761871952011
0,56.3765,5.5625,-0.16922719667333297
0,56.3765,5.565625,-0.16799330962422718
0,56.3765,5.5687500000000005,-0.16677426798567432
0,56.3765,5.571875,-0.1655698193326435
0,56.3765,5.575,-0.16437971673103186
0,56.3765,5.578125,-0.163203718595643
0,56.3765,5.58125,-0.16204158855226122
0,56.3765,5.5843750000000005,-0.16089309530370277
0,56.3765,5.5875,-0.15975801249972457
0,56.3765,5.590625,-0.1586361186106724
0,56.3765,5.59375,-0.15752719680475863
0,56.3765,5.596875,-0.1564310348288592
0,56.3765,5.6000000000000005,-0.1553474248927203
0,56.3765,5.603125,-0.15427616355647755
0,56.3765,5.60625,-0.1532170516213789
0,56.3765,5.609375,-0.15216989402362202
0,56.3765,5.6125,-0.15113449973120574
0,56.3765,5.6156250000000005,-0.15011068164370664
0,56.3765,5.61875,-0.14909825649489142
0,56.3765,5.621875,-0.1480970447580753
0,56.3765,5.625,-0.1471068705541491
0,56.3765,5.628125,-0.14612756156218795
0,56.3765,5.6312500000000005,-0.14515894893256515
0,56.3765,5.634375,-0.14420086720249753
0,56.3765,5.6375,-0.14325315421394075
0,56.3765,5.640625,-0.14231565103377306
0,56.3765,5.64375,-0.14138820187618992
0,56.3765,5.6468750000000005,-0.14047065402724576
0,56.3765,5.65,-0.1395628577714795
0,56.3765,5.653125,-0.13866466632055466
0,56.3765,5.65625,-0.1377759357438603
0,56.3765,5.659375,-0.13689652490100884
0,56.3765,5.6625000000000005,-0.136026295376175
0,56.3765,5.665625,-0.13516511141422108
0,56.3765,5.66875,-0.13431283985855214
0,56.3765,5.671875,-0.13346935009065297
0,56.3765,5.675,-0.1326345139712539
0,56.3765,5.6781250000000005,-0.13180820578307653
0,56.3765,5.68125,-0.13099030217511487
0,56.3765,5.684375,-0.13018068210840159
0,56.3765,5.6875,-0.12937922680321995
0,56.3765,5.690625,-0.12858581968771568
0,56.3765,5.6937500000000005,-0.12780034634786755
0,56.3765,5.696875,-0.1270226944787787
0,56.3765,5.7,-0.12625275383724496
0,56.3765,5.703125,-0.12549041619556917
0,56.3765,5.70625,-0.12473557529657853
0,56.3765,5.7093750000000005,-0.12398812680981453
0,56.3765,5.7125,-0.12324796828885927
0,56.3765,5.715625,-0.1225149991297628
0,56.3765,5.71875,-0.12178912053054516
0,56.3765,5.721875,-0.12107023545173597
0,56.3765,5.7250000000000005,-0.12035824857792535
0,56.3765,5.728125,-0.1196530662802962
0,56.3765,5.73125,-0.11895459658010775
0,56.3765,5.734375,-0.11826274911310557
0,56.3765,5.7375,-0.11757743509483094
0,56.3765,5.7406250000000005,-0.1168985672868024
0,56.3765,5.74375,-0.11622605996354712
0,56.3765,5.746875,-0.1155598288804547
0,56.3765,5.75,-0.11489979124243392
0,56.3765,5.753125,-0.11424586567334674
0,56.3765,5.7562500000000005,-0.11359797218619945
0,56.3765,5.759375,-0.11295603215406926
0,56.3765,5.7625,-0.11231996828174391
0,56.3765,5.765625,-0.11168970457805873
0,56.3765,5.76875,-0.11106516632890683
0,56.3765,5.7718750000000005,-0.11044628007090752
0,56.3765,5.775,-0.10983297356571267
0,56.3765,5.778125,-0.10922517577493333
0,56.3765,5.78125,-0.1086228168356718
0,56.3765,5.784375,-0.10802582803663946
0,56.3765,5.7875000000000005,-0.10743414179484681
0,56.3765,5.790625,-0.10684769163284918
0,56.3765,5.79375,-0.10626641215653217
0,56.3765,5.796875,-0.1056902390334241
0,56.3765,5.800000000000001,-0.10511910897151927
0,56.3765,5.8031250000000005,-0.10455295969860046
0,56.3765,5.80625,-0.10399172994204457
0,56.3765,5.809375,-0.10343535940910072
0,56.3765,5.8125,-0.10288378876762759
0,56.3765,5.815625000000001,-0.10233695962727658
0,56.3765,5.8187500000000005,-0.10179481452111178
0,56.3765,5.821875,-0.10125729688765145
0,56.3765,5.825,-0.10072435105332281
0,56.3765,5.828125,-0.1001959222153187
0,56.3765,5.831250000000001,-0.09967195642484447
0,56.3765,5.8343750000000005,-0.09915240057074626
0,56.3765,5.8375,-0.09863720236350966
0,56.3765,5.840625,-0.09812631031961973
0,56.3765,5.84375,-0.09761967374627352
0,56.3765,5.846875000000001,-0.09711724272643453
0,56.3765,5.8500000000000005,-0.09661896810422203
0,56.3765,5.853125,-0.09612480147062492
0,56.3765,5.85625,-0.09563469514953366
0,56.3765,5.859375,-0.09514860218408057
0,56.3765,5.862500000000001,-0.0946664763232819
0,56.3765,5.8656250000000005,-0.09418827200897327
0,56.3765,5.86875,-0.09371394436303104
0,56.3765,5.871875,-0.09324344917487273
0,56.3765,5.875,-0.09277674288923025
0,56.3765,5.878125000000001,-0.09231378259418704
0,56.3765,5.8812500000000005,-0.09185452600947487
0,56.3765,5.884375,-0.0913989314750222
0,56.3765,5.8875,-0.0909469579397485
0,56.3765,5.890625,-0.09049856495059874
0,56.3765,5.893750000000001,-0.0900537126418114
0,56.3765,5.8968750000000005,-0.08961236172441563
0,56.3765,5.9,-0.08917447347594937
0,56.3765,5.903125,-0.08874000973039589
0,56.3765,5.90625,-0.08830893286833232
0,56.3765,5.909375000000001,-0.0878812058072841
0,56.3765,5.9125000000000005,-0.08745679199228239
0,56.3765,5.915625,-0.08703565538661683
0,56.3765,5.91875,-0.08661776046278195
0,56.3765,5.921875,-0.0862030721936105
0,56.3765,5.925000000000001,-0.08579155604358978
0,56.3765,5.9281250000000005,-0.08538317796035738
0,56.3765,5.93125,-0.08497790436637048
0,56.3765,5.934375,-0.08457570215074639
0,56.3765,5.9375,-0.08417653866126881
0,56.3765,5.940625000000001,-0.08378038169655719
0,56.3765,5.9437500000000005,-0.08338719949839446
0,56.3765,5.946875,-0.08299696074420923
0,56.3765,5.95,-0.08260963453971015
0,56.3765,5.953125,-0.08222519041166766
0,56.3765,5.956250000000001,-0.08184359830083997
0,56.3765,5.9593750000000005,-0.08146482855504092
0,56.3765,5.9625,-0.08108885192234433
0,56.3765,5.965625,-0.08071563954442425
0,56.3765,5.96875,-0.0803451629500263
0,56.3765,5.971875000000001,-0.07997739404856746
0,56.3765,5.9750000000000005,-0.07961230512386192
0,56.3765,5.978125,-0.07924986882796924
0,56.3765,5.98125,-0.07889005817516288
0,56.3765,5.984375,-0.07853284653601597
0,56.3765,5.987500000000001,-0.07817820763160209
0,56.3765,5.9906250000000005,-0.07782611552780754
0,56.3765,5.99375,-0.07747654462975379
0,56.3765,5.996875,-0.07712946967632657
0,56.3765,6.0,-0.0767848657348107
