"Current","Field","Frequency","Spectra"
0,48.560599999999994,1.0,-0.022072874144223334
0,48.560599999999994,1.003125,-0.0221462869439844
0,48.560599999999994,1.00625,-0.022220184999621855
0,48.560599999999994,1.009375,-0.022294573391653517
0,48.560599999999994,1.0125,-0.022369457272319936
0,48.560599999999994,1.015625,-0.022444841866833723
0,48.560599999999994,1.01875,-0.022520732474654484
0,48.560599999999994,1.021875,-0.022597134470789957
0,48.560599999999994,1.025,-0.022674053307124034
0,48.560599999999994,1.028125,-0.022751494513772116
0,48.560599999999994,1.03125,-0.022829463700464656
0,48.560599999999994,1.034375,-0.022907966557959382
0,48.560599999999994,1.0375,-0.022987008859483092
0,48.560599999999994,1.040625,-0.023066596462203468
0,48.560599999999994,1.04375,-0.023146735308731816
0,48.560599999999994,1.046875,-0.02322743142865741
0,48.560599999999994,1.05,-0.0233086909401142
0,48.560599999999994,1.053125,-0.023390520051380682
0,48.560599999999994,1.05625,-0.023472925062513625
0,48.560599999999994,1.059375,-0.023555912367016745
0,48.560599999999994,1.0625,-0.02363948845354478
0,48.560599999999994,1.065625,-0.023723659907644214
0,48.560599999999994,1.06875,-0.023808433413531272
0,48.560599999999994,1.071875,-0.02389381575590824
0,48.560599999999994,1.075,-0.02397981382181906
0,48.560599999999994,1.078125,-0.02406643460254497
0,48.560599999999994,1.08125,-0.02415368519554151
0,48.560599999999994,1.084375,-0.024241572806417658
0,48.560599999999994,1.0875,-0.024330104750958117
0,48.560599999999994,1.090625,-0.02441928845719019
0,48.560599999999994,1.09375,-0.02450913146749583
0,48.560599999999994,1.096875,-0.024599641440770408
0,48.560599999999994,1.1,-0.024690826154629267
0,48.560599999999994,1.103125,-0.024782693507663104
0,48.560599999999994,1.10625,-0.02487525152174368
0,48.560599999999994,1.109375,-0.024968508344380882
0,48.560599999999994,1.1125,-0.02506247225113264
0,48.560599999999994,1.115625,-0.025157151648068928
0,48.560599999999994,1.11875,-0.025252555074291312
0,48.560599999999994,1.121875,-0.025348691204509298
0,48.560599999999994,1.125,-0.025445568851675277
0,48.560599999999994,1.128125,-0.025543196969679174
0,48.560599999999994,1.13125,-0.025641584656104686
0,48.560599999999994,1.134375,-0.025740741155048437
0,48.560599999999994,1.1375,-0.025840675860003978
0,48.560599999999994,1.140625,-0.025941398316811942
0,48.560599999999994,1.14375,-0.026042918226678577
0,48.560599999999994,1.146875,-0.026145245449263905
0,48.560599999999994,1.15,-0.02624839000584181
0,48.560599999999994,1.153125,-0.026352362082533692
0,48.560599999999994,1.15625,-0.026457172033617672
0,48.560599999999994,1.159375,-0.026562830384915442
0,48.560599999999994,1.1625,-0.026669347837258772
0,48.560599999999994,1.165625,-0.026776735270037724
0,48.560599999999994,1.16875,-0.026885003744832964
0,48.560599999999994,1.171875,-0.02699416450913422
0,48.560599999999994,1.175,-0.027104229000147313
0,48.560599999999994,1.178125,-0.027215208848692198
0,48.560599999999994,1.18125,-0.027327115883194336
0,48.560599999999994,1.184375,-0.02743996213377215
0,48.560599999999994,1.1875,-0.027553759836422914
0,48.560599999999994,1.190625,-0.02766852143731005
0,48.560599999999994,1.19375,-0.0277842595971544
0,48.560599999999994,1.196875,-0.027900987195732495
0,48.560599999999994,1.2,-0.028018717336484582
0,48.560599999999994,1.203125,-0.0281374633512357
0,48.560599999999994,1.20625,-0.02825723880503276
0,48.560599999999994,1.209375,-0.028378057501100798
0,48.560599999999994,1.2125,-0.02849993348592205
0,48.560599999999994,1.215625,-0.028622881054440948
0,48.560599999999994,1.21875,-0.028746914755398686
0,48.560599999999994,1.221875,-0.028872049396801172
0,48.560599999999994,1.225,-0.02899830005152383
0,48.560599999999994,1.228125,-0.029125682063057462
0,48.560599999999994,1.23125,-0.029254211051398943
0,48.560599999999994,1.234375,-0.02938390291909094
0,48.560599999999994,1.2375,-0.02951477385741494
0,48.560599999999994,1.240625,-0.029646840352742107
0,48.560599999999994,1.24375,-0.029780119193046233
0,48.560599999999994,1.246875,-0.029914627474583746
0,48.560599999999994,1.25,-0.030050382608745367
0,48.560599999999994,1.253125,-0.03018740232908465
0,48.560599999999994,1.25625,-0.030325704698528355
0,48.560599999999994,1.259375,-0.030465308116774056
0,48.560599999999994,1.2625,-0.030606231327880484
0,48.560599999999994,1.265625,-0.030748493428056193
0,48.560599999999994,1.26875,-0.030892113873652545
0,48.560599999999994,1.271875,-0.03103711248936681
0,48.560599999999994,1.275,-0.031183509476661903
0,48.560599999999994,1.278125,-0.031331325422409045
0,48.560599999999994,1.28125,-0.03148058130775988
0,48.560599999999994,1.284375,-0.03163129851725519
0,48.560599999999994,1.2875,-0.03178349884817716
0,48.560599999999994,1.290625,-0.031937204520152404
0,48.560599999999994,1.29375,-0.03209243818501361
0,48.560599999999994,1.296875,-0.03224922293692739
0,48.560599999999994,1.3,-0.03240758232279644
0,48.560599999999994,1.303125,-0.032567540352944596
0,48.560599999999994,1.30625,-0.032729121512093104
0,48.560599999999994,1.309375,-0.03289235077063725
0,48.560599999999994,1.3125,-0.03305725359623248
0,48.560599999999994,1.315625,-0.03322385596569957
0,48.560599999999994,1.31875,-0.033392184377258806
0,48.560599999999994,1.321875,-0.03356226586310305
0,48.560599999999994,1.325,-0.033734128002320736
0,48.560599999999994,1.328125,-0.033907798934179154
0,48.560599999999994,1.33125,-0.0340833073717797
0,48.560599999999994,1.334375,-0.034260682616096605
0,48.560599999999994,1.3375,-0.03443995457041101
0,48.560599999999994,1.340625,-0.034621153755153324
0,48.560599999999994,1.34375,-0.03480431132316615
0,48.560599999999994,1.346875,-0.034989459075401796
0,48.560599999999994,1.35,-0.03517662947706743
0,48.560599999999994,1.353125,-0.03536585567423291
0,48.560599999999994,1.35625,-0.035557171510915545
0,48.560599999999994,1.359375,-0.03575061154665723
0,48.560599999999994,1.3625,-0.03594621107460992
0,48.560599999999994,1.365625,-0.03614400614014546
0,48.560599999999994,1.36875,-0.03634403356000731
0,48.560599999999994,1.371875,-0.03654633094202105
0,48.560599999999994,1.375,-0.03675093670538231
0,48.560599999999994,1.378125,-0.03695789010154065
0,48.560599999999994,1.38125,-0.037167231235699025
0,48.560599999999994,1.384375,-0.03737900108894884
0,48.560599999999994,1.3875,-0.03759324154106165
0,48.560599999999994,1.390625,-0.03780999539395884
0,48.560599999999994,1.39375,-0.038029306395881785
0,48.560599999999994,1.396875,-0.038251219266285795
0,48.560599999999994,1.4,-0.038475779721481564
0,48.560599999999994,1.403125,-0.03870303450104916
0,48.560599999999994,1.40625,-0.038933031395049944
0,48.560599999999994,1.409375,-0.039165819272063786
0,48.560599999999994,1.4125,-0.03940144810807812
0,48.560599999999994,1.415625,-0.03963996901625841
0,48.560599999999994,1.41875,-0.03988143427762897
0,48.560599999999994,1.421875,-0.040125897372694994
0,48.560599999999994,1.425,-0.040373413014037754
0,48.560599999999994,1.428125,-0.04062403717991535
0,48.560599999999994,1.43125,-0.0408778271489037
0,48.560599999999994,1.434375,-0.04113484153561267
0,48.560599999999994,1.4375,-0.04139514032751372
0,48.560599999999994,1.440625,-0.041658784922917594
0,48.560599999999994,1.44375,-0.04192583817014062
0,48.560599999999994,1.446875,-0.0421963644079005
0,48.560599999999994,1.45,-0.04247042950698393
0,48.560599999999994,1.453125,-0.04274810091322893
0,48.560599999999994,1.45625,-0.04302944769186792
0,48.560599999999994,1.459375,-0.043314540573277716
0,48.560599999999994,1.4625,-0.04360345200018486
0,48.560599999999994,1.465625,-0.043896256176376935
0,48.560599999999994,1.46875,-0.04419302911697114
0,48.560599999999994,1.471875,-0.04449384870029456
0,48.560599999999994,1.475,-0.04479879472143122
0,48.560599999999994,1.478125,-0.04510794894749405
0,48.560599999999994,1.48125,-0.045421395174681314
0,48.560599999999994,1.484375,-0.04573921928717893
0,48.560599999999994,1.4875,-0.04606150931797334
0,48.560599999999994,1.490625,-0.04638835551164042
0,48.560599999999994,1.49375,-0.04671985038917924
0,48.560599999999994,1.496875,-0.04705608881496168
0,48.560599999999994,1.5,-0.047397168065870604
0,48.560599999999994,1.503125,-0.04774318790270308
0,48.560599999999994,1.50625,-0.04809425064391648
0,48.560599999999994,1.509375,-0.048450461241798734
0,48.560599999999994,1.5125000000000002,-0.04881192736114645
0,48.560599999999994,1.515625,-0.049178759460536986
0,48.560599999999994,1.51875,-0.04955107087628484
0,48.560599999999994,1.521875,-0.049928977909173305
0,48.560599999999994,1.525,-0.050312599914057586
0,48.560599999999994,1.5281250000000002,-0.05070205939243771
0,48.560599999999994,1.53125,-0.051097482088101394
0,48.560599999999994,1.534375,-0.05149899708594345
0,48.560599999999994,1.5375,-0.05190673691406743
0,48.560599999999994,1.540625,-0.0523208376492818
0,48.560599999999994,1.5437500000000002,-0.05274143902610437
0,48.560599999999994,1.546875,-0.05316868454939249
0,48.560599999999994,1.55,-0.05360272161072066
0,48.560599999999994,1.553125,-0.05404370160862819
0,48.560599999999994,1.55625,-0.05449178007286633
0,48.560599999999994,1.5593750000000002,-0.05494711679277446
0,48.560599999999994,1.5625,-0.055409875949919606
0,48.560599999999994,1.565625,-0.05588022625513759
0,48.560599999999994,1.56875,-0.056358341090114804
0,48.560599999999994,1.571875,-0.05684439865365565
0,48.560599999999994,1.5750000000000002,-0.05733858211278135
0,48.560599999999994,1.578125,-0.0578410797588094
0,48.560599999999994,1.58125,-0.05835208516856631
0,48.560599999999994,1.584375,-0.05887179737088703
0,48.560599999999994,1.5875,-0.059400421018558094
0,48.560599999999994,1.5906250000000002,-0.05993816656586297
0,48.560599999999994,1.59375,-0.060485250451888274
0,48.560599999999994,1.596875,-0.061041895289753456
0,48.560599999999994,1.6,-0.06160833006192337
0,48.560599999999994,1.603125,-0.062184790321766714
0,48.560599999999994,1.6062500000000002,-0.06277151840152079
0,48.560599999999994,1.609375,-0.06336876362682119
0,48.560599999999994,1.6125,-0.06397678253795591
0,48.560599999999994,1.615625,-0.06459583911799593
0,48.560599999999994,1.61875,-0.06522620502795456
0,48.560599999999994,1.6218750000000002,-0.06586815984912003
0,48.560599999999994,1.625,-0.06652199133269918
0,48.560599999999994,1.628125,-0.06718799565690484
0,48.560599999999994,1.63125,-0.06786647769160542
0,48.560599999999994,1.634375,-0.06855775127064831
0,48.560599999999994,1.6375000000000002,-0.06926213947195195
0,48.560599999999994,1.640625,-0.06997997490544616
0,48.560599999999994,1.64375,-0.0707116000089241
0,48.560599999999994,1.646875,-0.07145736735184374
0,48.560599999999994,1.65,-0.07221763994709657
0,48.560599999999994,1.6531250000000002,-0.07299279157073096
0,48.560599999999994,1.65625,-0.07378320708958458
0,48.560599999999994,1.659375,-0.07458928279674829
0,48.560599999999994,1.6625,-0.07541142675473667
0,48.560599999999994,1.665625,-0.07625005914620009
0,48.560599999999994,1.6687500000000002,-0.07710561263195662
0,48.560599999999994,1.671875,-0.07797853271606427
0,48.560599999999994,1.675,-0.07886927811759065
0,48.560599999999994,1.678125,-0.07977832114865796
0,48.560599999999994,1.68125,-0.08070614809826415
0,48.560599999999994,1.6843750000000002,-0.08165325962128513
0,48.560599999999994,1.6875,-0.08262017113196017
0,48.560599999999994,1.690625,-0.0836074132010517
0,48.560599999999994,1.69375,-0.08461553195573684
0,48.560599999999994,1.696875,-0.08564508948115374
0,48.560599999999994,1.7000000000000002,-0.08669666422236383
0,48.560599999999994,1.703125,-0.08777085138531847
0,48.560599999999994,1.70625,-0.0888682633352299
0,48.560599999999994,1.709375,-0.08998952999052681
0,48.560599999999994,1.7125,-0.09113529921034808
0,48.560599999999994,1.7156250000000002,-0.09230623717326418
0,48.560599999999994,1.71875,-0.09350302874463236
0,48.560599999999994,1.721875,-0.09472637782968052
0,48.560599999999994,1.725,-0.0959770077090648
0,48.560599999999994,1.728125,-0.09725566135327335
0,48.560599999999994,1.7312500000000002,-0.09856310171182966
0,48.560599999999994,1.734375,-0.09990011197279379
0,48.560599999999994,1.7375,-0.1012674957875675
0,48.560599999999994,1.740625,-0.1026660774554566
0,48.560599999999994,1.74375,-0.10409670206185868
0,48.560599999999994,1.7468750000000002,-0.10556023556329316
0,48.560599999999994,1.75,-0.1070575648117845
0,48.560599999999994,1.753125,-0.10858959751035138
0,48.560599999999994,1.75625,-0.11015726209051435
0,48.560599999999994,1.759375,-0.11176150750184402
0,48.560599999999994,1.7625000000000002,-0.11340330290259514
0,48.560599999999994,1.765625,-0.11508363723942171
0,48.560599999999994,1.76875,-0.11680351870304671
0,48.560599999999994,1.771875,-0.1185639740455357
0,48.560599999999994,1.775,-0.12036604774353728
0,48.560599999999994,1.7781250000000002,-0.12221080099045857
0,48.560599999999994,1.78125,-0.12409931049906837
0,48.560599999999994,1.784375,-0.12603266709446123
0,48.560599999999994,1.7875,-0.12801197407564976
0,48.560599999999994,1.790625,-0.13003834532232433
0,48.560599999999994,1.7937500000000002,-0.13211290312149127
0,48.560599999999994,1.796875,-0.13423677568680661
0,48.560599999999994,1.8,-0.13641109434147397
0,48.560599999999994,1.803125,-0.13863699033355606
0,48.560599999999994,1.80625,-0.14091559125052716
0,48.560599999999994,1.8093750000000002,-0.143248016997843
0,48.560599999999994,1.8125,-0.14563537530428156
0,48.560599999999994,1.815625,-0.14807875671485415
0,48.560599999999994,1.81875,-0.15057922903020765
0,48.560599999999994,1.821875,-0.15313783114974241
0,48.560599999999994,1.8250000000000002,-0.15575556627416542
0,48.560599999999994,1.828125,-0.1584333944219888
0,48.560599999999994,1.83125,-0.16117222421365807
0,48.560599999999994,1.834375,-0.16397290387661245
0,48.560599999999994,1.8375,-0.1668362114248173
0,48.560599999999994,1.8406250000000002,-0.16976284396723154
0,48.560599999999994,1.84375,-0.1727534061014675
0,48.560599999999994,1.846875,-0.17580839735172824
0,48.560599999999994,1.85,-0.17892819861411058
0,48.560599999999994,1.853125,-0.18211305757780524
0,48.560599999999994,1.8562500000000002,-0.18536307309775357
0,48.560599999999994,1.859375,-0.188678178503211
0,48.560599999999994,1.8625,-0.19205812383765475
0,48.560599999999994,1.865625,-0.19550245703876978
0,48.560599999999994,1.86875,-0.19901050408317222
0,48.560599999999994,1.8718750000000002,-0.20258134813925743
0,48.560599999999994,1.875,-0.2062138077933671
0,48.560599999999994,1.878125,-0.20990641443955926
0,48.560599999999994,1.88125,-0.21365738895175082
0,48.560599999999994,1.884375,-0.21746461778906245
0,48.560599999999994,1.8875000000000002,-0.22132562872077616
0,48.560599999999994,1.890625,-0.22523756639637738
0,48.560599999999994,1.89375,-0.2291971680284927
0,48.560599999999994,1.896875,-0.23320073950172493
0,48.560599999999994,1.9,-0.23724413226796556
0,48.560599999999994,1.9031250000000002,-0.24132272143787192
0,48.560599999999994,1.90625,-0.24543138552788046
0,48.560599999999994,1.909375,-0.24956448837110917
0,48.560599999999994,1.9125,-0.2537158637471701
0,48.560599999999994,1.915625,-0.25787880332851026
0,48.560599999999994,1.9187500000000002,-0.2620460485771997
0,48.560599999999994,1.921875,-0.2662097872537449
0,48.560599999999994,1.925,-0.27036165521590966
0,48.560599999999994,1.928125,-0.2744927441878286
0,48.560599999999994,1.93125,-0.2785936161651504
0,48.560599999999994,1.9343750000000002,-0.28265432508765553
0,48.560599999999994,1.9375,-0.2866644463542185
0,48.560599999999994,1.940625,-0.290613114673887
0,48.560599999999994,1.94375,-0.2944890706395207
0,48.560599999999994,1.946875,-0.2982807162760533
0,48.560599999999994,1.9500000000000002,-0.3019761796540127
0,48.560599999999994,1.953125,-0.30556338847177406
0,48.560599999999994,1.95625,-0.30903015229972686
0,48.560599999999994,1.959375,-0.31236425295013953
0,48.560599999999994,1.9625,-0.31555354219366805
0,48.560599999999994,1.9656250000000002,-0.31858604579416705
0,48.560599999999994,1.96875,-0.3214500725861979
0,48.560599999999994,1.971875,-0.3241343270838788
0,48.560599999999994,1.975,-0.326628023895717
0,48.560599999999994,1.978125,-0.32892100203836133
0,48.560599999999994,1.9812500000000002,-0.3310038371029854
0,48.560599999999994,1.984375,-0.3328679491406288
0,48.560599999999994,1.9875,-0.3345057041050608
0,48.560599999999994,1.990625,-0.3359105067292433
0,48.560599999999994,1.99375,-0.33707688281729764
0,48.560599999999994,1.9968750000000002,-0.3380005491079672
0,48.560599999999994,2.0,-0.3386784691046316
0,48.560599999999994,2.003125,-0.3391088935644245
0,48.560599999999994,2.00625,-0.33929138468527037
0,48.560599999999994,2.0093750000000004,-0.3392268234124674
0,48.560599999999994,2.0125,-0.33891739969147416
0,48.560599999999994,2.015625,-0.33836658590531
0,48.560599999999994,2.01875,-0.33757909413752113
0,48.560599999999994,2.021875,-0.3365608182796173
0,48.560599999999994,2.0250000000000004,-0.3353187623412268
0,48.560599999999994,2.028125,-0.3338609566100652
0,48.560599999999994,2.03125,-0.33219636353800197
0,48.560599999999994,2.034375,-0.33033477539298023
0,48.560599999999994,2.0375,-0.32828670581152514
0,48.560599999999994,2.0406250000000004,-0.32606327741354973
0,48.560599999999994,2.04375,-0.3236761076035665
0,48.560599999999994,2.046875,-0.32113719458631196
0,48.560599999999994,2.05,-0.31845880547823313
0,48.560599999999994,2.053125,-0.31565336820879697
0,48.560599999999994,2.0562500000000004,-0.31273336868748003
0,48.560599999999994,2.059375,-0.30971125447406334
0,48.560599999999994,2.0625,-0.3065993459416851
0,48.560599999999994,2.065625,-0.30340975567332407
0,48.560599999999994,2.06875,-0.300154316591231
0,48.560599999999994,2.0718750000000004,-0.2968445190921361
0,48.560599999999994,2.075,-0.2934914572541847
0,48.560599999999994,2.078125,-0.2901057839983238
0,48.560599999999994,2.08125,-0.28669767492967546
0,48.560599999999994,2.084375,-0.2832768004543265
0,48.560599999999994,2.0875000000000004,-0.2798523056638937
0,48.560599999999994,2.090625,-0.2764327974031125
0,48.560599999999994,2.09375,-0.27302633788281916
0,48.560599999999994,2.096875,-0.2696404441697201
0,48.560599999999994,2.1,-0.2662820928726308
0,48.560599999999994,2.1031250000000004,-0.26295772934962647
0,48.560599999999994,2.10625,-0.2596732807788978
0,48.560599999999994,2.109375,-0.2564341724653222
0,48.560599999999994,2.1125,-0.2532453467922321
0,48.560599999999994,2.115625,-0.2501112842712228
0,48.560599999999994,2.1187500000000004,-0.24703602619003462
0,48.560599999999994,2.121875,-0.24402319840772124
0,48.560599999999994,2.125,-0.24107603589600646
0,48.560599999999994,2.128125,-0.23819740767467623
0,48.560599999999994,2.13125,-0.23538984183608044
0,48.560599999999994,2.1343750000000004,-0.23265555039862135
0,48.560599999999994,2.1375,-0.2299964537709257
0,48.560599999999994,2.140625,-0.22741420464692147
0,48.560599999999994,2.14375,-0.22491021118706414
0,48.560599999999994,2.146875,-0.2224856593724108
0,48.560599999999994,2.1500000000000004,-0.22014153444617762
0,48.560599999999994,2.153125,-0.2178786413819238
0,48.560599999999994,2.15625,-0.2156976243387729
0,48.560599999999994,2.159375,-0.2135989850823012
0,48.560599999999994,2.1625,-0.21158310036512623
0,48.560599999999994,2.1656250000000004,-0.20965023827407653
0,48.560599999999994,2.16875,-0.20780057356134424
0,48.560599999999994,2.171875,-0.2060342019854776
0,48.560599999999994,2.175,-0.20435115369469256
0,48.560599999999994,2.178125,-0.20275140568998928
0,48.560599999999994,2.1812500000000004,-0.20123489340917067
0,48.560599999999994,2.184375,-0.19980152147525815
0,48.560599999999994,2.1875,-0.19845117365416365
0,48.560599999999994,2.190625,-0.1971837220669598
0,48.560599999999994,2.19375,-0.19599903570182423
0,48.560599999999994,2.1968750000000004,-0.1948969882698519
0,48.560599999999994,2.2,-0.19387746544751866
0,48.560599999999994,2.203125,-0.1929403715467427
0,48.560599999999994,2.20625,-0.19208563565129194
0,48.560599999999994,2.209375,-0.19131321725578765
0,48.560599999999994,2.2125000000000004,-0.1906231114408113
0,48.560599999999994,2.215625,-0.1900153536146622
0,48.560599999999994,2.21875,-0.18949002384917538
0,48.560599999999994,2.221875,-0.18904725083369933
0,48.560599999999994,2.225,-0.1886872154678757
0,48.560599999999994,2.2281250000000004,-0.1884101541102478
0,48.560599999999994,2.23125,-0.18821636149595983
0,48.560599999999994,2.234375,-0.1881061933328777
0,48.560599999999994,2.2375,-0.18808006858135096
0,48.560599999999994,2.240625,-0.18813847141852807
0,48.560599999999994,2.2437500000000004,-0.188281952883605
0,48.560599999999994,2.246875,-0.1885111321956029
0,48.560599999999994,2.25,-0.18882669773020733
0,48.560599999999994,2.253125,-0.1892294076368137
0,48.560599999999994,2.25625,-0.1897200900711889
0,48.560599999999994,2.2593750000000004,-0.1902996430130241
0,48.560599999999994,2.2625,-0.19096903363109047
0,48.560599999999994,2.265625,-0.1917292971516715
0,48.560599999999994,2.26875,-0.19258153517839893
0,48.560599999999994,2.271875,-0.19352691340352668
0,48.560599999999994,2.2750000000000004,-0.1945666586420128
0,48.560599999999994,2.278125,-0.19570205511051894
0,48.560599999999994,2.28125,-0.19693443986356854
0,48.560599999999994,2.284375,-0.19826519728863495
0,48.560599999999994,2.2875,-0.1996957525508843
0,48.560599999999994,2.2906250000000004,-0.20122756386671198
0,48.560599999999994,2.29375,-0.20286211347318156
0,48.560599999999994,2.296875,-0.20460089714810112
0,48.560599999999994,2.3,-0.20644541212293177
0,48.560599999999994,2.303125,-0.20839714321824138
0,48.560599999999994,2.3062500000000004,-0.21045754701927813
0,48.560599999999994,2.309375,-0.21262803389783938
0,48.560599999999994,2.3125,-0.21490994767641558
0,48.560599999999994,2.315625,-0.21730454272220032
0,48.560599999999994,2.31875,-0.21981295825271124
0,48.560599999999994,2.3218750000000004,-0.22243618963232437
0,48.560599999999994,2.325,-0.22517505644105734
0,48.560599999999994,2.328125,-0.22803016710466065
0,48.560599999999994,2.33125,-0.23100187988992332
0,48.560599999999994,2.334375,-0.2340902600927233
0,48.560599999999994,2.3375000000000004,-0.23729503328054882
0,48.560599999999994,2.340625,-0.24061553449805667
0,48.560599999999994,2.34375,-0.24405065340585833
0,48.560599999999994,2.346875,-0.24759877540145325
0,48.560599999999994,2.35,-0.25125771886938947
0,48.560599999999994,2.3531250000000004,-0.25502466882754204
0,48.560599999999994,2.35625,-0.2588961073799235
0,48.560599999999994,2.359375,-0.26286774155523407
0,48.560599999999994,2.3625,-0.2669344293053867
0,48.560599999999994,2.365625,-0.2710901046594797
0,48.560599999999994,2.3687500000000004,-0.27532770327477896
0,48.560599999999994,2.371875,-0.27963908989425185
0,48.560599999999994,2.375,-0.2840149895048859
0,48.560599999999994,2.378125,-0.28844492428484697
0,48.560599999999994,2.38125,-0.29291715871993884
0,48.560599999999994,2.3843750000000004,-0.29741865554708513
0,48.560599999999994,2.3875,-0.3019350454276485
0,48.560599999999994,2.390625,-0.30645061344597757
0,48.560599999999994,2.39375,-0.31094830564543907
0,48.560599999999994,2.396875,-0.3154097588300313
0,48.560599999999994,2.4000000000000004,-0.31981535674817063
0,48.560599999999994,2.403125,-0.32414431551098166
0,48.560599999999994,2.40625,-0.3283748006578405
0,48.560599999999994,2.409375,-0.33248407765018145
0,48.560599999999994,2.4125,-0.33644869674232447
0,48.560599999999994,2.4156250000000004,-0.34024471214848845
0,48.560599999999994,2.41875,-0.3438479342157166
0,48.560599999999994,2.421875,-0.34723421195694293
0,48.560599999999994,2.425,-0.3503797418480932
0,48.560599999999994,2.428125,-0.35326139731598294
0,48.560599999999994,2.4312500000000004,-0.3558570719224572
0,48.560599999999994,2.434375,-0.35814602797752154
0,48.560599999999994,2.4375,-0.3601092412868423
0,48.560599999999994,2.440625,-0.36172973204965797
0,48.560599999999994,2.44375,-0.3629928716517514
0,48.560599999999994,2.4468750000000004,-0.36388665530282693
0,48.560599999999994,2.45,-0.36440193117714414
0,48.560599999999994,2.453125,-0.36453257792408655
0,48.560599999999994,2.45625,-0.3642756240774243
0,48.560599999999994,2.459375,-0.36363130492788437
0,48.560599999999994,2.4625000000000004,-0.3626030547216081
0,48.560599999999994,2.465625,-0.36119743447300384
0,48.560599999999994,2.46875,-0.3594239980890877
0,48.560599999999994,2.471875,-0.3572951017498625
0,48.560599999999994,2.475,-0.3548256634458329
0,48.560599999999994,2.4781250000000004,-0.3520328811344384
0,48.560599999999994,2.48125,-0.34893591906980376
0,48.560599999999994,2.484375,-0.345555572449608
0,48.560599999999994,2.4875,-0.34191392061126025
0,48.560599999999994,2.490625,-0.3380339786331785
0,48.560599999999994,2.4937500000000004,-0.333939356419922
0,48.560599999999994,2.496875,-0.32965393325590514
0,48.560599999999994,2.5,-0.32520155449590643
0,48.560599999999994,2.503125,-0.32060575561799654
0,48.560599999999994,2.50625,-0.315889517386734
0,48.560599999999994,2.5093750000000004,-0.31107505444103134
0,48.560599999999994,2.5125,-0.3061836382961458
0,48.560599999999994,2.515625,-0.30123545457990986
0,48.560599999999994,2.51875,-0.2962494933393713
0,48.560599999999994,2.521875,-0.29124347046933285
0,48.560599999999994,2.5250000000000004,-0.2862337777290995
0,48.560599999999994,2.528125,-0.2812354584173814
0,48.560599999999994,2.53125,-0.2762622055493322
0,48.560599999999994,2.534375,-0.27132637930068587
0,48.560599999999994,2.5375,-0.2664390405260198
0,48.560599999999994,2.5406250000000004,-0.26160999729519385
0,48.560599999999994,2.54375,-0.25684786159900624
0,48.560599999999994,2.546875,-0.25216011362954494
0,48.560599999999994,2.55,-0.24755317132299495
0,48.560599999999994,2.553125,-0.24303246314653332
0,48.560599999999994,2.5562500000000004,-0.2386025024034834
0,48.560599999999994,2.559375,-0.23426696161226065
0,48.560599999999994,2.5625,-0.230028745777864
0,48.560599999999994,2.565625,-0.22589006361513478
0,48.560599999999994,2.56875,-0.22185249599814827
0,48.560599999999994,2.5718750000000004,-0.21791706109895717
0,48.560599999999994,2.575,-0.2140842758416683
0,48.560599999999994,2.578125,-0.21035421343565974
0,48.560599999999994,2.58125,-0.20672655686632782
0,48.560599999999994,2.584375,-0.20320064831518359
0,48.560599999999994,2.5875000000000004,-0.19977553455570268
0,48.560599999999994,2.590625,-0.1964500084293555
0,48.560599999999994,2.59375,-0.1932226465500254
0,48.560599999999994,2.596875,-0.19009184341667681
0,48.560599999999994,2.6,-0.1870558421356593
0,48.560599999999994,2.6031250000000004,-0.1841127619672282
0,48.560599999999994,2.60625,-0.18126062291728842
0,48.560599999999994,2.609375,-0.17849736759643686
0,48.560599999999994,2.6125,-0.17582088056526396
0,48.560599999999994,2.615625,-0.17322900537858027
0,48.560599999999994,2.6187500000000004,-0.17071955953263016
0,48.560599999999994,2.621875,-0.16829034750910654
0,48.560599999999994,2.625,-0.16593917209848874
0,48.560599999999994,2.628125,-0.16366384417332275
0,48.560599999999994,2.63125,-0.16146219106992304
0,48.560599999999994,2.6343750000000004,-0.15933206372487818
0,48.560599999999994,2.6375,-0.15727134270089446
0,48.560599999999994,2.640625,-0.15527794322507987
0,48.560599999999994,2.64375,-0.15334981935185882
0,48.560599999999994,2.646875,-0.15148496735238573
0,48.560599999999994,2.6500000000000004,-0.14968142842265544
0,48.560599999999994,2.653125,-0.14793729079348933
0,48.560599999999994,2.65625,-0.14625069131723276
0,48.560599999999994,2.659375,-0.14461981659830692
0,48.560599999999994,2.6625,-0.14304290372770226
0,48.560599999999994,2.6656250000000004,-0.14151824067505903
0,48.560599999999994,2.66875,-0.14004416638611047
0,48.560599999999994,2.671875,-0.13861907062794523
0,48.560599999999994,2.675,-0.1372413936197286
0,48.560599999999994,2.678125,-0.1359096254821747
0,48.560599999999994,2.6812500000000004,-0.13462230553515606
0,48.560599999999994,2.684375,-0.13337802146931796
0,48.560599999999994,2.6875,-0.13217540841442496
0,48.560599999999994,2.690625,-0.13101314792434826
0,48.560599999999994,2.69375,-0.12988996689609
0,48.560599999999994,2.6968750000000004,-0.12880463643800505
0,48.560599999999994,2.7,-0.12775597070038563
0,48.560599999999994,2.703125,-0.12674282567981035
0,48.560599999999994,2.70625,-0.12576409800708963
0,48.560599999999994,2.709375,-0.1248187237272539
0,48.560599999999994,2.7125000000000004,-0.12390567707880489
0,48.560599999999994,2.715625,-0.12302396927837032
0,48.560599999999994,2.71875,-0.12217264731595084
0,48.560599999999994,2.721875,-0.12135079276511375
0,48.560599999999994,2.725,-0.12055752061175118
0,48.560599999999994,2.7281250000000004,-0.11979197810438239
0,48.560599999999994,2.73125,-0.11905334362841584
0,48.560599999999994,2.734375,-0.11834082560630049
0,48.560599999999994,2.7375,-0.11765366142507018
0,48.560599999999994,2.740625,-0.1169911163924156
0,48.560599999999994,2.7437500000000004,-0.1163524827221015
0,48.560599999999994,2.746875,-0.115737078549272
0,48.560599999999994,2.75,-0.11514424697595027
0,48.560599999999994,2.753125,-0.11457335514684117
0,48.560599999999994,2.75625,-0.11402379335537012
0,48.560599999999994,2.7593750000000004,-0.11349497417975064
0,48.560599999999994,2.7625,-0.1129863316487488
0,48.560599999999994,2.765625,-0.11249732043671452
0,48.560599999999994,2.76875,-0.11202741508736423
0,48.560599999999994,2.771875,-0.1115761092657325
0,48.560599999999994,2.7750000000000004,-0.11114291503765614
0,48.560599999999994,2.778125,-0.11072736217611089
0,48.560599999999994,2.78125,-0.11032899749368857
0,48.560599999999994,2.784375,-0.10994738420047942
0,48.560599999999994,2.7875,-0.10958210128660702
0,48.560599999999994,2.7906250000000004,-0.1092327429286544
0,48.560599999999994,2.79375,-0.10889891791921424
0,48.560599999999994,2.796875,-0.10858024911879811
0,48.560599999999994,2.8,-0.10827637292934314
0,48.560599999999994,2.803125,-0.10798693878856239
0,48.560599999999994,2.8062500000000004,-0.10771160868439544
0,48.560599999999994,2.809375,-0.10745005668882812
0,48.560599999999994,2.8125,-0.10720196851036676
0,48.560599999999994,2.815625,-0.10696704106446583
0,48.560599999999994,2.81875,-0.10674498206122734
0,48.560599999999994,2.8218750000000004,-0.10653550960970687
0,48.560599999999994,2.825,-0.10633835183818174
0,48.560599999999994,2.828125,-0.10615324652975404
0,48.560599999999994,2.83125,-0.10597994077268352
0,48.560599999999994,2.834375,-0.10581819062486243
0,48.560599999999994,2.8375000000000004,-0.10566776079186613
0,48.560599999999994,2.840625,-0.10552842431803171
0,48.560599999999994,2.84375,-0.10539996229003809
0,48.560599999999994,2.846875,-0.10528216355247733
0,48.560599999999994,2.85,-0.10517482443492956
0,48.560599999999994,2.8531250000000004,-0.10507774849006929
0,48.560599999999994,2.85625,-0.10499074624235072
0,48.560599999999994,2.859375,-0.10491363494683739
0,48.560599999999994,2.8625,-0.10484623835775651
0,48.560599999999994,2.865625,-0.10478838650637934
0,48.560599999999994,2.8687500000000004,-0.10473991548784094
0,48.560599999999994,2.871875,-0.10470066725652956
0,48.560599999999994,2.875,-0.10467048942969298
0,48.560599999999994,2.878125,-0.1046492350989222
0,48.560599999999994,2.88125,-0.10463676264918552
0,48.560599999999994,2.8843750000000004,-0.10463293558510345
0,48.560599999999994,2.8875,-0.10463762236416514
0,48.560599999999994,2.890625,-0.10465069623659963
0,48.560599999999994,2.89375,-0.10467203509162988
0,48.560599999999994,2.896875,-0.10470152130984628
0,48.560599999999994,2.9000000000000004,-0.10473904162144924
0,48.560599999999994,2.903125,-0.10478448697012083
0,48.560599999999994,2.90625,-0.10483775238229621
0,48.560599999999994,2.909375,-0.10489873684161453
0,48.560599999999994,2.9125,-0.10496734316833872
0,48.560599999999994,2.9156250000000004,-0.10504347790354446
0,48.560599999999994,2.91875,-0.10512705119788383
0,48.560599999999994,2.921875,-0.10521797670474184
0,48.560599999999994,2.925,-0.1053161714776074
0,48.560599999999994,2.928125,-0.10542155587149232
0,48.560599999999994,2.9312500000000004,-0.10553405344823602
0,48.560599999999994,2.934375,-0.10565359088554233
0,48.560599999999994,2.9375,-0.10578009788960058
0,48.560599999999994,2.940625,-0.1059135071111509
0,48.560599999999994,2.94375,-0.10605375406485798
0,48.560599999999994,2.9468750000000004,-0.10620077705186423
0,48.560599999999994,2.95,-0.10635451708540035
0,48.560599999999994,2.953125,-0.10651491781933368
0,48.560599999999994,2.95625,-0.1066819254795425
0,48.560599999999994,2.959375,-0.10685548879800803
0,48.560599999999994,2.9625000000000004,-0.10703555894952058
0,48.560599999999994,2.965625,-0.107222089490902
0,48.560599999999994,2.96875,-0.10741503630264893
0,48.560599999999994,2.971875,-0.10761435753290696
0,48.560599999999994,2.975,-0.10782001354368924
0,48.560599999999994,2.9781250000000004,-0.10803196685925685
0,48.560599999999994,2.98125,-0.1082501821165818
0,48.560599999999994,2.984375,-0.10847462601781685
0,48.560599999999994,2.9875,-0.10870526728470005
0,48.560599999999994,2.990625,-0.10894207661482426
0,48.560599999999994,2.9937500000000004,-0.10918502663970596
0,48.560599999999994,2.996875,-0.10943409188458955
0,48.560599999999994,3.0,-0.10968924872992676
0,48.560599999999994,3.0031250000000003,-0.10995047537447299
0,48.560599999999994,3.00625,-0.11021775179994493
0,48.560599999999994,3.009375,-0.11049105973718712
0,48.560599999999994,3.0125,-0.11077038263379561
0,48.560599999999994,3.015625,-0.11105570562315087
0,48.560599999999994,3.0187500000000003,-0.1113470154948138
0,48.560599999999994,3.021875,-0.11164430066623879
0,48.560599999999994,3.025,-0.11194755115576384
0,48.560599999999994,3.028125,-0.11225675855683497
0,48.560599999999994,3.03125,-0.11257191601342695
0,48.560599999999994,3.0343750000000003,-0.11289301819662317
0,48.560599999999994,3.0375,-0.11322006128231932
0,48.560599999999994,3.040625,-0.11355304293001622
0,48.560599999999994,3.04375,-0.11389196226267101
0,48.560599999999994,3.046875,-0.11423681984757261
0,48.560599999999994,3.0500000000000003,-0.11458761767821639
0,48.560599999999994,3.053125,-0.11494435915714477
0,48.560599999999994,3.05625,-0.11530704907973123
0,48.560599999999994,3.059375,-0.11567569361887876
0,48.560599999999994,3.0625,-0.11605030031060992
0,48.560599999999994,3.0656250000000003,-0.11643087804052432
0,48.560599999999994,3.06875,-0.1168174370311017
0,48.560599999999994,3.071875,-0.11720998882982851
0,48.560599999999994,3.075,-0.11760854629812921
0,48.560599999999994,3.078125,-0.11801312360108011
0,48.560599999999994,3.0812500000000003,-0.1184237361978917
0,48.560599999999994,3.084375,-0.11884040083313704
0,48.560599999999994,3.0875,-0.1192631355287138
0,48.560599999999994,3.090625,-0.11969195957652176
0,48.560599999999994,3.09375,-0.12012689353184099
0,48.560599999999994,3.0968750000000003,-0.12056795920739817
0,48.560599999999994,3.1,-0.121015179668105
0,48.560599999999994,3.103125,-0.1214685792264588
0,48.560599999999994,3.10625,-0.12192818343859103
0,48.560599999999994,3.109375,-0.12239401910095299
0,48.560599999999994,3.1125000000000003,-0.12286611424762967
0,48.560599999999994,3.115625,-0.12334449814826869
0,48.560599999999994,3.11875,-0.12382920130661788
0,48.560599999999994,3.121875,-0.12432025545966091
0,48.560599999999994,3.125,-0.12481769357734245
0,48.560599999999994,3.1281250000000003,-0.12532154986287772
0,48.560599999999994,3.13125,-0.12583185975363534
0,48.560599999999994,3.134375,-0.126348659922591
0,48.560599999999994,3.1375,-0.12687198828034296
0,48.560599999999994,3.140625,-0.1274018839776843
0,48.560599999999994,3.1437500000000003,-0.12793838740872898
0,48.560599999999994,3.146875,-0.1284815402145833
0,48.560599999999994,3.15,-0.129031385287563
0,48.560599999999994,3.153125,-0.1295879667759485
0,48.560599999999994,3.15625,-0.130151330089277
0,48.560599999999994,3.1593750000000003,-0.13072152190416936
0,48.560599999999994,3.1625,-0.13129859017068682
0,48.560599999999994,3.165625,-0.1318825841192183
0,48.560599999999994,3.16875,-0.1324735542678955
0,48.560599999999994,3.171875,-0.13307155243053392
0,48.560599999999994,3.1750000000000003,-0.13367663172510189
0,48.560599999999994,3.178125,-0.1342888465827131
0,48.560599999999994,3.18125,-0.13490825275714724
0,48.560599999999994,3.184375,-0.13553490733489496
0,48.560599999999994,3.1875,-0.13616886874573175
0,48.560599999999994,3.1906250000000003,-0.13681019677381936
0,48.560599999999994,3.19375,-0.13745895256933696
0,48.560599999999994,3.196875,-0.13811519866064476
0,48.560599999999994,3.2,-0.13877899896698254
0,48.560599999999994,3.203125,-0.13945041881170284
0,48.560599999999994,3.2062500000000003,-0.1401295249360474
0,48.560599999999994,3.209375,-0.14081638551346376
0,48.560599999999994,3.2125,-0.14151107016447165
0,48.560599999999994,3.215625,-0.14221364997207947
0,48.560599999999994,3.21875,-0.14292419749775592
0,48.560599999999994,3.2218750000000003,-0.14364278679796433
0,48.560599999999994,3.225,-0.14436949344126046
0,48.560599999999994,3.228125,-0.14510439452596377
0,48.560599999999994,3.23125,-0.14584756869840468
0,48.560599999999994,3.234375,-0.14659909617175557
0,48.560599999999994,3.2375000000000003,-0.14735905874545346
0,48.560599999999994,3.240625,-0.1481275398252179
0,48.560599999999994,3.24375,-0.14890462444367514
0,48.560599999999994,3.246875,-0.1496903992815943
0,48.560599999999994,3.25,-0.15048495268974404
0,48.560599999999994,3.2531250000000003,-0.1512883747113787
0,48.560599999999994,3.25625,-0.1521007571053617
0,48.560599999999994,3.259375,-0.1529221933699381
0,48.560599999999994,3.2625,-0.15375277876716195
0,48.560599999999994,3.265625,-0.15459261034799204
0,48.560599999999994,3.2687500000000003,-0.1554417869780664
0,48.560599999999994,3.271875,-0.1563004093641627
0,48.560599999999994,3.275,-0.1571685800813613
0,48.560599999999994,3.278125,-0.15804640360091837
0,48.560599999999994,3.28125,-0.1589339863188631
0,48.560599999999994,3.2843750000000003,-0.15983143658533325
0,48.560599999999994,3.2875,-0.16073886473465712
0,48.560599999999994,3.290625,-0.16165638311620226
0,48.560599999999994,3.29375,-0.16258410612599905
0,48.560599999999994,3.296875,-0.163522150239157
0,48.560599999999994,3.3000000000000003,-0.1644706340430882
0,48.560599999999994,3.303125,-0.16542967827155208
0,48.560599999999994,3.30625,-0.16639940583953983
0,48.560599999999994,3.309375,-0.1673799418790129
0,48.560599999999994,3.3125,-0.16837141377551326
0,48.560599999999994,3.3156250000000003,-0.16937395120566484
0,48.560599999999994,3.31875,-0.17038768617558037
0,48.560599999999994,3.321875,-0.17141275306019846
0,48.560599999999994,3.325,-0.17244928864356268
0,48.560599999999994,3.328125,-0.17349743216006983
0,48.560599999999994,3.3312500000000003,-0.17455732533670454
0,48.560599999999994,3.334375,-0.17562911243628038
0,48.560599999999994,3.3375,-0.1767129403017128
0,48.560599999999994,3.340625,-0.177808958401344
0,48.560599999999994,3.34375,-0.17891731887534346
0,48.560599999999994,3.3468750000000003,-0.1800381765832102
0,48.560599999999994,3.35,-0.181171689152398
0,48.560599999999994,3.353125,-0.18231801702809336
0,48.560599999999994,3.35625,-0.18347732352416868
0,48.560599999999994,3.359375,-0.18464977487534137
0,48.560599999999994,3.3625000000000003,-0.1858355402905648
0,48.560599999999994,3.365625,-0.18703479200767953
0,48.560599999999994,3.36875,-0.1882477053493586
0,48.560599999999994,3.371875,-0.18947445878037264
0,48.560599999999994,3.375,-0.19071523396620904
0,48.560599999999994,3.3781250000000003,-0.19197021583308016
0,48.560599999999994,3.38125,-0.19323959262934867
0,48.560599999999994,3.384375,-0.19452355598841234
0,48.560599999999994,3.3875,-0.1958223009930772
0,48.560599999999994,3.390625,-0.19713602624146084
0,48.560599999999994,3.3937500000000003,-0.19846493391446332
0,48.560599999999994,3.396875,-0.19980922984484353
0,48.560599999999994,3.4000000000000004,-0.20116912358794437
0,48.560599999999994,3.403125,-0.20254482849410746
0,48.560599999999994,3.40625,-0.20393656178282066
0,48.560599999999994,3.4093750000000003,-0.20534454461864549
0,48.560599999999994,3.4125,-0.2067690021889675
0,48.560599999999994,3.4156250000000004,-0.2082101637836222
0,48.560599999999994,3.41875,-0.2096682628764412
0,48.560599999999994,3.421875,-0.21114353720877382
0,48.560599999999994,3.4250000000000003,-0.21263622887503617
0,48.560599999999994,3.428125,-0.21414658441033918
0,48.560599999999994,3.4312500000000004,-0.2156748548802596
0,48.560599999999994,3.434375,-0.2172212959728034
0,48.560599999999994,3.4375,-0.21878616809263035
0,48.560599999999994,3.4406250000000003,-0.22036973645759736
0,48.560599999999994,3.44375,-0.22197227119768653
0,48.560599999999994,3.4468750000000004,-0.22359404745638753
0,48.560599999999994,3.45,-0.22523534549459956
0,48.560599999999994,3.453125,-0.22689645079712867
0,48.560599999999994,3.4562500000000003,-0.22857765418185316
0,48.560599999999994,3.459375,-0.2302792519116326
0,48.560599999999994,3.4625000000000004,-0.23200154580904458
0,48.560599999999994,3.465625,-0.23374484337402684
0,48.560599999999994,3.46875,-0.2355094579045165
0,48.560599999999994,3.4718750000000003,-0.23729570862016694
0,48.560599999999994,3.475,-0.23910392078924317
0,48.560599999999994,3.4781250000000004,-0.24093442585878697
0,48.560599999999994,3.48125,-0.242787561588148
0,48.560599999999994,3.484375,-0.24466367218598972
0,48.560599999999994,3.4875000000000003,-0.2465631084508728
0,48.560599999999994,3.490625,-0.24848622791552344
0,48.560599999999994,3.4937500000000004,-0.250433394994911
0,48.560599999999994,3.496875,-0.2524049811382407
0,48.560599999999994,3.5,-0.25440136498499666
0,48.560599999999994,3.5031250000000003,-0.2564229325251552
0,48.560599999999994,3.50625,-0.2584700772637031
0,48.560599999999994,3.5093750000000004,-0.2605432003896039
0,48.560599999999994,3.5125,-0.26264271094934477
0,48.560599999999994,3.515625,-0.26476902602522623
0,48.560599999999994,3.5187500000000003,-0.2669225709185342
0,48.560599999999994,3.521875,-0.26910377933776675
0,48.560599999999994,3.5250000000000004,-0.2713130935920768
0,48.560599999999994,3.528125,-0.2735509647901012
0,48.560599999999994,3.53125,-0.27581785304436235
0,48.560599999999994,3.5343750000000003,-0.2781142276814212
0,48.560599999999994,3.5375,-0.28044056745797885
0,48.560599999999994,3.5406250000000004,-0.28279736078313183
0,48.560599999999994,3.54375,-0.2851851059469787
0,48.560599999999994,3.546875,-0.28760431135580733
0,48.560599999999994,3.5500000000000003,-0.2900554957740796
0,48.560599999999994,3.553125,-0.292539188573447
0,48.560599999999994,3.5562500000000004,-0.29505592998904856
0,48.560599999999994,3.559375,-0.2976062713833298
0,48.560599999999994,3.5625,-0.3001907755176567
0,48.560599999999994,3.5656250000000003,-0.30281001683198705
0,48.560599999999994,3.56875,-0.3054645817328826
0,48.560599999999994,3.5718750000000004,-0.30815506889016087
0,48.560599999999994,3.575,-0.3108820895424774
0,48.560599999999994,3.578125,-0.3136462678121635
0,48.560599999999994,3.5812500000000003,-0.3164482410296396
0,48.560599999999994,3.584375,-0.31928866006774087
0,48.560599999999994,3.5875000000000004,-0.3221681896863102
0,48.560599999999994,3.590625,-0.32508750888741406
0,48.560599999999994,3.59375,-0.32804731128156117
0,48.560599999999994,3.5968750000000003,-0.33104830546531056
0,48.560599999999994,3.6,-0.3340912154106678
0,48.560599999999994,3.6031250000000004,-0.337176780866692
0,48.560599999999994,3.60625,-0.34030575777373084
0,48.560599999999994,3.609375,-0.3434789186907422
0,48.560599999999994,3.6125000000000003,-0.34669705323614586
0,48.560599999999994,3.615625,-0.3499609685426847
0,48.560599999999994,3.6187500000000004,-0.353271489726786
0,48.560599999999994,3.621875,-0.35662946037291343
0,48.560599999999994,3.625,-0.36003574303344177
0,48.560599999999994,3.6281250000000003,-0.3634912197445736
0,48.560599999999994,3.63125,-0.3669967925588488
0,48.560599999999994,3.6343750000000004,-0.3705533840948185
0,48.560599999999994,3.6375,-0.37416193810444304
0,48.560599999999994,3.640625,-0.3778234200588234
0,48.560599999999994,3.6437500000000003,-0.3815388177528616
0,48.560599999999994,3.646875,-0.38530914192947274
0,48.560599999999994,3.6500000000000004,-0.3891354269239933
0,48.560599999999994,3.653125,-0.39301873132941395
0,48.560599999999994,3.65625,-0.3969601386831248
0,48.560599999999994,3.6593750000000003,-0.4009607581758239
0,48.560599999999994,3.6625,-0.4050217253832874
0,48.560599999999994,3.6656250000000004,-0.4091442030216985
0,48.560599999999994,3.66875,-0.41332938172723555
0,48.560599999999994,3.671875,-0.41757848086064614
0,48.560599999999994,3.6750000000000003,-0.4218927493375234
0,48.560599999999994,3.678125,-0.4262734664850195
0,48.560599999999994,3.6812500000000004,-0.43072194292574334
0,48.560599999999994,3.684375,-0.4352395214895707
0,48.560599999999994,3.6875,-0.43982757815413054
0,48.560599999999994,3.6906250000000003,-0.4444875230147041
0,48.560599999999994,3.69375,-0.4492208012842941
0,48.560599999999994,3.6968750000000004,-0.454028894324614
0,48.560599999999994,3.7,-0.45891332070873986
0,48.560599999999994,3.703125,-0.46387563731617876
0,48.560599999999994,3.7062500000000003,-0.4689174404610826
0,48.560599999999994,3.709375,-0.4740403670543444
0,48.560599999999994,3.7125000000000004,-0.4792460958003165
0,48.560599999999994,3.715625,-0.48453634842884213
0,48.560599999999994,3.71875,-0.4899128909633385
0,48.560599999999994,3.7218750000000003,-0.4953775350256086
0,48.560599999999994,3.725,-0.5009321391780817
0,48.560599999999994,3.7281250000000004,-0.5065786103041645
0,48.560599999999994,3.73125,-0.5123189050273604
0,48.560599999999994,3.734375,-0.5181550311698365
0,48.560599999999994,3.7375000000000003,-0.5240890492510768
0,48.560599999999994,3.740625,-0.5301230740272772
0,48.560599999999994,3.7437500000000004,-0.5362592760721401
0,48.560599999999994,3.746875,-0.5424998833996986
0,48.560599999999994,3.75,-0.5488471831298469
0,48.560599999999994,3.7531250000000003,-0.5553035231972273
0,48.560599999999994,3.75625,-0.5618713141041541
0,48.560599999999994,3.7593750000000004,-0.5685530307183049
0,48.560599999999994,3.7625,-0.575351214115879
0,48.560599999999994,3.765625,-0.5822684734710271
0,48.560599999999994,3.7687500000000003,-0.5893074879923519
0,48.560599999999994,3.771875,-0.5964710089073606
0,48.560599999999994,3.7750000000000004,-0.6037618614958131
0,48.560599999999994,3.778125,-0.6111829471729472
0,48.560599999999994,3.78125,-0.6187372456236995
0,48.560599999999994,3.7843750000000003,-0.6264278169890447
0,48.560599999999994,3.7875,-0.634257804105727
0,48.560599999999994,3.7906250000000004,-0.6422304348006995
0,48.560599999999994,3.79375,-0.6503490242416604
0,48.560599999999994,3.796875,-0.6586169773451743
0,48.560599999999994,3.8000000000000003,-0.6670377912438497
0,48.560599999999994,3.803125,-0.6756150578141038
0,48.560599999999994,3.8062500000000004,-0.6843524662660085
0,48.560599999999994,3.809375,-0.6932538057965798
0,48.560599999999994,3.8125,-0.7023229683077905
0,48.560599999999994,3.8156250000000003,-0.7115639511902735
0,48.560599999999994,3.81875,-0.7209808601733395
0,48.560599999999994,3.8218750000000004,-0.7305779122414624
0,48.560599999999994,3.825,-0.7403594386166611
0,48.560599999999994,3.828125,-0.7503298878053974
0,48.560599999999994,3.8312500000000003,-0.7604938287074692
0,48.560599999999994,3.834375,-0.7708559537830258
0,48.560599999999994,3.8375000000000004,-0.7814210822721688
0,48.560599999999994,3.840625,-0.7921941634595133
0,48.560599999999994,3.84375,-0.8031802799737373
0,48.560599999999994,3.8468750000000003,-0.814384651109182
0,48.560599999999994,3.85,-0.8258126361532756
0,48.560599999999994,3.8531250000000004,-0.8374697376996388
0,48.560599999999994,3.85625,-0.8493616049222451
0,48.560599999999994,3.859375,-0.8614940367809852
0,48.560599999999994,3.8625000000000003,-0.8738729851232259
0,48.560599999999994,3.865625,-0.8865045576395827
0,48.560599999999994,3.8687500000000004,-0.8993950206250954
0,48.560599999999994,3.871875,-0.9125508014891521
0,48.560599999999994,3.875,-0.9259784909491389
0,48.560599999999994,3.8781250000000003,-0.9396848448335688
0,48.560599999999994,3.88125,-0.9536767854106886
0,48.560599999999994,3.8843750000000004,-0.9679614021481446
0,48.560599999999994,3.8875,-0.9825459517981998
0,48.560599999999994,3.890625,-0.9974378576916009
0,48.560599999999994,3.8937500000000003,-1.0126447081110612
0,48.560599999999994,3.896875,-1.0281742536030358
0,48.560599999999994,3.9000000000000004,-1.0440344030737962
0,48.560599999999994,3.903125,-1.060233218502785
0,48.560599999999994,3.90625,-1.0767789080933068
0,48.560599999999994,3.9093750000000003,-1.0936798176673537
0,48.560599999999994,3.9125,-1.1109444200982717
0,48.560599999999994,3.9156250000000004,-1.1285813025619194
0,48.560599999999994,3.91875,-1.1465991513739386
0,48.560599999999994,3.921875,-1.1650067341681507
0,48.560599999999994,3.9250000000000003,-1.183812879158437
0,48.560599999999994,3.928125,-1.203026451214391
0,48.560599999999994,3.9312500000000004,-1.2226563244692432
0,48.560599999999994,3.934375,-1.2427113511671377
0,48.560599999999994,3.9375,-1.26320032644632
0,48.560599999999994,3.9406250000000003,-1.2841319487446579
0,48.560599999999994,3.94375,-1.305514775505086
0,48.560599999999994,3.9468750000000004,-1.3273571738507908
0,48.560599999999994,3.95,-1.3496672658937412
0,48.560599999999994,3.953125,-1.3724528683362522
0,48.560599999999994,3.9562500000000003,-1.3957214260235615
0,48.560599999999994,3.959375,-1.4194799391073671
0,48.560599999999994,3.9625000000000004,-1.4437348834860375
0,48.560599999999994,3.965625,-1.468492124198035
0,48.560599999999994,3.96875,-1.4937568214621886
0,48.560599999999994,3.9718750000000003,-1.5195333290826092
0,48.560599999999994,3.975,-1.5458250849690942
0,48.560599999999994,3.9781250000000004,-1.5726344935671237
0,48.560599999999994,3.98125,-1.5999628000463741
0,48.560599999999994,3.984375,-1.6278099561654396
0,48.560599999999994,3.9875000000000003,-1.6561744778140692
0,48.560599999999994,3.990625,-1.68505329433525
0,48.560599999999994,3.9937500000000004,-1.714441589849291
0,48.560599999999994,3.996875,-1.7443326369421772
0,48.560599999999994,4.0,-1.774717623243108
0,48.560599999999994,4.003125000000001,-1.8055854716015365
0,48.560599999999994,4.00625,-1.8369226547841102
0,48.560599999999994,4.009375,-1.8687130058467578
0,48.560599999999994,4.0125,-1.9009375255959657
0,48.560599999999994,4.015625,-1.9335741888373088
0,48.560599999999994,4.018750000000001,-1.96659775141404
0,48.560599999999994,4.021875,-1.9999795603641686
0,48.560599999999994,4.025,-2.0336873698656635
0,48.560599999999994,4.028125,-2.0676851659909685
0,48.560599999999994,4.03125,-2.1019330036495516
0,48.560599999999994,4.034375000000001,-2.1363868594494004
0,48.560599999999994,4.0375,-2.170998504548846
0,48.560599999999994,4.040625,-2.205715401885028
0,48.560599999999994,4.04375,-2.2404806324417312
0,48.560599999999994,4.046875,-2.2752328554432637
0,48.560599999999994,4.050000000000001,-2.309906307512895
0,48.560599999999994,4.053125,-2.3444308458982253
0,48.560599999999994,4.05625,-2.3787320408200374
0,48.560599999999994,4.059375,-2.4127313218255257
0,48.560599999999994,4.0625,-2.44634618270253
0,48.560599999999994,4.065625000000001,-2.479490449016896
0,48.560599999999994,4.06875,-2.5120746116563257
0,48.560599999999994,4.071875,-2.5440062288873158
0,48.560599999999994,4.075,-2.575190398349302
0,48.560599999999994,4.078125,-2.60553029912524
0,48.560599999999994,4.081250000000001,-2.634927802546401
0,48.560599999999994,4.084375,-2.6632841487352614
0,48.560599999999994,4.0875,-2.690500684093494
0,48.560599999999994,4.090625,-2.716479653047462
0,48.560599999999994,4.09375,-2.7411250354290906
0,48.560599999999994,4.096875000000001,-2.7643434189604257
0,48.560599999999994,4.1,-2.7860448945051206
0,48.560599999999994,4.103125,-2.8061439601298686
0,48.560599999999994,4.10625,-2.824560418668102
0,48.560599999999994,4.109375,-2.841220252479693
0,48.560599999999994,4.112500000000001,-2.8560564585250043
0,48.560599999999994,4.115625,-2.8690098267819346
0,48.560599999999994,4.11875,-2.880029645470726
0,48.560599999999994,4.121875,-2.8890743175332556
0,48.560599999999994,4.125,-2.896111874336125
0,48.560599999999994,4.128125000000001,-2.901120374596251
0,48.560599999999994,4.13125,-2.9040881790061976
0,48.560599999999994,4.134375,-2.905014093880169
0,48.560599999999994,4.1375,-2.903907380247104
0,48.560599999999994,4.140625,-2.9007876280665568
0,48.560599999999994,4.143750000000001,-2.895684498509159
0,48.560599999999994,4.146875,-2.8886373403988856
0,48.560599999999994,4.15,-2.879694689837803
0,48.560599999999994,4.153125,-2.8689136646170112
0,48.560599999999994,4.15625,-2.856359267170398
0,48.560599999999994,4.159375000000001,-2.842103611484691
0,48.560599999999994,4.1625,-2.826225090498951
0,48.560599999999994,4.165625,-2.808807501095683
0,48.560599999999994,4.16875,-2.789939143816166
0,48.560599999999994,4.171875,-2.7697119139588753
0,48.560599999999994,4.175000000000001,-2.7482203997982784
0,48.560599999999994,4.178125,-2.7255610023600947
0,48.560599999999994,4.18125,-2.701831089589338
0,48.560599999999994,4.184375,-2.6771281959334283
0,48.560599999999994,4.1875,-2.6515492764183994
0,48.560599999999994,4.190625000000001,-2.6251900223035483
0,48.560599999999994,4.19375,-2.598144243430241
0,48.560599999999994,4.196875,-2.570503320497343
0,48.560599999999994,4.2,-2.542355728750561
0,48.560599999999994,4.203125,-2.51378663300205
0,48.560599999999994,4.206250000000001,-2.484877552529383
0,48.560599999999994,4.209375,-2.4557060932506927
0,48.560599999999994,4.2125,-2.426345743641371
0,48.560599999999994,4.215625,-2.396865730142214
0,48.560599999999994,4.21875,-2.3673309272957073
0,48.560599999999994,4.221875000000001,-2.3378018175213624
0,48.560599999999994,4.225,-2.3083344952789675
0,48.560599999999994,4.228125,-2.278980710348484
0,48.560599999999994,4.23125,-2.249787945053251
0,48.560599999999994,4.234375,-2.220799520443673
0,48.560599999999994,4.237500000000001,-2.1920547267218486
0,48.560599999999994,4.240625,-2.1635889735006124
0,48.560599999999994,4.24375,-2.1354339558364708
0,48.560599999999994,4.246875,-2.107617832339393
0,48.560599999999994,4.25,-2.0801654120289323
0,48.560599999999994,4.253125000000001,-2.053098346967804
0,48.560599999999994,4.25625,-2.026435328050729
0,48.560599999999994,4.259375,-2.000192281653983
0,48.560599999999994,4.2625,-1.9743825651560833
0,48.560599999999994,4.265625,-1.9490171596193768
0,48.560599999999994,4.268750000000001,-1.9241048581774782
0,48.560599999999994,4.271875,-1.8996524489034112
0,48.560599999999994,4.275,-1.8756648911402527
0,48.560599999999994,4.278125,-1.8521454844624718
0,48.560599999999994,4.28125,-1.8290960296026315
0,48.560599999999994,4.284375000000001,-1.8065169808291193
0,48.560599999999994,4.2875,-1.7844075893964237
0,48.560599999999994,4.290625,-1.7627660378129693
0,48.560599999999994,4.29375,-1.7415895647847184
0,48.560599999999994,4.296875,-1.7208745807952135
0,48.560599999999994,4.300000000000001,-1.7006167743775744
0,48.560599999999994,4.303125,-1.6808112092194165
0,48.560599999999994,4.30625,-1.6614524123191932
0,48.560599999999994,4.309375,-1.6425344534817734
0,48.560599999999994,4.3125,-1.6240510165008122
0,48.560599999999994,4.315625000000001,-1.6059954624270207
0,48.560599999999994,4.31875,-1.5883608853626472
0,48.560599999999994,4.321875,-1.5711401612542593
0,48.560599999999994,4.325,-1.5543259901780333
0,48.560599999999994,4.328125,-1.5379109326235754
0,48.560599999999994,4.331250000000001,-1.521887440285671
0,48.560599999999994,4.334375,-1.5062478818675544
0,48.560599999999994,4.3375,-1.4909845643861568
0,48.560599999999994,4.340625,-1.4760897504505457
0,48.560599999999994,4.34375,-1.4615556719598577
0,48.560599999999994,4.346875000000001,-1.4473745406394594
0,48.560599999999994,4.35,-1.4335385558039286
0,48.560599999999994,4.353125,-1.4200399097052414
0,48.560599999999994,4.35625,-1.4068707907957658
0,48.560599999999994,4.359375,-1.394023385208924
0,48.560599999999994,4.362500000000001,-1.3814898767383152
0,48.560599999999994,4.365625,-1.36926244557836
0,48.560599999999994,4.36875,-1.3573332660779736
0,48.560599999999994,4.371875,-1.3456945037536914
0,48.560599999999994,4.375,-1.3343383118098513
0,48.560599999999994,4.378125000000001,-1.3232568274218315
0,48.560599999999994,4.38125,-1.3124421680524003
0,48.560599999999994,4.384375,-1.3018864280909426
0,48.560599999999994,4.3875,-1.2915816761292152
0,48.560599999999994,4.390625,-1.2815199532132744
0,48.560599999999994,4.393750000000001,-1.2716932724379784
0,48.560599999999994,4.396875,-1.262093620274465
0,48.560599999999994,4.4,-1.252712960039816
0,48.560599999999994,4.403125,-1.2435432379282414
0,48.560599999999994,4.40625,-1.2345763920203767
0,48.560599999999994,4.409375000000001,-1.2258043646686747
0,48.560599999999994,4.4125,-1.2172191186179233
0,48.560599999999994,4.415625,-1.2088126571577429
0,48.560599999999994,4.41875,-1.2005770485160243
0,48.560599999999994,4.421875,-1.19250445458664
0,48.560599999999994,4.425000000000001,-1.1845871639423504
0,48.560599999999994,4.428125,-1.1768176289158456
0,48.560599999999994,4.43125,-1.1691885063431102
0,48.560599999999994,4.434375,-1.161692701360634
0,48.560599999999994,4.4375,-1.1543234134401783
0,48.560599999999994,4.440625000000001,-1.1470741836443443
0,48.560599999999994,4.44375,-1.1399389419055501
0,48.560599999999994,4.446875,-1.1329120529852015
0,48.560599999999994,4.45,-1.1259883596726594
0,48.560599999999994,4.453125,-1.119163221747494
0,48.560599999999994,4.456250000000001,-1.112432549263674
0,48.560599999999994,4.459375,-1.105792828825342
0,48.560599999999994,4.4625,-1.099241141711225
0,48.560599999999994,4.465625,-1.092775172962316
0,48.560599999999994,4.46875,-1.0863932108628496
0,48.560599999999994,4.471875000000001,-1.0800941366010643
0,48.560599999999994,4.475,-1.0738774042716641
0,48.560599999999994,4.478125,-1.0677430117531432
0,48.560599999999994,4.48125,-1.0616914633365708
0,48.560599999999994,4.484375,-1.0557237252763543
0,48.560599999999994,4.487500000000001,-1.049841175661221
0,48.560599999999994,4.490625,-1.0440455501531731
0,48.560599999999994,4.49375,-1.0383388852085451
0,48.560599999999994,4.496875,-1.0327234603801476
0,48.560599999999994,4.5,-1.0272017412095917
0,48.560599999999994,4.503125000000001,-1.0217763240669526
0,48.560599999999994,4.50625,-1.0164498840955258
0,48.560599999999994,4.509375,-1.0112251271895487
0,48.560599999999994,4.5125,-1.006104746689105
0,48.560599999999994,4.515625,-1.0010913852336853
0,48.560599999999994,4.518750000000001,-0.9961876019875056
0,48.560599999999994,4.521875,-0.9913958452447964
0,48.560599999999994,4.525,-0.9867184302488435
0,48.560599999999994,4.528125,-0.9821575219180708
0,48.560599999999994,4.53125,-0.9777151220664126
0,48.560599999999994,4.534375000000001,-0.9733930606327122
0,48.560599999999994,4.5375,-0.9691929903914122
0,48.560599999999994,4.540625,-0.9651163846006843
0,48.560599999999994,4.54375,-0.9611645370496833
0,48.560599999999994,4.546875,-0.9573385639889462
0,48.560599999999994,4.550000000000001,-0.9536394074629919
0,48.560599999999994,4.553125,-0.9500678396075205
0,48.560599999999994,4.55625,-0.9466244675219789
0,48.560599999999994,4.559375,-0.9433097383788909
0,48.560599999999994,4.5625,-0.9401239444817951
0,48.560599999999994,4.565625000000001,-0.9370672280325907
0,48.560599999999994,4.56875,-0.9341395854151959
0,48.560599999999994,4.571875,-0.931340870845132
0,48.560599999999994,4.575,-0.9286707992737319
0,48.560599999999994,4.578125,-0.9261289484708376
0,48.560599999999994,4.581250000000001,-0.923714760241623
0,48.560599999999994,4.584375,-0.9214275407615324
0,48.560599999999994,4.5875,-0.9192664600388329
0,48.560599999999994,4.590625,-0.917230550537338
0,48.560599999999994,4.59375,-0.9153187050127818
0,48.560599999999994,4.596875000000001,-0.9135296736356684
0,48.560599999999994,4.6,-0.9118620604913893
0,48.560599999999994,4.603125,-0.9103143195653004
0,48.560599999999994,4.60625,-0.9088847503365903
0,48.560599999999994,4.609375,-0.9075714931200088
0,48.560599999999994,4.612500000000001,-0.9063725243091606
0,48.560599999999994,4.615625,-0.9052856516887634
0,48.560599999999994,4.61875,-0.9043085099959448
0,48.560599999999994,4.621875,-0.9034385569220184
0,48.560599999999994,4.625,-0.9026730697557457
0,48.560599999999994,4.628125000000001,-0.9020091428764949
0,48.560599999999994,4.63125,-0.9014436863103309
0,48.560599999999994,4.634375,-0.9009734255633264
0,48.560599999999994,4.6375,-0.9005949029437337
0,48.560599999999994,4.640625,-0.9003044805774051
0,48.560599999999994,4.643750000000001,-0.9000983453085908
0,48.560599999999994,4.646875,-0.8999725156604512
0,48.560599999999994,4.65,-0.8999228510060955
0,48.560599999999994,4.653125,-0.8999450630715764
0,48.560599999999994,4.65625,-0.9000347298572143
0,48.560599999999994,4.659375000000001,-0.9001873120232685
0,48.560599999999994,4.6625,-0.9003981717410376
0,48.560599999999994,4.665625,-0.9006625939618859
0,48.560599999999994,4.66875,-0.9009758100056336
0,48.560599999999994,4.671875,-0.9013330233176271
0,48.560599999999994,4.675000000000001,-0.9017294371921116
0,48.560599999999994,4.678125,-0.9021602842097375
0,48.560599999999994,4.68125,-0.9026208570907532
0,48.560599999999994,4.684375,-0.9031065406237517
0,48.560599999999994,4.6875,-0.9036128442940332
0,48.560599999999994,4.690625000000001,-0.904135435206222
0,48.560599999999994,4.69375,-0.9046701708732584
0,48.560599999999994,4.696875,-0.9052131314281869
0,48.560599999999994,4.7,-0.9057606508059907
0,48.560599999999994,4.703125,-0.9063093464396133
0,48.560599999999994,4.706250000000001,-0.9068561470165243
0,48.560599999999994,4.709375,-0.9073983178492132
0,48.560599999999994,4.7125,-0.9079334834243136
0,48.560599999999994,4.715625,-0.9084596467104622
0,48.560599999999994,4.71875,-0.9089752048246431
0,48.560599999999994,4.721875000000001,-0.9094789606809963
0,48.560599999999994,4.725,-0.9099701302756733
0,48.560599999999994,4.728125,-0.9104483452970302
0,48.560599999999994,4.73125,-0.910913650793187
0,48.560599999999994,4.734375,-0.9113664976793302
0,48.560599999999994,4.737500000000001,-0.9118077299253712
0,48.560599999999994,4.740625,-0.912238566330504
0,48.560599999999994,4.74375,-0.9126605768639579
0,48.560599999999994,4.746875,-0.9130756536294075
0,48.560599999999994,4.75,-0.91348597659214
0,48.560599999999994,4.753125000000001,-0.9138939742907802
0,48.560599999999994,4.75625,-0.9143022798366314
0,48.560599999999994,4.759375,-0.9147136825809749
0,48.560599999999994,4.7625,-0.9151310759016976
0,48.560599999999994,4.765625,-0.9155574016237144
0,48.560599999999994,4.768750000000001,-0.9159955916415946
0,48.560599999999994,4.771875,-0.9164485073573345
0,48.560599999999994,4.775,-0.9169188775816077
0,48.560599999999994,4.778125,-0.917409235574282
0,48.560599999999994,4.78125,-0.9179218559210528
0,48.560599999999994,4.784375000000001,-0.9184586919598576
0,48.560599999999994,4.7875,-0.9190213144853238
0,48.560599999999994,4.790625,-0.9196108524740931
0,48.560599999999994,4.79375,-0.9202279365898717
0,48.560599999999994,4.796875,-0.9208726462456288
0,48.560599999999994,4.800000000000001,-0.9215444610213809
0,48.560599999999994,4.803125,-0.9222422172584208
0,48.560599999999994,4.80625,-0.9229640706722442
0,48.560599999999994,4.809375,-0.9237074658430523
0,48.560599999999994,4.8125,-0.9244691134495046
0,48.560599999999994,4.815625000000001,-0.925244976102228
0,48.560599999999994,4.81875,-0.9260302636014751
0,48.560599999999994,4.821875,-0.9268194383811587
0,48.560599999999994,4.825,-0.9276062318024162
0,48.560599999999994,4.828125,-0.9283836718185671
0,48.560599999999994,4.831250000000001,-0.929144122346414
0,48.560599999999994,4.834375,-0.9298793344463275
0,48.560599999999994,4.8375,-0.930580509139232
0,48.560599999999994,4.840625,-0.9312383713807898
0,48.560599999999994,4.84375,-0.9318432543847694
0,48.560599999999994,4.846875000000001,-0.9323851931556975
0,48.560599999999994,4.85,-0.9328540257757191
0,48.560599999999994,4.853125,-0.9332395007134627
0,48.560599999999994,4.85625,-0.9335313882044483
0,48.560599999999994,4.859375,-0.9337195936106402
0,48.560599999999994,4.862500000000001,-0.9337942706131752
0,48.560599999999994,4.865625,-0.9337459321317929
0,48.560599999999994,4.86875,-0.9335655569934251
0,48.560599999999994,4.871875,-0.9332446905789215
0,48.560599999999994,4.875,-0.932775537942004
0,48.560599999999994,4.878125000000001,-0.9321510481945381
0,48.560599999999994,4.88125,-0.9313649892613735
0,48.560599999999994,4.884375,-0.9304120124018428
0,48.560599999999994,4.8875,-0.92928770615333
0,48.560599999999994,4.890625,-0.9279886395610877
0,48.560599999999994,4.893750000000001,-0.9265123947114339
0,48.560599999999994,4.896875,-0.9248575886839161
0,48.560599999999994,4.9,-0.923023885089796
0,48.560599999999994,4.903125,-0.9210119953823936
0,48.560599999999994,4.90625,-0.9188236701245649
0,48.560599999999994,4.909375000000001,-0.9164616803959664
0,48.560599999999994,4.9125,-0.9139297895314589
0,48.560599999999994,4.915625,-0.9112327154127492
0,48.560599999999994,4.91875,-0.9083760835944059
0,48.560599999999994,4.921875,-0.905366371634015
0,48.560599999999994,4.925000000000001,-0.9022108451118441
0,48.560599999999994,4.928125,-0.8989174859611311
0,48.560599999999994,4.93125,-0.8954949138766701
0,48.560599999999994,4.934375,-0.8919523017161249
0,48.560599999999994,4.9375,-0.8882992859439375
0,48.560599999999994,4.940625000000001,-0.8845458732818463
0,48.560599999999994,4.94375,-0.880702344813828
0,48.560599999999994,4.946875,-0.8767791588406147
0,48.560599999999994,4.95,-0.8727868537862286
0,48.560599999999994,4.953125,-0.868735952425294
0,48.560599999999994,4.956250000000001,-0.8646368686276708
0,48.560599999999994,4.959375,-0.8604998177102892
0,48.560599999999994,4.9625,-0.8563347313516131
0,48.560599999999994,4.965625,-0.8521511778695745
0,48.560599999999994,4.96875,-0.8479582884973029
0,48.560599999999994,4.971875000000001,-0.8437646901212998
0,48.560599999999994,4.975,-0.8395784447814336
0,48.560599999999994,4.978125,-0.835406996078494
0,48.560599999999994,4.98125,-0.8312571224987464
0,48.560599999999994,4.984375,-0.8271348975500008
0,48.560599999999994,4.987500000000001,-0.8230456565132999
0,48.560599999999994,4.990625,-0.8189939695492822
0,48.560599999999994,4.99375,-0.814983620858782
0,48.560599999999994,4.996875,-0.8110175935819647
0,48.560599999999994,5.0,-0.8070980601268316
0,48.560599999999994,5.003125,-0.8032263776436279
0,48.560599999999994,5.0062500000000005,-0.7994030884026261
0,48.560599999999994,5.009375,-0.7956279248853703
0,48.560599999999994,5.0125,-0.7918998194593967
0,48.560599999999994,5.015625,-0.7882169185698006
0,48.560599999999994,5.01875,-0.7845766014434248
0,48.560599999999994,5.0218750000000005,-0.7809755033591356
0,48.560599999999994,5.025,-0.7774095435867181
0,48.560599999999994,5.028125,-0.7738739581338964
0,48.560599999999994,5.03125,-0.7703633374627242
0,48.560599999999994,5.034375,-0.7668716693402936
0,48.560599999999994,5.0375000000000005,-0.763392386972206
0,48.560599999999994,5.040625,-0.7599184225288724
0,48.560599999999994,5.04375,-0.7564422661135852
0,48.560599999999994,5.046875,-0.7529560301374115
0,48.560599999999994,5.05,-0.7494515189601274
0,48.560599999999994,5.0531250000000005,-0.7459203035306883
0,48.560599999999994,5.05625,-0.7423538006181433
0,48.560599999999994,5.059375,-0.738743356068647
0,48.560599999999994,5.0625,-0.7350803313617448
0,48.560599999999994,5.065625,-0.7313561925755568
0,48.560599999999994,5.0687500000000005,-0.7275626007132404
0,48.560599999999994,5.071875,-0.723691502199706
0,48.560599999999994,5.075,-0.7197352182360603
0,48.560599999999994,5.078125,-0.7156865316073722
0,48.560599999999994,5.08125,-0.7115387694841618
0,48.560599999999994,5.0843750000000005,-0.7072858807456208
0,48.560599999999994,5.0875,-0.7029225063872844
0,48.560599999999994,5.090625,-0.6984440416602113
0,48.560599999999994,5.09375,-0.6938466887228919
0,48.560599999999994,5.096875,-0.6891274987685883
0,48.560599999999994,5.1000000000000005,-0.6842844028149245
0,48.560599999999994,5.103125,-0.6793162306017961
0,48.560599999999994,5.10625,-0.6742227173286061
0,48.560599999999994,5.109375,-0.6690044982612853
0,48.560599999999994,5.1125,-0.6636630915409764
0,48.560599999999994,5.1156250000000005,-0.6582008698168482
0,48.560599999999994,5.11875,-0.6526210215926013
0,48.560599999999994,5.121875,-0.6469275034079591
0,48.560599999999994,5.125,-0.6411249841630597
0,48.560599999999994,5.128125,-0.6352187830271852
0,48.560599999999994,5.1312500000000005,-0.6292148024490911
0,48.560599999999994,5.134375,-0.6231194578025557
0,48.560599999999994,5.1375,-0.6169396051593924
0,48.560599999999994,5.140625,-0.6106824685882207
0,48.560599999999994,5.14375,-0.6043555682386895
0,48.560599999999994,5.1468750000000005,-0.5979666502983136
0,48.560599999999994,5.15,-0.5915236197149375
0,48.560599999999994,5.153125,-0.5850344763751171
0,48.560599999999994,5.15625,-0.5785072552305821
0,48.560599999999994,5.159375,-0.5719499706827639
0,48.560599999999994,5.1625000000000005,-0.5653705653787385
0,48.560599999999994,5.165625,-0.558776863447109
0,48.560599999999994,5.16875,-0.5521765281121374
0,48.560599999999994,5.171875,-0.5455770235684337
0,48.560599999999994,5.175,-0.538985580972525
0,48.560599999999994,5.1781250000000005,-0.532409168405757
0,48.560599999999994,5.18125,-0.5258544646771126
0,48.560599999999994,5.184375,-0.5193278368565193
0,48.560599999999994,5.1875,-0.5128353214514744
0,48.560599999999994,5.190625,-0.5063826091559278
0,48.560599999999994,5.1937500000000005,-0.49997503310634295
0,48.560599999999994,5.196875,-0.4936175605736096
0,48.560599999999994,5.2,-0.4873147880011956
0,48.560599999999994,5.203125,-0.4810709392716422
0,48.560599999999994,5.20625,-0.4748898670482206
0,48.560599999999994,5.2093750000000005,-0.4687750570002642
0,48.560599999999994,5.2125,-0.4627296346830851
0,48.560599999999994,5.215625,-0.4567563748099139
0,48.560599999999994,5.21875,-0.45085771262674434
0,48.560599999999994,5.221875,-0.44503575708285936
0,48.560599999999994,5.2250000000000005,-0.4392923054812099
0,48.560599999999994,5.228125,-0.43362885929349304
0,48.560599999999994,5.23125,-0.4280466408340295
0,48.560599999999994,5.234375,-0.4225466105032446
0,48.560599999999994,5.2375,-0.41712948433396113
0,48.560599999999994,5.2406250000000005,-0.41179575160041504
0,48.560599999999994,5.24375,-0.4065456922791282
0,48.560599999999994,5.246875,-0.40137939418110347
0,48.560599999999994,5.25,-0.396296769605081
0,48.560599999999994,5.253125,-0.3912975713906188
0,48.560599999999994,5.2562500000000005,-0.3863814082770003
0,48.560599999999994,5.259375,-0.3815477594987568
0,48.560599999999994,5.2625,-0.37679598857065827
0,48.560599999999994,5.265625,-0.372125356234329
0,48.560599999999994,5.26875,-0.367535032555014
0,48.560599999999994,5.2718750000000005,-0.3630241081707663
0,48.560599999999994,5.275,-0.3585916047075032
0,48.560599999999994,5.278125,-0.35423648438223054
0,48.560599999999994,5.28125,-0.34995765882362256
0,48.560599999999994,5.284375,-0.34575399714414085
0,48.560599999999994,5.2875000000000005,-0.3416243333014403
0,48.560599999999994,5.290625,-0.337567472789035
0,48.560599999999994,5.29375,-0.3335821986973541
0,48.560599999999994,5.296875,-0.3296672771866717
0,48.560599999999994,5.3,-0.3258214624129692
0,48.560599999999994,5.3031250000000005,-0.3220435009469096
0,48.560599999999994,5.30625,-0.31833213572477687
0,48.560599999999994,5.309375,-0.3146861095686101
0,48.560599999999994,5.3125,-0.31110416831097365
0,48.560599999999994,5.315625,-0.3075850635578342
0,48.560599999999994,5.3187500000000005,-0.30412755512101236
0,48.560599999999994,5.321875,-0.3007304131496478
0,48.560599999999994,5.325,-0.29739241998807686
0,48.560599999999994,5.328125,-0.2941123717855729
0,48.560599999999994,5.33125,-0.2908890798814674
0,48.560599999999994,5.3343750000000005,-0.2877213719873467
0,48.560599999999994,5.3375,-0.2846080931862833
0,48.560599999999994,5.340625,-0.28154810676740133
0,48.560599999999994,5.34375,-0.27854029491255944
0,48.560599999999994,5.346875,-0.2755835592504574
0,48.560599999999994,5.3500000000000005,-0.272676821292154
0,48.560599999999994,5.353125,-0.2698190227607278
0,48.560599999999994,5.35625,-0.2670091258266474
0,48.560599999999994,5.359375,-0.2642461132593819
0,48.560599999999994,5.3625,-0.26152898850477363
0,48.560599999999994,5.3656250000000005,-0.25885677569681026
0,48.560599999999994,5.36875,-0.25622851961161863
0,48.560599999999994,5.371875,-0.25364328557071764
0,48.560599999999994,5.375,-0.25110015929992235
0,48.560599999999994,5.378125,-0.24859824674962697
0,48.560599999999994,5.3812500000000005,-0.24613667388163601
0,48.560599999999994,5.384375,-0.24371458642720237
0,48.560599999999994,5.3875,-0.2413311496204293
0,48.560599999999994,5.390625,-0.23898554791080065
0,48.560599999999994,5.39375,-0.23667698465818152
0,48.560599999999994,5.3968750000000005,-0.23440468181329374
0,48.560599999999994,5.4,-0.23216787958635138
0,48.560599999999994,5.403125,-0.22996583610623844
0,48.560599999999994,5.40625,-0.2277978270723663
0,48.560599999999994,5.409375,-0.22566314540110086
0,48.560599999999994,5.4125000000000005,-0.22356110086843126
0,48.560599999999994,5.415625,-0.221491019750377
0,48.560599999999994,5.41875,-0.219452244462428
0,48.560599999999994,5.421875,-0.21744413319918773
0,48.560599999999994,5.425,-0.21546605957522139
0,48.560599999999994,5.4281250000000005,-0.21351741226799734
0,48.560599999999994,5.43125,-0.2115975946636956
0,48.560599999999994,5.434375,-0.2097060245065442
0,48.560599999999994,5.4375,-0.20784213355226944
0,48.560599999999994,5.440625,-0.20600536722614568
0,48.560599999999994,5.4437500000000005,-0.20419518428606803
0,48.560599999999994,5.446875,-0.20241105649100102
0,48.560599999999994,5.45,-0.2006524682750928
0,48.560599999999994,5.453125,-0.19891891642770382
0,48.560599999999994,5.45625,-0.19720990977953762
0,48.560599999999994,5.4593750000000005,-0.19552496889502835
0,48.560599999999994,5.4625,-0.19386362577110125
0,48.560599999999994,5.465625,-0.1922254235423822
0,48.560599999999994,5.46875,-0.19060991619291842
0,48.560599999999994,5.471875,-0.18901666827442815
0,48.560599999999994,5.4750000000000005,-0.18744525463108858
0,48.560599999999994,5.478125,-0.18589526013084562
0,48.560599999999994,5.48125,-0.184366279403208
0,48.560599999999994,5.484375,-0.18285791658348424
0,48.560599999999994,5.4875,-0.18136978506339502
0,48.560599999999994,5.4906250000000005,-0.17990150724798937
0,48.560599999999994,5.49375,-0.17845271431878498
0,48.560599999999994,5.496875,-0.17702304600303329
0,48.560599999999994,5.5,-0.17561215034902206
0,48.560599999999994,5.503125,-0.17421968350730163
0,48.560599999999994,5.5062500000000005,-0.1728453095177313
0,48.560599999999994,5.509375,-0.17148870010223272
0,48.560599999999994,5.5125,-0.1701495344631288
0,48.560599999999994,5.515625,-0.16882749908695877
0,48.560599999999994,5.51875,-0.1675222875536422
0,48.560599999999994,5.5218750000000005,-0.16623360035087295
0,48.560599999999994,5.525,-0.16496114469362394
0,48.560599999999994,5.528125,-0.16370463434863414
0,48.560599999999994,5.53125,-0.16246378946376408
0,48.560599999999994,5.534375,-0.1612383364020929
0,48.560599999999994,5.5375000000000005,-0.16002800758063926
0,48.560599999999994,5.540625,-0.15883254131358632
0,48.560599999999994,5.54375,-0.15765168165989096
0,48.560599999999994,5.546875,-0.15648517827516523
0,48.560599999999994,5.55,-0.15533278626771105
0,48.560599999999994,5.5531250000000005,-0.15419426605859832
0,48.560599999999994,5.55625,-0.15306938324567473
0,48.560599999999994,5.559375,-0.15195790847139687
0,48.560599999999994,5.5625,-0.15085961729437825
0,48.560599999999994,5.565625,-0.1497742900645503
0,48.560599999999994,5.5687500000000005,-0.14870171180183117
0,48.560599999999994,5.571875,-0.14764167207820644
0,48.560599999999994,5.575,-0.14659396490311868
0,48.560599999999994,5.578125,-0.1455583886120773
0,48.560599999999994,5.58125,-0.14453474575839048
0,48.560599999999994,5.5843750000000005,-0.14352284300793158
0,48.560599999999994,5.5875,-0.14252249103685036
0,48.560599999999994,5.590625,-0.14153350443214247
0,48.560599999999994,5.59375,-0.14055570159499556
0,48.560599999999994,5.596875,-0.13958890464682946
0,48.560599999999994,5.6000000000000005,-0.13863293933794973
0,48.560599999999994,5.603125,-0.13768763495874142
0,48.560599999999994,5.60625,-0.13675282425332205
0,48.560599999999994,5.609375,-0.1358283433355881
0,48.560599999999994,5.6125,-0.13491403160757895
0,48.560599999999994,5.6156250000000005,-0.1340097316800919
0,48.560599999999994,5.61875,-0.13311528929548178
0,48.560599999999994,5.621875,-0.13223055325257813
0,48.560599999999994,5.625,-0.13135537533366076
0,48.560599999999994,5.628125,-0.1304896102334298
0,48.560599999999994,5.6312500000000005,-0.12963311548991155
0,48.560599999999994,5.634375,-0.1287857514172454
0,48.560599999999994,5.6375,-0.1279473810402906
0,48.560599999999994,5.640625,-0.12711787003100541
0,48.560599999999994,5.64375,-0.12629708664654143
0,48.560599999999994,5.6468750000000005,-0.12548490166900472
0,48.560599999999994,5.65,-0.12468118834683471
0,48.560599999999994,5.653125,-0.1238858223377496
0,48.560599999999994,5.65625,-0.12309868165321824
0,48.560599999999994,5.659375,-0.12231964660440788
0,48.560599999999994,5.6625000000000005,-0.1215485997495672
0,48.560599999999994,5.665625,-0.12078542584280313
0,48.560599999999994,5.66875,-0.12003001178420719
0,48.560599999999994,5.671875,-0.11928224657129602
0,48.560599999999994,5.675,-0.11854202125172521
0,48.560599999999994,5.6781250000000005,-0.11780922887723966
0,48.560599999999994,5.68125,-0.11708376445882593
0,48.560599999999994,5.684375,-0.11636552492302793
0,48.560599999999994,5.6875,-0.11565440906939764
0,48.560599999999994,5.690625,-0.11495031752904351
0,48.560599999999994,5.6937500000000005,-0.11425315272424663
0,48.560599999999994,5.696875,-0.1135628188291147
0,48.560599999999994,5.7,-0.1128792217312413
0,48.560599999999994,5.703125,-0.11220226899434532
0,48.560599999999994,5.70625,-0.11153186982185868
0,48.560599999999994,5.7093750000000005,-0.11086793502143882
0,48.560599999999994,5.7125,-0.11021037697037683
0,48.560599999999994,5.715625,-0.10955910958187673
0,48.560599999999994,5.71875,-0.10891404827218207
0,48.560599999999994,5.721875,-0.10827510992852465
0,48.560599999999994,5.7250000000000005,-0.10764221287787296
0,48.560599999999994,5.728125,-0.10701527685645738
0,48.560599999999994,5.73125,-0.10639422298005015
0,48.560599999999994,5.734375,-0.10577897371497998
0,48.560599999999994,5.7375,-0.10516945284985989
0,48.560599999999994,5.7406250000000005,-0.1045655854680086
0,48.560599999999994,5.74375,-0.1039672979205469
0,48.560599999999994,5.746875,-0.10337451780014822
0,48.560599999999994,5.75,-0.10278717391542859
0,48.560599999999994,5.753125,-0.1022051962659558
0,48.560599999999994,5.7562500000000005,-0.10162851601786108
0,48.560599999999994,5.759375,-0.10105706548003901
0,48.560599999999994,5.7625,-0.1004907780809157
0,48.560599999999994,5.765625,-0.09992958834577322
0,48.560599999999994,5.76875,-0.09937343187461399
0,48.560599999999994,5.7718750000000005,-0.09882224532055006
0,48.560599999999994,5.775,-0.09827596636870375
0,48.560599999999994,5.778125,-0.09773453371560493
0,48.560599999999994,5.78125,-0.0971978870490732
0,48.560599999999994,5.784375,-0.09666596702857083
0,48.560599999999994,5.7875000000000005,-0.09613871526601364
0,48.560599999999994,5.790625,-0.09561607430702923
0,48.560599999999994,5.79375,-0.09509798761264807
0,48.560599999999994,5.796875,-0.09458439954141945
0,48.560599999999994,5.800000000000001,-0.0940752553319372
0,48.560599999999994,5.8031250000000005,-0.09357050108576859
0,48.560599999999994,5.80625,-0.09307008375077137
0,48.560599999999994,5.809375,-0.09257395110479272
0,48.560599999999994,5.8125,-0.09208205173973803
0,48.560599999999994,5.815625000000001,-0.09159433504600029
0,48.560599999999994,5.8187500000000005,-0.09111075119724132
0,48.560599999999994,5.821875,-0.09063125113551435
0,48.560599999999994,5.825,-0.09015578655672107
0,48.560599999999994,5.828125,-0.08968430989639334
0,48.560599999999994,5.831250000000001,-0.08921677431579117
0,48.560599999999994,5.8343750000000005,-0.08875313368831031
0,48.560599999999994,5.8375,-0.08829334258618865
0,48.560599999999994,5.840625,-0.08783735626750777
0,48.560599999999994,5.84375,-0.0873851306634789
0,48.560599999999994,5.846875000000001,-0.08693662236600733
0,48.560599999999994,5.8500000000000005,-0.08649178861552982
0,48.560599999999994,5.853125,-0.08605058728911436
0,48.560599999999994,5.85625,-0.08561297688881958
0,48.560599999999994,5.859375,-0.08517891653030567
0,48.560599999999994,5.862500000000001,-0.08474836593169013
0,48.560599999999994,5.8656250000000005,-0.0843212854026439
0,48.560599999999994,5.86875,-0.08389763583371912
0,48.560599999999994,5.871875,-0.08347737868590663
0,48.560599999999994,5.875,-0.08306047598041401
0,48.560599999999994,5.878125000000001,-0.08264689028866137
0,48.560599999999994,5.8812500000000005,-0.08223658472248818
0,48.560599999999994,5.884375,-0.08182952292456568
0,48.560599999999994,5.8875,-0.08142566905901187
0,48.560599999999994,5.890625,-0.08102498780220174
0,48.560599999999994,5.893750000000001,-0.08062744433376985
0,48.560599999999994,5.8968750000000005,-0.08023300432780034
0,48.560599999999994,5.9,-0.07984163394419799
0,48.560599999999994,5.903125,-0.07945329982023946
0,48.560599999999994,5.90625,-0.07906796906229743
0,48.560599999999994,5.909375000000001,-0.07868560923773453
0,48.560599999999994,5.9125000000000005,-0.07830618836696433
0,48.560599999999994,5.915625,-0.0779296749156726
0,48.560599999999994,5.91875,-0.07755603778719805
0,48.560599999999994,5.921875,-0.07718524631506708
0,48.560599999999994,5.925000000000001,-0.07681727025567917
0,48.560599999999994,5.9281250000000005,-0.0764520797811405
0,48.560599999999994,5.93125,-0.0760896454722398
0,48.560599999999994,5.934375,-0.07572993831156673
0,48.560599999999994,5.9375,-0.07537292967676618
0,48.560599999999994,5.940625000000001,-0.07501859133392744
0,48.560599999999994,5.9437500000000005,-0.07466689543110472
0,48.560599999999994,5.946875,-0.07431781449196465
0,48.560599999999994,5.95,-0.0739713214095604
0,48.560599999999994,5.953125,-0.073627389440227
0,48.560599999999994,5.956250000000001,-0.0732859921975969
0,48.560599999999994,5.9593750000000005,-0.0729471036467326
0,48.560599999999994,5.9625,-0.07261069809837245
0,48.560599999999994,5.965625,-0.07227675020328922
0,48.560599999999994,5.96875,-0.07194523494675739
0,48.560599999999994,5.971875000000001,-0.07161612764312719
0,48.560599999999994,5.9750000000000005,-0.0712894039305033
0,48.560599999999994,5.978125,-0.07096503976552497
0,48.560599999999994,5.98125,-0.07064301141824643
0,48.560599999999994,5.984375,-0.07032329546711498
0,48.560599999999994,5.987500000000001,-0.07000586879404383
0,48.560599999999994,5.9906250000000005,-0.06969070857957961
0,48.560599999999994,5.99375,-0.06937779229815937
0,48.560599999999994,5.996875,-0.06906709771345829
0,48.560599999999994,6.0,-0.06875860287382445
