"Current","Field","Frequency","Spectra"
0,46.6042,1.0,-0.022773452897817525
0,46.6042,1.003125,-0.02284814842408914
0,46.6042,1.00625,-0.02292333103910786
0,46.6042,1.009375,-0.022999005795800227
0,46.6042,1.0125,-0.023075177818001502
0,46.6042,1.015625,-0.02315185230168532
0,46.6042,1.01875,-0.023229034516218532
0,46.6042,1.021875,-0.023306729805641704
0,46.6042,1.025,-0.0233849435899759
0,46.6042,1.028125,-0.023463681366556452
0,46.6042,1.03125,-0.023542948711394153
0,46.6042,1.034375,-0.023622751280564715
0,46.6042,1.0375,-0.023703094811627107
0,46.6042,1.040625,-0.023783985125071346
0,46.6042,1.04375,-0.02386542812579668
0,46.6042,1.046875,-0.023947429804620578
0,46.6042,1.05,-0.024029996239819558
0,46.6042,1.053125,-0.02411313359870244
0,46.6042,1.05625,-0.024196848139216822
0,46.6042,1.059375,-0.024281146211589704
0,46.6042,1.0625,-0.024366034260002868
0,46.6042,1.065625,-0.024451518824304116
0,46.6042,1.06875,-0.02453760654175502
0,46.6042,1.071875,-0.024624304148816147
0,46.6042,1.075,-0.024711618482970807
0,46.6042,1.078125,-0.024799556484588044
0,46.6042,1.08125,-0.024888125198825956
0,46.6042,1.084375,-0.024977331777576425
0,46.6042,1.0875,-0.025067183481452027
0,46.6042,1.090625,-0.025157687681816542
0,46.6042,1.09375,-0.025248851862859693
0,46.6042,1.096875,-0.025340683623717705
0,46.6042,1.1,-0.025433190680640386
0,46.6042,1.103125,-0.025526380869206246
0,46.6042,1.10625,-0.025620262146586678
0,46.6042,1.109375,-0.025714842593860407
0,46.6042,1.1125,-0.02581013041837965
0,46.6042,1.115625,-0.02590613395618925
0,46.6042,1.11875,-0.0260028616744999
0,46.6042,1.121875,-0.026100322174217247
0,46.6042,1.125,-0.02619852419252794
0,46.6042,1.128125,-0.02629747660554431
0,46.6042,1.13125,-0.026397188431009126
0,46.6042,1.134375,-0.02649766883106192
0,46.6042,1.1375,-0.02659892711506858
0,46.6042,1.140625,-0.026700972742515823
0,46.6042,1.14375,-0.02680381532597212
0,46.6042,1.146875,-0.02690746463411712
0,46.6042,1.15,-0.027011930594840874
0,46.6042,1.153125,-0.02711722329841534
0,46.6042,1.15625,-0.02722335300073944
0,46.6042,1.159375,-0.027330330126659995
0,46.6042,1.1625,-0.027438165273370545
0,46.6042,1.165625,-0.027546869213889873
0,46.6042,1.16875,-0.027656452900622727
0,46.6042,1.171875,-0.027766927469004537
0,46.6042,1.175,-0.027878304241232735
0,46.6042,1.178125,-0.027990594730086863
0,46.6042,1.18125,-0.02810381064283974
0,46.6042,1.184375,-0.02821796388526248
0,46.6042,1.1875,-0.028333066565725498
0,46.6042,1.190625,-0.02844913099939861
0,46.6042,1.19375,-0.028566169712552356
0,46.6042,1.196875,-0.028684195446963885
0,46.6042,1.2,-0.028803221164429994
0,46.6042,1.203125,-0.028923260051390072
0,46.6042,1.20625,-0.029044325523662616
0,46.6042,1.209375,-0.02916643123129773
0,46.6042,1.2125,-0.0292895910635494
0,46.6042,1.215625,-0.0294138191539706
0,46.6042,1.21875,-0.02953912988563477
0,46.6042,1.221875,-0.02966553789648713
0,46.6042,1.225,-0.029793058084829675
0,46.6042,1.228125,-0.029921705614943374
0,46.6042,1.23125,-0.030051495922851675
0,46.6042,1.234375,-0.03018244472222916
0,46.6042,1.2375,-0.030314568010459696
0,46.6042,1.240625,-0.030447882074848116
0,46.6042,1.24375,-0.030582403498990017
0,46.6042,1.246875,-0.030718149169304182
0,46.6042,1.25,-0.03085513628173219
0,46.6042,1.253125,-0.03099338234861029
0,46.6042,1.25625,-0.031132905205718313
0,46.6042,1.259375,-0.031273723019510855
0,46.6042,1.2625,-0.03141585429453627
0,46.6042,1.265625,-0.031559317881048404
0,46.6042,1.26875,-0.0317041329828174
0,46.6042,1.271875,-0.031850319165145094
0,46.6042,1.275,-0.031997896363090916
0,46.6042,1.278125,-0.03214688488991495
0,46.6042,1.28125,-0.03229730544574415
0,46.6042,1.284375,-0.032449179126468726
0,46.6042,1.2875,-0.03260252743287538
0,46.6042,1.290625,-0.032757372280024524
0,46.6042,1.29375,-0.03291373600687898
0,46.6042,1.296875,-0.03307164138619137
0,46.6042,1.3,-0.033231111634658556
0,46.6042,1.303125,-0.03339217042335076
0,46.6042,1.30625,-0.033554841888423885
0,46.6042,1.309375,-0.03371915064212397
0,46.6042,1.3125,-0.03388512178409207
0,46.6042,1.315625,-0.034052780912979475
0,46.6042,1.31875,-0.034222154138382414
0,46.6042,1.321875,-0.03439326809310618
0,46.6042,1.325,-0.03456614994576909
0,46.6042,1.328125,-0.034740827413756364
0,46.6042,1.33125,-0.03491732877653543
0,46.6042,1.334375,-0.03509568288934339
0,46.6042,1.3375,-0.0352759191972587
0,46.6042,1.340625,-0.035458067749669045
0,46.6042,1.34375,-0.03564215921514748
0,46.6042,1.346875,-0.03582822489675059
0,46.6042,1.35,-0.0360162967477511
0,46.6042,1.353125,-0.03620640738781942
0,46.6042,1.35625,-0.0363985901196681
0,46.6042,1.359375,-0.03659287894617405
0,46.6042,1.3625,-0.036789308587993834
0,46.6042,1.365625,-0.036987914501687924
0,46.6042,1.36875,-0.03718873289837023
0,46.6042,1.371875,-0.03739180076289991
0,46.6042,1.375,-0.03759715587363295
0,46.6042,1.378125,-0.03780483682275182
0,46.6042,1.38125,-0.03801488303719197
0,46.6042,1.384375,-0.03822733480018437
0,46.6042,1.3875,-0.03844223327343495
0,46.6042,1.390625,-0.03865962051996079
0,46.6042,1.39375,-0.03887953952760575
0,46.6042,1.396875,-0.03910203423325709
0,46.6042,1.4,-0.03932714954778675
0,46.6042,1.403125,-0.03955493138174099
0,46.6042,1.40625,-0.03978542667180338
0,46.6042,1.409375,-0.040018683408056956
0,46.6042,1.4125,-0.040254750662071945
0,46.6042,1.415625,-0.04049367861584684
0,46.6042,1.41875,-0.040735518591631534
0,46.6042,1.421875,-0.0409803230826617
0,46.6042,1.425,-0.04122814578483555
0,46.6042,1.428125,-0.04147904162936461
0,46.6042,1.43125,-0.04173306681643101
0,46.6042,1.434375,-0.04199027884988625
0,46.6042,1.4375,-0.04225073657302569
0,46.6042,1.440625,-0.04251450020547626
0,46.6042,1.44375,-0.042781631381234725
0,46.6042,1.446875,-0.04305219318789587
0,46.6042,1.45,-0.04332625020711147
0,46.6042,1.453125,-0.04360386855632173
0,46.6042,1.45625,-0.04388511593180329
0,46.6042,1.459375,-0.04417006165307856
0,46.6042,1.4625,-0.04445877670873348
0,46.6042,1.465625,-0.044751333803692
0,46.6042,1.46875,-0.0450478074079973
0,46.6042,1.471875,-0.04534827380715227
0,46.6042,1.475,-0.04565281115407241
0,46.6042,1.478125,-0.04596149952270731
0,46.6042,1.48125,-0.04627442096338838
0,46.6042,1.484375,-0.046591659559962154
0,46.6042,1.4875,-0.04691330148877158
0,46.6042,1.490625,-0.04723943507954892
0,46.6042,1.49375,-0.04757015087828649
0,46.6042,1.496875,-0.04790554171215415
0,46.6042,1.5,-0.048245702756533705
0,46.6042,1.503125,-0.04859073160424451
0,46.6042,1.50625,-0.048940728337035305
0,46.6042,1.509375,-0.04929579559942118
0,46.6042,1.5125000000000002,-0.049656038674946876
0,46.6042,1.515625,-0.0500215655649595
0,46.6042,1.51875,-0.05039248706997834
0,46.6042,1.521875,-0.05076891687375035
0,46.6042,1.525,-0.051150971630084086
0,46.6042,1.5281250000000002,-0.05153877105255768
0,46.6042,1.53125,-0.05193243800719846
0,46.6042,1.534375,-0.052332098608237274
0,46.6042,1.5375,-0.0527378823170404
0,46.6042,1.540625,-0.05314992204432843
0,46.6042,1.5437500000000002,-0.05356835425579283
0,46.6042,1.546875,-0.053993319081224164
0,46.6042,1.55,-0.054424960427271074
0,46.6042,1.553125,-0.05486342609394958
0,46.6042,1.55625,-0.05530886789502879
0,46.6042,1.5593750000000002,-0.055761441782419874
0,46.6042,1.5625,-0.05622130797469978
0,46.6042,1.565625,-0.05668863108990493
0,46.6042,1.56875,-0.057163580282731656
0,46.6042,1.571875,-0.05764632938628535
0,46.6042,1.5750000000000002,-0.058137057058522096
0,46.6042,1.578125,-0.05863594693352968
0,46.6042,1.58125,-0.05914318777779899
0,46.6042,1.584375,-0.05965897365163722
0,46.6042,1.5875,-0.06018350407587909
0,46.6042,1.5906250000000002,-0.06071698420405325
0,46.6042,1.59375,-0.061259625000162465
0,46.6042,1.596875,-0.061811643422240145
0,46.6042,1.6,-0.06237326261184346
0,46.6042,1.603125,-0.06294471208964712
0,46.6042,1.6062500000000002,-0.06352622795730076
0,46.6042,1.609375,-0.06411805310571136
0,46.6042,1.6125,-0.06472043742991432
0,46.6042,1.615625,-0.06533363805069023
0,46.6042,1.61875,-0.06595791954308616
0,46.6042,1.6218750000000002,-0.0665935541719935
0,46.6042,1.625,-0.06724082213492985
0,46.6042,1.628125,-0.06790001181216822
0,46.6042,1.63125,-0.06857142002434578
0,46.6042,1.634375,-0.06925535229767818
0,46.6042,1.6375000000000002,-0.06995212313689268
0,46.6042,1.640625,-0.07066205630597977
0,46.6042,1.64375,-0.07138548511685025
0,46.6042,1.646875,-0.07212275272596216
0,46.6042,1.65,-0.07287421243896648
0,46.6042,1.6531250000000002,-0.07364022802339264
0,46.6042,1.65625,-0.07442117402936858
0,46.6042,1.659375,-0.07521743611834145
0,46.6042,1.6625,-0.07602941139972433
0,46.6042,1.665625,-0.07685750877535968
0,46.6042,1.6687500000000002,-0.07770214929164157
0,46.6042,1.671875,-0.07856376649908678
0,46.6042,1.675,-0.0794428068190915
0,46.6042,1.678125,-0.08033972991753946
0,46.6042,1.68125,-0.08125500908486026
0,46.6042,1.6843750000000002,-0.08218913162205274
0,46.6042,1.6875,-0.08314259923209656
0,46.6042,1.690625,-0.08411592841607841
0,46.6042,1.69375,-0.08510965087324054
0,46.6042,1.696875,-0.08612431390403974
0,46.6042,1.7000000000000002,-0.08716048081516274
0,46.6042,1.703125,-0.08821873132528907
0,46.6042,1.70625,-0.08929966197022561
0,46.6042,1.709375,-0.09040388650584197
0,46.6042,1.7125,-0.09153203630703177
0,46.6042,1.7156250000000002,-0.09268476076069183
0,46.6042,1.71875,-0.09386272765045466
0,46.6042,1.721875,-0.09506662353063414
0,46.6042,1.725,-0.09629715408652838
0,46.6042,1.728125,-0.09755504447788955
0,46.6042,1.7312500000000002,-0.09884103966199528
0,46.6042,1.734375,-0.10015590469234395
0,46.6042,1.7375,-0.10150042498855438
0,46.6042,1.740625,-0.10287540657255007
0,46.6042,1.74375,-0.10428167626557941
0,46.6042,1.7468750000000002,-0.10572008184003254
0,46.6042,1.75,-0.1071914921193751
0,46.6042,1.753125,-0.10869679701882985
0,46.6042,1.75625,-0.11023690751866985
0,46.6042,1.759375,-0.11181275556117613
0,46.6042,1.7625000000000002,-0.11342529386141592
0,46.6042,1.765625,-0.11507549562103582
0,46.6042,1.76875,-0.11676435413323036
0,46.6042,1.771875,-0.11849288226591806
0,46.6042,1.775,-0.12026211180896423
0,46.6042,1.7781250000000002,-0.12207309266999475
0,46.6042,1.78125,-0.123926891901967
0,46.6042,1.784375,-0.12582459254420464
0,46.6042,1.7875,-0.12776729225703107
0,46.6042,1.790625,-0.12975610172850227
0,46.6042,1.7937500000000002,-0.1317921428299958
0,46.6042,1.796875,-0.13387654649559494
0,46.6042,1.8,-0.13601045029832015
0,46.6042,1.803125,-0.13819499569428664
0,46.6042,1.80625,-0.14043132490386623
0,46.6042,1.8093750000000002,-0.14272057739687377
0,46.6042,1.8125,-0.1450638859467348
0,46.6042,1.815625,-0.14746237221655023
0,46.6042,1.81875,-0.14991714183795862
0,46.6042,1.821875,-0.1524292789417984
0,46.6042,1.8250000000000002,-0.15499984009779322
0,46.6042,1.828125,-0.1576298476189104
0,46.6042,1.83125,-0.16032028218475225
0,46.6042,1.834375,-0.16307207473737395
0,46.6042,1.8375,-0.16588609760244247
0,46.6042,1.8406250000000002,-0.16876315478870002
0,46.6042,1.84375,-0.17170397141944432
0,46.6042,1.846875,-0.17470918225132667
0,46.6042,1.85,-0.17777931923831772
0,46.6042,1.853125,-0.18091479810244365
0,46.6042,1.8562500000000002,-0.1841159038779848
0,46.6042,1.859375,-0.187382775402503
0,46.6042,1.8625,-0.1907153887365577
0,46.6042,1.865625,-0.19411353950447854
0,46.6042,1.86875,-0.1975768241614059
0,46.6042,1.8718750000000002,-0.20110462020717323
0,46.6042,1.875,-0.20469606538578222
0,46.6042,1.878125,-0.20835003593044782
0,46.6042,1.88125,-0.2120651239386387
0,46.6042,1.884375,-0.2158396139894534
0,46.6042,1.8875000000000002,-0.21967145914710323
0,46.6042,1.890625,-0.22355825652930375
0,46.6042,1.89375,-0.2274972226579612
0,46.6042,1.896875,-0.23148516885144524
0,46.6042,1.9,-0.23551847696271971
0,46.6042,1.9031250000000002,-0.23959307581506886
0,46.6042,1.90625,-0.24370441873643603
0,46.6042,1.909375,-0.24784746264353563
0,46.6042,1.9125,-0.25201664917662964
0,46.6042,1.915625,-0.2562058884337695
0,46.6042,1.9187500000000002,-0.2604085458975098
0,46.6042,1.921875,-0.26461743318557446
0,46.6042,1.925,-0.2688248032873435
0,46.6042,1.928125,-0.2730223509676732
0,46.6042,1.93125,-0.27720121902579176
0,46.6042,1.9343750000000002,-0.2813520110868516
0,46.6042,1.9375,-0.28546481157439074
0,46.6042,1.940625,-0.28952921346075494
0,46.6042,1.94375,-0.2935343543170484
0,46.6042,1.946875,-0.29746896108265675
0,46.6042,1.9500000000000002,-0.301321403845606
0,46.6042,1.953125,-0.3050797587688689
0,46.6042,1.95625,-0.3087318801151405
0,46.6042,1.959375,-0.31226548111582975
0,46.6042,1.9625,-0.3156682232028309
0,46.6042,1.9656250000000002,-0.3189278128792609
0,46.6042,1.96875,-0.3220321052545593
0,46.6042,1.971875,-0.324969213018343
0,46.6042,1.975,-0.3277276193854888
0,46.6042,1.978125,-0.3302962933223492
0,46.6042,1.9812500000000002,-0.33266480517132724
0,46.6042,1.984375,-0.3348234406387324
0,46.6042,1.9875,-0.3367633110086187
0,46.6042,1.990625,-0.33847645740144927
0,46.6042,1.99375,-0.3399559469173099
0,46.6042,1.9968750000000002,-0.3411959585927161
0,46.6042,2.0,-0.34219185725862306
0,46.6042,2.003125,-0.34294025361257424
0,46.6042,2.00625,-0.34343904910419115
0,46.6042,2.0093750000000004,-0.3436874645714623
0,46.6042,2.0125,-0.3436860519437582
0,46.6042,2.015625,-0.34343668873220745
0,46.6042,2.01875,-0.34294255544357316
0,46.6042,2.021875,-0.34220809646402167
0,46.6042,2.0250000000000004,-0.34123896534841347
0,46.6042,2.028125,-0.3400419558043989
0,46.6042,2.03125,-0.3386249199660638
0,46.6042,2.034375,-0.3369966757991458
0,46.6042,2.0375,-0.3351669056619979
0,46.6042,2.0406250000000004,-0.33314604815989046
0,46.6042,2.04375,-0.3309451854745525
0,46.6042,2.046875,-0.32857592832886184
0,46.6042,2.05,-0.32605030066375035
0,46.6042,2.053125,-0.32338062596841083
0,46.6042,2.0562500000000004,-0.32057941702506465
0,46.6042,2.059375,-0.31765927061613786
0,46.6042,2.0625,-0.31463276850531274
0,46.6042,2.065625,-0.31151238575496865
0,46.6042,2.06875,-0.30831040719067354
0,46.6042,2.0718750000000004,-0.3050388525772778
0,46.6042,2.075,-0.3017094108380381
0,46.6042,2.078125,-0.2983333834338756
0,46.6042,2.08125,-0.29492163682858513
0,46.6042,2.084375,-0.2914845638003263
0,46.6042,2.0875000000000004,-0.28803205322146175
0,46.6042,2.090625,-0.28457346781791587
0,46.6042,2.09375,-0.28111762933492335
0,46.6042,2.096875,-0.27767281047668313
0,46.6042,2.1,-0.27424673295081653
0,46.6042,2.1031250000000004,-0.2708465709320806
0,46.6042,2.10625,-0.26747895926065757
0,46.6042,2.109375,-0.2641500057056906
0,46.6042,2.1125,-0.2608653066517169
0,46.6042,2.115625,-0.2576299656016089
0,46.6042,2.1187500000000004,-0.25444861393213514
0,46.6042,2.121875,-0.25132543338509167
0,46.6042,2.125,-0.24826417982626955
0,46.6042,2.128125,-0.24526820785468229
0,46.6042,2.13125,-0.242340495894181
0,46.6042,2.1343750000000004,-0.2394836714477951
0,46.6042,2.1375,-0.23670003624103267
0,46.6042,2.140625,-0.23399159102340766
0,46.6042,2.14375,-0.23136005983721677
0,46.6042,2.146875,-0.22880691359884853
0,46.6042,2.1500000000000004,-0.22633339287058463
0,46.6042,2.153125,-0.22394052972994227
0,46.6042,2.15625,-0.22162916866922072
0,46.6042,2.159375,-0.21939998648019768
0,46.6042,2.1625,-0.2172535110980714
0,46.6042,2.1656250000000004,-0.2151901393950076
0,46.6042,2.16875,-0.21321015392724915
0,46.6042,2.171875,-0.2113137386509546
0,46.6042,2.175,-0.20950099363098276
0,46.6042,2.178125,-0.20777194877398095
0,46.6042,2.1812500000000004,-0.20612657662260467
0,46.6042,2.184375,-0.20456480425169035
0,46.6042,2.1875,-0.20308652430994423
0,46.6042,2.190625,-0.2016916052523579
0,46.6042,2.19375,-0.2003799008092833
0,46.6042,2.1968750000000004,-0.19915125873805015
0,46.6042,2.2,-0.19800552890229273
0,46.6042,2.203125,-0.19694257072290258
0,46.6042,2.20625,-0.19596226004281359
0,46.6042,2.209375,-0.19506449544574173
0,46.6042,2.2125000000000004,-0.19424920406661667
0,46.6042,2.215625,-0.19351634692879005
0,46.6042,2.21875,-0.19286592384025003
0,46.6042,2.221875,-0.19229797787802708
0,46.6042,2.225,-0.1918125994867682
0,46.6042,2.2281250000000004,-0.191409930214112
0,46.6042,2.23125,-0.19109016610199836
0,46.6042,2.234375,-0.19085356074941687
0,46.6042,2.2375,-0.1907004280583151
0,46.6042,2.240625,-0.19063114467044337
0,46.6042,2.2437500000000004,-0.1906461520987932
0,46.6042,2.246875,-0.19074595855296367
0,46.6042,2.25,-0.19093114045324155
0,46.6042,2.253125,-0.19120234362337726
0,46.6042,2.25625,-0.19156028414693982
0,46.6042,2.2593750000000004,-0.19200574886671706
0,46.6042,2.2625,-0.1925395955008377
0,46.6042,2.265625,-0.19316275234310587
0,46.6042,2.26875,-0.19387621750840173
0,46.6042,2.271875,-0.19468105767688743
0,46.6042,2.2750000000000004,-0.19557840628311723
0,46.6042,2.278125,-0.1965694610879563
0,46.6042,2.28125,-0.19765548106243191
0,46.6042,2.284375,-0.19883778250325596
0,46.6042,2.2875,-0.20011773428975635
0,46.6042,2.2906250000000004,-0.2014967521813466
0,46.6042,2.29375,-0.20297629204346904
0,46.6042,2.296875,-0.20455784187822373
0,46.6042,2.3,-0.20624291252372143
0,46.6042,2.303125,-0.20803302687370592
0,46.6042,2.3062500000000004,-0.20992970745634523
0,46.6042,2.309375,-0.21193446219853532
0,46.6042,2.3125,-0.21404876818989443
0,46.6042,2.315625,-0.21627405324925147
0,46.6042,2.31875,-0.21861167508634788
0,46.6042,2.3218750000000004,-0.2210628978432868
0,46.6042,2.325,-0.22362886579474134
0,46.6042,2.328125,-0.22631057398397417
0,46.6042,2.33125,-0.22910883557440817
0,46.6042,2.334375,-0.23202424570509844
0,46.6042,2.3375000000000004,-0.23505714165444086
0,46.6042,2.340625,-0.2382075591415057
0,46.6042,2.34375,-0.24147518463036605
0,46.6042,2.346875,-0.24485930355177354
0,46.6042,2.35,-0.24835874442075143
0,46.6042,2.3531250000000004,-0.25197181891041853
0,46.6042,2.35625,-0.25569625804401597
0,46.6042,2.359375,-0.2595291447908898
0,46.6042,2.3625,-0.2634668435001085
0,46.6042,2.365625,-0.2675049267790273
0,46.6042,2.3687500000000004,-0.2716381006242418
0,46.6042,2.371875,-0.2758601288389088
0,46.6042,2.375,-0.28016375802175886
0,46.6042,2.378125,-0.28454064468604473
0,46.6042,2.38125,-0.2889812863557096
0,46.6042,2.3843750000000004,-0.29347495878313995
0,46.6042,2.3875,-0.29800966172703636
0,46.6042,2.390625,-0.30257207600588554
0,46.6042,2.39375,-0.3071475347846584
0,46.6042,2.396875,-0.31172001223878604
0,46.6042,2.4000000000000004,-0.316272132846423
0,46.6042,2.403125,-0.32078520456174897
0,46.6042,2.40625,-0.3252392789920407
0,46.6042,2.409375,-0.3296132414139959
0,46.6042,2.4125,-0.33388493299813843
0,46.6042,2.4156250000000004,-0.3380313069478996
0,46.6042,2.41875,-0.34202861939502005
0,46.6042,2.421875,-0.34585265483006566
0,46.6042,2.425,-0.34947898460565374
0,46.6042,2.428125,-0.3528832556667161
0,46.6042,2.4312500000000004,-0.3560415051905609
0,46.6042,2.434375,-0.3589304953303476
0,46.6042,2.4375,-0.3615280608337565
0,46.6042,2.440625,-0.363813461048681
0,46.6042,2.44375,-0.36576772682730074
0,46.6042,2.4468750000000004,-0.3673739921914002
0,46.6042,2.45,-0.36861780040375136
0,46.6042,2.453125,-0.36948737435826845
0,46.6042,2.45625,-0.36997384198035704
0,46.6042,2.459375,-0.37007140860733173
0,46.6042,2.4625000000000004,-0.36977747004782807
0,46.6042,2.465625,-0.3690926621133493
0,46.6042,2.46875,-0.3680208447584398
0,46.6042,2.471875,-0.36656902142098646
0,46.6042,2.475,-0.36474719657362364
0,46.6042,2.4781250000000004,-0.3625681767370539
0,46.6042,2.48125,-0.36004732213778246
0,46.6042,2.484375,-0.3572022577140182
0,46.6042,2.4875,-0.3540525532158227
0,46.6042,2.490625,-0.35061938267815157
0,46.6042,2.4937500000000004,-0.34692517357489994
0,46.6042,2.496875,-0.34299325552882914
0,46.6042,2.5,-0.3388475176239266
0,46.6042,2.503125,-0.334512082229647
0,46.6042,2.50625,-0.3300110018966457
0,46.6042,2.5093750000000004,-0.3253679844181413
0,46.6042,2.5125,-0.3206061496605198
0,46.6042,2.515625,-0.31574782032981197
0,46.6042,2.51875,-0.3108143475199774
0,46.6042,2.521875,-0.30582597072988543
0,46.6042,2.5250000000000004,-0.3008017110665815
0,46.6042,2.528125,-0.29575929558498537
0,46.6042,2.53125,-0.2907151101473679
0,46.6042,2.534375,-0.28568417780788014
0,46.6042,2.5375,-0.28068015951867586
0,46.6042,2.5406250000000004,-0.2757153738907167
0,46.6042,2.54375,-0.2708008327979017
0,46.6042,2.546875,-0.2659462897614138
0,46.6042,2.55,-0.2611602982671612
0,46.6042,2.553125,-0.2564502774304708
0,46.6042,2.5562500000000004,-0.2518225827094365
0,46.6042,2.559375,-0.24728257966546952
0,46.6042,2.5625,-0.24283471906405052
0,46.6042,2.565625,-0.2384826118908411
0,46.6042,2.56875,-0.23422910312144538
0,46.6042,2.5718750000000004,-0.23007634332289334
0,46.6042,2.575,-0.22602585737890576
0,46.6042,2.578125,-0.22207860981842784
0,46.6042,2.58125,-0.21823506638810392
0,46.6042,2.584375,-0.21449525164554092
0,46.6042,2.5875000000000004,-0.21085880246317748
0,46.6042,2.590625,-0.2073250174244558
0,46.6042,2.59375,-0.20389290216713074
0,46.6042,2.596875,-0.20056121078526373
0,46.6042,2.6,-0.19732848344403017
0,46.6042,2.6031250000000004,-0.19419308039209182
0,46.6042,2.60625,-0.19115321257688997
0,46.6042,2.609375,-0.1882069690806252
0,46.6042,2.6125,-0.18535234160045297
0,46.6042,2.615625,-0.18258724619691583
0,46.6042,2.6187500000000004,-0.1799095425310561
0,46.6042,2.621875,-0.17731705080396626
0,46.6042,2.625,-0.17480756660361246
0,46.6042,2.628125,-0.17237887385326744
0,46.6042,2.63125,-0.17002875604438017
0,46.6042,2.6343750000000004,-0.16775500592465772
0,46.6042,2.6375,-0.1655554337998599
0,46.6042,2.640625,-0.1634278745956214
0,46.6042,2.64375,-0.16137019381369833
0,46.6042,2.646875,-0.15938029250554628
0,46.6042,2.6500000000000004,-0.15745611137519663
0,46.6042,2.653125,-0.1555956341130505
0,46.6042,2.65625,-0.15379689005252895
0,46.6042,2.659375,-0.15205795623249618
0,46.6042,2.6625,-0.15037695894002523
0,46.6042,2.6656250000000004,-0.14875207480039365
0,46.6042,2.66875,-0.1471815314741482
0,46.6042,2.671875,-0.1456636080146448
0,46.6042,2.675,-0.1441966349336199
0,46.6042,2.678125,-0.14277899401703256
0,46.6042,2.6812500000000004,-0.14140911792862285
0,46.6042,2.684375,-0.1400854896342925
0,46.6042,2.6875,-0.13880664167652376
0,46.6042,2.690625,-0.13757115532454947
0,46.6042,2.69375,-0.13637765962285173
0,46.6042,2.6968750000000004,-0.13522483035776747
0,46.6042,2.7,-0.13411138895947342
0,46.6042,2.703125,-0.13303610135439825
0,46.6042,2.70625,-0.13199777678112734
0,46.6042,2.709375,-0.13099526658110566
0,46.6042,2.7125000000000004,-0.13002746297388695
0,46.6042,2.715625,-0.1290932978252958
0,46.6042,2.71875,-0.12819174141565384
0,46.6042,2.721875,-0.12732180121414627
0,46.6042,2.725,-0.12648252066445687
0,46.6042,2.7281250000000004,-0.12567297798597377
0,46.6042,2.73125,-0.12489228499413456
0,46.6042,2.734375,-0.12413958594284498
0,46.6042,2.7375,-0.12341405639134947
0,46.6042,2.740625,-0.12271490209744264
0,46.6042,2.7437500000000004,-0.12204135793849409
0,46.6042,2.746875,-0.12139268686138938
0,46.6042,2.75,-0.12076817886217703
0,46.6042,2.753125,-0.12016714999593964
0,46.6042,2.75625,-0.11958894141717154
0,46.6042,2.7593750000000004,-0.11903291845074908
0,46.6042,2.7625,-0.11849846969340927
0,46.6042,2.765625,-0.11798500614550891
0,46.6042,2.76875,-0.11749196037271888
0,46.6042,2.771875,-0.11701878569720564
0,46.6042,2.7750000000000004,-0.11656495541777198
0,46.6042,2.778125,-0.11612996205836203
0,46.6042,2.78125,-0.11571331664428043
0,46.6042,2.784375,-0.11531454800543757
0,46.6042,2.7875,-0.11493320210589678
0,46.6042,2.7906250000000004,-0.11456884139897945
0,46.6042,2.79375,-0.11422104420716715
0,46.6042,2.796875,-0.1138894041260302
0,46.6042,2.8,-0.11357352945141036
0,46.6042,2.803125,-0.11327304262908389
0,46.6042,2.8062500000000004,-0.11298757972613763
0,46.6042,2.809375,-0.11271678992329826
0,46.6042,2.8125,-0.1124603350274655
0,46.6042,2.815625,-0.11221788900371471
0,46.6042,2.81875,-0.11198913752604633
0,46.6042,2.8218750000000004,-0.1117737775461795
0,46.6042,2.825,-0.11157151687970225
0,46.6042,2.828125,-0.11138207380890994
0,46.6042,2.83125,-0.1112051767016831
0,46.6042,2.834375,-0.11104056364577568
0,46.6042,2.8375000000000004,-0.11088798209790236
0,46.6042,2.840625,-0.11074718854703722
0,46.6042,2.84375,-0.1106179481913524
0,46.6042,2.846875,-0.11050003462824788
0,46.6042,2.85,-0.11039322955694139
0,46.6042,2.8531250000000004,-0.11029732249310886
0,46.6042,2.85625,-0.11021211049508181
0,46.6042,2.859375,-0.11013739790113039
0,46.6042,2.8625,-0.11007299607737606
0,46.6042,2.865625,-0.1100187231758975
0,46.6042,2.8687500000000004,-0.10997440390260993
0,46.6042,2.871875,-0.10993986929451459
0,46.6042,2.875,-0.10991495650593208
0,46.6042,2.878125,-0.10989950860334956
0,46.6042,2.88125,-0.10989337436852403
0,46.6042,2.8843750000000004,-0.10989640810950399
0,46.6042,2.8875,-0.10990846947924006
0,46.6042,2.890625,-0.1099294233014738
0,46.6042,2.89375,-0.10995913940360401
0,46.6042,2.896875,-0.10999749245624424
0,46.6042,2.9000000000000004,-0.11004436181919575
0,46.6042,2.903125,-0.11009963139357452
0,46.6042,2.90625,-0.11016318947983933
0,46.6042,2.909375,-0.11023492864148088
0,46.6042,2.9125,-0.11031474557414059
0,46.6042,2.9156250000000004,-0.11040254097993984
0,46.6042,2.91875,-0.11049821944680742
0,46.6042,2.921875,-0.11060168933260395
0,46.6042,2.925,-0.11071286265385058
0,46.6042,2.928125,-0.11083165497887652
0,46.6042,2.9312500000000004,-0.1109579853252093
0,46.6042,2.934375,-0.11109177606103869
0,46.6042,2.9375,-0.11123295281059262
0,46.6042,2.940625,-0.11138144436327066
0,46.6042,2.94375,-0.11153718258638746
0,46.6042,2.9468750000000004,-0.11170010234138433
0,46.6042,2.95,-0.1118701414033742
0,46.6042,2.953125,-0.11204724038389045
0,46.6042,2.95625,-0.11223134265671612
0,46.6042,2.959375,-0.11242239428667525
0,46.6042,2.9625000000000004,-0.11262034396127305
0,46.6042,2.965625,-0.1128251429250767
0,46.6042,2.96875,-0.11303674491673442
0,46.6042,2.971875,-0.11325510610853162
0,46.6042,2.975,-0.11348018504839234
0,46.6042,2.9781250000000004,-0.11371194260423255
0,46.6042,2.98125,-0.11395034191058163
0,46.6042,2.984375,-0.11419534831738715
0,46.6042,2.9875,-0.11444692934092417
0,46.6042,2.990625,-0.11470505461673475
0,46.6042,2.9937500000000004,-0.11496969585452285
0,46.6042,2.996875,-0.11524082679493758
0,46.6042,3.0,-0.11551842316817783
0,46.6042,3.0031250000000003,-0.11580246265435361
0,46.6042,3.00625,-0.11609292484554588
0,46.6042,3.009375,-0.116389791209505
0,46.6042,3.0125,-0.11669304505493337
0,46.6042,3.015625,-0.11700267149829914
0,46.6042,3.0187500000000003,-0.11731865743212982
0,46.6042,3.021875,-0.11764099149473807
0,46.6042,3.025,-0.11796966404133359
0,46.6042,3.028125,-0.11830466711647476
0,46.6042,3.03125,-0.1186459944278211
0,46.6042,3.0343750000000003,-0.11899364132114369
0,46.6042,3.0375,-0.11934760475655486
0,46.6042,3.040625,-0.11970788328592218
0,46.6042,3.04375,-0.12007447703142943
0,46.6042,3.046875,-0.12044738766525229
0,46.6042,3.0500000000000003,-0.12082661839031575
0,46.6042,3.053125,-0.12121217392210318
0,46.6042,3.05625,-0.1216040604714872
0,46.6042,3.059375,-0.12200228572855532
0,46.6042,3.0625,-0.12240685884740223
0,46.6042,3.0656250000000003,-0.12281779043186572
0,46.6042,3.06875,-0.1232350925221789
0,46.6042,3.071875,-0.12365877858251881
0,46.6042,3.075,-0.12408886348942759
0,46.6042,3.078125,-0.12452536352108542
0,46.6042,3.0812500000000003,-0.12496829634741681
0,46.6042,3.084375,-0.12541768102100978
0,46.6042,3.0875,-0.12587353796883022
0,46.6042,3.090625,-0.1263358889847168
0,46.6042,3.09375,-0.1268047572226358
0,46.6042,3.0968750000000003,-0.12728016719068583
0,46.6042,3.1,-0.12776214474583406
0,46.6042,3.103125,-0.12825071708937275
0,46.6042,3.10625,-0.12874591276308128
0,46.6042,3.109375,-0.12924776164608362
0,46.6042,3.1125000000000003,-0.12975629495238925
0,46.6042,3.115625,-0.1302715452291049
0,46.6042,3.11875,-0.13079354635531126
0,46.6042,3.121875,-0.13132233354159073
0,46.6042,3.125,-0.1318579433302011
0,46.6042,3.1281250000000003,-0.13240041359588517
0,46.6042,3.13125,-0.13294978354730985
0,46.6042,3.134375,-0.1335060937291272
0,46.6042,3.1375,-0.13406938602465163
0,46.6042,3.140625,-0.13463970365914688
0,46.6042,3.1437500000000003,-0.135217091203719
0,46.6042,3.146875,-0.13580159457980892
0,46.6042,3.15,-0.13639326106428154
0,46.6042,3.153125,-0.13699213929510792
0,46.6042,3.15625,-0.13759827927763651
0,46.6042,3.1593750000000003,-0.13821173239145151
0,46.6042,3.1625,-0.13883255139781628
0,46.6042,3.165625,-0.13946079044769968
0,46.6042,3.16875,-0.1400965050903845
0,46.6042,3.171875,-0.14073975228265642
0,46.6042,3.1750000000000003,-0.1413905903985751
0,46.6042,3.178125,-0.14204907923982463
0,46.6042,3.18125,-0.14271528004664738
0,46.6042,3.184375,-0.14338925550935858
0,46.6042,3.1875,-0.14407106978044618
0,46.6042,3.1906250000000003,-0.14476078848725635
0,46.6042,3.19375,-0.14545847874526618
0,46.6042,3.196875,-0.14616420917194892
0,46.6042,3.2,-0.14687804990123157
0,46.6042,3.203125,-0.14760007259855026
0,46.6042,3.2062500000000003,-0.14833035047650805
0,46.6042,3.209375,-0.14906895831113734
0,46.6042,3.2125,-0.1498159724587728
0,46.6042,3.215625,-0.15057147087354095
0,46.6042,3.21875,-0.15133553312546993
0,46.6042,3.2218750000000003,-0.15210824041922674
0,46.6042,3.225,-0.15288967561348896
0,46.6042,3.228125,-0.15367992324095558
0,46.6042,3.23125,-0.15447906952900672
0,46.6042,3.234375,-0.15528720242101748
0,46.6042,3.2375000000000003,-0.1561044115983366
0,46.6042,3.240625,-0.15693078850293635
0,46.6042,3.24375,-0.1577664263607427
0,46.6042,3.246875,-0.15861142020565744
0,46.6042,3.25,-0.15946586690427803
0,46.6042,3.2531250000000003,-0.16032986518133038
0,46.6042,3.25625,-0.16120351564582003
0,46.6042,3.259375,-0.16208692081791817
0,46.6042,3.2625,-0.16298018515658985
0,46.6042,3.265625,-0.16388341508797752
0,46.6042,3.2687500000000003,-0.1647967190345563
0,46.6042,3.271875,-0.16572020744506608
0,46.6042,3.275,-0.16665399282524404
0,46.6042,3.278125,-0.1675981897693626
0,46.6042,3.28125,-0.16855291499259248
0,46.6042,3.2843750000000003,-0.16951828736420568
0,46.6042,3.2875,-0.17049442794163175
0,46.6042,3.290625,-0.1714814600053863
0,46.6042,3.29375,-0.1724795090948857
0,46.6042,3.296875,-0.17348870304516864
0,46.6042,3.3000000000000003,-0.17450917202453892
0,46.6042,3.303125,-0.1755410485731505
0,46.6042,3.30625,-0.17658446764255434
0,46.6042,3.309375,-0.17763956663622385
0,46.6042,3.3125,-0.17870648545108178
0,46.6042,3.3156250000000003,-0.1797853665200511
0,46.6042,3.31875,-0.180876354855646
0,46.6042,3.321875,-0.1819795980946335
0,46.6042,3.325,-0.18309524654378131
0,46.6042,3.328125,-0.1842234532267207
0,46.6042,3.3312500000000003,-0.1853643739319475
0,46.6042,3.334375,-0.18651816726198633
0,46.6042,3.3375,-0.1876849946837462
0,46.6042,3.340625,-0.1888650205800919
0,46.6042,3.34375,-0.1900584123026608
0,46.6042,3.3468750000000003,-0.19126534022595557
0,46.6042,3.35,-0.19248597780273766
0,46.6042,3.353125,-0.19372050162075907
0,46.6042,3.35625,-0.1949690914608577
0,46.6042,3.359375,-0.19623193035645325
0,46.6042,3.3625000000000003,-0.19750920465447533
0,46.6042,3.365625,-0.19880110407775983
0,46.6042,3.36875,-0.20010782178894868
0,46.6042,3.371875,-0.20142955445593003
0,46.6042,3.375,-0.20276650231885673
0,46.6042,3.3781250000000003,-0.20411886925878522
0,46.6042,3.38125,-0.20548686286797055
0,46.6042,3.384375,-0.20687069452186507
0,46.6042,3.3875,-0.20827057945286007
0,46.6042,3.390625,-0.20968673682581607
0,46.6042,3.3937500000000003,-0.2111193898154304
0,46.6042,3.396875,-0.21256876568548563
0,46.6042,3.4000000000000004,-0.2140350958700321
0,46.6042,3.403125,-0.21551861605655162
0,46.6042,3.40625,-0.21701956627115931
0,46.6042,3.4093750000000003,-0.21853819096589247
0,46.6042,3.4125,-0.2200747391081473
0,46.6042,3.4156250000000004,-0.22162946427231955
0,46.6042,3.41875,-0.22320262473370653
0,46.6042,3.421875,-0.22479448356473752
0,46.6042,3.4250000000000003,-0.2264053087335915
0,46.6042,3.428125,-0.22803537320527023
0,46.6042,3.4312500000000004,-0.2296849550451968
0,46.6042,3.434375,-0.23135433752540566
0,46.6042,3.4375,-0.23304380923340245
0,46.6042,3.4406250000000003,-0.2347536641837658
0,46.6042,3.44375,-0.23648420193256856
0,46.6042,3.4468750000000004,-0.23823572769470433
0,46.6042,3.45,-0.24000855246419478
0,46.6042,3.453125,-0.24180299313757414
0,46.6042,3.4562500000000003,-0.2436193726404316
0,46.6042,3.459375,-0.24545802005720974
0,46.6042,3.4625000000000004,-0.24731927076435362
0,46.6042,3.465625,-0.2492034665669094
0,46.6042,3.46875,-0.2511109558386785
0,46.6042,3.4718750000000003,-0.2530420936660283
0,46.6042,3.475,-0.2549972419954756
0,46.6042,3.4781250000000004,-0.2569767697851572
0,46.6042,3.48125,-0.2589810531603005
0,46.6042,3.484375,-0.26101047557282575
0,46.6042,3.4875000000000003,-0.26306542796520144
0,46.6042,3.490625,-0.2651463089386868
0,46.6042,3.4937500000000004,-0.26725352492610194
0,46.6042,3.496875,-0.2693874903692614
0,46.6042,3.5,-0.27154862790122575
0,46.6042,3.5031250000000003,-0.2737373685335221
0,46.6042,3.50625,-0.27595415184848704
0,46.6042,3.5093750000000004,-0.2781994261969085
0,46.6042,3.5125,-0.2804736489011237
0,46.6042,3.515625,-0.2827772864637651
0,46.6042,3.5187500000000003,-0.2851108147823259
0,46.6042,3.521875,-0.2874747193697427
0,46.6042,3.5250000000000004,-0.2898694955811972
0,46.6042,3.528125,-0.2922956488473316
0,46.6042,3.53125,-0.29475369491410686
0,46.6042,3.5343750000000003,-0.2972441600895092
0,46.6042,3.5375,-0.29976758149735067
0,46.6042,3.5406250000000004,-0.30232450733839117
0,46.6042,3.54375,-0.30491549715903643
0,46.6042,3.546875,-0.3075411221278691
0,46.6042,3.5500000000000003,-0.3102019653202776
0,46.6042,3.553125,-0.3128986220114614
0,46.6042,3.5562500000000004,-0.3156316999781035
0,46.6042,3.559375,-0.318401819809004
0,46.6042,3.5625,-0.32120961522499075
0,46.6042,3.5656250000000003,-0.32405573340842314
0,46.6042,3.56875,-0.32694083534262425
0,46.6042,3.5718750000000004,-0.32986559616159156
0,46.6042,3.575,-0.33283070551034016
0,46.6042,3.578125,-0.335836867916252
0,46.6042,3.5812500000000003,-0.33888480317181896
0,46.6042,3.584375,-0.3419752467291742
0,46.6042,3.5875000000000004,-0.3451089501068358
0,46.6042,3.590625,-0.34828668130907625
0,46.6042,3.59375,-0.3515092252583809
0,46.6042,3.5968750000000003,-0.35477738424143834
0,46.6042,3.6,-0.35809197836914525
0,46.6042,3.6031250000000004,-0.36145384605112385
0,46.6042,3.60625,-0.3648638444852457
0,46.6042,3.609375,-0.36832285016270544
0,46.6042,3.6125000000000003,-0.3718317593891722
0,46.6042,3.615625,-0.37539148882258644
0,46.6042,3.6187500000000004,-0.3790029760281869
0,46.6042,3.621875,-0.3826671800513485
0,46.6042,3.625,-0.3863850820088647
0,46.6042,3.6281250000000003,-0.3901576856992947
0,46.6042,3.63125,-0.3939860182330313
0,46.6042,3.6343750000000004,-0.39787113068276997
0,46.6042,3.6375,-0.401814098755052
0,46.6042,3.640625,-0.40581602348360657
0,46.6042,3.6437500000000003,-0.4098780319452122
0,46.6042,3.646875,-0.41400127799881853
0,46.6042,3.6500000000000004,-0.41818694304870807
0,46.6042,3.653125,-0.42243623683245995
0,46.6042,3.65625,-0.42675039823453775
0,46.6042,3.6593750000000003,-0.4311306961263009
0,46.6042,3.6625,-0.4355784302332771
0,46.6042,3.6656250000000004,-0.4400949320305627
0,46.6042,3.66875,-0.4446815656671852
0,46.6042,3.671875,-0.44933972892034046
0,46.6042,3.6750000000000003,-0.45407085418037435
0,46.6042,3.678125,-0.4588764094674235
0,46.6042,3.6812500000000004,-0.4637578994806393
0,46.6042,3.684375,-0.4687168666809049
0,46.6042,3.6875,-0.47375489240800583
0,46.6042,3.6906250000000003,-0.4788735980331755
0,46.6042,3.69375,-0.48407464614797774
0,46.6042,3.6968750000000004,-0.48935974179048775
0,46.6042,3.7,-0.4947306337097082
0,46.6042,3.703125,-0.5001891156692088
0,46.6042,3.7062500000000003,-0.505737027790922
0,46.6042,3.709375,-0.5113762579400692
0,46.6042,3.7125000000000004,-0.5171087431521749
0,46.6042,3.715625,-0.5229364711030975
0,46.6042,3.71875,-0.5288614816230529
0,46.6042,3.7218750000000003,-0.5348858682555429
0,46.6042,3.725,-0.5410117798621238
0,46.6042,3.7281250000000004,-0.5472414222739492
0,46.6042,3.73125,-0.5535770599909777
0,46.6042,3.734375,-0.560021017929762
0,46.6042,3.7375000000000003,-0.5665756832207081
0,46.6042,3.740625,-0.5732435070556804
0,46.6042,3.7437500000000004,-0.5800270065868444
0,46.6042,3.746875,-0.586928766877601
0,46.6042,3.75,-0.593951442906491
0,46.6042,3.7531250000000003,-0.6010977616249278
0,46.6042,3.75625,-0.6083705240696177
0,46.6042,3.7593750000000004,-0.6157726075305627
0,46.6042,3.7625,-0.6233069677754882
0,46.6042,3.765625,-0.6309766413316247
0,46.6042,3.7687500000000003,-0.6387847478257276
0,46.6042,3.771875,-0.6467344923832562
0,46.6042,3.7750000000000004,-0.6548291680876974
0,46.6042,3.778125,-0.6630721585009545
0,46.6042,3.78125,-0.6714669402458493
0,46.6042,3.7843750000000003,-0.6800170856517186
0,46.6042,3.7875,-0.6887262654641528
0,46.6042,3.7906250000000004,-0.6975982516199257
0,46.6042,3.79375,-0.7066369200881154
0,46.6042,3.796875,-0.7158462537784576
0,46.6042,3.8000000000000003,-0.7252303455178186
0,46.6042,3.803125,-0.7347934010956461
0,46.6042,3.8062500000000004,-0.7445397423790717
0,46.6042,3.809375,-0.7544738104980847
0,46.6042,3.8125,-0.7646001691009455
0,46.6042,3.8156250000000003,-0.7749235076795217
0,46.6042,3.81875,-0.7854486449637342
0,46.6042,3.8218750000000004,-0.7961805323835851
0,46.6042,3.825,-0.8071242575963238
0,46.6042,3.828125,-0.8182850480752656
0,46.6042,3.8312500000000003,-0.8296682747553515
0,46.6042,3.834375,-0.8412794557289457
0,46.6042,3.8375000000000004,-0.8531242599833704
0,46.6042,3.840625,-0.8652085111692921
0,46.6042,3.84375,-0.8775381913863497
0,46.6042,3.8468750000000003,-0.8901194449691118
0,46.6042,3.85,-0.9029585822527109
0,46.6042,3.8531250000000004,-0.916062083293186
0,46.6042,3.85625,-0.9294366015125889
0,46.6042,3.859375,-0.9430889672333748
0,46.6042,3.8625000000000003,-0.9570261910602981
0,46.6042,3.865625,-0.971255467061051
0,46.6042,3.8687500000000004,-0.9857841756892086
0,46.6042,3.871875,-1.000619886384489
0,46.6042,3.875,-1.0157703597762051
0,46.6042,3.8781250000000003,-1.031243549405703
0,46.6042,3.88125,-1.0470476028729363
0,46.6042,3.8843750000000004,-1.0631908623008632
0,46.6042,3.8875,-1.079681863999216
0,46.6042,3.890625,-1.0965293371965366
0,46.6042,3.8937500000000003,-1.1137422016959917
0,46.6042,3.896875,-1.1313295642966945
0,46.6042,3.9000000000000004,-1.1493007138080753
0,46.6042,3.903125,-1.1676651144700796
0,46.6042,3.90625,-1.1864323975772473
0,46.6042,3.9093750000000003,-1.2056123510894232
0,46.6042,3.9125,-1.2252149069966785
0,46.6042,3.9156250000000004,-1.2452501261906135
0,46.6042,3.91875,-1.2657281805788216
0,46.6042,3.921875,-1.286659332164013
0,46.6042,3.9250000000000003,-1.3080539087940424
0,46.6042,3.928125,-1.3299222762740988
0,46.6042,3.9312500000000004,-1.3522748065177097
0,46.6042,3.934375,-1.3751218413987591
0,46.6042,3.9375,-1.3984736519532528
0,46.6042,3.9406250000000003,-1.4223403925664504
0,46.6042,3.94375,-1.446732049769256
0,46.6042,3.9468750000000004,-1.4716583852572676
0,46.6042,3.95,-1.4971288727371441
0,46.6042,3.953125,-1.523152628198811
0,46.6042,3.9562500000000003,-1.549738333208578
0,46.6042,3.959375,-1.576894150818897
0,46.6042,3.9625000000000004,-1.6046276336957936
0,46.6042,3.965625,-1.6329456240759972
0,46.6042,3.96875,-1.6618541451843227
0,46.6042,3.9718750000000003,-1.6913582837684487
0,46.6042,3.975,-1.7214620634453552
0,46.6042,3.9781250000000004,-1.7521683086026048
0,46.6042,3.98125,-1.783478498660188
0,46.6042,3.984375,-1.8153926125773578
0,46.6042,3.9875000000000003,-1.8479089635851051
0,46.6042,3.990625,-1.8810240242414284
0,46.6042,3.9937500000000004,-1.9147322420452275
0,46.6042,3.996875,-1.9490258460071683
0,46.6042,4.0,-1.9838946447649761
0,46.6042,4.003125000000001,-2.0193258170467296
0,46.6042,4.00625,-2.05530369553121
0,46.6042,4.009375,-2.091809545429274
0,46.6042,4.0125,-2.1288213394141655
0,46.6042,4.015625,-2.166313530862793
0,46.6042,4.018750000000001,-2.20425682772956
0,46.6042,4.021875,-2.242617969759395
0,46.6042,4.025,-2.281359512151204
0,46.6042,4.028125,-2.320439619200848
0,46.6042,4.03125,-2.359811871878795
0,46.6042,4.034375000000001,-2.399425093718524
0,46.6042,4.0375,-2.4392231997996188
0,46.6042,4.040625,-2.4791450739881977
0,46.6042,4.04375,-2.5191244799306225
0,46.6042,4.046875,-2.5590900115683652
0,46.6042,4.050000000000001,-2.5989650891280918
0,46.6042,4.053125,-2.638668006622786
0,46.6042,4.05625,-2.6781120368512195
0,46.6042,4.059375,-2.717205599679767
0,46.6042,4.0625,-2.7558524990107505
0,46.6042,4.065625000000001,-2.7939522332589988
0,46.6042,4.06875,-2.8314003833576264
0,46.6042,4.071875,-2.86808908127817
0,46.6042,4.075,-2.9039075607718194
0,46.6042,4.078125,-2.938742790520978
0,46.6042,4.081250000000001,-2.9724801881421272
0,46.6042,4.084375,-3.005004411530492
0,46.6042,4.0875,-3.0362002219202497
0,46.6042,4.090625,-3.0659534108041413
0,46.6042,4.09375,-3.0941517805819707
0,46.6042,4.096875000000001,-3.1206861665652603
0,46.6042,4.1,-3.1454514858480436
0,46.6042,4.103125,-3.168347796656156
0,46.6042,4.10625,-3.189281350207795
0,46.6042,4.109375,-3.208165615953073
0,46.6042,4.112500000000001,-3.224922260392564
0,46.6042,4.115625,-3.2394820595765386
0,46.6042,4.11875,-3.2517857259044036
0,46.6042,4.121875,-3.261784631000284
0,46.6042,4.125,-3.2694414082293406
0,46.6042,4.128125000000001,-3.274730420799889
0,46.6042,4.13125,-3.277638084301532
0,46.6042,4.134375,-3.2781630358601763
0,46.6042,4.1375,-3.2763161457267906
0,46.6042,4.140625,-3.2721203709196036
0,46.6042,4.143750000000001,-3.265610454361176
0,46.6042,4.146875,-3.256832476643478
0,46.6042,4.15,-3.245843270973945
0,46.6042,4.153125,-3.232709714877571
0,46.6042,4.15625,-3.2175079147488983
0,46.6042,4.159375000000001,-3.200322301287134
0,46.6042,4.1625,-3.181244655159306
0,46.6042,4.165625,-3.160373082904326
0,46.6042,4.16875,-3.1378109631298825
0,46.6042,4.171875,-3.1136658825034633
0,46.6042,4.175000000000001,-3.0880485799649455
0,46.6042,4.178125,-3.061071916070106
0,46.6042,4.18125,-3.0328498825068078
0,46.6042,4.184375,-3.003496664707028
0,46.6042,4.1875,-2.973125768205684
0,46.6042,4.190625000000001,-2.9418492170676442
0,46.6042,4.19375,-2.9097768304001455
0,46.6042,4.196875,-2.877015580763391
0,46.6042,4.2,-2.8436690362475034
0,46.6042,4.203125,-2.8098368861422034
0,46.6042,4.206250000000001,-2.775614548520278
0,46.6042,4.209375,-2.7410928567013135
0,46.6042,4.2125,-2.706357820465051
0,46.6042,4.215625,-2.6714904570387876
0,46.6042,4.21875,-2.636566686274793
0,46.6042,4.221875000000001,-2.6016572840448915
0,46.6042,4.225,-2.566827887682721
0,46.6042,4.228125,-2.532139047274521
0,46.6042,4.23125,-2.4976463167092846
0,46.6042,4.234375,-2.463400378618521
0,46.6042,4.237500000000001,-2.429447197642848
0,46.6042,4.240625,-2.3958281968288637
0,46.6042,4.24375,-2.362580452367063
0,46.6042,4.246875,-2.329736902310693
0,46.6042,4.25,-2.2973265653499624
0,46.6042,4.253125000000001,-2.2653747661461656
0,46.6042,4.25625,-2.233903364144204
0,46.6042,4.259375,-2.2029309831740873
0,46.6042,4.2625,-2.1724732395185606
0,46.6042,4.265625,-2.1425429664599904
0,46.6042,4.268750000000001,-2.1131504336275397
0,46.6042,4.271875,-2.0843035597428474
0,46.6042,4.275,-2.056008117611948
0,46.6042,4.278125,-2.0282679304350104
0,46.6042,4.28125,-2.0010850587044335
0,46.6042,4.284375000000001,-1.9744599771409979
0,46.6042,4.2875,-1.9483917412769607
0,46.6042,4.290625,-1.9228781434381215
0,46.6042,4.29375,-1.8979158580058895
0,46.6042,4.296875,-1.8735005759552459
0,46.6042,4.300000000000001,-1.8496271287689798
0,46.6042,4.303125,-1.8262896019209278
0,46.6042,4.30625,-1.8034814382032391
0,46.6042,4.309375,-1.78119553124502
0,46.6042,4.3125,-1.7594243096307114
0,46.6042,4.315625000000001,-1.7381598120784576
0,46.6042,4.31875,-1.71739375417913
0,46.6042,4.321875,-1.697117587226972
0,46.6042,4.325,-1.6773225496931896
0,46.6042,4.328125,-1.6579997119032412
0,46.6042,4.331250000000001,-1.6391400144796673
0,46.6042,4.334375,-1.6207343011040074
0,46.6042,4.3375,-1.6027733461356848
0,46.6042,4.340625,-1.585247877604149
0,46.6042,4.34375,-1.5681485960632726
0,46.6042,4.346875000000001,-1.5514661897671307
0,46.6042,4.35,-1.535191346593996
0,46.6042,4.353125,-1.5193147631129331
0,46.6042,4.35625,-1.5038271511565522
0,46.6042,4.359375,-1.4887192422344702
0,46.6042,4.362500000000001,-1.4739817900978154
0,46.6042,4.365625,-1.4596055717451166
0,46.6042,4.36875,-1.4455813871459147
0,46.6042,4.371875,-1.4319000579509438
0,46.6042,4.375,-1.4185524254562265
0,46.6042,4.378125000000001,-1.4055293480941062
0,46.6042,4.38125,-1.3928216987355138
0,46.6042,4.384375,-1.3804203621044364
0,46.6042,4.3875,-1.3683162326266562
0,46.6042,4.390625,-1.3565002130578168
0,46.6042,4.393750000000001,-1.344963214259875
0,46.6042,4.396875,-1.3336961565164778
0,46.6042,4.4,-1.3226899727943267
0,46.6042,4.403125,-1.3119356143660512
0,46.6042,4.40625,-1.301424059206136
0,46.6042,4.409375000000001,-1.291146323552583
0,46.6042,4.4125,-1.281093476988486
0,46.6042,4.415625,-1.2712566613371479
0,46.6042,4.41875,-1.2616271135792
0,46.6042,4.421875,-1.252196192888406
0,46.6042,4.425000000000001,-1.2429554117455996
0,46.6042,4.428125,-1.2338964709283204
0,46.6042,4.43125,-1.2250112979920948
0,46.6042,4.434375,-1.2162920886643684
0,46.6042,4.4375,-1.2077313503722225
0,46.6042,4.440625000000001,-1.199321946932297
0,46.6042,4.44375,-1.1910571432576489
0,46.6042,4.446875,-1.1829306487960058
0,46.6042,4.45,-1.1749366583203642
0,46.6042,4.453125,-1.1670698886578814
0,46.6042,4.456250000000001,-1.1593256099764933
0,46.6042,4.459375,-1.1516996703549
0,46.6042,4.4625,-1.144188512541097
0,46.6042,4.465625,-1.1367891820515033
0,46.6042,4.46875,-1.1294993260650545
0,46.6042,4.471875000000001,-1.1223171829084488
0,46.6042,4.475,-1.1152415622886263
0,46.6042,4.478125,-1.1082718167845773
0,46.6042,4.48125,-1.1014078054398924
0,46.6042,4.484375,-1.094649850579227
0,46.6042,4.487500000000001,-1.0879986891903037
0,46.6042,4.490625,-1.0814554203562774
0,46.6042,4.49375,-1.0750214502869953
0,46.6042,4.496875,-1.0686984364830223
0,46.6042,4.5,-1.062488232480046
0,46.6042,4.503125000000001,-1.0563928344754994
0,46.6042,4.50625,-1.050414330947877
0,46.6042,4.509375,-1.0445548561587619
0,46.6042,4.5125,-1.0388165481937268
0,46.6042,4.515625,-1.0332015119655034
0,46.6042,4.518750000000001,-1.0277117873836517
0,46.6042,4.521875,-1.0223493226984637
0,46.6042,4.525,-1.017115952859463
0,46.6042,4.528125,-1.0120133825941229
0,46.6042,4.53125,-1.0070431738106513
0,46.6042,4.534375000000001,-1.0022067368591672
0,46.6042,4.5375,-0.9975053251448156
0,46.6042,4.540625,-0.9929400325709256
0,46.6042,4.54375,-0.9885117932955809
0,46.6042,4.546875,-0.9842213833064335
0,46.6042,4.550000000000001,-0.9800694233521698
0,46.6042,4.553125,-0.9760563828106048
0,46.6042,4.55625,-0.9721825841197719
0,46.6042,4.559375,-0.968448207446962
0,46.6042,4.5625,-0.9648532953189982
0,46.6042,4.565625000000001,-0.9613977569840456
0,46.6042,4.56875,-0.9580813723194225
0,46.6042,4.571875,-0.9549037951408759
0,46.6042,4.575,-0.9518645558062495
0,46.6042,4.578125,-0.9489630630402042
0,46.6042,4.581250000000001,-0.9461986049371132
0,46.6042,4.584375,-0.9435703491264462
0,46.6042,4.5875,-0.9410773421094081
0,46.6042,4.590625,-0.9387185077977058
0,46.6042,4.59375,-0.9364926453053665
0,46.6042,4.596875000000001,-0.9343984260630769
0,46.6042,4.6,-0.932434390341709
0,46.6042,4.603125,-0.9305989432879231
0,46.6042,4.60625,-0.928890350590138
0,46.6042,4.609375,-0.9273067339078
0,46.6042,4.612500000000001,-0.9258460662108552
0,46.6042,4.615625,-0.9245061671894383
0,46.6042,4.61875,-0.9232846989059054
0,46.6042,4.621875,-0.9221791618722069
0,46.6042,4.625,-0.921186891744691
0,46.6042,4.628125000000001,-0.9203050568355204
0,46.6042,4.63125,-0.919530656644204
0,46.6042,4.634375,-0.918860521613933
0,46.6042,4.6375,-0.9182913143147395
0,46.6042,4.640625,-0.9178195322485105
0,46.6042,4.643750000000001,-0.9174415124589871
0,46.6042,4.646875,-0.9171534381127527
0,46.6042,4.65,-0.9169513471945125
0,46.6042,4.653125,-0.9168311434316819
0,46.6042,4.65625,-0.9167886095295296
0,46.6042,4.659375000000001,-0.91681942275927
0,46.6042,4.6625,-0.9169191728982726
0,46.6042,4.665625,-0.9170833824747363
0,46.6042,4.66875,-0.9173075292200713
0,46.6042,4.671875,-0.9175870705820215
0,46.6042,4.675000000000001,-0.9179174701017639
0,46.6042,4.678125,-0.9182942254102688
0,46.6042,4.68125,-0.9187128975545492
0,46.6042,4.684375,-0.9191691413242344
0,46.6042,4.6875,-0.9196587362142601
0,46.6042,4.690625000000001,-0.9201776176310069
0,46.6042,4.69375,-0.920721907927323
0,46.6042,4.696875,-0.9212879468365027
0,46.6042,4.7,-0.921872320866231
0,46.6042,4.703125,-0.922471891210175
0,46.6042,4.706250000000001,-0.9230838197367581
0,46.6042,4.709375,-0.9237055926210674
0,46.6042,4.7125,-0.9243350411964081
0,46.6042,4.715625,-0.9249703596165283
0,46.6042,4.71875,-0.9256101189380952
0,46.6042,4.721875000000001,-0.9262532772560481
0,46.6042,4.725,-0.9268991855526256
0,46.6042,4.728125,-0.9275475889550259
0,46.6042,4.73125,-0.9281986231375637
0,46.6042,4.734375,-0.9288528056525104
0,46.6042,4.737500000000001,-0.9295110220298156
0,46.6042,4.740625,-0.9301745065493738
0,46.6042,4.74375,-0.9308448176597361
0,46.6042,4.746875,-0.9315238080926921
0,46.6042,4.75,-0.932213589802284
0,46.6042,4.753125000000001,-0.9329164939371755
0,46.6042,4.75625,-0.9336350261345363
0,46.6042,4.759375,-0.9343718174993915
0,46.6042,4.7625,-0.9351295717034673
0,46.6042,4.765625,-0.9359110087004531
0,46.6042,4.768750000000001,-0.9367188056091569
0,46.6042,4.771875,-0.9375555353619422
0,46.6042,4.775,-0.9384236037535747
0,46.6042,4.778125,-0.9393251855561479
0,46.6042,4.78125,-0.9402621603907849
0,46.6042,4.784375000000001,-0.9412360490682168
0,46.6042,4.7875,-0.942247951130212
0,46.6042,4.790625,-0.943298484344144
0,46.6042,4.79375,-0.9443877269251126
0,46.6042,4.796875,-0.9455151632849944
0,46.6042,4.800000000000001,-0.9466796341353234
0,46.6042,4.803125,-0.9478792917998985
0,46.6042,4.80625,-0.9491115616209065
0,46.6042,4.809375,-0.950373110365342
0,46.6042,4.8125,-0.9516598225515059
0,46.6042,4.815625000000001,-0.9529667856120555
0,46.6042,4.81875,-0.9542882847835656
0,46.6042,4.821875,-0.9556178085554761
0,46.6042,4.825,-0.9569480654167521
0,46.6042,4.828125,-0.9582710125010251
0,46.6042,4.831250000000001,-0.9595778965466749
0,46.6042,4.834375,-0.9608593073569712
0,46.6042,4.8375,-0.9621052436702169
0,46.6042,4.840625,-0.9633051910385982
0,46.6042,4.84375,-0.9644482109794605
0,46.6042,4.846875000000001,-0.9655230403202254
0,46.6042,4.85,-0.9665181993277291
0,46.6042,4.853125,-0.9674221069153488
0,46.6042,4.85625,-0.9682232009773225
0,46.6042,4.859375,-0.9689100617268388
0,46.6042,4.862500000000001,-0.9694715358253101
0,46.6042,4.865625,-0.9698968590905338
0,46.6042,4.86875,-0.9701757756591616
0,46.6042,4.871875,-0.9702986516441204
0,46.6042,4.875,-0.9702565815538893
0,46.6042,4.878125000000001,-0.9700414860064357
0,46.6042,4.88125,-0.9696461995531102
0,46.6042,4.884375,-0.9690645477044343
0,46.6042,4.8875,-0.9682914125021248
0,46.6042,4.890625,-0.9673227861968103
0,46.6042,4.893750000000001,-0.9661558127628661
0,46.6042,4.896875,-0.9647888171112182
0,46.6042,4.9,-0.9632213219546832
0,46.6042,4.903125,-0.9614540523492563
0,46.6042,4.90625,-0.9594889279916966
0,46.6042,4.909375000000001,-0.9573290434118914
0,46.6042,4.9125,-0.9549786362687359
0,46.6042,4.915625,-0.9524430440484755
0,46.6042,4.91875,-0.9497286495782296
0,46.6042,4.921875,-0.9468428159040337
0,46.6042,4.925000000000001,-0.9437938112376933
0,46.6042,4.928125,-0.9405907248421529
0,46.6042,4.93125,-0.937243374891143
0,46.6042,4.934375,-0.9337622094947939
0,46.6042,4.9375,-0.9301582022178114
0,46.6042,4.940625000000001,-0.9264427435216386
0,46.6042,4.94375,-0.922627529628958
0,46.6042,4.946875,-0.9187244503332844
0,46.6042,4.95,-0.9147454772563222
0,46.6042,4.953125,-0.9107025539918707
0,46.6042,4.956250000000001,-0.9066074894712777
0,46.6042,4.959375,-0.9024718557473901
0,46.6042,4.9625,-0.8983068912292989
0,46.6042,4.965625,-0.8941234102177607
0,46.6042,4.96875,-0.8899317193997751
0,46.6042,4.971875000000001,-0.8857415417697939
0,46.6042,4.975,-0.8815619482623187
0,46.6042,4.978125,-0.8774012972134092
0,46.6042,4.98125,-0.8732671816227922
0,46.6042,4.984375,-0.8691663840673921
0,46.6042,4.987500000000001,-0.8651048390243389
0,46.6042,4.990625,-0.8610876022971955
0,46.6042,4.99375,-0.857118827203114
0,46.6042,4.996875,-0.8532017471691845
0,46.6042,5.0,-0.8493386644004374
0,46.6042,5.003125,-0.845530944316737
0,46.6042,5.0062500000000005,-0.8417790155067856
0,46.6042,5.009375,-0.83808237501057
0,46.6042,5.0125,-0.8344395988120672
0,46.6042,5.015625,-0.830848357497428
0,46.6042,5.01875,-0.8273054371054568
0,46.6042,5.0218750000000005,-0.823806765262626
0,46.6042,5.025,-0.8203474427499174
0,46.6042,5.028125,-0.8169217806893675
0,46.6042,5.03125,-0.8135233435609712
0,46.6042,5.034375,-0.8101449982621853
0,46.6042,5.0375000000000005,-0.8067789694003894
0,46.6042,5.040625,-0.8034169009612909
0,46.6042,5.04375,-0.8000499244224255
0,46.6042,5.046875,-0.7966687332806796
0,46.6042,5.05,-0.7932636638369797
0,46.6042,5.0531250000000005,-0.7898247819324886
0,46.6042,5.05625,-0.7863419751621877
0,46.6042,5.059375,-0.7828050499086712
0,46.6042,5.0625,-0.7792038323474408
0,46.6042,5.065625,-0.7755282723823685
0,46.6042,5.0687500000000005,-0.771768549284663
0,46.6042,5.071875,-0.767915177639535
0,46.6042,5.075,-0.7639591120611243
0,46.6042,5.078125,-0.7598918490271326
0,46.6042,5.08125,-0.7557055241182116
0,46.6042,5.0843750000000005,-0.7513930029305903
0,46.6042,5.0875,-0.7469479639687133
0,46.6042,5.090625,-0.7423649719207585
0,46.6042,5.09375,-0.7376395398740067
0,46.6042,5.096875,-0.7327681792363582
0,46.6042,5.1000000000000005,-0.727748436389342
0,46.6042,5.103125,-0.7225789153981951
0,46.6042,5.10625,-0.7172592864350993
0,46.6042,5.109375,-0.7117902799195792
0,46.6042,5.1125,-0.7061736667311168
0,46.6042,5.1156250000000005,-0.7004122251884213
0,46.6042,5.11875,-0.6945096958031557
0,46.6042,5.121875,-0.6884707250896572
0,46.6042,5.125,-0.6823007999351851
0,46.6042,5.128125,-0.6760061741983535
0,46.6042,5.1312500000000005,-0.6695937893013617
0,46.6042,5.134375,-0.6630711906122002
0,46.6042,5.1375,-0.656446441377923
0,46.6042,5.140625,-0.6497280358747964
0,46.6042,5.14375,-0.642924813294054
0,46.6042,5.1468750000000005,-0.6360458736947229
0,46.6042,5.15,-0.6291004971406381
0,46.6042,5.153125,-0.6220980669114892
0,46.6042,5.15625,-0.6150479974517262
0,46.6042,5.159375,-0.6079596675087987
0,46.6042,5.1625000000000005,-0.6008423587242039
0,46.6042,5.165625,-0.5937051997843715
0,46.6042,5.16875,-0.5865571161173205
0,46.6042,5.171875,-0.5794067850356452
0,46.6042,5.175,-0.5722625961734183
0,46.6042,5.1781250000000005,-0.5651326170385893
0,46.6042,5.18125,-0.5580245634959894
0,46.6042,5.184375,-0.5509457750011285
0,46.6042,5.1875,-0.5439031944143119
0,46.6042,5.190625,-0.5369033522317112
0,46.6042,5.1937500000000005,-0.5299523550707593
0,46.6042,5.196875,-0.5230558782392136
0,46.6042,5.2,-0.5162191622001501
0,46.6042,5.203125,-0.509447012720611
0,46.6042,5.20625,-0.5027438044620217
0,46.6042,5.2093750000000005,-0.49611348773927433
0,46.6042,5.2125,-0.48955959814576544
0,46.6042,5.215625,-0.4830852687166181
0,46.6042,5.21875,-0.47669324428421656
0,46.6042,5.221875,-0.470385897670312
0,46.6042,5.2250000000000005,-0.46416524735805015
0,46.6042,5.228125,-0.45803297629508666
0,46.6042,5.23125,-0.45199045149457695
0,46.6042,5.234375,-0.44603874412321065
0,46.6042,5.2375,-0.4401786497927772
0,46.6042,5.2406250000000005,-0.43441070880268157
0,46.6042,5.24375,-0.4287352261136551
0,46.6042,5.246875,-0.4231522908662304
0,46.6042,5.25,-0.41766179529034153
0,46.6042,5.253125,-0.41226345288349253
0,46.6042,5.2562500000000005,-0.4069568157638432
0,46.6042,5.259375,-0.40174129113070983
0,46.6042,5.2625,-0.3966161567881066
0,46.6042,5.265625,-0.391580575707107
0,46.6042,5.26875,-0.386633609619807
0,46.6042,5.2718750000000005,-0.38177423165190144
0,46.6042,5.275,-0.3770013380124045
0,46.6042,5.278125,-0.3723137587681131
0,46.6042,5.28125,-0.36771026773744375
0,46.6042,5.284375,-0.36318959154331176
0,46.6042,5.2875000000000005,-0.358750417868272
0,46.6042,5.290625,-0.3543914029572984
0,46.6042,5.29375,-0.3501111784146312
0,46.6042,5.296875,-0.34590835734131764
0,46.6042,5.3,-0.34178153985948684
0,46.6042,5.3031250000000005,-0.33772931806831674
0,46.6042,5.30625,-0.33375028047512734
0,46.6042,5.309375,-0.32984301594318033
0,46.6042,5.3125,-0.32600611719576955
0,46.6042,5.315625,-0.3222381839139708
0,46.6042,5.3187500000000005,-0.3185378254632074
0,46.6042,5.321875,-0.31490366328152075
0,46.6042,5.325,-0.3113343329601807
0,46.6042,5.328125,-0.3078284860451156
0,46.6042,5.33125,-0.30438479158548204
0,46.6042,5.3343750000000005,-0.30100193745369563
0,46.6042,5.3375,-0.2976786314593022
0,46.6042,5.340625,-0.29441360227723085
0,46.6042,5.34375,-0.2912056002092854
0,46.6042,5.346875,-0.28805339779609135
0,46.6042,5.3500000000000005,-0.2849557902952352
0,46.6042,5.353125,-0.28191159603994553
0,46.6042,5.35625,-0.27891965669135665
0,46.6042,5.359375,-0.2759788373962356
0,46.6042,5.3625,-0.27308802686093203
0,46.6042,5.3656250000000005,-0.27024613735131203
0,46.6042,5.36875,-0.26745210462751956
0,46.6042,5.371875,-0.26470488782154084
0,46.6042,5.375,-0.26200346926480234
0,46.6042,5.378125,-0.2593468542722975
0,46.6042,5.3812500000000005,-0.25673407088910616
0,46.6042,5.384375,-0.2541641696045853
0,46.6042,5.3875,-0.2516362230389549
0,46.6042,5.390625,-0.24914932560654726
0,46.6042,5.39375,-0.2467025931595178
0,46.6042,5.3968750000000005,-0.2442951626154288
0,46.6042,5.4,-0.24192619157175338
0,46.6042,5.403125,-0.23959485791000715
0,46.6042,5.40625,-0.2373003593919373
0,46.6042,5.409375,-0.23504191324990575
0,46.6042,5.4125000000000005,-0.23281875577337713
0,46.6042,5.415625,-0.23063014189319475
0,46.6042,5.41875,-0.22847534476512438
0,46.6042,5.421875,-0.22635365535398336
0,46.6042,5.425,-0.22426438201949167
0,46.6042,5.4281250000000005,-0.22220685010484867
0,46.6042,5.43125,-0.22018040152890755
0,46.6042,5.434375,-0.21818439438269266
0,46.6042,5.4375,-0.21621820253091834
0,46.6042,5.440625,-0.21428121521905222
0,46.6042,5.4437500000000005,-0.2123728366863971
0,46.6042,5.446875,-0.2104924857855854
0,46.6042,5.45,-0.2086395956088022
0,46.6042,5.453125,-0.2068136131210159
0,46.6042,5.45625,-0.20501399880041637
0,46.6042,5.4593750000000005,-0.20324022628622954
0,46.6042,5.4625,-0.20149178203403006
0,46.6042,5.465625,-0.19976816497862923
0,46.6042,5.46875,-0.1980688862045977
0,46.6042,5.471875,-0.19639346862443735
0,46.6042,5.4750000000000005,-0.19474144666439847
0,46.6042,5.478125,-0.1931123659579196
0,46.6042,5.48125,-0.19150578304663332
0,46.6042,5.484375,-0.18992126508888504
0,46.6042,5.4875,-0.1883583895756773
0,46.6042,5.4906250000000005,-0.1868167440539505
0,46.6042,5.49375,-0.1852959258571009
0,46.6042,5.496875,-0.18379554184261396
0,46.6042,5.5,-0.18231520813670518
0,46.6042,5.503125,-0.18085454988583408
0,46.6042,5.5062500000000005,-0.17941320101496133
0,46.6042,5.509375,-0.17799080399241743
0,46.6042,5.5125,-0.17658700960123597
0,46.6042,5.515625,-0.17520147671681824
0,46.6042,5.51875,-0.17383387209078108
0,46.6042,5.5218750000000005,-0.17248387014084507
0,46.6042,5.525,-0.1711511527466206
0,46.6042,5.528125,-0.1698354090511415
0,46.6042,5.53125,-0.1685363352680084
0,46.6042,5.534375,-0.1672536344939962
0,46.6042,5.5375000000000005,-0.165987016526982
0,46.6042,5.540625,-0.16473619768905617
0,46.6042,5.54375,-0.16350090065467363
0,46.6042,5.546875,-0.16228085428371336
0,46.6042,5.55,-0.1610757934593081
0,46.6042,5.5531250000000005,-0.1598854589303128
0,46.6042,5.55625,-0.15870959715828326
0,46.6042,5.559375,-0.1575479601688344
0,46.6042,5.5625,-0.156400305407257
0,46.6042,5.565625,-0.15526639559826932
0,46.6042,5.5687500000000005,-0.1541459986097829
0,46.6042,5.571875,-0.1530388873205704
0,46.6042,5.575,-0.15194483949171383
0,46.6042,5.578125,-0.1508636376417318
0,46.6042,5.58125,-0.14979506892527003
0,46.6042,5.5843750000000005,-0.14873892501525315
0,46.6042,5.5875,-0.147695001988396
0,46.6042,5.590625,-0.14666310021396975
0,46.6042,5.59375,-0.14564302424573242
0,46.6042,5.596875,-0.14463458271692392
0,46.6042,5.6000000000000005,-0.1436375882382362
0,46.6042,5.603125,-0.14265185729866955
0,46.6042,5.60625,-0.14167721016918536
0,46.6042,5.609375,-0.14071347080907576
0,46.6042,5.6125,-0.13976046677496448
0,46.6042,5.6156250000000005,-0.13881802913236146
0,46.6042,5.61875,-0.13788599236969445
0,46.6042,5.621875,-0.13696419431474088
0,46.6042,5.625,-0.13605247605338994
0,46.6042,5.628125,-0.1351506818506631
0,46.6042,5.6312500000000005,-0.13425865907392642
0,46.6042,5.634375,-0.13337625811822665
0,46.6042,5.6375,-0.1325033323336876
0,46.6042,5.640625,-0.13163973795490647
0,46.6042,5.64375,-0.13078533403228776
0,46.6042,5.6468750000000005,-0.12993998236525767
0,46.6042,5.65,-0.12910354743730307
0,46.6042,5.653125,-0.12827589635277692
0,46.6042,5.65625,-0.12745689877542307
0,46.6042,5.659375,-0.12664642686856314
0,46.6042,5.6625000000000005,-0.12584435523689919
0,46.6042,5.665625,-0.12505056086988417
0,46.6042,5.66875,-0.12426492308660979
0,46.6042,5.671875,-0.12348732348217172
0,46.6042,5.675,-0.12271764587546441
0,46.6042,5.6781250000000005,-0.12195577625836501
0,46.6042,5.68125,-0.12120160274626514
0,46.6042,5.684375,-0.12045501552990905
0,46.6042,5.6875,-0.11971590682850261
0,46.6042,5.690625,-0.11898417084405324
0,46.6042,5.6937500000000005,-0.1182597037169054
0,46.6042,5.696875,-0.11754240348243823
0,46.6042,5.7,-0.11683217002888752
0,46.6042,5.703125,-0.11612890505626405
0,46.6042,5.70625,-0.11543251203633263
0,46.6042,5.7093750000000005,-0.1147428961736229
0,46.6042,5.7125,-0.11405996436744234
0,46.6042,5.715625,-0.11338362517486006
0,46.6042,5.71875,-0.11271378877463656
0,46.6042,5.721875,-0.11205036693207117
0,46.6042,5.7250000000000005,-0.11139327296473911
0,46.6042,5.728125,-0.11074242170909626
0,46.6042,5.73125,-0.11009772948792254
0,46.6042,5.734375,-0.10945911407858451
0,46.6042,5.7375,-0.10882649468209064
0,46.6042,5.7406250000000005,-0.1081997918929182
0,46.6042,5.74375,-0.1075789276695912
0,46.6042,5.746875,-0.10696382530598425
0,46.6042,5.75,-0.10635440940333725
0,46.6042,5.753125,-0.10575060584295688
0,46.6042,5.7562500000000005,-0.10515234175958825
0,46.6042,5.759375,-0.1045595455154366
0,46.6042,5.7625,-0.10397214667482126
0,46.6042,5.765625,-0.10339007597944558
0,46.6042,5.76875,-0.10281326532426378
0,46.6042,5.7718750000000005,-0.10224164773393077
0,46.6042,5.775,-0.10167515733981686
0,46.6042,5.778125,-0.10111372935757246
0,46.6042,5.78125,-0.10055730006522866
0,46.6042,5.784375,-0.10000580678181868
0,46.6042,5.7875000000000005,-0.09945918784650493
0,46.6042,5.790625,-0.09891738259820038
0,46.6042,5.79375,-0.09838033135566833
0,46.6042,5.796875,-0.09784797539808948
0,46.6042,5.800000000000001,-0.09732025694608347
0,46.6042,5.8031250000000005,-0.09679711914317267
0,46.6042,5.80625,-0.09627850603767565
0,46.6042,5.809375,-0.0957643625650202
0,46.6042,5.8125,-0.09525463453046437
0,46.6042,5.815625000000001,-0.09474926859221426
0,46.6042,5.8187500000000005,-0.09424821224492921
0,46.6042,5.821875,-0.09375141380360229
0,46.6042,5.825,-0.09325882238780907
0,46.6042,5.828125,-0.09277038790631231
0,46.6042,5.831250000000001,-0.09228606104201564
0,46.6042,5.8343750000000005,-0.09180579323725573
0,46.6042,5.8375,-0.09132953667942385
0,46.6042,5.840625,-0.09085724428691046
0,46.6042,5.84375,-0.09038886969536254
0,46.6042,5.846875000000001,-0.08992436724424613
0,46.6042,5.8500000000000005,-0.0894636919637074
0,46.6042,5.853125,-0.08900679956172262
0,46.6042,5.85625,-0.0885536464115315
0,46.6042,5.859375,-0.08810418953934632
0,46.6042,5.862500000000001,-0.08765838661232936
0,46.6042,5.8656250000000005,-0.08721619592683258
0,46.6042,5.86875,-0.08677757639689188
0,46.6042,5.871875,-0.0863424875429714
0,46.6042,5.875,-0.08591088948094991
0,46.6042,5.878125000000001,-0.08548274291134414
0,46.6042,5.8812500000000005,-0.0850580091087637
0,46.6042,5.884375,-0.08463664991158965
0,46.6042,5.8875,-0.0842186277118746
0,46.6042,5.890625,-0.08380390544545607
0,46.6042,5.893750000000001,-0.08339244658227897
0,46.6042,5.8968750000000005,-0.0829842151169232
0,46.6042,5.9,-0.08257917555932827
0,46.6042,5.903125,-0.0821772929257143
0,46.6042,5.90625,-0.08177853272969138
0,46.6042,5.909375000000001,-0.08138286097355396
0,46.6042,5.9125000000000005,-0.08099024413975676
0,46.6042,5.915625,-0.08060064918256547
0,46.6042,5.91875,-0.08021404351988097
0,46.6042,5.921875,-0.07983039502523077
0,46.6042,5.925000000000001,-0.07944967201992414
0,46.6042,5.9281250000000005,-0.0790718432653688
0,46.6042,5.93125,-0.07869687795554203
0,46.6042,5.934375,-0.07832474570961596
0,46.6042,5.9375,-0.07795541656473143
0,46.6042,5.940625000000001,-0.07758886096891769
0,46.6042,5.9437500000000005,-0.07722504977415443
0,46.6042,5.946875,-0.0768639542295719
0,46.6042,5.95,-0.07650554597478851
0,46.6042,5.953125,-0.07614979703337951
0,46.6042,5.956250000000001,-0.07579667980647581
0,46.6042,5.9593750000000005,-0.07544616706648996
0,46.6042,5.9625,-0.07509823195096493
0,46.6042,5.965625,-0.07475284795654441
0,46.6042,5.96875,-0.07440998893306104
0,46.6042,5.971875000000001,-0.07406962907774044
0,46.6042,5.9750000000000005,-0.07373174292951801
0,46.6042,5.978125,-0.07339630536346568
0,46.6042,5.98125,-0.07306329158532708
0,46.6042,5.984375,-0.07273267712615823
0,46.6042,5.987500000000001,-0.07240443783707069
0,46.6042,5.9906250000000005,-0.07207854988407661
0,46.6042,5.99375,-0.07175498974303103
0,46.6042,5.996875,-0.07143373419467193
0,46.6042,6.0,-0.0711147603197537
