"Current","Field","Frequency","Spectra"
0,37.7391,1.0,-0.02197606786073595
0,37.7391,1.003125,-0.022047655744853567
0,37.7391,1.00625,-0.022119704020276285
0,37.7391,1.009375,-0.02219221738332735
0,37.7391,1.0125,-0.0222652005951313
0,37.7391,1.015625,-0.022338658482719584
0,37.7391,1.01875,-0.022412595940158406
0,37.7391,1.021875,-0.02248701792969944
0,37.7391,1.025,-0.022561929482953578
0,37.7391,1.028125,-0.022637335702088642
0,37.7391,1.03125,-0.02271324176105142
0,37.7391,1.034375,-0.022789652906814492
0,37.7391,1.0375,-0.02286657446064872
0,37.7391,1.040625,-0.02294401181942169
0,37.7391,1.04375,-0.02302197045692289
0,37.7391,1.046875,-0.0231004559252163
0,37.7391,1.05,-0.023179473856020785
0,37.7391,1.053125,-0.023259029962119267
0,37.7391,1.05625,-0.023339130038797146
0,37.7391,1.059375,-0.023419779965310743
0,37.7391,1.0625,-0.023500985706386406
0,37.7391,1.065625,-0.023582753313751162
0,37.7391,1.06875,-0.023665088927695546
0,37.7391,1.071875,-0.023747998778669354
0,37.7391,1.075,-0.023831489188911283
0,37.7391,1.078125,-0.023915566574113038
0,37.7391,1.08125,-0.024000237445119015
0,37.7391,1.084375,-0.024085508409662136
0,37.7391,1.0875,-0.024171386174136993
0,37.7391,1.090625,-0.024257877545410936
0,37.7391,1.09375,-0.024344989432674324
0,37.7391,1.096875,-0.02443272884933071
0,37.7391,1.1,-0.024521102914927907
0,37.7391,1.103125,-0.02461011885713113
0,37.7391,1.10625,-0.024699784013739158
0,37.7391,1.109375,-0.024790105834744527
0,37.7391,1.1125,-0.024881091884438926
0,37.7391,1.115625,-0.024972749843564953
0,37.7391,1.11875,-0.025065087511515274
0,37.7391,1.121875,-0.02515811280858058
0,37.7391,1.125,-0.025251833778247273
0,37.7391,1.128125,-0.025346258589546478
0,37.7391,1.13125,-0.02544139553945541
0,37.7391,1.134375,-0.025537253055352534
0,37.7391,1.1375,-0.02563383969752808
0,37.7391,1.140625,-0.025731164161750787
0,37.7391,1.14375,-0.025829235281893036
0,37.7391,1.146875,-0.02592806203261526
0,37.7391,1.15,-0.02602765353211154
0,37.7391,1.153125,-0.026128019044917846
0,37.7391,1.15625,-0.02622916798478444
0,37.7391,1.159375,-0.026331109917614358
0,37.7391,1.1625,-0.02643385456446943
0,37.7391,1.165625,-0.026537411804645833
0,37.7391,1.16875,-0.026641791678820897
0,37.7391,1.171875,-0.02674700439227293
0,37.7391,1.175,-0.026853060318176303
0,37.7391,1.178125,-0.026959970000973422
0,37.7391,1.18125,-0.0270677441598259
0,37.7391,1.184375,-0.027176393692146958
0,37.7391,1.1875,-0.027285929677217144
0,37.7391,1.190625,-0.027396363379885706
0,37.7391,1.19375,-0.02750770625435994
0,37.7391,1.196875,-0.027619969948084758
0,37.7391,1.2,-0.027733166305715082
0,37.7391,1.203125,-0.02784730737318336
0,37.7391,1.20625,-0.027962405401865124
0,37.7391,1.209375,-0.028078472852844927
0,37.7391,1.2125,-0.028195522401285533
0,37.7391,1.215625,-0.028313566940903395
0,37.7391,1.21875,-0.028432619588552963
0,37.7391,1.221875,-0.02855269368892312
0,37.7391,1.225,-0.028673802819348802
0,37.7391,1.228125,-0.02879596079474088
0,37.7391,1.23125,-0.028919181672637795
0,37.7391,1.234375,-0.029043479758382132
0,37.7391,1.2375,-0.029168869610425772
0,37.7391,1.240625,-0.02929536604576729
0,37.7391,1.24375,-0.029422984145525133
0,37.7391,1.246875,-0.029551739260650654
0,37.7391,1.25,-0.029681647017784703
0,37.7391,1.253125,-0.029812723325262185
0,37.7391,1.25625,-0.029944984379268486
0,37.7391,1.259375,-0.030078446670152314
0,37.7391,1.2625,-0.03021312698889947
0,37.7391,1.265625,-0.030349042433771987
0,37.7391,1.26875,-0.03048621041711755
0,37.7391,1.271875,-0.03062464867235424
0,37.7391,1.275,-0.030764375261135443
0,37.7391,1.278125,-0.03090540858070038
0,37.7391,1.28125,-0.031047767371415506
0,37.7391,1.284375,-0.031191470724512664
0,37.7391,1.2875,-0.0313365380900294
0,37.7391,1.290625,-0.031482989284957755
0,37.7391,1.29375,-0.03163084450160743
0,37.7391,1.296875,-0.03178012431618983
0,37.7391,1.3,-0.03193084969762961
0,37.7391,1.303125,-0.03208304201661031
0,37.7391,1.30625,-0.032236723054861284
0,37.7391,1.309375,-0.03239191501469314
0,37.7391,1.3125,-0.03254864052878898
0,37.7391,1.315625,-0.03270692267025947
0,37.7391,1.31875,-0.03286678496296952
0,37.7391,1.321875,-0.03302825139214486
0,37.7391,1.325,-0.033191346415267095
0,37.7391,1.328125,-0.03335609497326604
0,37.7391,1.33125,-0.03352252250201841
0,37.7391,1.334375,-0.033690654944162256
0,37.7391,1.3375,-0.03386051876123705
0,37.7391,1.340625,-0.03403214094615932
0,37.7391,1.34375,-0.03420554903604414
0,37.7391,1.346875,-0.0343807711253836
0,37.7391,1.35,-0.03455783587959303
0,37.7391,1.353125,-0.03473677254893666
0,37.7391,1.35625,-0.034917610982844544
0,37.7391,1.359375,-0.03510038164463304
0,37.7391,1.3625,-0.035285115626641765
0,37.7391,1.365625,-0.03547184466579982
0,37.7391,1.36875,-0.035660601159635305
0,37.7391,1.371875,-0.03585141818274201
0,37.7391,1.375,-0.03604432950371781
0,37.7391,1.378125,-0.036239369602589985
0,37.7391,1.38125,-0.036436573688743104
0,37.7391,1.384375,-0.03663597771936539
0,37.7391,1.3875,-0.03683761841843067
0,37.7391,1.390625,-0.03704153329623269
0,37.7391,1.39375,-0.03724776066949046
0,37.7391,1.396875,-0.03745633968204218
0,37.7391,1.4,-0.037667310326147965
0,37.7391,1.403125,-0.037880713464420596
0,37.7391,1.40625,-0.03809659085240484
0,37.7391,1.409375,-0.03831498516182716
0,37.7391,1.4125,-0.03853594000453736
0,37.7391,1.415625,-0.0387594999571652
0,37.7391,1.41875,-0.038985710586515676
0,37.7391,1.421875,-0.03921461847572724
0,37.7391,1.425,-0.039446271251218724
0,37.7391,1.428125,-0.03968071761045069
0,37.7391,1.43125,-0.03991800735052882
0,37.7391,1.434375,-0.04015819139767755
0,37.7391,1.4375,-0.04040132183761255
0,37.7391,1.440625,-0.04064745194684305
0,37.7391,1.44375,-0.04089663622493485
0,37.7391,1.446875,-0.04114893042776635
0,37.7391,1.45,-0.04140439160181174
0,37.7391,1.453125,-0.04166307811948529
0,37.7391,1.45625,-0.04192504971558367
0,37.7391,1.459375,-0.04219036752486301
0,37.7391,1.4625,-0.04245909412078953
0,37.7391,1.465625,-0.0427312935555041
0,37.7391,1.46875,-0.04300703140104148
0,37.7391,1.471875,-0.04328637479184819
0,37.7391,1.475,-0.043569392468642706
0,37.7391,1.478125,-0.043856154823664464
0,37.7391,1.48125,-0.044146733947359476
0,37.7391,1.484375,-0.04444120367655173
0,37.7391,1.4875,-0.044739639644151764
0,37.7391,1.490625,-0.04504211933045575
0,37.7391,1.49375,-0.04534872211608926
0,37.7391,1.496875,-0.045659529336653445
0,37.7391,1.5,-0.04597462433913175
0,37.7391,1.503125,-0.04629409254011876
0,37.7391,1.50625,-0.046618021485933844
0,37.7391,1.509375,-0.04694650091468489
0,37.7391,1.5125000000000002,-0.04727962282035025
0,37.7391,1.515625,-0.047617481518947805
0,37.7391,1.51875,-0.04796017371686483
0,37.7391,1.521875,-0.04830779858142219
0,37.7391,1.525,-0.048660457813750974
0,37.7391,1.5281250000000002,-0.04901825572406179
0,37.7391,1.53125,-0.04938129930938838
0,37.7391,1.534375,-0.04974969833389255
0,37.7391,1.5375,-0.050123565411817256
0,37.7391,1.540625,-0.05050301609318014
0,37.7391,1.5437500000000002,-0.050888168952301374
0,37.7391,1.546875,-0.05127914567926256
0,37.7391,1.55,-0.05167607117439828
0,37.7391,1.553125,-0.05207907364592228
0,37.7391,1.55625,-0.05248828471079617
0,37.7391,1.5593750000000002,-0.05290383949895029
0,37.7391,1.5625,-0.053325876760969435
0,37.7391,1.565625,-0.05375453897936135
0,37.7391,1.56875,-0.05418997248352657
0,37.7391,1.571875,-0.054632327568553816
0,37.7391,1.5750000000000002,-0.05508175861796802
0,37.7391,1.578125,-0.055538424230559776
0,37.7391,1.58125,-0.05600248735143175
0,37.7391,1.584375,-0.056474115407396816
0,37.7391,1.5875,-0.05695348044686982
0,37.7391,1.5906250000000002,-0.05744075928439536
0,37.7391,1.59375,-0.05793613364995803
0,37.7391,1.596875,-0.05843979034322556
0,37.7391,1.6,-0.05895192139287562
0,37.7391,1.603125,-0.059472724221162655
0,37.7391,1.6062500000000002,-0.06000240181388128
0,37.7391,1.609375,-0.060541162895885625
0,37.7391,1.6125,-0.06108922211232703
0,37.7391,1.615625,-0.0616468002157713
0,37.7391,1.61875,-0.062214124259360716
0,37.7391,1.6218750000000002,-0.0627914277961848
0,37.7391,1.625,-0.06337895108502334
0,37.7391,1.628125,-0.06397694130262749
0,37.7391,1.63125,-0.06458565276269881
0,37.7391,1.634375,-0.06520534714172821
0,37.7391,1.6375000000000002,-0.06583629371185137
0,37.7391,1.640625,-0.06647876958087241
0,37.7391,1.64375,-0.067133059939605
0,37.7391,1.646875,-0.06779945831666967
0,37.7391,1.65,-0.0684782668408806
0,37.7391,1.6531250000000002,-0.06916979651134436
0,37.7391,1.65625,-0.06987436747537985
0,37.7391,1.659375,-0.07059230931435777
0,37.7391,1.6625,-0.0713239613375375
0,37.7391,1.665625,-0.07206967288396422
0,37.7391,1.6687500000000002,-0.07282980363246472
0,37.7391,1.671875,-0.07360472391975487
0,37.7391,1.675,-0.07439481506664615
0,37.7391,1.678125,-0.07520046971230039
0,37.7391,1.68125,-0.07602209215645019
0,37.7391,1.6843750000000002,-0.07686009870945622
0,37.7391,1.6875,-0.07771491805002584
0,37.7391,1.690625,-0.07858699159036607
0,37.7391,1.69375,-0.07947677384847851
0,37.7391,1.696875,-0.0803847328272414
0,37.7391,1.7000000000000002,-0.0813113503998443
0,37.7391,1.703125,-0.08225712270105634
0,37.7391,1.70625,-0.08322256052371693
0,37.7391,1.709375,-0.08420818971972739
0,37.7391,1.7125,-0.08521455160470848
0,37.7391,1.7156250000000002,-0.0862422033653562
0,37.7391,1.71875,-0.08729171846838127
0,37.7391,1.721875,-0.08836368706976179
0,37.7391,1.725,-0.0894587164228524
0,37.7391,1.728125,-0.09057743128370387
0,37.7391,1.7312500000000002,-0.09172047431172371
0,37.7391,1.734375,-0.09288850646356797
0,37.7391,1.7375,-0.09408220737789309
0,37.7391,1.740625,-0.09530227574829728
0,37.7391,1.74375,-0.09654942968146552
0,37.7391,1.7468750000000002,-0.09782440703717507
0,37.7391,1.75,-0.09912796574642879
0,37.7391,1.753125,-0.10046088410356296
0,37.7391,1.75625,-0.10182396102770162
0,37.7391,1.759375,-0.10321801628842658
0,37.7391,1.7625000000000002,-0.10464389068996942
0,37.7391,1.765625,-0.10610244620762292
0,37.7391,1.76875,-0.10759456606941045
0,37.7391,1.771875,-0.10912115477532153
0,37.7391,1.775,-0.11068313804564497
0,37.7391,1.7781250000000002,-0.11228146268907485
0,37.7391,1.78125,-0.11391709638034181
0,37.7391,1.784375,-0.11559102733613187
0,37.7391,1.7875,-0.1173042638769703
0,37.7391,1.790625,-0.11905783386159996
0,37.7391,1.7937500000000002,-0.12085278397913726
0,37.7391,1.796875,-0.12269017888295575
0,37.7391,1.8,-0.12457110014883611
0,37.7391,1.803125,-0.12649664503839758
0,37.7391,1.80625,-0.1284679250472337
0,37.7391,1.8093750000000002,-0.13048606421547723
0,37.7391,1.8125,-0.132552197176736
0,37.7391,1.815625,-0.1346674669194913
0,37.7391,1.81875,-0.13683302223309818
0,37.7391,1.821875,-0.13905001480854476
0,37.7391,1.8250000000000002,-0.1413195959620703
0,37.7391,1.828125,-0.1436429129476659
0,37.7391,1.83125,-0.1460211048224086
0,37.7391,1.834375,-0.14845529782650718
0,37.7391,1.8375,-0.1509466002379568
0,37.7391,1.8406250000000002,-0.15349609665980113
0,37.7391,1.84375,-0.15610484169626926
0,37.7391,1.846875,-0.15877385297256025
0,37.7391,1.85,-0.16150410345182298
0,37.7391,1.853125,-0.16429651300207582
0,37.7391,1.8562500000000002,-0.1671519391654691
0,37.7391,1.859375,-0.1700711670825661
0,37.7391,1.8625,-0.1730548985253405
0,37.7391,1.865625,-0.1761037399944715
0,37.7391,1.86875,-0.17921818983948984
0,37.7391,1.8718750000000002,-0.1823986243645169
0,37.7391,1.875,-0.18564528288797882
0,37.7391,1.878125,-0.188958251732001
0,37.7391,1.88125,-0.1923374471263743
0,37.7391,1.884375,-0.1957825970233643
0,37.7391,1.8875000000000002,-0.19929322183337841
0,37.7391,1.890625,-0.2028686141079247
0,37.7391,1.89375,-0.20650781721563496
0,37.7391,1.896875,-0.2102096030795698
0,37.7391,1.9,-0.21397244906985863
0,37.7391,1.9031250000000002,-0.2177945141750373
0,37.7391,1.90625,-0.22167361460836704
0,37.7391,1.909375,-0.22560719904198112
0,37.7391,1.9125,-0.22959232370175092
0,37.7391,1.915625,-0.23362562759916072
0,37.7391,1.9187500000000002,-0.23770330822274865
0,37.7391,1.921875,-0.241821098060291
0,37.7391,1.925,-0.24597424237307022
0,37.7391,1.928125,-0.25015747869417615
0,37.7391,1.93125,-0.25436501857261096
0,37.7391,1.9343750000000002,-0.25859053213230143
0,37.7391,1.9375,-0.2628271360581185
0,37.7391,1.940625,-0.2670673856574652
0,37.7391,1.94375,-0.2713032716734047
0,37.7391,1.946875,-0.2755262225410618
0,37.7391,1.9500000000000002,-0.27972711278021006
0,37.7391,1.953125,-0.28389627820070806
0,37.7391,1.95625,-0.2880235385609277
0,37.7391,1.959375,-0.2920982282598401
0,37.7391,1.9625,-0.2961092355588462
0,37.7391,1.9656250000000002,-0.3000450507180193
0,37.7391,1.96875,-0.30389382329237385
0,37.7391,1.971875,-0.30764342866726246
0,37.7391,1.975,-0.31128154371934613
0,37.7391,1.978125,-0.3147957312736525
0,37.7391,1.9812500000000002,-0.3181735327921883
0,37.7391,1.984375,-0.32140256848128623
0,37.7391,1.9875,-0.3244706437506497
0,37.7391,1.990625,-0.3273658607055294
0,37.7391,1.99375,-0.3300767331144745
0,37.7391,1.9968750000000002,-0.3325923030790491
0,37.7391,2.0,-0.334902257449551
0,37.7391,2.003125,-0.3369970418924974
0,37.7391,2.00625,-0.3388679704308119
0,37.7391,2.0093750000000004,-0.3405073282541331
0,37.7391,2.0125,-0.34190846564000354
0,37.7391,2.015625,-0.34306588093975443
0,37.7391,2.01875,-0.34397529076542505
0,37.7391,2.021875,-0.3446336857624117
0,37.7391,2.0250000000000004,-0.3450393706598247
0,37.7391,2.028125,-0.34519198764669373
0,37.7391,2.03125,-0.3450925225145387
0,37.7391,2.034375,-0.3447432934207231
0,37.7391,2.0375,-0.3441479225465387
0,37.7391,2.0406250000000004,-0.34331129133293725
0,37.7391,2.04375,-0.3422394803595927
0,37.7391,2.046875,-0.340939695275425
0,37.7391,2.05,-0.339420180478893
0,37.7391,2.053125,-0.3376901224751608
0,37.7391,2.0562500000000004,-0.3357595449987347
0,37.7391,2.059375,-0.3336391980817744
0,37.7391,2.0625,-0.33134044327072354
0,37.7391,2.065625,-0.32887513715092753
0,37.7391,2.06875,-0.3262555152368096
0,37.7391,2.0718750000000004,-0.32349407813236497
0,37.7391,2.075,-0.3206034816729419
0,37.7391,2.078125,-0.31759643253508296
0,37.7391,2.08125,-0.3144855905572872
0,37.7391,2.084375,-0.31128347876122175
0,37.7391,2.0875000000000004,-0.3080024018096617
0,37.7391,2.090625,-0.304654373392495
0,37.7391,2.09375,-0.30125105280241365
0,37.7391,2.096875,-0.29780369075272345
0,37.7391,2.1,-0.2943230843048431
0,37.7391,2.1031250000000004,-0.29081954061488136
0,37.7391,2.10625,-0.28730284907812725
0,37.7391,2.109375,-0.28378226134724216
0,37.7391,2.1125,-0.28026647862325665
0,37.7391,2.115625,-0.27676364556630756
0,37.7391,2.1187500000000004,-0.27328135014304067
0,37.7391,2.121875,-0.26982662871701024
0,37.7391,2.125,-0.2664059756943844
0,37.7391,2.128125,-0.26302535705689645
0,37.7391,2.13125,-0.259690227144461
0,37.7391,2.1343750000000004,-0.2564055480886053
0,37.7391,2.1375,-0.25317581134241823
0,37.7391,2.140625,-0.25000506080103524
0,37.7391,2.14375,-0.2468969170568992
0,37.7391,2.146875,-0.24385460238466353
0,37.7391,2.1500000000000004,-0.24088096610040388
0,37.7391,2.153125,-0.23797850998779155
0,37.7391,2.15625,-0.2351494135293416
0,37.7391,2.159375,-0.23239555872325715
0,37.7391,2.1625,-0.2297185543053968
0,37.7391,2.1656250000000004,-0.2271197592313507
0,37.7391,2.16875,-0.2246003053054129
0,37.7391,2.171875,-0.22216111887147796
0,37.7391,2.175,-0.21980294150564506
0,37.7391,2.178125,-0.21752634967177614
0,37.7391,2.1812500000000004,-0.21533177331964637
0,37.7391,2.184375,-0.21321951342086207
0,37.7391,2.1875,-0.21118975845068114
0,37.7391,2.190625,-0.20924259983448698
0,37.7391,2.19375,-0.2073780463861979
0,37.7391,2.1968750000000004,-0.205596037772589
0,37.7391,2.2,-0.20389645704257725
0,37.7391,2.203125,-0.20227914226419713
0,37.7391,2.20625,-0.2007438973144668
0,37.7391,2.209375,-0.19929050186877809
0,37.7391,2.2125000000000004,-0.1979187206370209
0,37.7391,2.215625,-0.19662831189348584
0,37.7391,2.21875,-0.19541903534682678
0,37.7391,2.221875,-0.19429065939509688
0,37.7391,2.225,-0.1932429678091938
0,37.7391,2.2281250000000004,-0.19227576588604708
0,37.7391,2.23125,-0.1913888861106035
0,37.7391,2.234375,-0.19058219336317989
0,37.7391,2.2375,-0.18985558970609331
0,37.7391,2.240625,-0.1892090187806734
0,37.7391,2.2437500000000004,-0.1886424698428446
0,37.7391,2.246875,-0.18815598146244433
0,37.7391,2.25,-0.1877496449083273
0,37.7391,2.253125,-0.1874236072381011
0,37.7391,2.25625,-0.18717807410803491
0,37.7391,2.2593750000000004,-0.18701331231527768
0,37.7391,2.2625,-0.1869296520809982
0,37.7391,2.265625,-0.18692748907940143
0,37.7391,2.26875,-0.18700728621375537
0,37.7391,2.271875,-0.1871695751365652
0,37.7391,2.2750000000000004,-0.18741495750681564
0,37.7391,2.278125,-0.18774410597274596
0,37.7391,2.28125,-0.18815776486388508
0,37.7391,2.284375,-0.188656750571018
0,37.7391,2.2875,-0.18924195158734702
0,37.7391,2.2906250000000004,-0.189914328178302
0,37.7391,2.29375,-0.19067491164121098
0,37.7391,2.296875,-0.1915248031093168
0,37.7391,2.3,-0.19246517184738315
0,37.7391,2.303125,-0.19349725297833678
0,37.7391,2.3062500000000004,-0.19462234457200212
0,37.7391,2.309375,-0.19584180401799178
0,37.7391,2.3125,-0.19715704359518293
0,37.7391,2.315625,-0.19856952513995266
0,37.7391,2.31875,-0.20008075370447487
0,37.7391,2.3218750000000004,-0.20169227008492752
0,37.7391,2.325,-0.20340564208750395
0,37.7391,2.328125,-0.20522245438775655
0,37.7391,2.33125,-0.207144296826182
0,37.7391,2.334375,-0.20917275097029223
0,37.7391,2.3375000000000004,-0.21130937476096331
0,37.7391,2.340625,-0.21355568504898975
0,37.7391,2.34375,-0.2159131378169175
0,37.7391,2.346875,-0.21838310587196322
0,37.7391,2.35,-0.22096685378883674
0,37.7391,2.3531250000000004,-0.22366550987739076
0,37.7391,2.35625,-0.22648003495024635
0,37.7391,2.359375,-0.22941118767105068
0,37.7391,2.3625,-0.2324594862761969
0,37.7391,2.365625,-0.23562516648328036
0,37.7391,2.3687500000000004,-0.23890813543002715
0,37.7391,2.371875,-0.24230792152995528
0,37.7391,2.375,-0.24582362018773837
0,37.7391,2.378125,-0.2494538353904621
0,37.7391,2.38125,-0.25319661728306847
0,37.7391,2.3843750000000004,-0.2570493959495838
0,37.7391,2.3875,-0.2610089117584276
0,37.7391,2.390625,-0.2650711427919911
0,37.7391,2.39375,-0.2692312300690305
0,37.7391,2.396875,-0.27348340148363237
0,37.7391,2.4000000000000004,-0.27782089562576595
0,37.7391,2.403125,-0.28223588691341617
0,37.7391,2.40625,-0.2867194137506282
0,37.7391,2.409375,-0.29126131172277453
0,37.7391,2.4125,-0.29585015414044397
0,37.7391,2.4156250000000004,-0.30047320253382936
0,37.7391,2.41875,-0.305116369964346
0,37.7391,2.421875,-0.30976420023995926
0,37.7391,2.425,-0.3143998662727891
0,37.7391,2.428125,-0.3190051908768936
0,37.7391,2.4312500000000004,-0.3235606932440946
0,37.7391,2.434375,-0.3280456641298326
0,37.7391,2.4375,-0.3324382724048564
0,37.7391,2.440625,-0.33671570506233245
0,37.7391,2.44375,-0.3408543420014415
0,37.7391,2.4468750000000004,-0.34482996593601434
0,37.7391,2.45,-0.3486180066121435
0,37.7391,2.453125,-0.3521938171897418
0,37.7391,2.45625,-0.35553297919499555
0,37.7391,2.459375,-0.3586116309464424
0,37.7391,2.4625000000000004,-0.36140681287581333
0,37.7391,2.465625,-0.3638968217970539
0,37.7391,2.46875,-0.36606156502095766
0,37.7391,2.471875,-0.3678829043657374
0,37.7391,2.475,-0.3693449796632295
0,37.7391,2.4781250000000004,-0.37043450137519085
0,37.7391,2.48125,-0.3711410024560684
0,37.7391,2.484375,-0.37145704063552865
0,37.7391,2.4875,-0.37137834381596124
0,37.7391,2.490625,-0.3709038932191012
0,37.7391,2.4937500000000004,-0.3700359411695264
0,37.7391,2.496875,-0.3687799628419851
0,37.7391,2.5,-0.3671445437791364
0,37.7391,2.503125,-0.36514120735761946
0,37.7391,2.50625,-0.3627841885041402
0,37.7391,2.5093750000000004,-0.36009016172153663
0,37.7391,2.5125,-0.35707793279023026
0,37.7391,2.515625,-0.3537681043123551
0,37.7391,2.51875,-0.35018272555181035
0,37.7391,2.521875,-0.3463449368175836
0,37.7391,2.5250000000000004,-0.3422786179951563
0,37.7391,2.528125,-0.338008049830232
0,37.7391,2.53125,-0.33355759530354956
0,37.7391,2.534375,-0.32895140700363973
0,37.7391,2.5375,-0.32421316490171537
0,37.7391,2.5406250000000004,-0.3193658474455846
0,37.7391,2.54375,-0.3144315374893473
0,37.7391,2.546875,-0.3094312633175847
0,37.7391,2.55,-0.30438487394388203
0,37.7391,2.553125,-0.2993109469840708
0,37.7391,2.5562500000000004,-0.2942267267298501
0,37.7391,2.559375,-0.28914808957151616
0,37.7391,2.5625,-0.28408953362333883
0,37.7391,2.565625,-0.2790641892694195
0,37.7391,2.56875,-0.27408384734596186
0,37.7391,2.5718750000000004,-0.269159001781062
0,37.7391,2.575,-0.26429890369925835
0,37.7391,2.578125,-0.2595116242411819
0,37.7391,2.58125,-0.25480412362748883
0,37.7391,2.584375,-0.25018232429294274
0,37.7391,2.5875000000000004,-0.24565118621658183
0,37.7391,2.590625,-0.24121478286609968
0,37.7391,2.59375,-0.23687637645073392
0,37.7391,2.596875,-0.23263849143148005
0,37.7391,2.6,-0.22850298546696174
0,37.7391,2.6031250000000004,-0.2244711171762342
0,37.7391,2.60625,-0.22054361027592534
0,37.7391,2.609375,-0.21672071379930824
0,37.7391,2.6125,-0.21300225823065005
0,37.7391,2.615625,-0.20938770749152094
0,37.7391,2.6187500000000004,-0.20587620679895752
0,37.7391,2.621875,-0.20246662648078717
0,37.7391,2.625,-0.1991576018834229
0,37.7391,2.628125,-0.19594756954425324
0,37.7391,2.63125,-0.19283479982647184
0,37.7391,2.6343750000000004,-0.18981742623074266
0,37.7391,2.6375,-0.18689347160714018
0,37.7391,2.640625,-0.18406087149386977
0,37.7391,2.64375,-0.1813174948076173
0,37.7391,2.646875,-0.17866116210511018
0,37.7391,2.6500000000000004,-0.1760896616275287
0,37.7391,2.653125,-0.17360076332953045
0,37.7391,2.65625,-0.17119223108350012
0,37.7391,2.659375,-0.16886183323769358
0,37.7391,2.6625,-0.16660735169462623
0,37.7391,2.6656250000000004,-0.16442658966368434
0,37.7391,2.66875,-0.16231737822973535
0,37.7391,2.671875,-0.16027758186768454
0,37.7391,2.675,-0.15830510302158554
0,37.7391,2.678125,-0.15639788585614825
0,37.7391,2.6812500000000004,-0.15455391927837273
0,37.7391,2.684375,-0.15277123931758216
0,37.7391,2.6875,-0.15104793094335958
0,37.7391,2.690625,-0.1493821293927953
0,37.7391,2.69375,-0.1477720210710094
0,37.7391,2.6968750000000004,-0.14621584408211105
0,37.7391,2.7,-0.14471188844154834
0,37.7391,2.703125,-0.14325849601516877
0,37.7391,2.70625,-0.14185406022520544
0,37.7391,2.709375,-0.1404970255587912
0,37.7391,2.7125000000000004,-0.13918588691045145
0,37.7391,2.715625,-0.1379191887862904
0,37.7391,2.71875,-0.13669552439424013
0,37.7391,2.721875,-0.13551353464174276
0,37.7391,2.725,-0.13437190705955987
0,37.7391,2.7281250000000004,-0.13326937466801703
0,37.7391,2.73125,-0.13220471479986431
0,37.7391,2.734375,-0.13117674789205042
0,37.7391,2.7375,-0.13018433625703035
0,37.7391,2.740625,-0.1292263828427451
0,37.7391,2.7437500000000004,-0.1283018299891018
0,37.7391,2.746875,-0.1274096581876247
0,37.7391,2.75,-0.12654888484992893
0,37.7391,2.753125,-0.12571856308977516
0,37.7391,2.75625,-0.12491778052267122
0,37.7391,2.7593750000000004,-0.12414565808630357
0,37.7391,2.7625,-0.12340134888447435
0,37.7391,2.765625,-0.12268403705669609
0,37.7391,2.76875,-0.1219929366751405
0,37.7391,2.771875,-0.12132729067023608
0,37.7391,2.7750000000000004,-0.1206863697858711
0,37.7391,2.778125,-0.12006947156485787
0,37.7391,2.78125,-0.11947591936506205
0,37.7391,2.784375,-0.11890506140638205
0,37.7391,2.7875,-0.11835626984857758
0,37.7391,2.7906250000000004,-0.1178289398997894
0,37.7391,2.79375,-0.11732248895545899
0,37.7391,2.796875,-0.11683635576724742
0,37.7391,2.8,-0.1163699996414611
0,37.7391,2.803125,-0.1159228996664147
0,37.7391,2.8062500000000004,-0.11549455396810461
0,37.7391,2.809375,-0.11508447899351565
0,37.7391,2.8125,-0.11469220882084716
0,37.7391,2.815625,-0.11431729449591903
0,37.7391,2.81875,-0.11395930339399543
0,37.7391,2.8218750000000004,-0.1136178186062552
0,37.7391,2.825,-0.11329243835012791
0,37.7391,2.828125,-0.11298277540271584
0,37.7391,2.83125,-0.11268845655652428
0,37.7391,2.834375,-0.11240912209672775
0,37.7391,2.8375000000000004,-0.11214442529921262
0,37.7391,2.840625,-0.11189403194864433
0,37.7391,2.84375,-0.11165761987582534
0,37.7391,2.846875,-0.11143487851362494
0,37.7391,2.85,-0.11122550847077682
0,37.7391,2.8531250000000004,-0.11102922112286269
0,37.7391,2.85625,-0.11084573821981494
0,37.7391,2.859375,-0.11067479150929473
0,37.7391,2.8625,-0.11051612237531842
0,37.7391,2.865625,-0.11036948149152859
0,37.7391,2.8687500000000004,-0.11023462848852263
0,37.7391,2.871875,-0.11011133163467564
0,37.7391,2.875,-0.10999936752991109
0,37.7391,2.878125,-0.1098985208118945
0,37.7391,2.88125,-0.10980858387414451
0,37.7391,2.8843750000000004,-0.10972935659557315
0,37.7391,2.8875,-0.10966064608098858
0,37.7391,2.890625,-0.10960226641210938
0,37.7391,2.89375,-0.10955403840865789
0,37.7391,2.896875,-0.10951578939911782
0,37.7391,2.9000000000000004,-0.10948735300075826
0,37.7391,2.903125,-0.1094685689085406
0,37.7391,2.90625,-0.10945928269254337
0,37.7391,2.909375,-0.10945934560355214
0,37.7391,2.9125,-0.10946861438647953
0,37.7391,2.9156250000000004,-0.1094869511012911
0,37.7391,2.91875,-0.10951422295112889
0,37.7391,2.921875,-0.10955030211733692
0,37.7391,2.925,-0.1095950656011045
0,37.7391,2.928125,-0.10964839507145722
0,37.7391,2.9312500000000004,-0.1097101767193346
0,37.7391,2.934375,-0.10978030111750758
0,37.7391,2.9375,-0.10985866308609638
0,37.7391,2.940625,-0.10994516156346254
0,37.7391,2.94375,-0.11003969948225728
0,37.7391,2.9468750000000004,-0.11014218365041725
0,37.7391,2.95,-0.11025252463690903
0,37.7391,2.953125,-0.11037063666203241
0,37.7391,2.95625,-0.11049643749209917
0,37.7391,2.959375,-0.11062984833831391
0,37.7391,2.9625000000000004,-0.11077079375968986
0,37.7391,2.965625,-0.11091920156984024
0,37.7391,2.96875,-0.11107500274749374
0,37.7391,2.971875,-0.11123813135058627
0,37.7391,2.975,-0.11140852443379205
0,37.7391,2.9781250000000004,-0.11158612196935865
0,37.7391,2.98125,-0.11177086677112014
0,37.7391,2.984375,-0.11196270442156472
0,37.7391,2.9875,-0.1121615832018422
0,37.7391,2.990625,-0.11236745402459847
0,37.7391,2.9937500000000004,-0.11258027036953047
0,37.7391,2.996875,-0.11279998822156023
0,37.7391,3.0,-0.11302656601153059
0,37.7391,3.0031250000000003,-0.11325996455932831
0,37.7391,3.00625,-0.11350014701934659
0,37.7391,3.009375,-0.11374707882820123
0,37.7391,3.0125,-0.1140007276546191
0,37.7391,3.015625,-0.11426106335142017
0,37.7391,3.0187500000000003,-0.11452805790951999
0,37.7391,3.021875,-0.11480168541388017
0,37.7391,3.025,-0.11508192200133886
0,37.7391,3.028125,-0.11536874582025662
0,37.7391,3.03125,-0.11566213699191485
0,37.7391,3.0343750000000003,-0.11596207757360726
0,37.7391,3.0375,-0.11626855152336756
0,37.7391,3.040625,-0.11658154466627887
0,37.7391,3.04375,-0.11690104466231294
0,37.7391,3.046875,-0.11722704097564891
0,37.7391,3.0500000000000003,-0.11755952484542476
0,37.7391,3.053125,-0.11789848925787592
0,37.7391,3.05625,-0.11824392891981649
0,37.7391,3.059375,-0.11859584023342369
0,37.7391,3.0625,-0.1189542212722841
0,37.7391,3.0656250000000003,-0.11931907175866438
0,37.7391,3.06875,-0.11969039304197097
0,37.7391,3.071875,-0.12006818807836393
0,37.7391,3.075,-0.12045246141149112
0,37.7391,3.078125,-0.12084321915431297
0,37.7391,3.0812500000000003,-0.12124046897198684
0,37.7391,3.084375,-0.12164422006578264
0,37.7391,3.0875,-0.12205448315800252
0,37.7391,3.090625,-0.12247127047787867
0,37.7391,3.09375,-0.12289459574842533
0,37.7391,3.0968750000000003,-0.12332447417421981
0,37.7391,3.1,-0.12376092243009215
0,37.7391,3.103125,-0.12420395865070114
0,37.7391,3.10625,-0.12465360242097637
0,37.7391,3.109375,-0.12510987476740779
0,37.7391,3.1125000000000003,-0.1255727981501647
0,37.7391,3.115625,-0.12604239645602616
0,37.7391,3.11875,-0.12651869499210736
0,37.7391,3.121875,-0.1270017204803665
0,37.7391,3.125,-0.1274915010528772
0,37.7391,3.1281250000000003,-0.12798806624785297
0,37.7391,3.13125,-0.12849144700641144
0,37.7391,3.134375,-0.1290016756700654
0,37.7391,3.1375,-0.1295187859789297
0,37.7391,3.140625,-0.13004281307063326
0,37.7391,3.1437500000000003,-0.1305737934799269
0,37.7391,3.146875,-0.13111176513897657
0,37.7391,3.15,-0.13165676737833473
0,37.7391,3.153125,-0.13220884092858134
0,37.7391,3.15625,-0.13276802792262665
0,37.7391,3.1593750000000003,-0.13333437189867042
0,37.7391,3.1625,-0.13390791780381064
0,37.7391,3.165625,-0.13448871199829662
0,37.7391,3.16875,-0.135076802260421
0,37.7391,3.171875,-0.13567223779204682
0,37.7391,3.1750000000000003,-0.13627506922476698
0,37.7391,3.178125,-0.13688534862668975
0,37.7391,3.18125,-0.13750312950985108
0,37.7391,3.184375,-0.13812846683824942
0,37.7391,3.1875,-0.13876141703650158
0,37.7391,3.1906250000000003,-0.1394020379991191
0,37.7391,3.19375,-0.14005038910040402
0,37.7391,3.196875,-0.14070653120496351
0,37.7391,3.2,-0.14137052667884456
0,37.7391,3.203125,-0.14204243940128716
0,37.7391,3.2062500000000003,-0.14272233477710136
0,37.7391,3.209375,-0.1434102797496638
0,37.7391,3.2125,-0.14410634281454351
0,37.7391,3.215625,-0.14481059403375063
0,37.7391,3.21875,-0.14552310505061875
0,37.7391,3.2218750000000003,-0.14624394910532093
0,37.7391,3.225,-0.14697320105102116
0,37.7391,3.228125,-0.147710937370671
0,37.7391,3.23125,-0.14845723619445145
0,37.7391,3.234375,-0.1492121773178663
0,37.7391,3.2375000000000003,-0.14997584222049537
0,37.7391,3.240625,-0.15074831408540895
0,37.7391,3.24375,-0.15152967781925483
0,37.7391,3.246875,-0.15232002007302128
0,37.7391,3.25,-0.15311942926348493
0,37.7391,3.2531250000000003,-0.1539279955953522
0,37.7391,3.25625,-0.15474581108410032
0,37.7391,3.259375,-0.15557296957952918
0,37.7391,3.2625,-0.1564095667900316
0,37.7391,3.265625,-0.1572557003075925
0,37.7391,3.2687500000000003,-0.15811146963352674
0,37.7391,3.271875,-0.15897697620496673
0,37.7391,3.275,-0.15985232342211092
0,37.7391,3.278125,-0.16073761667624406
0,37.7391,3.28125,-0.16163296337854166
0,37.7391,3.2843750000000003,-0.1625384729896736
0,37.7391,3.2875,-0.16345425705021444
0,37.7391,3.290625,-0.16438042921188162
0,37.7391,3.29375,-0.16531710526960838
0,37.7391,3.296875,-0.16626440319447125
0,37.7391,3.3000000000000003,-0.1672224431674861
0,37.7391,3.303125,-0.16819134761428667
0,37.7391,3.30625,-0.16917124124070498
0,37.7391,3.309375,-0.1701622510692683
0,37.7391,3.3125,-0.17116450647663142
0,37.7391,3.3156250000000003,-0.17217813923196346
0,37.7391,3.31875,-0.17320328353630404
0,37.7391,3.321875,-0.17424007606291508
0,37.7391,3.325,-0.17528865599864127
0,37.7391,3.328125,-0.17634916508630408
0,37.7391,3.3312500000000003,-0.17742174766815239
0,37.7391,3.334375,-0.17850655073038596
0,37.7391,3.3375,-0.17960372394878182
0,37.7391,3.340625,-0.18071341973544253
0,37.7391,3.34375,-0.18183579328669186
0,37.7391,3.3468750000000003,-0.18297100263214544
0,37.7391,3.35,-0.18411920868497933
0,37.7391,3.353125,-0.18528057529342637
0,37.7391,3.35625,-0.18645526929352546
0,37.7391,3.359375,-0.18764346056315487
0,37.7391,3.3625000000000003,-0.18884532207737909
0,37.7391,3.365625,-0.1900610299651367
0,37.7391,3.36875,-0.19129076356730762
0,37.7391,3.371875,-0.19253470549618368
0,37.7391,3.375,-0.1937930416963842
0,37.7391,3.3781250000000003,-0.195065961507247
0,37.7391,3.38125,-0.1963536577267307
0,37.7391,3.384375,-0.19765632667686922
0,37.7391,3.3875,-0.1989741682708116
0,37.7391,3.390625,-0.20030738608149065
0,37.7391,3.3937500000000003,-0.20165618741196042
0,37.7391,3.396875,-0.20302078336744234
0,37.7391,3.4000000000000004,-0.20440138892912837
0,37.7391,3.403125,-0.20579822302978074
0,37.7391,3.40625,-0.20721150863117901
0,37.7391,3.4093750000000003,-0.20864147280346068
0,37.7391,3.4125,-0.21008834680640498
0,37.7391,3.4156250000000004,-0.21155236617271142
0,37.7391,3.41875,-0.21303377079332603
0,37.7391,3.421875,-0.21453280500487196
0,37.7391,3.4250000000000003,-0.2160497176792368
0,37.7391,3.428125,-0.217584762315379
0,37.7391,3.4312500000000004,-0.21913819713341479
0,37.7391,3.434375,-0.22071028517104185
0,37.7391,3.4375,-0.22230129438237417
0,37.7391,3.4406250000000003,-0.22391149773924693
0,37.7391,3.44375,-0.22554117333506365
0,37.7391,3.4468750000000004,-0.22719060449126094
0,37.7391,3.45,-0.22886007986645765
0,37.7391,3.453125,-0.2305498935683745
0,37.7391,3.4562500000000003,-0.2322603452685953
0,37.7391,3.459375,-0.2339917403202574
0,37.7391,3.4625000000000004,-0.23574438987875776
0,37.7391,3.465625,-0.23751861102555683
0,37.7391,3.46875,-0.23931472689518107
0,37.7391,3.4718750000000003,-0.2411330668055111
0,37.7391,3.475,-0.242973966391457
0,37.7391,3.4781250000000004,-0.24483776774212698
0,37.7391,3.48125,-0.246724819541586
0,37.7391,3.484375,-0.24863547721332527
0,37.7391,3.4875000000000003,-0.2505701030685472
0,37.7391,3.490625,-0.2525290664583868
0,37.7391,3.4937500000000004,-0.2545127439301979
0,37.7391,3.496875,-0.2565215193880188
0,37.7391,3.5,-0.2585557842573636
0,37.7391,3.5031250000000003,-0.26061593765446345
0,37.7391,3.50625,-0.26270238656010736
0,37.7391,3.5093750000000004,-0.2648155459982278
0,37.7391,3.5125,-0.2669558392193823
0,37.7391,3.515625,-0.2691236978892933
0,37.7391,3.5187500000000003,-0.2713195622826068
0,37.7391,3.521875,-0.2735438814820437
0,37.7391,3.5250000000000004,-0.27579711358312164
0,37.7391,3.528125,-0.27807972590462804
0,37.7391,3.53125,-0.2803921952050423
0,37.7391,3.5343750000000003,-0.2827350079050999
0,37.7391,3.5375,-0.28510866031670395
0,37.7391,3.5406250000000004,-0.287513658878408
0,37.7391,3.54375,-0.28995052039767966
0,37.7391,3.546875,-0.2924197723001862
0,37.7391,3.5500000000000003,-0.29492195288633705
0,37.7391,3.553125,-0.29745761159533074
0,37.7391,3.5562500000000004,-0.3000273092769714
0,37.7391,3.559375,-0.3026316184715134
0,37.7391,3.5625,-0.3052711236978222
0,37.7391,3.5656250000000003,-0.3079464217501345
0,37.7391,3.56875,-0.3106581220037135
0,37.7391,3.5718750000000004,-0.31340684672972347
0,37.7391,3.575,-0.3161932314196303
0,37.7391,3.578125,-0.3190179251194733
0,37.7391,3.5812500000000003,-0.3218815907743494
0,37.7391,3.584375,-0.3247849055834698
0,37.7391,3.5875000000000004,-0.3277285613661639
0,37.7391,3.590625,-0.33071326493921
0,37.7391,3.59375,-0.3337397385058985
0,37.7391,3.5968750000000003,-0.3368087200572364
0,37.7391,3.6,-0.3399209637857182
0,37.7391,3.6031250000000004,-0.3430772405121157
0,37.7391,3.60625,-0.34627833812572667
0,37.7391,3.609375,-0.34952506203857187
0,37.7391,3.6125000000000003,-0.352818235654016
0,37.7391,3.615625,-0.3561587008503175
0,37.7391,3.6187500000000004,-0.35954731847963683
0,37.7391,3.621875,-0.36298496888301796
0,37.7391,3.625,-0.3664725524219188
0,37.7391,3.6281250000000003,-0.3700109900268369
0,37.7391,3.63125,-0.373601223763628
0,37.7391,3.6343750000000004,-0.3772442174181141
0,37.7391,3.6375,-0.38094095709959486
0,37.7391,3.640625,-0.38469245186390166
0,37.7391,3.6437500000000003,-0.3884997343566388
0,37.7391,3.646875,-0.3923638614772756
0,37.7391,3.6500000000000004,-0.3962859150647811
0,37.7391,3.653125,-0.4002670026054806
0,37.7391,3.65625,-0.40430825796386294
0,37.7391,3.6593750000000003,-0.40841084213704915
0,37.7391,3.6625,-0.41257594403367
0,37.7391,3.6656250000000004,-0.416804781277905
0,37.7391,3.66875,-0.4210986010394383
0,37.7391,3.671875,-0.4254586808901232
0,37.7391,3.6750000000000003,-0.4298863296881246
0,37.7391,3.678125,-0.4343828884903448
0,37.7391,3.6812500000000004,-0.43894973149394045
0,37.7391,3.684375,-0.4435882670077281
0,37.7391,3.6875,-0.4482999384543117
0,37.7391,3.6906250000000003,-0.4530862254037432
0,37.7391,3.69375,-0.45794864463953977
0,37.7391,3.6968750000000004,-0.4628887512578968
0,37.7391,3.7,-0.46790813980090595
0,37.7391,3.703125,-0.4730084454246205
0,37.7391,3.7062500000000003,-0.4781913451027759
0,37.7391,3.709375,-0.483458558866993
0,37.7391,3.7125000000000004,-0.4888118510842798
0,37.7391,3.715625,-0.494253031772623
0,37.7391,3.71875,-0.49978395795549335
0,37.7391,3.7218750000000003,-0.5054065350560305
0,37.7391,3.725,-0.5111227183316984
0,37.7391,3.7281250000000004,-0.5169345143501994
0,37.7391,3.73125,-0.5228439825073762
0,37.7391,3.734375,-0.5288532365878897
0,37.7391,3.7375000000000003,-0.5349644463694005
0,37.7391,3.740625,-0.5411798392709936
0,37.7391,3.7437500000000004,-0.5475017020465992
0,37.7391,3.746875,-0.5539323825241147
0,37.7391,3.75,-0.5604742913909988
0,37.7391,3.7531250000000003,-0.5671299040270443
0,37.7391,3.75625,-0.5739017623851052
0,37.7391,3.7593750000000004,-0.5807924769205325
0,37.7391,3.7625,-0.587804728570104
0,37.7391,3.765625,-0.5949412707812674
0,37.7391,3.7687500000000003,-0.6022049315925389
0,37.7391,3.771875,-0.6095986157659294
0,37.7391,3.7750000000000004,-0.6171253069723542
0,37.7391,3.778125,-0.6247880700309701
0,37.7391,3.78125,-0.6325900532034983
0,37.7391,3.7843750000000003,-0.6405344905445982
0,37.7391,3.7875,-0.6486247043094351
0,37.7391,3.7906250000000004,-0.6568641074196357
0,37.7391,3.79375,-0.6652562059888357
0,37.7391,3.796875,-0.673804601909082
0,37.7391,3.8000000000000003,-0.6825129954993073
0,37.7391,3.803125,-0.6913851882170973
0,37.7391,3.8062500000000004,-0.7004250854348593
0,37.7391,3.809375,-0.7096366992813566
0,37.7391,3.8125,-0.719024151549378
0,37.7391,3.8156250000000003,-0.7285916766699592
0,37.7391,3.81875,-0.7383436247531575
0,37.7391,3.8218750000000004,-0.7482844646948146
0,37.7391,3.825,-0.7584187873479492
0,37.7391,3.828125,-0.7687513087565233
0,37.7391,3.8312500000000003,-0.779286873448075
0,37.7391,3.834375,-0.7900304577802881
0,37.7391,3.8375000000000004,-0.8009871733347813
0,37.7391,3.840625,-0.8121622703491991
0,37.7391,3.84375,-0.8235611411762512
0,37.7391,3.8468750000000003,-0.8351893237552334
0,37.7391,3.85,-0.847052505078169
0,37.7391,3.8531250000000004,-0.859156524628657
0,37.7391,3.85625,-0.8715073777668891
0,37.7391,3.859375,-0.8841112190291409
0,37.7391,3.8625000000000003,-0.896974365304103
0,37.7391,3.865625,-0.9101032988419306
0,37.7391,3.8687500000000004,-0.9235046700446268
0,37.7391,3.871875,-0.9371852999783878
0,37.7391,3.875,-0.9511521825399427
0,37.7391,3.8781250000000003,-0.9654124861994708
0,37.7391,3.88125,-0.9799735552326787
0,37.7391,3.8843750000000004,-0.9948429103439111
0,37.7391,3.8875,-1.0100282485708063
0,37.7391,3.890625,-1.0255374423492152
0,37.7391,3.8937500000000003,-1.0413785376046176
0,37.7391,3.896875,-1.0575597507235577
0,37.7391,3.9000000000000004,-1.0740894642454186
0,37.7391,3.903125,-1.09097622110135
0,37.7391,3.90625,-1.1082287172136016
0,37.7391,3.9093750000000003,-1.1258557922546137
0,37.7391,3.9125,-1.1438664183513947
0,37.7391,3.9156250000000004,-1.1622696865068944
0,37.7391,3.91875,-1.181074790496163
0,37.7391,3.921875,-1.2002910079816054
0,37.7391,3.9250000000000003,-1.2199276785779822
0,37.7391,3.928125,-1.2399941785847353
0,37.7391,3.9312500000000004,-1.2604998920903352
0,37.7391,3.934375,-1.281454178140875
0,37.7391,3.9375,-1.3028663336534445
0,37.7391,3.9406250000000003,-1.3247455517435889
0,37.7391,3.94375,-1.3471008751262301
0,37.7391,3.9468750000000004,-1.3699411442405989
0,37.7391,3.95,-1.3932749397425022
0,37.7391,3.953125,-1.417110519002491
0,37.7391,3.9562500000000003,-1.441455746246052
0,37.7391,3.959375,-1.466318015973296
0,37.7391,3.9625000000000004,-1.4917041693011435
0,37.7391,3.965625,-1.5176204028817513
0,37.7391,3.96875,-1.5440721700683362
0,37.7391,3.9718750000000003,-1.5710640740244532
0,37.7391,3.975,-1.5985997525070688
0,37.7391,3.9781250000000004,-1.62668175409881
0,37.7391,3.98125,-1.6553114057221103
0,37.7391,3.984375,-1.6844886713399558
0,37.7391,3.9875000000000003,-1.7142120018357374
0,37.7391,3.990625,-1.7444781761708816
0,37.7391,3.9937500000000004,-1.7752821340450156
0,37.7391,3.996875,-1.8066168004311207
0,37.7391,4.0,-1.8384729025296653
0,37.7391,4.003125000000001,-1.8708387798815076
0,37.7391,4.00625,-1.9037001886015392
0,37.7391,4.009375,-1.9370401009435196
0,37.7391,4.0125,-1.9708385016808576
0,37.7391,4.015625,-2.0050721830893927
0,37.7391,4.018750000000001,-2.0397145406418797
0,37.7391,4.021875,-2.0747353718701405
0,37.7391,4.025,-2.1101006812141305
0,37.7391,4.028125,-2.145772494051918
0,37.7391,4.03125,-2.1817086834860397
0,37.7391,4.034375000000001,-2.217862813838248
0,37.7391,4.0375,-2.2541840051687605
0,37.7391,4.040625,-2.290616823473759
0,37.7391,4.04375,-2.3271012015115566
0,37.7391,4.046875,-2.3635723954489385
0,37.7391,4.050000000000001,-2.3999609826834982
0,37.7391,4.053125,-2.436192906268368
0,37.7391,4.05625,-2.47218957131939
0,37.7391,4.059375,-2.507867998599881
0,37.7391,4.0625,-2.5431410401349273
0,37.7391,4.065625000000001,-2.5779176611822496
0,37.7391,4.06875,-2.6121032921658136
0,37.7391,4.071875,-2.6456002532463914
0,37.7391,4.075,-2.678308253053132
0,37.7391,4.078125,-2.7101249617345227
0,37.7391,4.081250000000001,-2.7409466569136374
0,37.7391,4.084375,-2.7706689393759807
0,37.7391,4.0875,-2.799187513411192
0,37.7391,4.090625,-2.8263990247196893
0,37.7391,4.09375,-2.852201946743951
0,37.7391,4.096875000000001,-2.876497504260448
0,37.7391,4.1,-2.899190621156207
0,37.7391,4.103125,-2.9201908775989027
0,37.7391,4.10625,-2.939413460380781
0,37.7391,4.109375,-2.956780089161465
0,37.7391,4.112500000000001,-2.9722199007284384
0,37.7391,4.115625,-2.985670273301783
0,37.7391,4.11875,-2.9970775733744506
0,37.7391,4.121875,-3.0063978086214758
0,37.7391,4.125,-3.013597172025407
0,37.7391,4.128125000000001,-3.0186524645150112
0,37.7391,4.13125,-3.0215513860387553
0,37.7391,4.134375,-3.022292688004678
0,37.7391,4.1375,-3.020886183304964
0,37.7391,4.140625,-3.0173526135817803
0,37.7391,4.143750000000001,-3.0117233768464917
0,37.7391,4.146875,-3.004040121902891
0,37.7391,4.15,-2.994354219117688
0,37.7391,4.153125,-2.9827261198143633
0,37.7391,4.15625,-2.9692246188442075
0,37.7391,4.159375000000001,-2.953926036641678
0,37.7391,4.1625,-2.9369133382564527
0,37.7391,4.165625,-2.918275207457647
0,37.7391,4.16875,-2.89810509403916
0,37.7391,4.171875,-2.8765002519556577
0,37.7391,4.175000000000001,-2.853560784945289
0,37.7391,4.178125,-2.8293887149206878
0,37.7391,4.18125,-2.804087086718801
0,37.7391,4.184375,-2.777759120882617
0,37.7391,4.1875,-2.7505074240918392
0,37.7391,4.190625000000001,-2.722433264752293
0,37.7391,4.19375,-2.6936359191698305
0,37.7391,4.196875,-2.664212091741917
0,37.7391,4.2,-2.634255410752264
0,37.7391,4.203125,-2.603855999690381
0,37.7391,4.206250000000001,-2.573100122568924
0,37.7391,4.209375,-2.5420699004898335
0,37.7391,4.2125,-2.5108430957217913
0,37.7391,4.215625,-2.479492958791109
0,37.7391,4.21875,-2.448088133541862
0,37.7391,4.221875000000001,-2.4166926147731465
0,37.7391,4.225,-2.385365752886813
0,37.7391,4.228125,-2.354162299955288
0,37.7391,4.23125,-2.323132491720576
0,37.7391,4.234375,-2.2923221602357455
0,37.7391,4.237500000000001,-2.2617728721382298
0,37.7391,4.240625,-2.2315220878754634
0,37.7391,4.24375,-2.2016033375704733
0,37.7391,4.246875,-2.1720464096013496
0,37.7391,4.25,-2.1428775483585536
0,37.7391,4.253125000000001,-2.1141196580297725
0,37.7391,4.25625,-2.0857925096322667
0,37.7391,4.259375,-2.0579129488630685
0,37.7391,4.2625,-2.0304951026641787
0,37.7391,4.265625,-2.003550582699315
0,37.7391,4.268750000000001,-1.9770886842128126
0,37.7391,4.271875,-1.9511165789879015
0,37.7391,4.275,-1.9256395013437184
0,37.7391,4.278125,-1.90066092631009
0,37.7391,4.28125,-1.876182739296987
0,37.7391,4.284375000000001,-1.8522053967364154
0,37.7391,4.2875,-1.828728077318278
0,37.7391,4.290625,-1.8057488235719017
0,37.7391,4.29375,-1.7832646736631668
0,37.7391,4.296875,-1.761271783383442
0,37.7391,4.300000000000001,-1.7397655384041701
0,37.7391,4.303125,-1.7187406569580552
0,37.7391,4.30625,-1.6981912831862664
0,37.7391,4.309375,-1.6781110714606768
0,37.7391,4.3125,-1.6584932620496011
0,37.7391,4.315625000000001,-1.6393307485463997
0,37.7391,4.31875,-1.6206161375206538
0,37.7391,4.321875,-1.602341800882264
0,37.7391,4.325,-1.5844999214699154
0,37.7391,4.328125,-1.56708253238593
0,37.7391,4.331250000000001,-1.550081550601949
0,37.7391,4.334375,-1.533488805353043
0,37.7391,4.3375,-1.5172960618238633
0,37.7391,4.340625,-1.501495040610474
0,37.7391,4.34375,-1.4860774334159066
0,37.7391,4.346875000000001,-1.4710349154093985
0,37.7391,4.35,-1.456359154648556
0,37.7391,4.353125,-1.4420418189330402
0,37.7391,4.35625,-1.4280745804290829
0,37.7391,4.359375,-1.414449118376835
0,37.7391,4.362500000000001,-1.4011571201698876
0,37.7391,4.365625,-1.3881902810778581
0,37.7391,4.36875,-1.3755403028704989
0,37.7391,4.371875,-1.363198891595776
0,37.7391,4.375,-1.3511577547643596
0,37.7391,4.378125000000001,-1.3394085982000972
0,37.7391,4.38125,-1.3279431228287113
0,37.7391,4.384375,-1.3167530216950976
0,37.7391,4.3875,-1.305829977521969
0,37.7391,4.390625,-1.2951656611469036
0,37.7391,4.393750000000001,-1.2847517312000765
0,37.7391,4.396875,-1.2745798354075535
0,37.7391,4.4,-1.2646416139225527
0,37.7391,4.403125,-1.254928705096373
0,37.7391,4.40625,-1.2454327540974806
0,37.7391,4.409375000000001,-1.2361454247687413
0,37.7391,4.4125,-1.2270584150746302
0,37.7391,4.415625,-1.2181634764296565
0,37.7391,4.41875,-1.2094524371137165
0,37.7391,4.421875,-1.2009172298678334
0,37.7391,4.425000000000001,-1.1925499236255193
0,37.7391,4.428125,-1.1843427591720255
0,37.7391,4.43125,-1.1762881883407774
0,37.7391,4.434375,-1.1683789161597642
0,37.7391,4.4375,-1.1606079451592315
0,37.7391,4.440625000000001,-1.1529686208577359
0,37.7391,4.44375,-1.1454546772685272
0,37.7391,4.446875,-1.138060281126827
0,37.7391,4.45,-1.130780073444386
0,37.7391,4.453125,-1.1236092069625787
0,37.7391,4.456250000000001,-1.1165433781091911
0,37.7391,4.459375,-1.1095788521714876
0,37.7391,4.4625,-1.1027124805794544
0,37.7391,4.465625,-1.0959417094424972
0,37.7391,4.46875,-1.0892645787881394
0,37.7391,4.471875000000001,-1.082679712296397
0,37.7391,4.475,-1.076186297686951
0,37.7391,4.478125,-1.0697840582756595
0,37.7391,4.48125,-1.0634732165494645
0,37.7391,4.484375,-1.0572544508932766
0,37.7391,4.487500000000001,-1.0511288468229354
0,37.7391,4.490625,-1.045097844223016
0,37.7391,4.49375,-1.039163182152547
0,37.7391,4.496875,-1.0333268427669875
0,37.7391,4.5,-1.0275909958177543
0,37.7391,4.503125000000001,-1.0219579450434357
0,37.7391,4.50625,-1.016430077573746
0,37.7391,4.509375,-1.0110098172446496
0,37.7391,4.5125,-1.005699582487152
0,37.7391,4.515625,-1.000501749217174
0,37.7391,4.518750000000001,-0.9954186189328057
0,37.7391,4.521875,-0.990452392026815
0,37.7391,4.525,-0.9856051461533849
0,37.7391,4.528125,-0.9808788193520113
0,37.7391,4.53125,-0.9762751975288024
0,37.7391,4.534375000000001,-0.9717959058251915
0,37.7391,4.5375,-0.9674424033629805
0,37.7391,4.540625,-0.963215980838985
0,37.7391,4.54375,-0.9591177604479209
0,37.7391,4.546875,-0.9551486976338095
0,37.7391,4.550000000000001,-0.951309584204089
0,37.7391,4.553125,-0.9476010523825918
0,37.7391,4.55625,-0.9440235794243653
0,37.7391,4.559375,-0.9405774924643697
0,37.7391,4.5625,-0.9372629733208925
0,37.7391,4.565625000000001,-0.9340800630219547
0,37.7391,4.56875,-0.9310286658675969
0,37.7391,4.571875,-0.9281085528823179
0,37.7391,4.575,-0.9253193645497364
0,37.7391,4.578125,-0.9226606127556468
0,37.7391,4.581250000000001,-0.9201316818963604
0,37.7391,4.584375,-0.9177318291366903
0,37.7391,4.5875,-0.9154601838266364
0,37.7391,4.590625,-0.9133157461081393
0,37.7391,4.59375,-0.911297384763525
0,37.7391,4.596875000000001,-0.9094038343760089
0,37.7391,4.6,-0.9076336918899641
0,37.7391,4.603125,-0.9059854126750917
0,37.7391,4.60625,-0.9044573062141655
0,37.7391,4.609375,-0.9030475315488233
0,37.7391,4.612500000000001,-0.9017540926320167
0,37.7391,4.615625,-0.9005748337489596
0,37.7391,4.61875,-0.8995074351807044
0,37.7391,4.621875,-0.8985494092954305
0,37.7391,4.625,-0.897698097261784
0,37.7391,4.628125000000001,-0.8969506665857626
0,37.7391,4.63125,-0.8963041096770662
0,37.7391,4.634375,-0.8957552436520447
0,37.7391,4.6375,-0.8953007115777528
0,37.7391,4.640625,-0.8949369853545888
0,37.7391,4.643750000000001,-0.8946603704230603
0,37.7391,4.646875,-0.8944670124629688
0,37.7391,4.65,-0.8943529062304597
0,37.7391,4.653125,-0.894313906649912
0,37.7391,4.65625,-0.8943457422436023
0,37.7391,4.659375000000001,-0.8944440309429734
0,37.7391,4.6625,-0.8946042982817518
0,37.7391,4.665625,-0.8948219979240315
0,37.7391,4.66875,-0.8950925344309422
0,37.7391,4.671875,-0.8954112881189669
0,37.7391,4.675000000000001,-0.8957736418128074
0,37.7391,4.678125,-0.8961750092474416
0,37.7391,4.68125,-0.8966108648290434
0,37.7391,4.684375,-0.8970767744240216
0,37.7391,4.6875,-0.8975684268106202
0,37.7391,4.690625000000001,-0.8980816653989372
0,37.7391,4.69375,-0.8986125198032778
0,37.7391,4.696875,-0.8991572368354404
0,37.7391,4.7,-0.8997123104785335
0,37.7391,4.703125,-0.9002745103977647
0,37.7391,4.706250000000001,-0.9008409085466691
0,37.7391,4.709375,-0.9014089034339192
0,37.7391,4.7125,-0.9019762416266889
0,37.7391,4.715625,-0.9025410360813378
0,37.7391,4.71875,-0.9031017809110957
0,37.7391,4.721875000000001,-0.9036573622238057
0,37.7391,4.725,-0.9042070646913251
0,37.7391,4.728125,-0.9047505735467719
0,37.7391,4.73125,-0.9052879717471002
0,37.7391,4.734375,-0.9058197320872786
0,37.7391,4.737500000000001,-0.9063467041087998
0,37.7391,4.740625,-0.9068700957091708
0,37.7391,4.74375,-0.9073914494296889
0,37.7391,4.746875,-0.9079126134747126
0,37.7391,4.75,-0.9084357075950622
0,37.7391,4.753125000000001,-0.9089630840486671
0,37.7391,4.75625,-0.9094972839308638
0,37.7391,4.759375,-0.9100409892422194
0,37.7391,4.7625,-0.9105969711314321
0,37.7391,4.765625,-0.9111680348129051
0,37.7391,4.768750000000001,-0.9117569617120637
0,37.7391,4.771875,-0.9123664494359304
0,37.7391,4.775,-0.9129990502023902
0,37.7391,4.778125,-0.9136571083899186
0,37.7391,4.78125,-0.9143426978920226
0,37.7391,4.784375000000001,-0.9150575599791456
0,37.7391,4.7875,-0.9158030423874419
0,37.7391,4.790625,-0.9165800403706079
0,37.7391,4.79375,-0.9173889404693731
0,37.7391,4.796875,-0.9182295677742613
0,37.7391,4.800000000000001,-0.9191011374807118
0,37.7391,4.803125,-0.9200022115605594
0,37.7391,4.80625,-0.9209306613977227
0,37.7391,4.809375,-0.9218836372550308
0,37.7391,4.8125,-0.9228575454484835
0,37.7391,4.815625000000001,-0.923848034098671
0,37.7391,4.81875,-0.9248499882998265
0,37.7391,4.821875,-0.9258575354878625
0,37.7391,4.825,-0.9268640616930269
0,37.7391,4.828125,-0.9278622392251176
0,37.7391,4.831250000000001,-0.9288440661561014
0,37.7391,4.834375,-0.929800917736277
0,37.7391,4.8375,-0.9307236096093802
0,37.7391,4.840625,-0.9316024723871855
0,37.7391,4.84375,-0.9324274368176871
0,37.7391,4.846875000000001,-0.9331881284493263
0,37.7391,4.85,-0.9338739703765597
0,37.7391,4.853125,-0.9344742923703121
0,37.7391,4.85625,-0.9349784444707447
0,37.7391,4.859375,-0.9353759129667755
0,37.7391,4.862500000000001,-0.9356564366188025
0,37.7391,4.865625,-0.9358101210033506
0,37.7391,4.86875,-0.9358275489678918
0,37.7391,4.871875,-0.9356998853700886
0,37.7391,4.875,-0.935418974520477
0,37.7391,4.878125000000001,-0.9349774290288
0,37.7391,4.88125,-0.9343687090475762
0,37.7391,4.884375,-0.9335871911887987
0,37.7391,4.8875,-0.9326282266417575
0,37.7391,4.890625,-0.9314881882284387
0,37.7391,4.893750000000001,-0.9301645062918413
0,37.7391,4.896875,-0.9286556934227167
0,37.7391,4.9,-0.9269613580991706
0,37.7391,4.903125,-0.9250822073530005
0,37.7391,4.90625,-0.9230200386007472
0,37.7391,4.909375000000001,-0.9207777208006945
0,37.7391,4.9125,-0.9183591651318254
0,37.7391,4.915625,-0.9157692854463437
0,37.7391,4.91875,-0.913013948828859
0,37.7391,4.921875,-0.9100999167030985
0,37.7391,4.925000000000001,-0.9070347770577156
0,37.7391,4.928125,-0.9038268685091695
0,37.7391,4.93125,-0.9004851970724171
0,37.7391,4.934375,-0.8970193466587048
0,37.7391,4.9375,-0.8934393844530193
0,37.7391,4.940625000000001,-0.8897557624323026
0,37.7391,4.94375,-0.8859792163609432
0,37.7391,4.946875,-0.8821206636369813
0,37.7391,4.95,-0.8781911013579742
0,37.7391,4.953125,-0.8742015059294345
0,37.7391,4.956250000000001,-0.8701627354541319
0,37.7391,4.959375,-0.8660854360220772
0,37.7391,4.9625,-0.8619799528756041
0,37.7391,4.965625,-0.8578562472597826
0,37.7391,4.96875,-0.8537238195936623
0,37.7391,4.971875000000001,-0.8495916394215363
0,37.7391,4.975,-0.8454680824330824
0,37.7391,4.978125,-0.8413608746840321
0,37.7391,4.98125,-0.8372770440105983
0,37.7391,4.984375,-0.8332228785151049
0,37.7391,4.987500000000001,-0.8292038919101382
0,37.7391,4.990625,-0.8252247954447348
0,37.7391,4.99375,-0.8212894760986698
0,37.7391,4.996875,-0.8174009807183388
0,37.7391,5.0,-0.8135615057774301
0,37.7391,5.003125,-0.8097723924747754
0,37.7391,5.0062500000000005,-0.8060341269263944
0,37.7391,5.009375,-0.8023463452650681
0,37.7391,5.0125,-0.7987078435243492
0,37.7391,5.015625,-0.7951165922506304
0,37.7391,5.01875,-0.791569755852305
0,37.7391,5.0218750000000005,-0.788063716755239
0,37.7391,5.025,-0.7845941044846375
0,37.7391,5.028125,-0.781155829831408
0,37.7391,5.03125,-0.7777431242829691
0,37.7391,5.034375,-0.7743495849012233
0,37.7391,5.0375000000000005,-0.7709682248118174
0,37.7391,5.040625,-0.7675915294272184
0,37.7391,5.04375,-0.7642115184604176
0,37.7391,5.046875,-0.7608198136964797
0,37.7391,5.05,-0.7574077123763301
0,37.7391,5.0531250000000005,-0.7539662659134331
0,37.7391,5.05625,-0.7504863635124803
0,37.7391,5.059375,-0.7469588200943217
0,37.7391,5.0625,-0.7433744677588834
0,37.7391,5.065625,-0.7397242498442466
0,37.7391,5.0687500000000005,-0.7359993164730849
0,37.7391,5.071875,-0.7321911203254093
0,37.7391,5.075,-0.728291511247348
0,37.7391,5.078125,-0.7242928282078227
0,37.7391,5.08125,-0.7201879870558068
0,37.7391,5.0843750000000005,-0.7159705625168463
0,37.7391,5.0875,-0.7116348629032816
0,37.7391,5.090625,-0.7071759961007269
0,37.7391,5.09375,-0.7025899255340847
0,37.7391,5.096875,-0.6978735150071113
0,37.7391,5.1000000000000005,-0.6930245615453013
0,37.7391,5.103125,-0.6880418156448412
0,37.7391,5.10625,-0.6829249886306142
0,37.7391,5.109375,-0.6776747471420272
0,37.7391,5.1125,-0.6722926950836258
0,37.7391,5.1156250000000005,-0.6667813436846839
0,37.7391,5.11875,-0.6611440705948549
0,37.7391,5.121875,-0.6553850691893051
0,37.7391,5.125,-0.6495092894561242
0,37.7391,5.128125,-0.6435223719830528
0,37.7391,5.1312500000000005,-0.6374305766446863
0,37.7391,5.134375,-0.6312407076135063
0,37.7391,5.1375,-0.6249600362799735
0,37.7391,5.140625,-0.6185962235737483
0,37.7391,5.14375,-0.6121572430378869
0,37.7391,5.1468750000000005,-0.6056513058315375
0,37.7391,5.15,-0.5990867886366946
0,37.7391,5.153125,-0.5924721652343088
0,37.7391,5.15625,-0.585815942307911
0,37.7391,5.159375,-0.5791265998404835
0,37.7391,5.1625000000000005,-0.572412536302593
0,37.7391,5.165625,-0.5656820186933003
0,37.7391,5.16875,-0.5589431373933161
0,37.7391,5.171875,-0.5522037657221501
0,37.7391,5.175,-0.5454715240539286
0,37.7391,5.1781250000000005,-0.5387537483344367
0,37.7391,5.18125,-0.5320574628470877
0,37.7391,5.184375,-0.525389357090026
0,37.7391,5.1875,-0.5187557666429887
0,37.7391,5.190625,-0.5121626579146082
0,37.7391,5.1937500000000005,-0.5056156166645066
0,37.7391,5.196875,-0.4991198401876119
0,37.7391,5.2,-0.4926801330306071
0,37.7391,5.203125,-0.4863009060841632
0,37.7391,5.20625,-0.47998617886221506
0,37.7391,5.2093750000000005,-0.4737395847448137
0,37.7391,5.2125,-0.46756437892743424
0,37.7391,5.215625,-0.4614634487901806
0,37.7391,5.21875,-0.45543932637778267
0,37.7391,5.221875,-0.4494942026669128
0,37.7391,5.2250000000000005,-0.4436299432921615
0,37.7391,5.228125,-0.4378481054057012
0,37.7391,5.23125,-0.4321499553575115
0,37.7391,5.234375,-0.42653648690190343
0,37.7391,5.2375,-0.42100843966027085
0,37.7391,5.2406250000000005,-0.41556631759810525
0,37.7391,5.24375,-0.4102104073046466
0,37.7391,5.246875,-0.40494079589472426
0,37.7391,5.25,-0.3997573883832347
0,37.7391,5.253125,-0.394659924412207
0,37.7391,5.2562500000000005,-0.38964799423794566
0,37.7391,5.259375,-0.38472105391076283
0,37.7391,5.2625,-0.3798784396020118
0,37.7391,5.265625,-0.37511938105251136
0,37.7391,5.26875,-0.37044301413287106
0,37.7391,5.2718750000000005,-0.36584839251996926
0,37.7391,5.275,-0.3613344985049956
0,37.7391,5.278125,-0.3569002529573062
0,37.7391,5.28125,-0.35254452447516105
0,37.7391,5.284375,-0.34826613775938164
0,37.7391,5.2875000000000005,-0.34406388124945875
0,37.7391,5.290625,-0.33993651406381187
0,37.7391,5.29375,-0.335882772286991
0,37.7391,5.296875,-0.33190137464690284
0,37.7391,5.3,-0.32799102762464866
0,37.7391,5.3031250000000005,-0.3241504300386067
0,37.7391,5.30625,-0.32037827714301287
0,37.7391,5.309375,-0.3166732642795764
0,37.7391,5.3125,-0.31303409011883415
0,37.7391,5.315625,-0.3094594595258886
0,37.7391,5.3187500000000005,-0.3059480860831169
0,37.7391,5.321875,-0.3024986943003369
0,37.7391,5.325,-0.29911002154080885
0,37.7391,5.328125,-0.2957808196894531
0,37.7391,5.33125,-0.2925098565876518
0,37.7391,5.3343750000000005,-0.2892959172571373
0,37.7391,5.3375,-0.2861378049336724
0,37.7391,5.340625,-0.28303434192950844
0,37.7391,5.34375,-0.2799843703420512
0,37.7391,5.346875,-0.2769867526246309
0,37.7391,5.3500000000000005,-0.27404037203390824
0,37.7391,5.353125,-0.27114413296715584
0,37.7391,5.35625,-0.2682969612014402
0,37.7391,5.359375,-0.26549780404566053
0,37.7391,5.3625,-0.2627456304153541
0,37.7391,5.3656250000000005,-0.26003943083926306
0,37.7391,5.36875,-0.25737821740580435
0,37.7391,5.371875,-0.2547610236567796
0,37.7391,5.375,-0.2521869044349821
0,37.7391,5.378125,-0.2496549356916721
0,37.7391,5.3812500000000005,-0.24716421425931367
0,37.7391,5.384375,-0.24471385759442443
0,37.7391,5.3875,-0.24230300349488232
0,37.7391,5.390625,-0.23993080979560916
0,37.7391,5.39375,-0.2375964540461212
0,37.7391,5.3968750000000005,-0.23529913317308232
0,37.7391,5.4,-0.2330380631306598
0,37.7391,5.403125,-0.23081247854116607
0,37.7391,5.40625,-0.2286216323282248
0,37.7391,5.409375,-0.22646479534442024
0,37.7391,5.4125000000000005,-0.22434125599518742
0,37.7391,5.415625,-0.22225031986049176
0,37.7391,5.41875,-0.22019130931565722
0,37.7391,5.421875,-0.2181635631525567
0,37.7391,5.425,-0.21616643620220885
0,37.7391,5.4281250000000005,-0.21419929895970952
0,37.7391,5.43125,-0.212261537212298
0,37.7391,5.434375,-0.2103525516712494
0,37.7391,5.4375,-0.20847175760819664
0,37.7391,5.440625,-0.20661858449639137
0,37.7391,5.4437500000000005,-0.20479247565733733
0,37.7391,5.446875,-0.20299288791316372
0,37.7391,5.45,-0.20121929124503654
0,37.7391,5.453125,-0.19947116845786295
0,37.7391,5.45625,-0.1977480148514825
0,37.7391,5.4593750000000005,-0.19604933789849907
0,37.7391,5.4625,-0.19437465692887684
0,37.7391,5.465625,-0.19272350282136835
0,37.7391,5.46875,-0.19109541770184063
0,37.7391,5.471875,-0.18948995464851293
0,37.7391,5.4750000000000005,-0.18790667740410905
0,37.7391,5.478125,-0.1863451600949083
0,37.7391,5.48125,-0.18480498695664518
0,37.7391,5.484375,-0.18328575206721823
0,37.7391,5.4875,-0.18178705908612627
0,37.7391,5.4906250000000005,-0.18030852100056066
0,37.7391,5.49375,-0.1788497598780604
0,37.7391,5.496875,-0.17741040662562857
0,37.7391,5.5,-0.17599010075521
0,37.7391,5.503125,-0.1745884901554131
0,37.7391,5.5062500000000005,-0.17320523086936074
0,37.7391,5.509375,-0.17183998687855073
0,37.7391,5.5125,-0.17049242989259658
0,37.7391,5.515625,-0.1691622391447288
0,37.7391,5.51875,-0.16784910119292415
0,37.7391,5.5218750000000005,-0.16655270972653483
0,37.7391,5.525,-0.16527276537828867
0,37.7391,5.528125,-0.16400897554152727
0,37.7391,5.53125,-0.16276105419255812
0,37.7391,5.534375,-0.16152872171798682
0,37.7391,5.5375000000000005,-0.1603117047469032
0,37.7391,5.540625,-0.1591097359877973
0,37.7391,5.54375,-0.15792255407007408
0,37.7391,5.546875,-0.15674990339005102
0,37.7391,5.55,-0.15559153396131112
0,37.7391,5.5531250000000005,-0.1544472012692949
0,37.7391,5.55625,-0.1533166661300141
0,37.7391,5.559375,-0.1521996945527686
0,37.7391,5.5625,-0.15109605760675882
0,37.7391,5.565625,-0.15000553129147992
0,37.7391,5.5687500000000005,-0.14892789641078952
0,37.7391,5.571875,-0.14786293845054713
0,37.7391,5.575,-0.1468104474597159
0,37.7391,5.578125,-0.14577021793483194
0,37.7391,5.58125,-0.1447420487077415
0,37.7391,5.5843750000000005,-0.14372574283650788
0,37.7391,5.5875,-0.14272110749939929
0,37.7391,5.590625,-0.14172795389186196
0,37.7391,5.59375,-0.14074609712639524
0,37.7391,5.596875,-0.13977535613523914
0,37.7391,5.6000000000000005,-0.13881555357579273
0,37.7391,5.603125,-0.13786651573868305
0,37.7391,5.60625,-0.13692807245840105
0,37.7391,5.609375,-0.13600005702643467
0,37.7391,5.6125,-0.13508230610681987
0,37.7391,5.6156250000000005,-0.13417465965403896
0,37.7391,5.61875,-0.13327696083319657
0,37.7391,5.621875,-0.13238905594240302
0,37.7391,5.625,-0.13151079433730256
0,37.7391,5.628125,-0.13064202835767977
0,37.7391,5.6312500000000005,-0.12978261325608248
0,37.7391,5.634375,-0.1289324071284026
0,37.7391,5.6375,-0.12809127084635213
0,37.7391,5.640625,-0.1272590679917846
0,37.7391,5.64375,-0.12643566479279983
0,37.7391,5.6468750000000005,-0.12562093006158392
0,37.7391,5.65,-0.12481473513393067
0,37.7391,5.653125,-0.12401695381039352
0,37.7391,5.65625,-0.1232274622990224
0,37.7391,5.659375,-0.12244613915963626
0,37.7391,5.6625000000000005,-0.12167286524958586
0,37.7391,5.665625,-0.12090752367096502
0,37.7391,5.66875,-0.12014999971922298
0,37.7391,5.671875,-0.11940018083314217
0,37.7391,5.675,-0.1186579565461371
0,37.7391,5.6781250000000005,-0.11792321843883678
0,37.7391,5.68125,-0.11719586009291455
0,37.7391,5.684375,-0.11647577704612504
0,37.7391,5.6875,-0.11576286674851739
0,37.7391,5.690625,-0.115057028519788
0,37.7391,5.6937500000000005,-0.11435816350773899
0,37.7391,5.696875,-0.11366617464781359
0,37.7391,5.7,-0.11298096662367213
0,37.7391,5.703125,-0.1123024458287839
0,37.7391,5.70625,-0.11163052032900209
0,37.7391,5.7093750000000005,-0.11096509982609475
0,37.7391,5.7125,-0.1103060956222047
0,37.7391,5.715625,-0.10965342058521002
0,37.7391,5.71875,-0.10900698911496218
0,37.7391,5.721875,-0.10836671711037445
0,37.7391,5.7250000000000005,-0.10773252193733723
0,37.7391,5.728125,-0.10710432239743808
0,37.7391,5.73125,-0.10648203869746052
0,37.7391,5.734375,-0.1058655924196436
0,37.7391,5.7375,-0.1052549064926779
0,37.7391,5.7406250000000005,-0.10464990516341859
0,37.7391,5.74375,-0.10405051396929586
0,37.7391,5.746875,-0.10345665971140129
0,37.7391,5.75,-0.10286827042823389
0,37.7391,5.753125,-0.1022852753700862
0,37.7391,5.7562500000000005,-0.10170760497405242
0,37.7391,5.759375,-0.10113519083964276
0,37.7391,5.7625,-0.10056796570498516
0,37.7391,5.765625,-0.10000586342360109
0,37.7391,5.76875,-0.09944881894173714
0,37.7391,5.7718750000000005,-0.09889676827623892
0,37.7391,5.775,-0.09834964849295204
0,37.7391,5.778125,-0.097807397685635
0,37.7391,5.78125,-0.09726995495537206
0,37.7391,5.784375,-0.09673726039047054
0,37.7391,5.7875000000000005,-0.09620925504683132
0,37.7391,5.790625,-0.09568588092877882
0,37.7391,5.79375,-0.09516708097033741
0,37.7391,5.796875,-0.09465279901694536
0,37.7391,5.800000000000001,-0.09414297980759063
0,37.7391,5.8031250000000005,-0.09363756895736161
0,37.7391,5.80625,-0.09313651294039713
0,37.7391,5.809375,-0.09263975907323005
0,37.7391,5.8125,-0.09214725549851095
0,37.7391,5.815625000000001,-0.09165895116910208
0,37.7391,5.8187500000000005,-0.09117479583253495
0,37.7391,5.821875,-0.09069474001581679
0,37.7391,5.825,-0.09021873501058282
0,37.7391,5.828125,-0.08974673285858047
0,37.7391,5.831250000000001,-0.08927868633748011
0,37.7391,5.8343750000000005,-0.08881454894700279
0,37.7391,5.8375,-0.08835427489535609
0,37.7391,5.840625,-0.0878978190859717
0,37.7391,5.84375,-0.08744513710453652
0,37.7391,5.846875000000001,-0.0869961852063091
0,37.7391,5.8500000000000005,-0.08655092030371578
0,37.7391,5.853125,-0.08610929995421703
0,37.7391,5.85625,-0.08567128234843986
0,37.7391,5.859375,-0.08523682629856859
0,37.7391,5.862500000000001,-0.08480589122698613
0,37.7391,5.8656250000000005,-0.08437843715516243
0,37.7391,5.86875,-0.08395442469278065
0,37.7391,5.871875,-0.08353381502709811
0,37.7391,5.875,-0.08311656991253469
0,37.7391,5.878125000000001,-0.08270265166048252
0,37.7391,5.8812500000000005,-0.082292023129334
0,37.7391,5.884375,-0.08188464771471929
0,37.7391,5.8875,-0.08148048933995158
0,37.7391,5.890625,-0.08107951244667258
0,37.7391,5.893750000000001,-0.08068168198569502
0,37.7391,5.8968750000000005,-0.08028696340803669
0,37.7391,5.9,-0.07989532265614067
0,37.7391,5.903125,-0.07950672615527926
0,37.7391,5.90625,-0.07912114080513515
0,37.7391,5.909375000000001,-0.07873853397155678
0,37.7391,5.9125000000000005,-0.07835887347848391
0,37.7391,5.915625,-0.07798212760003814
0,37.7391,5.91875,-0.07760826505277536
0,37.7391,5.921875,-0.0772372549880971
0,37.7391,5.925000000000001,-0.07686906698481479
0,37.7391,5.9281250000000005,-0.07650367104186624
0,37.7391,5.93125,-0.07614103757117756
0,37.7391,5.934375,-0.07578113739067031
0,37.7391,5.9375,-0.07542394171740831
0,37.7391,5.940625000000001,-0.07506942216088144
0,37.7391,5.9437500000000005,-0.0747175507164244
0,37.7391,5.946875,-0.07436829975876484
0,37.7391,5.95,-0.07402164203570075
0,37.7391,5.953125,-0.07367755066190215
0,37.7391,5.956250000000001,-0.07333599911283498
0,37.7391,5.9593750000000005,-0.07299696121880488
0,37.7391,5.9625,-0.07266041115911638
0,37.7391,5.965625,-0.07232632345634744
0,37.7391,5.96875,-0.07199467297073472
0,37.7391,5.971875000000001,-0.07166543489466773
0,37.7391,5.9750000000000005,-0.07133858474729027
0,37.7391,5.978125,-0.07101409836920468
0,37.7391,5.98125,-0.07069195191727896
0,37.7391,5.984375,-0.07037212185955322
0,37.7391,5.987500000000001,-0.07005458497024292
0,37.7391,5.9906250000000005,-0.06973931832483841
0,37.7391,5.99375,-0.0694262992952962
0,37.7391,5.996875,-0.06911550554532236
0,37.7391,6.0,-0.06880691502574443
