"Current","Field","Frequency","Spectra"
0,32.7846,1.0,-0.024801811153884523
0,32.7846,1.003125,-0.02486875750221132
0,32.7846,1.00625,-0.024936063688964644
0,32.7846,1.009375,-0.025003733005514152
0,32.7846,1.0125,-0.02507176878634432
0,32.7846,1.015625,-0.025140174409772217
0,32.7846,1.01875,-0.025208953298679265
0,32.7846,1.021875,-0.025278108921257716
0,32.7846,1.025,-0.025347644791771862
0,32.7846,1.028125,-0.0254175644713346
0,32.7846,1.03125,-0.025487871568699392
0,32.7846,1.034375,-0.025558569741068377
0,32.7846,1.0375,-0.025629662694916504
0,32.7846,1.040625,-0.025701154186832553
0,32.7846,1.04375,-0.025773048024377083
0,32.7846,1.046875,-0.025845348066957884
0,32.7846,1.05,-0.025918058226723308
0,32.7846,1.053125,-0.025991182469473732
0,32.7846,1.05625,-0.02606472481559191
0,32.7846,1.059375,-0.026138689340992442
0,32.7846,1.0625,-0.02621308017809062
0,32.7846,1.065625,-0.026287901516791612
0,32.7846,1.06875,-0.026363157605500114
0,32.7846,1.071875,-0.026438852752150806
0,32.7846,1.075,-0.026514991325260646
0,32.7846,1.078125,-0.026591577755002985
0,32.7846,1.08125,-0.026668616534304343
0,32.7846,1.084375,-0.02674611221996427
0,32.7846,1.0875,-0.026824069433798912
0,32.7846,1.090625,-0.026902492863808712
0,32.7846,1.09375,-0.02698138726537106
0,32.7846,1.096875,-0.027060757462458347
0,32.7846,1.1,-0.027140608348882024
0,32.7846,1.103125,-0.027220944889563347
0,32.7846,1.10625,-0.027301772121831592
0,32.7846,1.109375,-0.027383095156750144
0,32.7846,1.1125,-0.027464919180471354
0,32.7846,1.115625,-0.027547249455620863
0,32.7846,1.11875,-0.027630091322711936
0,32.7846,1.121875,-0.027713450201590915
0,32.7846,1.125,-0.02779733159291415
0,32.7846,1.128125,-0.027881741079657477
0,32.7846,1.13125,-0.027966684328659046
0,32.7846,1.134375,-0.028052167092196066
0,32.7846,1.1375,-0.028138195209596845
0,32.7846,1.140625,-0.028224774608888305
0,32.7846,1.14375,-0.02831191130848073
0,32.7846,1.146875,-0.02839961141888979
0,32.7846,1.15,-0.02848788114449758
0,32.7846,1.153125,-0.028576726785353126
0,32.7846,1.15625,-0.02866615473901371
0,32.7846,1.159375,-0.028756171502427853
0,32.7846,1.1625,-0.028846783673861162
0,32.7846,1.165625,-0.028937997954866065
0,32.7846,1.16875,-0.029029821152296742
0,32.7846,1.171875,-0.02912226018037008
0,32.7846,1.175,-0.0292153220627743
0,32.7846,1.178125,-0.02930901393482625
0,32.7846,1.18125,-0.0294033430456785
0,32.7846,1.184375,-0.029498316760578007
0,32.7846,1.1875,-0.02959394256317726
0,32.7846,1.190625,-0.029690228057899545
0,32.7846,1.19375,-0.029787180972359738
0,32.7846,1.196875,-0.029884809159841985
0,32.7846,1.2,-0.029983120601836055
0,32.7846,1.203125,-0.03008212341063352
0,32.7846,1.20625,-0.030181825831985927
0,32.7846,1.209375,-0.03028223624782617
0,32.7846,1.2125,-0.030383363179054868
0,32.7846,1.215625,-0.030485215288393843
0,32.7846,1.21875,-0.030587801383308022
0,32.7846,1.221875,-0.03069113041899805
0,32.7846,1.225,-0.03079521150146536
0,32.7846,1.228125,-0.030900053890651626
0,32.7846,1.23125,-0.031005667003654987
0,32.7846,1.234375,-0.031112060418024598
0,32.7846,1.2375,-0.031219243875136384
0,32.7846,1.240625,-0.03132722728365159
0,32.7846,1.24375,-0.03143602072306093
0,32.7846,1.246875,-0.03154563444731642
0,32.7846,1.25,-0.031656078888553596
0,32.7846,1.253125,-0.03176736466090642
0,32.7846,1.25625,-0.03187950256441778
0,32.7846,1.259375,-0.03199250358904797
0,32.7846,1.2625,-0.03210637891878425
0,32.7846,1.265625,-0.032221139935854064
0,32.7846,1.26875,-0.03233679822504529
0,32.7846,1.271875,-0.03245336557813601
0,32.7846,1.275,-0.03257085399843751
0,32.7846,1.278125,-0.03268927570545365
0,32.7846,1.28125,-0.03280864313965941
0,32.7846,1.284375,-0.03292896896740318
0,32.7846,1.2875,-0.033050266085935226
0,32.7846,1.290625,-0.03317254762856675
0,32.7846,1.29375,-0.033295826969963284
0,32.7846,1.296875,-0.033420117731576
0,32.7846,1.3,-0.0335454337872154
0,32.7846,1.303125,-0.03367178926877149
0,32.7846,1.30625,-0.03379919857208456
0,32.7846,1.309375,-0.03392767636297146
0,32.7846,1.3125,-0.034057237583411434
0,32.7846,1.315625,-0.03418789745789706
0,32.7846,1.31875,-0.03431967149995444
0,32.7846,1.321875,-0.034452575518838284
0,32.7846,1.325,-0.03458662562640701
0,32.7846,1.328125,-0.03472183824418318
0,32.7846,1.33125,-0.03485823011060508
0,32.7846,1.334375,-0.03499581828847523
0,32.7846,1.3375,-0.035134620172611694
0,32.7846,1.340625,-0.035274653497708613
0,32.7846,1.34375,-0.03541593634641219
0,32.7846,1.346875,-0.03555848715761895
0,32.7846,1.35,-0.03570232473500304
0,32.7846,1.353125,-0.03584746825577945
0,32.7846,1.35625,-0.035993937279711195
0,32.7846,1.359375,-0.03614175175836705
0,32.7846,1.3625,-0.036290932044638596
0,32.7846,1.365625,-0.036441498902523975
0,32.7846,1.36875,-0.03659347351718734
0,32.7846,1.371875,-0.03674687750530241
0,32.7846,1.375,-0.03690173292568878
0,32.7846,1.378125,-0.03705806229025102
0,32.7846,1.38125,-0.037215888575229575
0,32.7846,1.384375,-0.03737523523277354
0,32.7846,1.3875,-0.03753612620284582
0,32.7846,1.390625,-0.037698585925471005
0,32.7846,1.39375,-0.03786263935333728
0,32.7846,1.396875,-0.03802831196476351
0,32.7846,1.4,-0.03819562977704345
0,32.7846,1.403125,-0.038364619360179375
0,32.7846,1.40625,-0.038535307851017386
0,32.7846,1.409375,-0.03870772296779821
0,32.7846,1.4125,-0.03888189302513606
0,32.7846,1.415625,-0.039057846949440554
0,32.7846,1.41875,-0.0392356142947956
0,32.7846,1.421875,-0.03941522525931039
0,32.7846,1.425,-0.039596710701958374
0,32.7846,1.428125,-0.03978010215991985
0,32.7846,1.43125,-0.039965431866445356
0,32.7846,1.434375,-0.040152732769256815
0,32.7846,1.4375,-0.04034203854950446
0,32.7846,1.440625,-0.04053338364129814
0,32.7846,1.44375,-0.040726803251832144
0,32.7846,1.446875,-0.040922333382123345
0,32.7846,1.45,-0.04112001084838359
0,32.7846,1.453125,-0.04131987330404723
0,32.7846,1.45625,-0.041521959262476336
0,32.7846,1.459375,-0.04172630812036617
0,32.7846,1.4625,-0.0419329601818748
0,32.7846,1.465625,-0.04214195668350148
0,32.7846,1.46875,-0.04235333981973902
0,32.7846,1.471875,-0.042567152769526745
0,32.7846,1.475,-0.04278343972353124
0,32.7846,1.478125,-0.043002245912283237
0,32.7846,1.48125,-0.04322361763519979
0,32.7846,1.484375,-0.04344760229052237
0,32.7846,1.4875,-0.043674248406201974
0,32.7846,1.490625,-0.043903605671764184
0,32.7846,1.49375,-0.044135724971187465
0,32.7846,1.496875,-0.044370658416830126
0,32.7846,1.5,-0.04460845938444166
0,32.7846,1.503125,-0.04484918254929617
0,32.7846,1.50625,-0.04509288392348671
0,32.7846,1.509375,-0.0453396208944203
0,32.7846,1.5125000000000002,-0.04558945226455578
0,32.7846,1.515625,-0.04584243829242704
0,32.7846,1.51875,-0.04609864073499638
0,32.7846,1.521875,-0.046358122891384
0,32.7846,1.525,-0.046620949648021354
0,32.7846,1.5281250000000002,-0.04688718752527786
0,32.7846,1.53125,-0.047156904725611556
0,32.7846,1.534375,-0.04743017118329705
0,32.7846,1.5375,-0.0477070586157849
0,32.7846,1.540625,-0.04798764057674906
0,32.7846,1.5437500000000002,-0.04827199251088074
0,32.7846,1.546875,-0.04856019181048861
0,32.7846,1.55,-0.04885231787396825
0,32.7846,1.553125,-0.04914845216620428
0,32.7846,1.55625,-0.049448678280972075
0,32.7846,1.5593750000000002,-0.04975308200540769
0,32.7846,1.5625,-0.050061751386615796
0,32.7846,1.565625,-0.050374776800489685
0,32.7846,1.56875,-0.05069225102281702
0,32.7846,1.571875,-0.05101426930274992
0,32.7846,1.5750000000000002,-0.05134092943871822
0,32.7846,1.578125,-0.05167233185686784
0,32.7846,1.58125,-0.05200857969210922
0,32.7846,1.584375,-0.0523497788718614
0,32.7846,1.5875,-0.052696038202581175
0,32.7846,1.5906250000000002,-0.05304746945916897
0,32.7846,1.59375,-0.053404187477343504
0,32.7846,1.596875,-0.05376631024908316
0,32.7846,1.6,-0.05413395902122973
0,32.7846,1.603125,-0.05450725839735634
0,32.7846,1.6062500000000002,-0.054886336443001164
0,32.7846,1.609375,-0.05527132479437051
0,32.7846,1.6125,-0.055662358770618606
0,32.7846,1.615625,-0.056059577489810164
0,32.7846,1.61875,-0.05646312398867613
0,32.7846,1.6218750000000002,-0.0568731453462726
0,32.7846,1.625,-0.057289792811653965
0,32.7846,1.628125,-0.057713221935673915
0,32.7846,1.63125,-0.058143592707025286
0,32.7846,1.634375,-0.058581069692633006
0,32.7846,1.6375000000000002,-0.059025822182511914
0,32.7846,1.640625,-0.05947802433920072
0,32.7846,1.64375,-0.05993785535188328
0,32.7846,1.646875,-0.06040549959530393
0,32.7846,1.65,-0.06088114679358344
0,32.7846,1.6531250000000002,-0.06136499218903661
0,32.7846,1.65625,-0.06185723671608874
0,32.7846,1.659375,-0.062358087180383576
0,32.7846,1.6625,-0.06286775644316667
0,32.7846,1.665625,-0.06338646361102215
0,32.7846,1.6687500000000002,-0.06391443423103103
0,32.7846,1.671875,-0.0644519004914065
0,32.7846,1.675,-0.06499910142765272
0,32.7846,1.678125,-0.06555628313427414
0,32.7846,1.68125,-0.06612369898204978
0,32.7846,1.6843750000000002,-0.06670160984086498
0,32.7846,1.6875,-0.06729028430807124
0,32.7846,1.690625,-0.06788999894232198
0,32.7846,1.69375,-0.06850103850279964
0,32.7846,1.696875,-0.06912369619372155
0,32.7846,1.7000000000000002,-0.06975827391397338
0,32.7846,1.703125,-0.07040508251167792
0,32.7846,1.70625,-0.07106444204346456
0,32.7846,1.709375,-0.07173668203814858
0,32.7846,1.7125,-0.07242214176447687
0,32.7846,1.7156250000000002,-0.0731211705025304
0,32.7846,1.71875,-0.07383412781830187
0,32.7846,1.721875,-0.07456138384089075
0,32.7846,1.725,-0.07530331954166564
0,32.7846,1.728125,-0.07606032701464933
0,32.7846,1.7312500000000002,-0.07683280975727201
0,32.7846,1.734375,-0.07762118295051637
0,32.7846,1.7375,-0.07842587373734916
0,32.7846,1.740625,-0.07924732149818106
0,32.7846,1.74375,-0.08008597812193963
0,32.7846,1.7468750000000002,-0.08094230827115745
0,32.7846,1.75,-0.0818167896392804
0,32.7846,1.753125,-0.08270991319818677
0,32.7846,1.75625,-0.08362218343366365
0,32.7846,1.759375,-0.08455411856633045
0,32.7846,1.7625000000000002,-0.08550625075520736
0,32.7846,1.765625,-0.08647912628081264
0,32.7846,1.76875,-0.08747330570432973
0,32.7846,1.771875,-0.08848936399900287
0,32.7846,1.775,-0.08952789064951377
0,32.7846,1.7781250000000002,-0.09058948971464036
0,32.7846,1.78125,-0.09167477984800818
0,32.7846,1.784375,-0.09278439427121978
0,32.7846,1.7875,-0.09391898069306373
0,32.7846,1.790625,-0.09507920116788743
0,32.7846,1.7937500000000002,-0.09626573188553889
0,32.7846,1.796875,-0.09747926288455461
0,32.7846,1.8,-0.09872049767949082
0,32.7846,1.803125,-0.09999015279244533
0,32.7846,1.80625,-0.10128895717792288
0,32.7846,1.8093750000000002,-0.10261765152922864
0,32.7846,1.8125,-0.10397698745354672
0,32.7846,1.815625,-0.10536772650177761
0,32.7846,1.81875,-0.10679063903804865
0,32.7846,1.821875,-0.10824650293260796
0,32.7846,1.8250000000000002,-0.10973610206054007
0,32.7846,1.828125,-0.11126022458742091
0,32.7846,1.83125,-0.11281966102167029
0,32.7846,1.834375,-0.11441520201195243
0,32.7846,1.8375,-0.11604763586656004
0,32.7846,1.8406250000000002,-0.11771774577028413
0,32.7846,1.84375,-0.11942630667285414
0,32.7846,1.846875,-0.12117408182166085
0,32.7846,1.85,-0.12296181891015234
0,32.7846,1.853125,-0.1247902458120956
0,32.7846,1.8562500000000002,-0.12666006587082576
0,32.7846,1.859375,-0.12857195271173835
0,32.7846,1.8625,-0.13052654454567378
0,32.7846,1.865625,-0.13252443793054058
0,32.7846,1.86875,-0.13456618095864778
0,32.7846,1.8718750000000002,-0.13665226583780815
0,32.7846,1.875,-0.1387831208354675
0,32.7846,1.878125,-0.14095910155701732
0,32.7846,1.88125,-0.14318048153216023
0,32.7846,1.884375,-0.1454474420869049
0,32.7846,1.8875000000000002,-0.14776006148356297
0,32.7846,1.890625,-0.15011830331720988
0,32.7846,1.89375,-0.15252200416460368
0,32.7846,1.896875,-0.15497086049069123
0,32.7846,1.9,-0.15746441482878537
0,32.7846,1.9031250000000002,-0.16000204126339565
0,32.7846,1.90625,-0.16258293025973197
0,32.7846,1.909375,-0.16520607290122225
0,32.7846,1.9125,-0.16787024461606942
0,32.7846,1.915625,-0.1705739884960568
0,32.7846,1.9187500000000002,-0.17331559833545412
0,32.7846,1.921875,-0.1760931015449655
0,32.7846,1.925,-0.178904242125062
0,32.7846,1.928125,-0.18174646391446264
0,32.7846,1.93125,-0.18461689436266804
0,32.7846,1.9343750000000002,-0.18751232910971571
0,32.7846,1.9375,-0.19042921769107155
0,32.7846,1.940625,-0.193363650719921
0,32.7846,1.94375,-0.1963113489319691
0,32.7846,1.946875,-0.19926765450798917
0,32.7846,1.9500000000000002,-0.20222752511524084
0,32.7846,1.953125,-0.20518553112888596
0,32.7846,1.95625,-0.20813585650684663
0,32.7846,1.959375,-0.21107230379419847
0,32.7846,1.9625,-0.21398830372424557
0,32.7846,1.9656250000000002,-0.21687692986085474
0,32.7846,1.96875,-0.21973091868863837
0,32.7846,1.971875,-0.22254269550257638
0,32.7846,1.975,-0.22530440637540808
0,32.7846,1.978125,-0.22800795638898633
0,32.7846,1.9812500000000002,-0.23064505420468717
0,32.7846,1.984375,-0.2332072629187486
0,32.7846,1.9875,-0.23568605700279602
0,32.7846,1.990625,-0.23807288497050988
0,32.7846,1.99375,-0.24035923724227032
0,32.7846,1.9968750000000002,-0.24253671850545627
0,32.7846,2.0,-0.2445971236947302
0,32.7846,2.003125,-0.24653251655068018
0,32.7846,2.00625,-0.24833530956372546
0,32.7846,2.0093750000000004,-0.24999834398061344
0,32.7846,2.0125,-0.25151496845029686
0,32.7846,2.015625,-0.2528791148211007
0,32.7846,2.01875,-0.254085369577438
0,32.7846,2.021875,-0.2551290394260414
0,32.7846,2.0250000000000004,-0.2560062096110295
0,32.7846,2.028125,-0.25671379365433156
0,32.7846,2.03125,-0.25724957338096177
0,32.7846,2.034375,-0.2576122282930031
0,32.7846,2.0375,-0.2578013535953839
0,32.7846,2.0406250000000004,-0.25781746644220055
0,32.7846,2.04375,-0.25766200025457203
0,32.7846,2.046875,-0.2573372872490106
0,32.7846,2.05,-0.2568465295979212
0,32.7846,2.053125,-0.2561937599102813
0,32.7846,2.0562500000000004,-0.255383791960881
0,32.7846,2.059375,-0.2544221628022345
0,32.7846,2.0625,-0.2533150675578205
0,32.7846,2.065625,-0.2520692883141936
0,32.7846,2.06875,-0.25069211860058654
0,32.7846,2.0718750000000004,-0.2491912849680071
0,32.7846,2.075,-0.24757486715774235
0,32.7846,2.078125,-0.24585121828569537
0,32.7846,2.08125,-0.24402888636961456
0,32.7846,2.084375,-0.24211653839760433
0,32.7846,2.0875000000000004,-0.24012288798551693
0,32.7846,2.090625,-0.2380566275052536
0,32.7846,2.09375,-0.2359263653928116
0,32.7846,2.096875,-0.2337405691706967
0,32.7846,2.1,-0.23150751454992086
0,32.7846,2.1031250000000004,-0.229235240817107
0,32.7846,2.10625,-0.22693151256605892
0,32.7846,2.109375,-0.2246037877033268
0,32.7846,2.1125,-0.222259191545553
0,32.7846,2.115625,-0.21990449673355153
0,32.7846,2.1187500000000004,-0.21754610861418275
0,32.7846,2.121875,-0.21519005568544516
0,32.7846,2.125,-0.21284198466165316
0,32.7846,2.128125,-0.2105071596925004
0,32.7846,2.13125,-0.20819046526040144
0,32.7846,2.1343750000000004,-0.2058964122828057
0,32.7846,2.1375,-0.2036291469581803
0,32.7846,2.140625,-0.20139246191413984
0,32.7846,2.14375,-0.19918980924192375
0,32.7846,2.146875,-0.1970243150314211
0,32.7846,2.1500000000000004,-0.19489879505374674
0,32.7846,2.153125,-0.19281577127268662
0,32.7846,2.15625,-0.19077748890109195
0,32.7846,2.159375,-0.18878593375262032
0,32.7846,2.1625,-0.1868428496724011
0,32.7846,2.1656250000000004,-0.18494975586172552
0,32.7846,2.16875,-0.1831079639413331
0,32.7846,2.171875,-0.1813185946250543
0,32.7846,2.175,-0.17958259390031503
0,32.7846,2.178125,-0.1779007486342657
0,32.7846,2.1812500000000004,-0.176273701544094
0,32.7846,2.184375,-0.17470196548746733
0,32.7846,2.1875,-0.17318593704416876
0,32.7846,2.190625,-0.17172590937296178
0,32.7846,2.19375,-0.17032208433871224
0,32.7846,2.1968750000000004,-0.16897458391398978
0,32.7846,2.2,-0.16768346086692587
0,32.7846,2.203125,-0.1664487087532103
0,32.7846,2.20625,-0.16527027123491972
0,32.7846,2.209375,-0.16414805075254887
0,32.7846,2.2125000000000004,-0.16308191657931598
0,32.7846,2.215625,-0.1620717122886615
0,32.7846,2.21875,-0.1611172626669894
0,32.7846,2.221875,-0.16021838010421693
0,32.7846,2.225,-0.15937487049470106
0,32.7846,2.2281250000000004,-0.15858653868069222
0,32.7846,2.23125,-0.15785319346969243
0,32.7846,2.234375,-0.15717465225604377
0,32.7846,2.2375,-0.15655074527578894
0,32.7846,2.240625,-0.15598131952237787
0,32.7846,2.2437500000000004,-0.15546624234918743
0,32.7846,2.246875,-0.15500540478309566
0,32.7846,2.25,-0.1545987245715386
0,32.7846,2.253125,-0.1542461489835969
0,32.7846,2.25625,-0.15394765738371197
0,32.7846,2.2593750000000004,-0.1537032635946423
0,32.7846,2.2625,-0.1535130180642298
0,32.7846,2.265625,-0.15337700984845842
0,32.7846,2.26875,-0.153295368421152
0,32.7846,2.271875,-0.15326826531846188
0,32.7846,2.2750000000000004,-0.15329591562403394
0,32.7846,2.278125,-0.15337857929840212
0,32.7846,2.28125,-0.15351656235371977
0,32.7846,2.284375,-0.15371021787238923
0,32.7846,2.2875,-0.1539599468654727
0,32.7846,2.2906250000000004,-0.15426619896393023
0,32.7846,2.29375,-0.15462947293272367
0,32.7846,2.296875,-0.15505031699461222
0,32.7846,2.3,-0.15552932894702642
0,32.7846,2.303125,-0.15606715605171406
0,32.7846,2.3062500000000004,-0.15666449467287202
0,32.7846,2.309375,-0.15732208963519112
0,32.7846,2.3125,-0.15804073326860962
0,32.7846,2.315625,-0.15882126410157615
0,32.7846,2.31875,-0.15966456515923527
0,32.7846,2.3218750000000004,-0.1605715618171502
0,32.7846,2.325,-0.16154321915494974
0,32.7846,2.328125,-0.16258053874762243
0,32.7846,2.33125,-0.1636845548250838
0,32.7846,2.334375,-0.16485632972312156
0,32.7846,2.3375000000000004,-0.16609694854091772
0,32.7846,2.340625,-0.16740751291209935
0,32.7846,2.34375,-0.1687891337877665
0,32.7846,2.346875,-0.1702429231212918
0,32.7846,2.35,-0.17176998433604318
0,32.7846,2.3531250000000004,-0.17337140144873245
0,32.7846,2.35625,-0.17504822671311432
0,32.7846,2.359375,-0.17680146664156068
0,32.7846,2.3625,-0.17863206625602734
0,32.7846,2.365625,-0.180540891415616
0,32.7846,2.3687500000000004,-0.18252870906589383
0,32.7846,2.371875,-0.18459616525611355
0,32.7846,2.375,-0.1867437607752823
0,32.7846,2.378125,-0.18897182426767684
0,32.7846,2.38125,-0.1912804827039945
0,32.7846,2.3843750000000004,-0.193669629107127
0,32.7846,2.3875,-0.19613888746296404
0,32.7846,2.390625,-0.19868757478816523
0,32.7846,2.39375,-0.2013146603800924
0,32.7846,2.396875,-0.2040187223407035
0,32.7846,2.4000000000000004,-0.20679790154773378
0,32.7846,2.403125,-0.20964985334440844
0,32.7846,2.40625,-0.2125716973343828
0,32.7846,2.409375,-0.21555996580234296
0,32.7846,2.4125,-0.21861055143282018
0,32.7846,2.4156250000000004,-0.22171865516947345
0,32.7846,2.41875,-0.22487873524249177
0,32.7846,2.421875,-0.2280844585894741
0,32.7846,2.425,-0.23132865610012773
0,32.7846,2.428125,-0.2346032833203209
0,32.7846,2.4312500000000004,-0.23789938844715877
0,32.7846,2.434375,-0.241207089622263
0,32.7846,2.4375,-0.24451556367140942
0,32.7846,2.440625,-0.24781304852916478
0,32.7846,2.44375,-0.251086861609622
0,32.7846,2.4468750000000004,-0.25432343632039894
0,32.7846,2.45,-0.25750837874878096
0,32.7846,2.453125,-0.26062654626008125
0,32.7846,2.45625,-0.2636621493264813
0,32.7846,2.459375,-0.2665988773429653
0,32.7846,2.4625000000000004,-0.26942004848639517
0,32.7846,2.465625,-0.27210878284498197
0,32.7846,2.46875,-0.27464819711028315
0,32.7846,2.471875,-0.2770216181164657
0,32.7846,2.475,-0.27921281147786153
0,32.7846,2.4781250000000004,-0.28120622057225225
0,32.7846,2.48125,-0.2829872102079846
0,32.7846,2.484375,-0.2845423085654779
0,32.7846,2.4875,-0.2858594404835686
0,32.7846,2.490625,-0.28692814492601454
0,32.7846,2.4937500000000004,-0.287739769556592
0,32.7846,2.496875,-0.2882876357959172
0,32.7846,2.5,-0.2885671685286134
0,32.7846,2.503125,-0.2885759857487212
0,32.7846,2.50625,-0.2883139448215564
0,32.7846,2.5093750000000004,-0.28778314362631263
0,32.7846,2.5125,-0.28698787653356655
0,32.7846,2.515625,-0.2859345468644616
0,32.7846,2.51875,-0.28463153907244404
0,32.7846,2.521875,-0.28308905529130207
0,32.7846,2.5250000000000004,-0.28131892202861725
0,32.7846,2.528125,-0.2793343735974833
0,32.7846,2.53125,-0.2771498193430919
0,32.7846,2.534375,-0.27478060183233877
0,32.7846,2.5375,-0.27224275295611544
0,32.7846,2.5406250000000004,-0.26955275438774934
0,32.7846,2.54375,-0.26672730810407524
0,32.7846,2.546875,-0.26378312177323254
0,32.7846,2.55,-0.2607367128130724
0,32.7846,2.553125,-0.2576042338904354
0,32.7846,2.5562500000000004,-0.2544013216215
0,32.7846,2.559375,-0.2511429692934313
0,32.7846,2.5625,-0.24784342359241424
0,32.7846,2.565625,-0.24451610461535744
0,32.7846,2.56875,-0.24117354787335715
0,32.7846,2.5718750000000004,-0.237827366565827
0,32.7846,2.575,-0.23448823210854602
0,32.7846,2.578125,-0.23116587072452122
0,32.7846,2.58125,-0.22786907383749821
0,32.7846,2.584375,-0.2246057200262378
0,32.7846,2.5875000000000004,-0.22138280638499327
0,32.7846,2.590625,-0.21820648727431385
0,32.7846,2.59375,-0.2150821186203404
0,32.7846,2.596875,-0.21201430611611666
0,32.7846,2.6,-0.20900695588340285
0,32.7846,2.6031250000000004,-0.2060633263586858
0,32.7846,2.60625,-0.20318608036533636
0,32.7846,2.609375,-0.2003773365200242
0,32.7846,2.6125,-0.19763871929213528
0,32.7846,2.615625,-0.1949714071880245
0,32.7846,2.6187500000000004,-0.19237617866669804
0,32.7846,2.621875,-0.18985345550995328
0,32.7846,2.625,-0.18740334346886287
0,32.7846,2.628125,-0.1850256700908901
0,32.7846,2.63125,-0.18272001969931842
0,32.7846,2.6343750000000004,-0.1804857655506451
0,32.7846,2.6375,-0.17832209923775025
0,32.7846,2.640625,-0.1762280574386184
0,32.7846,2.64375,-0.17420254613366995
0,32.7846,2.646875,-0.17224436243075592
0,32.7846,2.6500000000000004,-0.1703522141468738
0,32.7846,2.653125,-0.1685247373007746
0,32.7846,2.65625,-0.16676051167187242
0,32.7846,2.659375,-0.16505807457906124
0,32.7846,2.6625,-0.16341593302892826
0,32.7846,2.6656250000000004,-0.1618325743770359
0,32.7846,2.66875,-0.1603064756389172
0,32.7846,2.671875,-0.1588361115796163
0,32.7846,2.675,-0.15741996170232636
0,32.7846,2.678125,-0.15605651624819686
0,32.7846,2.6812500000000004,-0.15474428131090714
0,32.7846,2.684375,-0.15348178316128488
0,32.7846,2.6875,-0.15226757186920328
0,32.7846,2.690625,-0.15110022430230607
0,32.7846,2.69375,-0.14997834657382322
0,32.7846,2.6968750000000004,-0.14890057600491438
0,32.7846,2.7,-0.14786558266060074
0,32.7846,2.703125,-0.1468720705124415
0,32.7846,2.70625,-0.14591877827566885
0,32.7846,2.709375,-0.14500447996349392
0,32.7846,2.7125000000000004,-0.14412798519673217
0,32.7846,2.715625,-0.1432881393027344
0,32.7846,2.71875,-0.14248382323383413
0,32.7846,2.721875,-0.14171395333210574
0,32.7846,2.725,-0.14097748096413923
0,32.7846,2.7281250000000004,-0.14027339204676414
0,32.7846,2.73125,-0.13960070648215622
0,32.7846,2.734375,-0.13895847751852536
0,32.7846,2.7375,-0.13834579105058425
0,32.7846,2.740625,-0.13776176487220615
0,32.7846,2.7437500000000004,-0.13720554789209374
0,32.7846,2.746875,-0.13667631932185834
0,32.7846,2.75,-0.136173287844656
0,32.7846,2.753125,-0.13569569077140956
0,32.7846,2.75625,-0.13524279319065674
0,32.7846,2.7593750000000004,-0.13481388711719464
0,32.7846,2.7625,-0.13440829064391974
0,32.7846,2.765625,-0.13402534710058456
0,32.7846,2.76875,-0.13366442422259847
0,32.7846,2.771875,-0.13332491333247323
0,32.7846,2.7750000000000004,-0.1330062285360611
0,32.7846,2.778125,-0.13270780593532983
0,32.7846,2.78125,-0.13242910285906967
0,32.7846,2.784375,-0.1321695971126295
0,32.7846,2.7875,-0.1319287862475082
0,32.7846,2.7906250000000004,-0.13170618685140734
0,32.7846,2.79375,-0.1315013338591502
0,32.7846,2.796875,-0.13131377988470622
0,32.7846,2.8,-0.1311430945744162
0,32.7846,2.803125,-0.13098886398138843
0,32.7846,2.8062500000000004,-0.13085068996093682
0,32.7846,2.809375,-0.1307281895868402
0,32.7846,2.8125,-0.13062099458813264
0,32.7846,2.815625,-0.1305287508060741
0,32.7846,2.81875,-0.13045111767090084
0,32.7846,2.8218750000000004,-0.1303877676979158
0,32.7846,2.825,-0.13033838600244982
0,32.7846,2.828125,-0.13030266983319916
0,32.7846,2.83125,-0.13028032812342732
0,32.7846,2.834375,-0.13027108105950883
0,32.7846,2.8375000000000004,-0.13027465966628238
0,32.7846,2.840625,-0.13029080540868127
0,32.7846,2.84375,-0.13031926980910252
0,32.7846,2.846875,-0.13035981407998695
0,32.7846,2.85,-0.13041220877107998
0,32.7846,2.8531250000000004,-0.1304762334308551
0,32.7846,2.85625,-0.13055167628158743
0,32.7846,2.859375,-0.13063833390757756
0,32.7846,2.8625,-0.13073601095603452
0,32.7846,2.865625,-0.1308445198501402
0,32.7846,2.8687500000000004,-0.1309636805138306
0,32.7846,2.871875,-0.1310933201078399
0,32.7846,2.875,-0.13123327277657124
0,32.7846,2.878125,-0.13138337940536626
0,32.7846,2.88125,-0.1315434873877648
0,32.7846,2.8843750000000004,-0.1317134504023556
0,32.7846,2.8875,-0.13189312819883622
0,32.7846,2.890625,-0.13208238639291006
0,32.7846,2.89375,-0.13228109626966694
0,32.7846,2.896875,-0.13248913459510142
0,32.7846,2.9000000000000004,-0.13270638343544117
0,32.7846,2.903125,-0.13293272998396619
0,32.7846,2.90625,-0.13316806639501597
0,32.7846,2.909375,-0.13341228962488944
0,32.7846,2.9125,-0.13366530127935933
0,32.7846,2.9156250000000004,-0.13392700746752928
0,32.7846,2.91875,-0.13419731866177592
0,32.7846,2.921875,-0.13447614956352905
0,32.7846,2.925,-0.13476341897465005
0,32.7846,2.928125,-0.13505904967418364
0,32.7846,2.9312500000000004,-0.13536296830026312
0,32.7846,2.934375,-0.1356751052369609
0,32.7846,2.9375,-0.13599539450588619
0,32.7846,2.940625,-0.1363237736623351
0,32.7846,2.94375,-0.13666018369581426
0,32.7846,2.9468750000000004,-0.13700456893476004
0,32.7846,2.95,-0.13735687695528706
0,32.7846,2.953125,-0.13771705849380622
0,32.7846,2.95625,-0.1380850673633584
0,32.7846,2.959375,-0.13846086037351774
0,32.7846,2.9625000000000004,-0.1388443972537242
0,32.7846,2.965625,-0.13923564057991256
0,32.7846,2.96875,-0.13963455570430905
0,32.7846,2.971875,-0.14004111068827357
0,32.7846,2.975,-0.14045527623807047
0,32.7846,2.9781250000000004,-0.14087702564345736
0,32.7846,2.98125,-0.14130633471898388
0,32.7846,2.984375,-0.14174318174789932
0,32.7846,2.9875,-0.14218754742857181
0,32.7846,2.990625,-0.14263941482332565
0,32.7846,2.9937500000000004,-0.14309876930960788
0,32.7846,2.996875,-0.14356559853340028
0,32.7846,3.0,-0.14403989236479514
0,32.7846,3.0031250000000003,-0.144521642855656
0,32.7846,3.00625,-0.14501084419929236
0,32.7846,3.009375,-0.1455074926920763
0,32.7846,3.0125,-0.14601158669693262
0,32.7846,3.015625,-0.14652312660864078
0,32.7846,3.0187500000000003,-0.14704211482088417
0,32.7846,3.021875,-0.14756855569499272
0,32.7846,3.025,-0.14810245553031737
0,32.7846,3.028125,-0.14864382253618855
0,32.7846,3.03125,-0.14919266680540297
0,32.7846,3.0343750000000003,-0.14974900028919558
0,32.7846,3.0375,-0.15031283677364535
0,32.7846,3.040625,-0.15088419185747484
0,32.7846,3.04375,-0.15146308293119953
0,32.7846,3.046875,-0.1520495291575875
0,32.7846,3.0500000000000003,-0.15264355145339203
0,32.7846,3.053125,-0.1532451724723197
0,32.7846,3.05625,-0.15385441658920215
0,32.7846,3.059375,-0.15447130988533472
0,32.7846,3.0625,-0.15509588013495457
0,32.7846,3.0656250000000003,-0.155728156792828
0,32.7846,3.06875,-0.1563681709829162
0,32.7846,3.071875,-0.15701595548809755
0,32.7846,3.075,-0.1576715447409165
0,32.7846,3.078125,-0.15833497481533867
0,32.7846,3.0812500000000003,-0.1590062834194874
0,32.7846,3.084375,-0.15968550988934135
0,32.7846,3.0875,-0.16037269518337394
0,32.7846,3.090625,-0.1610678818781123
0,32.7846,3.09375,-0.16177111416460133
0,32.7846,3.0968750000000003,-0.16248243784575542
0,32.7846,3.1,-0.16320190033457851
0,32.7846,3.103125,-0.16392955065324355
0,32.7846,3.10625,-0.1646654394330113
0,32.7846,3.109375,-0.16540961891498063
0,32.7846,3.1125000000000003,-0.16616214295165552
0,32.7846,3.115625,-0.16692306700931633
0,32.7846,3.11875,-0.1676924481711902
0,32.7846,3.121875,-0.16847034514140427
0,32.7846,3.125,-0.16925681824971878
0,32.7846,3.1281250000000003,-0.17005192945702843
0,32.7846,3.13125,-0.1708557423616263
0,32.7846,3.134375,-0.17166832220622386
0,32.7846,3.1375,-0.17248973588572103
0,32.7846,3.140625,-0.17332005195572098
0,32.7846,3.1437500000000003,-0.17415934064178595
0,32.7846,3.146875,-0.17500767384942947
0,32.7846,3.15,-0.175865125174844
0,32.7846,3.153125,-0.1767317699163577
0,32.7846,3.15625,-0.17760768508662192
0,32.7846,3.1593750000000003,-0.1784929494255293
0,32.7846,3.1625,-0.17938764341385494
0,32.7846,3.165625,-0.18029184928763117
0,32.7846,3.16875,-0.18120565105324613
0,32.7846,3.171875,-0.18212913450327448
0,32.7846,3.1750000000000003,-0.1830623872330393
0,32.7846,3.178125,-0.18400549865790702
0,32.7846,3.18125,-0.1849585600313198
0,32.7846,3.184375,-0.18592166446356725
0,32.7846,3.1875,-0.1868949069413019
0,32.7846,3.1906250000000003,-0.18787838434780507
0,32.7846,3.19375,-0.18887219548400283
0,32.7846,3.196875,-0.18987644109024548
0,32.7846,3.2,-0.19089122386884796
0,32.7846,3.203125,-0.19191664850740509
0,32.7846,3.2062500000000003,-0.19295282170288533
0,32.7846,3.209375,-0.19399985218650997
0,32.7846,3.2125,-0.19505785074943016
0,32.7846,3.215625,-0.19612693026920536
0,32.7846,3.21875,-0.19720720573709596
0,32.7846,3.2218750000000003,-0.19829879428618022
0,32.7846,3.225,-0.1994018152203031
0,32.7846,3.228125,-0.200516390043871
0,32.7846,3.23125,-0.20164264249250285
0,32.7846,3.234375,-0.20278069856454745
0,32.7846,3.2375000000000003,-0.2039306865534859
0,32.7846,3.240625,-0.20509273708122389
0,32.7846,3.24375,-0.206266983132295
0,32.7846,3.246875,-0.2074535600889869
0,32.7846,3.25,-0.20865260576740172
0,32.7846,3.2531250000000003,-0.2098642604544744
0,32.7846,3.25625,-0.21108866694595663
0,32.7846,3.259375,-0.21232597058538988
0,32.7846,3.2625,-0.2135763193040811
0,32.7846,3.265625,-0.21483986366209984
0,32.7846,3.2687500000000003,-0.21611675689031865
0,32.7846,3.271875,-0.2174071549335111
0,32.7846,3.275,-0.21871121649453226
0,32.7846,3.278125,-0.22002910307960086
0,32.7846,3.28125,-0.22136097904470234
0,32.7846,3.2843750000000003,-0.22270701164314055
0,32.7846,3.2875,-0.22406737107425503
0,32.7846,3.290625,-0.22544223053333293
0,32.7846,3.29375,-0.22683176626273752
0,32.7846,3.296875,-0.22823615760427685
0,32.7846,3.3000000000000003,-0.22965558705284603
0,32.7846,3.303125,-0.23109024031135986
0,32.7846,3.30625,-0.23254030634701417
0,32.7846,3.309375,-0.2340059774488973
0,32.7846,3.3125,-0.23548744928698442
0,32.7846,3.3156250000000003,-0.23698492097254614
0,32.7846,3.31875,-0.23849859512000163
0,32.7846,3.321875,-0.24002867791024973
0,32.7846,3.325,-0.24157537915551153
0,32.7846,3.328125,-0.243138912365718
0,32.7846,3.3312500000000003,-0.24471949481648358
0,32.7846,3.334375,-0.24631734761869342
0,32.7846,3.3375,-0.2479326957897528
0,32.7846,3.340625,-0.24956576832653143
0,32.7846,3.34375,-0.2512167982800427
0,32.7846,3.3468750000000003,-0.25288602283190614
0,32.7846,3.35,-0.25457368337262787
0,32.7846,3.353125,-0.2562800255817516
0,32.7846,3.35625,-0.2580052995099185
0,32.7846,3.359375,-0.25974975966288744
0,32.7846,3.3625000000000003,-0.2615136650875658
0,32.7846,3.365625,-0.26329727946009657
0,32.7846,3.36875,-0.2651008711760563
0,32.7846,3.371875,-0.26692471344281943
0,32.7846,3.375,-0.26876908437413616
0,32.7846,3.3781250000000003,-0.2706342670869942
0,32.7846,3.38125,-0.27252054980080714
0,32.7846,3.384375,-0.2744282259390053
0,32.7846,3.3875,-0.2763575942330789
0,32.7846,3.390625,-0.2783089588291468
0,32.7846,3.3937500000000003,-0.2802826293971137
0,32.7846,3.396875,-0.28227892124248294
0,32.7846,3.4000000000000004,-0.28429815542090187
0,32.7846,3.403125,-0.2863406588555041
0,32.7846,3.40625,-0.28840676445713437
0,32.7846,3.4093750000000003,-0.29049681124752613
0,32.7846,3.4125,-0.29261114448551373
0,32.7846,3.4156250000000004,-0.2947501157963717
0,32.7846,3.41875,-0.29691408330434843
0,32.7846,3.421875,-0.2991034117685076
0,32.7846,3.4250000000000003,-0.30131847272194606
0,32.7846,3.428125,-0.30355964461449747
0,32.7846,3.4312500000000004,-0.3058273129590197
0,32.7846,3.434375,-0.3081218704813558
0,32.7846,3.4375,-0.31044371727409104
0,32.7846,3.4406250000000003,-0.3127932609541986
0,32.7846,3.44375,-0.31517091682469495
0,32.7846,3.4468750000000004,-0.3175771080404227
0,32.7846,3.45,-0.3200122657780727
0,32.7846,3.453125,-0.3224768294105795
0,32.7846,3.4562500000000003,-0.3249712466860121
0,32.7846,3.459375,-0.32749597391109586
0,32.7846,3.4625000000000004,-0.3300514761395078
0,32.7846,3.465625,-0.3326382273650763
0,32.7846,3.46875,-0.3352567107200504
0,32.7846,3.4718750000000003,-0.3379074186785762
0,32.7846,3.475,-0.34059085326554783
0,32.7846,3.4781250000000004,-0.34330752627099764
0,32.7846,3.48125,-0.3460579594701902
0,32.7846,3.484375,-0.3488426848496062
0,32.7846,3.4875000000000003,-0.35166224483898884
0,32.7846,3.490625,-0.3545171925496499
0,32.7846,3.4937500000000004,-0.3574080920192343
0,32.7846,3.496875,-0.36033551846313505
0,32.7846,3.5,-0.3633000585327857
0,32.7846,3.5031250000000003,-0.366302310581041
0,32.7846,3.50625,-0.3693428849348717
0,32.7846,3.5093750000000004,-0.37242240417561867
0,32.7846,3.5125,-0.3755415034270383
0,32.7846,3.515625,-0.37870083065140986
0,32.7846,3.5187500000000003,-0.38190104695395016
0,32.7846,3.521875,-0.38514282689582374
0,32.7846,3.5250000000000004,-0.3884268588160265
0,32.7846,3.528125,-0.3917538451624327
0,32.7846,3.53125,-0.3951245028323251
0,32.7846,3.5343750000000003,-0.39853956352270603
0,32.7846,3.5375,-0.40199977409073395
0,32.7846,3.5406250000000004,-0.40550589692462513
0,32.7846,3.54375,-0.4090587103253623
0,32.7846,3.546875,-0.41265900889959506
0,32.7846,3.5500000000000003,-0.4163076039641054
0,32.7846,3.553125,-0.4200053239622276
0,32.7846,3.5562500000000004,-0.4237530148926517
0,32.7846,3.559375,-0.4275515407510143
0,32.7846,3.5625,-0.43140178398474144
0,32.7846,3.5656250000000003,-0.4353046459615818
0,32.7846,3.56875,-0.4392610474523213
0,32.7846,3.5718750000000004,-0.4432719291281631
0,32.7846,3.575,-0.4473382520732903
0,32.7846,3.578125,-0.4514609983131376
0,32.7846,3.5812500000000003,-0.45564117135892634
0,32.7846,3.584375,-0.45987979676902174
0,32.7846,3.5875000000000004,-0.4641779227277216
0,32.7846,3.590625,-0.4685366206420627
0,32.7846,3.59375,-0.47295698575730505
0,32.7846,3.5968750000000003,-0.4774401377917238
0,32.7846,3.6,-0.4819872215914013
0,32.7846,3.6031250000000004,-0.4865994078057234
0,32.7846,3.60625,-0.4912778935842875
0,32.7846,3.609375,-0.4960239032959956
0,32.7846,3.6125000000000003,-0.5008386892710872
0,32.7846,3.615625,-0.5057235325669192
0,32.7846,3.6187500000000004,-0.510679743758326
0,32.7846,3.621875,-0.5157086637533954
0,32.7846,3.625,-0.5208116646355575
0,32.7846,3.6281250000000003,-0.5259901505328747
0,32.7846,3.63125,-0.5312455585154772
0,32.7846,3.6343750000000004,-0.5365793595221026
0,32.7846,3.6375,-0.541993059316717
0,32.7846,3.640625,-0.5474881994762518
0,32.7846,3.6437500000000003,-0.5530663584104775
0,32.7846,3.646875,-0.5587291524150956
0,32.7846,3.6500000000000004,-0.5644782367591519
0,32.7846,3.653125,-0.5703153068078789
0,32.7846,3.65625,-0.5762420991821359
0,32.7846,3.6593750000000003,-0.5822603929556075
0,32.7846,3.6625,-0.5883720108909767
0,32.7846,3.6656250000000004,-0.5945788207162919
0,32.7846,3.66875,-0.6008827364427778
0,32.7846,3.671875,-0.607285719725374
0,32.7846,3.6750000000000003,-0.6137897812672828
0,32.7846,3.678125,-0.6203969822698494
0,32.7846,3.6812500000000004,-0.6271094359291183
0,32.7846,3.684375,-0.6339293089803977
0,32.7846,3.6875,-0.6408588232922228
0,32.7846,3.6906250000000003,-0.6479002575110865
0,32.7846,3.69375,-0.6550559487583291
0,32.7846,3.6968750000000004,-0.6623282943806171
0,32.7846,3.7,-0.6697197537553844
0,32.7846,3.703125,-0.6772328501526961
0,32.7846,3.7062500000000003,-0.6848701726549232
0,32.7846,3.709375,-0.6926343781356733
0,32.7846,3.7125000000000004,-0.7005281932993979
0,32.7846,3.715625,-0.7085544167830802
0,32.7846,3.71875,-0.7167159213214463
0,32.7846,3.7218750000000003,-0.7250156559770807
0,32.7846,3.725,-0.7334566484368541
0,32.7846,3.7281250000000004,-0.7420420073760666
0,32.7846,3.73125,-0.75077492489165
0,32.7846,3.734375,-0.7596586790058274
0,32.7846,3.7375000000000003,-0.7686966362415514
0,32.7846,3.740625,-0.7778922542710622
0,32.7846,3.7437500000000004,-0.7872490846389056
0,32.7846,3.746875,-0.7967707755606751
0,32.7846,3.75,-0.8064610747988201
0,32.7846,3.7531250000000003,-0.8163238326167669
0,32.7846,3.75625,-0.8263630048126259
0,32.7846,3.7593750000000004,-0.8365826558337867
0,32.7846,3.7625,-0.8469869619735931
0,32.7846,3.765625,-0.8575802146514273
0,32.7846,3.7687500000000003,-0.8683668237773897
0,32.7846,3.771875,-0.879351321202856
0,32.7846,3.7750000000000004,-0.8905383642581666
0,32.7846,3.778125,-0.9019327393786585
0,32.7846,3.78125,-0.91353936582031
0,32.7846,3.7843750000000003,-0.9253632994661789
0,32.7846,3.7875,-0.9374097367248294
0,32.7846,3.7906250000000004,-0.9496840185219054
0,32.7846,3.79375,-0.9621916343858321
0,32.7846,3.796875,-0.9749382266286728
0,32.7846,3.8000000000000003,-0.9879295946228378
0,32.7846,3.803125,-1.0011716991742232
0,32.7846,3.8062500000000004,-1.0146706669920404
0,32.7846,3.809375,-1.0284327952551222
0,32.7846,3.8125,-1.0424645562740706
0,32.7846,3.8156250000000003,-1.0567726022478303
0,32.7846,3.81875,-1.0713637701124983
0,32.7846,3.8218750000000004,-1.0862450864790627
0,32.7846,3.825,-1.1014237726554426
0,32.7846,3.828125,-1.116907249746607
0,32.7846,3.8312500000000003,-1.1327031438245474
0,32.7846,3.834375,-1.148819291157525
0,32.7846,3.8375000000000004,-1.1652637434852509
0,32.7846,3.840625,-1.1820447733232116
0,32.7846,3.84375,-1.1991708792756262
0,32.7846,3.8468750000000003,-1.216650791331819
0,32.7846,3.85,-1.2344934761156905
0,32.7846,3.8531250000000004,-1.2527081420519641
0,32.7846,3.85625,-1.2713042444060112
0,32.7846,3.859375,-1.2902914901465037
0,32.7846,3.8625000000000003,-1.309679842571439
0,32.7846,3.865625,-1.3294795256285608
0,32.7846,3.8687500000000004,-1.349701027850672
0,32.7846,3.871875,-1.3703551058146182
0,32.7846,3.875,-1.3914527870202713
0,32.7846,3.8781250000000003,-1.4130053720719782
0,32.7846,3.88125,-1.435024436030389
0,32.7846,3.8843750000000004,-1.4575218287868827
0,32.7846,3.8875,-1.4805096742960575
0,32.7846,3.890625,-1.5040003684844083
0,32.7846,3.8937500000000003,-1.5280065756347696
0,32.7846,3.896875,-1.552541223027103
0,32.7846,3.9000000000000004,-1.5776174935964045
0,32.7846,3.903125,-1.6032488163480436
0,32.7846,3.90625,-1.6294488542501258
0,32.7846,3.9093750000000003,-1.6562314893010317
0,32.7846,3.9125,-1.6836108044488183
0,32.7846,3.9156250000000004,-1.7116010620173356
0,32.7846,3.91875,-1.7402166782718602
0,32.7846,3.921875,-1.769472193735262
0,32.7846,3.9250000000000003,-1.7993822388435827
0,32.7846,3.928125,-1.8299614945082903
0,32.7846,3.9312500000000004,-1.861224647131089
0,32.7846,3.934375,-1.8931863375960727
0,32.7846,3.9375,-1.9258611037440936
0,32.7846,3.9406250000000003,-1.9592633158148116
0,32.7846,3.94375,-1.993407104324392
0,32.7846,3.9468750000000004,-2.028306279830951
0,32.7846,3.95,-2.063974244026533
0,32.7846,3.953125,-2.100423891584643
0,32.7846,3.9562500000000003,-2.137667502186545
0,32.7846,3.959375,-2.175716622149308
0,32.7846,3.9625000000000004,-2.2145819350851412
0,32.7846,3.965625,-2.2542731210361078
0,32.7846,3.96875,-2.2947987035534156
0,32.7846,3.9718750000000003,-2.3361658842271353
0,32.7846,3.975,-2.378380364223766
0,32.7846,3.9781250000000004,-2.421446152457154
0,32.7846,3.98125,-2.465365360105814
0,32.7846,3.984375,-2.5101379813001397
0,32.7846,3.9875000000000003,-2.555761659938023
0,32.7846,3.990625,-2.602231442751561
0,32.7846,3.9937500000000004,-2.649539518942745
0,32.7846,3.996875,-2.6976749469354444
0,32.7846,4.0,-2.7466233690580797
0,32.7846,4.003125000000001,-2.796366715276994
0,32.7846,4.00625,-2.846882897448012
0,32.7846,4.009375,-2.8981454959434303
0,32.7846,4.0125,-2.95012344094271
0,32.7846,4.015625,-3.00278069115006
0,32.7846,4.018750000000001,-3.056075913213095
0,32.7846,4.021875,-3.1099621656652943
0,32.7846,4.025,-3.1643865917914775
0,32.7846,4.028125,-3.219290126412002
0,32.7846,4.03125,-3.274607222190107
0,32.7846,4.034375000000001,-3.3302656016689673
0,32.7846,4.0375,-3.3861860418293404
0,32.7846,4.040625,-3.4422821985017356
0,32.7846,4.04375,-3.4984604784461872
0,32.7846,4.046875,-3.554619967304236
0,32.7846,4.050000000000001,-3.610652421897289
0,32.7846,4.053125,-3.6664423354662197
0,32.7846,4.05625,-3.721867084381444
0,32.7846,4.059375,-3.7767971645664784
0,32.7846,4.0625,-3.8310965253393334
0,32.7846,4.065625000000001,-3.88462300754866
0,32.7846,4.06875,-3.9372288917424654
0,32.7846,4.071875,-3.988761560633491
0,32.7846,4.075,-4.039064278306049
0,32.7846,4.078125,-4.087977086450004
0,32.7846,4.081250000000001,-4.135337815420914
0,32.7846,4.084375,-4.180983205152
0,32.7846,4.0875,-4.22475012793507
0,32.7846,4.090625,-4.26647690192004
0,32.7846,4.09375,-4.306004680953188
0,32.7846,4.096875000000001,-4.3431789031925705
0,32.7846,4.1,-4.377850777936068
0,32.7846,4.103125,-4.409878787407836
0,32.7846,4.10625,-4.4391301780117445
0,32.7846,4.109375,-4.465482413912314
0,32.7846,4.112500000000001,-4.4888245648611145
0,32.7846,4.115625,-4.5090586000519925
0,32.7846,4.11875,-4.526100560526892
0,32.7846,4.121875,-4.539881584297651
0,32.7846,4.125,-4.550348760887376
0,32.7846,4.128125000000001,-4.55746579537187
0,32.7846,4.13125,-4.56121346612024
0,32.7846,4.134375,-4.561589865154698
0,32.7846,4.1375,-4.55861041520227
0,32.7846,4.140625,-4.5523076628989525
0,32.7846,4.143750000000001,-4.542730853021395
0,32.7846,4.146875,-4.529945293850664
0,32.7846,4.15,-4.514031528617264
0,32.7846,4.153125,-4.495084332257348
0,32.7846,4.15625,-4.47321155627856
0,32.7846,4.159375000000001,-4.448532847281814
0,32.7846,4.1625,-4.42117826654444
0,32.7846,4.165625,-4.391286839018208
0,32.7846,4.16875,-4.359005060152954
0,32.7846,4.171875,-4.324485388179343
0,32.7846,4.175000000000001,-4.287884747965545
0,32.7846,4.178125,-4.249363070415317
0,32.7846,4.18125,-4.209081888731686
0,32.7846,4.184375,-4.1672030098719
0,32.7846,4.1875,-4.123887276302002
0,32.7846,4.190625000000001,-4.079293429860635
0,32.7846,4.19375,-4.0335770862774405
0,32.7846,4.196875,-3.9868898257681065
0,32.7846,4.2,-3.9393784022295883
0,32.7846,4.203125,-3.8911840709473946
0,32.7846,4.206250000000001,-3.842442032448938
0,32.7846,4.209375,-3.793280988213697
0,32.7846,4.2125,-3.7438228023917755
0,32.7846,4.215625,-3.694182262480261
0,32.7846,4.21875,-3.644466931039521
0,32.7846,4.221875000000001,-3.5947770799755765
0,32.7846,4.225,-3.5452056986314684
0,32.7846,4.228125,-3.4958385668844496
0,32.7846,4.23125,-3.446754384598398
0,32.7846,4.234375,-3.3980249490897605
0,32.7846,4.237500000000001,-3.3497153726989275
0,32.7846,4.240625,-3.3018843330782572
0,32.7846,4.24375,-3.254584349386337
0,32.7846,4.246875,-3.2078620781887444
0,32.7846,4.25,-3.161758623484787
0,32.7846,4.253125000000001,-3.116309855893988
0,32.7846,4.25625,-3.071546736627584
0,32.7846,4.259375,-3.027495642432249
0,32.7846,4.2625,-2.9841786882183516
0,32.7846,4.265625,-2.9416140445677423
0,32.7846,4.268750000000001,-2.89981624775807
0,32.7846,4.271875,-2.858796500339054
0,32.7846,4.275,-2.8185629606543188
0,32.7846,4.278125,-2.779121020023577
0,32.7846,4.28125,-2.7404735665844533
0,32.7846,4.284375000000001,-2.702621235048728
0,32.7846,4.2875,-2.6655626418535054
0,32.7846,4.290625,-2.6292946053896884
0,32.7846,4.29375,-2.5938123511704987
0,32.7846,4.296875,-2.559109701962301
0,32.7846,4.300000000000001,-2.525179253043542
0,32.7846,4.303125,-2.4920125328834195
0,32.7846,4.30625,-2.45960014964285
0,32.7846,4.309375,-2.4279319239968706
0,32.7846,4.3125,-2.3969970088581403
0,32.7846,4.315625000000001,-2.3667839966490725
0,32.7846,4.31875,-2.337281014822151
0,32.7846,4.321875,-2.308475810366406
0,32.7846,4.325,-2.280355824063028
0,32.7846,4.328125,-2.2529082552636415
0,32.7846,4.331250000000001,-2.226120117964391
0,32.7846,4.334375,-2.199978288936087
0,32.7846,4.3375,-2.174469548648504
0,32.7846,4.340625,-2.1495806156967636
0,32.7846,4.34375,-2.1252981754003293
0,32.7846,4.346875000000001,-2.101608903204582
0,32.7846,4.35,-2.0784994834709414
0,32.7846,4.353125,-2.0559566241976723
0,32.7846,4.35625,-2.0339670681715925
0,32.7846,4.359375,-2.012517601011439
0,32.7846,4.362500000000001,-1.9915950565303744
0,32.7846,4.365625,-1.9711863198172512
0,32.7846,4.36875,-1.9512783284161777
0,32.7846,4.371875,-1.9318580719722143
0,32.7846,4.375,-1.912912590706999
0,32.7846,4.378125000000001,-1.8944289730934105
0,32.7846,4.38125,-1.8763943531107898
0,32.7846,4.384375,-1.8587959074817495
0,32.7846,4.3875,-1.8416208533167766
0,32.7846,4.390625,-1.8248564466204742
0,32.7846,4.393750000000001,-1.8084899821424967
0,32.7846,4.396875,-1.79250879508212
0,32.7846,4.4,-1.7769002651752652
0,32.7846,4.403125,-1.7616518237023844
0,32.7846,4.40625,-1.7467509639496037
0,32.7846,4.409375000000001,-1.7321852556306219
0,32.7846,4.4125,-1.7179423637271265
0,32.7846,4.415625,-1.7040100721278104
0,32.7846,4.41875,-1.6903763123372313
0,32.7846,4.421875,-1.6770291973831604
0,32.7846,4.425000000000001,-1.6639570608761736
0,32.7846,4.428125,-1.6511485009691822
0,32.7846,4.43125,-1.6385924287334475
0,32.7846,4.434375,-1.6262781202196297
0,32.7846,4.4375,-1.6141952712182253
0,32.7846,4.440625000000001,-1.6023340534886432
0,32.7846,4.44375,-1.5906851710052903
0,32.7846,4.446875,-1.5792399145905929
0,32.7846,4.45,-1.5679902131858794
0,32.7846,4.453125,-1.5569286799663384
0,32.7846,4.456250000000001,-1.546048651548572
0,32.7846,4.459375,-1.5353442186739281
0,32.7846,4.4625,-1.5248102469785778
0,32.7846,4.465625,-1.514442386774638
0,32.7846,4.46875,-1.504237071150399
0,32.7846,4.471875000000001,-1.4941915021316132
0,32.7846,4.475,-1.484303625102686
0,32.7846,4.478125,-1.4745720921386194
0,32.7846,4.48125,-1.464996215316594
0,32.7846,4.484375,-1.4555759114338203
0,32.7846,4.487500000000001,-1.4463116398355684
0,32.7846,4.490625,-1.4372043352391157
0,32.7846,4.49375,-1.4282553375201343
0,32.7846,4.496875,-1.4194663204094016
0,32.7846,4.5,-1.410839220938134
0,32.7846,4.503125000000001,-1.4023761712850773
0,32.7846,4.50625,-1.394079434435493
0,32.7846,4.509375,-1.3859513447821241
0,32.7846,4.5125,-1.3779942545013397
0,32.7846,4.515625,-1.3702104862419613
0,32.7846,4.518750000000001,-1.3626022923860304
0,32.7846,4.521875,-1.3551718208911785
0,32.7846,4.525,-1.3479210875117469
0,32.7846,4.528125,-1.3408519540246835
0,32.7846,4.53125,-1.3339661119569912
0,32.7846,4.534375000000001,-1.3272650712232106
0,32.7846,4.5375,-1.3207501530296426
0,32.7846,4.540625,-1.3144224863823755
0,32.7846,4.54375,-1.3082830075428904
0,32.7846,4.546875,-1.3023324618022398
0,32.7846,4.550000000000001,-1.2965714069874497
0,32.7846,4.553125,-1.2910002181665519
0,32.7846,4.55625,-1.2856190930775848
0,32.7846,4.559375,-1.2804280578685756
0,32.7846,4.5625,-1.2754269727968857
0,32.7846,4.565625000000001,-1.270615537596018
0,32.7846,4.56875,-1.2659932962740301
0,32.7846,4.571875,-1.2615596411597982
0,32.7846,4.575,-1.2573138160608919
0,32.7846,4.578125,-1.253254918439693
0,32.7846,4.581250000000001,-1.2493819005530398
0,32.7846,4.584375,-1.2456935695352223
0,32.7846,4.5875,-1.2421885864351525
0,32.7846,4.590625,-1.2388654642466506
0,32.7846,4.59375,-1.2357225649961963
0,32.7846,4.596875000000001,-1.2327580959760414
0,32.7846,4.6,-1.2299701052324048
0,32.7846,4.603125,-1.2273564764390397
0,32.7846,4.60625,-1.2249149233060337
0,32.7846,4.609375,-1.2226429836922164
0,32.7846,4.612500000000001,-1.2205380136073134
0,32.7846,4.615625,-1.2185971813065721
0,32.7846,4.61875,-1.2168174616959568
0,32.7846,4.621875,-1.2151956312797458
0,32.7846,4.625,-1.2137282638939078
0,32.7846,4.628125000000001,-1.2124117274775497
0,32.7846,4.63125,-1.2112421821402082
0,32.7846,4.634375,-1.210215579784167
0,32.7846,4.6375,-1.2093276655375627
0,32.7846,4.640625,-1.2085739812450735
0,32.7846,4.643750000000001,-1.2079498712478174
0,32.7846,4.646875,-1.2074504906622474
0,32.7846,4.65,-1.20707081633892
0,32.7846,4.653125,-1.2068056606459832
0,32.7846,4.65625,-1.2066496881792586
0,32.7846,4.659375000000001,-1.2065974354513418
0,32.7846,4.6625,-1.2066433335571063
0,32.7846,4.665625,-1.2067817337534292
0,32.7846,4.66875,-1.2070069358284643
0,32.7846,4.671875,-1.2073132190718379
0,32.7846,4.675000000000001,-1.2076948755937815
0,32.7846,4.678125,-1.208146245680131
0,32.7846,4.68125,-1.2086617548132106
0,32.7846,4.684375,-1.2092359519374158
0,32.7846,4.6875,-1.2098635485040785
0,32.7846,4.690625000000001,-1.2105394577938484
0,32.7846,4.69375,-1.211258833986795
0,32.7846,4.696875,-1.212017110430679
0,32.7846,4.7,-1.2128100365460825
0,32.7846,4.703125,-1.2136337128026449
0,32.7846,4.706250000000001,-1.2144846232027071
0,32.7846,4.709375,-1.215359664716617
0,32.7846,4.7125,-1.2162561731270787
0,32.7846,4.715625,-1.2171719447581486
0,32.7846,4.71875,-1.2181052535878332
0,32.7846,4.721875000000001,-1.2190548632723028
0,32.7846,4.725,-1.220020033645382
0,32.7846,4.728125,-1.2210005213002404
0,32.7846,4.73125,-1.22199657391208
0,32.7846,4.734375,-1.2230089180220414
0,32.7846,4.737500000000001,-1.2240387400737431
0,32.7846,4.740625,-1.2250876605746899
0,32.7846,4.74375,-1.2261577013443004
0,32.7846,4.746875,-1.2272512459066995
0,32.7846,4.75,-1.2283709931875606
0,32.7846,4.753125000000001,-1.2295199047771503
0,32.7846,4.75625,-1.2307011461234683
0,32.7846,4.759375,-1.2319180221168855
0,32.7846,4.7625,-1.2331739076183215
0,32.7846,4.765625,-1.234472173564792
0,32.7846,4.768750000000001,-1.2358161093576507
0,32.7846,4.771875,-1.2372088422998802
0,32.7846,4.775,-1.2386532548996847
0,32.7846,4.778125,-1.240151900899914
0,32.7846,4.78125,-1.2417069209285292
0,32.7846,4.784375000000001,-1.2433199586968215
0,32.7846,4.7875,-1.244992078702109
0,32.7846,4.790625,-1.2467236864225673
0,32.7846,4.79375,-1.2485144520254992
0,32.7846,4.796875,-1.2503632386478403
0,32.7846,4.800000000000001,-1.2522680363486753
0,32.7846,4.803125,-1.25422590287643
0,32.7846,4.80625,-1.2562329124348546
0,32.7846,4.809375,-1.2582841136668645
0,32.7846,4.8125,-1.2603734980970365
0,32.7846,4.815625000000001,-1.2624939802739084
0,32.7846,4.81875,-1.264637390822981
0,32.7846,4.821875,-1.2667944835509466
0,32.7846,4.825,-1.2689549576220225
0,32.7846,4.828125,-1.2711074956508632
0,32.7846,4.831250000000001,-1.2732398183184865
0,32.7846,4.834375,-1.2753387558170133
0,32.7846,4.8375,-1.2773903360698622
0,32.7846,4.840625,-1.2793798892657362
0,32.7846,4.84375,-1.2812921678030682
0,32.7846,4.846875000000001,-1.2831114802869041
0,32.7846,4.85,-1.2848218377778071
0,32.7846,4.853125,-1.2864071100888474
0,32.7846,4.85625,-1.2878511895888147
0,32.7846,4.859375,-1.2891381597204317
0,32.7846,4.862500000000001,-1.290252465298305
0,32.7846,4.865625,-1.29117908162115
0,32.7846,4.86875,-1.2919036795148315
0,32.7846,4.871875,-1.2924127836058679
0,32.7846,4.875,-1.2926939213894388
0,32.7846,4.878125000000001,-1.2927357609758376
0,32.7846,4.88125,-1.2925282357465135
0,32.7846,4.884375,-1.2920626544979448
0,32.7846,4.8875,-1.2913317959758217
0,32.7846,4.890625,-1.2903299869873277
0,32.7846,4.893750000000001,-1.2890531635181972
0,32.7846,4.896875,-1.287498914474174
0,32.7846,4.9,-1.2856665078213185
0,32.7846,4.903125,-1.2835568990289667
0,32.7846,4.90625,-1.2811727218380313
0,32.7846,4.909375000000001,-1.2785182615005686
0,32.7846,4.9125,-1.2755994107762139
0,32.7846,4.915625,-1.272423609135058
0,32.7846,4.91875,-1.2689997658076837
0,32.7846,4.921875,-1.2653381675384803
0,32.7846,4.925000000000001,-1.2614503721311212
0,32.7846,4.928125,-1.2573490891137975
0,32.7846,4.93125,-1.2530480490834273
0,32.7846,4.934375,-1.2485618634983693
0,32.7846,4.9375,-1.2439058768646503
0,32.7846,4.940625000000001,-1.239096013389921
0,32.7846,4.94375,-1.234148620253436
0,32.7846,4.946875,-1.2290803096542435
0,32.7846,4.95,-1.2239078017521563
0,32.7846,4.953125,-1.21864777050923
0,32.7846,4.956250000000001,-1.213316694279619
0,32.7846,4.959375,-1.2079307127911516
0,32.7846,4.9625,-1.202505491923925
0,32.7846,4.965625,-1.1970560974316742
0,32.7846,4.96875,-1.191596878482841
0,32.7846,4.971875000000001,-1.1861413616327625
0,32.7846,4.975,-1.1807021555865111
0,32.7846,4.978125,-1.1752908668836055
0,32.7846,4.98125,-1.169918026438061
0,32.7846,4.984375,-1.1645930267053388
0,32.7846,4.987500000000001,-1.1593240691248818
0,32.7846,4.990625,-1.1541181214037415
0,32.7846,4.99375,-1.1489808841625861
0,32.7846,4.996875,-1.1439167664575418
0,32.7846,5.0,-1.1389288697158837
0,32.7846,5.003125,-1.1340189796759659
0,32.7846,5.0062500000000005,-1.1291875659960515
0,32.7846,5.009375,-1.1244337892871963
0,32.7846,5.0125,-1.1197555154253822
0,32.7846,5.015625,-1.1151493371016432
0,32.7846,5.01875,-1.110610602669375
0,32.7846,5.0218750000000005,-1.106133452439351
0,32.7846,5.025,-1.1017108626493333
0,32.7846,5.028125,-1.0973346973909381
0,32.7846,5.03125,-1.0929957688068297
0,32.7846,5.034375,-1.0886839058718194
0,32.7846,5.0375000000000005,-1.0843880320386559
0,32.7846,5.040625,-1.0800962519605455
0,32.7846,5.04375,-1.0757959473963508
0,32.7846,5.046875,-1.0714738822609586
0,32.7846,5.05,-1.0671163166038953
0,32.7846,5.0531250000000005,-1.0627091290872575
0,32.7846,5.05625,-1.0582379472943562
0,32.7846,5.059375,-1.0536882849401128
0,32.7846,5.0625,-1.0490456847820686
0,32.7846,5.065625,-1.0442958657570416
0,32.7846,5.0687500000000005,-1.0394248726050548
0,32.7846,5.071875,-1.0344192260016558
0,32.7846,5.075,-1.0292660710152637
0,32.7846,5.078125,-1.0239533215505066
0,32.7846,5.08125,-1.018469798343276
0,32.7846,5.0843750000000005,-1.0128053580483336
0,32.7846,5.0875,-1.0069510110130397
0,32.7846,5.090625,-1.0008990254651349
0,32.7846,5.09375,-0.9946430160589491
0,32.7846,5.096875,-0.9881780150188959
0,32.7846,5.1000000000000005,-0.9815005244840082
0,32.7846,5.103125,-0.9746085490805124
0,32.7846,5.10625,-0.967501608215723
0,32.7846,5.109375,-0.9601807280778338
0,32.7846,5.1125,-0.9526484138223377
0,32.7846,5.1156250000000005,-0.9449086029062793
0,32.7846,5.11875,-0.9369666009759684
0,32.7846,5.121875,-0.9288290021033617
0,32.7846,5.125,-0.9205035954852937
0,32.7846,5.128125,-0.9119992609554787
0,32.7846,5.1312500000000005,-0.9033258558041012
0,32.7846,5.134375,-0.8944940954507823
0,32.7846,5.1375,-0.8855154304758883
0,32.7846,5.140625,-0.8764019223899371
0,32.7846,5.14375,-0.8671661203226078
0,32.7846,5.1468750000000005,-0.857820940557285
0,32.7846,5.15,-0.8483795505419849
0,32.7846,5.153125,-0.8388552586921921
0,32.7846,5.15625,-0.8292614109847694
0,32.7846,5.159375,-0.8196112950418483
0,32.7846,5.1625000000000005,-0.8099180521341051
0,32.7846,5.165625,-0.8001945973042444
0,32.7846,5.16875,-0.7904535476295782
0,32.7846,5.171875,-0.7807071585084
0,32.7846,5.175,-0.7709672677647023
0,32.7846,5.1781250000000005,-0.7612452473130641
0,32.7846,5.18125,-0.7515519621009779
0,32.7846,5.184375,-0.7418977360392873
0,32.7846,5.1875,-0.7322923246335058
0,32.7846,5.190625,-0.722744894030968
0,32.7846,5.1937500000000005,-0.7132640061956725
0,32.7846,5.196875,-0.7038576099107849
0,32.7846,5.2,-0.6945330372874761
0,32.7846,5.203125,-0.6852970054297215
0,32.7846,5.20625,-0.6761556228705188
0,32.7846,5.2093750000000005,-0.6671144003598821
0,32.7846,5.2125,-0.6581782655525931
0,32.7846,5.215625,-0.6493515811176392
0,32.7846,5.21875,-0.6406381657742927
0,32.7846,5.221875,-0.63204131775333
0,32.7846,5.2250000000000005,-0.6235638401867674
0,32.7846,5.228125,-0.6152080679452109
0,32.7846,5.23125,-0.6069758954672829
0,32.7846,5.234375,-0.5988688051591793
0,32.7846,5.2375,-0.5908878959818374
0,32.7846,5.2406250000000005,-0.5830339118868356
0,32.7846,5.24375,-0.575307269807703
0,32.7846,5.246875,-0.5677080869591059
0,32.7846,5.25,-0.5602362072410698
0,32.7846,5.253125,-0.5528912265874916
0,32.7846,5.2562500000000005,-0.5456725171371946
0,32.7846,5.259375,-0.5385792501408886
0,32.7846,5.2625,-0.531610417548391
0,32.7846,5.265625,-0.5247648522473615
0,32.7846,5.26875,-0.5180412469474925
0,32.7846,5.2718750000000005,-0.5114381717229822
0,32.7846,5.275,-0.50495409024141
0,32.7846,5.278125,-0.49858737471913644
0,32.7846,5.28125,-0.4923363196525849
0,32.7846,5.284375,-0.4861991543814023
0,32.7846,5.2875000000000005,-0.4801740545440802
0,32.7846,5.290625,-0.47425915248940653
0,32.7846,5.29375,-0.46845254670836917
0,32.7846,5.296875,-0.46275231035130343
0,32.7846,5.3,-0.4571564988941663
0,32.7846,5.3031250000000005,-0.45166315701625565
0,32.7846,5.30625,-0.4462703247495506
0,32.7846,5.309375,-0.44097604295726484
0,32.7846,5.3125,-0.4357783581964192
0,32.7846,5.315625,-0.43067532701618744
0,32.7846,5.3187500000000005,-0.4256650197406958
0,32.7846,5.321875,-0.4207455237818459
0,32.7846,5.325,-0.4159149465245988
0,32.7846,5.328125,-0.41117141782419664
0,32.7846,5.33125,-0.40651309215182485
0,32.7846,5.3343750000000005,-0.401938150422443
0,32.7846,5.3375,-0.39744480153584627
0,32.7846,5.340625,-0.3930312836594791
0,32.7846,5.34375,-0.38869586527918737
0,32.7846,5.346875,-0.3844368460418384
0,32.7846,5.3500000000000005,-0.3802525574116898
0,32.7846,5.353125,-0.3761413631604598
0,32.7846,5.35625,-0.3721016597092495
0,32.7846,5.359375,-0.36813187633885536
0,32.7846,5.3625,-0.36423047528345687
0,32.7846,5.3656250000000005,-0.3603959517212773
0,32.7846,5.36875,-0.35662683367454173
0,32.7846,5.371875,-0.35292168182985606
0,32.7846,5.375,-0.34927908928908574
0,32.7846,5.378125,-0.3456976812597973
0,32.7846,5.3812500000000005,-0.34217611469344583
0,32.7846,5.384375,-0.33871307787867316
0,32.7846,5.3875,-0.33530728999631404
0,32.7846,5.390625,-0.3319575006420672
0,32.7846,5.39375,-0.32866248932213565
0,32.7846,5.3968750000000005,-0.3254210649265982
0,32.7846,5.4,-0.3222320651847716
0,32.7846,5.403125,-0.31909435610633985
0,32.7846,5.40625,-0.31600683141164626
0,32.7846,5.409375,-0.3129684119541304
0,32.7846,5.4125000000000005,-0.3099780451375761
0,32.7846,5.415625,-0.3070347043305232
0,32.7846,5.41875,-0.3041373882799022
0,32.7846,5.421875,-0.3012851205257347
0,32.7846,5.425,-0.29847694881847997
0,32.7846,5.4281250000000005,-0.2957119445404271
0,32.7846,5.43125,-0.2929892021323484
0,32.7846,5.434375,-0.29030783852644626
0,32.7846,5.4375,-0.287666992586513
0,32.7846,5.440625,-0.28506582455605345
0,32.7846,5.4437500000000005,-0.2825035155150299
0,32.7846,5.446875,-0.27997926684576796
0,32.7846,5.45,-0.2774922997084707
0,32.7846,5.453125,-0.2750418545267077
0,32.7846,5.45625,-0.27262719048317
0,32.7846,5.4593750000000005,-0.27024758502590446
0,32.7846,5.4625,-0.26790233338520275
0,32.7846,5.465625,-0.2655907481012396
0,32.7846,5.46875,-0.2633121585625393
0,32.7846,5.471875,-0.26106591055528366
0,32.7846,5.4750000000000005,-0.25885136582344975
0,32.7846,5.478125,-0.25666790163973846
0,32.7846,5.48125,-0.25451491038720936
0,32.7846,5.484375,-0.25239179915154114
0,32.7846,5.4875,-0.2502979893237887
0,32.7846,5.4906250000000005,-0.2482329162135095
0,32.7846,5.49375,-0.24619602867210746
0,32.7846,5.496875,-0.24418678872622848
0,32.7846,5.5,-0.2422046712210421
0,32.7846,5.503125,-0.24024916347322225
0,32.7846,5.5062500000000005,-0.2383197649334375
0,32.7846,5.509375,-0.23641598685816098
0,32.7846,5.5125,-0.2345373519905935
0,32.7846,5.515625,-0.23268339425050477
0,32.7846,5.51875,-0.2308536584327839
0,32.7846,5.5218750000000005,-0.22904769991449433
0,32.7846,5.525,-0.22726508437022827
0,32.7846,5.528125,-0.22550538749555002
0,32.7846,5.53125,-0.22376819473832993
0,32.7846,5.534375,-0.22205310103775927
0,32.7846,5.5375000000000005,-0.22035971057084602
0,32.7846,5.540625,-0.21868763650619513
0,32.7846,5.54375,-0.21703650076486647
0,32.7846,5.546875,-0.2154059337881298
0,32.7846,5.55,-0.2137955743119136
0,32.7846,5.5531250000000005,-0.2122050691477678
0,32.7846,5.55625,-0.2106340729701531
0,32.7846,5.559375,-0.2090822481098744
0,32.7846,5.5625,-0.20754926435348703
0,32.7846,5.565625,-0.20603479874849842
0,32.7846,5.5687500000000005,-0.20453853541419756
0,32.7846,5.571875,-0.20306016535794966
0,32.7846,5.575,-0.20159938629678845
0,32.7846,5.578125,-0.20015590248415907
0,32.7846,5.58125,-0.19872942454164924
0,32.7846,5.5843750000000005,-0.19731966929556607
0,32.7846,5.5875,-0.19592635961821167
0,32.7846,5.590625,-0.1945492242737132
0,32.7846,5.59375,-0.19318799776827644
0,32.7846,5.596875,-0.1918424202047249
0,32.7846,5.6000000000000005,-0.19051223714119644
0,32.7846,5.603125,-0.18919719945387248
0,32.7846,5.60625,-0.18789706320361393
0,32.7846,5.609375,-0.18661158950639042
0,32.7846,5.6125,-0.18534054440738382
0,32.7846,5.6156250000000005,-0.1840836987586556
0,32.7846,5.61875,-0.182840828100271
0,32.7846,5.621875,-0.18161171254477027
0,32.7846,5.625,-0.18039613666489163
0,32.7846,5.628125,-0.17919388938444164
0,32.7846,5.6312500000000005,-0.17800476387222
0,32.7846,5.634375,-0.1768285574389061
0,32.7846,5.6375,-0.175665071436814
0,32.7846,5.640625,-0.17451411116243307
0,32.7846,5.64375,-0.17337548576166764
0,32.7846,5.6468750000000005,-0.1722490081376929
0,32.7846,5.65,-0.17113449486135127
0,32.7846,5.653125,-0.1700317660840061
0,32.7846,5.65625,-0.16894064545278625
0,32.7846,5.659375,-0.16786096002814327
0,32.7846,5.6625000000000005,-0.1667925402036543
0,32.7846,5.665625,-0.16573521962800358
0,32.7846,5.66875,-0.16468883512907365
0,32.7846,5.671875,-0.16365322664008777
0,32.7846,5.675,-0.1626282371277386
0,32.7846,5.6781250000000005,-0.16161371252224563
0,32.7846,5.68125,-0.16060950164928336
0,32.7846,5.684375,-0.15961545616372227
0,32.7846,5.6875,-0.15863143048513437
0,32.7846,5.690625,-0.15765728173500435
0,32.7846,5.6937500000000005,-0.15669286967560067
0,32.7846,5.696875,-0.15573805665045645
0,32.7846,5.7,-0.15479270752640958
0,32.7846,5.703125,-0.1538566896371623
0,32.7846,5.70625,-0.15292987272830955
0,32.7846,5.7093750000000005,-0.15201212890379753
0,32.7846,5.7125,-0.15110333257376954
0,32.7846,5.715625,-0.15020336040375548
0,32.7846,5.71875,-0.14931209126517225
0,32.7846,5.721875,-0.14842940618709133
0,32.7846,5.7250000000000005,-0.14755518830924075
0,32.7846,5.728125,-0.1466893228362037
0,32.7846,5.73125,-0.14583169699277965
0,32.7846,5.734375,-0.1449821999804762
0,32.7846,5.7375,-0.14414072293509766
0,32.7846,5.7406250000000005,-0.14330715888539994
0,32.7846,5.74375,-0.14248140271278162
0,32.7846,5.746875,-0.14166335111198017
0,32.7846,5.75,-0.14085290255274752
0,32.7846,5.753125,-0.14004995724247574
0,32.7846,5.7562500000000005,-0.13925441708974573
0,32.7846,5.759375,-0.13846618566877547
0,32.7846,5.7625,-0.1376851681847385
0,32.7846,5.765625,-0.136911271439933
0,32.7846,5.76875,-0.13614440380077458
0,32.7846,5.7718750000000005,-0.13538447516559168
0,32.7846,5.775,-0.1346313969332007
0,32.7846,5.778125,-0.133885081972239
0,32.7846,5.78125,-0.1331454445912357
0,32.7846,5.784375,-0.13241240050940073
0,32.7846,5.7875000000000005,-0.13168586682811007
0,32.7846,5.790625,-0.1309657620030716
0,32.7846,5.79375,-0.13025200581714946
0,32.7846,5.796875,-0.129544519353832
0,32.7846,5.800000000000001,-0.12884322497132517
0,32.7846,5.8031250000000005,-0.1281480462772538
0,32.7846,5.80625,-0.12745890810395466
0,32.7846,5.809375,-0.12677573648434626
0,32.7846,5.8125,-0.12609845862835947
0,32.7846,5.815625000000001,-0.12542700289991404
0,32.7846,5.8187500000000005,-0.12476129879442731
0,32.7846,5.821875,-0.12410127691683856
0,32.7846,5.825,-0.12344686896013958
0,32.7846,5.828125,-0.12279800768439432
0,32.7846,5.831250000000001,-0.12215462689623716
0,32.7846,5.8343750000000005,-0.12151666142883642
0,32.7846,5.8375,-0.12088404712231064
0,32.7846,5.840625,-0.1202567208045868
0,32.7846,5.84375,-0.11963462027268912
0,32.7846,5.846875000000001,-0.11901768427444585
0,32.7846,5.8500000000000005,-0.11840585249060584
0,32.7846,5.853125,-0.11779906551735084
0,32.7846,5.85625,-0.11719726484919758
0,32.7846,5.859375,-0.11660039286227664
0,32.7846,5.862500000000001,-0.11600839279797946
0,32.7846,5.8656250000000005,-0.11542120874696524
0,32.7846,5.86875,-0.11483878563351614
0,32.7846,5.871875,-0.1142610692002353
0,32.7846,5.875,-0.11368800599307616
0,32.7846,5.878125000000001,-0.11311954334669648
0,32.7846,5.8812500000000005,-0.11255562937012945
0,32.7846,5.884375,-0.11199621293276103
0,32.7846,5.8875,-0.11144124365061009
0,32.7846,5.890625,-0.11089067187290062
0,32.7846,5.893750000000001,-0.11034444866892062
0,32.7846,5.8968750000000005,-0.10980252581516023
0,32.7846,5.9,-0.10926485578272091
0,32.7846,5.903125,-0.10873139172499174
0,32.7846,5.90625,-0.1082020874655842
0,32.7846,5.909375000000001,-0.10767689748651982
0,32.7846,5.9125000000000005,-0.10715577691666503
0,32.7846,5.915625,-0.10663868152040613
0,32.7846,5.91875,-0.1061255676865601
0,32.7846,5.921875,-0.10561639241751478
0,32.7846,5.925000000000001,-0.10511111331859238
0,32.7846,5.9281250000000005,-0.10460968858763292
0,32.7846,5.93125,-0.10411207700478946
0,32.7846,5.934375,-0.10361823792253357
0,32.7846,5.9375,-0.103128131255863
0,32.7846,5.940625000000001,-0.10264171747270869
0,32.7846,5.9437500000000005,-0.10215895758453651
0,32.7846,5.946875,-0.10167981313713685
0,32.7846,5.95,-0.10120424620160098
0,32.7846,5.953125,-0.10073221936547809
0,32.7846,5.956250000000001,-0.10026369572410802
0,32.7846,5.9593750000000005,-0.09979863887212803
0,32.7846,5.9625,-0.09933701289514696
0,32.7846,5.965625,-0.0988787823615848
0,32.7846,5.96875,-0.09842391231467365
0,32.7846,5.971875000000001,-0.09797236826461503
0,32.7846,5.9750000000000005,-0.0975241161808922
0,32.7846,5.978125,-0.09707912248473179
0,32.7846,5.98125,-0.09663735404171243
0,32.7846,5.984375,-0.09619877815451816
0,32.7846,5.987500000000001,-0.09576336255583039
0,32.7846,5.9906250000000005,-0.09533107540135892
0,32.7846,5.99375,-0.0949018852630056
0,32.7846,5.996875,-0.09447576112216041
0,32.7846,6.0,-0.09405267236312498
