"Current","Field","Frequency","Spectra"
0,55.632,1.0,-0.024698607398217172
0,55.632,1.003125,-0.024775657407820045
0,55.632,1.00625,-0.024853193918873268
0,55.632,1.009375,-0.024931221946767862
0,55.632,1.0125,-0.025009746577860325
0,55.632,1.015625,-0.025088772970720215
0,55.632,1.01875,-0.02516830635740353
0,55.632,1.021875,-0.025248352044752623
0,55.632,1.025,-0.02532891541572312
0,55.632,1.028125,-0.025410001930738783
0,55.632,1.03125,-0.02549161712907445
0,55.632,1.034375,-0.02557376663026839
0,55.632,1.0375,-0.02565645613556431
0,55.632,1.040625,-0.02573969142938378
0,55.632,1.04375,-0.02582347838083014
0,55.632,1.046875,-0.025907822945224115
0,55.632,1.05,-0.025992731165672446
0,55.632,1.053125,-0.026078209174669957
0,55.632,1.05625,-0.026164263195736122
0,55.632,1.059375,-0.026250899545086845
0,55.632,1.0625,-0.0263381246333422
0,55.632,1.065625,-0.026425944967271495
0,55.632,1.06875,-0.026514367151575867
0,55.632,1.071875,-0.026603397890710097
0,55.632,1.075,-0.026693043990743924
0,55.632,1.078125,-0.026783312361264393
0,55.632,1.08125,-0.026874210017320002
0,55.632,1.084375,-0.026965744081407606
0,55.632,1.0875,-0.027057921785503463
0,55.632,1.090625,-0.027150750473139217
0,55.632,1.09375,-0.027244237601524154
0,55.632,1.096875,-0.027338390743714865
0,55.632,1.1,-0.027433217590833434
0,55.632,1.103125,-0.027528725954335517
0,55.632,1.10625,-0.027624923768329514
0,55.632,1.109375,-0.027721819091948145
0,55.632,1.1125,-0.0278194201117738
0,55.632,1.115625,-0.0279177351443191
0,55.632,1.11875,-0.028016772638563926
0,55.632,1.121875,-0.02811654117855067
0,55.632,1.125,-0.02821704948603891
0,55.632,1.128125,-0.02831830642322127
0,55.632,1.13125,-0.028420320995502013
0,55.632,1.134375,-0.02852310235434001
0,55.632,1.1375,-0.02862665980015778
0,55.632,1.140625,-0.028731002785318347
0,55.632,1.14375,-0.028836140917171647
0,55.632,1.146875,-0.028942083961172586
0,55.632,1.15,-0.02904884184407225
0,55.632,1.153125,-0.029156424657184658
0,55.632,1.15625,-0.0292648426597307
0,55.632,1.159375,-0.02937410628226164
0,55.632,1.1625,-0.029484226130164146
0,55.632,1.165625,-0.029595212987249125
0,55.632,1.16875,-0.029707077819426664
0,55.632,1.171875,-0.02981983177846928
0,55.632,1.175,-0.02993348620586613
0,55.632,1.178125,-0.03004805263677047
0,55.632,1.18125,-0.030163542804042976
0,55.632,1.184375,-0.030279968642393615
0,55.632,1.1875,-0.03039734229262476
0,55.632,1.190625,-0.03051567610597835
0,55.632,1.19375,-0.030634982648589992
0,55.632,1.196875,-0.030755274706053007
0,55.632,1.2,-0.030876565288095438
0,55.632,1.203125,-0.030998867633373242
0,55.632,1.20625,-0.031122195214383044
0,55.632,1.209375,-0.031246561742497493
0,55.632,1.2125,-0.031371981173127006
0,55.632,1.215625,-0.03149846771101147
0,55.632,1.21875,-0.03162603581564534
0,55.632,1.221875,-0.03175470020684033
0,55.632,1.225,-0.03188447587042925
0,55.632,1.228125,-0.03201537806411533
0,55.632,1.23125,-0.032147422323471064
0,55.632,1.234375,-0.03228062446809103
0,55.632,1.2375,-0.03241500060790294
0,55.632,1.240625,-0.03255056714964186
0,55.632,1.24375,-0.03268734080349187
0,55.632,1.246875,-0.03282533858990073
0,55.632,1.25,-0.03296457784657176
0,55.632,1.253125,-0.03310507623563909
0,55.632,1.25625,-0.033246851751031
0,55.632,1.259375,-0.033389922726027144
0,55.632,1.2625,-0.03353430784101552
0,55.632,1.265625,-0.03368002613145507
0,55.632,1.26875,-0.03382709699604981
0,55.632,1.271875,-0.03397554020514136
0,55.632,1.275,-0.03412537590932575
0,55.632,1.278125,-0.03427662464830207
0,55.632,1.28125,-0.034429307359959055
0,55.632,1.284375,-0.0345834453897077
0,55.632,1.2875,-0.03473906050006671
0,55.632,1.290625,-0.03489617488050885
0,55.632,1.29375,-0.035054811157576214
0,55.632,1.296875,-0.035214992405272275
0,55.632,1.3,-0.03537674215573973
0,55.632,1.303125,-0.035540084410232584
0,55.632,1.30625,-0.03570504365039179
0,55.632,1.309375,-0.035871644849833705
0,55.632,1.3125,-0.03603991348606122
0,55.632,1.315625,-0.03620987555270757
0,55.632,1.31875,-0.03638155757212337
0,55.632,1.321875,-0.03655498660831727
0,55.632,1.325,-0.03673019028026197
0,55.632,1.328125,-0.03690719677557645
0,55.632,1.33125,-0.0370860348645969
0,55.632,1.334375,-0.037266733914848305
0,55.632,1.3375,-0.03744932390592962
0,55.632,1.340625,-0.03763383544482579
0,55.632,1.34375,-0.037820299781659766
0,55.632,1.346875,-0.03800874882589974
0,55.632,1.35,-0.03819921516303486
0,55.632,1.353125,-0.03839173207173563
0,55.632,1.35625,-0.03858633354151418
0,55.632,1.359375,-0.03878305429090069
0,55.632,1.3625,-0.03898192978615274
0,55.632,1.365625,-0.03918299626051518
0,55.632,1.36875,-0.03938629073404791
0,55.632,1.371875,-0.03959185103404132
0,55.632,1.375,-0.03979971581603713
0,55.632,1.378125,-0.04000992458547607
0,55.632,1.38125,-0.04022251771999215
0,55.632,1.384375,-0.040437536492375234
0,55.632,1.3875,-0.04065502309422414
0,55.632,1.390625,-0.04087502066031312
0,55.632,1.39375,-0.041097573293695455
0,55.632,1.396875,-0.041322726091569006
0,55.632,1.4,-0.04155052517192889
0,55.632,1.403125,-0.04178101770103419
0,55.632,1.40625,-0.04201425192171539
0,55.632,1.409375,-0.04225027718255148
0,55.632,1.4125,-0.04248914396794588
0,55.632,1.415625,-0.04273090392913143
0,55.632,1.41875,-0.04297560991613622
0,55.632,1.421875,-0.04322331601074246
0,55.632,1.425,-0.043474077560472946
0,55.632,1.428125,-0.04372795121363919
0,55.632,1.43125,-0.04398499495548823
0,55.632,1.434375,-0.04424526814548526
0,55.632,1.4375,-0.04450883155577115
0,55.632,1.440625,-0.044775747410835114
0,55.632,1.44375,-0.04504607942844438
0,55.632,1.446875,-0.0453198928618737
0,55.632,1.45,-0.045597254543480153
0,55.632,1.453125,-0.045878232929668805
0,55.632,1.45625,-0.046162898147297876
0,55.632,1.459375,-0.046451322041572866
0,55.632,1.4625,-0.04674357822548096
0,55.632,1.465625,-0.047039742130819504
0,55.632,1.46875,-0.04733989106087283
0,55.632,1.471875,-0.0476441042447958
0,55.632,1.475,-0.047952462893761774
0,55.632,1.478125,-0.04826505025893713
0,55.632,1.48125,-0.048581951691345396
0,55.632,1.484375,-0.04890325470368595
0,55.632,1.4875,-0.04922904903417573
0,55.632,1.490625,-0.04955942671248337
0,55.632,1.49375,-0.04989448212782839
0,55.632,1.496875,-0.05023431209932029
0,55.632,1.5,-0.05057901594861454
0,55.632,1.503125,-0.05092869557496574
0,55.632,1.50625,-0.05128345553276008
0,55.632,1.509375,-0.05164340311161246
0,55.632,1.5125000000000002,-0.05200864841911626
0,55.632,1.515625,-0.052379304466335624
0,55.632,1.51875,-0.05275548725613537
0,55.632,1.521875,-0.0531373158744431
0,55.632,1.525,-0.05352491258454394
0,55.632,1.5281250000000002,-0.053918402924510306
0,55.632,1.53125,-0.054317915807870765
0,55.632,1.534375,-0.05472358362762801
0,55.632,1.5375,-0.055135542363735426
0,55.632,1.540625,-0.05555393169414803
0,55.632,1.5437500000000002,-0.05597889510956447
0,55.632,1.546875,-0.056410580031979976
0,55.632,1.55,-0.05684913793717494
0,55.632,1.553125,-0.05729472448126355
0,55.632,1.55625,-0.057747499631432726
0,55.632,1.5593750000000002,-0.05820762780100292
0,55.632,1.5625,-0.058675277988944265
0,55.632,1.565625,-0.059150623923986234
0,55.632,1.56875,-0.05963384421345845
0,55.632,1.571875,-0.06012512249700482
0,55.632,1.5750000000000002,-0.060624647605313456
0,55.632,1.578125,-0.06113261372400647
0,55.632,1.58125,-0.06164922056283619
0,55.632,1.584375,-0.06217467353033295
0,55.632,1.5875,-0.06270918391405164
0,55.632,1.5906250000000002,-0.06325296906656372
0,55.632,1.59375,-0.06380625259733895
0,55.632,1.596875,-0.0643692645706625
0,55.632,1.6,-0.06494224170972729
0,55.632,1.603125,-0.06552542760704133
0,55.632,1.6062500000000002,-0.06611907294128339
0,55.632,1.609375,-0.06672343570073613
0,55.632,1.6125,-0.06733878141341937
0,55.632,1.615625,-0.0679653833840365
0,55.632,1.61875,-0.06860352293784003
0,55.632,1.6218750000000002,-0.06925348967150874
0,55.632,1.625,-0.06991558171111589
0,55.632,1.628125,-0.07059010597725413
0,55.632,1.63125,-0.07127737845736153
0,55.632,1.634375,-0.07197772448527534
0,55.632,1.6375000000000002,-0.07269147902801515
0,55.632,1.640625,-0.07341898697976831
0,55.632,1.64375,-0.0741606034630232
0,55.632,1.646875,-0.0749166941367563
0,55.632,1.65,-0.07568763551154323
0,55.632,1.6531250000000002,-0.07647381527141668
0,55.632,1.65625,-0.07727563260224356
0,55.632,1.659375,-0.0780934985263401
0,55.632,1.6625,-0.07892783624297467
0,55.632,1.665625,-0.07977908147434278
0,55.632,1.6687500000000002,-0.08064768281651494
0,55.632,1.671875,-0.08153410209477077
0,55.632,1.675,-0.08243881472263596
0,55.632,1.678125,-0.08336231006382433
0,55.632,1.68125,-0.0843050917961699
0,55.632,1.6843750000000002,-0.08526767827649587
0,55.632,1.6875,-0.0862506029052161
0,55.632,1.690625,-0.08725441448930371
0,55.632,1.69375,-0.08827967760206946
0,55.632,1.696875,-0.0893269729379981
0,55.632,1.7000000000000002,-0.09039689766066097
0,55.632,1.703125,-0.09149006574147796
0,55.632,1.70625,-0.0926071082868323
0,55.632,1.709375,-0.09374867385073823
0,55.632,1.7125,-0.09491542872993752
0,55.632,1.7156250000000002,-0.0961080572379386
0,55.632,1.71875,-0.09732726195411434
0,55.632,1.721875,-0.09857376394354911
0,55.632,1.725,-0.09984830294284275
0,55.632,1.728125,-0.101151637506572
0,55.632,1.7312500000000002,-0.10248454510854031
0,55.632,1.734375,-0.10384782219133429
0,55.632,1.7375,-0.10524228415704148
0,55.632,1.740625,-0.10666876529125231
0,55.632,1.74375,-0.10812811861169068
0,55.632,1.7468750000000002,-0.10962121563196367
0,55.632,1.75,-0.11114894603000117
0,55.632,1.753125,-0.11271221720977465
0,55.632,1.75625,-0.1143119537438096
0,55.632,1.759375,-0.11594909668287583
0,55.632,1.7625000000000002,-0.11762460271801484
0,55.632,1.765625,-0.11933944317876141
0,55.632,1.76875,-0.12109460285004206
0,55.632,1.771875,-0.1228910785887595
0,55.632,1.775,-0.12472987771953997
0,55.632,1.7781250000000002,-0.1266120161874986
0,55.632,1.78125,-0.12853851644418662
0,55.632,1.784375,-0.13051040504114686
0,55.632,1.7875,-0.13252870990368804
0,55.632,1.790625,-0.13459445725566693
0,55.632,1.7937500000000002,-0.13670866816420663
0,55.632,1.796875,-0.13887235467143128
0,55.632,1.8,-0.1410865154784962
0,55.632,1.803125,-0.14335213114543993
0,55.632,1.80625,-0.14567015876877248
0,55.632,1.8093750000000002,-0.14804152609725196
0,55.632,1.8125,-0.15046712504506857
0,55.632,1.815625,-0.15294780456073828
0,55.632,1.81875,-0.15548436280944566
0,55.632,1.821875,-0.15807753862652565
0,55.632,1.8250000000000002,-0.16072800220028952
0,55.632,1.828125,-0.16343634494363934
0,55.632,1.83125,-0.16620306851602223
0,55.632,1.834375,-0.16902857296036536
0,55.632,1.8375,-0.17191314392394474
0,55.632,1.8406250000000002,-0.17485693893779594
0,55.632,1.84375,-0.17785997273651502
0,55.632,1.846875,-0.180922101609341
0,55.632,1.85,-0.18404300678443697
0,55.632,1.853125,-0.18722217686158954
0,55.632,1.8562500000000002,-0.19045888932428867
0,55.632,1.859375,-0.1937521911805853
0,55.632,1.8625,-0.1971008788034578
0,55.632,1.865625,-0.20050347706576277
0,55.632,1.86875,-0.2039582178924045
0,55.632,1.8718750000000002,-0.20746301838310383
0,55.632,1.875,-0.21101545869310287
0,55.632,1.878125,-0.21461275989617862
0,55.632,1.88125,-0.2182517620941375
0,55.632,1.884375,-0.22192890307918806
0,55.632,1.8875000000000002,-0.22564019789956222
0,55.632,1.890625,-0.22938121972370795
0,55.632,1.89375,-0.23314708244327884
0,55.632,1.896875,-0.23693242549864646
0,55.632,1.9,-0.2407314014513035
0,55.632,1.9031250000000002,-0.24453766686339942
0,55.632,1.90625,-0.24834437707375046
0,55.632,1.909375,-0.2521441854797046
0,55.632,1.9125,-0.2559292479426977
0,55.632,1.915625,-0.2596912329297365
0,55.632,1.9187500000000002,-0.2634213379807242
0,55.632,1.921875,-0.2671103130500948
0,55.632,1.925,-0.2707484912084418
0,55.632,1.928125,-0.2743258271038863
0,55.632,1.93125,-0.2778319434727443
0,55.632,1.9343750000000002,-0.2812561858541702
0,55.632,1.9375,-0.2845876855045414
0,55.632,1.940625,-0.2878154303261776
0,55.632,1.94375,-0.29092834342455814
0,55.632,1.946875,-0.29391536869300827
0,55.632,1.9500000000000002,-0.2967655625995796
0,55.632,1.953125,-0.29946819112467027
0,55.632,1.95625,-0.3020128305780104
0,55.632,1.959375,-0.3043894708189634
0,55.632,1.9625,-0.3065886192242042
0,55.632,1.9656250000000002,-0.308601403601144
0,55.632,1.96875,-0.3104196721429209
0,55.632,1.971875,-0.3120360884691788
0,55.632,1.975,-0.3134442198022922
0,55.632,1.978125,-0.31463861639513624
0,55.632,1.9812500000000002,-0.3156148804552289
0,55.632,1.984375,-0.3163697229995371
0,55.632,1.9875,-0.31690100731987836
0,55.632,1.990625,-0.3172077780332137
0,55.632,1.99375,-0.3172902750241705
0,55.632,1.9968750000000002,-0.3171499319466736
0,55.632,2.0,-0.3167893593239741
0,55.632,2.003125,-0.316212312657253
0,55.632,2.00625,-0.3154236463080774
0,55.632,2.0093750000000004,-0.3144292542458898
0,55.632,2.0125,-0.3132359990366474
0,55.632,2.015625,-0.31185163068315425
0,55.632,2.01875,-0.31028469710468815
0,55.632,2.021875,-0.3085444481592654
0,55.632,2.0250000000000004,-0.30664073516539053
0,55.632,2.028125,-0.30458390787325534
0,55.632,2.03125,-0.3023847107725437
0,55.632,2.034375,-0.3000541805117542
0,55.632,2.0375,-0.29760354605035744
0,55.632,2.0406250000000004,-0.295044132979255
0,55.632,2.04375,-0.2923872732363817
0,55.632,2.046875,-0.2896442212223518
0,55.632,2.05,-0.28682607709464425
0,55.632,2.053125,-0.2839437177959356
0,55.632,2.0562500000000004,-0.2810077361596546
0,55.632,2.059375,-0.2780283882391305
0,55.632,2.0625,-0.27501554882998597
0,55.632,2.065625,-0.27197867500144346
0,55.632,2.06875,-0.2689267773224967
0,55.632,2.0718750000000004,-0.26586839836384385
0,55.632,2.075,-0.2628115979755209
0,55.632,2.078125,-0.2597639447820259
0,55.632,2.08125,-0.2567325132994823
0,55.632,2.084375,-0.25372388606078655
0,55.632,2.0875000000000004,-0.2507441601322461
0,55.632,2.090625,-0.24779895741632227
0,55.632,2.09375,-0.24489343815722892
0,55.632,2.096875,-0.2420323170968518
0,55.632,2.1,-0.2392198817654996
0,55.632,2.1031250000000004,-0.2364600124333786
0,55.632,2.10625,-0.2337562032926135
0,55.632,2.109375,-0.23111158448464592
0,55.632,2.1125,-0.2285289446326742
0,55.632,2.115625,-0.2260107535824637
0,55.632,2.1187500000000004,-0.22355918509660613
0,55.632,2.121875,-0.221176139286557
0,55.632,2.125,-0.21886326460316385
0,55.632,2.128125,-0.21662197923967436
0,55.632,2.13125,-0.21445349183125811
0,55.632,2.1343750000000004,-0.21235882136191336
0,55.632,2.1375,-0.21033881621328768
0,55.632,2.140625,-0.20839417231058738
0,55.632,2.14375,-0.20652545033853162
0,55.632,2.146875,-0.20473309201542725
0,55.632,2.1500000000000004,-0.2030174354261326
0,55.632,2.153125,-0.2013787294251465
0,55.632,2.15625,-0.19981714712954066
0,55.632,2.159375,-0.1983327985281687
0,55.632,2.1625,-0.19692574223872572
0,55.632,2.1656250000000004,-0.19559599644801795
0,55.632,2.16875,-0.19434354907338988
0,55.632,2.171875,-0.19316836718482777
0,55.632,2.175,-0.19207040572794953
0,55.632,2.178125,-0.19104961558803385
0,55.632,2.1812500000000004,-0.19010595103455968
0,55.632,2.184375,-0.1892393765845052
0,55.632,2.1875,-0.18844987332099097
0,55.632,2.190625,-0.1877374447018082
0,55.632,2.19375,-0.18710212189000774
0,55.632,2.1968750000000004,-0.1865439686360919
0,55.632,2.2,-0.18606308573847646
0,55.632,2.203125,-0.18565961510580686
0,55.632,2.20625,-0.1853337434414381
0,55.632,2.209375,-0.18508570556692347
0,55.632,2.2125000000000004,-0.18491578739771936
0,55.632,2.215625,-0.18482432858048167
0,55.632,2.21875,-0.18481172479731067
0,55.632,2.221875,-0.1848784297380624
0,55.632,2.225,-0.18502495673738223
0,55.632,2.2281250000000004,-0.18525188006839355
0,55.632,2.23125,-0.18555983587997205
0,55.632,2.234375,-0.18594952275921856
0,55.632,2.2375,-0.18642170189507856
0,55.632,2.240625,-0.18697719681301428
0,55.632,2.2437500000000004,-0.18761689264417541
0,55.632,2.246875,-0.1883417348856063
0,55.632,2.25,-0.18915272760064053
0,55.632,2.253125,-0.19005093100073814
0,55.632,2.25625,-0.19103745834159483
0,55.632,2.2593750000000004,-0.19211347205739138
0,55.632,2.2625,-0.19328017904754272
0,55.632,2.265625,-0.1945388250202795
0,55.632,2.26875,-0.19589068778687585
0,55.632,2.271875,-0.1973370693894046
0,55.632,2.2750000000000004,-0.1988792869336357
0,55.632,2.278125,-0.20051866198725515
0,55.632,2.28125,-0.2022565083921428
0,55.632,2.284375,-0.2040941183282743
0,55.632,2.2875,-0.2060327464562303
0,55.632,2.2906250000000004,-0.20807359195571154
0,55.632,2.29375,-0.21021777826939717
0,55.632,2.296875,-0.21246633035557655
0,55.632,2.3,-0.2148201492499924
0,55.632,2.303125,-0.21727998373819252
0,55.632,2.3062500000000004,-0.21984639894545197
0,55.632,2.309375,-0.22251974166328553
0,55.632,2.3125,-0.22530010225113917
0,55.632,2.315625,-0.22818727298066535
0,55.632,2.31875,-0.2311807027298635
0,55.632,2.3218750000000004,-0.23427944798722802
0,55.632,2.325,-0.23748212019399093
0,55.632,2.328125,-0.24078682953765151
0,55.632,2.33125,-0.24419112541433766
0,55.632,2.334375,-0.2476919339030307
0,55.632,2.3375000000000004,-0.25128549274283246
0,55.632,2.340625,-0.2549672844762959
0,55.632,2.34375,-0.2587319686175247
0,55.632,2.346875,-0.2625733139223713
0,55.632,2.35,-0.2664841320772544
0,55.632,2.3531250000000004,-0.2704562143786322
0,55.632,2.35625,-0.27448027324064517
0,55.632,2.359375,-0.27854589063487006
0,55.632,2.3625,-0.28264147582171545
0,55.632,2.365625,-0.28675423496292135
0,55.632,2.3687500000000004,-0.29087015539104
0,55.632,2.371875,-0.2949740074341827
0,55.632,2.375,-0.2990493667300178
0,55.632,2.378125,-0.30307865988827076
0,55.632,2.38125,-0.30704323615238627
0,55.632,2.3843750000000004,-0.3109234673473858
0,55.632,2.3875,-0.31469887786570216
0,55.632,2.390625,-0.3183483057264389
0,55.632,2.39375,-0.3218500948465733
0,55.632,2.396875,-0.3251823175980093
0,55.632,2.4000000000000004,-0.32832302551949455
0,55.632,2.403125,-0.331250524750378
0,55.632,2.40625,-0.33394367141256637
0,55.632,2.409375,-0.336382180860289
0,55.632,2.4125,-0.3385469435270285
0,55.632,2.4156250000000004,-0.34042033911274316
0,55.632,2.41875,-0.34198654015782615
0,55.632,2.421875,-0.343231795718714
0,55.632,2.425,-0.3441446859512573
0,55.632,2.428125,-0.344716338954087
0,55.632,2.4312500000000004,-0.3449406022264104
0,55.632,2.434375,-0.34481416252022873
0,55.632,2.4375,-0.34433660964956536
0,55.632,2.440625,-0.3435104418630893
0,55.632,2.44375,-0.3423410125733316
0,55.632,2.4468750000000004,-0.3408364204349206
0,55.632,2.45,-0.3390073468442227
0,55.632,2.453125,-0.3368668467721678
0,55.632,2.45625,-0.3344301003401955
0,55.632,2.459375,-0.33171413363395835
0,55.632,2.4625000000000004,-0.32873751788154004
0,55.632,2.465625,-0.3255200562974313
0,55.632,2.46875,-0.32208246763715503
0,55.632,2.471875,-0.31844607487356374
0,55.632,2.475,-0.314632506467319
0,55.632,2.4781250000000004,-0.31066341654519763
0,55.632,2.48125,-0.3065602290083461
0,55.632,2.484375,-0.30234390925246224
0,55.632,2.4875,-0.2980347658677502
0,55.632,2.490625,-0.2936522834597368
0,55.632,2.4937500000000004,-0.2892149866387261
0,55.632,2.496875,-0.28474033429605927
0,55.632,2.5,-0.2802446425349684
0,55.632,2.503125,-0.2757430340552373
0,55.632,2.50625,-0.27124941139633113
0,55.632,2.5093750000000004,-0.26677645120765864
0,55.632,2.5125,-0.262335616616672
0,55.632,2.515625,-0.2579371847824481
0,55.632,2.51875,-0.2535902868304095
0,55.632,2.521875,-0.24930295753996898
0,55.632,2.5250000000000004,-0.24508219238016477
0,55.632,2.528125,-0.24093400974038934
0,55.632,2.53125,-0.23686351646875084
0,55.632,2.534375,-0.23287497509705157
0,55.632,2.5375,-0.22897187138933964
0,55.632,2.5406250000000004,-0.22515698109365653
0,55.632,2.54375,-0.2214324349993336
0,55.632,2.546875,-0.21779978160233365
0,55.632,2.55,-0.2142600468574936
0,55.632,2.553125,-0.21081379064910538
0,55.632,2.5562500000000004,-0.20746115974096618
0,55.632,2.559375,-0.20420193707526488
0,55.632,2.5625,-0.2010355873783219
0,55.632,2.565625,-0.1979612991022878
0,55.632,2.56875,-0.19497802278753806
0,55.632,2.5718750000000004,-0.19208450597278448
0,55.632,2.575,-0.1892793248107988
0,55.632,2.578125,-0.18656091256898066
0,55.632,2.58125,-0.18392758520743777
0,55.632,2.584375,-0.1813775642342586
0,55.632,2.5875000000000004,-0.17890899703956942
0,55.632,2.590625,-0.17651997490784802
0,55.632,2.59375,-0.1742085489028131
0,55.632,2.596875,-0.1719727438117822
0,55.632,2.6,-0.16981057032736258
0,55.632,2.6031250000000004,-0.16772003563426557
0,55.632,2.60625,-0.16569915255831585
0,55.632,2.609375,-0.16374594742374463
0,55.632,2.6125,-0.16185846675385637
0,55.632,2.615625,-0.1600347829393444
0,55.632,2.6187500000000004,-0.1582729989880787
0,55.632,2.621875,-0.15657125246017714
0,55.632,2.625,-0.15492771868269717
0,55.632,2.628125,-0.15334061332938526
0,55.632,2.63125,-0.151808194442611
0,55.632,2.6343750000000004,-0.15032876396691916
0,55.632,2.6375,-0.14890066885652753
0,55.632,2.640625,-0.14752230181258322
0,55.632,2.64375,-0.14619210170002783
0,55.632,2.646875,-0.14490855368848973
0,55.632,2.6500000000000004,-0.14367018915669802
0,55.632,2.653125,-0.1424755853954428
0,55.632,2.65625,-0.1413233651400837
0,55.632,2.659375,-0.14021219595997755
0,55.632,2.6625,-0.13914078952893633
0,55.632,2.6656250000000004,-0.1381079007979062
0,55.632,2.66875,-0.13711232708844107
0,55.632,2.671875,-0.13615290712321296
0,55.632,2.675,-0.13522852000771685
0,55.632,2.678125,-0.13433808417547982
0,55.632,2.6812500000000004,-0.13348055630743624
0,55.632,2.684375,-0.1326549302346737
0,55.632,2.6875,-0.13186023583246495
0,55.632,2.690625,-0.13109553791235748
0,55.632,2.69375,-0.13035993511808797
0,55.632,2.6968750000000004,-0.1296525588302005
0,55.632,2.7,-0.12897257208346963
0,55.632,2.703125,-0.12831916850054392
0,55.632,2.70625,-0.12769157124462802
0,55.632,2.709375,-0.12708903199349744
0,55.632,2.7125000000000004,-0.12651082993668272
0,55.632,2.715625,-0.12595627079726432
0,55.632,2.71875,-0.12542468587937383
0,55.632,2.721875,-0.12491543114220072
0,55.632,2.725,-0.1244278863010448
0,55.632,2.7281250000000004,-0.12396145395573714
0,55.632,2.73125,-0.12351555874655962
0,55.632,2.734375,-0.12308964653763683
0,55.632,2.7375,-0.12268318362763574
0,55.632,2.740625,-0.122295655987494
0,55.632,2.7437500000000004,-0.12192656852480425
0,55.632,2.746875,-0.12157544437440183
0,55.632,2.75,-0.12124182421463878
0,55.632,2.753125,-0.12092526560877642
0,55.632,2.75625,-0.12062534237088689
0,55.632,2.7593750000000004,-0.12034164395562337
0,55.632,2.7625,-0.1200737748711948
0,55.632,2.765625,-0.11982135411486586
0,55.632,2.76875,-0.11958401463029306
0,55.632,2.771875,-0.11936140278599978
0,55.632,2.7750000000000004,-0.11915317787429844
0,55.632,2.778125,-0.11895901162996506
0,55.632,2.78125,-0.11877858776798197
0,55.632,2.784375,-0.11861160153967276
0,55.632,2.7875,-0.11845775930656187
0,55.632,2.7906250000000004,-0.11831677813130918
0,55.632,2.79375,-0.11818838538507956
0,55.632,2.796875,-0.11807231837072547
0,55.632,2.8,-0.11796832396117682
0,55.632,2.803125,-0.11787615825244808
0,55.632,2.8062500000000004,-0.11779558623069186
0,55.632,2.809375,-0.11772638145274476
0,55.632,2.8125,-0.11766832573962928
0,55.632,2.815625,-0.11762120888249396
0,55.632,2.81875,-0.11758482836049186
0,55.632,2.8218750000000004,-0.11755898907011514
0,55.632,2.825,-0.11754350306552028
0,55.632,2.828125,-0.11753818930939702
0,55.632,2.83125,-0.11754287343395023
0,55.632,2.834375,-0.11755738751158051
0,55.632,2.8375000000000004,-0.11758156983486527
0,55.632,2.840625,-0.1176152647054582
0,55.632,2.84375,-0.11765832223154132
0,55.632,2.846875,-0.11771059813347454
0,55.632,2.85,-0.11777195355730816
0,55.632,2.8531250000000004,-0.11784225489583229
0,55.632,2.85625,-0.11792137361685327
0,55.632,2.859375,-0.11800918609839967
0,55.632,2.8625,-0.11810557347057235
0,55.632,2.865625,-0.11821042146376584
0,55.632,2.8687500000000004,-0.11832362026299968
0,55.632,2.871875,-0.11844506436810857
0,55.632,2.875,-0.11857465245955263
0,55.632,2.878125,-0.11871228726961773
0,55.632,2.88125,-0.1188578754587864
0,55.632,2.8843750000000004,-0.11901132749706944
0,55.632,2.8875,-0.11917255755009744
0,55.632,2.890625,-0.11934148336977951
0,55.632,2.89375,-0.11951802618934455
0,55.632,2.896875,-0.11970211062259212
0,55.632,2.9000000000000004,-0.11989366456717977
0,55.632,2.903125,-0.12009261911179085
0,55.632,2.90625,-0.12029890844702526
0,55.632,2.909375,-0.12051246977986765
0,55.632,2.9125,-0.12073324325159217
0,55.632,2.9156250000000004,-0.1209611718589681
0,55.632,2.91875,-0.12119620137863879
0,55.632,2.921875,-0.12143828029455057
0,55.632,2.925,-0.12168735972831302
0,55.632,2.928125,-0.12194339337237889
0,55.632,2.9312500000000004,-0.12220633742593585
0,55.632,2.934375,-0.12247615053340662
0,55.632,2.9375,-0.12275279372546007
0,55.632,2.940625,-0.12303623036243742
0,55.632,2.94375,-0.12332642608010577
0,55.632,2.9468750000000004,-0.12362334873765067
0,55.632,2.95,-0.12392696836782688
0,55.632,2.953125,-0.12423725712918811
0,55.632,2.95625,-0.12455418926032046
0,55.632,2.959375,-0.12487774103600761
0,55.632,2.9625000000000004,-0.1252078907252588
0,55.632,2.965625,-0.1255446185511343
0,55.632,2.96875,-0.125887906652305
0,55.632,2.971875,-0.12623773904628585
0,55.632,2.975,-0.12659410159428616
0,55.632,2.9781250000000004,-0.12695698196762126
0,55.632,2.98125,-0.12732636961563357
0,55.632,2.984375,-0.12770225573507218
0,55.632,2.9875,-0.12808463324088332
0,55.632,2.990625,-0.12847349673836556
0,55.632,2.9937500000000004,-0.12886884249664615
0,55.632,2.996875,-0.1292706684234369
0,55.632,3.0,-0.12967897404102882
0,55.632,3.0031250000000003,-0.13009376046348703
0,55.632,3.00625,-0.13051503037501144
0,55.632,3.009375,-0.13094278800942527
0,55.632,3.0125,-0.13137703913076143
0,55.632,3.015625,-0.13181779101491153
0,55.632,3.0187500000000003,-0.13226505243231065
0,55.632,3.021875,-0.13271883363162576
0,55.632,3.025,-0.13317914632442307
0,55.632,3.028125,-0.13364600367078563
0,55.632,3.03125,-0.13411942026585738
0,55.632,3.0343750000000003,-0.1345994121272901
0,55.632,3.0375,-0.13508599668356908
0,55.632,3.040625,-0.13557919276319766
0,55.632,3.04375,-0.13607902058471869
0,55.632,3.046875,-0.13658550174755357
0,55.632,3.0500000000000003,-0.13709865922364195
0,55.632,3.053125,-0.13761851734986127
0,55.632,3.05625,-0.13814510182121312
0,55.632,3.059375,-0.13867843968475754
0,55.632,3.0625,-0.13921855933428215
0,55.632,3.0656250000000003,-0.13976549050569115
0,55.632,3.06875,-0.1403192642731012
0,55.632,3.071875,-0.14087991304563133
0,55.632,3.075,-0.14144747056487517
0,55.632,3.078125,-0.1420219719030441
0,55.632,3.0812500000000003,-0.14260345346177195
0,55.632,3.084375,-0.14319195297156878
0,55.632,3.0875,-0.1437875094919194
0,55.632,3.090625,-0.14439016341201222
0,55.632,3.09375,-0.1449999564520954
0,55.632,3.0968750000000003,-0.1456169316654511
0,55.632,3.1,-0.14624113344098008
0,55.632,3.103125,-0.1468726075063938
0,55.632,3.10625,-0.147511400932004
0,55.632,3.109375,-0.1481575621351088
0,55.632,3.1125000000000003,-0.1488111408849689
0,55.632,3.115625,-0.14947218830836873
0,55.632,3.11875,-0.150140756895763
0,55.632,3.121875,-0.15081690050800042
0,55.632,3.125,-0.1515006743836265
0,55.632,3.1281250000000003,-0.15219213514676105
0,55.632,3.13125,-0.15289134081554934
0,55.632,3.134375,-0.15359835081118642
0,55.632,3.1375,-0.1543132259675127
0,55.632,3.140625,-0.1550360285411812
0,55.632,3.1437500000000003,-0.1557668222223974
0,55.632,3.146875,-0.15650567214623104
0,55.632,3.15,-0.15725264490450197
0,55.632,3.153125,-0.1580078085582405
0,55.632,3.15625,-0.15877123265072549
0,55.632,3.1593750000000003,-0.1595429882211009
0,55.632,3.1625,-0.16032314781857496
0,55.632,3.165625,-0.16111178551720445
0,55.632,3.16875,-0.16190897693126804
0,55.632,3.171875,-0.16271479923123044
0,55.632,3.1750000000000003,-0.16352933116030666
0,55.632,3.178125,-0.1643526530516248
0,55.632,3.18125,-0.16518484684599835
0,55.632,3.184375,-0.16602599611030938
0,55.632,3.1875,-0.16687618605651033
0,55.632,3.1906250000000003,-0.16773550356125122
0,55.632,3.19375,-0.16860403718613826
0,55.632,3.196875,-0.1694818771986302
0,55.632,3.2,-0.17036911559358336
0,55.632,3.203125,-0.17126584611544762
0,55.632,3.2062500000000003,-0.17217216428112891
0,55.632,3.209375,-0.17308816740352012
0,55.632,3.2125,-0.17401395461571556
0,55.632,3.215625,-0.17494962689591378
0,55.632,3.21875,-0.1758952870930228
0,55.632,3.2218750000000003,-0.17685103995297616
0,55.632,3.225,-0.17781699214577099
0,55.632,3.228125,-0.17879325229324036
0,55.632,3.23125,-0.17977993099757225
0,55.632,3.234375,-0.18077714087058386
0,55.632,3.2375000000000003,-0.18178499656377178
0,55.632,3.240625,-0.18280361479914115
0,55.632,3.24375,-0.1838331144008384
0,55.632,3.246875,-0.1848736163275931
0,55.632,3.25,-0.18592524370598845
0,55.632,3.2531250000000003,-0.18698812186457622
0,55.632,3.25625,-0.18806237836884815
0,55.632,3.259375,-0.18914814305708486
0,55.632,3.2625,-0.1902455480770968
0,55.632,3.265625,-0.19135472792387337
0,55.632,3.2687500000000003,-0.19247581947816397
0,55.632,3.271875,-0.19360896204600236
0,55.632,3.275,-0.19475429739920044
0,55.632,3.278125,-0.1959119698168266
0,55.632,3.28125,-0.197082126127691
0,55.632,3.2843750000000003,-0.198264915753862
0,55.632,3.2875,-0.19946049075522856
0,55.632,3.290625,-0.2006690058751409
0,55.632,3.29375,-0.20189061858714297
0,55.632,3.296875,-0.20312548914282771
0,55.632,3.3000000000000003,-0.20437378062083858
0,55.632,3.303125,-0.20563565897704
0,55.632,3.30625,-0.20691129309588716
0,55.632,3.309375,-0.20820085484301906
0,55.632,3.3125,-0.2095045191191049
0,55.632,3.3156250000000003,-0.2108224639149737
0,55.632,3.31875,-0.21215487036805167
0,55.632,3.321875,-0.21350192282014663
0,55.632,3.325,-0.21486380887660247
0,55.632,3.328125,-0.21624071946686121
0,55.632,3.3312500000000003,-0.21763284890646697
0,55.632,3.334375,-0.21904039496054184
0,55.632,3.3375,-0.2204635589087752
0,55.632,3.340625,-0.22190254561195885
0,55.632,3.34375,-0.22335756358010578
0,55.632,3.3468750000000003,-0.22482882504219875
0,55.632,3.35,-0.2263165460175963
0,55.632,3.353125,-0.22782094638915176
0,55.632,3.35625,-0.229342249978077
0,55.632,3.359375,-0.23088068462060096
0,55.632,3.3625000000000003,-0.23243648224646865
0,55.632,3.365625,-0.23400987895932143
0,55.632,3.36875,-0.23560111511901768
0,55.632,3.371875,-0.2372104354259319
0,55.632,3.375,-0.23883808900729275
0,55.632,3.3781250000000003,-0.24048432950561005
0,55.632,3.38125,-0.24214941516924163
0,55.632,3.384375,-0.24383360894516654
0,55.632,3.3875,-0.2455371785740105
0,55.632,3.390625,-0.24726039668739325
0,55.632,3.3937500000000003,-0.24900354090765742
0,55.632,3.396875,-0.2507668939500387
0,55.632,3.4000000000000004,-0.25255074372735214
0,55.632,3.403125,-0.2543553834572516
0,55.632,3.40625,-0.25618111177214636
0,55.632,3.4093750000000003,-0.25802823283183485
0,55.632,3.4125,-0.2598970564389384
0,55.632,3.4156250000000004,-0.2617878981572121
0,55.632,3.41875,-0.2637010794328102
0,55.632,3.421875,-0.26563692771859115
0,55.632,3.4250000000000003,-0.26759577660154826
0,55.632,3.428125,-0.269577965933452
0,55.632,3.4312500000000004,-0.27158384196480023
0,55.632,3.434375,-0.27361375748216515
0,55.632,3.4375,-0.2756680719490411
0,55.632,3.4406250000000003,-0.2777471516502892
0,55.632,3.44375,-0.2798513698402863
0,55.632,3.4468750000000004,-0.28198110689488703
0,55.632,3.45,-0.2841367504673077
0,55.632,3.453125,-0.2863186956480543
0,55.632,3.4562500000000003,-0.2885273451290065
0,55.632,3.459375,-0.29076310937178823
0,55.632,3.4625000000000004,-0.2930264067805524
0,55.632,3.465625,-0.2953176638793085
0,55.632,3.46875,-0.29763731549393757
0,55.632,3.4718750000000003,-0.29998580493903276
0,55.632,3.475,-0.3023635842097116
0,55.632,3.4781250000000004,-0.30477111417856345
0,55.632,3.48125,-0.30720886479787446
0,55.632,3.484375,-0.30967731530731096
0,55.632,3.4875000000000003,-0.31217695444722027
0,55.632,3.490625,-0.31470828067772855
0,55.632,3.4937500000000004,-0.31727180240382363
0,55.632,3.496875,-0.31986803820660487
0,55.632,3.5,-0.32249751708090324
0,55.632,3.5031250000000003,-0.32516077867946996
0,55.632,3.50625,-0.3278583735639479
0,55.632,3.5093750000000004,-0.33059086346285177
0,55.632,3.5125,-0.33335882153676627
0,55.632,3.515625,-0.3361628326510213
0,55.632,3.5187500000000003,-0.3390034936560713
0,55.632,3.521875,-0.3418814136758371
0,55.632,3.5250000000000004,-0.34479721440428346
0,55.632,3.528125,-0.34775153041048645
0,55.632,3.53125,-0.3507450094524955
0,55.632,3.5343750000000003,-0.35377831280026584
0,55.632,3.5375,-0.3568521155679774
0,55.632,3.5406250000000004,-0.35996710705605545
0,55.632,3.54375,-0.363123991103216
0,55.632,3.546875,-0.36632348644888224
0,55.632,3.5500000000000003,-0.3695663271063253
0,55.632,3.553125,-0.3728532627468886
0,55.632,3.5562500000000004,-0.37618505909569133
0,55.632,3.559375,-0.3795624983391867
0,55.632,3.5625,-0.3829863795450017
0,55.632,3.5656250000000003,-0.3864575190944723
0,55.632,3.56875,-0.38997675112831476
0,55.632,3.5718750000000004,-0.3935449280059002
0,55.632,3.575,-0.39716292077858784
0,55.632,3.578125,-0.4008316196776261
0,55.632,3.5812500000000003,-0.40455193461711747
0,55.632,3.584375,-0.40832479571257707
0,55.632,3.5875000000000004,-0.41215115381563505
0,55.632,3.590625,-0.41603198106544337
0,55.632,3.59375,-0.41996827145737264
0,55.632,3.5968750000000003,-0.4239610414296109
0,55.632,3.6,-0.4280113304682799
0,55.632,3.6031250000000004,-0.4321202017317332
0,55.632,3.60625,-0.4362887426946919
0,55.632,3.609375,-0.4405180658129237
0,55.632,3.6125000000000003,-0.444809309209177
0,55.632,3.615625,-0.4491636373811054
0,55.632,3.6187500000000004,-0.4535822419319637
0,55.632,3.621875,-0.45806634232484345
0,55.632,3.625,-0.46261718666128293
0,55.632,3.6281250000000003,-0.4672360524850733
0,55.632,3.63125,-0.4719242476121373
0,55.632,3.6343750000000004,-0.4766831109873698
0,55.632,3.6375,-0.48151401356935153
0,55.632,3.640625,-0.4864183592438864
0,55.632,3.6437500000000003,-0.4913975857673246
0,55.632,3.646875,-0.4964531657406711
0,55.632,3.6500000000000004,-0.5015866076155034
0,55.632,3.653125,-0.5067994567327349
0,55.632,3.65625,-0.5120932963953146
0,55.632,3.6593750000000003,-0.5174697489759466
0,55.632,3.6625,-0.5229304770609547
0,55.632,3.6656250000000004,-0.5284771846314504
0,55.632,3.66875,-0.5341116182829658
0,55.632,3.671875,-0.5398355684847486
0,55.632,3.6750000000000003,-0.5456508708799331
0,55.632,3.678125,-0.5515594076278313
0,55.632,3.6812500000000004,-0.5575631087895969
0,55.632,3.684375,-0.5636639537585313
0,55.632,3.6875,-0.5698639727363419
0,55.632,3.6906250000000003,-0.5761652482566391
0,55.632,3.69375,-0.5825699167570111
0,55.632,3.6968750000000004,-0.5890801702010063
0,55.632,3.7,-0.5956982577513613
0,55.632,3.703125,-0.6024264874958362
0,55.632,3.7062500000000003,-0.6092672282270156
0,55.632,3.709375,-0.616222911277427
0,55.632,3.7125000000000004,-0.6232960324113656
0,55.632,3.715625,-0.6304891537747603
0,55.632,3.71875,-0.6378049059044786
0,55.632,3.7218750000000003,-0.6452459897983925
0,55.632,3.725,-0.6528151790475908
0,55.632,3.7281250000000004,-0.6605153220320599
0,55.632,3.73125,-0.6683493441811705
0,55.632,3.734375,-0.6763202503003082
0,55.632,3.7375000000000003,-0.6844311269649308
0,55.632,3.740625,-0.6926851449833548
0,55.632,3.7437500000000004,-0.7010855619295687
0,55.632,3.746875,-0.7096357247472935
0,55.632,3.75,-0.7183390724265788
0,55.632,3.7531250000000003,-0.7271991387541206
0,55.632,3.75625,-0.7362195551385229
0,55.632,3.7593750000000004,-0.7454040535117089
0,55.632,3.7625,-0.754756469307604
0,55.632,3.765625,-0.7642807445192945
0,55.632,3.7687500000000003,-0.7739809308357332
0,55.632,3.771875,-0.783861192859128
0,55.632,3.7750000000000004,-0.7939258114040771
0,55.632,3.778125,-0.80417918687947
0,55.632,3.78125,-0.814625842754174
0,55.632,3.7843750000000003,-0.8252704291074251
0,55.632,3.7875,-0.8361177262647825
0,55.632,3.7906250000000004,-0.8471726485204556
0,55.632,3.79375,-0.8584402479465937
0,55.632,3.796875,-0.8699257182900808
0,55.632,3.8000000000000003,-0.8816343989570753
0,55.632,3.803125,-0.8935717790853104
0,55.632,3.8062500000000004,-0.9057435017038377
0,55.632,3.809375,-0.9181553679793918
0,55.632,3.8125,-0.9308133415480995
0,55.632,3.8156250000000003,-0.943723552930471
0,55.632,3.81875,-0.9568923040268134
0,55.632,3.8218750000000004,-0.970326072689166
0,55.632,3.825,-0.9840315173645261
0,55.632,3.828125,-0.9980154818026731
0,55.632,3.8312500000000003,-1.012284999819964
0,55.632,3.834375,-1.0268473001083462
0,55.632,3.8375000000000004,-1.0417098110762144
0,55.632,3.840625,-1.0568801657046443
0,55.632,3.84375,-1.0723662063990689
0,55.632,3.8468750000000003,-1.088175989812275
0,55.632,3.85,-1.1043177916099072
0,55.632,3.8531250000000004,-1.1208001111443187
0,55.632,3.85625,-1.1376316759963911
0,55.632,3.859375,-1.1548214463381978
0,55.632,3.8625000000000003,-1.1723786190615797
0,55.632,3.865625,-1.1903126316092156
0,55.632,3.8687500000000004,-1.2086331654353215
0,55.632,3.871875,-1.227350149012717
0,55.632,3.875,-1.2464737602918075
0,55.632,3.8781250000000003,-1.2660144285047306
0,55.632,3.88125,-1.2859828351948313
0,55.632,3.8843750000000004,-1.3063899143376323
0,55.632,3.8875,-1.3272468514044584
0,55.632,3.890625,-1.3485650812042682
0,55.632,3.8937500000000003,-1.3703562843225834
0,55.632,3.896875,-1.392632381959269
0,55.632,3.9000000000000004,-1.4154055289489837
0,55.632,3.903125,-1.4386881047295532
0,55.632,3.90625,-1.4624927020046339
0,55.632,3.9093750000000003,-1.486832112827456
0,55.632,3.9125,-1.5117193118126642
0,55.632,3.9156250000000004,-1.5371674361632082
0,55.632,3.91875,-1.5631897621787525
0,55.632,3.921875,-1.589799677891845
0,55.632,3.9250000000000003,-1.6170106514573548
0,55.632,3.928125,-1.6448361949004522
0,55.632,3.9312500000000004,-1.6732898228081947
0,55.632,3.934375,-1.7023850055298408
0,55.632,3.9375,-1.7321351164320373
0,55.632,3.9406250000000003,-1.7625533727365534
0,55.632,3.94375,-1.793652769451308
0,55.632,3.9468750000000004,-1.825446005890185
0,55.632,3.95,-1.8579454042639958
0,55.632,3.953125,-1.8911628198152715
0,55.632,3.9562500000000003,-1.9251095419632869
0,55.632,3.959375,-1.9597961859248114
0,55.632,3.9625000000000004,-1.995232574281237
0,55.632,3.965625,-2.0314276079752873
0,55.632,3.96875,-2.068389126242863
0,55.632,3.9718750000000003,-2.1061237550184306
0,55.632,3.975,-2.144636743398982
0,55.632,3.9781250000000004,-2.183931787813454
0,55.632,3.98125,-2.2240108436241592
0,55.632,3.984375,-2.2648739239876097
0,55.632,3.9875000000000003,-2.3065188859255126
0,55.632,3.990625,-2.3489412037069997
0,55.632,3.9937500000000004,-2.392133729822017
0,55.632,3.996875,-2.4360864440363286
0,55.632,4.0,-2.480786191263756
0,55.632,4.003125000000001,-2.526216409272312
0,55.632,4.00625,-2.572356847560458
0,55.632,4.009375,-2.619183279098768
0,55.632,4.0125,-2.6666672070296222
0,55.632,4.015625,-2.7147755688556146
0,55.632,4.018750000000001,-2.7634704411196367
0,55.632,4.021875,-2.81270874808644
0,55.632,4.025,-2.862441978469237
0,55.632,4.028125,-2.9126159147974344
0,55.632,4.03125,-2.9631703805859835
0,55.632,4.034375000000001,-3.0140390110259907
0,55.632,4.0375,-3.065149053459047
0,55.632,4.040625,-3.116421204403064
0,55.632,4.04375,-3.167769490343863
0,55.632,4.046875,-3.2191011998722745
0,55.632,4.050000000000001,-3.270316874999225
0,55.632,4.053125,-3.3213103695961577
0,55.632,4.05625,-3.3719689828503427
0,55.632,4.059375,-3.4221736753623073
0,55.632,4.0625,-3.4717993750165044
0,55.632,4.065625000000001,-3.5207153789925734
0,55.632,4.06875,-3.5687858572323607
0,55.632,4.071875,-3.6158704613158763
0,55.632,4.075,-3.6618250410182855
0,55.632,4.078125,-3.7065024688247994
0,55.632,4.081250000000001,-3.7497535703831812
0,55.632,4.084375,-3.791428156312405
0,55.632,4.0875,-3.831376148008611
0,55.632,4.090625,-3.8694487871665286
0,55.632,4.09375,-3.9054999157557795
0,55.632,4.096875000000001,-3.9393873102579793
0,55.632,4.1,-3.970974051203322
0,55.632,4.103125,-4.000129906567971
0,55.632,4.10625,-4.026732705534668
0,55.632,4.109375,-4.050669677603146
0,55.632,4.112500000000001,-4.071838731172385
0,55.632,4.115625,-4.09014964559616
0,55.632,4.11875,-4.10552515139726
0,55.632,4.121875,-4.117901874842607
0,55.632,4.125,-4.127231125422298
0,55.632,4.128125000000001,-4.133479507887374
0,55.632,4.13125,-4.136629344295621
0,55.632,4.134375,-4.136678895862685
0,55.632,4.1375,-4.1336423791606425
0,55.632,4.140625,-4.127549776167062
0,55.632,4.143750000000001,-4.11844644265225
0,55.632,4.146875,-4.1063925242066315
0,55.632,4.15,-4.091462193670126
0,55.632,4.153125,-4.073742727665864
0,55.632,4.15625,-4.053333443226032
0,55.632,4.159375000000001,-4.030344518027632
0,55.632,4.1625,-4.004895719468409
0,55.632,4.165625,-3.977115068687127
0,55.632,4.16875,-3.947137465686872
0,55.632,4.171875,-3.9151033010065546
0,55.632,4.175000000000001,-3.881157077989823
0,55.632,4.178125,-3.845446067726113
0,55.632,4.18125,-3.808119016307389
0,55.632,4.184375,-3.769324921285449
0,55.632,4.1875,-3.7292118912544323
0,55.632,4.190625000000001,-3.6879260994470924
0,55.632,4.19375,-3.645610839228564
0,55.632,4.196875,-3.6024056864953535
0,55.632,4.2,-3.5584457713176882
0,55.632,4.203125,-3.513861158756696
0,55.632,4.206250000000001,-3.4687763366881907
0,55.632,4.209375,-3.4233098066907424
0,55.632,4.2125,-3.377573772616503
0,55.632,4.215625,-3.331673920352436
0,55.632,4.21875,-3.285709281476831
0,55.632,4.221875000000001,-3.239772173000346
0,55.632,4.225,-3.1939482051160812
0,55.632,4.228125,-3.1483163488377617
0,55.632,4.23125,-3.102949055542999
0,55.632,4.234375,-3.057912420721285
0,55.632,4.237500000000001,-3.0132663846247785
0,55.632,4.240625,-2.969064962998304
0,55.632,4.24375,-2.9253565015984324
0,55.632,4.246875,-2.8821839487760226
0,55.632,4.25,-2.839585140969472
0,55.632,4.253125000000001,-2.7975930965252287
0,55.632,4.25625,-2.756236313810994
0,55.632,4.259375,-2.715539070109048
0,55.632,4.2625,-2.6755217182655824
0,55.632,4.265625,-2.636200978521198
0,55.632,4.268750000000001,-2.597590223359554
0,55.632,4.271875,-2.5596997535821826
0,55.632,4.275,-2.5225370641512384
0,55.632,4.278125,-2.486107098640579
0,55.632,4.28125,-2.450412491399794
0,55.632,4.284375000000001,-2.4154537967721725
0,55.632,4.2875,-2.381229704915704
0,55.632,4.290625,-2.347737243961174
0,55.632,4.29375,-2.314971968405809
0,55.632,4.296875,-2.2829281337850063
0,55.632,4.300000000000001,-2.251598857793446
0,55.632,4.303125,-2.2209762681387746
0,55.632,4.30625,-2.191051637508617
0,55.632,4.309375,-2.1618155061160285
0,55.632,4.3125,-2.133257792357979
0,55.632,4.315625000000001,-2.1053678921794075
0,55.632,4.31875,-2.0781347677792246
0,55.632,4.321875,-2.0515470263264155
0,55.632,4.325,-2.0255929893744438
0,55.632,4.328125,-2.0002607536695485
0,55.632,4.331250000000001,-1.9755382440467508
0,55.632,4.334375,-1.951413259094625
0,55.632,4.3375,-1.9278735102493714
0,55.632,4.340625,-1.904906654951502
0,55.632,4.34375,-1.8825003244648895
0,55.632,4.346875000000001,-1.860642146921917
0,55.632,4.35,-1.8393197661195275
0,55.632,4.353125,-1.8185208565521143
0,55.632,4.35625,-1.7982331351301175
0,55.632,4.359375,-1.7784443699980652
0,55.632,4.362500000000001,-1.7591423868360336
0,55.632,4.365625,-1.7403150730031982
0,55.632,4.36875,-1.721950379863443
0,55.632,4.371875,-1.7040363236214182
0,55.632,4.375,-1.6865609849921217
0,55.632,4.378125000000001,-1.6695125080299158
0,55.632,4.38125,-1.6528790984514552
0,55.632,4.384375,-1.6366490218016856
0,55.632,4.3875,-1.620810601831603
0,55.632,4.390625,-1.6053522194780045
0,55.632,4.393750000000001,-1.5902623128585092
0,55.632,4.396875,-1.5755293787154543
0,55.632,4.4,-1.561141975757719
0,55.632,4.403125,-1.5470887303565353
0,55.632,4.40625,-1.533358345045435
0,55.632,4.409375000000001,-1.519939610253067
0,55.632,4.4125,-1.5068214196555854
0,55.632,4.415625,-1.4939927894702032
0,55.632,4.41875,-1.4814428819206429
0,55.632,4.421875,-1.4691610329863019
0,55.632,4.425000000000001,-1.457136784401467
0,55.632,4.428125,-1.445359919699459
0,55.632,4.43125,-1.4338205039044611
0,55.632,4.434375,-1.4225089262677433
0,55.632,4.4375,-1.4114159452337385
0,55.632,4.440625000000001,-1.4005327346178804
0,55.632,4.44375,-1.3898509297945942
0,55.632,4.446875,-1.3793626725455417
0,55.632,4.45,-1.3690606531193255
0,55.632,4.453125,-1.358938148016534
0,55.632,4.456250000000001,-1.3489890520488776
0,55.632,4.459375,-1.3392079033327184
0,55.632,4.4625,-1.3295899000659948
0,55.632,4.465625,-1.3201309081973456
0,55.632,4.46875,-1.3108274594143283
0,55.632,4.471875000000001,-1.3016767392373665
0,55.632,4.475,-1.2926765653849916
0,55.632,4.478125,-1.2838253569505869
0,55.632,4.48125,-1.2751220952775992
0,55.632,4.484375,-1.2665662777167481
0,55.632,4.487500000000001,-1.258157865678672
0,55.632,4.490625,-1.2498972285462298
0,55.632,4.49375,-1.2417850850775718
0,55.632,4.496875,-1.2338224439156564
0,55.632,4.5,-1.2260105447288885
0,55.632,4.503125000000001,-1.2183508013539979
0,55.632,4.50625,-1.2108447481106934
0,55.632,4.509375,-1.2034939902253112
0,55.632,4.5125,-1.1963001590544595
0,55.632,4.515625,-1.1892648725543415
0,55.632,4.518750000000001,-1.182389701210703
0,55.632,4.521875,-1.175676139437292
0,55.632,4.525,-1.1691255822744469
0,55.632,4.528125,-1.162739307077522
0,55.632,4.53125,-1.1565184597776152
0,55.632,4.534375000000001,-1.1504640452238388
0,55.632,4.5375,-1.1445769210734602
0,55.632,4.540625,-1.1388577946798473
0,55.632,4.54375,-1.1333072224338547
0,55.632,4.546875,-1.127925611036715
0,55.632,4.550000000000001,-1.1227132202179622
0,55.632,4.553125,-1.1176701664556543
0,55.632,4.55625,-1.1127964273049962
0,55.632,4.559375,-1.1080918459926625
0,55.632,4.5625,-1.1035561359849788
0,55.632,4.565625000000001,-1.0991888852876595
0,55.632,4.56875,-1.0949895602812822
0,55.632,4.571875,-1.0909575089398726
0,55.632,4.575,-1.087091963319394
0,55.632,4.578125,-1.0833920412384768
0,55.632,4.581250000000001,-1.0798567471057774
0,55.632,4.584375,-1.0764849718769878
0,55.632,4.5875,-1.0732754921502325
0,55.632,4.590625,-1.0702269684319123
0,55.632,4.59375,-1.0673379426260503
0,55.632,4.596875000000001,-1.0646068348198097
0,55.632,4.6,-1.0620319394558682
0,55.632,4.603125,-1.0596114209993943
0,55.632,4.60625,-1.0573433092235975
0,55.632,4.609375,-1.055225494253145
0,55.632,4.612500000000001,-1.0532557215194513
0,55.632,4.615625,-1.0514315867955857
0,55.632,4.61875,-1.0497505314912363
0,55.632,4.621875,-1.0482098383995664
0,55.632,4.625,-1.0468066280973027
0,55.632,4.628125000000001,-1.0455378562067672
0,55.632,4.63125,-1.0444003117330618
0,55.632,4.634375,-1.0433906166907225
0,55.632,4.6375,-1.0425052272313011
0,55.632,4.640625,-1.0417404364757743
0,55.632,4.643750000000001,-1.041092379243114
0,55.632,4.646875,-1.0405570388481007
0,55.632,4.65,-1.0401302561174202
0,55.632,4.653125,-1.0398077407431587
0,55.632,4.65625,-1.0395850850570034
0,55.632,4.659375000000001,-1.0394577802674103
0,55.632,4.6625,-1.0394212351561922
0,55.632,4.665625,-1.039470797181497
0,55.632,4.66875,-1.039601775882156
0,55.632,4.671875,-1.0398094684252217
0,55.632,4.675000000000001,-1.0400891870858164
0,55.632,4.678125,-1.0404362883975986
0,55.632,4.68125,-1.0408462036647683
0,55.632,4.684375,-1.0413144704839083
0,55.632,4.6875,-1.0418367648870785
0,55.632,4.690625000000001,-1.042408933687246
0,55.632,4.69375,-1.0430270265836608
0,55.632,4.696875,-1.0436873275682441
0,55.632,4.7,-1.0443863851640163
0,55.632,4.703125,-1.0451210410227558
0,55.632,4.706250000000001,-1.045888456410522
0,55.632,4.709375,-1.0466861361160664
0,55.632,4.7125,-1.0475119493278422
0,55.632,4.715625,-1.0483641470402063
0,55.632,4.71875,-1.0492413755686283
0,55.632,4.721875000000001,-1.0501426857776113
0,55.632,4.725,-1.0510675376545078
0,55.632,4.728125,-1.0520157998981647
0,55.632,4.73125,-1.0529877442343396
0,55.632,4.734375,-1.0539840342207618
0,55.632,4.737500000000001,-1.055005708363881
0,55.632,4.740625,-1.0560541574365552
0,55.632,4.74375,-1.0571310959604454
0,55.632,4.746875,-1.058238527897293
0,55.632,4.75,-1.059378706677676
0,55.632,4.753125000000001,-1.060554089781931
0,55.632,4.75625,-1.0617672881732279
0,55.632,4.759375,-1.0630210109648481
0,55.632,4.7625,-1.0643180057802857
0,55.632,4.765625,-1.0656609953343377
0,55.632,4.768750000000001,-1.0670526108246403
0,55.632,4.771875,-1.068495322776048
0,55.632,4.775,-1.06999137002515
0,55.632,4.778125,-1.0715426875703342
0,55.632,4.78125,-1.0731508340458509
0,55.632,4.784375000000001,-1.0748169196082151
0,55.632,4.7875,-1.0765415350524397
0,55.632,4.790625,-1.0783246830057456
0,55.632,4.79375,-1.0801657120791637
0,55.632,4.796875,-1.0820632548936926
0,55.632,4.800000000000001,-1.0840151709369068
0,55.632,4.803125,-1.0860184952468739
0,55.632,4.80625,-1.0880693939599337
0,55.632,4.809375,-1.0901631277928547
0,55.632,4.8125,-1.0922940245526562
0,55.632,4.815625000000001,-1.0944554617715208
0,55.632,4.81875,-1.0966398605422765
0,55.632,4.821875,-1.09883869157334
0,55.632,4.825,-1.101042494383158
0,55.632,4.828125,-1.1032409104064047
0,55.632,4.831250000000001,-1.1054227305831592
0,55.632,4.834375,-1.107575957747016
0,55.632,4.8375,-1.109687883821498
0,55.632,4.840625,-1.1117451814841357
0,55.632,4.84375,-1.113734009576751
0,55.632,4.846875000000001,-1.1156401311461688
0,55.632,4.85,-1.1174490426123935
0,55.632,4.853125,-1.1191461122040314
0,55.632,4.85625,-1.1207167254955825
0,55.632,4.859375,-1.1221464356481692
0,55.632,4.862500000000001,-1.1234211158086274
0,55.632,4.865625,-1.1245271110699335
0,55.632,4.86875,-1.1254513874381467
0,55.632,4.871875,-1.1261816753793175
0,55.632,4.875,-1.1267066057189832
0,55.632,4.878125000000001,-1.127015835916554
0,55.632,4.88125,-1.1271001650147003
0,55.632,4.884375,-1.1269516358480796
0,55.632,4.8875,-1.1265636233678749
0,55.632,4.890625,-1.125930908185997
0,55.632,4.893750000000001,-1.1250497346589974
0,55.632,4.896875,-1.1239178530168716
0,55.632,4.9,-1.1225345452019562
0,55.632,4.903125,-1.1209006342272734
0,55.632,4.90625,-1.1190184770032858
0,55.632,4.909375000000001,-1.1168919407277635
0,55.632,4.9125,-1.1145263630937123
0,55.632,4.915625,-1.1119284967498169
0,55.632,4.91875,-1.109106438647458
0,55.632,4.921875,-1.106069545123956
0,55.632,4.925000000000001,-1.1028283337963591
0,55.632,4.928125,-1.0993943735633995
0,55.632,4.93125,-1.0957801642235099
0,55.632,4.934375,-1.091999007402198
0,55.632,4.9375,-1.0880648706311258
0,55.632,4.940625000000001,-1.083992246525102
0,55.632,4.94375,-1.0797960090549577
0,55.632,4.946875,-1.0754912689107412
0,55.632,4.95,-1.0710932298907747
0,55.632,4.953125,-1.0666170481408006
0,55.632,4.956250000000001,-1.0620776959101623
0,55.632,4.959375,-1.057489831296652
0,55.632,4.9625,-1.0528676752286652
0,55.632,4.965625,-1.0482248966935306
0,55.632,4.96875,-1.0435745069752196
0,55.632,4.971875000000001,-1.0389287634241544
0,55.632,4.975,-1.0342990830555747
0,55.632,4.978125,-1.0296959660693243
0,55.632,4.98125,-1.0251289292090793
0,55.632,4.984375,-1.0206064487371114
0,55.632,4.987500000000001,-1.0161359126944667
0,55.632,4.990625,-1.0117235820460453
0,55.632,4.99375,-1.0073745602747426
0,55.632,4.996875,-1.0030927709860336
0,55.632,5.0,-0.9988809431104412
0,55.632,5.003125,-0.9947406033420078
0,55.632,5.0062500000000005,-0.9906720755209556
0,55.632,5.009375,-0.9866744867527597
0,55.632,5.0125,-0.9827457801482125
0,55.632,5.015625,-0.9788827341639964
0,55.632,5.01875,-0.9750809886149765
0,55.632,5.0218750000000005,-0.9713350775124517
0,55.632,5.025,-0.9676384689516351
0,55.632,5.028125,-0.9639836123215796
0,55.632,5.03125,-0.9603619931373683
0,55.632,5.034375,-0.9567641957933939
0,55.632,5.0375000000000005,-0.9531799745050108
0,55.632,5.040625,-0.9495983326412578
0,55.632,5.04375,-0.9460076105524567
0,55.632,5.046875,-0.942395581863321
0,55.632,5.05,-0.9387495580360358
0,55.632,5.0531250000000005,-0.9350565008116427
0,55.632,5.05625,-0.9313031419166342
0,55.632,5.059375,-0.9274761091811441
0,55.632,5.0625,-0.9235620579638691
0,55.632,5.065625,-0.9195478065260575
0,55.632,5.0687500000000005,-0.9154204737537113
0,55.632,5.071875,-0.9111676174050123
0,55.632,5.075,-0.9067773708709459
0,55.632,5.078125,-0.9022385762929706
0,55.632,5.08125,-0.8975409117928828
0,55.632,5.0843750000000005,-0.8926750105460847
0,55.632,5.0875,-0.8876325694767424
0,55.632,5.090625,-0.8824064454756805
0,55.632,5.09375,-0.8769907372395949
0,55.632,5.096875,-0.8713808510996852
0,55.632,5.1000000000000005,-0.8655735495420738
0,55.632,5.103125,-0.8595669815103748
0,55.632,5.10625,-0.8533606940085454
0,55.632,5.109375,-0.8469556249731353
0,55.632,5.1125,-0.8403540778399918
0,55.632,5.1156250000000005,-0.8335596786724537
0,55.632,5.11875,-0.8265773171276869
0,55.632,5.121875,-0.8194130728978342
0,55.632,5.125,-0.812074129558733
0,55.632,5.128125,-0.8045686779796554
0,55.632,5.1312500000000005,-0.7969058115857405
0,55.632,5.134375,-0.7890954158177798
0,55.632,5.1375,-0.7811480541034352
0,55.632,5.140625,-0.7730748525464113
0,55.632,5.14375,-0.7648873853655681
0,55.632,5.1468750000000005,-0.7565975628883412
0,55.632,5.15,-0.7482175236379671
0,55.632,5.153125,-0.7397595317689011
0,55.632,5.15625,-0.7312358808166775
0,55.632,5.159375,-0.7226588044524208
0,55.632,5.1625000000000005,-0.7140403946816296
0,55.632,5.165625,-0.7053925277109455
0,55.632,5.16875,-0.6967267975309135
0,55.632,5.171875,-0.6880544571287733
0,55.632,5.175,-0.679386367150388
0,55.632,5.1781250000000005,-0.6707329517693755
0,55.632,5.18125,-0.6621041614867184
0,55.632,5.184375,-0.6535094425672223
0,55.632,5.1875,-0.644957712812287
0,55.632,5.190625,-0.6364573433642821
0,55.632,5.1937500000000005,-0.6280161462316827
0,55.632,5.196875,-0.6196413672127686
0,55.632,5.2,-0.6113396838784068
0,55.632,5.203125,-0.6031172082521448
0,55.632,5.20625,-0.5949794938005929
0,55.632,5.2093750000000005,-0.5869315463218928
0,55.632,5.2125,-0.5789778382978765
0,55.632,5.215625,-0.5711223262589389
0,55.632,5.21875,-0.5633684707018886
0,55.632,5.221875,-0.555719258101036
0,55.632,5.2250000000000005,-0.548177224562118
0,55.632,5.228125,-0.5407444806868106
0,55.632,5.23125,-0.5334227372414898
0,55.632,5.234375,-0.5262133312562923
0,55.632,5.2375,-0.519117252217422
0,55.632,5.2406250000000005,-0.512135168055665
0,55.632,5.24375,-0.5052674506752755
0,55.632,5.246875,-0.4985142008084337
0,55.632,5.25,-0.49187527202021913
0,55.632,5.253125,-0.4853502937262827
0,55.632,5.2562500000000005,-0.47893869311974213
0,55.632,5.259375,-0.47263971593464943
0,55.632,5.2625,-0.4664524460004812
0,55.632,5.265625,-0.46037582356560336
0,55.632,5.26875,-0.4544086623873947
0,55.632,5.2718750000000005,-0.44854966560313625
0,55.632,5.275,-0.4427974404090352
0,55.632,5.278125,-0.4371505115851015
0,55.632,5.28125,-0.43160733391158523
0,55.632,5.284375,-0.4261663035283394
0,55.632,5.2875000000000005,-0.4208257682923941
0,55.632,5.290625,-0.41558403719133935
0,55.632,5.29375,-0.4104393888711173
0,55.632,5.296875,-0.4053900793368663
0,55.632,5.3,-0.40043434888457474
0,55.632,5.3031250000000005,-0.3955704283198284
0,55.632,5.30625,-0.3907965445179914
0,55.632,5.309375,-0.38611092537779024
0,55.632,5.3125,-0.3815118042177681
0,55.632,5.315625,-0.37699742366230565
0,55.632,5.3187500000000005,-0.3725660390611564
0,55.632,5.321875,-0.3682159214836163
0,55.632,5.325,-0.3639453603256613
0,55.632,5.328125,-0.35975266556569874
0,55.632,5.33125,-0.3556361697019161
0,55.632,5.3343750000000005,-0.35159422940171137
0,55.632,5.3375,-0.34762522689129366
0,55.632,5.340625,-0.34372757111124685
0,55.632,5.34375,-0.3398996986617609
0,55.632,5.346875,-0.3361400745591871
0,55.632,5.3500000000000005,-0.3324471928237355
0,55.632,5.353125,-0.3288195769163925
0,55.632,5.35625,-0.3252557800415106
0,55.632,5.359375,-0.3217543853300623
0,55.632,5.3625,-0.31831400591714976
0,55.632,5.3656250000000005,-0.314933284926112
0,55.632,5.36875,-0.3116108953704121
0,55.632,5.371875,-0.30834553998340336
0,55.632,5.375,-0.3051359509851277
0,55.632,5.378125,-0.30198088979438104
0,55.632,5.3812500000000005,-0.29887914669347754
0,55.632,5.384375,-0.2958295404524072
0,55.632,5.3875,-0.2928309179183818
0,55.632,5.390625,-0.28988215357618846
0,55.632,5.39375,-0.28698214908416436
0,55.632,5.3968750000000005,-0.284129832790133
0,55.632,5.4,-0.2813241592311653
0,55.632,5.403125,-0.27856410862060654
0,55.632,5.40625,-0.27584868632544857
0,55.632,5.409375,-0.273176922336767
0,55.632,5.4125000000000005,-0.2705478707356385
0,55.632,5.415625,-0.2679606091566812
0,55.632,5.41875,-0.2654142382510882
0,55.632,5.421875,-0.26290788115082514
0,55.632,5.425,-0.2604406829354287
0,55.632,5.4281250000000005,-0.258011810102676
0,55.632,5.43125,-0.2556204500442237
0,55.632,5.434375,-0.25326581052715846
0,55.632,5.4375,-0.25094711918228135
0,55.632,5.440625,-0.24866362299981362
0,55.632,5.4437500000000005,-0.24641458783311276
0,55.632,5.446875,-0.24419929791088651
0,55.632,5.45,-0.24201705535830623
0,55.632,5.453125,-0.23986717972734903
0,55.632,5.45625,-0.23774900753662565
0,55.632,5.4593750000000005,-0.23566189182088745
0,55.632,5.4625,-0.23360520169036184
0,55.632,5.465625,-0.2315783218999998
0,55.632,5.46875,-0.22958065242870307
0,55.632,5.471875,-0.22761160806853356
0,55.632,5.4750000000000005,-0.22567061802389418
0,55.632,5.478125,-0.2237571255206368
0,55.632,5.48125,-0.22187058742501714
0,55.632,5.484375,-0.22001047387241804
0,55.632,5.4875,-0.21817626790571815
0,55.632,5.4906250000000005,-0.21636746512318555
0,55.632,5.49375,-0.21458357333575556
0,55.632,5.496875,-0.21282411223353315
0,55.632,5.5,-0.21108861306136978
0,55.632,5.503125,-0.20937661830333562
0,55.632,5.5062500000000005,-0.2076876813759144
0,55.632,5.509375,-0.2060213663297417
0,55.632,5.5125,-0.20437724755969502
0,55.632,5.515625,-0.2027549095231564
0,55.632,5.51875,-0.20115394646625204
0,55.632,5.5218750000000005,-0.1995739621578778
0,55.632,5.525,-0.198014569631327
0,55.632,5.528125,-0.19647539093331548
0,55.632,5.53125,-0.19495605688023146
0,55.632,5.534375,-0.19345620682140766
0,55.632,5.5375000000000005,-0.19197548840923745
0,55.632,5.540625,-0.19051355737594666
0,55.632,5.54375,-0.18907007731683942
0,55.632,5.546875,-0.18764471947984124
0,55.632,5.55,-0.18623716256116007
0,55.632,5.5531250000000005,-0.18484709250689507
0,55.632,5.55625,-0.1834742023204225
0,55.632,5.559375,-0.1821181918753886
0,55.632,5.5625,-0.18077876773415522
0,55.632,5.565625,-0.17945564297153066
0,55.632,5.5687500000000005,-0.17814853700363556
0,55.632,5.571875,-0.17685717542175036
0,55.632,5.575,-0.17558128983099555
0,55.632,5.578125,-0.17432061769370166
0,55.632,5.58125,-0.1730749021773301
0,55.632,5.5843750000000005,-0.17184389200680328
0,55.632,5.5875,-0.17062734132111762
0,55.632,5.590625,-0.16942500953410175
0,55.632,5.59375,-0.16823666119920233
0,55.632,5.596875,-0.16706206587817016
0,55.632,5.6000000000000005,-0.16590099801352776
0,55.632,5.603125,-0.16475323680470724
0,55.632,5.60625,-0.16361856608773956
0,55.632,5.609375,-0.1624967742183932
0,55.632,5.6125,-0.16138765395865293
0,55.632,5.6156250000000005,-0.16029100236643734
0,55.632,5.61875,-0.15920662068845698
0,55.632,5.621875,-0.1581343142561122
0,55.632,5.625,-0.15707389238434535
0,55.632,5.628125,-0.15602516827334983
0,55.632,5.6312500000000005,-0.15498795891305153
0,55.632,5.634375,-0.1539620849902785
0,55.632,5.6375,-0.15294737079853266
0,55.632,5.640625,-0.15194364415028888
0,55.632,5.64375,-0.15095073629174194
0,55.632,5.6468750000000005,-0.14996848181992412
0,55.632,5.65,-0.14899671860212715
0,55.632,5.653125,-0.14803528769755084
0,55.632,5.65625,-0.1470840332811172
0,55.632,5.659375,-0.14614280256938048
0,55.632,5.6625000000000005,-0.14521144574846995
0,55.632,5.665625,-0.144289815904006
0,55.632,5.66875,-0.14337776895292592
0,55.632,5.671875,-0.14247516357716578
0,55.632,5.675,-0.14158186115914018
0,55.632,5.6781250000000005,-0.14069772571896547
0,55.632,5.68125,-0.13982262385337657
0,55.632,5.684375,-0.1389564246762824
0,55.632,5.6875,-0.13809899976091536
0,55.632,5.690625,-0.13725022308352428
0,55.632,5.6937500000000005,-0.13640997096856633
0,55.632,5.696875,-0.13557812203535285
0,55.632,5.7,-0.13475455714610526
0,55.632,5.703125,-0.13393915935538062
0,55.632,5.70625,-0.13313181386082576
0,55.632,5.7093750000000005,-0.13233240795522094
0,55.632,5.7125,-0.1315408309797757
0,55.632,5.715625,-0.13075697427863725
0,55.632,5.71875,-0.12998073115458172
0,55.632,5.721875,-0.12921199682584789
0,55.632,5.7250000000000005,-0.1284506683840836
0,55.632,5.728125,-0.1276966447533722
0,55.632,5.73125,-0.12694982665030538
0,55.632,5.734375,-0.12621011654507588
0,55.632,5.7375,-0.12547741862355832
0,55.632,5.7406250000000005,-0.12475163875034974
0,55.632,5.74375,-0.12403268443274437
0,55.632,5.746875,-0.12332046478561254
0,55.632,5.75,-0.12261489049716216
0,55.632,5.753125,-0.12191587379555416
0,55.632,5.7562500000000005,-0.12122332841634989
0,55.632,5.759375,-0.12053716957076657
0,55.632,5.7625,-0.11985731391471627
0,55.632,5.765625,-0.11918367951860992
0,55.632,5.76875,-0.1185161858379015
0,55.632,5.7718750000000005,-0.1178547536843538
0,55.632,5.775,-0.1171993051980055
0,55.632,5.778125,-0.11654976381981885
0,55.632,5.78125,-0.11590605426499045
0,55.632,5.784375,-0.11526810249690667
0,55.632,5.7875000000000005,-0.11463583570172534
0,55.632,5.790625,-0.11400918226356768
0,55.632,5.79375,-0.1133880717403016
0,55.632,5.796875,-0.11277243483990322
0,55.632,5.800000000000001,-0.11216220339737867
0,55.632,5.8031250000000005,-0.11155731035223267
0,55.632,5.80625,-0.11095768972646616
0,55.632,5.809375,-0.1103632766030933
0,55.632,5.8125,-0.1097740071051599
0,55.632,5.815625000000001,-0.10918981837525141
0,55.632,5.8187500000000005,-0.10861064855547874
0,55.632,5.821875,-0.10803643676792575
0,55.632,5.825,-0.10746712309555005
0,55.632,5.828125,-0.10690264856352277
0,55.632,5.831250000000001,-0.10634295512099594
0,55.632,5.8343750000000005,-0.10578798562328776
0,55.632,5.8375,-0.10523768381447232
0,55.632,5.840625,-0.10469199431036587
0,55.632,5.84375,-0.10415086258189746
0,55.632,5.846875000000001,-0.10361423493885416
0,55.632,5.8500000000000005,-0.1030820585139937
0,55.632,5.853125,-0.10255428124750968
0,55.632,5.85625,-0.10203085187184659
0,55.632,5.859375,-0.10151171989685125
0,55.632,5.862500000000001,-0.10099683559525344
0,55.632,5.8656250000000005,-0.1004861499884691
0,55.632,5.86875,-0.09997961483271316
0,55.632,5.871875,-0.09947718260542045
0,55.632,5.875,-0.09897880649196171
0,55.632,5.878125000000001,-0.0984844403726502
0,55.632,5.8812500000000005,-0.0979940388100308
0,55.632,5.884375,-0.09750755703644376
0,55.632,5.8875,-0.09702495094185729
0,55.632,5.890625,-0.09654617706196279
0,55.632,5.893750000000001,-0.09607119256652424
0,55.632,5.8968750000000005,-0.0955999552479778
0,55.632,5.9,-0.09513242351027322
0,55.632,5.903125,-0.09466855635795328
0,55.632,5.90625,-0.0942083133854636
0,55.632,5.909375000000001,-0.093751654766689
0,55.632,5.9125000000000005,-0.093298541244709
0,55.632,5.915625,-0.09284893412176873
0,55.632,5.91875,-0.0924027952494587
0,55.632,5.921875,-0.09196008701910008
0,55.632,5.925000000000001,-0.09152077235232896
0,55.632,5.9281250000000005,-0.09108481469187583
0,55.632,5.93125,-0.09065217799253465
0,55.632,5.934375,-0.09022282671231817
0,55.632,5.9375,-0.08979672580379479
0,55.632,5.940625000000001,-0.08937384070560138
0,55.632,5.9437500000000005,-0.08895413733413053
0,55.632,5.946875,-0.0885375820753847
0,55.632,5.95,-0.08812414177699676
0,55.632,5.953125,-0.08771378374041063
0,55.632,5.956250000000001,-0.08730647571321935
0,55.632,5.9593750000000005,-0.08690218588165778
0,55.632,5.9625,-0.08650088286324283
0,55.632,5.965625,-0.08610253569956294
0,55.632,5.96875,-0.08570711384920948
0,55.632,5.971875000000001,-0.08531458718084783
0,55.632,5.9750000000000005,-0.08492492596642645
0,55.632,5.978125,-0.0845381008745177
0,55.632,5.98125,-0.0841540829637911
0,55.632,5.984375,-0.08377284367661281
0,55.632,5.987500000000001,-0.08339435483277087
0,55.632,5.9906250000000005,-0.08301858862332193
0,55.632,5.99375,-0.08264551760455684
0,55.632,5.996875,-0.08227511469208335
0,55.632,6.0,-0.08190735315502236
