"Current","Field","Frequency","Spectra"
0,65.2731,1.0,-0.024367610175483993
0,65.2731,1.003125,-0.024449142168604845
0,65.2731,1.00625,-0.024531224404107363
0,65.2731,1.009375,-0.024613862813963744
0,65.2731,1.0125,-0.024697063416541272
0,65.2731,1.015625,-0.02478083231815424
0,65.2731,1.01875,-0.024865175714648812
0,65.2731,1.021875,-0.024950099893021264
0,65.2731,1.025,-0.02503561123307077
0,65.2731,1.028125,-0.02512171620908733
0,65.2731,1.03125,-0.025208421391575583
0,65.2731,1.034375,-0.025295733449015992
0,65.2731,1.0375,-0.02538365914966338
0,65.2731,1.040625,-0.025472205363384577
0,65.2731,1.04375,-0.02556137906353574
0,65.2731,1.046875,-0.02565118732888022
0,65.2731,1.05,-0.02574163734554833
0,65.2731,1.053125,-0.025832736409039787
0,65.2731,1.05625,-0.02592449192626997
0,65.2731,1.059375,-0.026016911417661114
0,65.2731,1.0625,-0.02611000251927946
0,65.2731,1.065625,-0.026203772985019698
0,65.2731,1.06875,-0.026298230688837722
0,65.2731,1.071875,-0.026393383627032994
0,65.2731,1.075,-0.026489239920581737
0,65.2731,1.078125,-0.026585807817522296
0,65.2731,1.08125,-0.026683095695393996
0,65.2731,1.084375,-0.026781112063730773
0,65.2731,1.0875,-0.026879865566611053
0,65.2731,1.090625,-0.026979364985265427
0,65.2731,1.09375,-0.02707961924074328
0,65.2731,1.096875,-0.02718063739664031
0,65.2731,1.1,-0.02728242866188829
0,65.2731,1.103125,-0.027385002393608592
0,65.2731,1.10625,-0.027488368100031392
0,65.2731,1.109375,-0.027592535443482114
0,65.2731,1.1125,-0.027697514243436895
0,65.2731,1.115625,-0.027803314479648893
0,65.2731,1.11875,-0.027909946295347217
0,65.2731,1.121875,-0.028017420000510773
0,65.2731,1.125,-0.028125746075218325
0,65.2731,1.128125,-0.028234935173077617
0,65.2731,1.13125,-0.028344998124734906
0,65.2731,1.134375,-0.02845594594146762
0,65.2731,1.1375,-0.028567789818862117
0,65.2731,1.140625,-0.02868054114057877
0,65.2731,1.14375,-0.028794211482207017
0,65.2731,1.146875,-0.02890881261521245
0,65.2731,1.15,-0.02902435651097879
0,65.2731,1.153125,-0.029140855344947078
0,65.2731,1.15625,-0.029258321500854813
0,65.2731,1.159375,-0.029376767575077907
0,65.2731,1.1625,-0.02949620638107807
0,65.2731,1.165625,-0.02961665095395861
0,65.2731,1.16875,-0.029738114555131825
0,65.2731,1.171875,-0.02986061067710072
0,65.2731,1.175,-0.029984153048358553
0,65.2731,1.178125,-0.03010875563840943
0,65.2731,1.18125,-0.030234432662913077
0,65.2731,1.184375,-0.030361198588957722
0,65.2731,1.1875,-0.030489068140464266
0,65.2731,1.190625,-0.03061805630372573
0,65.2731,1.19375,-0.030748178333085706
0,65.2731,1.196875,-0.030879449756759707
0,65.2731,1.2,-0.031011886382803673
0,65.2731,1.203125,-0.031145504305233485
0,65.2731,1.20625,-0.03128031991030038
0,65.2731,1.209375,-0.03141634988292599
0,65.2731,1.2125,-0.03155361121330247
0,65.2731,1.215625,-0.03169212120366165
0,65.2731,1.21875,-0.03183189747521881
0,65.2731,1.221875,-0.031972957975295604
0,65.2731,1.225,-0.0321153209846279
0,65.2731,1.228125,-0.03225900512486335
0,65.2731,1.23125,-0.0324040293662548
0,65.2731,1.234375,-0.03255041303555493
0,65.2731,1.2375,-0.03269817582411834
0,65.2731,1.240625,-0.03284733779621699
0,65.2731,1.24375,-0.032997919397575445
0,65.2731,1.246875,-0.03314994146413255
0,65.2731,1.25,-0.033303425231036084
0,65.2731,1.253125,-0.03345839234187765
0,65.2731,1.25625,-0.033614864858174796
0,65.2731,1.259375,-0.03377286526910779
0,65.2731,1.2625,-0.03393241650151926
0,65.2731,1.265625,-0.03409354193018365
0,65.2731,1.26875,-0.03425626538835595
0,65.2731,1.271875,-0.03442061117860713
0,65.2731,1.275,-0.03458660408395579
0,65.2731,1.278125,-0.03475426937930465
0,65.2731,1.28125,-0.03492363284319148
0,65.2731,1.284375,-0.0350947207698643
0,65.2731,1.2875,-0.03526755998169044
0,65.2731,1.290625,-0.035442177841910276
0,65.2731,1.29375,-0.03561860226774628
0,65.2731,1.296875,-0.035796861743878125
0,65.2731,1.3,-0.035976985336295834
0,65.2731,1.303125,-0.036159002706542376
0,65.2731,1.30625,-0.036342944126358384
0,65.2731,1.309375,-0.03652884049274134
0,65.2731,1.3125,-0.03671672334343241
0,65.2731,1.315625,-0.03690662487284482
0,65.2731,1.31875,-0.03709857794844744
0,65.2731,1.321875,-0.037292616127618215
0,65.2731,1.325,-0.03748877367498272
0,65.2731,1.328125,-0.03768708558025305
0,65.2731,1.33125,-0.03788758757658335
0,65.2731,1.334375,-0.038090316159458786
0,65.2731,1.3375,-0.03829530860613476
0,65.2731,1.340625,-0.03850260299564492
0,65.2731,1.34375,-0.03871223822939556
0,65.2731,1.346875,-0.0389242540523666
0,65.2731,1.35,-0.03913869107493795
0,65.2731,1.353125,-0.039355590795362494
0,65.2731,1.35625,-0.03957499562290665
0,65.2731,1.359375,-0.039796948901680326
0,65.2731,1.3625,-0.04002149493517945
0,65.2731,1.365625,-0.04024867901156436
0,65.2731,1.36875,-0.04047854742969852
0,65.2731,1.371875,-0.04071114752597297
0,65.2731,1.375,-0.04094652770194249
0,65.2731,1.378125,-0.04118473745280083
0,65.2731,1.38125,-0.04142582739672296
0,65.2731,1.384375,-0.04166984930510345
0,65.2731,1.3875,-0.0419168561337212
0,65.2731,1.390625,-0.042166902054861566
0,65.2731,1.39375,-0.04242004249042847
0,65.2731,1.396875,-0.04267633414607967
0,65.2731,1.4,-0.042935835046420276
0,65.2731,1.403125,-0.04319860457129006
0,65.2731,1.40625,-0.04346470349318193
0,65.2731,1.409375,-0.043734194015830355
0,65.2731,1.4125,-0.04400713981400928
0,65.2731,1.415625,-0.04428360607458108
0,65.2731,1.41875,-0.04456365953883978
0,65.2731,1.421875,-0.04484736854619201
0,65.2731,1.425,-0.04513480307922271
0,65.2731,1.428125,-0.045426034810192445
0,65.2731,1.43125,-0.04572113714901599
0,65.2731,1.434375,-0.046020185292773255
0,65.2731,1.4375,-0.046323256276805065
0,65.2731,1.440625,-0.04663042902744913
0,65.2731,1.44375,-0.0469417844164724
0,65.2731,1.446875,-0.04725740531725861
0,65.2731,1.45,-0.04757737666281209
0,65.2731,1.453125,-0.0479017855056401
0,65.2731,1.45625,-0.04823072107957928
0,65.2731,1.459375,-0.04856427486363349
0,65.2731,1.4625,-0.04890254064789231
0,65.2731,1.465625,-0.049245614601602934
0,65.2731,1.46875,-0.04959359534346909
0,65.2731,1.471875,-0.04994658401425513
0,65.2731,1.475,-0.050304684351773966
0,65.2731,1.478125,-0.05066800276834191
0,65.2731,1.48125,-0.05103664843078515
0,65.2731,1.484375,-0.051410733343085956
0,65.2731,1.4875,-0.05179037243175913
0,65.2731,1.490625,-0.05217568363405302
0,65.2731,1.49375,-0.05256678798907084
0,65.2731,1.496875,-0.05296380973191349
0,65.2731,1.5,-0.053366876390945006
0,65.2731,1.503125,-0.05377611888828853
0,65.2731,1.50625,-0.05419167164366079
0,65.2731,1.509375,-0.054613672681657996
0,65.2731,1.5125000000000002,-0.055042263742609475
0,65.2731,1.515625,-0.055477590397116916
0,65.2731,1.51875,-0.05591980216440327
0,65.2731,1.521875,-0.05636905263459549
0,65.2731,1.525,-0.05682549959507101
0,65.2731,1.5281250000000002,-0.05728930516100042
0,65.2731,1.53125,-0.05776063591022061
0,65.2731,1.534375,-0.05823966302257903
0,65.2731,1.5375,-0.05872656242388885
0,65.2731,1.540625,-0.059221514934640875
0,65.2731,1.5437500000000002,-0.05972470642361989
0,65.2731,1.546875,-0.06023632796657441
0,65.2731,1.55,-0.06075657601009431
0,65.2731,1.553125,-0.061285652540849216
0,65.2731,1.55625,-0.061823765260346206
0,65.2731,1.5593750000000002,-0.06237112776536405
0,65.2731,1.5625,-0.06292795973422353
0,65.2731,1.565625,-0.0634944871190555
0,65.2731,1.56875,-0.06407094234422504
0,65.2731,1.571875,-0.06465756451107367
0,65.2731,1.5750000000000002,-0.06525459960913811
0,65.2731,1.578125,-0.06586230073400212
0,65.2731,1.58125,-0.06648092831193762
0,65.2731,1.584375,-0.06711075033148405
0,65.2731,1.5875,-0.06775204258211347
0,65.2731,1.5906250000000002,-0.06840508890012112
0,65.2731,1.59375,-0.06907018142187299
0,65.2731,1.596875,-0.0697476208445358
0,65.2731,1.6,-0.07043771669439985
0,65.2731,1.603125,-0.07114078760289627
0,65.2731,1.6062500000000002,-0.0718571615903931
0,65.2731,1.609375,-0.0725871763578364
0,65.2731,1.6125,-0.0733311795862859
0,65.2731,1.615625,-0.07408952924436633
0,65.2731,1.61875,-0.07486259390363346
0,65.2731,1.6218750000000002,-0.07565075306182122
0,65.2731,1.625,-0.07645439747390081
0,65.2731,1.628125,-0.07727392949084694
0,65.2731,1.63125,-0.07810976340595667
0,65.2731,1.634375,-0.07896232580852197
0,65.2731,1.6375000000000002,-0.07983205594459662
0,65.2731,1.640625,-0.08071940608453564
0,65.2731,1.64375,-0.08162484189691747
0,65.2731,1.646875,-0.08254884282837456
0,65.2731,1.65,-0.08349190248877461
0,65.2731,1.6531250000000002,-0.08445452904109288
0,65.2731,1.65625,-0.08543724559520569
0,65.2731,1.659375,-0.08644059060471647
0,65.2731,1.6625,-0.08746511826578393
0,65.2731,1.665625,-0.08851139891677683
0,65.2731,1.6687500000000002,-0.08958001943740963
0,65.2731,1.671875,-0.09067158364582742
0,65.2731,1.675,-0.09178671269190877
0,65.2731,1.678125,-0.09292604544482226
0,65.2731,1.68125,-0.09409023887263009
0,65.2731,1.6843750000000002,-0.09527996841145378
0,65.2731,1.6875,-0.09649592832141385
0,65.2731,1.690625,-0.09773883202622866
0,65.2731,1.69375,-0.09900941243298382
0,65.2731,1.696875,-0.10030842222819156
0,65.2731,1.7000000000000002,-0.10163663414581538
0,65.2731,1.703125,-0.10299484120245447
0,65.2731,1.70625,-0.1043838568943625
0,65.2731,1.709375,-0.1058045153503929
0,65.2731,1.7125,-0.10725767143434625
0,65.2731,1.7156250000000002,-0.10874420078950824
0,65.2731,1.71875,-0.1102649998174266
0,65.2731,1.721875,-0.11182098558217707
0,65.2731,1.725,-0.1134130956304873
0,65.2731,1.728125,-0.11504228771715574
0,65.2731,1.7312500000000002,-0.11670953942417868
0,65.2731,1.734375,-0.11841584766090255
0,65.2731,1.7375,-0.12016222803134846
0,65.2731,1.740625,-0.1219497140535811
0,65.2731,1.74375,-0.1237793562146575
0,65.2731,1.7468750000000002,-0.12565222084324476
0,65.2731,1.75,-0.1275693887804704
0,65.2731,1.753125,-0.12953195382795918
0,65.2731,1.75625,-0.13154102095029852
0,65.2731,1.759375,-0.1335977042074027
0,65.2731,1.7625000000000002,-0.13570312439038118
0,65.2731,1.765625,-0.13785840633259056
0,65.2731,1.76875,-0.14006467586558322
0,65.2731,1.771875,-0.14232305638763665
0,65.2731,1.775,-0.1446346650105343
0,65.2731,1.7781250000000002,-0.14700060824824418
0,65.2731,1.78125,-0.1494219772091706
0,65.2731,1.784375,-0.1518998422517787
0,65.2731,1.7875,-0.15443524706162734
0,65.2731,1.790625,-0.15702920210630353
0,65.2731,1.7937500000000002,-0.1596826774234485
0,65.2731,1.796875,-0.16239659469611267
0,65.2731,1.8,-0.16517181856917287
0,65.2731,1.803125,-0.1680091471605557
0,65.2731,1.80625,-0.1709093017217274
0,65.2731,1.8093750000000002,-0.17387291540340333
0,65.2731,1.8125,-0.17690052108489912
0,65.2731,1.815625,-0.17999253822916528
0,65.2731,1.81875,-0.18314925873046567
0,65.2731,1.821875,-0.18637083172815552
0,65.2731,1.8250000000000002,-0.18965724736824283
0,65.2731,1.828125,-0.1930083195046537
0,65.2731,1.83125,-0.19642366734461814
0,65.2731,1.834375,-0.19990269605754865
0,65.2731,1.8375,-0.2034445763845229
0,65.2731,1.8406250000000002,-0.20704822330616268
0,65.2731,1.84375,-0.21071227385058158
0,65.2731,1.846875,-0.2144350641503293
0,65.2731,1.85,-0.21821460588796288
0,65.2731,1.853125,-0.22204856230414993
0,65.2731,1.8562500000000002,-0.22593422397993276
0,65.2731,1.859375,-0.22986848464582832
0,65.2731,1.8625,-0.23384781731450593
0,65.2731,1.865625,-0.23786825108031495
0,65.2731,1.86875,-0.24192534897733065
0,65.2731,1.8718750000000002,-0.24601418733683128
0,65.2731,1.875,-0.250129337134079
0,65.2731,1.878125,-0.25426484786149856
0,65.2731,1.88125,-0.2584142345090273
0,65.2731,1.884375,-0.2625704682705996
0,65.2731,1.8875000000000002,-0.26672597162604605
0,65.2731,1.890625,-0.2708726184676335
0,65.2731,1.89375,-0.275001739947343
0,65.2731,1.896875,-0.27910413671188916
0,65.2731,1.9,-0.2831700981647273
0,65.2731,1.9031250000000002,-0.2871894293451144
0,65.2731,1.90625,-0.2911514859414029
0,65.2731,1.909375,-0.2950452178573108
0,65.2731,1.9125,-0.2988592216247158
0,65.2731,1.915625,-0.3025818018044402
0,65.2731,1.9187500000000002,-0.3062010413382952
0,65.2731,1.921875,-0.3097048806135722
0,65.2731,1.925,-0.31308120477878915
0,65.2731,1.928125,-0.3163179386118531
0,65.2731,1.93125,-0.31940314799556047
0,65.2731,1.9343750000000002,-0.3223251468083913
0,65.2731,1.9375,-0.3250726078000734
0,65.2731,1.940625,-0.32763467580136924
0,65.2731,1.94375,-0.3300010814263536
0,65.2731,1.946875,-0.3321622532734559
0,65.2731,1.9500000000000002,-0.33410942652827247
0,65.2731,1.953125,-0.3358347458249113
0,65.2731,1.95625,-0.3373313602397348
0,65.2731,1.959375,-0.3385935083756236
0,65.2731,1.9625,-0.339616591647261
0,65.2731,1.9656250000000002,-0.3403972340961244
0,65.2731,1.96875,-0.34093332734234744
0,65.2731,1.971875,-0.3412240596107251
0,65.2731,1.975,-0.3412699281384228
0,65.2731,1.978125,-0.34107273466879573
0,65.2731,1.9812500000000002,-0.3406355641439899
0,65.2731,1.984375,-0.33996274711291363
0,65.2731,1.9875,-0.3390598067552198
0,65.2731,1.990625,-0.33793339177171
0,65.2731,1.99375,-0.3365911966945546
0,65.2731,1.9968750000000002,-0.3350418714169544
0,65.2731,2.0,-0.3332949219243675
0,65.2731,2.003125,-0.33136060432444114
0,65.2731,2.00625,-0.32924981431984923
0,65.2731,2.0093750000000004,-0.326973974249875
0,65.2731,2.0125,-0.3245449197480924
0,65.2731,2.015625,-0.321974787932338
0,65.2731,2.01875,-0.31927590886839813
0,65.2731,2.021875,-0.31646070184051583
0,65.2731,2.0250000000000004,-0.31354157773039665
0,65.2731,2.028125,-0.310530848562069
0,65.2731,2.03125,-0.3074406450223389
0,65.2731,2.034375,-0.30428284252417626
0,65.2731,2.0375,-0.3010689961504037
0,65.2731,2.0406250000000004,-0.2978102846033198
0,65.2731,2.04375,-0.29451746309659343
0,65.2731,2.046875,-0.2912008249617577
0,65.2731,2.05,-0.28787017160430795
0,65.2731,2.053125,-0.2845347903340248
0,65.2731,2.0562500000000004,-0.2812034395099544
0,65.2731,2.059375,-0.27788434038090226
0,65.2731,2.0625,-0.27458517496521395
0,65.2731,2.065625,-0.27131308929647807
0,65.2731,2.06875,-0.2680747013618218
0,65.2731,2.0718750000000004,-0.2648761130738889
0,65.2731,2.075,-0.2617229256435635
0,65.2731,2.078125,-0.2586202577554616
0,65.2731,2.08125,-0.2555727659896878
0,65.2731,2.084375,-0.25258466697921284
0,65.2731,2.0875000000000004,-0.2496597608406017
0,65.2731,2.090625,-0.24680145546509127
0,65.2731,2.09375,-0.2440127913059099
0,65.2731,2.096875,-0.24129646634518437
0,65.2731,2.1,-0.23865486096899652
0,65.2731,2.1031250000000004,-0.23609006252157114
0,65.2731,2.10625,-0.23360388934877974
0,65.2731,2.109375,-0.23119791417692503
0,65.2731,2.1125,-0.22887348670501095
0,65.2731,2.115625,-0.22663175531740706
0,65.2731,2.1187500000000004,-0.22447368784909316
0,65.2731,2.121875,-0.222400091357639
0,65.2731,2.125,-0.22041163087495685
0,65.2731,2.128125,-0.21850884712786858
0,65.2731,2.13125,-0.21669217322988688
0,65.2731,2.1343750000000004,-0.2149619503575913
0,65.2731,2.1375,-0.2133184424337976
0,65.2731,2.140625,-0.21176184984663352
0,65.2731,2.14375,-0.2102923222388581
0,65.2731,2.146875,-0.20890997040549752
0,65.2731,2.1500000000000004,-0.20761487734033218
0,65.2731,2.153125,-0.2064071084731019
0,65.2731,2.15625,-0.20528672113968133
0,65.2731,2.159375,-0.20425377332703445
0,65.2731,2.1625,-0.20330833173360768
0,65.2731,2.1656250000000004,-0.20245047918407932
0,65.2731,2.16875,-0.20168032143511477
0,65.2731,2.171875,-0.20099799340607327
0,65.2731,2.175,-0.20040366486551414
0,65.2731,2.178125,-0.19989754560090905
0,65.2731,2.1812500000000004,-0.19947989009521686
0,65.2731,2.184375,-0.19915100172993122
0,65.2731,2.1875,-0.19891123652989162
0,65.2731,2.190625,-0.1987610064605494
0,65.2731,2.19375,-0.19870078228349924
0,65.2731,2.1968750000000004,-0.19873109597091784
0,65.2731,2.2,-0.19885254267406507
0,65.2731,2.203125,-0.19906578223518784
0,65.2731,2.20625,-0.19937154022598794
0,65.2731,2.209375,-0.19977060848924172
0,65.2731,2.2125000000000004,-0.20026384515316306
0,65.2731,2.215625,-0.2008521740806424
0,65.2731,2.21875,-0.20153658370754302
0,65.2731,2.221875,-0.20231812521575546
0,65.2731,2.225,-0.20319790997768564
0,65.2731,2.2281250000000004,-0.20417710619924406
0,65.2731,2.23125,-0.20525693467822562
0,65.2731,2.234375,-0.2064386635842046
0,65.2731,2.2375,-0.20772360215475716
0,65.2731,2.240625,-0.20911309319100585
0,65.2731,2.2437500000000004,-0.21060850422323357
0,65.2731,2.246875,-0.212211217204767
0,65.2731,2.25,-0.21392261657963044
0,65.2731,2.253125,-0.21574407555686567
0,65.2731,2.25625,-0.21767694041218194
0,65.2731,2.2593750000000004,-0.21972251262613066
0,65.2731,2.2625,-0.22188202865777057
0,65.2731,2.265625,-0.22415663714439257
0,65.2731,2.26875,-0.22654737331204267
0,65.2731,2.271875,-0.2290551303791986
0,65.2731,2.2750000000000004,-0.23168062773805725
0,65.2731,2.278125,-0.23442437570572303
0,65.2731,2.28125,-0.23728663665256228
0,65.2731,2.284375,-0.24026738233874506
0,65.2731,2.2875,-0.24336624732436776
0,65.2731,2.2906250000000004,-0.24658247836553127
0,65.2731,2.29375,-0.24991487977054483
0,65.2731,2.296875,-0.25336175476928186
0,65.2731,2.3,-0.2569208430469574
0,65.2731,2.303125,-0.2605892547134508
0,65.2731,2.3062500000000004,-0.264363401122736
0,65.2731,2.309375,-0.2682389231255904
0,65.2731,2.3125,-0.27221061753340425
0,65.2731,2.315625,-0.27627236279154255
0,65.2731,2.31875,-0.28041704510594934
0,65.2731,2.3218750000000004,-0.28463648653342194
0,65.2731,2.325,-0.28892137682908287
0,65.2731,2.328125,-0.29326121113630743
0,65.2731,2.33125,-0.29764423589416683
0,65.2731,2.334375,-0.30205740561157207
0,65.2731,2.3375000000000004,-0.30648635339864705
0,65.2731,2.340625,-0.3109153783341687
0,65.2731,2.34375,-0.31532745286000025
0,65.2731,2.346875,-0.3197042534041209
0,65.2731,2.35,-0.3240262173170634
0,65.2731,2.3531250000000004,-0.3282726289370599
0,65.2731,2.35625,-0.3324217371548869
0,65.2731,2.359375,-0.33645090621378515
0,65.2731,2.3625,-0.34033680064511385
0,65.2731,2.365625,-0.3440556042103183
0,65.2731,2.3687500000000004,-0.3475832715123067
0,65.2731,2.371875,-0.3508958095888264
0,65.2731,2.375,-0.35396958535838785
0,65.2731,2.378125,-0.3567816533240111
0,65.2731,2.38125,-0.3593100965340529
0,65.2731,2.3843750000000004,-0.361534372545042
0,65.2731,2.3875,-0.36343565512477666
0,65.2731,2.390625,-0.3649971617665502
0,65.2731,2.39375,-0.36620445683579445
0,65.2731,2.396875,-0.3670457203952643
0,65.2731,2.4000000000000004,-0.36751197348114784
0,65.2731,2.403125,-0.3675972518221702
0,65.2731,2.40625,-0.3672987216614413
0,65.2731,2.409375,-0.36661673337515405
0,65.2731,2.4125,-0.36555481087124037
0,65.2731,2.4156250000000004,-0.3641195771608868
0,65.2731,2.41875,-0.3623206188819864
0,65.2731,2.421875,-0.36017029477383505
0,65.2731,2.425,-0.35768349502874147
0,65.2731,2.428125,-0.35487735997584213
0,65.2731,2.4312500000000004,-0.35177096761521653
0,65.2731,2.434375,-0.3483850000831206
0,65.2731,2.4375,-0.3447413991955941
0,65.2731,2.440625,-0.34086302082517245
0,65.2731,2.44375,-0.3367732970785803
0,65.2731,2.4468750000000004,-0.33249591414586677
0,65.2731,2.45,-0.3280545123774232
0,65.2731,2.453125,-0.32347241371033525
0,65.2731,2.45625,-0.3187723800993734
0,65.2731,2.459375,-0.31397640518887826
0,65.2731,2.4625000000000004,-0.30910554015287905
0,65.2731,2.465625,-0.3041797534779195
0,65.2731,2.46875,-0.2992178234951228
0,65.2731,2.471875,-0.29423726169812514
0,65.2731,2.475,-0.2892542643112855
0,65.2731,2.4781250000000004,-0.2842836891871291
0,65.2731,2.48125,-0.27933905489464544
0,65.2731,2.484375,-0.2744325587874868
0,65.2731,2.4875,-0.2695751108875591
0,65.2731,2.490625,-0.2647763805590184
0,65.2731,2.4937500000000004,-0.2600448531556477
0,65.2731,2.496875,-0.25538789407867457
0,65.2731,2.5,-0.2508118179630564
0,65.2731,2.503125,-0.24632196100209172
0,65.2731,2.50625,-0.2419227547102097
0,65.2731,2.5093750000000004,-0.23761779970236757
0,65.2731,2.5125,-0.23340993832877235
0,65.2731,2.515625,-0.22930132524122854
0,65.2731,2.51875,-0.22529349517978994
0,65.2731,2.521875,-0.2213874274546426
0,65.2731,2.5250000000000004,-0.21758360675857413
0,65.2731,2.528125,-0.21388208008108944
0,65.2731,2.53125,-0.21028250960798486
0,65.2731,2.534375,-0.2067842215820468
0,65.2731,2.5375,-0.20338625117377124
0,65.2731,2.5406250000000004,-0.20008738346793192
0,65.2731,2.54375,-0.19688619071468352
0,65.2731,2.546875,-0.19378106602482517
0,65.2731,2.55,-0.19077025370981793
0,65.2731,2.553125,-0.1878518764798991
0,65.2731,2.5562500000000004,-0.18502395971977287
0,65.2731,2.559375,-0.18228445306219437
0,65.2731,2.5625,-0.17963124947652165
0,65.2731,2.565625,-0.17706220208295276
0,65.2731,2.56875,-0.17457513889452658
0,65.2731,2.5718750000000004,-0.17216787567875563
0,65.2731,2.575,-0.16983822711950336
0,65.2731,2.578125,-0.1675840164478985
0,65.2731,2.58125,-0.16540308369902657
0,65.2731,2.584375,-0.16329329273913568
0,65.2731,2.5875000000000004,-0.1612525371963596
0,65.2731,2.590625,-0.15927874541662806
0,65.2731,2.59375,-0.15736988455563392
0,65.2731,2.596875,-0.1555239639075156
0,65.2731,2.6,-0.1537390375613341
0,65.2731,2.6031250000000004,-0.1520132064675157
0,65.2731,2.60625,-0.15034461998816812
0,65.2731,2.609375,-0.14873147699758002
0,65.2731,2.6125,-0.14717202659223977
0,65.2731,2.615625,-0.14566456846333567
0,65.2731,2.6187500000000004,-0.14420745297890736
0,65.2731,2.621875,-0.14279908101755528
0,65.2731,2.625,-0.14143790359086095
0,65.2731,2.628125,-0.14012242128737595
0,65.2731,2.63125,-0.13885118356717516
0,65.2731,2.6343750000000004,-0.13762278793250288
0,65.2731,2.6375,-0.13643587899692883
0,65.2731,2.640625,-0.13528914747265586
0,65.2731,2.64375,-0.13418132909313882
0,65.2731,2.646875,-0.13311120348596217
0,65.2731,2.6500000000000004,-0.13207759300896263
0,65.2731,2.653125,-0.1310793615608323
0,65.2731,2.65625,-0.1301154133758963
0,65.2731,2.659375,-0.12918469181138803
0,65.2731,2.6625,-0.12828617813433443
0,65.2731,2.6656250000000004,-0.12741889031410072
0,65.2731,2.66875,-0.1265818818257024
0,65.2731,2.671875,-0.12577424046816882
0,65.2731,2.675,-0.12499508720152051
0,65.2731,2.678125,-0.12424357500528602
0,65.2731,2.6812500000000004,-0.12351888776093423
0,65.2731,2.684375,-0.12282023916011343
0,65.2731,2.6875,-0.12214687164017152
0,65.2731,2.690625,-0.1214980553480685
0,65.2731,2.69375,-0.12087308713347591
0,65.2731,2.6968750000000004,-0.12027128957159197
0,65.2731,2.7,-0.11969201001596505
0,65.2731,2.703125,-0.1191346196814221
0,65.2731,2.70625,-0.11859851275703122
0,65.2731,2.709375,-0.11808310554888218
0,65.2731,2.7125000000000004,-0.117587835652353
0,65.2731,2.715625,-0.11711216115342778
0,65.2731,2.71875,-0.1166555598585512
0,65.2731,2.721875,-0.11621752855243955
0,65.2731,2.725,-0.11579758228321049
0,65.2731,2.7281250000000004,-0.1153952536741575
0,65.2731,2.73125,-0.11501009226145784
0,65.2731,2.734375,-0.11464166385708426
0,65.2731,2.7375,-0.1142895499361707
0,65.2731,2.740625,-0.11395334704807658
0,65.2731,2.7437500000000004,-0.1136326662503871
0,65.2731,2.746875,-0.11332713256508975
0,65.2731,2.75,-0.11303638445617019
0,65.2731,2.753125,-0.11276007332787968
0,65.2731,2.75625,-0.11249786304293662
0,65.2731,2.7593750000000004,-0.1122494294599357
0,65.2731,2.7625,-0.11201445998925584
0,65.2731,2.765625,-0.11179265316677123
0,65.2731,2.76875,-0.11158371824468898
0,65.2731,2.771875,-0.11138737479885435
0,65.2731,2.7750000000000004,-0.11120335235188337
0,65.2731,2.778125,-0.11103139001150074
0,65.2731,2.78125,-0.11087123612348308
0,65.2731,2.784375,-0.110722647938625
0,65.2731,2.7875,-0.11058539129316493
0,65.2731,2.7906250000000004,-0.11045924030213011
0,65.2731,2.79375,-0.11034397706507473
0,65.2731,2.796875,-0.11023939138370938
0,65.2731,2.8,-0.1101452804909354
0,65.2731,2.803125,-0.11006144879081645
0,65.2731,2.8062500000000004,-0.10998770760904011
0,65.2731,2.809375,-0.10992387495343597
0,65.2731,2.8125,-0.10986977528413688
0,65.2731,2.815625,-0.10982523929298553
0,65.2731,2.81875,-0.10979010369180467
0,65.2731,2.8218750000000004,-0.10976421100916356
0,65.2731,2.825,-0.1097474093952916
0,65.2731,2.828125,-0.10973955243480082
0,65.2731,2.83125,-0.10974049896689503
0,65.2731,2.834375,-0.1097501129127574
0,65.2731,2.8375000000000004,-0.10976826310981957
0,65.2731,2.840625,-0.10979482315262898
0,65.2731,2.84375,-0.10982967124004372
0,65.2731,2.846875,-0.10987269002849363
0,65.2731,2.85,-0.10992376649106057
0,65.2731,2.8531250000000004,-0.10998279178213839
0,65.2731,2.85625,-0.1100496611074462
0,65.2731,2.859375,-0.11012427359917507
0,65.2731,2.8625,-0.11020653219606205
0,65.2731,2.865625,-0.1102963435281895
0,65.2731,2.8687500000000004,-0.11039361780632094
0,65.2731,2.871875,-0.11049826871558877
0,65.2731,2.875,-0.1106102133133617
0,65.2731,2.878125,-0.11072937193112199
0,65.2731,2.88125,-0.11085566808019467
0,65.2731,2.8843750000000004,-0.11098902836117536
0,65.2731,2.8875,-0.1111293823769098
0,65.2731,2.890625,-0.11127666264888596
0,65.2731,2.89375,-0.11143080453690495
0,65.2731,2.896875,-0.11159174616190165
0,65.2731,2.9000000000000004,-0.11175942833179436
0,65.2731,2.903125,-0.11193379447024475
0,65.2731,2.90625,-0.11211479054821682
0,65.2731,2.909375,-0.11230236501822838
0,65.2731,2.9125,-0.1124964687511908
0,65.2731,2.9156250000000004,-0.11269705497574045
0,65.2731,2.91875,-0.11290407921996773
0,65.2731,2.921875,-0.11311749925545368
0,65.2731,2.925,-0.11333727504352761
0,65.2731,2.928125,-0.11356336868366586
0,65.2731,2.9312500000000004,-0.11379574436394983
0,65.2731,2.934375,-0.11403436831351121
0,65.2731,2.9375,-0.11427920875689067
0,65.2731,2.940625,-0.11453023587024116
0,65.2731,2.94375,-0.11478742173931081
0,65.2731,2.9468750000000004,-0.1150507403191421
0,65.2731,2.95,-0.11532016739542636
0,65.2731,2.953125,-0.11559568054745686
0,65.2731,2.95625,-0.11587725911262456
0,65.2731,2.959375,-0.11616488415240424
0,65.2731,2.9625000000000004,-0.11645853841977993
0,65.2731,2.965625,-0.11675820632806157
0,65.2731,2.96875,-0.1170638739210467
0,65.2731,2.971875,-0.11737552884448356
0,65.2731,2.975,-0.11769316031879073
0,65.2731,2.9781250000000004,-0.11801675911299675
0,65.2731,2.98125,-0.11834631751985754
0,65.2731,2.984375,-0.11868182933211625
0,65.2731,2.9875,-0.11902328981987031
0,65.2731,2.990625,-0.1193706957090103
0,65.2731,2.9937500000000004,-0.11972404516070018
0,65.2731,2.996875,-0.12008333775186619
0,65.2731,3.0,-0.12044857445666664
0,65.2731,3.0031250000000003,-0.12081975762891224
0,65.2731,3.00625,-0.12119689098541173
0,65.2731,3.009375,-0.12157997959021644
0,65.2731,3.0125,-0.12196902983973851
0,65.2731,3.015625,-0.12236404944872041
0,65.2731,3.0187500000000003,-0.12276504743703208
0,65.2731,3.021875,-0.12317203411727583
0,65.2731,3.025,-0.12358502108317729
0,65.2731,3.028125,-0.12400402119874283
0,65.2731,3.03125,-0.12442904858816697
0,65.2731,3.0343750000000003,-0.12486011862646951
0,65.2731,3.0375,-0.12529724793084665
0,65.2731,3.040625,-0.12574045435272216
0,65.2731,3.04375,-0.12618975697047918
0,65.2731,3.046875,-0.1266451760828623
0,65.2731,3.0500000000000003,-0.12710673320303448
0,65.2731,3.053125,-0.12757445105327517
0,65.2731,3.05625,-0.12804835356030977
0,65.2731,3.059375,-0.12852846585125607
0,65.2731,3.0625,-0.1290148142501788
0,65.2731,3.0656250000000003,-0.1295074262752414
0,65.2731,3.06875,-0.13000633063644418
0,65.2731,3.071875,-0.13051155723394234
0,65.2731,3.075,-0.13102313715693256
0,65.2731,3.078125,-0.1315411026831015
0,65.2731,3.0812500000000003,-0.13206548727862943
0,65.2731,3.084375,-0.1325963255987403
0,65.2731,3.0875,-0.13313365348879344
0,65.2731,3.090625,-0.13367750798591058
0,65.2731,3.09375,-0.1342279273211311
0,65.2731,3.0968750000000003,-0.134784950922094
0,65.2731,3.1,-0.13534861941623816
0,65.2731,3.103125,-0.13591897463451993
0,65.2731,3.10625,-0.13649605961564276
0,65.2731,3.109375,-0.13707991861079522
0,65.2731,3.1125000000000003,-0.13767059708889748
0,65.2731,3.115625,-0.1382681417423491
0,65.2731,3.11875,-0.13887260049328193
0,65.2731,3.121875,-0.13948402250031086
0,65.2731,3.125,-0.14010245816578498
0,65.2731,3.1281250000000003,-0.14072795914353806
0,65.2731,3.13125,-0.14136057834713525
0,65.2731,3.134375,-0.14200036995861898
0,65.2731,3.1375,-0.1426473894377532
0,65.2731,3.140625,-0.14330169353176572
0,65.2731,3.1437500000000003,-0.14396334028559105
0,65.2731,3.146875,-0.14463238905261439
0,65.2731,3.15,-0.14530890050591871
0,65.2731,3.153125,-0.14599293665003743
0,65.2731,3.15625,-0.1466845608332128
0,65.2731,3.1593750000000003,-0.14738383776016736
0,65.2731,3.1625,-0.14809083350538643
0,65.2731,3.165625,-0.14880561552691834
0,65.2731,3.16875,-0.14952825268069594
0,65.2731,3.171875,-0.15025881523538095
0,65.2731,3.1750000000000003,-0.15099737488774004
0,65.2731,3.178125,-0.15174400477855338
0,65.2731,3.18125,-0.15249877950906227
0,65.2731,3.184375,-0.15326177515796274
0,65.2731,3.1875,-0.1540330692989482
0,65.2731,3.1906250000000003,-0.15481274101881068
0,65.2731,3.19375,-0.1556008709361032
0,65.2731,3.196875,-0.15639754122037464
0,65.2731,3.2,-0.15720283561198073
0,65.2731,3.203125,-0.15801683944247974
0,65.2731,3.2062500000000003,-0.15883963965562312
0,65.2731,3.209375,-0.1596713248289454
0,65.2731,3.2125,-0.1605119851959662
0,65.2731,3.215625,-0.1613617126690099
0,65.2731,3.21875,-0.16222060086265505
0,65.2731,3.2218750000000003,-0.16308874511782184
0,65.2731,3.225,-0.16396624252650913
0,65.2731,3.228125,-0.16485319195718962
0,65.2731,3.23125,-0.1657496940808771
0,65.2731,3.234375,-0.16665585139787487
0,65.2731,3.2375000000000003,-0.16757176826521833
0,65.2731,3.240625,-0.1684975509248235
0,65.2731,3.24375,-0.1694333075323549
0,65.2731,3.246875,-0.1703791481868257
0,65.2731,3.25,-0.1713351849609428
0,65.2731,3.2531250000000003,-0.17230153193221404
0,65.2731,3.25625,-0.17327830521482665
0,65.2731,3.259375,-0.17426562299231796
0,65.2731,3.2625,-0.17526360555105108
0,65.2731,3.265625,-0.17627237531451
0,65.2731,3.2687500000000003,-0.17729205687843486
0,65.2731,3.271875,-0.17832277704681024
0,65.2731,3.275,-0.17936466486872732
0,65.2731,3.278125,-0.18041785167613703
0,65.2731,3.28125,-0.18148247112251056
0,65.2731,3.2843750000000003,-0.18255865922243286
0,65.2731,3.2875,-0.18364655439214092
0,65.2731,3.290625,-0.184746297491035
0,65.2731,3.29375,-0.1858580318641791
0,65.2731,3.296875,-0.18698190338581377
0,65.2731,3.3000000000000003,-0.1881180605039053
0,65.2731,3.303125,-0.18926665428575254
0,65.2731,3.30625,-0.19042783846467765
0,65.2731,3.309375,-0.19160176948782126
0,65.2731,3.3125,-0.19278860656507338
0,65.2731,3.3156250000000003,-0.19398851171916068
0,65.2731,3.31875,-0.19520164983692043
0,65.2731,3.321875,-0.19642818872178852
0,65.2731,3.325,-0.1976682991475296
0,65.2731,3.328125,-0.1989221549132365
0,65.2731,3.3312500000000003,-0.2001899328996371
0,65.2731,3.334375,-0.20147181312672857
0,65.2731,3.3375,-0.20276797881278263
0,65.2731,3.340625,-0.20407861643474695
0,65.2731,3.34375,-0.2054039157900804
0,65.2731,3.3468750000000003,-0.20674407006005827
0,65.2731,3.35,-0.20809927587458082
0,65.2731,3.353125,-0.20946973337852723
0,65.2731,3.35625,-0.21085564629968748
0,65.2731,3.359375,-0.21225722201831887
0,65.2731,3.3625000000000003,-0.21367467163836315
0,65.2731,3.365625,-0.21510821006036812
0,65.2731,3.36875,-0.21655805605616
0,65.2731,3.371875,-0.2180244323453074
0,65.2731,3.375,-0.2195075656734254
0,65.2731,3.3781250000000003,-0.22100768689236958
0,65.2731,3.38125,-0.22252503104236523
0,65.2731,3.384375,-0.22405983743612726
0,65.2731,3.3875,-0.22561234974501976
0,65.2731,3.390625,-0.22718281608731136
0,65.2731,3.3937500000000003,-0.22877148911858325
0,65.2731,3.396875,-0.2303786261243448
0,65.2731,3.4000000000000004,-0.2320044891149196
0,65.2731,3.403125,-0.23364934492266223
0,65.2731,3.40625,-0.2353134653015683
0,65.2731,3.4093750000000003,-0.23699712702934655
0,65.2731,3.4125,-0.2387006120120162
0,65.2731,3.4156250000000004,-0.2404242073911052
0,65.2731,3.41875,-0.24216820565351774
0,65.2731,3.421875,-0.2439329047441461
0,65.2731,3.4250000000000003,-0.24571860818130822
0,65.2731,3.428125,-0.2475256251750828
0,65.2731,3.4312500000000004,-0.24935427074863675
0,65.2731,3.434375,-0.2512048658626149
0,65.2731,3.4375,-0.2530777375426966
0,65.2731,3.4406250000000003,-0.2549732190103963
0,65.2731,3.44375,-0.2568916498172127
0,65.2731,3.4468750000000004,-0.25883337598221784
0,65.2731,3.45,-0.2607987501331915
0,65.2731,3.453125,-0.2627881316514018
0,65.2731,3.4562500000000003,-0.26480188682014383
0,65.2731,3.459375,-0.26684038897714407
0,65.2731,3.4625000000000004,-0.2689040186709523
0,65.2731,3.465625,-0.2709931638214333
0,65.2731,3.46875,-0.27310821988449213
0,65.2731,3.4718750000000003,-0.27524959002115246
0,65.2731,3.475,-0.2774176852711272
0,65.2731,3.4781250000000004,-0.27961292473101934
0,65.2731,3.48125,-0.28183573573728976
0,65.2731,3.484375,-0.28408655405415256
0,65.2731,3.4875000000000003,-0.28636582406653693
0,65.2731,3.490625,-0.28867399897828605
0,65.2731,3.4937500000000004,-0.29101154101575427
0,65.2731,3.496875,-0.29337892163697066
0,65.2731,3.5,-0.29577662174655256
0,65.2731,3.5031250000000003,-0.29820513191654896
0,65.2731,3.50625,-0.3006649526134014
0,65.2731,3.5093750000000004,-0.30315659443123383
0,65.2731,3.5125,-0.3056805783316537
0,65.2731,3.515625,-0.3082374358903034
0,65.2731,3.5187500000000003,-0.3108277095503617
0,65.2731,3.521875,-0.3134519528832348
0,65.2731,3.5250000000000004,-0.3161107308566741
0,65.2731,3.528125,-0.31880462011056254
0,65.2731,3.53125,-0.32153420924063025
0,65.2731,3.5343750000000003,-0.32430009909036356
0,65.2731,3.5375,-0.32710290305137874
0,65.2731,3.5406250000000004,-0.3299432473725547
0,65.2731,3.54375,-0.3328217714782105
0,65.2731,3.546875,-0.33573912829564545
0,65.2731,3.5500000000000003,-0.33869598459235495
0,65.2731,3.553125,-0.3416930213232506
0,65.2731,3.5562500000000004,-0.34473093398824073
0,65.2731,3.559375,-0.3478104330005086
0,65.2731,3.5625,-0.35093224406587786
0,65.2731,3.5656250000000003,-0.3540971085736327
0,65.2731,3.56875,-0.35730578399919766
0,65.2731,3.5718750000000004,-0.3605590443190928
0,65.2731,3.575,-0.36385768043857925
0,65.2731,3.578125,-0.3672025006324547
0,65.2731,3.5812500000000003,-0.370594330999445
0,65.2731,3.584375,-0.3740340159306692
0,65.2731,3.5875000000000004,-0.3775224185926813
0,65.2731,3.590625,-0.3810604214255863
0,65.2731,3.59375,-0.38464892665676675
0,65.2731,3.5968750000000003,-0.3882888568307672
0,65.2731,3.6,-0.3919811553558937
0,65.2731,3.6031250000000004,-0.3957267870681345
0,65.2731,3.60625,-0.3995267388129801
0,65.2731,3.609375,-0.40338202004579615
0,65.2731,3.6125000000000003,-0.40729366345137885
0,65.2731,3.615625,-0.4112627255833653
0,65.2731,3.6187500000000004,-0.4152902875241986
0,65.2731,3.621875,-0.4193774555663438
0,65.2731,3.625,-0.4235253619155059
0,65.2731,3.6281250000000003,-0.42773516541659695
0,65.2731,3.63125,-0.4320080523032345
0,65.2731,3.6343750000000004,-0.4363452369715834
0,65.2731,3.6375,-0.4407479627793519
0,65.2731,3.640625,-0.4452175028708127
0,65.2731,3.6437500000000003,-0.4497551610287057
0,65.2731,3.646875,-0.4543622725539269
0,65.2731,3.6500000000000004,-0.459040205173932
0,65.2731,3.653125,-0.4637903599807783
0,65.2731,3.65625,-0.46861417239979825
0,65.2731,3.6593750000000003,-0.47351311318987277
0,65.2731,3.6625,-0.4784886894763227
0,65.2731,3.6656250000000004,-0.48354244581746336
0,65.2731,3.66875,-0.48867596530585106
0,65.2731,3.671875,-0.49389087070532883
0,65.2731,3.6750000000000003,-0.49918882562493394
0,65.2731,3.678125,-0.5045715357308
0,65.2731,3.6812500000000004,-0.510040749997181
0,65.2731,3.684375,-0.5155982619977284
0,65.2731,3.6875,-0.5212459112382076
0,65.2731,3.6906250000000003,-0.5269855845318039
0,65.2731,3.69375,-0.5328192174182114
0,65.2731,3.6968750000000004,-0.5387487956277167
0,65.2731,3.7,-0.5447763565914552
0,65.2731,3.703125,-0.5509039909990764
0,65.2731,3.7062500000000003,-0.5571338444050172
0,65.2731,3.709375,-0.563468118884614
0,65.2731,3.7125000000000004,-0.569909074741275
0,65.2731,3.715625,-0.5764590322659194
0,65.2731,3.71875,-0.5831203735499189
0,65.2731,3.7218750000000003,-0.5898955443527454
0,65.2731,3.725,-0.5967870560255247
0,65.2731,3.7281250000000004,-0.6037974874917167
0,65.2731,3.73125,-0.6109294872860805
0,65.2731,3.734375,-0.6181857756531347
0,65.2731,3.7375000000000003,-0.6255691467062553
0,65.2731,3.740625,-0.6330824706485714
0,65.2731,3.7437500000000004,-0.6407286960568108
0,65.2731,3.746875,-0.6485108522291938
0,65.2731,3.75,-0.6564320515985222
0,65.2731,3.7531250000000003,-0.6644954922115203
0,65.2731,3.75625,-0.672704460275542
0,65.2731,3.7593750000000004,-0.6810623327736977
0,65.2731,3.7625,-0.6895725801494516
0,65.2731,3.765625,-0.6982387690617409
0,65.2731,3.7687500000000003,-0.707064565211626
0,65.2731,3.771875,-0.7160537362414855
0,65.2731,3.7750000000000004,-0.7252101547077558
0,65.2731,3.778125,-0.7345378011281513
0,65.2731,3.78125,-0.7440407671043292
0,65.2731,3.7843750000000003,-0.7537232585208692
0,65.2731,3.7875,-0.7635895988214132
0,65.2731,3.7906250000000004,-0.7736442323627405
0,65.2731,3.79375,-0.7838917278474176
0,65.2731,3.796875,-0.7943367818355899
0,65.2731,3.8000000000000003,-0.8049842223362463
0,65.2731,3.803125,-0.8158390124780925
0,65.2731,3.8062500000000004,-0.8269062542598878
0,65.2731,3.809375,-0.8381911923796614
0,65.2731,3.8125,-0.849699218141813
0,65.2731,3.8156250000000003,-0.8614358734404377
0,65.2731,3.81875,-0.8734068548164884
0,65.2731,3.8218750000000004,-0.8856180175854762
0,65.2731,3.825,-0.8980753800311868
0,65.2731,3.828125,-0.9107851276596514
0,65.2731,3.8312500000000003,-0.9237536175057898
0,65.2731,3.834375,-0.9369873824832762
0,65.2731,3.8375000000000004,-0.9504931357657987
0,65.2731,3.840625,-0.9642777751850831
0,65.2731,3.84375,-0.9783483876279024
0,65.2731,3.8468750000000003,-0.9927122534104972
0,65.2731,3.85,-1.007376850604575
0,65.2731,3.8531250000000004,-1.0223498592841689
0,65.2731,3.85625,-1.0376391656570105
0,65.2731,3.859375,-1.0532528660378933
0,65.2731,3.8625000000000003,-1.0691992706144064
0,65.2731,3.865625,-1.0854869069476691
0,65.2731,3.8687500000000004,-1.1021245231421033
0,65.2731,3.871875,-1.1191210906087636
0,65.2731,3.875,-1.136485806336578
0,65.2731,3.8781250000000003,-1.1542280945746055
0,65.2731,3.88125,-1.1723576078165017
0,65.2731,3.8843750000000004,-1.1908842269656355
0,65.2731,3.8875,-1.2098180605455813
0,65.2731,3.890625,-1.2291694428065822
0,65.2731,3.8937500000000003,-1.2489489305633208
0,65.2731,3.896875,-1.2691672985838298
0,65.2731,3.9000000000000004,-1.2898355333330351
0,65.2731,3.903125,-1.3109648248575716
0,65.2731,3.90625,-1.3325665565814253
0,65.2731,3.9093750000000003,-1.354652292764155
0,65.2731,3.9125,-1.3772337633556198
0,65.2731,3.9156250000000004,-1.4003228459629402
0,65.2731,3.91875,-1.423931544627015
0,65.2731,3.921875,-1.4480719650875575
0,65.2731,3.9250000000000003,-1.472756286197082
0,65.2731,3.928125,-1.4979967271259536
0,65.2731,3.9312500000000004,-1.52380550998252
0,65.2731,3.934375,-1.550194817454437
0,65.2731,3.9375,-1.5771767450603063
0,65.2731,3.9406250000000003,-1.6047632475841458
0,65.2731,3.94375,-1.6329660792501828
0,65.2731,3.9468750000000004,-1.6617967271817662
0,65.2731,3.95,-1.691266337676571
0,65.2731,3.953125,-1.7213856348216756
0,65.2731,3.9562500000000003,-1.7521648309666402
0,65.2731,3.959375,-1.7836135285720847
0,65.2731,3.9625000000000004,-1.8157406129561413
0,65.2731,3.965625,-1.8485541354726955
0,65.2731,3.96875,-1.8820611866757486
0,65.2731,3.9718750000000003,-1.9162677590542114
0,65.2731,3.975,-1.951178598963675
0,65.2731,3.9781250000000004,-1.9867970474380052
0,65.2731,3.98125,-2.0231248696357937
0,65.2731,3.984375,-2.060162072768036
0,65.2731,3.9875000000000003,-2.097906712465367
0,65.2731,3.990625,-2.136354687679115
0,65.2731,3.9937500000000004,-2.175499524372515
0,65.2731,3.996875,-2.215332148448931
0,65.2731,4.0,-2.2558406485857567
0,65.2731,4.003125000000001,-2.2970100298969296
0,65.2731,4.00625,-2.338821959636089
0,65.2731,4.009375,-2.381254506476858
0,65.2731,4.0125,-2.424281875266126
0,65.2731,4.015625,-2.4678741395419426
0,65.2731,4.018750000000001,-2.5119969745342994
0,65.2731,4.021875,-2.5566113938249444
0,65.2731,4.025,-2.6016734933242605
0,65.2731,4.028125,-2.647134206721997
0,65.2731,4.03125,-2.6929390770780888
0,65.2731,4.034375000000001,-2.739028049724109
0,65.2731,4.0375,-2.7853352921356143
0,65.2731,4.040625,-2.831789046891234
0,65.2731,4.04375,-2.878311524236711
0,65.2731,4.046875,-2.9248188411013527
0,65.2731,4.050000000000001,-2.9712210136418298
0,65.2731,4.053125,-3.01742201049103
0,65.2731,4.05625,-3.0633198738369374
0,65.2731,4.059375,-3.108806915218876
0,65.2731,4.0625,-3.1537699924799907
0,65.2731,4.065625000000001,-3.1980908736245772
0,65.2731,4.06875,-3.2416466923784797
0,65.2731,4.071875,-3.2843104990202803
0,65.2731,4.075,-3.3259519085325957
0,65.2731,4.078125,-3.366437846320344
0,65.2731,4.081250000000001,-3.405633389667655
0,65.2731,4.084375,-3.443402700791079
0,65.2731,4.0875,-3.4796100448372105
0,65.2731,4.090625,-3.5141208835313806
0,65.2731,4.09375,-3.5468030324920234
0,65.2731,4.096875000000001,-3.5775278675735818
0,65.2731,4.1,-3.606171563099387
0,65.2731,4.103125,-3.632616342605923
0,65.2731,4.10625,-3.6567517208579603
0,65.2731,4.109375,-3.678475714523015
0,65.2731,4.112500000000001,-3.6976959981110014
0,65.2731,4.115625,-3.714330981675091
0,65.2731,4.11875,-3.728310787387166
0,65.2731,4.121875,-3.739578103472035
0,65.2731,4.125,-3.7480888961001404
0,65.2731,4.128125000000001,-3.753812962651758
0,65.2731,4.13125,-3.7567343131959885
0,65.2731,4.134375,-3.7568513709593776
0,65.2731,4.1375,-3.754176986848925
0,65.2731,4.140625,-3.748738267580342
0,65.2731,4.143750000000001,-3.740576221469589
0,65.2731,4.146875,-3.7297452302992604
0,65.2731,4.15,-3.7163123597041987
0,65.2731,4.153125,-3.7003565240841643
0,65.2731,4.15625,-3.681967525022131
0,65.2731,4.159375000000001,-3.661244984474619
0,65.2731,4.1625,-3.6382971955485583
0,65.2731,4.165625,-3.6132399144693808
0,65.2731,4.16875,-3.586195117393686
0,65.2731,4.171875,-3.557289745074255
0,65.2731,4.175000000000001,-3.5266544571222425
0,65.2731,4.178125,-3.4944224158253925
0,65.2731,4.18125,-3.4607281172821205
0,65.2731,4.184375,-3.4257062851163025
0,65.2731,4.1875,-3.389490839360338
0,65.2731,4.190625000000001,-3.352213950348528
0,65.2731,4.19375,-3.314005184745484
0,65.2731,4.196875,-3.2749907482339005
0,65.2731,4.2,-3.2352928269722128
0,65.2731,4.203125,-3.195029027757056
0,65.2731,4.206250000000001,-3.1543119149273897
0,65.2731,4.209375,-3.113248640443835
0,65.2731,4.2125,-3.0719406622762566
0,65.2731,4.215625,-3.0304835452291443
0,65.2731,4.21875,-2.988966837609642
0,65.2731,4.221875000000001,-2.9474740166775577
0,65.2731,4.225,-2.9060824955784623
0,65.2731,4.228125,-2.8648636844205853
0,65.2731,4.23125,-2.823883098281466
0,65.2731,4.234375,-2.783200505186546
0,65.2731,4.237500000000001,-2.742870107462149
0,65.2731,4.240625,-2.7029407502979335
0,65.2731,4.24375,-2.663456151835942
0,65.2731,4.246875,-2.624455149613305
0,65.2731,4.25,-2.5859719587029795
0,65.2731,4.253125000000001,-2.5480364374107065
0,65.2731,4.25625,-2.510674356881733
0,65.2731,4.259375,-2.4739076714415345
0,65.2731,4.2625,-2.4377547869354426
0,65.2731,4.265625,-2.4022308247368214
0,65.2731,4.268750000000001,-2.36734787946493
0,65.2731,4.271875,-2.3331152687878207
0,65.2731,4.275,-2.2995397739865355
0,65.2731,4.278125,-2.2666258702261213
0,65.2731,4.28125,-2.2343759457174284
0,65.2731,4.284375000000001,-2.2027905091669266
0,65.2731,4.2875,-2.171868385100107
0,65.2731,4.290625,-2.141606896811309
0,65.2731,4.29375,-2.1120020368420254
0,65.2731,4.296875,-2.0830486250206155
0,65.2731,4.300000000000001,-2.054740454213732
0,65.2731,4.303125,-2.0270704240417965
0,65.2731,4.30625,-2.000030662900381
0,65.2731,4.309375,-1.9736126387066213
0,65.2731,4.3125,-1.9478072588538557
0,65.2731,4.315625000000001,-1.9226049599112154
0,65.2731,4.31875,-1.8979957876454863
0,65.2731,4.321875,-1.8739694679722416
0,65.2731,4.325,-1.850515469462092
0,65.2731,4.328125,-1.8276230580351829
0,65.2731,4.331250000000001,-1.8052813444757618
0,65.2731,4.334375,-1.7834793253874137
0,65.2731,4.3375,-1.7622059181909278
0,65.2731,4.340625,-1.7414499907421215
0,65.2731,4.34375,-1.7212003861162601
0,65.2731,4.346875000000001,-1.7014459430729314
0,65.2731,4.35,-1.6821755126795495
0,65.2731,4.353125,-1.6633779715361823
0,65.2731,4.35625,-1.645042232010523
0,65.2731,4.359375,-1.6271572498596822
0,65.2731,4.362500000000001,-1.6097120295884524
0,65.2731,4.365625,-1.5926956278706292
0,65.2731,4.36875,-1.576097155343198
0,65.2731,4.371875,-1.559905777072855
0,65.2731,4.375,-1.5441107119899808
0,65.2731,4.378125000000001,-1.5287012315882178
0,65.2731,4.38125,-1.5136666581962945
0,65.2731,4.384375,-1.4989963631428036
0,65.2731,4.3875,-1.4846797651532417
0,65.2731,4.390625,-1.4707063293390226
0,65.2731,4.393750000000001,-1.4570655671600412
0,65.2731,4.396875,-1.4437470377615518
0,65.2731,4.4,-1.4307403511008399
0,65.2731,4.403125,-1.4180351732859608
0,65.2731,4.40625,-1.4056212345435388
0,65.2731,4.409375000000001,-1.3934883402129117
0,65.2731,4.4125,-1.3816263851249302
0,65.2731,4.415625,-1.3700253716632955
0,65.2731,4.41875,-1.3586754317217742
0,65.2731,4.421875,-1.3475668526600753
0,65.2731,4.425000000000001,-1.336690107225711
0,65.2731,4.428125,-1.3260358872496025
0,65.2731,4.43125,-1.3155951407443107
0,65.2731,4.434375,-1.3053591118418912
0,65.2731,4.4375,-1.29531938281169
0,65.2731,4.440625000000001,-1.285467917208833
0,65.2731,4.44375,-1.275797103033272
0,65.2731,4.446875,-1.2662997946411525
0,65.2731,4.45,-1.2569693520582494
0,65.2731,4.453125,-1.247799676310425
0,65.2731,4.456250000000001,-1.2387852394186842
0,65.2731,4.459375,-1.2299211078103156
0,65.2731,4.4625,-1.2212029580735149
0,65.2731,4.465625,-1.2126270842249132
0,65.2731,4.46875,-1.2041903959558597
0,65.2731,4.471875000000001,-1.1958904076585144
0,65.2731,4.475,-1.1877252183857865
0,65.2731,4.478125,-1.1796934832483317
0,65.2731,4.48125,-1.1717943770748107
0,65.2731,4.484375,-1.1640275514379708
0,65.2731,4.487500000000001,-1.1563930863633456
0,65.2731,4.490625,-1.148891438177795
0,65.2731,4.49375,-1.1415233850175397
0,65.2731,4.496875,-1.1342899715008574
0,65.2731,4.5,-1.1271924539859663
0,65.2731,4.503125000000001,-1.1202322476914688
0,65.2731,4.50625,-1.1134108767689586
0,65.2731,4.509375,-1.1067299282010057
0,65.2731,4.5125,-1.100191010168277
0,65.2731,4.515625,-1.0937957153010622
0,65.2731,4.518750000000001,-1.0875455890154884
0,65.2731,4.521875,-1.0814421029417838
0,65.2731,4.525,-1.0754866332877873
0,65.2731,4.528125,-1.0696804438486172
0,65.2731,4.53125,-1.0640246732735728
0,65.2731,4.534375000000001,-1.0585203261330853
0,65.2731,4.5375,-1.0531682672885467
0,65.2731,4.540625,-1.047969219052619
0,65.2731,4.54375,-1.0429237606328965
0,65.2731,4.546875,-1.0380323293726939
0,65.2731,4.550000000000001,-1.0332952233358312
0,65.2731,4.553125,-1.0287126048229276
0,65.2731,4.55625,-1.024284504452345
0,65.2731,4.559375,-1.0200108254865012
0,65.2731,4.5625,-1.0158913481317529
0,65.2731,4.565625000000001,-1.0119257335861374
0,65.2731,4.56875,-1.008113527652605
0,65.2731,4.571875,-1.0044541637756057
0,65.2731,4.575,-1.000946965395621
0,65.2731,4.578125,-0.9975911475493341
0,65.2731,4.581250000000001,-0.9943858176730336
0,65.2731,4.584375,-0.9913299755934707
0,65.2731,4.5875,-0.9884225127144015
0,65.2731,4.590625,-0.9856622104287313
0,65.2731,4.59375,-0.9830477378057855
0,65.2731,4.596875000000001,-0.9805776486214725
0,65.2731,4.6,-0.9782503778159121
0,65.2731,4.603125,-0.9760642374790017
0,65.2731,4.60625,-0.9740174124794984
0,65.2731,4.609375,-0.972107955867505
0,65.2731,4.612500000000001,-0.970333784193929
0,65.2731,4.615625,-0.9686926729033108
0,65.2731,4.61875,-0.9671822519682516
0,65.2731,4.621875,-0.9658000019442905
0,65.2731,4.625,-0.9645432506329457
0,65.2731,4.628125000000001,-0.9634091705475265
0,65.2731,4.63125,-0.9623947773805053
0,65.2731,4.634375,-0.9614969296723033
0,65.2731,4.6375,-0.9607123298786766
0,65.2731,4.640625,-0.960037527026894
0,65.2731,4.643750000000001,-0.9594689211391703
0,65.2731,4.646875,-0.9590027695848561
0,65.2731,4.65,-0.9586351955005268
0,65.2731,4.653125,-0.9583621983892038
0,65.2731,4.65625,-0.9581796669766688
0,65.2731,4.659375000000001,-0.9580833943645699
0,65.2731,4.6625,-0.9580690954773966
0,65.2731,4.665625,-0.9581324267543307
0,65.2731,4.66875,-0.9582690079885615
0,65.2731,4.671875,-0.958474446167195
0,65.2731,4.675000000000001,-0.9587443611157905
0,65.2731,4.678125,-0.9590744127042982
0,65.2731,4.68125,-0.9594603293270403
0,65.2731,4.684375,-0.9598979373297436
0,65.2731,4.6875,-0.9603831910222894
0,65.2731,4.690625000000001,-0.9609122028876721
0,65.2731,4.69375,-0.9614812735758318
0,65.2731,4.696875,-0.9620869212556444
0,65.2731,4.7,-0.9627259098891354
0,65.2731,4.703125,-0.9633952759883581
0,65.2731,4.706250000000001,-0.9640923534169002
0,65.2731,4.709375,-0.9648147958038934
0,65.2731,4.7125,-0.965560596148494
0,65.2731,4.715625,-0.9663281032066772
0,65.2731,4.71875,-0.9671160342701526
0,65.2731,4.721875000000001,-0.9679234839695496
0,65.2731,4.725,-0.9687499287614582
0,65.2731,4.728125,-0.9695952267922995
0,65.2731,4.73125,-0.9704596128720498
0,65.2731,4.734375,-0.971343688338311
0,65.2731,4.737500000000001,-0.9722484056462847
0,65.2731,4.740625,-0.9731750475828166
0,65.2731,4.74375,-0.9741252010719841
0,65.2731,4.746875,-0.9751007256145076
0,65.2731,4.75,-0.9761037164817704
0,65.2731,4.753125000000001,-0.9771364628652092
0,65.2731,4.75625,-0.9782014012610736
0,65.2731,4.759375,-0.9793010644466579
0,65.2731,4.7625,-0.9804380264750853
0,65.2731,4.765625,-0.9816148441800135
0,65.2731,4.768750000000001,-0.9828339957382114
0,65.2731,4.771875,-0.9840978168866095
0,65.2731,4.775,-0.9854084354315428
0,65.2731,4.778125,-0.9867677047225436
0,65.2731,4.78125,-0.9881771367928843
0,65.2731,4.784375000000001,-0.9896378358958873
0,65.2731,4.7875,-0.9911504331919774
0,65.2731,4.790625,-0.992715023368318
0,65.2731,4.79375,-0.994331104002057
0,65.2731,4.796875,-0.9959975185105439
0,65.2731,4.800000000000001,-0.9977124035669931
0,65.2731,4.803125,-0.9994731418967358
0,65.2731,4.80625,-1.0012763214047073
0,65.2731,4.809375,-1.0031177016151038
0,65.2731,4.8125,-1.0049921884240183
0,65.2731,4.815625000000001,-1.006893818168678
0,65.2731,4.81875,-1.008815751995579
0,65.2731,4.821875,-1.0107502814566176
0,65.2731,4.825,-1.0126888461700772
0,65.2731,4.828125,-1.0146220642461115
0,65.2731,4.831250000000001,-1.0165397759900159
0,65.2731,4.834375,-1.0184311011604277
0,65.2731,4.8375,-1.0202845097763567
0,65.2731,4.840625,-1.022087906143997
0,65.2731,4.84375,-1.0238287254235074
0,65.2731,4.846875000000001,-1.0254940416933127
0,65.2731,4.85,-1.0270706861143652
0,65.2731,4.853125,-1.0285453734702217
0,65.2731,4.85625,-1.0299048350813476
0,65.2731,4.859375,-1.031135955882205
0,65.2731,4.862500000000001,-1.0322259133205645
0,65.2731,4.865625,-1.0331623156975211
0,65.2731,4.86875,-1.0339333376131423
0,65.2731,4.871875,-1.0345278503087314
0,65.2731,4.875,-1.0349355448877722
0,65.2731,4.878125000000001,-1.0351470466345842
0,65.2731,4.88125,-1.0351540189113508
0,65.2731,4.884375,-1.0349492553799844
0,65.2731,4.8875,-1.0345267595479377
0,65.2731,4.890625,-1.0338818108645846
0,65.2731,4.893750000000001,-1.0330110167912039
0,65.2731,4.896875,-1.0319123504331515
0,65.2731,4.9,-1.0305851734631486
0,65.2731,4.903125,-1.0290302441887162
0,65.2731,4.90625,-1.0272497107355198
0,65.2731,4.909375000000001,-1.0252470894421353
0,65.2731,4.9125,-1.023027228698758
0,65.2731,4.915625,-1.0205962586176034
0,65.2731,4.91875,-1.017961527097333
0,65.2731,4.921875,-1.0151315230344842
0,65.2731,4.925000000000001,-1.0121157876354996
0,65.2731,4.928125,-1.0089248149839185
0,65.2731,4.93125,-1.0055699432082394
0,65.2731,4.934375,-1.0020632377656251
0,65.2731,4.9375,-0.9984173684945162
0,65.2731,4.940625000000001,-0.9946454821869131
0,65.2731,4.94375,-0.9907610724819714
0,65.2731,4.946875,-0.9867778488834262
0,65.2731,4.95,-0.9827096066538589
0,65.2731,4.953125,-0.9785700992414028
0,65.2731,4.956250000000001,-0.9743729147547447
0,65.2731,4.959375,-0.97013135782745
0,65.2731,4.9625,-0.9658583380119425
0,65.2731,4.965625,-0.961566265626845
0,65.2731,4.96875,-0.9572669557588168
0,65.2731,4.971875000000001,-0.9529715409015501
0,65.2731,4.975,-0.9486903925086199
0,65.2731,4.978125,-0.9444330515511109
0,65.2731,4.98125,-0.9402081680110382
0,65.2731,4.984375,-0.9360234491115135
0,65.2731,4.987500000000001,-0.9318856159867808
0,65.2731,4.990625,-0.9278003684300917
0,65.2731,4.99375,-0.9237723573240966
0,65.2731,4.996875,-0.9198051643548099
0,65.2731,5.0,-0.9159012886328989
0,65.2731,5.003125,-0.912062139891301
0,65.2731,5.0062500000000005,-0.9082880379910474
0,65.2731,5.009375,-0.9045782185430509
0,65.2731,5.0125,-0.9009308445370031
0,65.2731,5.015625,-0.8973430239545288
0,65.2731,5.01875,-0.8938108334267979
0,65.2731,5.0218750000000005,-0.8903293480721897
0,65.2731,5.025,-0.8868926777122981
0,65.2731,5.028125,-0.8834940097101213
0,65.2731,5.03125,-0.8801256586986409
0,65.2731,5.034375,-0.8767791234674939
0,65.2731,5.0375000000000005,-0.8734451512472322
0,65.2731,5.040625,-0.8701138095726099
0,65.2731,5.04375,-0.8667745658171814
0,65.2731,5.046875,-0.8634163743713952
0,65.2731,5.05,-0.860027771286307
0,65.2731,5.0531250000000005,-0.8565969760279629
0,65.2731,5.05625,-0.8531119997874226
0,65.2731,5.059375,-0.8495607595741704
0,65.2731,5.0625,-0.8459311970935656
0,65.2731,5.065625,-0.8422114011806209
0,65.2731,5.0687500000000005,-0.8383897323426307
0,65.2731,5.071875,-0.8344549477624877
0,65.2731,5.075,-0.8303963249438057
0,65.2731,5.078125,-0.8262037820487957
0,65.2731,5.08125,-0.8218679928999544
0,65.2731,5.0843750000000005,-0.8173804945951526
0,65.2731,5.0875,-0.8127337857288628
0,65.2731,5.090625,-0.8079214133231728
0,65.2731,5.09375,-0.8029380467514543
0,65.2731,5.096875,-0.7977795371816631
0,65.2731,5.1000000000000005,-0.7924429613689046
0,65.2731,5.103125,-0.7869266489781948
0,65.2731,5.10625,-0.7812301930054825
0,65.2731,5.109375,-0.7753544432731978
0,65.2731,5.1125,-0.7693014833890108
0,65.2731,5.1156250000000005,-0.7630745919563119
0,65.2731,5.11875,-0.7566781891951464
0,65.2731,5.121875,-0.7501177704575777
0,65.2731,5.125,-0.7433998283885854
0,65.2731,5.128125,-0.7365317656822379
0,65.2731,5.1312500000000005,-0.7295218005066865
0,65.2731,5.134375,-0.722378866717915
0,65.2731,5.1375,-0.7151125109527944
0,65.2731,5.140625,-0.7077327885928009
0,65.2731,5.14375,-0.7002501604299541
0,65.2731,5.1468750000000005,-0.6926753916587807
0,65.2731,5.15,-0.6850194545769327
0,65.2731,5.153125,-0.6772934361179498
0,65.2731,5.15625,-0.6695084510783613
0,65.2731,5.159375,-0.6616755616516025
0,65.2731,5.1625000000000005,-0.6538057036552347
0,65.2731,5.165625,-0.6459096196440995
0,65.2731,5.16875,-0.6379977989451879
0,65.2731,5.171875,-0.6300804245314614
0,65.2731,5.175,-0.6221673265690036
0,65.2731,5.1781250000000005,-0.6142679424197852
0,65.2731,5.18125,-0.6063912828539078
0,65.2731,5.184375,-0.5985459042126016
0,65.2731,5.1875,-0.5907398862592028
0,65.2731,5.190625,-0.582980815453121
0,65.2731,5.1937500000000005,-0.5752757733770443
0,65.2731,5.196875,-0.5676313300375138
0,65.2731,5.2,-0.5600535417427308
0,65.2731,5.203125,-0.5525479532402596
0,65.2731,5.20625,-0.5451196037728586
0,65.2731,5.2093750000000005,-0.5377730366861481
0,65.2731,5.2125,-0.5305123121998666
0,65.2731,5.215625,-0.5233410229376062
0,65.2731,5.21875,-0.5162623118003121
0,65.2731,5.221875,-0.509278891767325
0,65.2731,5.2250000000000005,-0.5023930672160032
0,65.2731,5.228125,-0.4956067563664403
0,65.2731,5.23125,-0.48892151448060756
0,65.2731,5.234375,-0.4823385574741439
0,65.2731,5.2375,-0.47585878563226897
0,65.2731,5.2406250000000005,-0.46948280715748464
0,65.2731,5.24375,-0.4632109613141871
0,65.2731,5.246875,-0.45704334097270094
0,65.2731,5.25,-0.45097981439152723
0,65.2731,5.253125,-0.44502004611064855
0,65.2731,5.2562500000000005,-0.4391635168601781
0,65.2731,5.259375,-0.4334095424168924
0,65.2731,5.2625,-0.42775729136603907
0,65.2731,5.265625,-0.4222058017473824
0,65.2731,5.26875,-0.41675399658258583
0,65.2731,5.2718750000000005,-0.41140069829610937
0,65.2731,5.275,-0.4061446420540032
0,65.2731,5.278125,-0.400984488054512
0,65.2731,5.28125,-0.3959188328117523
0,65.2731,5.284375,-0.39094621947895897
0,65.2731,5.2875000000000005,-0.38606514726141145
0,65.2731,5.290625,-0.38127407997131135
0,65.2731,5.29375,-0.3765714537778193
0,65.2731,5.296875,-0.3719556842055372
0,65.2731,5.3,-0.3674251724339139
0,65.2731,5.3031250000000005,-0.36297831094875477
0,65.2731,5.30625,-0.3586134885952253
0,65.2731,5.309375,-0.3543290950796105
0,65.2731,5.3125,-0.35012352496480353
0,65.2731,5.315625,-0.34599518120198974
0,65.2731,5.3187500000000005,-0.3419424782384792
0,65.2731,5.321875,-0.33796384473907926
0,65.2731,5.325,-0.33405772595585426
0,65.2731,5.328125,-0.3302225857786779
0,65.2731,5.33125,-0.3264569084965614
0,65.2731,5.3343750000000005,-0.32275920029746075
0,65.2731,5.3375,-0.3191279905320898
0,65.2731,5.340625,-0.3155618327651823
0,65.2731,5.34375,-0.3120593056357314
0,65.2731,5.346875,-0.308619013545889
0,65.2731,5.3500000000000005,-0.3052395871965216
0,65.2731,5.353125,-0.30191968398584823
0,65.2731,5.35625,-0.29865798828609436
0,65.2731,5.359375,-0.2954532116117836
0,65.2731,5.3625,-0.29230409269200225
0,65.2731,5.3656250000000005,-0.2892093974578462
0,65.2731,5.36875,-0.2861679189551975
0,65.2731,5.371875,-0.2831784771920033
0,65.2731,5.375,-0.2802399189283615
0,65.2731,5.378125,-0.2773511174168865
0,65.2731,5.3812500000000005,-0.27451097210010483
0,65.2731,5.384375,-0.271718408270949
0,65.2731,5.3875,-0.268972376701799
0,65.2731,5.390625,-0.2662718532469766
0,65.2731,5.39375,-0.2636158384230739
0,65.2731,5.3968750000000005,-0.2610033569710444
0,65.2731,5.4,-0.2584334574035672
0,65.2731,5.403125,-0.25590521154080403
0,65.2731,5.40625,-0.25341771403734614
0,65.2731,5.409375,-0.2509700819028162
0,65.2731,5.4125000000000005,-0.24856145401831886
0,65.2731,5.415625,-0.2461909906506828
0,65.2731,5.41875,-0.24385787296619454
0,65.2731,5.421875,-0.24156130254533775
0,65.2731,5.425,-0.2393005008998431
0,65.2731,5.4281250000000005,-0.23707470899320296
0,65.2731,5.43125,-0.23488318676564923
0,65.2731,5.434375,-0.23272521266444407
0,65.2731,5.4375,-0.23060008318024092
0,65.2731,5.440625,-0.22850711239013102
0,65.2731,5.4437500000000005,-0.22644563150791472
0,65.2731,5.446875,-0.22441498844204458
0,65.2731,5.45,-0.2224145473615973
0,65.2731,5.453125,-0.2204436882705853
0,65.2731,5.45625,-0.2185018065908317
0,65.2731,5.4593750000000005,-0.21658831275359386
0,65.2731,5.4625,-0.21470263180006738
0,65.2731,5.465625,-0.21284420299085008
0,65.2731,5.46875,-0.211012479424427
0,65.2731,5.471875,-0.20920692766468174
0,65.2731,5.4750000000000005,-0.20742702737742452
0,65.2731,5.478125,-0.2056722709758983
0,65.2731,5.48125,-0.20394216327519105
0,65.2731,5.484375,-0.202236221155486
0,65.2731,5.4875,-0.2005539732340367
0,65.2731,5.4906250000000005,-0.1988949595457616
0,65.2731,5.49375,-0.19725873123232893
0,65.2731,5.496875,-0.19564485023959113
0,65.2731,5.5,-0.19405288902323106
0,65.2731,5.503125,-0.19248243026246076
0,65.2731,5.5062500000000005,-0.1909330665816149
0,65.2731,5.509375,-0.18940440027948008
0,65.2731,5.5125,-0.18789604306618463
0,65.2731,5.515625,-0.1864076158074884
0,65.2731,5.51875,-0.18493874827629556
0,65.2731,5.5218750000000005,-0.1834890789112199
0,65.2731,5.525,-0.18205825458203234
0,65.2731,5.528125,-0.18064593036181137
0,65.2731,5.53125,-0.17925176930563544
0,65.2731,5.534375,-0.1778754422356381
0,65.2731,5.5375000000000005,-0.17651662753226197
0,65.2731,5.540625,-0.17517501093154472
0,65.2731,5.54375,-0.17385028532826866
0,65.2731,5.546875,-0.1725421505848179
0,65.2731,5.55,-0.17125031334558005
0,65.2731,5.5531250000000005,-0.1699744868567363
0,65.2731,5.55625,-0.1687143907912888
0,65.2731,5.559375,-0.16746975107917067
0,65.2731,5.5625,-0.16624029974229693
0,65.2731,5.565625,-0.16502577473440808
0,65.2731,5.5687500000000005,-0.16382591978556788
0,65.2731,5.571875,-0.16264048425117963
0,65.2731,5.575,-0.1614692229653811
0,65.2731,5.578125,-0.16031189609869578
0,65.2731,5.58125,-0.15916826901980752
0,65.2731,5.5843750000000005,-0.1580381121613365
0,65.2731,5.5875,-0.15692120088949854
0,65.2731,5.590625,-0.15581731537752344
0,65.2731,5.59375,-0.15472624048272848
0,65.2731,5.596875,-0.1536477656271281
0,65.2731,5.6000000000000005,-0.15258168468147568
0,65.2731,5.603125,-0.15152779585263468
0,65.2731,5.60625,-0.15048590157417088
0,65.2731,5.609375,-0.1494558084000773
0,65.2731,5.6125,-0.14843732690152725
0,65.2731,5.6156250000000005,-0.14743027156656804
0,65.2731,5.61875,-0.14643446070266417
0,65.2731,5.621875,-0.1454497163420012
0,65.2731,5.625,-0.1444758641494685
0,65.2731,5.628125,-0.1435127333332376
0,65.2731,5.6312500000000005,-0.14256015655785617
0,65.2731,5.634375,-0.14161796985978273
0,65.2731,5.6375,-0.14068601256528424
0,65.2731,5.640625,-0.13976412721062778
0,65.2731,5.64375,-0.1388521594644948
0,65.2731,5.6468750000000005,-0.13794995805255003
0,65.2731,5.65,-0.13705737468410067
0,65.2731,5.653125,-0.13617426398077875
0,65.2731,5.65625,-0.13530048340719122
0,65.2731,5.659375,-0.13443589320347232
0,65.2731,5.6625000000000005,-0.1335803563196839
0,65.2731,5.665625,-0.13273373835200714
0,65.2731,5.66875,-0.13189590748066998
0,65.2731,5.671875,-0.13106673440956032
0,65.2731,5.675,-0.13024609230747355
0,65.2731,5.6781250000000005,-0.1294338567509438
0,65.2731,5.68125,-0.1286299056686141
0,65.2731,5.684375,-0.12783411928709565
0,65.2731,5.6875,-0.12704638007827596
0,65.2731,5.690625,-0.12626657270803104
0,65.2731,5.6937500000000005,-0.12549458398629676
0,65.2731,5.696875,-0.12473030281846585
0,65.2731,5.7,-0.12397362015806368
0,65.2731,5.703125,-0.12322442896067057
0,65.2731,5.70625,-0.12248262413905212
0,65.2731,5.7093750000000005,-0.1217481025194609
0,65.2731,5.7125,-0.12102076279907807
0,65.2731,5.715625,-0.12030050550455658
0,65.2731,5.71875,-0.11958723295164056
0,65.2731,5.721875,-0.11888084920582329
0,65.2731,5.7250000000000005,-0.1181812600440177
0,65.2731,5.728125,-0.11748837291720873
0,65.2731,5.73125,-0.11680209691405752
0,65.2731,5.734375,-0.11612234272543384
0,65.2731,5.7375,-0.11544902260984616
0,65.2731,5.7406250000000005,-0.11478205035974659
0,65.2731,5.74375,-0.11412134126868438
0,65.2731,5.746875,-0.1134668120992824
0,65.2731,5.75,-0.11281838105201684
0,65.2731,5.753125,-0.11217596773477416
0,65.2731,5.7562500000000005,-0.1115394931331645
0,65.2731,5.759375,-0.1109088795815712
0,65.2731,5.7625,-0.1102840507349125
0,65.2731,5.765625,-0.10966493154110078
0,65.2731,5.76875,-0.10905144821417413
0,65.2731,5.7718750000000005,-0.10844352820808591
0,65.2731,5.775,-0.1078411001911323
0,65.2731,5.778125,-0.10724409402099856
0,65.2731,5.78125,-0.1066524407204109
0,65.2731,5.784375,-0.10606607245337343
0,65.2731,5.7875000000000005,-0.1054849225019762
0,65.2731,5.790625,-0.10490892524375887
0,65.2731,5.79375,-0.10433801612961281
0,65.2731,5.796875,-0.10377213166220957
0,65.2731,5.800000000000001,-0.1032112093749398
0,65.2731,5.8031250000000005,-0.10265518781135001
0,65.2731,5.80625,-0.10210400650506157
0,65.2731,5.809375,-0.10155760596016207
0,65.2731,5.8125,-0.10101592763205397
0,65.2731,5.815625000000001,-0.10047891390874951
0,65.2731,5.8187500000000005,-0.09994650809259961
0,65.2731,5.821875,-0.0994186543824451
0,65.2731,5.825,-0.0988952978561796
0,65.2731,5.828125,-0.0983763844537128
0,65.2731,5.831250000000001,-0.09786186096032384
0,65.2731,5.8343750000000005,-0.09735167499039474
0,65.2731,5.8375,-0.09684577497151263
0,65.2731,5.840625,-0.0963441101289337
0,65.2731,5.84375,-0.09584663047039678
0,65.2731,5.846875000000001,-0.09535328677127952
0,65.2731,5.8500000000000005,-0.09486403056008758
0,65.2731,5.853125,-0.09437881410426706
0,65.2731,5.85625,-0.0938975903963348
0,65.2731,5.859375,-0.0934203131403152
0,65.2731,5.862500000000001,-0.09294693673847818
0,65.2731,5.8656250000000005,-0.09247741627836956
0,65.2731,5.86875,-0.09201170752012588
0,65.2731,5.871875,-0.09154976688406773
0,65.2731,5.875,-0.09109155143856443
0,65.2731,5.878125000000001,-0.09063701888816175
0,65.2731,5.8812500000000005,-0.09018612756196882
0,65.2731,5.884375,-0.08973883640229406
0,65.2731,5.8875,-0.08929510495352774
0,65.2731,5.890625,-0.08885489335126288
0,65.2731,5.893750000000001,-0.08841816231164838
0,65.2731,5.8968750000000005,-0.08798487312097081
0,65.2731,5.9,-0.08755498762545605
0,65.2731,5.903125,-0.08712846822128821
0,65.2731,5.90625,-0.08670527784483963
0,65.2731,5.909375000000001,-0.08628537996310567
0,65.2731,5.9125000000000005,-0.0858687385643417
0,65.2731,5.915625,-0.08545531814889444
0,65.2731,5.91875,-0.08504508372022565
0,65.2731,5.921875,-0.08463800077612213
0,65.2731,5.925000000000001,-0.08423403530008791
0,65.2731,5.9281250000000005,-0.08383315375291438
0,65.2731,5.93125,-0.08343532306442342
0,65.2731,5.934375,-0.08304051062538068
0,65.2731,5.9375,-0.0826486842795739
0,65.2731,5.940625000000001,-0.08225981231605307
0,65.2731,5.9437500000000005,-0.08187386346152853
0,65.2731,5.946875,-0.08149080687292184
0,65.2731,5.95,-0.08111061213006902
0,65.2731,5.953125,-0.0807332492285693
0,65.2731,5.956250000000001,-0.08035868857277782
0,65.2731,5.9593750000000005,-0.0799869009689393
0,65.2731,5.9625,-0.07961785761845706
0,65.2731,5.965625,-0.07925153011129737
0,65.2731,5.96875,-0.078887890419524
0,65.2731,5.971875000000001,-0.0785269108909601
0,65.2731,5.9750000000000005,-0.07816856424297622
0,65.2731,5.978125,-0.07781282355639842
0,65.2731,5.98125,-0.07745966226953735
0,65.2731,5.984375,-0.0771090541723332
0,65.2731,5.987500000000001,-0.07676097340061401
0,65.2731,5.9906250000000005,-0.07641539443046691
0,65.2731,5.99375,-0.07607229207271626
0,65.2731,5.996875,-0.07573164146750966
0,65.2731,6.0,-0.07539341807900744
