"Current","Field","Frequency","Spectra"
0,61.2612,1.0,-0.023911959013305825
0,61.2612,1.003125,-0.023991341867041337
0,61.2612,1.00625,-0.02407125513358102
0,61.2612,1.009375,-0.024151704476985534
0,61.2612,1.0125,-0.02423269564311258
0,61.2612,1.015625,-0.024314234461074783
0,61.2612,1.01875,-0.024396326844728446
0,61.2612,1.021875,-0.024478978794193265
0,61.2612,1.025,-0.024562196397404354
0,61.2612,1.028125,-0.02464598583169696
0,61.2612,1.03125,-0.024730353365424753
0,61.2612,1.034375,-0.02481530535961267
0,61.2612,1.0375,-0.024900848269644886
0,61.2612,1.040625,-0.02498698864698897
0,61.2612,1.04375,-0.025073733140957063
0,61.2612,1.046875,-0.025161088500504893
0,61.2612,1.05,-0.025249061576069643
0,61.2612,1.053125,-0.025337659321447718
0,61.2612,1.05625,-0.025426888795713067
0,61.2612,1.059375,-0.02551675716517756
0,61.2612,1.0625,-0.025607271705393987
0,61.2612,1.065625,-0.025698439803203046
0,61.2612,1.06875,-0.025790268958825267
0,61.2612,1.071875,-0.02588276678799908
0,61.2612,1.075,-0.025975941024166213
0,61.2612,1.078125,-0.02606979952070541
0,61.2612,1.08125,-0.026164350253216
0,61.2612,1.084375,-0.026259601321852344
0,61.2612,1.0875,-0.02635556095371045
0,61.2612,1.090625,-0.02645223750526842
0,61.2612,1.09375,-0.02654963946488144
0,61.2612,1.096875,-0.026647775455333596
0,61.2612,1.1,-0.0267466542364471
0,61.2612,1.103125,-0.026846284707751054
0,61.2612,1.10625,-0.02694667591121094
0,61.2612,1.109375,-0.027047837034020604
0,61.2612,1.1125,-0.02714977741145811
0,61.2612,1.115625,-0.02725250652980754
0,61.2612,1.11875,-0.02735603402934799
0,61.2612,1.121875,-0.027460369707411933
0,61.2612,1.125,-0.027565523521514493
0,61.2612,1.128125,-0.027671505592555642
0,61.2612,1.13125,-0.02777832620809724
0,61.2612,1.134375,-0.02788599582571684
0,61.2612,1.1375,-0.02799452507644047
0,61.2612,1.140625,-0.028103924768256117
0,61.2612,1.14375,-0.028214205889710707
0,61.2612,1.146875,-0.028325379613592154
0,61.2612,1.15,-0.028437457300699118
0,61.2612,1.153125,-0.028550450503701075
0,61.2612,1.15625,-0.028664370971090446
0,61.2612,1.159375,-0.028779230651230038
0,61.2612,1.1625,-0.02889504169649796
0,61.2612,1.165625,-0.029011816467532786
0,61.2612,1.16875,-0.029129567537581787
0,61.2612,1.171875,-0.029248307696954908
0,61.2612,1.175,-0.029368049957587593
0,61.2612,1.178125,-0.029488807557715373
0,61.2612,1.18125,-0.029610593966663303
0,61.2612,1.184375,-0.02973342288975352
0,61.2612,1.1875,-0.029857308273334122
0,61.2612,1.190625,-0.029982264309932914
0,61.2612,1.19375,-0.030108305443539353
0,61.2612,1.196875,-0.030235446375018443
0,61.2612,1.2,-0.0303637020676603
0,61.2612,1.203125,-0.030493087752869054
0,61.2612,1.20625,-0.030623618935995432
0,61.2612,1.209375,-0.03075531140231661
0,61.2612,1.2125,-0.030888181223168026
0,61.2612,1.215625,-0.03102224476223124
0,61.2612,1.21875,-0.03115751868198243
0,61.2612,1.221875,-0.03129401995030601
0,61.2612,1.225,-0.03143176584727848
0,61.2612,1.228125,-0.031570773972127084
0,61.2612,1.23125,-0.03171106225036867
0,61.2612,1.234375,-0.03185264894113364
0,61.2612,1.2375,-0.03199555264468103
0,61.2612,1.240625,-0.032139792310109626
0,61.2612,1.24375,-0.032285387243271346
0,61.2612,1.246875,-0.03243235711489287
0,61.2612,1.25,-0.03258072196891128
0,61.2612,1.253125,-0.032730502231030835
0,61.2612,1.25625,-0.03288171871750653
0,61.2612,1.259375,-0.03303439264416201
0,61.2612,1.2625,-0.033188545635648506
0,61.2612,1.265625,-0.03334419973495215
0,61.2612,1.26875,-0.033501377413156945
0,61.2612,1.271875,-0.03366010157947164
0,61.2612,1.275,-0.03382039559152793
0,61.2612,1.278125,-0.03398228326595858
0,61.2612,1.28125,-0.034145788889264096
0,61.2612,1.284375,-0.034310937228976456
0,61.2612,1.2875,-0.03447775354512937
0,61.2612,1.290625,-0.034646263602044196
0,61.2612,1.29375,-0.034816493680441714
0,61.2612,1.296875,-0.034988470589889145
0,61.2612,1.3,-0.035162221681593775
0,61.2612,1.303125,-0.03533777486155302
0,61.2612,1.30625,-0.035515158604072776
0,61.2612,1.309375,-0.035694401965665395
0,61.2612,1.3125,-0.035875534599338926
0,61.2612,1.315625,-0.036058586769290545
0,61.2612,1.31875,-0.03624358936601632
0,61.2612,1.321875,-0.03643057392185092
0,61.2612,1.325,-0.03661957262695095
0,61.2612,1.328125,-0.03681061834573566
0,61.2612,1.33125,-0.03700374463380014
0,61.2612,1.334375,-0.037198985755315814
0,61.2612,1.3375,-0.03739637670093403
0,61.2612,1.340625,-0.037595953206208906
0,61.2612,1.34375,-0.0377977517705562
0,61.2612,1.346875,-0.03800180967676575
0,61.2612,1.35,-0.03820816501108513
0,61.2612,1.353125,-0.03841685668389336
0,61.2612,1.35625,-0.03862792445098408
0,61.2612,1.359375,-0.038841408935477495
0,61.2612,1.3625,-0.03905735165038285
0,61.2612,1.365625,-0.039275795021831414
0,61.2612,1.36875,-0.0394967824130034
0,61.2612,1.371875,-0.03972035814877099
0,61.2612,1.375,-0.03994656754108129
0,61.2612,1.378125,-0.040175456915104144
0,61.2612,1.38125,-0.040407073636169855
0,61.2612,1.384375,-0.04064146613752342
0,61.2612,1.3875,-0.040878683948922565
0,61.2612,1.390625,-0.04111877772610771
0,61.2612,1.39375,-0.04136179928117337
0,61.2612,1.396875,-0.041607801613871204
0,61.2612,1.4,-0.04185683894387609
0,61.2612,1.403125,-0.042108966744048126
0,61.2612,1.40625,-0.04236424177472358
0,61.2612,1.409375,-0.04262272211907061
0,61.2612,1.4125,-0.04288446721954511
0,61.2612,1.415625,-0.04314953791548477
0,61.2612,1.41875,-0.043417996481879904
0,61.2612,1.421875,-0.04368990666936112
0,61.2612,1.425,-0.043965333745445805
0,61.2612,1.428125,-0.04424434453708645
0,61.2612,1.43125,-0.04452700747456528
0,61.2612,1.434375,-0.044813392636781954
0,61.2612,1.4375,-0.04510357179798158
0,61.2612,1.440625,-0.04539761847597344
0,61.2612,1.44375,-0.04569560798189133
0,61.2612,1.446875,-0.04599761747154874
0,61.2612,1.45,-0.046303725998444484
0,61.2612,1.453125,-0.04661401456847501
0,61.2612,1.45625,-0.046928566196413474
0,61.2612,1.459375,-0.04724746596421571
0,61.2612,1.4625,-0.04757080108121717
0,61.2612,1.465625,-0.04789866094628593
0,61.2612,1.46875,-0.04823113721199951
0,61.2612,1.471875,-0.0485683238509158
0,61.2612,1.475,-0.0489103172240106
0,61.2612,1.478125,-0.04925721615135645
0,61.2612,1.48125,-0.04960912198512077
0,61.2612,1.484375,-0.04996613868496295
0,61.2612,1.4875,-0.05032837289591367
0,61.2612,1.490625,-0.05069593402882182
0,61.2612,1.49375,-0.051068934343457335
0,61.2612,1.496875,-0.0514474890343615
0,61.2612,1.5,-0.05183171631953859
0,61.2612,1.503125,-0.05222173753208649
0,61.2612,1.50625,-0.052617677214866224
0,61.2612,1.509375,-0.053019663218313855
0,61.2612,1.5125000000000002,-0.05342782680150179
0,61.2612,1.515625,-0.05384230273655809
0,61.2612,1.51875,-0.05426322941655841
0,61.2612,1.521875,-0.05469074896700521
0,61.2612,1.525,-0.055125007361014805
0,61.2612,1.5281250000000002,-0.055566154538334835
0,61.2612,1.53125,-0.05601434452831765
0,61.2612,1.534375,-0.05646973557698021
0,61.2612,1.5375,-0.056932490278281594
0,61.2612,1.540625,-0.05740277570975497
0,61.2612,1.5437500000000002,-0.057880763572632575
0,61.2612,1.546875,-0.0583666303366049
0,61.2612,1.55,-0.05886055738936033
0,61.2612,1.553125,-0.0593627311910508
0,61.2612,1.55625,-0.05987334343383509
0,61.2612,1.5593750000000002,-0.06039259120665121
0,61.2612,1.5625,-0.06092067716537243
0,61.2612,1.565625,-0.061457809708503675
0,61.2612,1.56875,-0.06200420315857501
0,61.2612,1.571875,-0.06256007794939134
0,61.2612,1.5750000000000002,-0.06312566081929773
0,61.2612,1.578125,-0.06370118501061817
0,61.2612,1.58125,-0.06428689047542827
0,61.2612,1.584375,-0.06488302408781643
0,61.2612,1.5875,-0.06548983986279058
0,61.2612,1.5906250000000002,-0.06610759918198124
0,61.2612,1.59375,-0.06673657102628794
0,61.2612,1.596875,-0.06737703221561342
0,61.2612,1.6,-0.0680292676558189
0,61.2612,1.603125,-0.06869357059303002
0,61.2612,1.6062500000000002,-0.06937024287541065
0,61.2612,1.609375,-0.07005959522251048
0,61.2612,1.6125,-0.07076194750228113
0,61.2612,1.615625,-0.07147762901583485
0,61.2612,1.61875,-0.07220697879000651
0,61.2612,1.6218750000000002,-0.07295034587775519
0,61.2612,1.625,-0.073708089666417
0,61.2612,1.628125,-0.07448058019379558
0,61.2612,1.63125,-0.07526819847204053
0,61.2612,1.634375,-0.07607133681923195
0,61.2612,1.6375000000000002,-0.07689039919854541
0,61.2612,1.640625,-0.07772580156482546
0,61.2612,1.64375,-0.07857797221834642
0,61.2612,1.646875,-0.07944735216547506
0,61.2612,1.65,-0.08033439548588972
0,61.2612,1.6531250000000002,-0.08123956970593275
0,61.2612,1.65625,-0.08216335617759046
0,61.2612,1.659375,-0.08310625046250697
0,61.2612,1.6625,-0.08406876272032904
0,61.2612,1.665625,-0.0850514181005702
0,61.2612,1.6687500000000002,-0.0860547571370535
0,61.2612,1.671875,-0.08707933614384908
0,61.2612,1.675,-0.08812572761147121
0,61.2612,1.678125,-0.08919452060192004
0,61.2612,1.68125,-0.09028632114096755
0,61.2612,1.6843750000000002,-0.09140175260587163
0,61.2612,1.6875,-0.09254145610646855
0,61.2612,1.690625,-0.09370609085734018
0,61.2612,1.69375,-0.09489633453846186
0,61.2612,1.696875,-0.09611288364143092
0,61.2612,1.7000000000000002,-0.09735645379802862
0,61.2612,1.703125,-0.09862778008749065
0,61.2612,1.70625,-0.09992761731845311
0,61.2612,1.709375,-0.10125674028107987
0,61.2612,1.7125,-0.10261594396438939
0,61.2612,1.7156250000000002,-0.10400604373325381
0,61.2612,1.71875,-0.10542787545895031
0,61.2612,1.721875,-0.10688229559650808
0,61.2612,1.725,-0.10837018120138384
0,61.2612,1.728125,-0.10989242987724578
0,61.2612,1.7312500000000002,-0.11144995964581599
0,61.2612,1.734375,-0.11304370872882603
0,61.2612,1.7375,-0.11467463523117973
0,61.2612,1.740625,-0.11634371671336598
0,61.2612,1.74375,-0.11805194964005167
0,61.2612,1.7468750000000002,-0.1198003486905749
0,61.2612,1.75,-0.12158994591576944
0,61.2612,1.753125,-0.1234217897241808
0,61.2612,1.75625,-0.1252969436792599
0,61.2612,1.759375,-0.1272164850875778
0,61.2612,1.7625000000000002,-0.1291815033564589
0,61.2612,1.765625,-0.13119309809770638
0,61.2612,1.76875,-0.13325237695229963
0,61.2612,1.771875,-0.13536045310905742
0,61.2612,1.775,-0.13751844248834086
0,61.2612,1.7781250000000002,-0.1397274605598835
0,61.2612,1.78125,-0.14198861876182783
0,61.2612,1.784375,-0.1443030204860487
0,61.2612,1.7875,-0.1466717565928422
0,61.2612,1.790625,-0.14909590041615167
0,61.2612,1.7937500000000002,-0.1515765022186755
0,61.2612,1.796875,-0.15411458305453862
0,61.2612,1.8,-0.15671112799578185
0,61.2612,1.803125,-0.1593670786777559
0,61.2612,1.80625,-0.16208332511775678
0,61.2612,1.8093750000000002,-0.16486069676093607
0,61.2612,1.8125,-0.16769995270781937
0,61.2612,1.815625,-0.17060177107879707
0,61.2612,1.81875,-0.17356673747281945
0,61.2612,1.821875,-0.17659533248046172
0,61.2612,1.8250000000000002,-0.17968791821563773
0,61.2612,1.828125,-0.18284472383577346
0,61.2612,1.83125,-0.186065830027414
0,61.2612,1.834375,-0.18935115244321993
0,61.2612,1.8375,-0.1927004240874155
0,61.2612,1.8406250000000002,-0.19611317666016148
0,61.2612,1.84375,-0.19958872088732527
0,61.2612,1.846875,-0.20312612588096074
0,61.2612,1.85,-0.20672419759765553
0,61.2612,1.853125,-0.2103814564870377
0,61.2612,1.8562500000000002,-0.21409611445122584
0,61.2612,1.859375,-0.21786605126799435
0,61.2612,1.8625,-0.22168879066592312
0,61.2612,1.865625,-0.22556147627865863
0,61.2612,1.86875,-0.22948084774748986
0,61.2612,1.8718750000000002,-0.23344321728626677
0,61.2612,1.875,-0.23744444706974754
0,61.2612,1.878125,-0.24147992785496464
0,61.2612,1.88125,-0.24554455929406604
0,61.2612,1.884375,-0.24963273244512418
0,61.2612,1.8875000000000002,-0.25373831503293914
0,61.2612,1.890625,-0.257854640053103
0,61.2612,1.89375,-0.26197449834740283
0,61.2612,1.896875,-0.26609013580456425
0,61.2612,1.9,-0.27019325585487675
0,61.2612,1.9031250000000002,-0.274275027927538
0,61.2612,1.90625,-0.27832610252287154
0,61.2612,1.909375,-0.2823366335151666
0,61.2612,1.9125,-0.2862963082431803
0,61.2612,1.915625,-0.290194385862295
0,61.2612,1.9187500000000002,-0.294019744323278
0,61.2612,1.921875,-0.2977609362068497
0,61.2612,1.925,-0.3014062534810354
0,61.2612,1.928125,-0.30494380106091323
0,61.2612,1.93125,-0.3083615788407071
0,61.2612,1.9343750000000002,-0.3116475716403182
0,61.2612,1.9375,-0.31478984626809275
0,61.2612,1.940625,-0.3177766546560169
0,61.2612,1.94375,-0.3205965417810131
0,61.2612,1.946875,-0.32323845685613317
0,61.2612,1.9500000000000002,-0.3256918660682786
0,61.2612,1.953125,-0.32794686496502023
0,61.2612,1.95625,-0.32999428846211865
0,61.2612,1.959375,-0.3318258163644535
0,61.2612,1.9625,-0.3334340722737396
0,61.2612,1.9656250000000002,-0.3348127138018651
0,61.2612,1.96875,-0.3359565121215491
0,61.2612,1.971875,-0.33686141906586153
0,61.2612,1.975,-0.3375246202312874
0,61.2612,1.978125,-0.3379445728386261
0,61.2612,1.9812500000000002,-0.3381210274522275
0,61.2612,1.984375,-0.338055033038525
0,61.2612,1.9875,-0.3377489252452672
0,61.2612,1.990625,-0.3372062981878827
0,61.2612,1.99375,-0.33643196042339757
0,61.2612,1.9968750000000002,-0.3354318761602333
0,61.2612,2.0,-0.33421309308048897
0,61.2612,2.003125,-0.33278365842854984
0,61.2612,2.00625,-0.3311525252374473
0,61.2612,2.0093750000000004,-0.32932945071673914
0,61.2612,2.0125,-0.32732488891049494
0,61.2612,2.015625,-0.32514987975211795
0,61.2612,2.01875,-0.3228159365979509
0,61.2612,2.021875,-0.3203349342201501
0,61.2612,2.0250000000000004,-0.317718999089331
0,61.2612,2.028125,-0.31498040358847434
0,61.2612,2.03125,-0.3121314655817701
0,61.2612,2.034375,-0.30918445452576
0,61.2612,2.0375,-0.30615150506526445
0,61.2612,2.0406250000000004,-0.3030445388122282
0,61.2612,2.04375,-0.29987519476970376
0,61.2612,2.046875,-0.2966547686422901
0,61.2612,2.05,-0.2933941610735035
0,61.2612,2.053125,-0.2901038346733722
0,61.2612,2.0562500000000004,-0.28679377954821006
0,61.2612,2.059375,-0.28347348691988794
0,61.2612,2.0625,-0.2801519303238149
0,61.2612,2.065625,-0.27683755380211494
0,61.2612,2.06875,-0.27353826645931995
0,61.2612,2.0718750000000004,-0.2702614427200026
0,61.2612,2.075,-0.26701392761847653
0,61.2612,2.078125,-0.2638020464572469
0,61.2612,2.08125,-0.2606316181904855
0,61.2612,2.084375,-0.25750797191873
0,61.2612,2.0875000000000004,-0.2544359659187654
0,61.2612,2.090625,-0.251420008675914
0,61.2612,2.09375,-0.24846408143274676
0,61.2612,2.096875,-0.24557176181678214
0,61.2612,2.1,-0.24274624815859094
0,61.2612,2.1031250000000004,-0.23999038415973378
0,61.2612,2.10625,-0.2373066836161561
0,61.2612,2.109375,-0.23469735494639196
0,61.2612,2.1125,-0.2321643253146767
0,61.2612,2.115625,-0.22970926417651485
0,61.2612,2.1187500000000004,-0.22733360610825099
0,61.2612,2.121875,-0.2250385728126606
0,61.2612,2.125,-0.22282519421959476
0,61.2612,2.128125,-0.22069432862436583
0,61.2612,2.13125,-0.21864668182703084
0,61.2612,2.1343750000000004,-0.2166828252532314
0,61.2612,2.1375,-0.21480321305199018
0,61.2612,2.140625,-0.21300819817811345
0,61.2612,2.14375,-0.21129804747682543
0,61.2612,2.146875,-0.20967295579621809
0,61.2612,2.1500000000000004,-0.20813305915926544
0,61.2612,2.153125,-0.206678447031738
0,61.2612,2.15625,-0.20530917372557012
0,61.2612,2.159375,-0.20402526897925402
0,61.2612,2.1625,-0.20282674775782894
0,61.2612,2.1656250000000004,-0.2017136193151567
0,61.2612,2.16875,-0.20068589556054
0,61.2612,2.171875,-0.19974359877047543
0,61.2612,2.175,-0.19888676868452548
0,61.2612,2.178125,-0.1981154690220211
0,61.2612,2.1812500000000004,-0.19742979345364686
0,61.2612,2.184375,-0.19682987105895178
0,61.2612,2.1875,-0.1963158712975225
0,61.2612,2.190625,-0.19588800851797766
0,61.2612,2.19375,-0.19554654602510757
0,61.2612,2.1968750000000004,-0.19529179972141197
0,61.2612,2.2,-0.19512414133497175
0,61.2612,2.203125,-0.19504400124103255
0,61.2612,2.20625,-0.19505187087985987
0,61.2612,2.209375,-0.19514830476832995
0,61.2612,2.2125000000000004,-0.19533392209733053
0,61.2612,2.215625,-0.19560940790132592
0,61.2612,2.21875,-0.19597551378036354
0,61.2612,2.221875,-0.19643305814833406
0,61.2612,2.225,-0.19698292597440037
0,61.2612,2.2281250000000004,-0.1976260679771576
0,61.2612,2.23125,-0.1983634992232321
0,61.2612,2.234375,-0.1991962970736481
0,61.2612,2.2375,-0.20012559841235236
0,61.2612,2.240625,-0.20115259608178054
0,61.2612,2.2437500000000004,-0.20227853444025645
0,61.2612,2.246875,-0.2035047039453492
0,61.2612,2.25,-0.20483243465610035
0,61.2612,2.253125,-0.20626308853532047
0,61.2612,2.25625,-0.20779805042103314
0,61.2612,2.2593750000000004,-0.20943871752373266
0,61.2612,2.2625,-0.21118648729359335
0,61.2612,2.265625,-0.2130427434893602
0,61.2612,2.26875,-0.2150088402686582
0,61.2612,2.271875,-0.21708608410829228
0,61.2612,2.2750000000000004,-0.21927571335323212
0,61.2612,2.278125,-0.2215788751850328
0,61.2612,2.28125,-0.22399659979514497
0,61.2612,2.284375,-0.22652977154682888
0,61.2612,2.2875,-0.2291790969122825
0,61.2612,2.2906250000000004,-0.23194506898034015
0,61.2612,2.29375,-0.23482792834618263
0,61.2612,2.296875,-0.2378276202195313
0,61.2612,2.3,-0.24094374762364149
0,61.2612,2.303125,-0.24417552060609155
0,61.2612,2.3062500000000004,-0.24752170144603852
0,61.2612,2.309375,-0.25098054592357594
0,61.2612,2.3125,-0.2545497408173432
0,61.2612,2.315625,-0.25822633791879024
0,61.2612,2.31875,-0.2620066849974379
0,61.2612,2.3218750000000004,-0.2658863543225211
0,61.2612,2.325,-0.26986006954337366
0,61.2612,2.328125,-0.2739216319535147
0,61.2612,2.33125,-0.27806384741007
0,61.2612,2.334375,-0.2822784554475666
0,61.2612,2.3375000000000004,-0.286556062407763
0,61.2612,2.340625,-0.2908860806970374
0,61.2612,2.34375,-0.2952566765689469
0,61.2612,2.346875,-0.29965472909780855
0,61.2612,2.35,-0.3040658032421023
0,61.2612,2.3531250000000004,-0.3084741400735499
0,61.2612,2.35625,-0.3128626673456079
0,61.2612,2.359375,-0.31721303356854547
0,61.2612,2.3625,-0.32150566862145014
0,61.2612,2.365625,-0.3257198736397158
0,61.2612,2.3687500000000004,-0.3298339424484796
0,61.2612,2.371875,-0.3338253161529116
0,61.2612,2.375,-0.3376707716389298
0,61.2612,2.378125,-0.3413466436884765
0,61.2612,2.38125,-0.3448290791921347
0,61.2612,2.3843750000000004,-0.34809432058507656
0,61.2612,2.3875,-0.3511190141938666
0,61.2612,2.390625,-0.353880537731424
0,61.2612,2.39375,-0.3563573397991693
0,61.2612,2.396875,-0.3585292830416562
0,61.2612,2.4000000000000004,-0.36037798164489504
0,61.2612,2.403125,-0.3618871232646587
0,61.2612,2.40625,-0.3630427652904935
0,61.2612,2.409375,-0.36383359564717294
0,61.2612,2.4125,-0.3642511491298603
0,61.2612,2.4156250000000004,-0.36428997154885484
0,61.2612,2.41875,-0.3639477256740031
0,61.2612,2.421875,-0.3632252350319903
0,61.2612,2.425,-0.36212646390687225
0,61.2612,2.428125,-0.36065843429023653
0,61.2612,2.4312500000000004,-0.3588310828785822
0,61.2612,2.434375,-0.3566570633820524
0,61.2612,2.4375,-0.3541515012667522
0,61.2612,2.440625,-0.3513317095049133
0,61.2612,2.44375,-0.34821687488887615
0,61.2612,2.4468750000000004,-0.3448277249488154
0,61.2612,2.45,-0.3411861855093071
0,61.2612,2.453125,-0.3373150384677514
0,61.2612,2.45625,-0.3332375885457945
0,61.2612,2.459375,-0.32897734663835904
0,61.2612,2.4625000000000004,-0.32455773605772315
0,61.2612,2.465625,-0.32000182653664666
0,61.2612,2.46875,-0.3153320994025934
0,61.2612,2.471875,-0.3105702459401722
0,61.2612,2.475,-0.3057369996810762
0,61.2612,2.4781250000000004,-0.3008520022430903
0,61.2612,2.48125,-0.2959337014082955
0,61.2612,2.484375,-0.29099927939635944
0,61.2612,2.4875,-0.2860646087496267
0,61.2612,2.490625,-0.2811442328904569
0,61.2612,2.4937500000000004,-0.27625136821857416
0,61.2612,2.496875,-0.27139792456336415
0,61.2612,2.5,-0.2665945408674694
0,61.2612,2.503125,-0.2618506331280143
0,61.2612,2.50625,-0.2571744518361952
0,61.2612,2.5093750000000004,-0.25257314641311673
0,61.2612,2.5125,-0.24805283442096446
0,61.2612,2.515625,-0.24361867361853948
0,61.2612,2.51875,-0.23927493521669352
0,61.2612,2.521875,-0.23502507696318647
0,61.2612,2.5250000000000004,-0.23087181494157852
0,61.2612,2.528125,-0.2268171932008203
0,61.2612,2.53125,-0.22286265053904877
0,61.2612,2.534375,-0.219009083946006
0,61.2612,2.5375,-0.21525690836388145
0,61.2612,2.5406250000000004,-0.21160611255750783
0,61.2612,2.54375,-0.20805631099344696
0,61.2612,2.546875,-0.20460679171573753
0,61.2612,2.55,-0.20125656027617264
0,61.2612,2.553125,-0.198004379831222
0,61.2612,2.5562500000000004,-0.19484880755835388
0,61.2612,2.559375,-0.19178822757360203
0,61.2612,2.5625,-0.18882088055170781
0,61.2612,2.565625,-0.18594489026175567
0,61.2612,2.56875,-0.18315828723642796
0,61.2612,2.5718750000000004,-0.1804590297931833
0,61.2612,2.575,-0.17784502262191412
0,61.2612,2.578125,-0.17531413314695551
0,61.2612,2.58125,-0.17286420586248027
0,61.2612,2.584375,-0.17049307482999115
0,61.2612,2.5875000000000004,-0.16819857451535727
0,61.2612,2.590625,-0.16597854913105453
0,61.2612,2.59375,-0.16383086063730845
0,61.2612,2.596875,-0.16175339554396706
0,61.2612,2.6,-0.1597440706433287
0,61.2612,2.6031250000000004,-0.1578008377929949
0,61.2612,2.60625,-0.15592168785717656
0,61.2612,2.609375,-0.1541046539048498
0,61.2612,2.6125,-0.15234781375375614
0,61.2612,2.615625,-0.1506492919404923
0,61.2612,2.6187500000000004,-0.14900726118884794
0,61.2612,2.621875,-0.14741994344109502
0,61.2612,2.625,-0.1458856105101134
0,61.2612,2.628125,-0.14440258440400022
0,61.2612,2.63125,-0.14296923736914338
0,61.2612,2.6343750000000004,-0.14158399169259936
0,61.2612,2.6375,-0.1402453192999658
0,61.2612,2.640625,-0.1389517411807477
0,61.2612,2.64375,-0.1377018266694472
0,61.2612,2.646875,-0.13649419260721593
0,61.2612,2.6500000000000004,-0.13532750240588262
0,61.2612,2.653125,-0.13420046503345162
0,61.2612,2.65625,-0.1331118339377542
0,61.2612,2.659375,-0.1320604059227766
0,61.2612,2.6625,-0.13104501999027401
0,61.2612,2.6656250000000004,-0.1300645561575793
0,61.2612,2.66875,-0.12911793426100743
0,61.2612,2.671875,-0.12820411275292504
0,61.2612,2.675,-0.1273220874993763
0,61.2612,2.678125,-0.12647089058411876
0,61.2612,2.6812500000000004,-0.12564958912400884
0,61.2612,2.684375,-0.1248572840998738
0,61.2612,2.6875,-0.12409310920630445
0,61.2612,2.690625,-0.12335622972318798
0,61.2612,2.69375,-0.12264584141125859
0,61.2612,2.6968750000000004,-0.1219611694334809
0,61.2612,2.7,-0.12130146730366928
0,61.2612,2.703125,-0.12066601586339672
0,61.2612,2.70625,-0.12005412228794175
0,61.2612,2.709375,-0.11946511912175856
0,61.2612,2.7125000000000004,-0.11889836334373191
0,61.2612,2.715625,-0.11835323546228632
0,61.2612,2.71875,-0.11782913864025452
0,61.2612,2.721875,-0.11732549784927637
0,61.2612,2.725,-0.1168417590533789
0,61.2612,2.7281250000000004,-0.11637738842129718
0,61.2612,2.73125,-0.11593187156701311
0,61.2612,2.734375,-0.11550471281792715
0,61.2612,2.7375,-0.11509543451002754
0,61.2612,2.740625,-0.1147035763093789
0,61.2612,2.7437500000000004,-0.11432869455922505
0,61.2612,2.746875,-0.11397036165197598
0,61.2612,2.75,-0.11362816542533688
0,61.2612,2.753125,-0.1133017085818272
0,61.2612,2.75625,-0.11299060813093408
0,61.2612,2.7593750000000004,-0.11269449485314671
0,61.2612,2.7625,-0.11241301278512332
0,61.2612,2.765625,-0.11214581872524838
0,61.2612,2.76875,-0.11189258175885235
0,61.2612,2.771875,-0.11165298280237475
0,61.2612,2.7750000000000004,-0.11142671416576994
0,61.2612,2.778125,-0.11121347913246893
0,61.2612,2.78125,-0.11101299155622707
0,61.2612,2.784375,-0.11082497547420962
0,61.2612,2.7875,-0.11064916473567951
0,61.2612,2.7906250000000004,-0.11048530264567784
0,61.2612,2.79375,-0.11033314162310076
0,61.2612,2.796875,-0.11019244287259966
0,61.2612,2.8,-0.11006297606975063
0,61.2612,2.803125,-0.10994451905895662
0,61.2612,2.8062500000000004,-0.1098368575635672
0,61.2612,2.809375,-0.10973978490771871
0,61.2612,2.8125,-0.10965310174941453
0,61.2612,2.815625,-0.10957661582438828
0,61.2612,2.81875,-0.10951014170030332
0,61.2612,2.8218750000000004,-0.1094535005408669
0,61.2612,2.825,-0.10940651987944736
0,61.2612,2.828125,-0.10936903340180486
0,61.2612,2.83125,-0.10934088073755704
0,61.2612,2.834375,-0.10932190726002157
0,61.2612,2.8375000000000004,-0.10931196389408579
0,61.2612,2.840625,-0.10931090693177622
0,61.2612,2.84375,-0.1093185978552058
0,61.2612,2.846875,-0.10933490316659777
0,61.2612,2.85,-0.10935969422509274
0,61.2612,2.8531250000000004,-0.10939284709005967
0,61.2612,2.85625,-0.10943424237064439
0,61.2612,2.859375,-0.10948376508129928
0,61.2612,2.8625,-0.10954130450304822
0,61.2612,2.865625,-0.10960675405025327
0,61.2612,2.8687500000000004,-0.10968001114265917
0,61.2612,2.871875,-0.10976097708249921
0,61.2612,2.875,-0.10984955693645865
0,61.2612,2.878125,-0.10994565942229878
0,61.2612,2.88125,-0.11004919679995298
0,61.2612,2.8843750000000004,-0.11016008476691563
0,61.2612,2.8875,-0.11027824235775151
0,61.2612,2.890625,-0.11040359184756145
0,61.2612,2.89375,-0.11053605865924644
0,61.2612,2.896875,-0.11067557127441924
0,61.2612,2.9000000000000004,-0.11082206114782105
0,61.2612,2.903125,-0.11097546262510369
0,61.2612,2.90625,-0.11113571286384683
0,61.2612,2.909375,-0.11130275175768285
0,61.2612,2.9125,-0.11147652186341113
0,61.2612,2.9156250000000004,-0.11165696833098332
0,61.2612,2.91875,-0.11184403883625235
0,61.2612,2.921875,-0.11203768351637773
0,61.2612,2.925,-0.11223785490778698
0,61.2612,2.928125,-0.11244450788659588
0,61.2612,2.9312500000000004,-0.11265759961139699
0,61.2612,2.934375,-0.1128770894683259
0,61.2612,2.9375,-0.11310293901832212
0,61.2612,2.940625,-0.11333511194650321
0,61.2612,2.94375,-0.1135735740135754
0,61.2612,2.9468750000000004,-0.11381829300920526
0,61.2612,2.95,-0.11406923870728364
0,61.2612,2.953125,-0.11432638282301257
0,61.2612,2.95625,-0.11458969897175104
0,61.2612,2.959375,-0.11485916262955727
0,61.2612,2.9625000000000004,-0.11513475109536868
0,61.2612,2.965625,-0.11541644345476233
0,61.2612,2.96875,-0.11570422054524182
0,61.2612,2.971875,-0.11599806492299834
0,61.2612,2.975,-0.11629796083109702
0,61.2612,2.9781250000000004,-0.11660389416903977
0,61.2612,2.98125,-0.1169158524636605
0,61.2612,2.984375,-0.11723382484130825
0,61.2612,2.9875,-0.11755780200127741
0,61.2612,2.990625,-0.11788777619044383
0,61.2612,2.9937500000000004,-0.11822374117907125
0,61.2612,2.996875,-0.1185656922377489
0,61.2612,3.0,-0.11891362611542765
0,61.2612,3.0031250000000003,-0.1192675410185205
0,61.2612,3.00625,-0.11962743659103492
0,61.2612,3.009375,-0.11999331389570914
0,61.2612,3.0125,-0.12036517539612061
0,61.2612,3.015625,-0.12074302493974008
0,61.2612,3.0187500000000003,-0.12112686774190554
0,61.2612,3.021875,-0.12151671037068977
0,61.2612,3.025,-0.12191256073263755
0,61.2612,3.028125,-0.12231442805935044
0,61.2612,3.03125,-0.12272232289489489
0,61.2612,3.0343750000000003,-0.12313625708401643
0,61.2612,3.0375,-0.12355624376113616
0,61.2612,3.040625,-0.12398229734011366
0,61.2612,3.04375,-0.12441443350475599
0,61.2612,3.046875,-0.12485266920005696
0,61.2612,3.0500000000000003,-0.12529702262415002
0,61.2612,3.053125,-0.12574751322095912
0,61.2612,3.05625,-0.1262041616735325
0,61.2612,3.059375,-0.1266669898980465
0,61.2612,3.0625,-0.1271360210384647
0,61.2612,3.0656250000000003,-0.12761127946184136
0,61.2612,3.06875,-0.12809279075425564
0,61.2612,3.071875,-0.12858058171736755
0,61.2612,3.075,-0.12907468036558323
0,61.2612,3.078125,-0.1295751159238201
0,61.2612,3.0812500000000003,-0.13008191882586384
0,61.2612,3.084375,-0.13059512071330592
0,61.2612,3.0875,-0.13111475443505713
0,61.2612,3.090625,-0.1316408540474255
0,61.2612,3.09375,-0.1321734548147543
0,61.2612,3.0968750000000003,-0.13271259321061335
0,61.2612,3.1,-0.13325830691953594
0,61.2612,3.103125,-0.13381063483929748
0,61.2612,3.10625,-0.13436961708373038
0,61.2612,3.109375,-0.13493529498606946
0,61.2612,3.1125000000000003,-0.13550771110282656
0,61.2612,3.115625,-0.13608690921818595
0,61.2612,3.11875,-0.13667293434892316
0,61.2612,3.121875,-0.13726583274983933
0,61.2612,3.125,-0.13786565191971098
0,61.2612,3.1281250000000003,-0.13847244060775374
0,61.2612,3.13125,-0.1390862488205969
0,61.2612,3.134375,-0.13970712782976816
0,61.2612,3.1375,-0.14033513017968902
0,61.2612,3.140625,-0.14097030969617746
0,61.2612,3.1437500000000003,-0.14161272149546192
0,61.2612,3.146875,-0.14226242199370243
0,61.2612,3.15,-0.14291946891702384
0,61.2612,3.153125,-0.14358392131205902
0,61.2612,3.15625,-0.14425583955700483
0,61.2612,3.1593750000000003,-0.14493528537319342
0,61.2612,3.1625,-0.1456223218371784
0,61.2612,3.165625,-0.14631701339334247
0,61.2612,3.16875,-0.1470194258670248
0,61.2612,3.171875,-0.14772962647817453
0,61.2612,3.1750000000000003,-0.14844768385553375
0,61.2612,3.178125,-0.14917366805135132
0,61.2612,3.18125,-0.1499076505566357
0,61.2612,3.184375,-0.15064970431694805
0,61.2612,3.1875,-0.15139990374874135
0,61.2612,3.1906250000000003,-0.1521583247562538
0,61.2612,3.19375,-0.15292504474895668
0,61.2612,3.196875,-0.1537001426595682
0,61.2612,3.2,-0.15448369896263556
0,61.2612,3.203125,-0.15527579569369493
0,61.2612,3.2062500000000003,-0.15607651646901513
0,61.2612,3.209375,-0.15688594650593105
0,61.2612,3.2125,-0.1577041726437788
0,61.2612,3.215625,-0.15853128336543554
0,61.2612,3.21875,-0.1593673688194771
0,61.2612,3.2218750000000003,-0.16021252084295964
0,61.2612,3.225,-0.1610668329848356
0,61.2612,3.228125,-0.161930400530014
0,61.2612,3.23125,-0.16280332052407462
0,61.2612,3.234375,-0.16368569179864598
0,61.2612,3.2375000000000003,-0.16457761499746118
0,61.2612,3.240625,-0.16547919260309815
0,61.2612,3.24375,-0.16639052896442083
0,61.2612,3.246875,-0.16731173032472982
0,61.2612,3.25,-0.16824290485063728
0,61.2612,3.2531250000000003,-0.16918416266167913
0,61.2612,3.25625,-0.1701356158606761
0,61.2612,3.259375,-0.17109737856486157
0,61.2612,3.2625,-0.17206956693778577
0,61.2612,3.265625,-0.17305229922201495
0,61.2612,3.2687500000000003,-0.17404569577264087
0,61.2612,3.271875,-0.17504987909161362
0,61.2612,3.275,-0.1760649738629182
0,61.2612,3.278125,-0.1770911069886091
0,61.2612,3.28125,-0.1781284076257213
0,61.2612,3.2843750000000003,-0.17917700722407656
0,61.2612,3.2875,-0.1802370395650029
0,61.2612,3.290625,-0.18130864080098677
0,61.2612,3.29375,-0.18239194949627816
0,61.2612,3.296875,-0.1834871066684674
0,61.2612,3.3000000000000003,-0.18459425583106015
0,61.2612,3.303125,-0.18571354303706328
0,61.2612,3.30625,-0.18684511692361472
0,61.2612,3.309375,-0.18798912875767182
0,61.2612,3.3125,-0.1891457324827861
0,61.2612,3.3156250000000003,-0.19031508476699027
0,61.2612,3.31875,-0.19149734505181865
0,61.2612,3.321875,-0.192692675602492
0,61.2612,3.325,-0.19390124155928942
0,61.2612,3.328125,-0.19512321099013757
0,61.2612,3.3312500000000003,-0.19635875494444646
0,61.2612,3.334375,-0.1976080475082182
0,61.2612,3.3375,-0.19887126586046347
0,61.2612,3.340625,-0.20014859033095242
0,61.2612,3.34375,-0.20144020445933442
0,61.2612,3.3468750000000003,-0.20274629505566402
0,61.2612,3.35,-0.204067052262357
0,61.2612,3.353125,-0.20540266961762432
0,61.2612,3.35625,-0.20675334412041105
0,61.2612,3.359375,-0.20811927629688115
0,61.2612,3.3625000000000003,-0.20950067026848898
0,61.2612,3.365625,-0.21089773382167323
0,61.2612,3.36875,-0.21231067847921786
0,61.2612,3.371875,-0.21373971957332058
0,61.2612,3.375,-0.215185076320413
0,61.2612,3.3781250000000003,-0.21664697189777943
0,61.2612,3.38125,-0.21812563352201683
0,61.2612,3.384375,-0.21962129252938903
0,61.2612,3.3875,-0.22113418445812008
0,61.2612,3.390625,-0.2226645491326817
0,61.2612,3.3937500000000003,-0.22421263075012515
0,61.2612,3.396875,-0.22577867796851286
0,61.2612,3.4000000000000004,-0.22736294399750584
0,61.2612,3.403125,-0.22896568669116485
0,61.2612,3.40625,-0.23058716864302722
0,61.2612,3.4093750000000003,-0.2322276572835168
0,61.2612,3.4125,-0.23388742497975537
0,61.2612,3.4156250000000004,-0.2355667491378399
0,61.2612,3.41875,-0.23726591230765204
0,61.2612,3.421875,-0.23898520229027434
0,61.2612,3.4250000000000003,-0.24072491224808287
0,61.2612,3.428125,-0.24248534081759
0,61.2612,3.4312500000000004,-0.2442667922251227
0,61.2612,3.434375,-0.24606957640540608
0,61.2612,3.4375,-0.24789400912314416
0,61.2612,3.4406250000000003,-0.2497404120976806
0,61.2612,3.44375,-0.25160911313082596
0,61.2612,3.4468750000000004,-0.2535004462379484
0,61.2612,3.45,-0.2554147517824188
0,61.2612,3.453125,-0.25735237661351257
0,61.2612,3.4562500000000003,-0.25931367420786583
0,61.2612,3.459375,-0.26129900481459467
0,61.2612,3.4625000000000004,-0.2633087356041873
0,61.2612,3.465625,-0.26534324082127747
0,61.2612,3.46875,-0.26740290194142435
0,61.2612,3.4718750000000003,-0.26948810783201116
0,61.2612,3.475,-0.27159925491739534
0,61.2612,3.4781250000000004,-0.2737367473484365
0,61.2612,3.48125,-0.2759009971765391
0,61.2612,3.484375,-0.2780924245323498
0,61.2612,3.4875000000000003,-0.2803114578092513
0,61.2612,3.490625,-0.28255853385180674
0,61.2612,3.4937500000000004,-0.28483409814931027
0,61.2612,3.496875,-0.2871386050346004
0,61.2612,3.5,-0.2894725178883117
0,61.2612,3.5031250000000003,-0.2918363093487289
0,61.2612,3.50625,-0.2942304615274317
0,61.2612,3.5093750000000004,-0.2966554662309154
0,61.2612,3.5125,-0.29911182518837304
0,61.2612,3.515625,-0.3016000502858551
0,61.2612,3.5187500000000003,-0.30412066380700076
0,61.2612,3.521875,-0.30667419868056445
0,61.2612,3.5250000000000004,-0.30926119873496366
0,61.2612,3.528125,-0.3118822189600748
0,61.2612,3.53125,-0.31453782577652406
0,61.2612,3.5343750000000003,-0.31722859731272396
0,61.2612,3.5375,-0.3199551236899091
0,61.2612,3.5406250000000004,-0.3227180073154541
0,61.2612,3.54375,-0.3255178631847397
0,61.2612,3.546875,-0.3283553191918699
0,61.2612,3.5500000000000003,-0.3312310164495336
0,61.2612,3.553125,-0.3341456096183274
0,61.2612,3.5562500000000004,-0.3370997672458674
0,61.2612,3.559375,-0.3400941721160211
0,61.2612,3.5625,-0.34312952160861376
0,61.2612,3.5656250000000003,-0.34620652806997027
0,61.2612,3.56875,-0.3493259191946672
0,61.2612,3.5718750000000004,-0.3524884384188925
0,61.2612,3.575,-0.35569484532580464
0,61.2612,3.578125,-0.35894591606332465
0,61.2612,3.5812500000000003,-0.3622424437747854
0,61.2612,3.584375,-0.3655852390428933
0,61.2612,3.5875000000000004,-0.3689751303474695
0,61.2612,3.590625,-0.3724129645374495
0,61.2612,3.59375,-0.37589960731765076
0,61.2612,3.5968750000000003,-0.37943594375081346
0,61.2612,3.6,-0.3830228787754623
0,61.2612,3.6031250000000004,-0.38666133774014017
0,61.2612,3.60625,-0.3903522669545815
0,61.2612,3.609375,-0.39409663425843044
0,61.2612,3.6125000000000003,-0.39789542960810237
0,61.2612,3.615625,-0.40174966568243176
0,61.2612,3.6187500000000004,-0.4056603785077581
0,61.2612,3.621875,-0.4096286281031154
0,61.2612,3.625,-0.41365549914623406
0,61.2612,3.6281250000000003,-0.4177421016610589
0,61.2612,3.63125,-0.42188957172752495
0,61.2612,3.6343750000000004,-0.4260990722143579
0,61.2612,3.6375,-0.4303717935356631
0,61.2612,3.640625,-0.43470895443212887
0,61.2612,3.6437500000000003,-0.43911180277764544
0,61.2612,3.646875,-0.44358161641220073
0,61.2612,3.6500000000000004,-0.44811970400192225
0,61.2612,3.653125,-0.4527274059271385
0,61.2612,3.65625,-0.45740609519939135
0,61.2612,3.6593750000000003,-0.462157178408314
0,61.2612,3.6625,-0.46698209669933066
0,61.2612,3.6656250000000004,-0.4718823267831557
0,61.2612,3.66875,-0.47685938197806704
0,61.2612,3.671875,-0.48191481328597924
0,61.2612,3.6750000000000003,-0.4870502105033252
0,61.2612,3.678125,-0.492267203367795
0,61.2612,3.6812500000000004,-0.49756746274199376
0,61.2612,3.684375,-0.5029527018350731
0,61.2612,3.6875,-0.5084246774634371
0,61.2612,3.6906250000000003,-0.5139851913516016
0,61.2612,3.69375,-0.5196360914743163
0,61.2612,3.6968750000000004,-0.5253792734410678
0,61.2612,3.7,-0.5312166819240658
0,61.2612,3.703125,-0.5371503121308536
0,61.2612,3.7062500000000003,-0.5431822113226521
0,61.2612,3.709375,-0.5493144803795714
0,61.2612,3.7125000000000004,-0.5555492754138254
0,61.2612,3.715625,-0.5618888094320458
0,61.2612,3.71875,-0.5683353540478514
0,61.2612,3.7218750000000003,-0.5748912412457563
0,61.2612,3.725,-0.581558865197535
0,61.2612,3.7281250000000004,-0.5883406841321513
0,61.2612,3.73125,-0.5952392222603222
0,61.2612,3.734375,-0.6022570717548118
0,61.2612,3.7375000000000003,-0.6093968947875097
0,61.2612,3.740625,-0.6166614256243523
0,61.2612,3.7437500000000004,-0.6240534727791492
0,61.2612,3.746875,-0.6315759212273075
0,61.2612,3.75,-0.6392317346805317
0,61.2612,3.7531250000000003,-0.6470239579234632
0,61.2612,3.75625,-0.6549557192132922
0,61.2612,3.7593750000000004,-0.6630302327433483
0,61.2612,3.7625,-0.6712508011716294
0,61.2612,3.765625,-0.6796208182153135
0,61.2612,3.7687500000000003,-0.6881437713121872
0,61.2612,3.771875,-0.696823244350014
0,61.2612,3.7750000000000004,-0.7056629204648285
0,61.2612,3.778125,-0.7146665849091104
0,61.2612,3.78125,-0.7238381279908438
0,61.2612,3.7843750000000003,-0.7331815480844014
0,61.2612,3.7875,-0.7427009547141847
0,61.2612,3.7906250000000004,-0.7524005717119314
0,61.2612,3.79375,-0.7622847404484892
0,61.2612,3.796875,-0.7723579231408294
0,61.2612,3.8000000000000003,-0.7826247062348688
0,61.2612,3.803125,-0.7930898038645534
0,61.2612,3.8062500000000004,-0.8037580613873915
0,61.2612,3.809375,-0.8146344589962722
0,61.2612,3.8125,-0.825724115407057
0,61.2612,3.8156250000000003,-0.8370322916208179
0,61.2612,3.81875,-0.8485643947589787
0,61.2612,3.8218750000000004,-0.8603259819687472
0,61.2612,3.825,-0.8723227643951509
0,61.2612,3.828125,-0.8845606112147664
0,61.2612,3.8312500000000003,-0.8970455537246113
0,61.2612,3.834375,-0.9097837894778298
0,61.2612,3.8375000000000004,-0.9227816864556084
0,61.2612,3.840625,-0.9360457872620427
0,61.2612,3.84375,-0.9495828133256967
0,61.2612,3.8468750000000003,-0.9633996690879398
0,61.2612,3.85,-0.9775034461540454
0,61.2612,3.8531250000000004,-0.99190142737833
0,61.2612,3.85625,-1.006601090849162
0,61.2612,3.859375,-1.0216101137336941
0,61.2612,3.8625000000000003,-1.0369363759353043
0,61.2612,3.865625,-1.0525879635091808
0,61.2612,3.8687500000000004,-1.0685731717731826
0,61.2612,3.871875,-1.0849005080418432
0,61.2612,3.875,-1.1015786939015149
0,61.2612,3.8781250000000003,-1.1186166669337325
0,61.2612,3.88125,-1.1360235817823374
0,61.2612,3.8843750000000004,-1.1538088104474986
0,61.2612,3.8875,-1.1719819416765402
0,61.2612,3.890625,-1.1905527793077488
0,61.2612,3.8937500000000003,-1.2095313394086844
0,61.2612,3.896875,-1.2289278460355009
0,61.2612,3.9000000000000004,-1.2487527254240958
0,61.2612,3.903125,-1.2690165984077666
0,61.2612,3.90625,-1.2897302708396174
0,61.2612,3.9093750000000003,-1.310904721781072
0,61.2612,3.9125,-1.332551089200788
0,61.2612,3.9156250000000004,-1.3546806529110764
0,61.2612,3.91875,-1.3773048144514313
0,61.2612,3.921875,-1.4004350736115974
0,61.2612,3.9250000000000003,-1.4240830012690218
0,61.2612,3.928125,-1.448260208198517
0,61.2612,3.9312500000000004,-1.4729783094949898
0,61.2612,3.934375,-1.498248884233408
0,61.2612,3.9375,-1.5240834299744526
0,61.2612,3.9406250000000003,-1.5504933117089272
0,61.2612,3.94375,-1.5774897048201348
0,61.2612,3.9468750000000004,-1.6050835316309153
0,61.2612,3.95,-1.633285391091442
0,61.2612,3.953125,-1.6621054811562477
0,61.2612,3.9562500000000003,-1.691553513394188
0,61.2612,3.959375,-1.721638619375037
0,61.2612,3.9625000000000004,-1.7523692483814644
0,61.2612,3.965625,-1.783753056006693
0,61.2612,3.96875,-1.81579678321798
0,61.2612,3.9718750000000003,-1.8485061254950417
0,61.2612,3.975,-1.881885591693328
0,61.2612,3.9781250000000004,-1.9159383523358533
0,61.2612,3.98125,-1.9506660771066124
0,61.2612,3.984375,-1.986068761405813
0,61.2612,3.9875000000000003,-2.0221445419340727
0,61.2612,3.990625,-2.0588895014024624
0,61.2612,3.9937500000000004,-2.0962974626197055
0,61.2612,3.996875,-2.1343597723892795
0,61.2612,4.0,-2.1730650758603645
0,61.2612,4.003125000000001,-2.2123990822183157
0,61.2612,4.00625,-2.2523443228751545
0,61.2612,4.009375,-2.292879903628784
0,61.2612,4.0125,-2.3339812526005925
0,61.2612,4.015625,-2.3756198661366854
0,61.2612,4.018750000000001,-2.417763055262145
0,61.2612,4.021875,-2.4603736957115863
0,61.2612,4.025,-2.503409985015248
0,61.2612,4.028125,-2.5468252105916007
0,61.2612,4.03125,-2.590567533278994
0,61.2612,4.034375000000001,-2.6345797912150664
0,61.2612,4.0375,-2.678799329434861
0,61.2612,4.040625,-2.7231578609880915
0,61.2612,4.04375,-2.7675813657550745
0,61.2612,4.046875,-2.8119900334504466
0,61.2612,4.050000000000001,-2.8562982575171416
0,61.2612,4.053125,-2.900414686708439
0,61.2612,4.05625,-2.944242341104207
0,61.2612,4.059375,-2.9876787990809017
0,61.2612,4.0625,-3.0306164613290334
0,61.2612,4.065625000000001,-3.072942897357264
0,61.2612,4.06875,-3.1145412790214553
0,61.2612,4.071875,-3.1552909044512947
0,61.2612,4.075,-3.195067814308324
0,61.2612,4.078125,-3.2337455006013767
0,61.2612,4.081250000000001,-3.2711957063188044
0,61.2612,4.084375,-3.3072893119432796
0,61.2612,4.0875,-3.3418973025356062
0,61.2612,4.090625,-3.374891806568598
0,61.2612,4.09375,-3.4061471951380113
0,61.2612,4.096875000000001,-3.4355412276610533
0,61.2612,4.1,-3.462956227797928
0,61.2612,4.103125,-3.488280271204599
0,61.2612,4.10625,-3.5114083649557597
0,61.2612,4.109375,-3.5322435971733017
0,61.2612,4.112500000000001,-3.5506982346503935
0,61.2612,4.115625,-3.5666947461546963
0,61.2612,4.11875,-3.580166729678443
0,61.2612,4.121875,-3.5910597232028225
0,61.2612,4.125,-3.599331880551853
0,61.2612,4.128125000000001,-3.6049544965814815
0,61.2612,4.13125,-3.607912369207184
0,61.2612,4.134375,-3.6082039895070444
0,61.2612,4.1375,-3.605841555212384
0,61.2612,4.140625,-3.6008508071594068
0,61.2612,4.143750000000001,-3.5932706925574194
0,61.2612,4.146875,-3.58315286306521
0,61.2612,4.15,-3.570561019498726
0,61.2612,4.153125,-3.5555701183787356
0,61.2612,4.15625,-3.538265458349515
0,61.2612,4.159375000000001,-3.5187416666728066
0,61.2612,4.1625,-3.497101607471672
0,61.2612,4.165625,-3.473455234148735
0,61.2612,4.16875,-3.447918408448529
0,61.2612,4.171875,-3.420611708019031
0,61.2612,4.175000000000001,-3.3916592431263415
0,61.2612,4.178125,-3.361187501478182
0,61.2612,4.18125,-3.3293242380214005
0,61.2612,4.184375,-3.2961974242071284
0,61.2612,4.1875,-3.261934268672811
0,61.2612,4.190625000000001,-3.226660318681283
0,61.2612,4.19375,-3.1904986490755425
0,61.2612,4.196875,-3.153569143037509
0,61.2612,4.2,-3.115987866646859
0,61.2612,4.203125,-3.077866537170265
0,61.2612,4.206250000000001,-3.039312083209942
0,61.2612,4.209375,-3.000426293319234
0,61.2612,4.2125,-2.9613055484598134
0,61.2612,4.215625,-2.9220406327242743
0,61.2612,4.21875,-2.882716616061865
0,61.2612,4.221875000000001,-2.8434128023054783
0,61.2612,4.225,-2.804202735573798
0,61.2612,4.228125,-2.7651542580862296
0,61.2612,4.23125,-2.726329612548689
0,61.2612,4.234375,-2.6877855825127814
0,61.2612,4.237500000000001,-2.649573664453659
0,61.2612,4.240625,-2.6117402657227924
0,61.2612,4.24375,-2.5743269229890253
0,61.2612,4.246875,-2.5373705362645893
0,61.2612,4.25,-2.500903614102294
0,61.2612,4.253125000000001,-2.4649545260360486
0,61.2612,4.25625,-2.4295477588047674
0,61.2612,4.259375,-2.3947041733441075
0,61.2612,4.2625,-2.360441259945907
0,61.2612,4.265625,-2.3267733893668616
0,61.2612,4.268750000000001,-2.2937120580178396
0,61.2612,4.271875,-2.261266125680066
0,61.2612,4.275,-2.22944204447801
0,61.2612,4.278125,-2.1982440780926664
0,61.2612,4.28125,-2.167674510424083
0,61.2612,4.284375000000001,-2.137733843113939
0,61.2612,4.2875,-2.108420981517619
0,61.2612,4.290625,-2.0797334088748003
0,61.2612,4.29375,-2.0516673485702324
0,61.2612,4.296875,-2.0242179145025263
0,61.2612,4.300000000000001,-1.997379249692264
0,61.2612,4.303125,-1.9711446533601915
0,61.2612,4.30625,-1.9455066967939831
0,61.2612,4.309375,-1.9204573283984
0,61.2612,4.3125,-1.89598796838728
0,61.2612,4.315625000000001,-1.8720895936294695
0,61.2612,4.31875,-1.848752813201886
0,61.2612,4.321875,-1.8259679352332576
0,61.2612,4.325,-1.80372502564185
0,61.2612,4.328125,-1.7820139593787911
0,61.2612,4.331250000000001,-1.7608244647882874
0,61.2612,4.334375,-1.740146161685858
0,61.2612,4.3375,-1.7199685937381124
0,61.2612,4.340625,-1.7002812557038571
0,61.2612,4.34375,-1.681073616066615
0,61.2612,4.346875000000001,-1.6623351355566796
0,61.2612,4.35,-1.6440552820259928
0,61.2612,4.353125,-1.6262235421044955
0,61.2612,4.35625,-1.6088294300334385
0,61.2612,4.359375,-1.591862494039992
0,61.2612,4.362500000000001,-1.5753123205911421
0,61.2612,4.365625,-1.5591685368428354
0,61.2612,4.36875,-1.543420811584459
0,61.2612,4.371875,-1.5280588549694936
0,61.2612,4.375,-1.5130724173199213
0,61.2612,4.378125000000001,-1.4984512872962052
0,61.2612,4.38125,-1.4841852897344208
0,61.2612,4.384375,-1.470264283467504
0,61.2612,4.3875,-1.4566781594675031
0,61.2612,4.390625,-1.4434168396674913
0,61.2612,4.393750000000001,-1.430470276844912
0,61.2612,4.396875,-1.417828455968529
0,61.2612,4.4,-1.4054813974268647
0,61.2612,4.403125,-1.3934191625635912
0,61.2612,4.40625,-1.3816318619405576
0,61.2612,4.409375000000001,-1.3701096667294619
0,61.2612,4.4125,-1.358842823593889
0,61.2612,4.415625,-1.3478216733620545
0,61.2612,4.41875,-1.3370366737045987
0,61.2612,4.421875,-1.3264784259191058
0,61.2612,4.425000000000001,-1.3161377057848587
0,61.2612,4.428125,-1.3060054982885605
0,61.2612,4.43125,-1.2960730358390682
0,61.2612,4.434375,-1.2863318393933445
0,61.2612,4.4375,-1.276773761714926
0,61.2612,4.440625000000001,-1.2673910317926054
0,61.2612,4.44375,-1.2581762992725363
0,61.2612,4.446875,-1.2491226776159166
0,61.2612,4.45,-1.2402237846004784
0,61.2612,4.453125,-1.231473778748622
0,61.2612,4.456250000000001,-1.2228673902984908
0,61.2612,4.459375,-1.2143999454406373
0,61.2612,4.4625,-1.206067382722918
0,61.2612,4.465625,-1.19786626077379
0,61.2612,4.46875,-1.1897937567973487
0,61.2612,4.471875000000001,-1.1818476556362303
0,61.2612,4.475,-1.1740263295595361
0,61.2612,4.478125,-1.1663287092899064
0,61.2612,4.48125,-1.1587542471142545
0,61.2612,4.484375,-1.1513028732052302
0,61.2612,4.487500000000001,-1.1439749464995772
0,61.2612,4.490625,-1.1367712016231735
0,61.2612,4.49375,-1.129692693416387
0,61.2612,4.496875,-1.1227407405986503
0,61.2612,4.5,-1.115916870024559
0,61.2612,4.503125000000001,-1.1092227628375497
0,61.2612,4.50625,-1.102660203635197
0,61.2612,4.509375,-1.0962310335389494
0,61.2612,4.5125,-1.0899371078265634
0,61.2612,4.515625,-1.0837802585518639
0,61.2612,4.518750000000001,-1.0777622623566714
0,61.2612,4.521875,-1.0718848134825127
0,61.2612,4.525,-1.0661495018218776
0,61.2612,4.528125,-1.0605577957135341
0,61.2612,4.53125,-1.0551110290843637
0,61.2612,4.534375000000001,-1.0498103924703819
0,61.2612,4.5375,-1.0446569274087196
0,61.2612,4.540625,-1.0396515236768213
0,61.2612,4.54375,-1.0347949188604153
0,61.2612,4.546875,-1.0300876997533261
0,61.2612,4.550000000000001,-1.025530305125867
0,61.2612,4.553125,-1.0211230294402904
0,61.2612,4.55625,-1.0168660271382568
0,61.2612,4.559375,-1.0127593171740683
0,61.2612,4.5625,-1.0088027875158734
0,61.2612,4.565625000000001,-1.0049961993842123
0,61.2612,4.56875,-1.00133919104159
0,61.2612,4.571875,-0.9978312809878815
0,61.2612,4.575,-0.9944718704539409
0,61.2612,4.578125,-0.9912602451196543
0,61.2612,4.581250000000001,-0.9881955760131969
0,61.2612,4.584375,-0.9852769195755517
0,61.2612,4.5875,-0.9825032168988495
0,61.2612,4.590625,-0.9798732921692858
0,61.2612,4.59375,-0.9773858503654472
0,61.2612,4.596875000000001,-0.9750394742814888
0,61.2612,4.6,-0.9728326209618519
0,61.2612,4.603125,-0.9707636176504337
0,61.2612,4.60625,-0.9688306573726221
0,61.2612,4.609375,-0.9670317942831957
0,61.2612,4.612500000000001,-0.9653649389271597
0,61.2612,4.615625,-0.9638278535736547
0,61.2612,4.61875,-0.9624181477952622
0,61.2612,4.621875,-0.9611332744758315
0,61.2612,4.625,-0.9599705264391261
0,61.2612,4.628125000000001,-0.9589270338975862
0,61.2612,4.63125,-0.9579997629248613
0,61.2612,4.634375,-0.9571855151568633
0,61.2612,4.6375,-0.9564809289233992
0,61.2612,4.640625,-0.9558824820053519
0,61.2612,4.643750000000001,-0.9553864962003953
0,61.2612,4.646875,-0.9549891438629754
0,61.2612,4.65,-0.9546864565614384
0,61.2612,4.653125,-0.9544743359667501
0,61.2612,4.65625,-0.9543485670532552
0,61.2612,4.659375000000001,-0.9543048336529008
0,61.2612,4.6625,-0.9543387363608364
0,61.2612,4.665625,-0.9544458127432573
0,61.2612,4.66875,-0.9546215597489688
0,61.2612,4.671875,-0.9548614581756475
0,61.2612,4.675000000000001,-0.955160998991693
0,61.2612,4.678125,-0.9555157112663212
0,61.2612,4.68125,-0.9559211914155833
0,61.2612,4.684375,-0.9563731334315161
0,61.2612,4.6875,-0.9568673597267379
0,61.2612,4.690625000000001,-0.9573998521980195
0,61.2612,4.69375,-0.9579667830902556
0,61.2612,4.696875,-0.9585645452266567
0,61.2612,4.7,-0.9591897811616469
0,61.2612,4.703125,-0.9598394108094956
0,61.2612,4.706250000000001,-0.9605106571032888
0,61.2612,4.709375,-0.9612010692451451
0,61.2612,4.7125,-0.9619085431189598
0,61.2612,4.715625,-0.9626313384513293
0,61.2612,4.71875,-0.9633680923247754
0,61.2612,4.721875000000001,-0.9641178286703439
0,61.2612,4.725,-0.9648799633947975
0,61.2612,4.728125,-0.9656543048318181
0,61.2612,4.73125,-0.9664410492476081
0,61.2612,4.734375,-0.9672407711798048
0,61.2612,4.737500000000001,-0.9680544084448761
0,61.2612,4.740625,-0.9688832417130122
0,61.2612,4.74375,-0.9697288686202505
0,61.2612,4.746875,-0.9705931724637388
0,61.2612,4.75,-0.9714782856059391
0,61.2612,4.753125000000001,-0.9723865477948572
0,61.2612,4.75625,-0.9733204596877736
0,61.2612,4.759375,-0.9742826319429886
0,61.2612,4.7625,-0.9752757303157277
0,61.2612,4.765625,-0.976302417258967
0,61.2612,4.768750000000001,-0.9773652905864709
0,61.2612,4.771875,-0.9784668198035361
0,61.2612,4.775,-0.9796092807511917
0,61.2612,4.778125,-0.9807946892430431
0,61.2612,4.78125,-0.9820247344021447
0,61.2612,4.784375000000001,-0.983300712430221
0,61.2612,4.7875,-0.9846234615653184
0,61.2612,4.790625,-0.9859932990084249
0,61.2612,4.79375,-0.9874099606262429
0,61.2612,4.796875,-0.988872544266964
0,61.2612,4.800000000000001,-0.9903794575583074
0,61.2612,4.803125,-0.9919283710910308
0,61.2612,4.80625,-0.9935161779239383
0,61.2612,4.809375,-0.9951389603739936
0,61.2612,4.8125,-0.9967919650724757
0,61.2612,4.815625000000001,-0.9984695872683136
0,61.2612,4.81875,-1.000165365335948
0,61.2612,4.821875,-1.001871986389448
0,61.2612,4.825,-1.0035813038100896
0,61.2612,4.828125,-1.0052843673552487
0,61.2612,4.831250000000001,-1.0069714663283333
0,61.2612,4.834375,-1.008632186051951
0,61.2612,4.8375,-1.0102554776026345
0,61.2612,4.840625,-1.0118297404428098
0,61.2612,4.84375,-1.0133429172365886
0,61.2612,4.846875000000001,-1.014782599776604
0,61.2612,4.85,-1.0161361445994042
0,61.2612,4.853125,-1.0173907965479165
0,61.2612,4.85625,-1.0185338182722783
0,61.2612,4.859375,-1.0195526234631016
0,61.2612,4.862500000000001,-1.0204349114971696
0,61.2612,4.865625,-1.021168801151451
0,61.2612,4.86875,-1.0217429611058875
0,61.2612,4.871875,-1.0221467350998201
0,61.2612,4.875,-1.0223702598156315
0,61.2612,4.878125000000001,-1.022404573815754
0,61.2612,4.88125,-1.0222417161334192
0,61.2612,4.884375,-1.0218748133916984
0,61.2612,4.8875,-1.0212981545815605
0,61.2612,4.890625,-1.0205072528552042
0,61.2612,4.893750000000001,-1.0194988938798102
0,61.2612,4.896875,-1.0182711704495158
0,61.2612,4.9,-1.016823503176054
0,61.2612,4.903125,-1.015156647181
0,61.2612,4.90625,-1.0132726848069233
0,61.2612,4.909375000000001,-1.011175004462463
0,61.2612,4.9125,-1.0088682658271417
0,61.2612,4.915625,-1.006358351771678
0,61.2612,4.91875,-1.0036523075009278
0,61.2612,4.921875,-1.0007582675971467
0,61.2612,4.925000000000001,-0.99768537182541
0,61.2612,4.928125,-0.9944436707518934
0,61.2612,4.93125,-0.9910440224088337
0,61.2612,4.934375,-0.9874979814063025
0,61.2612,4.9375,-0.9838176820295237
0,61.2612,4.940625000000001,-0.9800157169625819
0,61.2612,4.94375,-0.9761050133377575
0,61.2612,4.946875,-0.9720987078205588
0,61.2612,4.95,-0.9680100224027725
0,61.2612,4.953125,-0.9638521424911518
0,61.2612,4.956250000000001,-0.9596380987529103
0,61.2612,4.959375,-0.9553806540173259
0,61.2612,4.9625,-0.9510921963444641
0,61.2612,4.965625,-0.9467846391667633
0,61.2612,4.96875,-0.942469329196616
0,61.2612,4.971875000000001,-0.9381569625831322
0,61.2612,4.975,-0.9338575096021231
0,61.2612,4.978125,-0.9295801479828028
0,61.2612,4.98125,-0.9253332048184205
0,61.2612,4.984375,-0.9211241068800095
0,61.2612,4.987500000000001,-0.9169593390553388
0,61.2612,4.990625,-0.9128444105694448
0,61.2612,4.99375,-0.9087838286081521
0,61.2612,4.996875,-0.9047810789599021
0,61.2612,5.0,-0.9008386133105977
0,61.2612,5.003125,-0.8969578428676644
0,61.2612,5.0062500000000005,-0.8931391380482816
0,61.2612,5.009375,-0.8893818340382819
0,61.2612,5.0125,-0.8856842421073678
0,61.2612,5.015625,-0.8820436666481974
0,61.2612,5.01875,-0.8784564279862765
0,61.2612,5.0218750000000005,-0.8749178910798842
0,61.2612,5.025,-0.8714225002895798
0,61.2612,5.028125,-0.8679638204409885
0,61.2612,5.03125,-0.8645345844285669
0,61.2612,5.034375,-0.8611267476084513
0,61.2612,5.0375000000000005,-0.8577315492025397
0,61.2612,5.040625,-0.8543395808815817
0,61.2612,5.04375,-0.8509408626111193
0,61.2612,5.046875,-0.8475249257306695
0,61.2612,5.05,-0.8440809030946216
0,61.2612,5.0531250000000005,-0.8405976259356488
0,61.2612,5.05625,-0.8370637269218504
0,61.2612,5.059375,-0.8334677486729685
0,61.2612,5.0625,-0.8297982567856722
0,61.2612,5.065625,-0.826043956201433
0,61.2612,5.0687500000000005,-0.8221938095420801
0,61.2612,5.071875,-0.8182371558479842
0,61.2612,5.075,-0.8141638279920296
0,61.2612,5.078125,-0.8099642669194529
0,61.2612,5.08125,-0.8056296307882614
0,61.2612,5.0843750000000005,-0.8011518970652648
0,61.2612,5.0875,-0.7965239556744474
0,61.2612,5.090625,-0.7917396914006627
0,61.2612,5.09375,-0.7867940539227836
0,61.2612,5.096875,-0.7816831140833583
0,61.2612,5.1000000000000005,-0.7764041052903786
0,61.2612,5.103125,-0.7709554492814874
0,61.2612,5.10625,-0.7653367658497402
0,61.2612,5.109375,-0.7595488665185499
0,61.2612,5.1125,-0.7535937325458691
0,61.2612,5.1156250000000005,-0.7474744780176379
0,61.2612,5.11875,-0.7411952991420381
0,61.2612,5.121875,-0.7347614111642042
0,61.2612,5.125,-0.7281789745733521
0,61.2612,5.128125,-0.7214550124607528
0,61.2612,5.1312500000000005,-0.7145973210016258
0,61.2612,5.134375,-0.7076143750743973
0,61.2612,5.1375,-0.7005152309985413
0,61.2612,5.140625,-0.6933094282732765
0,61.2612,5.14375,-0.6860068920426575
0,61.2612,5.1468750000000005,-0.6786178378105585
0,61.2612,5.15,-0.6711526796957235
0,61.2612,5.153125,-0.6636219432677105
0,61.2612,5.15625,-0.656036183754408
0,61.2612,5.159375,-0.6484059101743028
0,61.2612,5.1625000000000005,-0.6407415157335348
0,61.2612,5.165625,-0.6330532146469219
0,61.2612,5.16875,-0.625350985398187
0,61.2612,5.171875,-0.6176445203483785
0,61.2612,5.175,-0.6099431815300755
0,61.2612,5.1781250000000005,-0.6022559624231562
0,61.2612,5.18125,-0.5945914554883555
0,61.2612,5.184375,-0.586957825229546
0,61.2612,5.1875,-0.5793627865572236
0,61.2612,5.190625,-0.5718135882273722
0,61.2612,5.1937500000000005,-0.564317001127388
0,61.2612,5.196875,-0.5568793111713455
0,61.2612,5.2,-0.549506316550062
0,61.2612,5.203125,-0.5422033290584901
0,61.2612,5.20625,-0.5349751791960012
0,61.2612,5.2093750000000005,-0.5278262247074212
0,61.2612,5.2125,-0.5207603622071592
0,61.2612,5.215625,-0.513781041508222
0,61.2612,5.21875,-0.5068912822645575
0,61.2612,5.221875,-0.500093692530104
0,61.2612,5.2250000000000005,-0.4933904888418459
0,61.2612,5.228125,-0.48678351744662585
0,61.2612,5.23125,-0.48027427631156505
0,61.2612,5.234375,-0.47386393758449924
0,61.2612,5.2375,-0.4675533702020616
0,61.2612,5.2406250000000005,-0.4613431623775213
0,61.2612,5.24375,-0.45523364373652897
0,61.2612,5.246875,-0.4492249069051264
0,61.2612,5.25,-0.44331682838969666
0,61.2612,5.253125,-0.43750908862182675
0,61.2612,5.2562500000000005,-0.4318011910718634
0,61.2612,5.259375,-0.42619248036272117
0,61.2612,5.2625,-0.4206821593399741
0,61.2612,5.265625,-0.41526930507554854
0,61.2612,5.26875,-0.40995288380024686
0,61.2612,5.2718750000000005,-0.40473176477527323
0,61.2612,5.275,-0.3996047331250157
0,61.2612,5.278125,-0.3945705016628177
0,61.2612,5.28125,-0.38962772174878746
0,61.2612,5.284375,-0.38477499322391945
0,61.2612,5.2875000000000005,-0.38001087346844975
0,61.2612,5.290625,-0.37533388563454195
0,61.2612,5.29375,-0.3707425261044165
0,61.2612,5.296875,-0.3662352712251539
0,61.2612,5.3,-0.3618105833706786
0,61.2612,5.3031250000000005,-0.35746691638020933
0,61.2612,5.30625,-0.35320272042075784
0,61.2612,5.309375,-0.3490164463192071
0,61.2612,5.3125,-0.34490654940731424
0,61.2612,5.315625,-0.34087149292055646
0,61.2612,5.3187500000000005,-0.33690975098931414
0,61.2612,5.321875,-0.3330198112584211
0,61.2612,5.325,-0.32920017716864386
0,61.2612,5.328125,-0.3254493699312991
0,61.2612,5.33125,-0.3217659302248784
0,61.2612,5.3343750000000005,-0.31814841964034557
0,61.2612,5.3375,-0.3145954218996716
0,61.2612,5.340625,-0.31110554387015926
0,61.2612,5.34375,-0.30767741639526325
0,61.2612,5.346875,-0.3043096949608302
0,61.2612,5.3500000000000005,-0.3010010602140556
0,61.2612,5.353125,-0.2977502183509426
0,61.2612,5.35625,-0.294555901386611
0,61.2612,5.359375,-0.29141686732153227
0,61.2612,5.3625,-0.2883319002155445
0,61.2612,5.3656250000000005,-0.2852998101803976
0,61.2612,5.36875,-0.28231943330057596
0,61.2612,5.371875,-0.27938963149119067
0,61.2612,5.375,-0.2765092923009177
0,61.2612,5.378125,-0.2736773286671435
0,61.2612,5.3812500000000005,-0.27089267862979194
0,61.2612,5.384375,-0.2681543050096537
0,61.2612,5.3875,-0.26546119505644017
0,61.2612,5.390625,-0.26281236007126635
0,61.2612,5.39375,-0.2602068350077615
0,61.2612,5.3968750000000005,-0.2576436780555719
0,61.2612,5.4,-0.2551219702096241
0,61.2612,5.403125,-0.25264081482813455
0,61.2612,5.40625,-0.2501993371820514
0,61.2612,5.409375,-0.2477966839982868
0,61.2612,5.4125000000000005,-0.24543202299884792
0,61.2612,5.415625,-0.2431045424377252
0,61.2612,5.41875,-0.24081345063717152
0,61.2612,5.421875,-0.2385579755248222
0,61.2612,5.425,-0.2363373641729117
0,61.2612,5.4281250000000005,-0.2341508823406906
0,61.2612,5.43125,-0.2319978140210043
0,61.2612,5.434375,-0.22987746099185158
0,61.2612,5.4375,-0.22778914237364678
0,61.2612,5.440625,-0.22573219419278334
0,61.2612,5.4437500000000005,-0.2237059689520131
0,61.2612,5.446875,-0.22170983520807674
0,61.2612,5.45,-0.21974317715692776
0,61.2612,5.453125,-0.21780539422685263
0,61.2612,5.45625,-0.21589590067970385
0,61.2612,5.4593750000000005,-0.21401412522042673
0,61.2612,5.4625,-0.21215951061500948
0,61.2612,5.465625,-0.2103315133169366
0,61.2612,5.46875,-0.20852960310220559
0,61.2612,5.471875,-0.20675326271291827
0,61.2612,5.4750000000000005,-0.2050019875094381
0,61.2612,5.478125,-0.2032752851310796
0,61.2612,5.48125,-0.20157267516526786
0,61.2612,5.484375,-0.1998936888250993
0,61.2612,5.4875,-0.1982378686352059
0,61.2612,5.4906250000000005,-0.19660476812581743
0,61.2612,5.49375,-0.1949939515349082
0,61.2612,5.496875,-0.19340499351828944
0,61.2612,5.5,-0.1918374788675234
0,61.2612,5.503125,-0.19029100223550538
0,61.2612,5.5062500000000005,-0.1887651678695683
0,61.2612,5.509375,-0.18725958935195744
0,61.2612,5.5125,-0.1857738893475112
0,61.2612,5.515625,-0.18430769935839575
0,61.2612,5.51875,-0.18286065948572827
0,61.2612,5.5218750000000005,-0.18143241819792238
0,61.2612,5.525,-0.1800226321056021
0,61.2612,5.528125,-0.17863096574290835
0,61.2612,5.53125,-0.1772570913550486
0,61.2612,5.534375,-0.17590068869191938
0,61.2612,5.5375000000000005,-0.174561444807645
0,61.2612,5.540625,-0.17323905386587754
0,61.2612,5.54375,-0.1719332169506945
0,61.2612,5.546875,-0.17064364188294878
0,61.2612,5.55,-0.16937004304191539
0,61.2612,5.5531250000000005,-0.168112141192086
0,61.2612,5.55625,-0.16686966331496964
0,61.2612,5.559375,-0.16564234244575066
0,61.2612,5.5625,-0.16442991751467056
0,61.2612,5.565625,-0.16323213319299235
0,61.2612,5.5687500000000005,-0.16204873974341677
0,61.2612,5.571875,-0.16087949287481826
0,61.2612,5.575,-0.15972415360117304
0,61.2612,5.578125,-0.15858248810455747
0,61.2612,5.58125,-0.15745426760209374
0,61.2612,5.5843750000000005,-0.15633926821672503
0,61.2612,5.5875,-0.1552372708517091
0,61.2612,5.590625,-0.15414806106871035
0,61.2612,5.59375,-0.15307142896939363
0,61.2612,5.596875,-0.15200716908040368
0,61.2612,5.6000000000000005,-0.15095508024163412
0,61.2612,5.603125,-0.14991496549768507
0,61.2612,5.60625,-0.14888663199240998
0,61.2612,5.609375,-0.14786989086646196
0,61.2612,5.6125,-0.14686455715774593
0,61.2612,5.6156250000000005,-0.14587044970468913
0,61.2612,5.61875,-0.14488739105224469
0,61.2612,5.621875,-0.14391520736054209
0,61.2612,5.625,-0.1429537283161097
0,61.2612,5.628125,-0.14200278704558505
0,61.2612,5.6312500000000005,-0.14106222003184152
0,61.2612,5.634375,-0.14013186703245642
0,61.2612,5.6375,-0.1392115710004472
0,61.2612,5.640625,-0.13830117800721134
0,61.2612,5.64375,-0.13740053716759928
0,61.2612,5.6468750000000005,-0.13650950056705757
0,61.2612,5.65,-0.13562792319077946
0,61.2612,5.653125,-0.1347556628547996
0,61.2612,5.65625,-0.13389258013897892
0,61.2612,5.659375,-0.13303853832181892
0,61.2612,5.6625000000000005,-0.13219340331705048
0,61.2612,5.665625,-0.13135704361194633
0,61.2612,5.66875,-0.13052933020730162
0,61.2612,5.671875,-0.12971013655903643
0,61.2612,5.675,-0.12889933852136873
0,61.2612,5.6781250000000005,-0.12809681429151226
0,61.2612,5.68125,-0.12730244435585472
0,61.2612,5.684375,-0.1265161114375685
0,61.2612,5.6875,-0.12573770044561605
0,61.2612,5.690625,-0.12496709842510603
0,61.2612,5.6937500000000005,-0.1242041945089601
0,61.2612,5.696875,-0.12344887987085339
0,61.2612,5.7,-0.12270104767938766
0,61.2612,5.703125,-0.12196059305346653
0,61.2612,5.70625,-0.12122741301883125
0,61.2612,5.7093750000000005,-0.120501406465728
0,61.2612,5.7125,-0.1197824741076716
0,61.2612,5.715625,-0.11907051844127232
0,61.2612,5.71875,-0.11836544370709873
0,61.2612,5.721875,-0.11766715585154287
0,61.2612,5.7250000000000005,-0.11697556248966086
0,61.2612,5.728125,-0.11629057286896073
0,61.2612,5.73125,-0.11561209783410839
0,61.2612,5.734375,-0.1149400497925285
0,61.2612,5.7375,-0.11427434268087204
0,61.2612,5.7406250000000005,-0.11361489193232681
0,61.2612,5.74375,-0.11296161444474836
0,61.2612,5.746875,-0.1123144285495842
0,61.2612,5.75,-0.11167325398157354
0,61.2612,5.753125,-0.11103801184919761
0,61.2612,5.7562500000000005,-0.11040862460585998
0,61.2612,5.759375,-0.10978501602177872
0,61.2612,5.7625,-0.1091671111565652
0,61.2612,5.765625,-0.10855483633247731
0,61.2612,5.76875,-0.10794811910832247
0,61.2612,5.7718750000000005,-0.10734688825399605
0,61.2612,5.775,-0.10675107372563614
0,61.2612,5.778125,-0.10616060664137719
0,61.2612,5.78125,-0.1055754192576879
0,61.2612,5.784375,-0.1049954449462757
0,61.2612,5.7875000000000005,-0.10442061817154309
0,61.2612,5.790625,-0.10385087446858127
0,61.2612,5.79375,-0.1032861504216844
0,61.2612,5.796875,-0.10272638364337333
0,61.2612,5.800000000000001,-0.10217151275391319
0,61.2612,5.8031250000000005,-0.1016214773613123
0,61.2612,5.80625,-0.10107621804178787
0,61.2612,5.809375,-0.10053567632068944
0,61.2612,5.8125,-0.09999979465386397
0,61.2612,5.815625000000001,-0.09946851640945349
0,61.2612,5.8187500000000005,-0.09894178585011369
0,61.2612,5.821875,-0.09841954811563951
0,61.2612,5.825,-0.09790174920599146
0,61.2612,5.828125,-0.09738833596470876
0,61.2612,5.831250000000001,-0.09687925606270015
0,61.2612,5.8343750000000005,-0.0963744579824037
0,61.2612,5.8375,-0.09587389100230348
0,61.2612,5.840625,-0.09537750518179638
0,61.2612,5.84375,-0.09488525134639911
0,61.2612,5.846875000000001,-0.0943970810732856
0,61.2612,5.8500000000000005,-0.09391294667714847
0,61.2612,5.853125,-0.09343280119637393
0,61.2612,5.85625,-0.09295659837952333
0,61.2612,5.859375,-0.09248429267211457
0,61.2612,5.862500000000001,-0.09201583920369312
0,61.2612,5.8656250000000005,-0.09155119377518839
0,61.2612,5.86875,-0.09109031284654481
0,61.2612,5.871875,-0.09063315352462468
0,61.2612,5.875,-0.0901796735513725
0,61.2612,5.878125000000001,-0.0897298312922361
0,61.2612,5.8812500000000005,-0.08928358572483841
0,61.2612,5.884375,-0.08884089642789161
0,61.2612,5.8875,-0.08840172357035037
0,61.2612,5.890625,-0.08796602790079634
0,61.2612,5.893750000000001,-0.08753377073704872
0,61.2612,5.8968750000000005,-0.08710491395599654
0,61.2612,5.9,-0.08667941998364405
0,61.2612,5.903125,-0.0862572517853687
0,61.2612,5.90625,-0.08583837285638199
0,61.2612,5.909375000000001,-0.08542274721239122
0,61.2612,5.9125000000000005,-0.08501033938045677
0,61.2612,5.915625,-0.08460111439003846
0,61.2612,5.91875,-0.08419503776422907
0,61.2612,5.921875,-0.08379207551116863
0,61.2612,5.925000000000001,-0.08339219411563581
0,61.2612,5.9281250000000005,-0.08299536053081316
0,61.2612,5.93125,-0.08260154217021917
0,61.2612,5.934375,-0.08221070689980721
0,61.2612,5.9375,-0.08182282303022395
0,61.2612,5.940625000000001,-0.08143785930922581
0,61.2612,5.9437500000000005,-0.0810557849142487
0,61.2612,5.946875,-0.08067656944512691
0,61.2612,5.95,-0.08030018291695953
0,61.2612,5.953125,-0.07992659575311914
0,61.2612,5.956250000000001,-0.07955577877840013
0,61.2612,5.9593750000000005,-0.07918770321230453
0,61.2612,5.9625,-0.07882234066245972
0,61.2612,5.965625,-0.07845966311816716
0,61.2612,5.96875,-0.07809964294407888
0,61.2612,5.971875000000001,-0.07774225287399739
0,61.2612,5.9750000000000005,-0.07738746600479826
0,61.2612,5.978125,-0.07703525579047038
0,61.2612,5.98125,-0.07668559603627328
0,61.2612,5.984375,-0.07633846089300755
0,61.2612,5.987500000000001,-0.07599382485139648
0,61.2612,5.9906250000000005,-0.07565166273657621
0,61.2612,5.99375,-0.07531194970269152
0,61.2612,5.996875,-0.07497466122759584
0,61.2612,6.0,-0.07463977310765266
