"Current","Field","Frequency","Spectra"
0,48.3599,1.0,-0.022082996689186955
0,48.3599,1.003125,-0.02215686884038638
0,48.3599,1.00625,-0.02223123122944436
0,48.3599,1.009375,-0.02230608899744562
0,48.3599,1.0125,-0.02238144735807934
0,48.3599,1.015625,-0.022457311598903705
0,48.3599,1.01875,-0.02253368708263634
0,48.3599,1.021875,-0.022610579248471287
0,48.3599,1.025,-0.022687993613423156
0,48.3599,1.028125,-0.022765935773698974
0,48.3599,1.03125,-0.02284441140609848
0,48.3599,1.034375,-0.022923426269443603
0,48.3599,1.0375,-0.023002986206037645
0,48.3599,1.040625,-0.02308309714315499
0,48.3599,1.04375,-0.023163765094562083
0,48.3599,1.046875,-0.02324499616207032
0,48.3599,1.05,-0.023326796537121778
0,48.3599,1.053125,-0.02340917250240842
0,48.3599,1.05625,-0.02349213043352561
0,48.3599,1.059375,-0.023575676800660937
0,48.3599,1.0625,-0.02365981817031893
0,48.3599,1.065625,-0.023744561207082765
0,48.3599,1.06875,-0.023829912675413744
0,48.3599,1.071875,-0.023915879441489568
0,48.3599,1.075,-0.02400246847508222
0,48.3599,1.078125,-0.02408968685147658
0,48.3599,1.08125,-0.024177541753430683
0,48.3599,1.084375,-0.02426604047317865
0,48.3599,1.0875,-0.02435519041447744
0,48.3599,1.090625,-0.024444999094698473
0,48.3599,1.09375,-0.024535474146965084
0,48.3599,1.096875,-0.024626623322337296
0,48.3599,1.1,-0.024718454492044774
0,48.3599,1.103125,-0.024810975649769314
0,48.3599,1.10625,-0.024904194913978214
0,48.3599,1.109375,-0.02499812053030957
0,48.3599,1.1125,-0.025092760874011064
0,48.3599,1.115625,-0.025188124452433465
0,48.3599,1.11875,-0.025284219907580244
0,48.3599,1.121875,-0.025381056018714945
0,48.3599,1.125,-0.025478641705027297
0,48.3599,1.128125,-0.025576986028360314
0,48.3599,1.13125,-0.02567609819599926
0,48.3599,1.134375,-0.025775987563524526
0,48.3599,1.1375,-0.02587666363772991
0,48.3599,1.140625,-0.025978136079608034
0,48.3599,1.14375,-0.026080414707404652
0,48.3599,1.146875,-0.02618350949974367
0,48.3599,1.15,-0.02628743059882474
0,48.3599,1.153125,-0.02639218831369536
0,48.3599,1.15625,-0.026497793123599286
0,48.3599,1.159375,-0.026604255681403705
0,48.3599,1.1625,-0.026711586817106683
0,48.3599,1.165625,-0.026819797541427527
0,48.3599,1.16875,-0.026928899049482057
0,48.3599,1.171875,-0.02703890272454501
0,48.3599,1.175,-0.02714982014190221
0,48.3599,1.178125,-0.0272616630727945
0,48.3599,1.18125,-0.02737444348845636
0,48.3599,1.184375,-0.02748817356425151
0,48.3599,1.1875,-0.027602865683908195
0,48.3599,1.190625,-0.027718532443856934
0,48.3599,1.19375,-0.02783518665767356
0,48.3599,1.196875,-0.027952841360630254
0,48.3599,1.2,-0.028071509814357964
0,48.3599,1.203125,-0.028191205511622713
0,48.3599,1.20625,-0.028311942181219525
0,48.3599,1.209375,-0.028433733792986887
0,48.3599,1.2125,-0.028556594562945174
0,48.3599,1.215625,-0.02868053895856274
0,48.3599,1.21875,-0.02880558170415283
0,48.3599,1.221875,-0.028931737786405474
0,48.3599,1.225,-0.029059022460057746
0,48.3599,1.228125,-0.02918745125370672
0,48.3599,1.23125,-0.02931703997576886
0,48.3599,1.234375,-0.029447804720590103
0,48.3599,1.2375,-0.029579761874711046
0,48.3599,1.240625,-0.029712928123291654
0,48.3599,1.24375,-0.029847320456699963
0,48.3599,1.246875,-0.02998295617726965
0,48.3599,1.25,-0.030119852906231197
0,48.3599,1.253125,-0.030258028590822002
0,48.3599,1.25625,-0.030397501511580258
0,48.3599,1.259375,-0.03053829028982817
0,48.3599,1.2625,-0.03068041389535018
0,48.3599,1.265625,-0.030823891654271553
0,48.3599,1.26875,-0.030968743257143723
0,48.3599,1.271875,-0.031114988767242
0,48.3599,1.275,-0.031262648629082436
0,48.3599,1.278125,-0.0314117436771639
0,48.3599,1.28125,-0.031562295144942354
0,48.3599,1.284375,-0.03171432467404432
0,48.3599,1.2875,-0.03186785432372653
0,48.3599,1.290625,-0.03202290658058915
0,48.3599,1.29375,-0.03217950436855055
0,48.3599,1.296875,-0.03233767105909102
0,48.3599,1.3,-0.03249743048177424
0,48.3599,1.303125,-0.03265880693505427
0,48.3599,1.30625,-0.03282182519737736
0,48.3599,1.309375,-0.032986510538587206
0,48.3599,1.3125,-0.03315288873164323
0,48.3599,1.315625,-0.03332098606466137
0,48.3599,1.31875,-0.03349082935328744
0,48.3599,1.321875,-0.03366244595341325
0,48.3599,1.325,-0.033835863774246355
0,48.3599,1.328125,-0.03401111129174413
0,48.3599,1.33125,-0.03418821756242378
0,48.3599,1.334375,-0.034367212237560084
0,48.3599,1.3375,-0.03454812557778294
0,48.3599,1.340625,-0.03473098846808742
0,48.3599,1.34375,-0.03491583243326907
0,48.3599,1.346875,-0.03510268965379853
0,48.3599,1.35,-0.0352915929821488
0,48.3599,1.353125,-0.03548257595959002
0,48.3599,1.35625,-0.03567567283346636
0,48.3599,1.359375,-0.035870918574970864
0,48.3599,1.3625,-0.03606834889743378
0,48.3599,1.365625,-0.03626800027514147
0,48.3599,1.36875,-0.0364699099627023
0,48.3599,1.371875,-0.03667411601497818
0,48.3599,1.375,-0.03688065730759912
0,48.3599,1.378125,-0.037089573558080555
0,48.3599,1.38125,-0.037300905347562745
0,48.3599,1.384375,-0.037514694143192605
0,48.3599,1.3875,-0.03773098232116924
0,48.3599,1.390625,-0.0379498131904748
0,48.3599,1.39375,-0.03817123101731336
0,48.3599,1.396875,-0.03839528105028122
0,48.3599,1.4,-0.03862200954629287
0,48.3599,1.403125,-0.038851463797287586
0,48.3599,1.40625,-0.0390836921577429
0,48.3599,1.409375,-0.03931874407302149
0,48.3599,1.4125,-0.0395566701085798
0,48.3599,1.415625,-0.03979752198006686
0,48.3599,1.41875,-0.0400413525843436
0,48.3599,1.421875,-0.04028821603145302
0,48.3599,1.425,-0.040538167677574205
0,48.3599,1.428125,-0.040791264158992535
0,48.3599,1.43125,-0.04104756342712095
0,48.3599,1.434375,-0.04130712478460806
0,48.3599,1.4375,-0.041570008922569554
0,48.3599,1.440625,-0.041836277958981594
0,48.3599,1.44375,-0.04210599547827573
0,48.3599,1.446875,-0.04237922657217617
0,48.3599,1.45,-0.04265603788182228
0,48.3599,1.453125,-0.04293649764121998
0,48.3599,1.45625,-0.043220675722067954
0,48.3599,1.459375,-0.043508643680005774
0,48.3599,1.4625,-0.04380047480233294
0,48.3599,1.465625,-0.04409624415724945
0,48.3599,1.46875,-0.04439602864467035
0,48.3599,1.471875,-0.044699907048668774
0,48.3599,1.475,-0.045007960091603655
0,48.3599,1.478125,-0.04532027048999018
0,48.3599,1.48125,-0.04563692301217374
0,48.3599,1.484375,-0.045958004537869204
0,48.3599,1.4875,-0.04628360411963087
0,48.3599,1.490625,-0.04661381304631926
0,48.3599,1.49375,-0.0469487249086344
0,48.3599,1.496875,-0.04728843566678708
0,48.3599,1.5,-0.04763304372038202
0,48.3599,1.503125,-0.047982649980589695
0,48.3599,1.50625,-0.048337357944685966
0,48.3599,1.509375,-0.04869727377304128
0,48.3599,1.5125000000000002,-0.049062506368644364
0,48.3599,1.515625,-0.04943316745924724
0,48.3599,1.51875,-0.04980937168222272
0,48.3599,1.521875,-0.05019123667222689
0,48.3599,1.525,-0.0505788831517633
0,48.3599,1.5281250000000002,-0.05097243502474812
0,48.3599,1.53125,-0.051372019473178446
0,48.3599,1.534375,-0.05177776705701046
0,48.3599,1.5375,-0.05218981181735469
0,48.3599,1.540625,-0.052608291383102274
0,48.3599,1.5437500000000002,-0.05303334708109689
0,48.3599,1.546875,-0.053465124049970975
0,48.3599,1.55,-0.05390377135776961
0,48.3599,1.553125,-0.054349442123486386
0,48.3599,1.55625,-0.05480229364264126
0,48.3599,1.5593750000000002,-0.055262487517032374
0,48.3599,1.5625,-0.055730189788797395
0,48.3599,1.565625,-0.05620557107892414
0,48.3599,1.56875,-0.05668880673035144
0,48.3599,1.571875,-0.05718007695580688
0,48.3599,1.5750000000000002,-0.05767956699052915
0,48.3599,1.578125,-0.058187467250025715
0,48.3599,1.58125,-0.05870397349302096
0,48.3599,1.584375,-0.059229286989749885
0,48.3599,1.5875,-0.059763614695756445
0,48.3599,1.5906250000000002,-0.06030716943135725
0,48.3599,1.59375,-0.06086017006693161
0,48.3599,1.596875,-0.06142284171420266
0,48.3599,1.6,-0.06199541592367153
0,48.3599,1.603125,-0.06257813088836967
0,48.3599,1.6062500000000002,-0.06317123165409261
0,48.3599,1.609375,-0.06377497033627638
0,48.3599,1.6125,-0.06438960634367848
0,48.3599,1.615625,-0.06501540660901846
0,48.3599,1.61875,-0.06565264582673319
0,48.3599,1.6218750000000002,-0.06630160669799413
0,48.3599,1.625,-0.06696258018312759
0,48.3599,1.628125,-0.06763586576157361
0,48.3599,1.63125,-0.06832177169950512
0,48.3599,1.634375,-0.06902061532522223
0,48.3599,1.6375000000000002,-0.06973272331241989
0,48.3599,1.640625,-0.07045843197141187
0,48.3599,1.64375,-0.07119808754837788
0,48.3599,1.646875,-0.07195204653267545
0,48.3599,1.65,-0.07272067597223769
0,48.3599,1.6531250000000002,-0.07350435379704792
0,48.3599,1.65625,-0.07430346915064978
0,48.3599,1.659375,-0.07511842272961848
0,48.3599,1.6625,-0.07594962713087278
0,48.3599,1.665625,-0.07679750720666556
0,48.3599,1.6687500000000002,-0.07766250042703624
0,48.3599,1.671875,-0.07854505724944841
0,48.3599,1.675,-0.07944564149527443
0,48.3599,1.678125,-0.08036473073270814
0,48.3599,1.68125,-0.08130281666561062
0,48.3599,1.6843750000000002,-0.08226040552769769
0,48.3599,1.6875,-0.08323801848137433
0,48.3599,1.690625,-0.08423619202041138
0,48.3599,1.69375,-0.08525547837552483
0,48.3599,1.696875,-0.0862964459217836
0,48.3599,1.7000000000000002,-0.08735967958661042
0,48.3599,1.703125,-0.08844578125696605
0,48.3599,1.70625,-0.08955537018411919
0,48.3599,1.709375,-0.09068908338418452
0,48.3599,1.7125,-0.0918475760323825
0,48.3599,1.7156250000000002,-0.09303152184871251
0,48.3599,1.71875,-0.09424161347244323
0,48.3599,1.721875,-0.09547856282251657
0,48.3599,1.725,-0.09674310144060631
0,48.3599,1.728125,-0.09803598081320142
0,48.3599,1.7312500000000002,-0.09935797266866372
0,48.3599,1.734375,-0.1007098692447515
0,48.3599,1.7375,-0.10209248352160812
0,48.3599,1.740625,-0.10350664941465919
0,48.3599,1.74375,-0.10495322192127551
0,48.3599,1.7468750000000002,-0.10643307721440325
0,48.3599,1.75,-0.10794711267565668
0,48.3599,1.753125,-0.10949624685960493
0,48.3599,1.75625,-0.11108141938014131
0,48.3599,1.759375,-0.11270359070892946
0,48.3599,1.7625000000000002,-0.11436374187493792
0,48.3599,1.765625,-0.11606287405301977
0,48.3599,1.76875,-0.1178020080283658
0,48.3599,1.771875,-0.11958218352242865
0,48.3599,1.775,-0.12140445836462047
0,48.3599,1.7781250000000002,-0.12326990749268252
0,48.3599,1.78125,-0.12517962176314018
0,48.3599,1.784375,-0.12713470655168435
0,48.3599,1.7875,-0.12913628012164197
0,48.3599,1.790625,-0.13118547173695383
0,48.3599,1.7937500000000002,-0.13328341949423458
0,48.3599,1.796875,-0.13543126784657422
0,48.3599,1.8,-0.13763016478977125
0,48.3599,1.803125,-0.13988125867964413
0,48.3599,1.80625,-0.14218569464701736
0,48.3599,1.8093750000000002,-0.14454461057489582
0,48.3599,1.8125,-0.1469591326002841
0,48.3599,1.815625,-0.14943037010111418
0,48.3599,1.81875,-0.15195941012682124
0,48.3599,1.821875,-0.15454731122936366
0,48.3599,1.8250000000000002,-0.1571950966499234
0,48.3599,1.828125,-0.1599037468152532
0,48.3599,1.83125,-0.16267419109674486
0,48.3599,1.834375,-0.16550729878483833
0,48.3599,1.8375,-0.16840386923154835
0,48.3599,1.8406250000000002,-0.17136462111472187
0,48.3599,1.84375,-0.17439018077933943
0,48.3599,1.846875,-0.1774810696139002
0,48.3599,1.85,-0.18063769042382688
0,48.3599,1.853125,-0.18386031276915435
0,48.3599,1.8562500000000002,-0.1871490572406791
0,48.3599,1.859375,-0.19050387865751242
0,48.3599,1.8625,-0.19392454817984883
0,48.3599,1.865625,-0.19741063434393677
0,48.3599,1.86875,-0.20096148304205003
0,48.3599,1.8718750000000002,-0.20457619648888603
0,48.3599,1.875,-0.20825361123753627
0,48.3599,1.878125,-0.21199227533320558
0,48.3599,1.88125,-0.21579042472131418
0,48.3599,1.884375,-0.2196459590586941
0,48.3599,1.8875000000000002,-0.22355641711224356
0,48.3599,1.890625,-0.22751895196860727
0,48.3599,1.89375,-0.23153030632101668
0,48.3599,1.896875,-0.23558678814494177
0,48.3599,1.9,-0.23968424712223166
0,48.3599,1.9031250000000002,-0.24381805222311367
0,48.3599,1.90625,-0.24798307090583965
0,48.3599,1.909375,-0.252173650443663
0,48.3599,1.9125,-0.2563836019365911
0,48.3599,1.915625,-0.26060618760924675
0,48.3599,1.9187500000000002,-0.2648341120339627
0,48.3599,1.921875,-0.2690595179475811
0,48.3599,1.925,-0.27327398734870634
0,48.3599,1.928125,-0.27746854856648623
0,48.3599,1.93125,-0.2816336899796019
0,48.3599,1.9343750000000002,-0.2857593810320594
0,48.3599,1.9375,-0.2898351011379945
0,48.3599,1.940625,-0.2938498769887031
0,48.3599,1.94375,-0.29779232866964794
0,48.3599,1.946875,-0.30165072486235617
0,48.3599,1.9500000000000002,-0.3054130472457459
0,48.3599,1.953125,-0.30906706402469614
0,48.3599,1.95625,-0.31260041230304536
0,48.3599,1.959375,-0.31600068878756893
0,48.3599,1.9625,-0.31925554806439527
0,48.3599,1.9656250000000002,-0.3223528074366818
0,48.3599,1.96875,-0.3252805570606163
0,48.3599,1.971875,-0.3280272738754596
0,48.3599,1.975,-0.3305819376026926
0,48.3599,1.978125,-0.3329341469001075
0,48.3599,1.9812500000000002,-0.3350742336092715
0,48.3599,1.984375,-0.33699337293885934
0,48.3599,1.9875,-0.3386836873900235
0,48.3599,1.990625,-0.3401383422593056
0,48.3599,1.99375,-0.3413516306530334
0,48.3599,1.9968750000000002,-0.3423190461150597
0,48.3599,2.0,-0.3430373412041826
0,48.3599,2.003125,-0.34350457065240675
0,48.3599,2.00625,-0.3437201180809487
0,48.3599,2.0093750000000004,-0.34368470563544934
0,48.3599,2.0125,-0.34340038631092645
0,48.3599,2.015625,-0.34287051915495326
0,48.3599,2.01875,-0.34209972794821947
0,48.3599,2.021875,-0.34109384434929163
0,48.3599,2.0250000000000004,-0.33985983684057675
0,48.3599,2.028125,-0.3384057271128419
0,48.3599,2.03125,-0.33674049576645476
0,48.3599,2.034375,-0.3348739793822283
0,48.3599,2.0375,-0.3328167611201291
0,48.3599,2.0406250000000004,-0.3305800570402124
0,48.3599,2.04375,-0.3281756003101136
0,48.3599,2.046875,-0.32561552537308514
0,48.3599,2.05,-0.3229122540078792
0,48.3599,2.053125,-0.32007838502623553
0,48.3599,2.0562500000000004,-0.31712658913575614
0,48.3599,2.059375,-0.3140695102561787
0,48.3599,2.0625,-0.31091967432591017
0,48.3599,2.065625,-0.3076894063827627
0,48.3599,2.06875,-0.3043907564566399
0,48.3599,2.0718750000000004,-0.3010354345796246
0,48.3599,2.075,-0.29763475500609726
0,48.3599,2.078125,-0.2941995895462968
0,48.3599,2.08125,-0.2907403297537091
0,48.3599,2.084375,-0.2872668575710598
0,48.3599,2.0875000000000004,-0.28378852393159326
0,48.3599,2.090625,-0.2803141347307512
0,48.3599,2.09375,-0.2768519435266563
0,48.3599,2.096875,-0.27340965029365877
0,48.3599,2.1,-0.26999440553895465
0,48.3599,2.1031250000000004,-0.2666128190951409
0,48.3599,2.10625,-0.2632709729185775
0,48.3599,2.109375,-0.259974437251822
0,48.3599,2.1125,-0.2567282895454968
0,48.3599,2.115625,-0.2535371355783159
0,48.3599,2.1187500000000004,-0.25040513226150907
0,48.3599,2.121875,-0.2473360116636275
0,48.3599,2.125,-0.24433310584216006
0,48.3599,2.128125,-0.2413993721182254
0,48.3599,2.13125,-0.23853741847881046
0,48.3599,2.1343750000000004,-0.23574952883685252
0,48.3599,2.1375,-0.23303768792231758
0,48.3599,2.140625,-0.2304036056169767
0,48.3599,2.14375,-0.22784874058159185
0,48.3599,2.146875,-0.22537432305661242
0,48.3599,2.1500000000000004,-0.22298137674629728
0,48.3599,2.153125,-0.22067073972148776
0,48.3599,2.15625,-0.21844308429825704
0,48.3599,2.159375,-0.2162989358685404
0,48.3599,2.1625,-0.2142386906748358
0,48.3599,2.1656250000000004,-0.2122626325344293
0,48.3599,2.16875,-0.2103709485295641
0,48.3599,2.171875,-0.20856374368881464
0,48.3599,2.175,-0.20684105469187597
0,48.3599,2.178125,-0.20520286263525656
0,48.3599,2.1812500000000004,-0.20364910490020705
0,48.3599,2.184375,-0.2021796861667971
0,48.3599,2.1875,-0.20079448861956628
0,48.3599,2.190625,-0.19949338139077666
0,48.3599,2.19375,-0.19827622928711636
0,48.3599,2.1968750000000004,-0.19714290084488706
0,48.3599,2.2,-0.19609327575734525
0,48.3599,2.203125,-0.19512725171605805
0,48.3599,2.20625,-0.1942447507059526
0,48.3599,2.209375,-0.19344572479124494
0,48.3599,2.2125000000000004,-0.19273016142668659
0,48.3599,2.215625,-0.19209808832559827
0,48.3599,2.21875,-0.19154957791300462
0,48.3599,2.221875,-0.19108475138885878
0,48.3599,2.225,-0.1907037824228624
0,48.3599,2.2281250000000004,-0.1904069004987548
0,48.3599,2.23125,-0.19019439392215406
0,48.3599,2.234375,-0.19006661250208176
0,48.3599,2.2375,-0.19002396991217285
0,48.3599,2.240625,-0.19006694573324467
0,48.3599,2.2437500000000004,-0.19019608717435021
0,48.3599,2.246875,-0.19041201046464445
0,48.3599,2.25,-0.19071540190331382
0,48.3599,2.253125,-0.19110701854942497
0,48.3599,2.25625,-0.1915876885278025
0,48.3599,2.2593750000000004,-0.19215831092090718
0,48.3599,2.2625,-0.1928198552101158
0,48.3599,2.265625,-0.19357336022276184
0,48.3599,2.26875,-0.19441993253374168
0,48.3599,2.271875,-0.19536074426239533
0,48.3599,2.2750000000000004,-0.19639703019668867
0,48.3599,2.278125,-0.1975300841674522
0,48.3599,2.28125,-0.19876125458553467
0,48.3599,2.284375,-0.2000919390442244
0,48.3599,2.2875,-0.20152357787819203
0,48.3599,2.2906250000000004,-0.20305764655855257
0,48.3599,2.29375,-0.20469564679151603
0,48.3599,2.296875,-0.20643909617559458
0,48.3599,2.3,-0.20828951625962525
0,48.3599,2.303125,-0.21024841883116988
0,48.3599,2.3062500000000004,-0.2123172902524386
0,48.3599,2.309375,-0.21449757364913918
0,48.3599,2.3125,-0.21679064874702647
0,48.3599,2.315625,-0.21919780914200862
0,48.3599,2.31875,-0.22172023678317285
0,48.3599,2.3218750000000004,-0.22435897344487046
0,48.3599,2.325,-0.22711488896510423
0,48.3599,2.328125,-0.22998864603407507
0,48.3599,2.33125,-0.23298066133030748
0,48.3599,2.334375,-0.23609106282389292
0,48.3599,2.3375000000000004,-0.23931964309887815
0,48.3599,2.340625,-0.2426658085917308
0,48.3599,2.34375,-0.2461285247022898
0,48.3599,2.346875,-0.24970625680999164
0,48.3599,2.35,-0.25339690732381437
0,48.3599,2.3531250000000004,-0.257197749011583
0,48.3599,2.35625,-0.26110535499517884
0,48.3599,2.359375,-0.26511552596447696
0,48.3599,2.3625,-0.2692232153556236
0,48.3599,2.365625,-0.27342245345875565
0,48.3599,2.3687500000000004,-0.2777062716653596
0,48.3599,2.371875,-0.28206662833351637
0,48.3599,2.375,-0.28649433803548796
0,48.3599,2.378125,-0.29097900624927603
0,48.3599,2.38125,-0.2955089718538336
0,48.3599,2.3843750000000004,-0.3000712600732217
0,48.3599,2.3875,-0.30465154877157663
0,48.3599,2.390625,-0.3092341512082256
0,48.3599,2.39375,-0.31380201849766665
0,48.3599,2.396875,-0.3183367650570265
0,48.3599,2.4000000000000004,-0.3228187202373995
0,48.3599,2.403125,-0.3272270090990287
0,48.3599,2.40625,-0.3315396648799531
0,48.3599,2.409375,-0.3357337751050825
0,48.3599,2.4125,-0.3397856624773028
0,48.3599,2.4156250000000004,-0.3436711006848747
0,48.3599,2.41875,-0.34736556406486735
0,48.3599,2.421875,-0.3508445087116152
0,48.3599,2.425,-0.35408368116079425
0,48.3599,2.428125,-0.357059449279571
0,48.3599,2.4312500000000004,-0.3597491485326476
0,48.3599,2.434375,-0.3621314354655823
0,48.3599,2.4375,-0.36418663914844285
0,48.3599,2.440625,-0.36589710055024216
0,48.3599,2.44375,-0.3672474894520166
0,48.3599,2.4468750000000004,-0.3682250886177773
0,48.3599,2.45,-0.3688200355633399
0,48.3599,2.453125,-0.3690255133938104
0,48.3599,2.45625,-0.36883788378392407
0,48.3599,2.459375,-0.3682567571766577
0,48.3599,2.4625000000000004,-0.36728499756671384
0,48.3599,2.465625,-0.36592866168404814
0,48.3599,2.46875,-0.3641968748522679
0,48.3599,2.471875,-0.3621016481202451
0,48.3599,2.475,-0.35965764331724814
0,48.3599,2.4781250000000004,-0.35688189435020584
0,48.3599,2.48125,-0.35379349426621143
0,48.3599,2.484375,-0.3504132583009998
0,48.3599,2.4875,-0.34676337331994905
0,48.3599,2.490625,-0.3428670437627258
0,48.3599,2.4937500000000004,-0.3387481434862345
0,48.3599,2.496875,-0.33443088184484737
0,48.3599,2.5,-0.32993949104648784
0,48.3599,2.503125,-0.32529794037613874
0,48.3599,2.50625,-0.3205296813785944
0,48.3599,2.5093750000000004,-0.31565742662309215
0,48.3599,2.5125,-0.31070296330216196
0,48.3599,2.515625,-0.3056870016968515
0,48.3599,2.51875,-0.30062905750396696
0,48.3599,2.521875,-0.29554736618514804
0,48.3599,2.5250000000000004,-0.2904588268651742
0,48.3599,2.528125,-0.2853789728689215
0,48.3599,2.53125,-0.28032196572544765
0,48.3599,2.534375,-0.27530060936074086
0,48.3599,2.5375,-0.2703263812217611
0,48.3599,2.5406250000000004,-0.26540947719694186
0,48.3599,2.54375,-0.26055886739659234
0,48.3599,2.546875,-0.25578236010726174
0,48.3599,2.55,-0.25108667151658715
0,48.3599,2.553125,-0.24647749910227204
0,48.3599,2.5562500000000004,-0.2419595968769076
0,48.3599,2.559375,-0.23753685096874064
0,48.3599,2.5625,-0.2332123542896431
0,48.3599,2.565625,-0.22898847929032112
0,48.3599,2.56875,-0.2248669480262393
0,48.3599,2.5718750000000004,-0.2208488989545849
0,48.3599,2.575,-0.21693495005282867
0,48.3599,2.578125,-0.21312525799409213
0,48.3599,2.58125,-0.20941957323521954
0,48.3599,2.584375,-0.20581729097223983
0,48.3599,2.5875000000000004,-0.20231749799711396
0,48.3599,2.590625,-0.19891901555160657
0,48.3599,2.59375,-0.1956204383211719
0,48.3599,2.596875,-0.19242016974608325
0,48.3599,2.6,-0.18931645385070953
0,48.3599,2.6031250000000004,-0.18630740380673882
0,48.3599,2.60625,-0.18339102745387506
0,48.3599,2.609375,-0.18056525000356852
0,48.3599,2.6125,-0.17782793414891196
0,48.3599,2.615625,-0.17517689779799386
0,48.3599,2.6187500000000004,-0.17260992963966273
0,48.3599,2.621875,-0.170124802740524
0,48.3599,2.625,-0.16771928636069647
0,48.3599,2.628125,-0.1653911561638643
0,48.3599,2.63125,-0.16313820298485393
0,48.3599,2.6343750000000004,-0.16095824030566858
0,48.3599,2.6375,-0.15884911057881593
0,48.3599,2.640625,-0.15680869052507707
0,48.3599,2.64375,-0.15483489552167676
0,48.3599,2.646875,-0.1529256831862183
0,48.3599,2.6500000000000004,-0.15107905625180384
0,48.3599,2.653125,-0.14929306481947616
0,48.3599,2.65625,-0.1475658080655181
0,48.3599,2.659375,-0.1458954354732144
0,48.3599,2.6625,-0.14428014765139316
0,48.3599,2.6656250000000004,-0.14271819679540956
0,48.3599,2.66875,-0.14120788684016913
0,48.3599,2.671875,-0.13974757334928029
0,48.3599,2.675,-0.13833566317944612
0,48.3599,2.678125,-0.1369706139546996
0,48.3599,2.6812500000000004,-0.1356509333810408
0,48.3599,2.684375,-0.1343751784283908
0,48.3599,2.6875,-0.13314195440351512
0,48.3599,2.690625,-0.13194991393465239
0,48.3599,2.69375,-0.13079775588597276
0,48.3599,2.6968750000000004,-0.12968422421767087
0,48.3599,2.7,-0.1286081068054281
0,48.3599,2.703125,-0.1275682342311452
0,48.3599,2.70625,-0.1265634785552166
0,48.3599,2.709375,-0.12559275207917667
0,48.3599,2.7125000000000004,-0.12465500610627535
0,48.3599,2.715625,-0.12374922970641451
0,48.3599,2.71875,-0.1228744484908901
0,48.3599,2.721875,-0.12202972340151313
0,48.3599,2.725,-0.12121414951791837
0,48.3599,2.7281250000000004,-0.12042685488620354
0,48.3599,2.73125,-0.11966699937145486
0,48.3599,2.734375,-0.11893377353620696
0,48.3599,2.7375,-0.11822639754644251
0,48.3599,2.740625,-0.11754412010635111
0,48.3599,2.7437500000000004,-0.11688621742273568
0,48.3599,2.746875,-0.11625199219966689
0,48.3599,2.75,-0.11564077266374233
0,48.3599,2.753125,-0.1150519116200937
0,48.3599,2.75625,-0.11448478553910911
0,48.3599,2.7593750000000004,-0.11393879367368359
0,48.3599,2.7625,-0.11341335720668487
0,48.3599,2.765625,-0.11290791842821453
0,48.3599,2.76875,-0.11242193994215818
0,48.3599,2.771875,-0.11195490390144408
0,48.3599,2.7750000000000004,-0.11150631127137485
0,48.3599,2.778125,-0.11107568112034877
0,48.3599,2.78125,-0.11066254993725494
0,48.3599,2.784375,-0.1102664709747983
0,48.3599,2.7875,-0.10988701361799427
0,48.3599,2.7906250000000004,-0.10952376277706229
0,48.3599,2.79375,-0.10917631830393777
0,48.3599,2.796875,-0.10884429443162866
0,48.3599,2.8,-0.10852731923564007
0,48.3599,2.803125,-0.10822503411670084
0,48.3599,2.8062500000000004,-0.10793709330403577
0,48.3599,2.809375,-0.10766316337843819
0,48.3599,2.8125,-0.10740292281441502
0,48.3599,2.815625,-0.10715606154068863
0,48.3599,2.81875,-0.10692228051836088
0,48.3599,2.8218750000000004,-0.1067012913360611
0,48.3599,2.825,-0.10649281582141824
0,48.3599,2.828125,-0.10629658566821941
0,48.3599,2.83125,-0.10611234207863361
0,48.3599,2.834375,-0.10593983541990368
0,48.3599,2.8375000000000004,-0.10577882489492471
0,48.3599,2.840625,-0.10562907822615131
0,48.3599,2.84375,-0.10549037135229386
0,48.3599,2.846875,-0.1053624881372839
0,48.3599,2.85,-0.10524522009100801
0,48.3599,2.8531250000000004,-0.10513836610132955
0,48.3599,2.85625,-0.10504173217693309
0,48.3599,2.859375,-0.10495513120054872
0,48.3599,2.8625,-0.10487838269212718
0,48.3599,2.865625,-0.10481131258155592
0,48.3599,2.8687500000000004,-0.10475375299052238
0,48.3599,2.871875,-0.10470554202314593
0,48.3599,2.875,-0.10466652356501674
0,48.3599,2.878125,-0.10463654709029414
0,48.3599,2.88125,-0.1046154674765316
0,48.3599,2.8843750000000004,-0.10460314482690858
0,48.3599,2.8875,-0.10459944429956548
0,48.3599,2.890625,-0.10460423594374686
0,48.3599,2.89375,-0.10461739454247498
0,48.3599,2.896875,-0.10463879946148383
0,48.3599,2.9000000000000004,-0.10466833450415775
0,48.3599,2.903125,-0.10470588777222892
0,48.3599,2.90625,-0.10475135153199805
0,48.3599,2.909375,-0.10480462208585409
0,48.3599,2.9125,-0.10486559964887682
0,48.3599,2.9156250000000004,-0.10493418823031744
0,48.3599,2.91875,-0.10501029551975893
0,48.3599,2.921875,-0.1050938327777689
0,48.3599,2.925,-0.10518471473086352
0,48.3599,2.928125,-0.10528285947061147
0,48.3599,2.9312500000000004,-0.10538818835671117
0,48.3599,2.934375,-0.10550062592388519
0,48.3599,2.9375,-0.10562009979244058
0,48.3599,2.940625,-0.10574654058234952
0,48.3599,2.94375,-0.10587988183071383
0,48.3599,2.9468750000000004,-0.10602005991248092
0,48.3599,2.95,-0.10616701396428409
0,48.3599,2.953125,-0.10632068581128733
0,48.3599,2.95625,-0.10648101989691858
0,48.3599,2.959375,-0.10664796321538114
0,48.3599,2.9625000000000004,-0.1068214652468372
0,48.3599,2.965625,-0.10700147789516308
0,48.3599,2.96875,-0.10718795542817829
0,48.3599,2.971875,-0.10738085442025744
0,48.3599,2.975,-0.10758013369723478
0,48.3599,2.9781250000000004,-0.1077857542835179
0,48.3599,2.98125,-0.10799767935132944
0,48.3599,2.984375,-0.10821587417199878
0,48.3599,2.9875,-0.10844030606922972
0,48.3599,2.990625,-0.10867094437427423
0,48.3599,2.9937500000000004,-0.10890776038294263
0,48.3599,2.996875,-0.10915072731438659
0,48.3599,3.0,-0.10939982027159306
0,48.3599,3.0031250000000003,-0.10965501620352866
0,48.3599,3.00625,-0.10991629386887802
0,48.3599,3.009375,-0.11018363380132272
0,48.3599,3.0125,-0.11045701827630736
0,48.3599,3.015625,-0.11073643127924386
0,48.3599,3.0187500000000003,-0.11102185847510683
0,48.3599,3.021875,-0.11131328717937262
0,48.3599,3.025,-0.11161070633026147
0,48.3599,3.028125,-0.11191410646223834
0,48.3599,3.03125,-0.1122234796807339
0,48.3599,3.0343750000000003,-0.11253881963804842
0,48.3599,3.0375,-0.11286012151040005
0,48.3599,3.040625,-0.1131873819760851
0,48.3599,3.04375,-0.11352059919471519
0,48.3599,3.046875,-0.11385977278750034
0,48.3599,3.0500000000000003,-0.11420490381854856
0,48.3599,3.053125,-0.11455599477715034
0,48.3599,3.05625,-0.11491304956102397
0,48.3599,3.059375,-0.11527607346049203
0,48.3599,3.0625,-0.1156450731435657
0,48.3599,3.0656250000000003,-0.11602005664191245
0,48.3599,3.06875,-0.11640103333768378
0,48.3599,3.071875,-0.11678801395118182
0,48.3599,3.075,-0.11718101052934358
0,48.3599,3.078125,-0.11758003643502254
0,48.3599,3.0812500000000003,-0.11798510633705037
0,48.3599,3.084375,-0.11839623620105799
0,48.3599,3.0875,-0.11881344328104222
0,48.3599,3.090625,-0.11923674611165973
0,48.3599,3.09375,-0.11966616450123235
0,48.3599,3.0968750000000003,-0.12010171952545198
0,48.3599,3.1,-0.12054343352176738
0,48.3599,3.103125,-0.12099133008444397
0,48.3599,3.10625,-0.12144543406028058
0,48.3599,3.109375,-0.12190577154497337
0,48.3599,3.1125000000000003,-0.12237236988011657
0,48.3599,3.115625,-0.1228452576508269
0,48.3599,3.11875,-0.12332446468398629
0,48.3599,3.121875,-0.12381002204708853
0,48.3599,3.125,-0.12430196204768615
0,48.3599,3.1281250000000003,-0.12480031823342677
0,48.3599,3.13125,-0.12530512539267205
0,48.3599,3.134375,-0.12581641955569364
0,48.3599,3.1375,-0.12633423799643742
0,48.3599,3.140625,-0.12685861923485284
0,48.3599,3.1437500000000003,-0.1273896030397806
0,48.3599,3.146875,-0.12792723043239349
0,48.3599,3.15,-0.1284715436901879
0,48.3599,3.153125,-0.12902258635152003
0,48.3599,3.15625,-0.12958040322068431
0,48.3599,3.1593750000000003,-0.13014504037353244
0,48.3599,3.1625,-0.13071654516362677
0,48.3599,3.165625,-0.1312949662289309
0,48.3599,3.16875,-0.13188035349903177
0,48.3599,3.171875,-0.13247275820289348
0,48.3599,3.1750000000000003,-0.1330722328771433
0,48.3599,3.178125,-0.13367883137488598
0,48.3599,3.18125,-0.13429260887505098
0,48.3599,3.184375,-0.13491362189226838
0,48.3599,3.1875,-0.13554192828727732
0,48.3599,3.1906250000000003,-0.13617758727786666
0,48.3599,3.19375,-0.13682065945034988
0,48.3599,3.196875,-0.13747120677157576
0,48.3599,3.2,-0.13812929260147772
0,48.3599,3.203125,-0.1387949817061626
0,48.3599,3.2062500000000003,-0.1394683402715449
0,48.3599,3.209375,-0.1401494359175266
0,48.3599,3.2125,-0.14083833771272894
0,48.3599,3.215625,-0.14153511618977838
0,48.3599,3.21875,-0.14223984336115097
0,48.3599,3.2218750000000003,-0.1429525927355834
0,48.3599,3.225,-0.14367343933504945
0,48.3599,3.228125,-0.14440245971231533
0,48.3599,3.23125,-0.14513973196907212
0,48.3599,3.234375,-0.14588533577465662
0,48.3599,3.2375000000000003,-0.1466393523853664
0,48.3599,3.240625,-0.14740186466437333
0,48.3599,3.24375,-0.14817295710224695
0,48.3599,3.246875,-0.14895271583809247
0,48.3599,3.25,-0.14974122868131176
0,48.3599,3.2531250000000003,-0.150538585133999
0,48.3599,3.25625,-0.15134487641397437
0,48.3599,3.259375,-0.15216019547847087
0,48.3599,3.2625,-0.15298463704848003
0,48.3599,3.265625,-0.15381829763376714
0,48.3599,3.2687500000000003,-0.15466127555856993
0,48.3599,3.271875,-0.15551367098798574
0,48.3599,3.275,-0.1563755859550642
0,48.3599,3.278125,-0.1572471243886136
0,48.3599,3.28125,-0.15812839214173519
0,48.3599,3.2843750000000003,-0.15901949702109652
0,48.3599,3.2875,-0.15992054881695814
0,48.3599,3.290625,-0.16083165933396748
0,48.3599,3.29375,-0.1617529424227321
0,48.3599,3.296875,-0.16268451401218936
0,48.3599,3.3000000000000003,-0.16362649214278632
0,48.3599,3.303125,-0.16457899700048437
0,48.3599,3.30625,-0.165542150951608
0,48.3599,3.309375,-0.16651607857855008
0,48.3599,3.3125,-0.16750090671635404
0,48.3599,3.3156250000000003,-0.16849676449019033
0,48.3599,3.31875,-0.169503783353743
0,48.3599,3.321875,-0.1705220971285284
0,48.3599,3.325,-0.1715518420441647
0,48.3599,3.328125,-0.1725931567796097
0,48.3599,3.3312500000000003,-0.17364618250539304
0,48.3599,3.334375,-0.17471106292685729
0,48.3599,3.3375,-0.1757879443284377
0,48.3599,3.340625,-0.17687697561899673
0,48.3599,3.34375,-0.1779783083782412
0,48.3599,3.3468750000000003,-0.1790920969042438
0,48.3599,3.35,-0.18021849826209588
0,48.3599,3.353125,-0.1813576723337159
0,48.3599,3.35625,-0.18250978186884137
0,48.3599,3.359375,-0.18367499253722924
0,48.3599,3.3625000000000003,-0.1848534729820979
0,48.3599,3.365625,-0.18604539487483318
0,48.3599,3.36875,-0.18725093297099604
0,48.3599,3.371875,-0.18847026516765647
0,48.3599,3.375,-0.18970357256208906
0,48.3599,3.3781250000000003,-0.19095103951186326
0,48.3599,3.38125,-0.192212853696361
0,48.3599,3.384375,-0.19348920617975823
0,48.3599,3.3875,-0.19478029147550543
0,48.3599,3.390625,-0.196086307612346
0,48.3599,3.3937500000000003,-0.19740745620190941
0,48.3599,3.396875,-0.19874394250792163
0,48.3599,3.4000000000000004,-0.20009597551707106
0,48.3599,3.403125,-0.2014637680115738
0,48.3599,3.40625,-0.20284753664348443
0,48.3599,3.4093750000000003,-0.2042475020107937
0,48.3599,3.4125,-0.20566388873536132
0,48.3599,3.4156250000000004,-0.20709692554273595
0,48.3599,3.41875,-0.20854684534390605
0,48.3599,3.421875,-0.21001388531903892
0,48.3599,3.4250000000000003,-0.21149828700325832
0,48.3599,3.428125,-0.21300029637451623
0,48.3599,3.4312500000000004,-0.21452016394361775
0,48.3599,3.434375,-0.21605814484645489
0,48.3599,3.4375,-0.2176144989385151
0,48.3599,3.4406250000000003,-0.2191894908917225
0,48.3599,3.44375,-0.2207833902936801
0,48.3599,3.4468750000000004,-0.22239647174938285
0,48.3599,3.45,-0.22402901498546457
0,48.3599,3.453125,-0.22568130495706049
0,48.3599,3.4562500000000003,-0.22735363195735248
0,48.3599,3.459375,-0.22904629172987864
0,48.3599,3.4625000000000004,-0.2307595855836893
0,48.3599,3.465625,-0.2324938205114257
0,48.3599,3.46875,-0.23424930931042
0,48.3599,3.4718750000000003,-0.23602637070689184
0,48.3599,3.475,-0.2378253294833449
0,48.3599,3.4781250000000004,-0.23964651660925726
0,48.3599,3.48125,-0.24149026937516072
0,48.3599,3.484375,-0.2433569315302191
0,48.3599,3.4875000000000003,-0.2452468534234082
0,48.3599,3.490625,-0.24716039214840965
0,48.3599,3.4937500000000004,-0.24909791169233747
0,48.3599,3.496875,-0.25105978308841
0,48.3599,3.5,-0.25304638457269946
0,48.3599,3.5031250000000003,-0.25505810174508275
0,48.3599,3.50625,-0.25709532773452753
0,48.3599,3.5093750000000004,-0.2591584633688579
0,48.3599,3.5125,-0.261247917349134
0,48.3599,3.515625,-0.263364106428808
0,48.3599,3.5187500000000003,-0.2655074555977992
0,48.3599,3.521875,-0.2676783982716574
0,48.3599,3.5250000000000004,-0.26987737648598287
0,48.3599,3.528125,-0.27210484109626887
0,48.3599,3.53125,-0.2743612519833579
0,48.3599,3.5343750000000003,-0.27664707826469254
0,48.3599,3.5375,-0.2789627985115535
0,48.3599,3.5406250000000004,-0.2813089009725
0,48.3599,3.54375,-0.28368588380320414
0,48.3599,3.546875,-0.2860942553029144
0,48.3599,3.5500000000000003,-0.2885345341577635
0,48.3599,3.553125,-0.2910072496911606
0,48.3599,3.5562500000000004,-0.2935129421215142
0,48.3599,3.559375,-0.29605216282753205
0,48.3599,3.5625,-0.2986254746213689
0,48.3599,3.5656250000000003,-0.3012334520298908
0,48.3599,3.56875,-0.3038766815843393
0,48.3599,3.5718750000000004,-0.30655576211869257
0,48.3599,3.575,-0.3092713050770226
0,48.3599,3.578125,-0.31202393483017404
0,48.3599,3.5812500000000003,-0.31481428900207975
0,48.3599,3.584375,-0.31764301880606416
0,48.3599,3.5875000000000004,-0.32051078939147915
0,48.3599,3.590625,-0.3234182802010416
0,48.3599,3.59375,-0.32636618533924594
0,48.3599,3.5968750000000003,-0.32935521395224465
0,48.3599,3.6,-0.3323860906195999
0,48.3599,3.6031250000000004,-0.33545955575832825
0,48.3599,3.60625,-0.33857636603965907
0,48.3599,3.609375,-0.3417372948189703
0,48.3599,3.6125000000000003,-0.34494313257934534
0,48.3599,3.615625,-0.34819468738923554
0,48.3599,3.6187500000000004,-0.351492785374722
0,48.3599,3.621875,-0.3548382712068694
0,48.3599,3.625,-0.35823200860470683
0,48.3599,3.6281250000000003,-0.3616748808543653
0,48.3599,3.63125,-0.36516779134491584
0,48.3599,3.6343750000000004,-0.3687116641214935
0,48.3599,3.6375,-0.3723074444562641
0,48.3599,3.640625,-0.37595609943785696
0,48.3599,3.6437500000000003,-0.3796586185798502
0,48.3599,3.646875,-0.38341601444895207
0,48.3599,3.6500000000000004,-0.38722932331351345
0,48.3599,3.653125,-0.3910996058130195
0,48.3599,3.65625,-0.39502794764924104
0,48.3599,3.6593750000000003,-0.39901546029971363
0,48.3599,3.6625,-0.4030632817542426
0,48.3599,3.6656250000000004,-0.407172577275141
0,48.3599,3.66875,-0.411344540181909
0,48.3599,3.671875,-0.4155803926610857
0,48.3599,3.6750000000000003,-0.4198813866020023
0,48.3599,3.678125,-0.42424880445917834
0,48.3599,3.6812500000000004,-0.4286839601421172
0,48.3599,3.684375,-0.43318819993323665
0,48.3599,3.6875,-0.43776290343471624
0,48.3599,3.6906250000000003,-0.4424094845449979
0,48.3599,3.69375,-0.44712939246571426
0,48.3599,3.6968750000000004,-0.4519241127398133
0,48.3599,3.7,-0.4567951683216182
0,48.3599,3.703125,-0.4617441206796028
0,48.3599,3.7062500000000003,-0.46677257093262137
0,48.3599,3.709375,-0.4718821610203442
0,48.3599,3.7125000000000004,-0.4770745749086472
0,48.3599,3.715625,-0.4823515398306738
0,48.3599,3.71875,-0.4877148275643123
0,48.3599,3.7218750000000003,-0.49316625574678835
0,48.3599,3.725,-0.49870768922708425
0,48.3599,3.7281250000000004,-0.5043410414568898
0,48.3599,3.73125,-0.5100682759207531
0,48.3599,3.734375,-0.5158914076061281
0,48.3599,3.7375000000000003,-0.5218125045139786
0,48.3599,3.740625,-0.5278336892106091
0,48.3599,3.7437500000000004,-0.5339571404213898
0,48.3599,3.746875,-0.5401850946670284
0,48.3599,3.75,-0.5465198479430777
0,48.3599,3.7531250000000003,-0.5529637574433341
0,48.3599,3.75625,-0.5595192433278333
0,48.3599,3.7593750000000004,-0.5661887905361626
0,48.3599,3.7625,-0.5729749506468101
0,48.3599,3.765625,-0.579880343783354
0,48.3599,3.7687500000000003,-0.5869076605682816
0,48.3599,3.771875,-0.5940596641253274
0,48.3599,3.7750000000000004,-0.6013391921312488
0,48.3599,3.778125,-0.6087491589180173
0,48.3599,3.78125,-0.6162925576265043
0,48.3599,3.7843750000000003,-0.6239724624127806
0,48.3599,3.7875,-0.6317920307082207
0,48.3599,3.7906250000000004,-0.639754505534734
0,48.3599,3.79375,-0.6478632178764078
0,48.3599,3.796875,-0.6561215891090053
0,48.3599,3.8000000000000003,-0.664533133488706
0,48.3599,3.803125,-0.6731014607015212
0,48.3599,3.8062500000000004,-0.6818302784747803
0,48.3599,3.809375,-0.6907233952519232
0,48.3599,3.8125,-0.6997847229317506
0,48.3599,3.8156250000000003,-0.709018279672948
0,48.3599,3.81875,-0.7184281927643407
0,48.3599,3.8218750000000004,-0.7280187015608631
0,48.3599,3.825,-0.7377941604844711
0,48.3599,3.828125,-0.7477590420884147
0,48.3599,3.8312500000000003,-0.7579179401821262
0,48.3599,3.834375,-0.7682755730126305
0,48.3599,3.8375000000000004,-0.7788367864966865
0,48.3599,3.840625,-0.7896065574958022
0,48.3599,3.84375,-0.8005899971238819
0,48.3599,3.8468750000000003,-0.8117923540743307
0,48.3599,3.85,-0.8232190179501204
0,48.3599,3.8531250000000004,-0.8348755225764376
0,48.3599,3.85625,-0.8467675492710401
0,48.3599,3.859375,-0.8589009300424504
0,48.3599,3.8625000000000003,-0.8712816506803488
0,48.3599,3.865625,-0.8839158536962272
0,48.3599,3.8687500000000004,-0.8968098410652927
0,48.3599,3.871875,-0.9099700767128492
0,48.3599,3.875,-0.9234031886800194
0,48.3599,3.8781250000000003,-0.9371159708944838
0,48.3599,3.88125,-0.9511153844621847
0,48.3599,3.8843750000000004,-0.9654085583855664
0,48.3599,3.8875,-0.9800027896028656
0,48.3599,3.890625,-0.9949055422315664
0,48.3599,3.8937500000000003,-1.0101244458870615
0,48.3599,3.896875,-1.0256672929352648
0,48.3599,3.9000000000000004,-1.041542034525228
0,48.3599,3.903125,-1.057756775234834
0,48.3599,3.90625,-1.0743197661496335
0,48.3599,3.9093750000000003,-1.0912393961816316
0,48.3599,3.9125,-1.1085241814216638
0,48.3599,3.9156250000000004,-1.1261827523058996
0,48.3599,3.91875,-1.1442238383638812
0,48.3599,3.921875,-1.1626562503027544
0,48.3599,3.9250000000000003,-1.1814888591696515
0,48.3599,3.928125,-1.2007305723219164
0,48.3599,3.9312500000000004,-1.2203903059229035
0,48.3599,3.934375,-1.2404769536695976
0,48.3599,3.9375,-1.2609993514474598
0,48.3599,3.9406250000000003,-1.281966237597723
0,48.3599,3.94375,-1.3033862084732395
0,48.3599,3.9468750000000004,-1.3252676689510698
0,48.3599,3.95,-1.3476187775636057
0,48.3599,3.953125,-1.3704473859058786
0,48.3599,3.9562500000000003,-1.3937609719748998
0,48.3599,3.959375,-1.4175665670985993
0,48.3599,3.9625000000000004,-1.4418706761176565
0,48.3599,3.965625,-1.4666791904941416
0,48.3599,3.96875,-1.4919972940379729
0,48.3599,3.9718750000000003,-1.5178293609662232
0,48.3599,3.975,-1.5441788460434407
0,48.3599,3.9781250000000004,-1.571048166594369
0,48.3599,3.98125,-1.5984385762353814
0,48.3599,3.984375,-1.6263500302399052
0,48.3599,3.9875000000000003,-1.6547810425368952
0,48.3599,3.990625,-1.6837285344428112
0,48.3599,3.9937500000000004,-1.7131876753477562
0,48.3599,3.996875,-1.7431517157171108
0,48.3599,4.0,-1.7736118129332774
0,48.3599,4.003125000000001,-1.8045568506884142
0,48.3599,4.00625,-1.835973252850045
0,48.3599,4.009375,-1.867844792957508
0,48.3599,4.0125,-1.9001524007673196
0,48.3599,4.015625,-1.9328739675511866
0,48.3599,4.018750000000001,-1.9659841521568857
0,48.3599,4.021875,-1.9994541901699292
0,48.3599,4.025,-2.033251708857319
0,48.3599,4.028125,-2.0673405509286984
0,48.3599,4.03125,-2.101680610510278
0,48.3599,4.034375000000001,-2.1362276850817716
0,48.3599,4.0375,-2.170933347469709
0,48.3599,4.040625,-2.2057448423080737
0,48.3599,4.04375,-2.2406050116559415
0,48.3599,4.046875,-2.275452254688035
0,48.3599,4.050000000000001,-2.3102205265274387
0,48.3599,4.053125,-2.3448393813546993
0,48.3599,4.05625,-2.379234064882131
0,48.3599,4.059375,-2.4133256611056537
0,48.3599,4.0625,-2.4470312979208346
0,48.3599,4.065625000000001,-2.4802644156922513
0,48.3599,4.06875,-2.5129351021828072
0,48.3599,4.071875,-2.544950496367189
0,48.3599,4.075,-2.5762152625649795
0,48.3599,4.078125,-2.606632135036011
0,48.3599,4.081250000000001,-2.6361025316905518
0,48.3599,4.084375,-2.664527233903022
0,48.3599,4.0875,-2.691807127611082
0,48.3599,4.090625,-2.7178439989765577
0,48.3599,4.09375,-2.7425413759395085
0,48.3599,4.096875000000001,-2.7658054050771725
0,48.3599,4.1,-2.7875457513649726
0,48.3599,4.103125,-2.8076765068085265
0,48.3599,4.10625,-2.8261170925583765
0,48.3599,4.109375,-2.842793138116051
0,48.3599,4.112500000000001,-2.857637320662491
0,48.3599,4.115625,-2.8705901474504287
0,48.3599,4.11875,-2.881600664641336
0,48.3599,4.121875,-2.890627076955145
0,48.3599,4.125,-2.897637264031654
0,48.3599,4.128125000000001,-2.902609181442477
0,48.3599,4.13125,-2.905531136783586
0,48.3599,4.134375,-2.9064019341363347
0,48.3599,4.1375,-2.9052308833057805
0,48.3599,4.140625,-2.9020376735103746
0,48.3599,4.143750000000001,-2.896852114478997
0,48.3599,4.146875,-2.8897137510822652
0,48.3599,4.15,-2.88067136056251
0,48.3599,4.153125,-2.869782344022503
0,48.3599,4.15625,-2.8571120259963956
0,48.3599,4.159375000000001,-2.8427328775912466
0,48.3599,4.1625,-2.8267236798129933
0,48.3599,4.165625,-2.8091686442625488
0,48.3599,4.16875,-2.7901565084187814
0,48.3599,4.171875,-2.769779622249476
0,48.3599,4.175000000000001,-2.748133041965684
0,48.3599,4.178125,-2.725313645427911
0,48.3599,4.18125,-2.701419282105369
0,48.3599,4.184375,-2.6765479686671525
0,48.3599,4.1875,-2.6507971393306824
0,48.3599,4.190625000000001,-2.624262958090637
0,48.3599,4.19375,-2.5970396979723183
0,48.3599,4.196875,-2.569219190561005
0,48.3599,4.2,-2.5408903473047166
0,48.3599,4.203125,-2.512138752508958
0,48.3599,4.206250000000001,-2.4830463265675036
0,48.3599,4.209375,-2.45369105681454
0,48.3599,4.2125,-2.424146792446965
0,48.3599,4.215625,-2.3944830992457025
0,48.3599,4.21875,-2.364765169308341
0,48.3599,4.221875000000001,-2.3350537806773084
0,48.3599,4.225,-2.3054053015841136
0,48.3599,4.228125,-2.2758717340093684
0,48.3599,4.23125,-2.2465007913562216
0,48.3599,4.234375,-2.2173360052258477
0,48.3599,4.237500000000001,-2.188416856548154
0,48.3599,4.240625,-2.159778926635378
0,48.3599,4.24375,-2.1314540640741977
0,48.3599,4.246875,-2.103470563737636
0,48.3599,4.25,-2.0758533545669753
0,48.3599,4.253125000000001,-2.0486241931380103
0,48.3599,4.25625,-2.0218018603752665
0,48.3599,4.259375,-1.9954023591079044
0,48.3599,4.2625,-1.9694391104686555
0,48.3599,4.265625,-1.9439231474186347
0,48.3599,4.268750000000001,-1.9188633039384788
0,48.3599,4.271875,-1.8942663986579888
0,48.3599,4.275,-1.8701374119053187
0,48.3599,4.278125,-1.8464796553446043
0,48.3599,4.28125,-1.8232949335386313
0,48.3599,4.284375000000001,-1.800583696925251
0,48.3599,4.2875,-1.7783451858326322
0,48.3599,4.290625,-1.7565775652825515
0,48.3599,4.29375,-1.7352780504441614
0,48.3599,4.296875,-1.714443022703223
0,48.3599,4.300000000000001,-1.6940681364063384
0,48.3599,4.303125,-1.674148416424775
0,48.3599,4.30625,-1.6546783467595336
0,48.3599,4.309375,-1.6356519504779834
0,48.3599,4.3125,-1.6170628613315021
0,48.3599,4.315625000000001,-1.5989043874544566
0,48.3599,4.31875,-1.5811695675854411
0,48.3599,4.321875,-1.5638512202828747
0,48.3599,4.325,-1.54694198662874
0,48.3599,4.328125,-1.5304343669255815
0,48.3599,4.331250000000001,-1.5143207518950532
0,48.3599,4.334375,-1.4985934488802313
0,48.3599,4.3375,-1.4832447035407352
0,48.3599,4.340625,-1.4682667175104445
0,48.3599,4.34375,-1.45365166246273
0,48.3599,4.346875000000001,-1.4393916910007372
0,48.3599,4.35,-1.4254789447602183
0,48.3599,4.353125,-1.4119055600824113
0,48.3599,4.35625,-1.398663671585805
0,48.3599,4.359375,-1.3857454139390486
0,48.3599,4.362500000000001,-1.3731429221152027
0,48.3599,4.365625,-1.3608483303898422
0,48.3599,4.36875,-1.3488537703338157
0,48.3599,4.371875,-1.3371513680462364
0,48.3599,4.375,-1.3257332408741163
0,48.3599,4.378125000000001,-1.314591493873096
0,48.3599,4.38125,-1.303718216277249
0,48.3599,4.384375,-1.2931054782651024
0,48.3599,4.3875,-1.282745328332289
0,48.3599,4.390625,-1.2726297916065414
0,48.3599,4.393750000000001,-1.2627508694668939
0,48.3599,4.396875,-1.2531005408523463
0,48.3599,4.4,-1.2436707656635555
0,48.3599,4.403125,-1.2344534906709834
0,48.3599,4.40625,-1.2254406583399968
0,48.3599,4.409375000000001,-1.2166242189651428
0,48.3599,4.4125,-1.207996146467337
0,48.3599,4.415625,-1.199548458146562
0,48.3599,4.41875,-1.1912732385962284
0,48.3599,4.421875,-1.1831626678716591
0,48.3599,4.425000000000001,-1.175209053865166
0,48.3599,4.428125,-1.167404868675077
0,48.3599,4.43125,-1.1597427885705855
0,48.3599,4.434375,-1.1522157369551016
0,48.3599,4.4375,-1.144816929526592
0,48.3599,4.440625000000001,-1.1375399206363481
0,48.3599,4.44375,-1.1303786496701926
0,48.3599,4.446875,-1.123327486132733
0,48.3599,4.45,-1.116381272019829
0,48.3599,4.453125,-1.1095353600289093
0,48.3599,4.456250000000001,-1.1027856461912597
0,48.3599,4.459375,-1.0961285956194708
0,48.3599,4.4625,-1.089561260247305
0,48.3599,4.465625,-1.0830812876922673
0,48.3599,4.46875,-1.07668692068105
0,48.3599,4.471875000000001,-1.0703769868281636
0,48.3599,4.475,-1.06415087892693
0,48.3599,4.478125,-1.0580085262767052
0,48.3599,4.48125,-1.0519503579076261
0,48.3599,4.484375,-1.0459772588528977
0,48.3599,4.487500000000001,-1.0400905208423932
0,48.3599,4.490625,-1.0342917889381649
0,48.3599,4.49375,-1.0285830056977439
0,48.3599,4.496875,-1.022966354436136
0,48.3599,4.5,-1.017444203069177
0,48.3599,4.503125000000001,-1.0120190498715826
0,48.3599,4.50625,-1.006693472287135
0,48.3599,4.509375,-1.0014700797026135
0,48.3599,4.5125,-0.9963514708576459
0,48.3599,4.515625,-0.991340196324231
0,48.3599,4.518750000000001,-0.986438726265249
0,48.3599,4.521875,-0.9816494234800328
0,48.3599,4.525,-0.9769745215736658
0,48.3599,4.528125,-0.9724161079486631
0,48.3599,4.53125,-0.967976111213498
0,48.3599,4.534375000000001,-0.9636562925311913
0,48.3599,4.5375,-0.9594582403894798
0,48.3599,4.540625,-0.9553833682582134
0,48.3599,4.54375,-0.951432914605077
0,48.3599,4.546875,-0.9476079447626985
0,48.3599,4.550000000000001,-0.9439093541745922
0,48.3599,4.553125,-0.9403378725899948
0,48.3599,4.55625,-0.9368940688251515
0,48.3599,4.559375,-0.9335783557583671
0,48.3599,4.5625,-0.9303909952756854
0,48.3599,4.565625000000001,-0.9273321029321694
0,48.3599,4.56875,-0.9244016521390305
0,48.3599,4.571875,-0.9215994777288444
0,48.3599,4.575,-0.9189252787894558
0,48.3599,4.578125,-0.9163786206917423
0,48.3599,4.581250000000001,-0.9139589362676328
0,48.3599,4.584375,-0.9116655261225909
0,48.3599,4.5875,-0.9094975580918827
0,48.3599,4.590625,-0.9074540658725572
0,48.3599,4.59375,-0.9055339468836597
0,48.3599,4.596875000000001,-0.9037359594261681
0,48.3599,4.6,-0.9020587192318141
0,48.3599,4.603125,-0.9005006955065515
0,48.3599,4.60625,-0.8990602065902773
0,48.3599,4.609375,-0.897735415369374
0,48.3599,4.612500000000001,-0.8965243245930488
0,48.3599,4.615625,-0.8954247722578472
0,48.3599,4.61875,-0.8944344272372163
0,48.3599,4.621875,-0.8935507853441117
0,48.3599,4.625,-0.8927711660240649
0,48.3599,4.628125000000001,-0.8920927098833904
0,48.3599,4.63125,-0.891512377261729
0,48.3599,4.634375,-0.8910269480593787
0,48.3599,4.6375,-0.8906330230272248
0,48.3599,4.640625,-0.8903270267199755
0,48.3599,4.643750000000001,-0.8901052123013251
0,48.3599,4.646875,-0.8899636683722015
0,48.3599,4.65,-0.8898983279701199
0,48.3599,4.653125,-0.8899049798587861
0,48.3599,4.65625,-0.889979282192632
0,48.3599,4.659375000000001,-0.8901167786013178
0,48.3599,4.6625,-0.8903129166950577
0,48.3599,4.665625,-0.890563068943879
0,48.3599,4.66875,-0.890862555833749
0,48.3599,4.671875,-0.891206671151268
0,48.3599,4.675000000000001,-0.891590709197813
0,48.3599,4.678125,-0.892009993685112
0,48.3599,4.68125,-0.8924599080186648
0,48.3599,4.684375,-0.8929359266345342
0,48.3599,4.6875,-0.8934336470197575
0,48.3599,4.690625000000001,-0.8939488220177261
0,48.3599,4.69375,-0.8944773919977166
0,48.3599,4.696875,-0.8950155164523115
0,48.3599,4.7,-0.8955596045773886
0,48.3599,4.703125,-0.8961063443862911
0,48.3599,4.706250000000001,-0.8966527299119177
0,48.3599,4.709375,-0.8971960860573615
0,48.3599,4.7125,-0.8977340906667881
0,48.3599,4.715625,-0.8982647934033782
0,48.3599,4.71875,-0.8987866310404065
0,48.3599,4.721875000000001,-0.8992984387953264
0,48.3599,4.725,-0.8997994573657779
0,48.3599,4.728125,-0.9002893353615223
0,48.3599,4.73125,-0.9007681268682755
0,48.3599,4.734375,-0.9012362839288771
0,48.3599,4.737500000000001,-0.9016946437844845
0,48.3599,4.740625,-0.9021444107832443
0,48.3599,4.74375,-0.9025871329354497
0,48.3599,4.746875,-0.9030246731710287
0,48.3599,4.75,-0.9034591754355062
0,48.3599,4.753125000000001,-0.9038930258419386
0,48.3599,4.75625,-0.9043288091763034
0,48.3599,4.759375,-0.9047692611299083
0,48.3599,4.7625,-0.9052172167023951
0,48.3599,4.765625,-0.9056755552811433
0,48.3599,4.768750000000001,-0.9061471429561743
0,48.3599,4.771875,-0.9066347726737525
0,48.3599,4.775,-0.9071411028670494
0,48.3599,4.778125,-0.9076685952296609
0,48.3599,4.78125,-0.9082194523189732
0,48.3599,4.784375000000001,-0.9087955556934378
0,48.3599,4.7875,-0.909398405302811
0,48.3599,4.790625,-0.9100290608653739
0,48.3599,4.79375,-0.9106880859826273
0,48.3599,4.796875,-0.9113754957609468
0,48.3599,4.800000000000001,-0.9120907087311233
0,48.3599,4.803125,-0.9128325038795252
0,48.3599,4.80625,-0.91359898362644
0,48.3599,4.809375,-0.9143875436042097
0,48.3599,4.8125,-0.9151948500951709
0,48.3599,4.815625000000001,-0.9160168259809551
0,48.3599,4.81875,-0.9168486460236427
0,48.3599,4.821875,-0.9176847422384248
0,48.3599,4.825,-0.9185188200201782
0,48.3599,4.828125,-0.9193438855473015
0,48.3599,4.831250000000001,-0.9201522848020127
0,48.3599,4.834375,-0.9209357543169799
0,48.3599,4.8375,-0.9216854834873772
0,48.3599,4.840625,-0.9223921879833284
0,48.3599,4.84375,-0.9230461934730185
0,48.3599,4.846875000000001,-0.923637528538137
0,48.3599,4.85,-0.9241560253506441
0,48.3599,4.853125,-0.924591426404272
0,48.3599,4.85625,-0.9249334953760237
0,48.3599,4.859375,-0.9251721300496208
0,48.3599,4.862500000000001,-0.9252974751761682
0,48.3599,4.865625,-0.9253000331821437
0,48.3599,4.86875,-0.9251707707576489
0,48.3599,4.871875,-0.924901219557254
0,48.3599,4.875,-0.9244835695032745
0,48.3599,4.878125000000001,-0.923910753473708
0,48.3599,4.88125,-0.923176522459313
0,48.3599,4.884375,-0.9222755105624403
0,48.3599,4.8875,-0.9212032894645079
0,48.3599,4.890625,-0.9199564121956872
0,48.3599,4.893750000000001,-0.9185324461933586
0,48.3599,4.896875,-0.9169299957362738
0,48.3599,4.9,-0.9151487138969924
0,48.3599,4.903125,-0.9131893041784006
0,48.3599,4.90625,-0.9110535120060256
0,48.3599,4.909375000000001,-0.9087441062516642
0,48.3599,4.9125,-0.9062648509790018
0,48.3599,4.915625,-0.9036204676385782
0,48.3599,4.91875,-0.9008165880034819
0,48.3599,4.921875,-0.8978596982297659
0,48.3599,4.925000000000001,-0.8947570745438272
0,48.3599,4.928125,-0.8915167111960609
0,48.3599,4.93125,-0.8881472414668592
0,48.3599,4.934375,-0.8846578526567589
0,48.3599,4.9375,-0.8810581961261833
0,48.3599,4.940625000000001,-0.8773582935618371
0,48.3599,4.94375,-0.8735684407277235
0,48.3599,4.946875,-0.8696991100030425
0,48.3599,4.95,-0.8657608530134882
0,48.3599,4.953125,-0.8617642046260352
0,48.3599,4.956250000000001,-0.8577195895026629
0,48.3599,4.959375,-0.8536372322999093
0,48.3599,4.9625,-0.849527072465216
0,48.3599,4.965625,-0.8453986844255589
0,48.3599,4.96875,-0.8412612037968773
0,48.3599,4.971875000000001,-0.8371232600731063
0,48.3599,4.975,-0.8329929160886967
0,48.3599,4.978125,-0.8288776143954272
0,48.3599,4.98125,-0.8247841305588055
0,48.3599,4.984375,-0.8207185332653393
0,48.3599,4.987500000000001,-0.8166861510424541
0,48.3599,4.990625,-0.8126915453287504
0,48.3599,4.99375,-0.8087384895936846
0,48.3599,4.996875,-0.8048299541912997
0,48.3599,5.0,-0.8009680966399134
0,48.3599,5.003125,-0.7971542570459863
0,48.3599,5.0062500000000005,-0.7933889584318686
0,48.3599,5.009375,-0.7896719117801335
0,48.3599,5.0125,-0.7860020256675054
0,48.3599,5.015625,-0.7823774204249403
0,48.3599,5.01875,-0.7787954468229978
0,48.3599,5.0218750000000005,-0.7752527093393796
0,48.3599,5.025,-0.7717450941145799
0,48.3599,5.028125,-0.7682678017384447
0,48.3599,5.03125,-0.764815385032016
0,48.3599,5.034375,-0.7613817919924525
0,48.3599,5.0375000000000005,-0.7579604140519709
0,48.3599,5.040625,-0.7545441397629203
0,48.3599,5.04375,-0.7511254139594314
0,48.3599,5.046875,-0.7476963023615666
0,48.3599,5.05,-0.7442485614813417
0,48.3599,5.0531250000000005,-0.740773713563469
0,48.3599,5.05625,-0.7372631261502153
0,48.3599,5.059375,-0.7337080957036234
0,48.3599,5.0625,-0.7300999345548949
0,48.3599,5.065625,-0.7264300602862865
0,48.3599,5.0687500000000005,-0.7226900864926904
0,48.3599,5.071875,-0.7188719137258278
0,48.3599,5.075,-0.7149678193017454
0,48.3599,5.078125,-0.7109705445597987
0,48.3599,5.08125,-0.7068733781056445
0,48.3599,5.0843750000000005,-0.7026702335581053
0,48.3599,5.0875,-0.6983557203543853
0,48.3599,5.090625,-0.6939252062526169
0,48.3599,5.09375,-0.6893748703051935
0,48.3599,5.096875,-0.6847017452584225
0,48.3599,5.1000000000000005,-0.67990374855888
0,48.3599,5.103125,-0.6749797014070491
0,48.3599,5.10625,-0.6699293355848317
0,48.3599,5.109375,-0.6647532880841773
0,48.3599,5.1125,-0.6594530838667861
0,48.3599,5.1156250000000005,-0.6540311073767997
0,48.3599,5.11875,-0.6484905636968382
0,48.3599,5.121875,-0.6428354304709321
0,48.3599,5.125,-0.63707040190588
0,48.3599,5.128125,-0.6312008262974922
0,48.3599,5.1312500000000005,-0.6252326386053394
0,48.3599,5.134375,-0.6191722896173062
0,48.3599,5.1375,-0.6130266732050436
0,48.3599,5.140625,-0.6068030530786152
0,48.3599,5.14375,-0.6005089903109172
0,48.3599,5.1468750000000005,-0.5941522727306646
0,48.3599,5.15,-0.5877408470889715
0,48.3599,5.153125,-0.5812827547019326
0,48.3599,5.15625,-0.5747860710731136
0,48.3599,5.159375,-0.5682588498168777
0,48.3599,5.1625000000000005,-0.5617090710455919
0,48.3599,5.165625,-0.5551445942571951
0,48.3599,5.16875,-0.548573115667329
0,48.3599,5.171875,-0.5420021298718158
0,48.3599,5.175,-0.5354388956967963
0,48.3599,5.1781250000000005,-0.5288904060893863
0,48.3599,5.18125,-0.5223633619135036
0,48.3599,5.184375,-0.5158641495353872
0,48.3599,5.1875,-0.5093988221039425
0,48.3599,5.190625,-0.5029730844459678
0,48.3599,5.1937500000000005,-0.4965922815016813
0,48.3599,5.196875,-0.4902613902195955
0,48.3599,5.2,-0.48398501481188366
0,48.3599,5.203125,-0.47776738524386286
0,48.3599,5.20625,-0.4716123587970034
0,48.3599,5.2093750000000005,-0.46552342450783457
0,48.3599,5.2125,-0.4595037102488479
0,48.3599,5.215625,-0.4535559921853796
0,48.3599,5.21875,-0.44768270631712764
0,48.3599,5.221875,-0.4418859617959901
0,48.3599,5.2250000000000005,-0.43616755570421806
0,48.3599,5.228125,-0.4305289889783156
0,48.3599,5.23125,-0.4249714831739214
0,48.3599,5.234375,-0.4194959977839952
0,48.3599,5.2375,-0.41410324784526104
0,48.3599,5.2406250000000005,-0.40879372159466504
0,48.3599,5.24375,-0.40356769796681485
0,48.3599,5.246875,-0.39842526375363224
0,48.3599,5.25,-0.3933663302775713
0,48.3599,5.253125,-0.3883906494586387
0,48.3599,5.2562500000000005,-0.383497829182485
0,48.3599,5.259375,-0.3786873479014593
0,48.3599,5.2625,-0.37395856842239517
0,48.3599,5.265625,-0.3693107508540329
0,48.3599,5.26875,-0.36474306470321644
0,48.3599,5.2718750000000005,-0.3602546001226017
0,48.3599,5.275,-0.3558443783236919
0,48.3599,5.278125,-0.3515113611777644
0,48.3599,5.28125,-0.34725446003407145
0,48.3599,5.284375,-0.34307254378963264
0,48.3599,5.2875000000000005,-0.33896444624844524
0,48.3599,5.290625,-0.3349289728101344
0,48.3599,5.29375,-0.3309649065291962
0,48.3599,5.296875,-0.32707101358630963
0,48.3599,5.3,-0.3232460482127727
0,48.3599,5.3031250000000005,-0.31948875710820807
0,48.3599,5.30625,-0.3157978833903789
0,48.3599,5.309375,-0.31217217011430165
0,48.3599,5.3125,-0.30861036339608056
0,48.3599,5.315625,-0.3051112151749001
0,48.3599,5.3187500000000005,-0.3016734856446237
0,48.3599,5.321875,-0.2982959453844142
0,48.3599,5.325,-0.29497737721575523
0,48.3599,5.328125,-0.291716577811315
0,48.3599,5.33125,-0.2885123590791521
0,48.3599,5.3343750000000005,-0.2853635493439545
0,48.3599,5.3375,-0.28226899434526287
0,48.3599,5.340625,-0.2792275580709769
0,48.3599,5.34375,-0.27623812344292137
0,48.3599,5.346875,-0.27329959286978606
0,48.3599,5.3500000000000005,-0.2704108886814232
0,48.3599,5.353125,-0.2675709534572407
0,48.3599,5.35625,-0.26477875026025893
0,48.3599,5.359375,-0.2620332627873708
0,48.3599,5.3625,-0.2593334954453276
0,48.3599,5.3656250000000005,-0.2566784733610985
0,48.3599,5.36875,-0.2540672423344257
0,48.3599,5.371875,-0.2514988687396244
0,48.3599,5.375,-0.2489724393830234
0,48.3599,5.378125,-0.2464870613217743
0,48.3599,5.3812500000000005,-0.2440418616492151
0,48.3599,5.384375,-0.24163598725144017
0,48.3599,5.3875,-0.23926860453924603
0,48.3599,5.390625,-0.2369388991592183
0,48.3599,5.39375,-0.2346460756873079
0,48.3599,5.3968750000000005,-0.2323893573079019
0,48.3599,5.4,-0.23016798548108114
0,48.3599,5.403125,-0.22798121960044493
0,48.3599,5.40625,-0.2258283366436496
0,48.3599,5.409375,-0.22370863081754416
0,48.3599,5.4125000000000005,-0.22162141319958734
0,48.3599,5.415625,-0.21956601137703394
0,48.3599,5.41875,-0.21754176908519463
0,48.3599,5.421875,-0.21554804584593595
0,48.3599,5.425,-0.21358421660742374
0,48.3599,5.4281250000000005,-0.21164967138600066
0,48.3599,5.43125,-0.20974381491096916
0,48.3599,5.434375,-0.2078660662729437
0,48.3599,5.4375,-0.2060158585763566
0,48.3599,5.440625,-0.204192638596602
0,48.3599,5.4437500000000005,-0.20239586644224383
0,48.3599,5.446875,-0.2006250152226381
0,48.3599,5.45,-0.198879570721259
0,48.3599,5.453125,-0.19715903107497787
0,48.3599,5.45625,-0.1954629064594806
0,48.3599,5.4593750000000005,-0.1937907187809794
0,48.3599,5.4625,-0.1921420013743311
0,48.3599,5.465625,-0.19051629870764145
0,48.3599,5.46875,-0.18891316609341166
0,48.3599,5.471875,-0.1873321694062485
0,48.3599,5.4750000000000005,-0.18577288480714316
0,48.3599,5.478125,-0.18423489847430363
0,48.3599,5.48125,-0.18271780634049944
0,48.3599,5.484375,-0.1812212138368791
0,48.3599,5.4875,-0.17974473564319055
0,48.3599,5.4906250000000005,-0.1782879954443306
0,48.3599,5.49375,-0.17685062569314564
0,48.3599,5.496875,-0.1754322673793805
0,48.3599,5.5,-0.17403256980468826
0,48.3599,5.503125,-0.17265119036358706
0,48.3599,5.5062500000000005,-0.17128779433025784
0,48.3599,5.509375,-0.1699420546510698
0,48.3599,5.5125,-0.1686136517427115
0,48.3599,5.515625,-0.1673022732958165
0,48.3599,5.51875,-0.16600761408395584
0,48.3599,5.5218750000000005,-0.16472937577787738
0,48.3599,5.525,-0.16346726676487347
0,48.3599,5.528125,-0.16222100197314407
0,48.3599,5.53125,-0.16099030270104547
0,48.3599,5.534375,-0.1597748964510929
0,48.3599,5.5375000000000005,-0.15857451676860052
0,48.3599,5.540625,-0.15738890308483872
0,48.3599,5.54375,-0.15621780056458656
0,48.3599,5.546875,-0.15506095995796848
0,48.3599,5.55,-0.15391813745645513
0,48.3599,5.5531250000000005,-0.15278909455291587
0,48.3599,5.55625,-0.15167359790561516
0,48.3599,5.559375,-0.15057141920603606
0,48.3599,5.5625,-0.14948233505043265
0,48.3599,5.565625,-0.14840612681500015
0,48.3599,5.5687500000000005,-0.14734258053456167
0,48.3599,5.571875,-0.14629148678467413
0,48.3599,5.575,-0.14525264056704884
0,48.3599,5.578125,-0.1442258411981992
0,48.3599,5.58125,-0.14321089220121586
0,48.3599,5.5843750000000005,-0.14220760120058124
0,48.3599,5.5875,-0.14121577981993522
0,48.3599,5.590625,-0.1402352435827017
0,48.3599,5.59375,-0.13926581181549896
0,48.3599,5.596875,-0.1383073075542447
0,48.3599,5.6000000000000005,-0.13735955745288142
0,48.3599,5.603125,-0.13642239169464285
0,48.3599,5.60625,-0.13549564390578506
0,48.3599,5.609375,-0.13457915107171164
0,48.3599,5.6125,-0.13367275345542137
0,48.3599,5.6156250000000005,-0.13277629451820722
0,48.3599,5.61875,-0.1318896208425443
0,48.3599,5.621875,-0.13101258205709568
0,48.3599,5.625,-0.13014503076377923
0,48.3599,5.628125,-0.12928682246683093
0,48.3599,5.6312500000000005,-0.1284378155038044
0,48.3599,5.634375,-0.1275978709784541
0,48.3599,5.6375,-0.12676685269543844
0,48.3599,5.640625,-0.12594462709679713
0,48.3599,5.64375,-0.12513106320014386
0,48.3599,5.6468750000000005,-0.12432603253852742
0,48.3599,5.65,-0.12352940910190989
0,48.3599,5.653125,-0.12274106928021379
0,48.3599,5.65625,-0.12196089180789392
0,48.3599,5.659375,-0.1211887577099871
0,48.3599,5.6625000000000005,-0.12042455024959645
0,48.3599,5.665625,-0.1196681548767699
0,48.3599,5.66875,-0.11891945917872823
0,48.3599,5.671875,-0.11817835283140754
0,48.3599,5.675,-0.11744472755227375
0,48.3599,5.6781250000000005,-0.11671847705437537
0,48.3599,5.68125,-0.11599949700159598
0,48.3599,5.684375,-0.11528768496507126
0,48.3599,5.6875,-0.11458294038073978
0,48.3599,5.690625,-0.1138851645079914
0,48.3599,5.6937500000000005,-0.11319426038938284
0,48.3599,5.696875,-0.11251013281139087
0,48.3599,5.7,-0.11183268826616967
0,48.3599,5.703125,-0.11116183491428772
0,48.3599,5.70625,-0.11049748254841356
0,48.3599,5.7093750000000005,-0.10983954255792357
0,48.3599,5.7125,-0.10918792789440701
0,48.3599,5.715625,-0.10854255303803931
0,48.3599,5.71875,-0.1079033339648035
0,48.3599,5.721875,-0.10727018811453212
0,48.3599,5.7250000000000005,-0.10664303435974824
0,48.3599,5.728125,-0.106021792975283
0,48.3599,5.73125,-0.10540638560864578
0,48.3599,5.734375,-0.10479673525112976
0,48.3599,5.7375,-0.10419276620962825
0,48.3599,5.7406250000000005,-0.10359440407914479
0,48.3599,5.74375,-0.10300157571597715
0,48.3599,5.746875,-0.1024142092115541
0,48.3599,5.75,-0.10183223386691127
0,48.3599,5.753125,-0.10125558016778487
0,48.3599,5.7562500000000005,-0.10068417976030739
0,48.3599,5.759375,-0.10011796542729008
0,48.3599,5.7625,-0.09955687106507287
0,48.3599,5.765625,-0.0990008316609307
0,48.3599,5.76875,-0.09844978327101694
0,48.3599,5.7718750000000005,-0.09790366299883208
0,48.3599,5.775,-0.09736240897420285
0,48.3599,5.778125,-0.09682596033275631
0,48.3599,5.78125,-0.09629425719587853
0,48.3599,5.784375,-0.09576724065114267
0,48.3599,5.7875000000000005,-0.09524485273319443
0,48.3599,5.790625,-0.0947270364050837
0,48.3599,5.79375,-0.0942137355400284
0,48.3599,5.796875,-0.09370489490360125
0,48.3599,5.800000000000001,-0.0932004601363273
0,48.3599,5.8031250000000005,-0.09270037773668176
0,48.3599,5.80625,-0.09220459504447626
0,48.3599,5.809375,-0.0917130602246258
0,48.3599,5.8125,-0.09122572225128445
0,48.3599,5.815625000000001,-0.09074253089234081
0,48.3599,5.8187500000000005,-0.09026343669426504
0,48.3599,5.821875,-0.08978839096729503
0,48.3599,5.825,-0.089317345770958
0,48.3599,5.828125,-0.08885025389991393
0,48.3599,5.831250000000001,-0.08838706887011608
0,48.3599,5.8343750000000005,-0.08792774490527924
0,48.3599,5.8375,-0.08747223692364628
0,48.3599,5.840625,-0.08702050052504907
0,48.3599,5.84375,-0.08657249197825286
0,48.3599,5.846875000000001,-0.08612816820857888
0,48.3599,5.8500000000000005,-0.08568748678579764
0,48.3599,5.853125,-0.08525040591228557
0,48.3599,5.85625,-0.0848168844114395
0,48.3599,5.859375,-0.08438688171634215
0,48.3599,5.862500000000001,-0.08396035785867156
0,48.3599,5.8656250000000005,-0.08353727345784993
0,48.3599,5.86875,-0.08311758971042438
0,48.3599,5.871875,-0.08270126837967506
0,48.3599,5.875,-0.08228827178544475
0,48.3599,5.878125000000001,-0.08187856279418396
0,48.3599,5.8812500000000005,-0.08147210480920754
0,48.3599,5.884375,-0.08106886176115584
0,48.3599,5.8875,-0.08066879809865687
0,48.3599,5.890625,-0.0802718787791848
0,48.3599,5.893750000000001,-0.07987806926010825
0,48.3599,5.8968750000000005,-0.0794873354899265
0,48.3599,5.9,-0.07909964389968592
0,48.3599,5.903125,-0.07871496139457554
0,48.3599,5.90625,-0.07833325534569492
0,48.3599,5.909375000000001,-0.0779544935819921
0,48.3599,5.9125000000000005,-0.07757864438236647
0,48.3599,5.915625,-0.07720567646793242
0,48.3599,5.91875,-0.0768355589944415
0,48.3599,5.921875,-0.07646826154485789
0,48.3599,5.925000000000001,-0.07610375412208428
0,48.3599,5.9281250000000005,-0.07574200714183467
0,48.3599,5.93125,-0.07538299142564978
0,48.3599,5.934375,-0.07502667819405363
0,48.3599,5.9375,-0.07467303905984594
0,48.3599,5.940625000000001,-0.07432204602152857
0,48.3599,5.9437500000000005,-0.07397367145686301
0,48.3599,5.946875,-0.07362788811655412
0,48.3599,5.95,-0.07328466911805975
0,48.3599,5.953125,-0.07294398793952205
0,48.3599,5.956250000000001,-0.07260581841381704
0,48.3599,5.9593750000000005,-0.07227013472272174
0,48.3599,5.9625,-0.07193691139119383
0,48.3599,5.965625,-0.0716061232817633
0,48.3599,5.96875,-0.07127774558903248
0,48.3599,5.971875000000001,-0.0709517538342826
0,48.3599,5.9750000000000005,-0.07062812386018401
0,48.3599,5.978125,-0.07030683182560772
0,48.3599,5.98125,-0.06998785420053702
0,48.3599,5.984375,-0.06967116776107544
0,48.3599,5.987500000000001,-0.06935674958455025
0,48.3599,5.9906250000000005,-0.0690445770447087
0,48.3599,5.99375,-0.06873462780700512
0,48.3599,5.996875,-0.0684268798239766
0,48.3599,6.0,-0.06812131133070636
