"Current","Field","Frequency","Spectra"
0,41.7418,1.0,-0.022087905920469636
0,41.7418,1.003125,-0.022160640033924785
0,41.7418,1.00625,-0.022233847726126903
0,41.7418,1.009375,-0.022307533879713157
0,41.7418,1.0125,-0.022381703445289922
0,41.7418,1.015625,-0.022456361442601516
0,41.7418,1.01875,-0.02253151296172256
0,41.7418,1.021875,-0.022607163164274687
0,41.7418,1.025,-0.022683317284667805
0,41.7418,1.028125,-0.02275998063136694
0,41.7418,1.03125,-0.02283715858818479
0,41.7418,1.034375,-0.022914856615600998
0,41.7418,1.0375,-0.022993080252108524
0,41.7418,1.040625,-0.023071835115587774
0,41.7418,1.04375,-0.023151126904709284
0,41.7418,1.046875,-0.023230961400365485
0,41.7418,1.05,-0.023311344467132292
0,41.7418,1.053125,-0.02339228205476128
0,41.7418,1.05625,-0.023473780199703025
0,41.7418,1.059375,-0.02355584502666264
0,41.7418,1.0625,-0.023638482750187824
0,41.7418,1.065625,-0.023721699676290793
0,41.7418,1.06875,-0.023805502204104354
0,41.7418,1.071875,-0.023889896827573254
0,41.7418,1.075,-0.023974890137181723
0,41.7418,1.078125,-0.02406048882171773
0,41.7418,1.08125,-0.024146699670075353
0,41.7418,1.084375,-0.024233529573095706
0,41.7418,1.0875,-0.02432098552544768
0,41.7418,1.090625,-0.024409074627549453
0,41.7418,1.09375,-0.024497804087531543
0,41.7418,1.096875,-0.024587181223242813
0,41.7418,1.1,-0.024677213464300084
0,41.7418,1.103125,-0.02476790835418278
0,41.7418,1.10625,-0.024859273552373506
0,41.7418,1.109375,-0.024951316836545848
0,41.7418,1.1125,-0.02504404610480049
0,41.7418,1.115625,-0.025137469377950923
0,41.7418,1.11875,-0.025231594801859943
0,41.7418,1.121875,-0.02532643064982832
0,41.7418,1.125,-0.02542198532503683
0,41.7418,1.128125,-0.0255182673630431
0,41.7418,1.13125,-0.025615285434334733
0,41.7418,1.134375,-0.025713048346939903
0,41.7418,1.1375,-0.02581156504909724
0,41.7418,1.140625,-0.025910844631986223
0,41.7418,1.14375,-0.02601089633251985
0,41.7418,1.146875,-0.02611172953620114
0,41.7418,1.15,-0.02621335378004501
0,41.7418,1.153125,-0.026315778755567513
0,41.7418,1.15625,-0.026419014311843854
0,41.7418,1.159375,-0.026523070458637252
0,41.7418,1.1625,-0.026627957369600417
0,41.7418,1.165625,-0.02673368538555146
0,41.7418,1.16875,-0.026840265017826506
0,41.7418,1.171875,-0.02694770695171059
0,41.7418,1.175,-0.027056022049949377
0,41.7418,1.178125,-0.027165221356343576
0,41.7418,1.18125,-0.027275316099428328
0,41.7418,1.184375,-0.027386317696239962
0,41.7418,1.1875,-0.027498237756172217
0,41.7418,1.190625,-0.0276110880849247
0,41.7418,1.19375,-0.02772488068854576
0,41.7418,1.196875,-0.027839627777572516
0,41.7418,1.2,-0.02795534177127064
0,41.7418,1.203125,-0.0280720353019766
0,41.7418,1.20625,-0.028189721219545286
0,41.7418,1.209375,-0.028308412595905698
0,41.7418,1.2125,-0.028428122729727903
0,41.7418,1.215625,-0.028548865151204247
0,41.7418,1.21875,-0.028670653626947915
0,41.7418,1.221875,-0.02879350216501231
0,41.7418,1.225,-0.02891742502003429
0,41.7418,1.228125,-0.029042436698505134
0,41.7418,1.23125,-0.02916855196417257
0,41.7418,1.234375,-0.029295785843577546
0,41.7418,1.2375,-0.02942415363172963
0,41.7418,1.240625,-0.029553670897925082
0,41.7418,1.24375,-0.02968435349171126
0,41.7418,1.246875,-0.029816217549002155
0,41.7418,1.25,-0.029949279498348608
0,41.7418,1.253125,-0.030083556067368435
0,41.7418,1.25625,-0.030219064289340403
0,41.7418,1.259375,-0.0303558215099671
0,41.7418,1.2625,-0.03049384539431177
0,41.7418,1.265625,-0.030633153933913575
0,41.7418,1.26875,-0.030773765454087075
0,41.7418,1.271875,-0.030915698621411063
0,41.7418,1.275,-0.031058972451412162
0,41.7418,1.278125,-0.03120360631644919
0,41.7418,1.28125,-0.03134961995380391
0,41.7418,1.284375,-0.03149703347398458
0,41.7418,1.2875,-0.03164586736924834
0,41.7418,1.290625,-0.031796142522348955
0,41.7418,1.29375,-0.03194788021551698
0,41.7418,1.296875,-0.032101102139678706
0,41.7418,1.3,-0.032255830403921666
0,41.7418,1.303125,-0.03241208754521362
0,41.7418,1.30625,-0.03256989653838291
0,41.7418,1.309375,-0.03272928080636816
0,41.7418,1.3125,-0.0328902642307452
0,41.7418,1.315625,-0.03305287116254003
0,41.7418,1.31875,-0.03321712643333621
0,41.7418,1.321875,-0.03338305536668576
0,41.7418,1.325,-0.03355068378983331
0,41.7418,1.328125,-0.033720038045762346
0,41.7418,1.33125,-0.03389114500557427
0,41.7418,1.334375,-0.03406403208121006
0,41.7418,1.3375,-0.034238727238525474
0,41.7418,1.340625,-0.03441525901073071
0,41.7418,1.34375,-0.03459365651220578
0,41.7418,1.346875,-0.03477394945270347
0,41.7418,1.35,-0.03495616815195228
0,41.7418,1.353125,-0.03514034355467148
0,41.7418,1.35625,-0.03532650724601171
0,41.7418,1.359375,-0.03551469146743429
0,41.7418,1.3625,-0.03570492913304348
0,41.7418,1.365625,-0.035897253846385944
0,41.7418,1.36875,-0.03609169991773216
0,41.7418,1.371875,-0.03628830238185574
0,41.7418,1.375,-0.03648709701632603
0,41.7418,1.378125,-0.036688120360330916
0,41.7418,1.38125,-0.03689140973404689
0,41.7418,1.384375,-0.03709700325857405
0,41.7418,1.3875,-0.03730493987645415
0,41.7418,1.390625,-0.03751525937279121
0,41.7418,1.39375,-0.037728002396993796
0,41.7418,1.396875,-0.03794321048515964
0,41.7418,1.4,-0.0381609260831235
0,41.7418,1.403125,-0.038381192570190154
0,41.7418,1.40625,-0.038604054283575044
0,41.7418,1.409375,-0.03882955654357596
0,41.7418,1.4125,-0.0390577456795001
0,41.7418,1.415625,-0.039288669056371274
0,41.7418,1.41875,-0.03952237510244368
0,41.7418,1.421875,-0.039758913337548496
0,41.7418,1.425,-0.03999833440230191
0,41.7418,1.428125,-0.04024069008820274
0,41.7418,1.43125,-0.040486033368649935
0,41.7418,1.434375,-0.04073441843091084
0,41.7418,1.4375,-0.040985900709072
0,41.7418,1.440625,-0.041240536918006124
0,41.7418,1.44375,-0.04149838508838937
0,41.7418,1.446875,-0.04175950460280442
0,41.7418,1.45,-0.04202395623296672
0,41.7418,1.453125,-0.04229180217811148
0,41.7418,1.45625,-0.042563106104581715
0,41.7418,1.459375,-0.04283793318665752
0,41.7418,1.4625,-0.043116350148670074
0,41.7418,1.465625,-0.04339842530844344
0,41.7418,1.46875,-0.04368422862211015
0,41.7418,1.471875,-0.04397383173034801
0,41.7418,1.475,-0.044267308006086414
0,41.7418,1.478125,-0.04456473260373349
0,41.7418,1.48125,-0.04486618250997599
0,41.7418,1.484375,-0.04517173659620635
0,41.7418,1.4875,-0.04548147567263344
0,41.7418,1.490625,-0.045795482544134763
0,41.7418,1.49375,-0.046113842067910644
0,41.7418,1.496875,-0.04643664121300299
0,41.7418,1.5,-0.046763969121742556
0,41.7418,1.503125,-0.0470959171731922
0,41.7418,1.50625,-0.047432579048655055
0,41.7418,1.509375,-0.04777405079931893
0,41.7418,1.5125000000000002,-0.048120430916111526
0,41.7418,1.515625,-0.048471820401842135
0,41.7418,1.51875,-0.048828322845710155
0,41.7418,1.521875,-0.049190044500261015
0,41.7418,1.525,-0.049557094360875055
0,41.7418,1.5281250000000002,-0.04992958424787651
0,41.7418,1.53125,-0.05030762889135214
0,41.7418,1.534375,-0.0506913460187745
0,41.7418,1.5375,-0.05108085644552403
0,41.7418,1.540625,-0.05147628416841097
0,41.7418,1.5437500000000002,-0.05187775646229885
0,41.7418,1.546875,-0.0522854039799352
0,41.7418,1.55,-0.0526993608550992
0,41.7418,1.553125,-0.053119764809177364
0,41.7418,1.55625,-0.053546757261283974
0,41.7418,1.5593750000000002,-0.053980483442044605
0,41.7418,1.5625,-0.0544210925111652
0,41.7418,1.565625,-0.054868737678912885
0,41.7418,1.56875,-0.055323576331636856
0,41.7418,1.571875,-0.05578577016146287
0,41.7418,1.5750000000000002,-0.05625548530029678
0,41.7418,1.578125,-0.05673289245827612
0,41.7418,1.58125,-0.057218167066813146
0,41.7418,1.584375,-0.05771148942637393
0,41.7418,1.5875,-0.05821304485914298
0,41.7418,1.5906250000000002,-0.05872302386672515
0,41.7418,1.59375,-0.05924162229303821
0,41.7418,1.596875,-0.059769041492554575
0,41.7418,1.6,-0.06030548850404992
0,41.7418,1.603125,-0.06085117623002071
0,41.7418,1.6062500000000002,-0.061406323621933566
0,41.7418,1.609375,-0.06197115587146962
0,41.7418,1.6125,-0.06254590460793034
0,41.7418,1.615625,-0.06313080810196803
0,41.7418,1.61875,-0.0637261114758074
0,41.7418,1.6218750000000002,-0.06433206692012117
0,41.7418,1.625,-0.06494893391772114
0,41.7418,1.628125,-0.0655769794742253
0,41.7418,1.63125,-0.06621647835585454
0,41.7418,1.634375,-0.06686771333451083
0,41.7418,1.6375000000000002,-0.06753097544028075
0,41.7418,1.640625,-0.06820656422150045
0,41.7418,1.64375,-0.06889478801251087
0,41.7418,1.646875,-0.0695959642092178
0,41.7418,1.65,-0.07031041955256176
0,41.7418,1.6531250000000002,-0.07103849041998461
0,41.7418,1.65625,-0.07178052312496286
0,41.7418,1.659375,-0.07253687422465827
0,41.7418,1.6625,-0.07330791083570944
0,41.7418,1.665625,-0.07409401095816417
0,41.7418,1.6687500000000002,-0.07489556380751923
0,41.7418,1.671875,-0.07571297015479816
0,41.7418,1.675,-0.07654664267456071
0,41.7418,1.678125,-0.07739700630068733
0,41.7418,1.68125,-0.07826449858973539
0,41.7418,1.6843750000000002,-0.07914957009160374
0,41.7418,1.6875,-0.08005268472717635
0,41.7418,1.690625,-0.08097432017254788
0,41.7418,1.69375,-0.08191496824934574
0,41.7418,1.696875,-0.0828751353205795
0,41.7418,1.7000000000000002,-0.08385534269134245
0,41.7418,1.703125,-0.08485612701357872
0,41.7418,1.70625,-0.08587804069400641
0,41.7418,1.709375,-0.08692165230414252
0,41.7418,1.7125,-0.08798754699122713
0,41.7418,1.7156250000000002,-0.08907632688866876
0,41.7418,1.71875,-0.09018861152444362
0,41.7418,1.721875,-0.0913250382256757
0,41.7418,1.725,-0.09248626251738701
0,41.7418,1.728125,-0.09367295851315752
0,41.7418,1.7312500000000002,-0.09488581929515039
0,41.7418,1.734375,-0.09612555728064653
0,41.7418,1.7375,-0.09739290457189761
0,41.7418,1.740625,-0.09868861328572412
0,41.7418,1.74375,-0.10001345585888213
0,41.7418,1.7468750000000002,-0.10136822532476812
0,41.7418,1.75,-0.10275373555653747
0,41.7418,1.753125,-0.10417082147117958
0,41.7418,1.75625,-0.10562033918849487
0,41.7418,1.759375,-0.1071031661382866
0,41.7418,1.7625000000000002,-0.10862020110837639
0,41.7418,1.765625,-0.1101723642252917
0,41.7418,1.76875,-0.11176059685865626
0,41.7418,1.771875,-0.11338586143940918
0,41.7418,1.775,-0.11504914118102239
0,41.7418,1.7781250000000002,-0.11675143969183613
0,41.7418,1.78125,-0.11849378046550613
0,41.7418,1.784375,-0.12027720623535598
0,41.7418,1.7875,-0.12210277817711901
0,41.7418,1.790625,-0.12397157494318035
0,41.7418,1.7937500000000002,-0.12588469150994716
0,41.7418,1.796875,-0.127843237818404
0,41.7418,1.8,-0.12984833718626018
0,41.7418,1.803125,-0.1319011244683338
0,41.7418,1.80625,-0.13400274393999645
0,41.7418,1.8093750000000002,-0.13615434687658456
0,41.7418,1.8125,-0.13835708879970193
0,41.7418,1.815625,-0.14061212635931303
0,41.7418,1.81875,-0.14292061381843718
0,41.7418,1.821875,-0.14528369910517866
0,41.7418,1.8250000000000002,-0.14770251939473794
0,41.7418,1.828125,-0.1501781961820157
0,41.7418,1.83125,-0.15271182980347797
0,41.7418,1.834375,-0.15530449336512578
0,41.7418,1.8375,-0.15795722603180473
0,41.7418,1.8406250000000002,-0.16067102563173208
0,41.7418,1.84375,-0.16344684052910952
0,41.7418,1.846875,-0.16628556071714143
0,41.7418,1.85,-0.16918800808375287
0,41.7418,1.853125,-0.17215492580299266
0,41.7418,1.8562500000000002,-0.1751869668065923
0,41.7418,1.859375,-0.17828468129263136
0,41.7418,1.8625,-0.18144850323191514
0,41.7418,1.865625,-0.18467873583765196
0,41.7418,1.86875,-0.18797553597061023
0,41.7418,1.8718750000000002,-0.19133889746030297
0,41.7418,1.875,-0.1947686333331652
0,41.7418,1.878125,-0.1982643569514272
0,41.7418,1.88125,-0.20182546208163912
0,41.7418,1.884375,-0.20545110192991173
0,41.7418,1.8875000000000002,-0.20914016720206424
0,41.7418,1.890625,-0.21289126327128427
0,41.7418,1.89375,-0.21670268656378575
0,41.7418,1.896875,-0.22057240030438197
0,41.7418,1.9,-0.22449800979900195
0,41.7418,1.9031250000000002,-0.22847673746985217
0,41.7418,1.90625,-0.23250539790103847
0,41.7418,1.909375,-0.23658037319771244
0,41.7418,1.9125,-0.24069758900963306
0,41.7418,1.915625,-0.24485249161983375
0,41.7418,1.9187500000000002,-0.24904002654982035
0,41.7418,1.921875,-0.25325461918325265
0,41.7418,1.925,-0.25749015795889385
0,41.7418,1.928125,-0.2617399807289077
0,41.7418,1.93125,-0.2659968649183576
0,41.7418,1.9343750000000002,-0.2702530221535675
0,41.7418,1.9375,-0.2745000980482831
0,41.7418,1.940625,-0.27872917784454815
0,41.7418,1.94375,-0.28293079859689907
0,41.7418,1.946875,-0.2870949685611115
0,41.7418,1.9500000000000002,-0.2912111943994241
0,41.7418,1.953125,-0.295268516740568
0,41.7418,1.95625,-0.2992555545330746
0,41.7418,1.959375,-0.30316055850296264
0,41.7418,1.9625,-0.30697147387178175
0,41.7418,1.9656250000000002,-0.3106760123088726
0,41.7418,1.96875,-0.31426173288478315
0,41.7418,1.971875,-0.3177161315646734
0,41.7418,1.975,-0.3210267385363391
0,41.7418,1.978125,-0.3241812224139751
0,41.7418,1.9812500000000002,-0.3271675001040091
0,41.7418,1.984375,-0.3299738508727034
0,41.7418,1.9875,-0.3325890329269774
0,41.7418,1.990625,-0.33500240062073167
0,41.7418,1.99375,-0.33720402023957374
0,41.7418,1.9968750000000002,-0.33918478220711035
0,41.7418,2.0,-0.34093650750457316
0,41.7418,2.003125,-0.34245204610911023
0,41.7418,2.00625,-0.3437253653387119
0,41.7418,2.0093750000000004,-0.34475162614462607
0,41.7418,2.0125,-0.345527245613078
0,41.7418,2.015625,-0.3460499442216545
0,41.7418,2.01875,-0.34631877673309464
0,41.7418,2.021875,-0.3463341459888176
0,41.7418,2.0250000000000004,-0.3460977992723695
0,41.7418,2.028125,-0.34561280733355465
0,41.7418,2.03125,-0.34488352658110827
0,41.7418,2.034375,-0.34391554534930574
0,41.7418,2.0375,-0.3427156155069534
0,41.7418,2.0406250000000004,-0.3412915709927378
0,41.7418,2.04375,-0.339652235118464
0,41.7418,2.046875,-0.3378073186739179
0,41.7418,2.05,-0.335767310989875
0,41.7418,2.053125,-0.33354336616842833
0,41.7418,2.0562500000000004,-0.33114718667481413
0,41.7418,2.059375,-0.3285909064075219
0,41.7418,2.0625,-0.32588697523127946
0,41.7418,2.065625,-0.32304804677976245
0,41.7418,2.06875,-0.3200868711219124
0,41.7418,2.0718750000000004,-0.31701619364831174
0,41.7418,2.075,-0.31384866128272676
0,41.7418,2.078125,-0.3105967368686214
0,41.7418,2.08125,-0.30727262233002767
0,41.7418,2.084375,-0.30388819096815006
0,41.7418,2.0875000000000004,-0.3004549290355495
0,41.7418,2.090625,-0.2969838865331407
0,41.7418,2.09375,-0.29348563700455055
0,41.7418,2.096875,-0.2899702459591638
0,41.7418,2.1,-0.2864472474397387
0,41.7418,2.1031250000000004,-0.2829256281621134
0,41.7418,2.10625,-0.2794138185916448
0,41.7418,2.109375,-0.2759196902814783
0,41.7418,2.1125,-0.2724505587789268
0,41.7418,2.115625,-0.2690131914052988
0,41.7418,2.1187500000000004,-0.2656138192285725
0,41.7418,2.121875,-0.2622581525744645
0,41.7418,2.125,-0.2589513994569945
0,41.7418,2.128125,-0.255698286352084
0,41.7418,2.13125,-0.2525030807847932
0,41.7418,2.1343750000000004,-0.2493696152505805
0,41.7418,2.1375,-0.24630131204176064
0,41.7418,2.140625,-0.24330120860082366
0,41.7418,2.14375,-0.24037198307133564
0,41.7418,2.146875,-0.23751597976394778
0,41.7418,2.1500000000000004,-0.23473523429899756
0,41.7418,2.153125,-0.2320314982278547
0,41.7418,2.15625,-0.22940626297232336
0,41.7418,2.159375,-0.22686078295493486
0,41.7418,2.1625,-0.22439609782285222
0,41.7418,2.1656250000000004,-0.22201305369446322
0,41.7418,2.16875,-0.21971232338069205
0,41.7418,2.171875,-0.21749442555283327
0,41.7418,2.175,-0.21535974284551862
0,41.7418,2.178125,-0.21330853889751672
0,41.7418,2.1812500000000004,-0.2113409743447089
0,41.7418,2.184375,-0.209457121789009
0,41.7418,2.1875,-0.20765697977447584
0,41.7418,2.190625,-0.2059404858076185
0,41.7418,2.19375,-0.2043075284631432
0,41.7418,2.1968750000000004,-0.20275795861934817
0,41.7418,2.2,-0.20129159986920947
0,41.7418,2.203125,-0.19990825815409624
0,41.7418,2.20625,-0.1986077306671523
0,41.7418,2.209375,-0.19738981407280348
0,41.7418,2.2125000000000004,-0.1962543120877303
0,41.7418,2.215625,-0.19520104246705905
0,41.7418,2.21875,-0.19422984343756988
0,41.7418,2.221875,-0.19334057961746182
0,41.7418,2.225,-0.19253314745969924
0,41.7418,2.2281250000000004,-0.19180748025325872
0,41.7418,2.23125,-0.19116355271370708
0,41.7418,2.234375,-0.1906013851915235
0,41.7418,2.2375,-0.19012104752342446
0,41.7418,2.240625,-0.18972266254868653
0,41.7418,2.2437500000000004,-0.18940640930908106
0,41.7418,2.246875,-0.18917252594754003
0,41.7418,2.25,-0.1890213123170491
0,41.7418,2.253125,-0.188953132307504
0,41.7418,2.25625,-0.1889684158943432
0,41.7418,2.2593750000000004,-0.1890676609086711
0,41.7418,2.2625,-0.18925143452427357
0,41.7418,2.265625,-0.18952037445237951
0,41.7418,2.26875,-0.18987518983020127
0,41.7418,2.271875,-0.19031666178415663
0,41.7418,2.2750000000000004,-0.19084564364319884
0,41.7418,2.278125,-0.1914630607718178
0,41.7418,2.28125,-0.19216990998598465
0,41.7418,2.284375,-0.19296725850854893
0,41.7418,2.2875,-0.19385624241333005
0,41.7418,2.2906250000000004,-0.19483806449932656
0,41.7418,2.29375,-0.19591399152806854
0,41.7418,2.296875,-0.19708535074813777
0,41.7418,2.3,-0.19835352562124503
0,41.7418,2.303125,-0.19971995065400563
0,41.7418,2.3062500000000004,-0.20118610522867075
0,41.7418,2.309375,-0.20275350631462452
0,41.7418,2.3125,-0.20442369993047443
0,41.7418,2.315625,-0.20619825121416685
0,41.7418,2.31875,-0.20807873294588503
0,41.7418,2.3218750000000004,-0.21006671235572183
0,41.7418,2.325,-0.21216373603554028
0,41.7418,2.328125,-0.2143713127623701
0,41.7418,2.33125,-0.21669089402956998
0,41.7418,2.334375,-0.21912385207237628
0,41.7418,2.3375000000000004,-0.22167145516699333
0,41.7418,2.340625,-0.22433483997791218
0,41.7418,2.34375,-0.22711498072761763
0,41.7418,2.346875,-0.23001265496742918
0,41.7418,2.35,-0.2330284057392838
0,41.7418,2.3531250000000004,-0.23616249993733035
0,41.7418,2.35625,-0.23941488270707395
0,41.7418,2.359375,-0.24278512776041505
0,41.7418,2.3625,-0.24627238353944353
0,41.7418,2.365625,-0.24987531523256992
0,41.7418,2.3687500000000004,-0.25359204273584735
0,41.7418,2.371875,-0.2574200747625627
0,41.7418,2.375,-0.26135623943751957
0,41.7418,2.378125,-0.2653966118708369
0,41.7418,2.38125,-0.2695364393908952
0,41.7418,2.3843750000000004,-0.2737700653278143
0,41.7418,2.3875,-0.27809085247698906
0,41.7418,2.390625,-0.2824911076346202
0,41.7418,2.39375,-0.2869620088798719
0,41.7418,2.396875,-0.2914935375749158
0,41.7418,2.4000000000000004,-0.2960744173555523
0,41.7418,2.403125,-0.30069206267914483
0,41.7418,2.40625,-0.3053325397676659
0,41.7418,2.409375,-0.3099805430127486
0,41.7418,2.4125,-0.3146193900746
0,41.7418,2.4156250000000004,-0.31923103898255856
0,41.7418,2.41875,-0.3237961305054851
0,41.7418,2.421875,-0.32829405887828167
0,41.7418,2.425,-0.3327030736216559
0,41.7418,2.428125,-0.3370004146550466
0,41.7418,2.4312500000000004,-0.34116248216366624
0,41.7418,2.434375,-0.3451650417364008
0,41.7418,2.4375,-0.3489834641513663
0,41.7418,2.440625,-0.3525929978755318
0,41.7418,2.44375,-0.35596907090660534
0,41.7418,2.4468750000000004,-0.35908761707967196
0,41.7418,2.45,-0.3619254204647252
0,41.7418,2.453125,-0.36446047008410204
0,41.7418,2.45625,-0.3666723159786151
0,41.7418,2.459375,-0.3685424167460073
0,41.7418,2.4625000000000004,-0.3700544681552679
0,41.7418,2.465625,-0.37119470237807806
0,41.7418,2.46875,-0.37195214782089936
0,41.7418,2.471875,-0.37231884050153763
0,41.7418,2.475,-0.3722899793684365
0,41.7418,2.4781250000000004,-0.3718640198470618
0,41.7418,2.48125,-0.3710427021178537
0,41.7418,2.484375,-0.3698310130583752
0,41.7418,2.4875,-0.3682370832745128
0,41.7418,2.490625,-0.3662720230523176
0,41.7418,2.4937500000000004,-0.3639497032412151
0,41.7418,2.496875,-0.36128648890840637
0,41.7418,2.5,-0.358300934990386
0,41.7418,2.503125,-0.35501345405366275
0,41.7418,2.50625,-0.35144596664454286
0,41.7418,2.5093750000000004,-0.3476215445759549
0,41.7418,2.5125,-0.34356405691864766
0,41.7418,2.515625,-0.3392978275105235
0,41.7418,2.51875,-0.33484731156311254
0,41.7418,2.521875,-0.3302367975268264
0,41.7418,2.5250000000000004,-0.32549013887365386
0,41.7418,2.528125,-0.32063051895560263
0,41.7418,2.53125,-0.31568025067411193
0,41.7418,2.534375,-0.31066061140765094
0,41.7418,2.5375,-0.305591712531846
0,41.7418,2.5406250000000004,-0.30049240195163074
0,41.7418,2.54375,-0.29538019735555165
0,41.7418,2.546875,-0.2902712473933339
0,41.7418,2.55,-0.28518031765418783
0,41.7418,2.553125,-0.2801207981635807
0,41.7418,2.5562500000000004,-0.2751047290949503
0,41.7418,2.559375,-0.27014284148322537
0,41.7418,2.5625,-0.2652446099027231
0,41.7418,2.565625,-0.260418314308466
0,41.7418,2.56875,-0.2556711085154332
0,41.7418,2.5718750000000004,-0.25100909308628394
0,41.7418,2.575,-0.246437390699522
0,41.7418,2.578125,-0.24196022236520587
0,41.7418,2.58125,-0.23758098313544315
0,41.7418,2.584375,-0.2333023162160389
0,41.7418,2.5875000000000004,-0.22912618462013584
0,41.7418,2.590625,-0.22505393971259074
0,41.7418,2.59375,-0.22108638617481877
0,41.7418,2.596875,-0.21722384307458023
0,41.7418,2.6,-0.2134662008551183
0,41.7418,2.6031250000000004,-0.20981297416518505
0,41.7418,2.60625,-0.20626335053800962
0,41.7418,2.609375,-0.20281623499558363
0,41.7418,2.6125,-0.19947029070709835
0,41.7418,2.615625,-0.19622397586924992
0,41.7418,2.6187500000000004,-0.19307557700357866
0,41.7418,2.621875,-0.1900232388839344
0,41.7418,2.625,-0.18706499131733112
0,41.7418,2.628125,-0.1841987730053794
0,41.7418,2.63125,-0.18142245271248564
0,41.7418,2.6343750000000004,-0.17873384796223657
0,41.7418,2.6375,-0.17613074147577246
0,41.7418,2.640625,-0.17361089555631037
0,41.7418,2.64375,-0.171172064612947
0,41.7418,2.646875,-0.16881200600497706
0,41.7418,2.6500000000000004,-0.16652848937564396
0,41.7418,2.653125,-0.16431930463180372
0,41.7418,2.65625,-0.16218226871370386
0,41.7418,2.659375,-0.1601152312871379
0,41.7418,2.6625,-0.15811607947876188
0,41.7418,2.6656250000000004,-0.15618274176447372
0,41.7418,2.66875,-0.15431319111048772
0,41.7418,2.671875,-0.1525054474571497
0,41.7418,2.675,-0.15075757962662703
0,41.7418,2.678125,-0.14906770672737008
0,41.7418,2.6812500000000004,-0.1474339991206798
0,41.7418,2.684375,-0.1458546790077799
0,41.7418,2.6875,-0.14432802068947642
0,41.7418,2.690625,-0.14285235054474446
0,41.7418,2.69375,-0.14142604676937143
0,41.7418,2.6968750000000004,-0.14004753891108923
0,41.7418,2.7,-0.13871530723338354
0,41.7418,2.703125,-0.1374278819363623
0,41.7418,2.70625,-0.13618384225964364
0,41.7418,2.709375,-0.1349818154891619
0,41.7418,2.7125000000000004,-0.13382047588705812
0,41.7418,2.715625,-0.13269854356137722
0,41.7418,2.71875,-0.1316147832901276
0,41.7418,2.721875,-0.13056800331232538
0,41.7418,2.725,-0.12955705409693327
0,41.7418,2.7281250000000004,-0.12858082709908866
0,41.7418,2.73125,-0.12763825351167188
0,41.7418,2.734375,-0.12672830301908403
0,41.7418,2.7375,-0.12584998255905894
0,41.7418,2.740625,-0.12500233509741582
0,41.7418,2.7437500000000004,-0.1241844384198538
0,41.7418,2.746875,-0.12339540394418244
0,41.7418,2.75,-0.12263437555576484
0,41.7418,2.753125,-0.12190052846841219
0,41.7418,2.75625,-0.1211930681124973
0,41.7418,2.7593750000000004,-0.12051122905164802
0,41.7418,2.7625,-0.11985427392902909
0,41.7418,2.765625,-0.11922149244391576
0,41.7418,2.76875,-0.11861220035900161
0,41.7418,2.771875,-0.11802573853865773
0,41.7418,2.7750000000000004,-0.11746147201816959
0,41.7418,2.778125,-0.11691878910381545
0,41.7418,2.78125,-0.11639710050351451
0,41.7418,2.784375,-0.1158958384876574
0,41.7418,2.7875,-0.1154144560796375
0,41.7418,2.7906250000000004,-0.11495242627552393
0,41.7418,2.79375,-0.11450924129225311
0,41.7418,2.796875,-0.1140844118436676
0,41.7418,2.8,-0.11367746644369042
0,41.7418,2.803125,-0.11328795073589536
0,41.7418,2.8062500000000004,-0.11291542684871242
0,41.7418,2.809375,-0.11255947277549301
0,41.7418,2.8125,-0.1122196817786546
0,41.7418,2.815625,-0.11189566181712048
0,41.7418,2.81875,-0.11158703499627279
0,41.7418,2.8218750000000004,-0.11129343703964367
0,41.7418,2.825,-0.11101451678157834
0,41.7418,2.828125,-0.11074993568011543
0,41.7418,2.83125,-0.11049936734934429
0,41.7418,2.834375,-0.11026249711051479
0,41.7418,2.8375000000000004,-0.11003902156119111
0,41.7418,2.840625,-0.10982864816176058
0,41.7418,2.84375,-0.10963109483862717
0,41.7418,2.846875,-0.1094460896034377
0,41.7418,2.85,-0.10927337018771058
0,41.7418,2.8531250000000004,-0.10911268369225594
0,41.7418,2.85625,-0.1089637862507956
0,41.7418,2.859375,-0.1088264427072145
0,41.7418,2.8625,-0.1087004263058899
0,41.7418,2.865625,-0.10858551839457181
0,41.7418,2.8687500000000004,-0.10848150813929981
0,41.7418,2.871875,-0.10838819225086721
0,41.7418,2.875,-0.10830537472235781
0,41.7418,2.878125,-0.10823286657730194
0,41.7418,2.88125,-0.10817048562801297
0,41.7418,2.8843750000000004,-0.10811805624368766
0,41.7418,2.8875,-0.10807540912786456
0,41.7418,2.890625,-0.10804238110485684
0,41.7418,2.89375,-0.10801881491478803
0,41.7418,2.896875,-0.10800455901687521
0,41.7418,2.9000000000000004,-0.10799946740061991
0,41.7418,2.903125,-0.10800339940458073
0,41.7418,2.90625,-0.10801621954241439
0,41.7418,2.909375,-0.10803779733588717
0,41.7418,2.9125,-0.10806800715456931
0,41.7418,2.9156250000000004,-0.10810672806193897
0,41.7418,2.91875,-0.10815384366763182
0,41.7418,2.921875,-0.10820924198558748
0,41.7418,2.925,-0.10827281529784913
0,41.7418,2.928125,-0.10834446002378931
0,41.7418,2.9312500000000004,-0.10842407659453962
0,41.7418,2.934375,-0.10851156933241518
0,41.7418,2.9375,-0.10860684633513105
0,41.7418,2.940625,-0.10870981936461933
0,41.7418,2.94375,-0.10882040374026192
0,41.7418,2.9468750000000004,-0.10893851823636176
0,41.7418,2.95,-0.10906408498368635
0,41.7418,2.953125,-0.10919702937491953
0,41.7418,2.95625,-0.10933727997386969
0,41.7418,2.959375,-0.10948476842828461
0,41.7418,2.9625000000000004,-0.10963942938613394
0,41.7418,2.965625,-0.10980120041522351
0,41.7418,2.96875,-0.10997002192601193
0,41.7418,2.971875,-0.11014583709750723
0,41.7418,2.975,-0.1103285918061245
0,41.7418,2.9781250000000004,-0.11051823455739229
0,41.7418,2.98125,-0.11071471642039975
0,41.7418,2.984375,-0.11091799096488117
0,41.7418,2.9875,-0.11112801420083894
0,41.7418,2.990625,-0.11134474452061122
0,41.7418,2.9937500000000004,-0.11156814264329314
0,41.7418,2.996875,-0.11179817156142588
0,41.7418,3.0,-0.11203479648987064
0,41.7418,3.0031250000000003,-0.11227798481678897
0,41.7418,3.00625,-0.11252770605665247
0,41.7418,3.009375,-0.11278393180521229
0,41.7418,3.0125,-0.11304663569635602
0,41.7418,3.015625,-0.11331579336078858
0,41.7418,3.0187500000000003,-0.11359138238647286
0,41.7418,3.021875,-0.11387338228076879
0,41.7418,3.025,-0.11416177443421523
0,41.7418,3.028125,-0.11445654208589673
0,41.7418,3.03125,-0.11475767029034453
0,41.7418,3.0343750000000003,-0.11506514588592037
0,41.7418,3.0375,-0.11537895746463421
0,41.7418,3.040625,-0.11569909534335097
0,41.7418,3.04375,-0.1160255515363413
0,41.7418,3.046875,-0.1163583197291341
0,41.7418,3.0500000000000003,-0.11669739525363108
0,41.7418,3.053125,-0.11704277506444437
0,41.7418,3.05625,-0.1173944577164204
0,41.7418,3.059375,-0.1177524433433159
0,41.7418,3.0625,-0.11811673363758976
0,41.7418,3.0656250000000003,-0.11848733183128293
0,41.7418,3.06875,-0.11886424267795134
0,41.7418,3.071875,-0.11924747243562635
0,41.7418,3.075,-0.11963702885077208
0,41.7418,3.078125,-0.1200329211432154
0,41.7418,3.0812500000000003,-0.12043515999202127
0,41.7418,3.084375,-0.12084375752229105
0,41.7418,3.0875,-0.1212587272928598
0,41.7418,3.090625,-0.12168008428487097
0,41.7418,3.09375,-0.12210784489120824
0,41.7418,3.0968750000000003,-0.12254202690676357
0,41.7418,3.1,-0.12298264951952445
0,41.7418,3.103125,-0.12342973330246092
0,41.7418,3.10625,-0.12388330020619667
0,41.7418,3.109375,-0.12434337355244701
0,41.7418,3.1125000000000003,-0.12480997802821078
0,41.7418,3.115625,-0.12528313968069868
0,41.7418,3.11875,-0.12576288591298804
0,41.7418,3.121875,-0.12624924548038846
0,41.7418,3.125,-0.1267422484875078
0,41.7418,3.1281250000000003,-0.12724192638600781
0,41.7418,3.13125,-0.12774831197303665
0,41.7418,3.134375,-0.128261439390331
0,41.7418,3.1375,-0.12878134412397702
0,41.7418,3.140625,-0.12930806300482178
0,41.7418,3.1437500000000003,-0.12984163420952827
0,41.7418,3.146875,-0.13038209726226474
0,41.7418,3.15,-0.1309294930370239
0,41.7418,3.153125,-0.13148386376056415
0,41.7418,3.15625,-0.13204525301596756
0,41.7418,3.1593750000000003,-0.13261370574681097
0,41.7418,3.1625,-0.13318926826194277
0,41.7418,3.165625,-0.13377198824086522
0,41.7418,3.16875,-0.1343619147397151
0,41.7418,3.171875,-0.13495909819784216
0,41.7418,3.1750000000000003,-0.13556359044498237
0,41.7418,3.178125,-0.13617544470902307
0,41.7418,3.18125,-0.13679471562435974
0,41.7418,3.184375,-0.1374214592408429
0,41.7418,3.1875,-0.1380557330333133
0,41.7418,3.1906250000000003,-0.13869759591172814
0,41.7418,3.19375,-0.13934710823187502
0,41.7418,3.196875,-0.14000433180667812
0,41.7418,3.2,-0.14066932991809378
0,41.7418,3.203125,-0.1413421673296007
0,41.7418,3.2062500000000003,-0.1420229102992852
0,41.7418,3.209375,-0.14271162659352332
0,41.7418,3.2125,-0.1434083855012636
0,41.7418,3.215625,-0.14411325784891482
0,41.7418,3.21875,-0.14482631601583917
0,41.7418,3.2218750000000003,-0.1455476339504592
0,41.7418,3.225,-0.14627728718697952
0,41.7418,3.228125,-0.14701535286273076
0,41.7418,3.23125,-0.14776190973613954
0,41.7418,3.234375,-0.1485170382053302
0,41.7418,3.2375000000000003,-0.1492808203273673
0,41.7418,3.240625,-0.15005333983814076
0,41.7418,3.24375,-0.15083468217290533
0,41.7418,3.246875,-0.15162493448747916
0,41.7418,3.25,-0.15242418568010954
0,41.7418,3.2531250000000003,-0.1532325264140164
0,41.7418,3.25625,-0.15405004914061865
0,41.7418,3.259375,-0.15487684812345612
0,41.7418,3.2625,-0.15571301946281507
0,41.7418,3.265625,-0.15655866112106642
0,41.7418,3.2687500000000003,-0.15741387294873074
0,41.7418,3.271875,-0.15827875671127556
0,41.7418,3.275,-0.1591534161166629
0,41.7418,3.278125,-0.1600379568436539
0,41.7418,3.28125,-0.1609324865708846
0,41.7418,3.2843750000000003,-0.16183711500672765
0,41.7418,3.2875,-0.16275195391994965
0,41.7418,3.290625,-0.16367711717118316
0,41.7418,3.29375,-0.16461272074522204
0,41.7418,3.296875,-0.165558882784159
0,41.7418,3.3000000000000003,-0.16651572362138142
0,41.7418,3.303125,-0.16748336581643716
0,41.7418,3.30625,-0.16846193419079297
0,41.7418,3.309375,-0.1694515558644973
0,41.7418,3.3125,-0.17045236029376856
0,41.7418,3.3156250000000003,-0.171464479309527
0,41.7418,3.31875,-0.17248804715688731
0,41.7418,3.321875,-0.17352320053563444
0,41.7418,3.325,-0.1745700786417008
0,41.7418,3.328125,-0.1756288232096662
0,41.7418,3.3312500000000003,-0.17669957855630308
0,41.7418,3.334375,-0.17778249162518944
0,41.7418,3.3375,-0.17887771203241143
0,41.7418,3.340625,-0.1799853921133804
0,41.7418,3.34375,-0.18110568697078816
0,41.7418,3.3468750000000003,-0.18223875452372904
0,41.7418,3.35,-0.18338475555800884
0,41.7418,3.353125,-0.18454385377767488
0,41.7418,3.35625,-0.18571621585779013
0,41.7418,3.359375,-0.1869020114984808
0,41.7418,3.3625000000000003,-0.18810141348029175
0,41.7418,3.365625,-0.18931459772087245
0,41.7418,3.36875,-0.19054174333303386
0,41.7418,3.371875,-0.1917830326842022
0,41.7418,3.375,-0.1930386514573064
0,41.7418,3.3781250000000003,-0.194308788713135
0,41.7418,3.38125,-0.19559363695419515
0,41.7418,3.384375,-0.1968933921901153
0,41.7418,3.3875,-0.1982082540046253
0,41.7418,3.390625,-0.19953842562415663
0,41.7418,3.3937500000000003,-0.20088411398810352
0,41.7418,3.396875,-0.2022455298207841
0,41.7418,3.4000000000000004,-0.20362288770515086
0,41.7418,3.403125,-0.20501640615828692
0,41.7418,3.40625,-0.20642630770874612
0,41.7418,3.4093750000000003,-0.20785281897577196
0,41.7418,3.4125,-0.20929617075045576
0,41.7418,3.4156250000000004,-0.21075659807888011
0,41.7418,3.41875,-0.21223434034730004
0,41.7418,3.421875,-0.21372964136942035
0,41.7418,3.4250000000000003,-0.21524274947582142
0,41.7418,3.428125,-0.21677391760559592
0,41.7418,3.4312500000000004,-0.2183234034002534
0,41.7418,3.434375,-0.21989146929995834
0,41.7418,3.4375,-0.22147838264216463
0,41.7418,3.4406250000000003,-0.22308441576271426
0,41.7418,3.44375,-0.22470984609946731
0,41.7418,3.4468750000000004,-0.22635495629854027
0,41.7418,3.45,-0.22802003432321954
0,41.7418,3.453125,-0.22970537356563395
0,41.7418,3.4562500000000003,-0.2314112729612614
0,41.7418,3.459375,-0.23313803710635153
0,41.7418,3.4625000000000004,-0.23488597637835634
0,41.7418,3.465625,-0.2366554070594458
0,41.7418,3.46875,-0.2384466514632123
0,41.7418,3.4718750000000003,-0.24026003806465027
0,41.7418,3.475,-0.24209590163350986
0,41.7418,3.4781250000000004,-0.243954583371135
0,41.7418,3.48125,-0.24583643105087744
0,41.7418,3.484375,-0.2477417991622103
0,41.7418,3.4875000000000003,-0.24967104905864557
0,41.7418,3.490625,-0.2516245491095747
0,41.7418,3.4937500000000004,-0.25360267485616117
0,41.7418,3.496875,-0.2556058091714
0,41.7418,3.5,-0.2576343424244878
0,41.7418,3.5031250000000003,-0.2596886726496312
0,41.7418,3.50625,-0.2617692057194377
0,41.7418,3.5093750000000004,-0.26387635552304056
0,41.7418,3.5125,-0.2660105441491
0,41.7418,3.515625,-0.2681722020738515
0,41.7418,3.5187500000000003,-0.2703617683543543
0,41.7418,3.521875,-0.2725796908271169
0,41.7418,3.5250000000000004,-0.27482642631227777
0,41.7418,3.528125,-0.27710244082351765
0,41.7418,3.53125,-0.2794082097839053
0,41.7418,3.5343750000000003,-0.2817442182478637
0,41.7418,3.5375,-0.2841109611294714
0,41.7418,3.5406250000000004,-0.286508943437306
0,41.7418,3.54375,-0.2889386805160578
0,41.7418,3.546875,-0.291400698295139
0,41.7418,3.5500000000000003,-0.2938955335445309
0,41.7418,3.553125,-0.296423734138111
0,41.7418,3.5562500000000004,-0.29898585932473065
0,41.7418,3.559375,-0.3015824800072955
0,41.7418,3.5625,-0.30421417903013614
0,41.7418,3.5656250000000003,-0.30688155147495616
0,41.7418,3.56875,-0.3095852049656478
0,41.7418,3.5718750000000004,-0.31232575998230067
0,41.7418,3.575,-0.3151038501847076
0,41.7418,3.578125,-0.3179201227457156
0,41.7418,3.5812500000000003,-0.3207752386947583
0,41.7418,3.584375,-0.32366987327192825
0,41.7418,3.5875000000000004,-0.3266047162929708
0,41.7418,3.590625,-0.32958047252556405
0,41.7418,3.59375,-0.3325978620773063
0,41.7418,3.5968750000000003,-0.33565762079580214
0,41.7418,3.6,-0.33876050068128427
0,41.7418,3.6031250000000004,-0.3419072703122141
0,41.7418,3.60625,-0.3450987152843025
0,41.7418,3.609375,-0.3483356386634418
0,41.7418,3.6125000000000003,-0.35161886145301696
0,41.7418,3.615625,-0.3549492230761053
0,41.7418,3.6187500000000004,-0.3583275818730878
0,41.7418,3.621875,-0.36175481561519207
0,41.7418,3.625,-0.365231822034534
0,41.7418,3.6281250000000003,-0.36875951937120527
0,41.7418,3.63125,-0.3723388469380063
0,41.7418,3.6343750000000004,-0.375970765703414
0,41.7418,3.6375,-0.3796562588934008
0,41.7418,3.640625,-0.3833963326127388
0,41.7418,3.6437500000000003,-0.3871920164864356
0,41.7418,3.646875,-0.3910443643219616
0,41.7418,3.6500000000000004,-0.39495445479295654
0,41.7418,3.653125,-0.3989233921450991
0,41.7418,3.65625,-0.402952306924857
0,41.7418,3.6593750000000003,-0.4070423567318368
0,41.7418,3.6625,-0.4111947269954689
0,41.7418,3.6656250000000004,-0.4154106317767881
0,41.7418,3.66875,-0.41969131459605263
0,41.7418,3.671875,-0.4240380492870012
0,41.7418,3.6750000000000003,-0.42845214087850764
0,41.7418,3.678125,-0.43293492650444093
0,41.7418,3.6812500000000004,-0.4374877763425364
0,41.7418,3.684375,-0.442112094583068
0,41.7418,3.6875,-0.4468093204281609
0,41.7418,3.6906250000000003,-0.4515809291225477
0,41.7418,3.69375,-0.45642843301659003
0,41.7418,3.6968750000000004,-0.4613533826624082
0,41.7418,3.7,-0.46635736794391547
0,41.7418,3.703125,-0.471442019241609
0,41.7418,3.7062500000000003,-0.4766090086329166
0,41.7418,3.709375,-0.4818600511289234
0,41.7418,3.7125000000000004,-0.4871969059482985
0,41.7418,3.715625,-0.4926213778292063
0,41.7418,3.71875,-0.4981353183800233
0,41.7418,3.7218750000000003,-0.5037406274696299
0,41.7418,3.725,-0.5094392546580646
0,41.7418,3.7281250000000004,-0.5152332006683188
0,41.7418,3.73125,-0.5211245189000141
0,41.7418,3.734375,-0.5271153169857395
0,41.7418,3.7375000000000003,-0.5332077583907681
0,41.7418,3.740625,-0.5394040640569117
0,41.7418,3.7437500000000004,-0.5457065140912412
0,41.7418,3.746875,-0.5521174495003931
0,41.7418,3.75,-0.5586392739712207
0,41.7418,3.7531250000000003,-0.5652744556985052
0,41.7418,3.75625,-0.5720255292604838
0,41.7418,3.7593750000000004,-0.5788950975429697
0,41.7418,3.7625,-0.5858858337128265
0,41.7418,3.765625,-0.5930004832416281
0,41.7418,3.7687500000000003,-0.6002418659803295
0,41.7418,3.771875,-0.6076128782858383
0,41.7418,3.7750000000000004,-0.615116495200418
0,41.7418,3.778125,-0.6227557726848749
0,41.7418,3.78125,-0.6305338499065841
0,41.7418,3.7843750000000003,-0.6384539515834081
0,41.7418,3.7875,-0.6465193903846548
0,41.7418,3.7906250000000004,-0.6547335693902554
0,41.7418,3.79375,-0.6630999846093627
0,41.7418,3.796875,-0.6716222275596323
0,41.7418,3.8000000000000003,-0.6803039879083922
0,41.7418,3.803125,-0.68914905617691
0,41.7418,3.8062500000000004,-0.6981613265088692
0,41.7418,3.809375,-0.7073447995040048
0,41.7418,3.8125,-0.716703585117664
0,41.7418,3.8156250000000003,-0.7262419056266979
0,41.7418,3.81875,-0.7359640986616822
0,41.7418,3.8218750000000004,-0.7458746203049031
0,41.7418,3.825,-0.7559780482527305
0,41.7418,3.828125,-0.7662790850401421
0,41.7418,3.8312500000000003,-0.7767825613238848
0,41.7418,3.834375,-0.787493439219341
0,41.7418,3.8375000000000004,-0.7984168156844149
0,41.7418,3.840625,-0.8095579259415214
0,41.7418,3.84375,-0.8209221469263608
0,41.7418,3.8468750000000003,-0.8325150007490398
0,41.7418,3.85,-0.8443421581497285
0,41.7418,3.8531250000000004,-0.8564094419269976
0,41.7418,3.85625,-0.8687228303123679
0,41.7418,3.859375,-0.8812884602594643
0,41.7418,3.8625000000000003,-0.8941126306102537
0,41.7418,3.865625,-0.9072018050943645
0,41.7418,3.8687500000000004,-0.9205626151102689
0,41.7418,3.871875,-0.9342018622291105
0,41.7418,3.875,-0.9481265203534335
0,41.7418,3.8781250000000003,-0.9623437374536209
0,41.7418,3.88125,-0.9768608367948858
0,41.7418,3.8843750000000004,-0.9916853175570032
0,41.7418,3.8875,-1.0068248547376113
0,41.7418,3.890625,-1.0222872982181757
0,41.7418,3.8937500000000003,-1.0380806708592827
0,41.7418,3.896875,-1.054213165479196
0,41.7418,3.9000000000000004,-1.0706931405565203
0,41.7418,3.903125,-1.08752911448429
0,41.7418,3.90625,-1.1047297581893427
0,41.7418,3.9093750000000003,-1.1223038859168957
0,41.7418,3.9125,-1.1402604439665387
0,41.7418,3.9156250000000004,-1.158608497152046
0,41.7418,3.91875,-1.177357212743519
0,41.7418,3.921875,-1.1965158416369253
0,41.7418,3.9250000000000003,-1.2160936964825286
0,41.7418,3.928125,-1.2361001264905924
0,41.7418,3.9312500000000004,-1.2565444886199468
0,41.7418,3.934375,-1.2774361148425641
0,41.7418,3.9375,-1.2987842751655752
0,41.7418,3.9406250000000003,-1.320598136081041
0,41.7418,3.94375,-1.3428867141038108
0,41.7418,3.9468750000000004,-1.3656588240490364
0,41.7418,3.95,-1.3889230216936999
0,41.7418,3.953125,-1.4126875404617383
0,41.7418,3.9562500000000003,-1.4369602217699247
0,41.7418,3.959375,-1.4617484386729958
0,41.7418,3.9625000000000004,-1.487059012452062
0,41.7418,3.965625,-1.512898121800947
0,41.7418,3.96875,-1.5392712042825862
0,41.7418,3.9718750000000003,-1.5661828497523276
0,41.7418,3.975,-1.5936366854792188
0,41.7418,3.9781250000000004,-1.621635252741255
0,41.7418,3.98125,-1.6501798747277079
0,41.7418,3.984375,-1.6792705156534662
0,41.7418,3.9875000000000003,-1.708905631077813
0,41.7418,3.990625,-1.7390820095259594
0,41.7418,3.9937500000000004,-1.769794605637348
0,41.7418,3.996875,-1.8010363652120096
0,41.7418,4.0,-1.8327980426972692
0,41.7418,4.003125000000001,-1.8650680118524077
0,41.7418,4.00625,-1.8978320705502956
0,41.7418,4.009375,-1.9310732409229086
0,41.7418,4.0125,-1.9647715663310554
0,41.7418,4.015625,-1.9989039069391483
0,41.7418,4.018750000000001,-2.0334437359985054
0,41.7418,4.021875,-2.068360939288035
0,41.7418,4.025,-2.103621620523315
0,41.7418,4.028125,-2.139187915918846
0,41.7418,4.03125,-2.175017821468627
0,41.7418,4.034375000000001,-2.2110650368856515
0,41.7418,4.0375,-2.2472788305040896
0,41.7418,4.040625,-2.2836039297845607
0,41.7418,4.04375,-2.31998044235874
0,41.7418,4.046875,-2.3563438127900427
0,41.7418,4.050000000000001,-2.3926248203909273
0,41.7418,4.053125,-2.428749623507781
0,41.7418,4.05625,-2.464639855638183
0,41.7418,4.059375,-2.5002127785609685
0,41.7418,4.0625,-2.5353814973172546
0,41.7418,4.065625000000001,-2.570055241357239
0,41.7418,4.06875,-2.604139715448811
0,41.7418,4.071875,-2.6375375230145655
0,41.7418,4.075,-2.670148663417102
0,41.7418,4.078125,-2.7018711033505958
0,41.7418,4.081250000000001,-2.732601420927665
0,41.7418,4.084375,-2.7622355192990136
0,41.7418,4.0875,-2.790669404741713
0,41.7418,4.090625,-2.8178000221474973
0,41.7418,4.09375,-2.843526138797133
0,41.7418,4.096875000000001,-2.8677492652888317
0,41.7418,4.1,-2.890374600582301
0,41.7418,4.103125,-2.911311986409825
0,41.7418,4.10625,-2.9304768548813174
0,41.7418,4.109375,-2.9477911520581124
0,41.7418,4.112500000000001,-2.9631842196657416
0,41.7418,4.115625,-2.9765936170240384
0,41.7418,4.11875,-2.987965865736334
0,41.7418,4.121875,-2.997257100718555
0,41.7418,4.125,-3.0044336127583966
0,41.7418,4.128125000000001,-3.0094722699382355
0,41.7418,4.13125,-3.0123608078723727
0,41.7418,4.134375,-3.0130979817106285
0,41.7418,4.1375,-3.011693576137527
0,41.7418,4.140625,-3.008168273024579
0,41.7418,4.143750000000001,-3.0025533798388526
0,41.7418,4.146875,-2.994890425239767
0,41.7418,4.15,-2.9852306313798214
0,41.7418,4.153125,-2.9736342751498865
0,41.7418,4.15625,-2.9601699528808303
0,41.7418,4.159375000000001,-2.9449137647614876
0,41.7418,4.1625,-2.9279484364148805
0,41.7418,4.165625,-2.9093623956758004
0,41.7418,4.16875,-2.889248822646499
0,41.7418,4.171875,-2.867704690608954
0,41.7418,4.175000000000001,-2.8448298144019217
0,41.7418,4.178125,-2.820725921500104
0,41.7418,4.18125,-2.7954957593468746
0,41.7418,4.184375,-2.769242250580029
0,41.7418,4.1875,-2.7420677057398826
0,41.7418,4.190625000000001,-2.7140731009479655
0,41.7418,4.19375,-2.6853574259665245
0,41.7418,4.196875,-2.656017106062188
0,41.7418,4.2,-2.626145499254732
0,41.7418,4.203125,-2.5958324688730645
0,41.7418,4.206250000000001,-2.565164029895848
0,41.7418,4.209375,-2.534222066335749
0,41.7418,4.2125,-2.503084115940561
0,41.7418,4.215625,-2.4718232177264343
0,41.7418,4.21875,-2.4405078173134362
0,41.7418,4.221875000000001,-2.4092017246869126
0,41.7418,4.225,-2.3779641188339253
0,41.7418,4.228125,-2.3468495936804445
0,41.7418,4.23125,-2.3159082398560957
0,41.7418,4.234375,-2.2851857570129086
0,41.7418,4.237500000000001,-2.2547235917016795
0,41.7418,4.240625,-2.224559096139876
0,41.7418,4.24375,-2.1947257035710126
0,41.7418,4.246875,-2.1652531163005935
0,41.7418,4.25,-2.1361675028827247
0,41.7418,4.253125000000001,-2.10749170131613
0,41.7418,4.25625,-2.079245425477449
0,41.7418,4.259375,-2.051445472369244
0,41.7418,4.2625,-2.0241059280858753
0,41.7418,4.265625,-1.9972383706991463
0,41.7418,4.268750000000001,-1.970852068538764
0,41.7418,4.271875,-1.9449541725886768
0,41.7418,4.275,-1.9195499019418687
0,41.7418,4.278125,-1.8946427214553079
0,41.7418,4.28125,-1.8702345109240706
0,41.7418,4.284375000000001,-1.8463257252541565
0,41.7418,4.2875,-1.82291554525677
0,41.7418,4.290625,-1.8000020188167016
0,41.7418,4.29375,-1.777582192305275
0,41.7418,4.296875,-1.7556522322143133
0,41.7418,4.300000000000001,-1.7342075370848602
0,41.7418,4.303125,-1.713242839891265
0,41.7418,4.30625,-1.6927523011194252
0,41.7418,4.309375,-1.6727295928473522
0,41.7418,4.3125,-1.653167974195452
0,41.7418,4.315625000000001,-1.6340603585646758
0,41.7418,4.31875,-1.6153993731208445
0,41.7418,4.321875,-1.5971774110140122
0,41.7418,4.325,-1.5793866768427223
0,41.7418,4.328125,-1.5620192258835741
0,41.7418,4.331250000000001,-1.5450669976088713
0,41.7418,4.334375,-1.528521844008349
0,41.7418,4.3375,-1.5123755532169725
0,41.7418,4.340625,-1.496619868930955
0,41.7418,4.34375,-1.4812465060685656
0,41.7418,4.346875000000001,-1.4662471631043168
0,41.7418,4.35,-1.4516135314745697
0,41.7418,4.353125,-1.437337302421928
0,41.7418,4.35625,-1.4234101716167202
0,41.7418,4.359375,-1.409823841866565
0,41.7418,4.362500000000001,-1.3965700242024672
0,41.7418,4.365625,-1.3836404376114921
0,41.7418,4.36875,-1.3710268076736576
0,41.7418,4.371875,-1.3587208643546898
0,41.7418,4.375,-1.3467143392062646
0,41.7418,4.378125000000001,-1.3349989622324687
0,41.7418,4.38125,-1.3235664586938165
0,41.7418,4.384375,-1.312408546138204
0,41.7418,4.3875,-1.301516931970487
0,41.7418,4.390625,-1.2908833118965604
0,41.7418,4.393750000000001,-1.2804993696029723
0,41.7418,4.396875,-1.270356778055553
0,41.7418,4.4,-1.2604472028180642
0,41.7418,4.403125,-1.2507623078010999
0,41.7418,4.40625,-1.2412937638482309
0,41.7418,4.409375000000001,-1.2320332605480193
0,41.7418,4.4125,-1.2229725216224592
0,41.7418,4.415625,-1.2141033241820194
0,41.7418,4.41875,-1.2054175220523071
0,41.7418,4.421875,-1.196907073265463
0,41.7418,4.425000000000001,-1.1885640716717338
0,41.7418,4.428125,-1.1803807824642794
0,41.7418,4.43125,-1.1723496812279646
0,41.7418,4.434375,-1.1644634959271236
0,41.7418,4.4375,-1.1567152510465653
0,41.7418,4.440625000000001,-1.1490983129065406
0,41.7418,4.44375,-1.1416064349979385
0,41.7418,4.446875,-1.134233802043108
0,41.7418,4.45,-1.1269750713938544
0,41.7418,4.453125,-1.1198254103431775
0,41.7418,4.456250000000001,-1.1127805279610754
0,41.7418,4.459375,-1.1058367001717777
0,41.7418,4.4625,-1.0989907869704125
0,41.7418,4.465625,-1.0922402409255538
0,41.7418,4.46875,-1.0855831064182517
0,41.7418,4.471875000000001,-1.079018009411991
0,41.7418,4.475,-1.0725441379101086
0,41.7418,4.478125,-1.0661612136153098
0,41.7418,4.48125,-1.0598694556372026
0,41.7418,4.484375,-1.0536695373772218
0,41.7418,4.487500000000001,-1.0475625379400324
0,41.7418,4.490625,-1.041549889564635
0,41.7418,4.49375,-1.0356333226324546
0,41.7418,4.496875,-1.0298148097950162
0,41.7418,4.5,-1.0240965106770774
0,41.7418,4.503125000000001,-1.0184807184645246
0,41.7418,4.50625,-1.0129698094938835
0,41.7418,4.509375,-1.0075661967385932
0,41.7418,4.5125,-1.0022722878520434
0,41.7418,4.515625,-0.9970904481932479
0,41.7418,4.518750000000001,-0.9920229690406517
0,41.7418,4.521875,-0.987072041001943
0,41.7418,4.525,-0.9822397324594185
0,41.7418,4.528125,-0.9775279727549552
0,41.7418,4.53125,-0.9729385397162852
0,41.7418,4.534375000000001,-0.9684730510563515
0,41.7418,4.5375,-0.9641329591365301
0,41.7418,4.540625,-0.959919548568949
0,41.7418,4.54375,-0.9558339361384895
0,41.7418,4.546875,-0.9518770725465608
0,41.7418,4.550000000000001,-0.9480497455126022
0,41.7418,4.553125,-0.9443525838110004
0,41.7418,4.55625,-0.9407860618678318
0,41.7418,4.559375,-0.9373505045906497
0,41.7418,4.5625,-0.934046092153202
0,41.7418,4.565625000000001,-0.930872864504208
0,41.7418,4.56875,-0.9278307254137781
0,41.7418,4.571875,-0.9249194459122775
0,41.7418,4.575,-0.922138667014116
0,41.7418,4.578125,-0.9194879016529028
0,41.7418,4.581250000000001,-0.9169665357850034
0,41.7418,4.584375,-0.9145738286459366
0,41.7418,4.5875,-0.912308912168613
0,41.7418,4.590625,-0.9101707895946785
0,41.7418,4.59375,-0.9081583333303826
0,41.7418,4.596875000000001,-0.9062702821170839
0,41.7418,4.6,-0.9045052376037749
0,41.7418,4.603125,-0.902861660425364
0,41.7418,4.60625,-0.9013378659059514
0,41.7418,4.609375,-0.8999320195210727
0,41.7418,4.612500000000001,-0.8986421322669621
0,41.7418,4.615625,-0.8974660560980743
0,41.7418,4.61875,-0.8964014796063589
0,41.7418,4.621875,-0.8954459241266615
0,41.7418,4.625,-0.8945967404618954
0,41.7418,4.628125000000001,-0.8938511064287011
0,41.7418,4.63125,-0.8932060254287676
0,41.7418,4.634375,-0.8926583262521647
0,41.7418,4.6375,-0.8922046643164466
0,41.7418,4.640625,-0.8918415245382527
0,41.7418,4.643750000000001,-0.8915652260222707
0,41.7418,4.646875,-0.8913719287352118
0,41.7418,4.65,-0.8912576423097204
0,41.7418,4.653125,-0.8912182370947276
0,41.7418,4.65625,-0.8912494575348916
0,41.7418,4.659375000000001,-0.8913469379227749
0,41.7418,4.6625,-0.8915062205239912
0,41.7418,4.665625,-0.891722776028618
0,41.7418,4.66875,-0.891992026232826
0,41.7418,4.671875,-0.8923093688043312
0,41.7418,4.675000000000001,-0.8926702039352915
0,41.7418,4.678125,-0.8930699626381788
0,41.7418,4.68125,-0.8935041363953692
0,41.7418,4.684375,-0.893968307832916
0,41.7418,4.6875,-0.8944581820542881
0,41.7418,4.690625000000001,-0.8949696182413667
0,41.7418,4.69375,-0.8954986611081562
0,41.7418,4.696875,-0.8960415717773784
0,41.7418,4.7,-0.8965948576411519
0,41.7418,4.703125,-0.8971553007638371
0,41.7418,4.706250000000001,-0.8977199843871184
0,41.7418,4.709375,-0.8982863171040517
0,41.7418,4.7125,-0.8988520542795938
0,41.7418,4.715625,-0.8994153163098914
0,41.7418,4.71875,-0.899974603331392
0,41.7418,4.721875000000001,-0.9005288060141987
0,41.7418,4.725,-0.9010772121024836
0,41.7418,4.728125,-0.901619508399236
0,41.7418,4.73125,-0.9021557779337763
0,41.7418,4.734375,-0.9026864920990857
0,41.7418,4.737500000000001,-0.9032124976022121
0,41.7418,4.740625,-0.9037349981347365
0,41.7418,4.74375,-0.9042555307406516
0,41.7418,4.746875,-0.9047759369346593
0,41.7418,4.75,-0.9052983287029839
0,41.7418,4.753125000000001,-0.9058250495990428
0,41.7418,4.75625,-0.9063586312252575
0,41.7418,4.759375,-0.906901745467536
0,41.7418,4.7625,-0.9074571529183488
0,41.7418,4.765625,-0.9080276479861632
0,41.7418,4.768750000000001,-0.9086160012422774
0,41.7418,4.771875,-0.909224899600408
0,41.7418,4.775,-0.909856884960151
0,41.7418,4.778125,-0.9105142919737288
0,41.7418,4.78125,-0.9111991856178187
0,41.7418,4.784375000000001,-0.911913299270725
0,41.7418,4.7875,-0.9126579740117753
0,41.7418,4.790625,-0.9134340998765619
0,41.7418,4.79375,-0.9142420598200308
0,41.7418,4.796875,-0.9150816771603657
0,41.7418,4.800000000000001,-0.915952167300059
0,41.7418,4.803125,-0.9168520945453887
0,41.7418,4.80625,-0.9177793348693228
0,41.7418,4.809375,-0.9187310454819123
0,41.7418,4.8125,-0.9197036420815826
0,41.7418,4.815625000000001,-0.9206927846542227
0,41.7418,4.81875,-0.9216933726578331
0,41.7418,4.821875,-0.922699550371609
0,41.7418,4.825,-0.9237047230929674
0,41.7418,4.828125,-0.9247015847288528
0,41.7418,4.831250000000001,-0.9256821571451813
0,41.7418,4.834375,-0.9266378414104348
0,41.7418,4.8375,-0.9275594807996008
0,41.7418,4.840625,-0.9284374351208783
0,41.7418,4.84375,-0.9292616656022258
0,41.7418,4.846875000000001,-0.9300218292443587
0,41.7418,4.85,-0.9307073812306539
0,41.7418,4.853125,-0.9313076837036187
0,41.7418,4.85625,-0.9318121189921477
0,41.7418,4.859375,-0.9322102052212108
0,41.7418,4.862500000000001,-0.93249171216774
0,41.7418,4.865625,-0.9326467752484946
0,41.7418,4.86875,-0.9326660056346964
0,41.7418,4.871875,-0.9325405946733545
0,41.7418,4.875,-0.9322624110389927
0,41.7418,4.878125000000001,-0.931824089319522
0,41.7418,4.88125,-0.9312191090322485
0,41.7418,4.884375,-0.9304418633472447
0,41.7418,4.8875,-0.9294877170464853
0,41.7418,4.890625,-0.9283530534549256
0,41.7418,4.893750000000001,-0.9270353102380666
0,41.7418,4.896875,-0.925533004070486
0,41.7418,4.9,-0.9238457442486369
0,41.7418,4.903125,-0.9219742353607481
0,41.7418,4.90625,-0.9199202691508929
0,41.7418,4.909375000000001,-0.9176867057377058
0,41.7418,4.9125,-0.9152774443831391
0,41.7418,4.915625,-0.9126973840622875
0,41.7418,4.91875,-0.9099523741667271
0,41.7418,4.921875,-0.9070491557813942
0,41.7418,4.925000000000001,-0.9039952941054447
0,41.7418,4.928125,-0.9007991027335125
0,41.7418,4.93125,-0.8974695606661249
0,41.7418,4.934375,-0.8940162230660638
0,41.7418,4.9375,-0.8904491269102716
0,41.7418,4.940625000000001,-0.8867786927950287
0,41.7418,4.94375,-0.8830156242271937
0,41.7418,4.946875,-0.8791708057710074
0,41.7418,4.95,-0.8752552014153699
0,41.7418,4.953125,-0.8712797544805105
0,41.7418,4.956250000000001,-0.8672552902985284
0,41.7418,4.959375,-0.8631924227840826
0,41.7418,4.9625,-0.8591014658665218
0,41.7418,4.965625,-0.8549923505910194
0,41.7418,4.96875,-0.8508745485220552
0,41.7418,4.971875000000001,-0.8467570019068376
0,41.7418,4.975,-0.8426480608864232
0,41.7418,4.978125,-0.8385554278856278
0,41.7418,4.98125,-0.8344861091748126
0,41.7418,4.984375,-0.8304463734812606
0,41.7418,4.987500000000001,-0.826441717438018
0,41.7418,4.990625,-0.8224768375945217
0,41.7418,4.99375,-0.8185556086760067
0,41.7418,4.996875,-0.8146810677662085
0,41.7418,5.0,-0.81085540409755
0,41.7418,5.003125,-0.8070799541621493
0,41.7418,5.0062500000000005,-0.8033552019014837
0,41.7418,5.009375,-0.7996807837887064
0,41.7418,5.0125,-0.7960554986810064
0,41.7418,5.015625,-0.7924773223859274
0,41.7418,5.01875,-0.7889434269507635
0,41.7418,5.0218750000000005,-0.7854502047441653
0,41.7418,5.025,-0.781993297449797
0,41.7418,5.028125,-0.7785676301297827
0,41.7418,5.03125,-0.7751674505374476
0,41.7418,5.034375,-0.7717863738616215
0,41.7418,5.0375000000000005,-0.7684174330662179
0,41.7418,5.040625,-0.765053134947312
0,41.7418,5.04375,-0.761685521964412
0,41.7418,5.046875,-0.7583062398132737
0,41.7418,5.05,-0.754906610595098
0,41.7418,5.0531250000000005,-0.7514777113036003
0,41.7418,5.05625,-0.7480104572003221
0,41.7418,5.059375,-0.7444956894841629
0,41.7418,5.0625,-0.7409242664890947
0,41.7418,5.065625,-0.737287157470951
0,41.7418,5.0687500000000005,-0.7335755378776979
0,41.7418,5.071875,-0.7297808848457668
0,41.7418,5.075,-0.7258950715361676
0,41.7418,5.078125,-0.7219104588265443
0,41.7418,5.08125,-0.7178199828162771
0,41.7418,5.0843750000000005,-0.7136172365878046
0,41.7418,5.0875,-0.7092965447029598
0,41.7418,5.090625,-0.7048530290009778
0,41.7418,5.09375,-0.7002826644051336
0,41.7418,5.096875,-0.6955823236351485
0,41.7418,5.1000000000000005,-0.6907498099575573
0,41.7418,5.103125,-0.6857838773784114
0,41.7418,5.10625,-0.6806842379820564
0,41.7418,5.109375,-0.6754515564345706
0,41.7418,5.1125,-0.6700874319877449
0,41.7418,5.1156250000000005,-0.6645943686257912
0,41.7418,5.11875,-0.6589757342790769
0,41.7418,5.121875,-0.6532357102747902
0,41.7418,5.125,-0.6473792323932797
0,41.7418,5.128125,-0.6414119250426474
0,41.7418,5.1312500000000005,-0.6353400301481016
0,41.7418,5.134375,-0.6291703323747267
0,41.7418,5.1375,-0.6229100822643936
0,41.7418,5.140625,-0.6165669187746733
0,41.7418,5.14375,-0.6101487925678595
0,41.7418,5.1468750000000005,-0.6036638912224636
0,41.7418,5.15,-0.5971205673401738
0,41.7418,5.153125,-0.590527270311699
0,41.7418,5.15625,-0.5838924822983497
0,41.7418,5.159375,-0.5772246587943761
0,41.7418,5.1625000000000005,-0.5705321739678186
0,41.7418,5.165625,-0.5638232708414875
0,41.7418,5.16875,-0.5571060162738667
0,41.7418,5.171875,-0.5503882606321531
0,41.7418,5.175,-0.5436776020125847
0,41.7418,5.1781250000000005,-0.5369813548510308
0,41.7418,5.18125,-0.5303065227718835
0,41.7418,5.184375,-0.5236597755376404
0,41.7418,5.1875,-0.5170474299779232
0,41.7418,5.190625,-0.5104754347886089
0,41.7418,5.1937500000000005,-0.5039493590954158
0,41.7418,5.196875,-0.4974743846693702
0,41.7418,5.2,-0.49105530166413314
0,41.7418,5.203125,-0.4846965077190062
0,41.7418,5.20625,-0.4784020102391893
0,41.7418,5.2093750000000005,-0.47217543163028963
0,41.7418,5.2125,-0.46602001723056213
0,41.7418,5.215625,-0.4599386456550887
0,41.7418,5.21875,-0.45393384124364233
0,41.7418,5.221875,-0.44800778828972176
0,41.7418,5.2250000000000005,-0.44216234672308674
0,41.7418,5.228125,-0.43639906892184177
0,41.7418,5.23125,-0.430719217341933
0,41.7418,5.234375,-0.42512378267075523
0,41.7418,5.2375,-0.41961350223568056
0,41.7418,5.2406250000000005,-0.4141888784263475
0,41.7418,5.24375,-0.40885019691980434
0,41.7418,5.246875,-0.4035975445286633
0,41.7418,5.25,-0.3984308265232392
0,41.7418,5.253125,-0.3933497833080313
0,41.7418,5.2562500000000005,-0.3883540063603738
0,41.7418,5.259375,-0.38344295336401285
0,41.7418,5.2625,-0.3786159624924851
0,41.7418,5.265625,-0.37387226581650423
0,41.7418,5.26875,-0.3692110018259074
0,41.7418,5.2718750000000005,-0.36463122707042284
0,41.7418,5.275,-0.360131926934634
0,41.7418,5.278125,-0.355712025571325
0,41.7418,5.28125,-0.35137039502418616
0,41.7418,5.284375,-0.3471058635758187
0,41.7418,5.2875000000000005,-0.34291722336044345
0,41.7418,5.290625,-0.3388032372828928
0,41.7418,5.29375,-0.3347626452865492
0,41.7418,5.296875,-0.3307941700131753
0,41.7418,5.3,-0.3268965218970949
0,41.7418,5.3031250000000005,-0.3230684037352329
0,41.7418,5.30625,-0.31930851477313826
0,41.7418,5.309375,-0.31561555434541133
0,41.7418,5.3125,-0.3119882251071271
0,41.7418,5.315625,-0.30842523589078913
0,41.7418,5.3187500000000005,-0.30492530422130476
0,41.7418,5.321875,-0.3014871585193707
0,41.7418,5.325,-0.29810954002156304
0,41.7418,5.328125,-0.2947912044434285
0,41.7418,5.33125,-0.29153092340987213
0,41.7418,5.3343750000000005,-0.2883274856752735
0,41.7418,5.3375,-0.28517969815397365
0,41.7418,5.340625,-0.28208638678006326
0,41.7418,5.34375,-0.27904639721384217
0,41.7418,5.346875,-0.2760585954108053
0,41.7418,5.3500000000000005,-0.27312186806763955
0,41.7418,5.353125,-0.2702351229584279
0,41.7418,5.35625,-0.26739728917305555
0,41.7418,5.359375,-0.26460731726873515
0,41.7418,5.3625,-0.2618641793445336
0,41.7418,5.3656250000000005,-0.25916686904787
0,41.7418,5.36875,-0.2565144015210947
0,41.7418,5.371875,-0.2539058132954739
0,41.7418,5.375,-0.2513401621392082
0,41.7418,5.378125,-0.24881652686544345
0,41.7418,5.3812500000000005,-0.2463340071056493
0,41.7418,5.384375,-0.24389172305320111
0,41.7418,5.3875,-0.24148881518149737
0,41.7418,5.390625,-0.2391244439405219
0,41.7418,5.39375,-0.23679778943532734
0,41.7418,5.3968750000000005,-0.23450805108956851
0,41.7418,5.4,-0.23225444729687605
0,41.7418,5.403125,-0.23003621506254818
0,41.7418,5.40625,-0.22785260963778844
0,41.7418,5.409375,-0.2257029041484472
0,41.7418,5.4125000000000005,-0.22358638922001411
0,41.7418,5.415625,-0.22150237260041017
0,41.7418,5.41875,-0.2194501787819311
0,41.7418,5.421875,-0.21742914862355334
0,41.7418,5.425,-0.21543863897464463
0,41.7418,5.4281250000000005,-0.21347802230100144
0,41.7418,5.43125,-0.21154668631401571
0,41.7418,5.434375,-0.20964403360365416
0,41.7418,5.4375,-0.20776948127585892
0,41.7418,5.440625,-0.20592246059487065
0,41.7418,5.4437500000000005,-0.20410241663090942
0,41.7418,5.446875,-0.20230880791358125
0,41.7418,5.45,-0.20054110609130327
0,41.7418,5.453125,-0.19879879559700597
0,41.7418,5.45625,-0.19708137332030173
0,41.7418,5.4593750000000005,-0.1953883482862786
0,41.7418,5.4625,-0.1937192413410334
0,41.7418,5.465625,-0.19207358484402307
0,41.7418,5.46875,-0.1904509223672902
0,41.7418,5.471875,-0.18885080840158158
0,41.7418,5.4750000000000005,-0.18727280806936167
0,41.7418,5.478125,-0.1857164968447039
0,41.7418,5.48125,-0.18418146028001242
0,41.7418,5.484375,-0.18266729373953028
0,41.7418,5.4875,-0.18117360213955921
0,41.7418,5.4906250000000005,-0.17969999969531297
0,41.7418,5.49375,-0.17824610967431645
0,41.7418,5.496875,-0.17681156415624535
0,41.7418,5.5,-0.17539600379911033
0,41.7418,5.503125,-0.17399907761166636
0,41.7418,5.5062500000000005,-0.1726204427319324
0,41.7418,5.509375,-0.1712597642117043
0,41.7418,5.5125,-0.16991671480693038
0,41.7418,5.515625,-0.1685909747738299
0,41.7418,5.51875,-0.1672822316706238
0,41.7418,5.5218750000000005,-0.16599018016474892
0,41.7418,5.525,-0.16471452184542684
0,41.7418,5.528125,-0.16345496504145696
0,41.7418,5.53125,-0.16221122464410584
0,41.7418,5.534375,-0.16098302193496414
0,41.7418,5.5375000000000005,-0.15977008441864252
0,41.7418,5.540625,-0.15857214566018235
0,41.7418,5.54375,-0.15738894512705345
0,41.7418,5.546875,-0.15622022803561933
0,41.7418,5.55,-0.15506574520194727
0,41.7418,5.5531250000000005,-0.15392525289684178
0,41.7418,5.55625,-0.15279851270499084
0,41.7418,5.559375,-0.151685291388101
0,41.7418,5.5625,-0.15058536075191747
0,41.7418,5.565625,-0.14949849751701427
0,41.7418,5.5687500000000005,-0.14842448319324764
0,41.7418,5.571875,-0.14736310395776983
0,41.7418,5.575,-0.14631415053649427
0,41.7418,5.578125,-0.14527741808892058
0,41.7418,5.58125,-0.14425270609621504
0,41.7418,5.5843750000000005,-0.14323981825245272
0,41.7418,5.5875,-0.14223856235893104
0,41.7418,5.590625,-0.14124875022145955
0,41.7418,5.59375,-0.1402701975505429
0,41.7418,5.596875,-0.13930272386436837
0,41.7418,5.6000000000000005,-0.1383461523945155
0,41.7418,5.603125,-0.137400309994308
0,41.7418,5.60625,-0.1364650270497256
0,41.7418,5.609375,-0.1355401373928056
0,41.7418,5.6125,-0.1346254782174545
0,41.7418,5.6156250000000005,-0.13372088999759982
0,41.7418,5.61875,-0.13282621640761363
0,41.7418,5.621875,-0.13194130424493553
0,41.7418,5.625,-0.13106600335483515
0,41.7418,5.628125,-0.1302001665572457
0,41.7418,5.6312500000000005,-0.12934364957560818
0,41.7418,5.634375,-0.12849631096766798
0,41.7418,5.6375,-0.12765801205816063
0,41.7418,5.640625,-0.12682861687333657
0,41.7418,5.64375,-0.1260079920772658
0,41.7418,5.6468750000000005,-0.12519600690986982
0,41.7418,5.65,-0.1243925331266328
0,41.7418,5.653125,-0.12359744493993592
0,41.7418,5.65625,-0.12281061896197293
0,41.7418,5.659375,-0.1220319341491965
0,41.7418,5.6625000000000005,-0.12126127174825051
0,41.7418,5.665625,-0.12049851524334597
0,41.7418,5.66875,-0.11974355030503374
0,41.7418,5.671875,-0.11899626474033935
0,41.7418,5.675,-0.11825654844421347
0,41.7418,5.6781250000000005,-0.11752429335226355
0,41.7418,5.68125,-0.11679939339472761
0,41.7418,5.684375,-0.11608174445165274
0,41.7418,5.6875,-0.11537124430924511
0,41.7418,5.690625,-0.11466779261735667
0,41.7418,5.6937500000000005,-0.11397129084807459
0,41.7418,5.696875,-0.11328164225538297
0,41.7418,5.7,-0.11259875183586313
0,41.7418,5.703125,-0.11192252629040646
0,41.7418,5.70625,-0.11125287398690702
0,41.7418,5.7093750000000005,-0.11058970492390695
0,41.7418,5.7125,-0.10993293069516896
0,41.7418,5.715625,-0.10928246445514579
0,41.7418,5.71875,-0.10863822088532449
0,41.7418,5.721875,-0.10800011616141915
0,41.7418,5.7250000000000005,-0.10736806792138748
0,41.7418,5.728125,-0.1067419952342494
0,41.7418,5.73125,-0.10612181856968256
0,41.7418,5.734375,-0.10550745976837564
0,41.7418,5.7375,-0.10489884201311653
0,41.7418,5.7406250000000005,-0.1042958898005946
0,41.7418,5.74375,-0.10369852891389887
0,41.7418,5.746875,-0.10310668639568919
0,41.7418,5.75,-0.10252029052202609
0,41.7418,5.753125,-0.10193927077683772
0,41.7418,5.7562500000000005,-0.10136355782700752
0,41.7418,5.759375,-0.10079308349806601
0,41.7418,5.7625,-0.10022778075046809
0,41.7418,5.765625,-0.09966758365644261
0,41.7418,5.76875,-0.09911242737739626
0,41.7418,5.7718750000000005,-0.09856224814185763
0,41.7418,5.775,-0.09801698322394711
0,41.7418,5.778125,-0.0974765709223571
0,41.7418,5.78125,-0.09694095053982998
0,41.7418,5.784375,-0.09641006236312022
0,41.7418,5.7875000000000005,-0.09588384764342688
0,41.7418,5.790625,-0.09536224857728505
0,41.7418,5.79375,-0.09484520828790213
0,41.7418,5.796875,-0.09433267080693
0,41.7418,5.800000000000001,-0.09382458105665811
0,41.7418,5.8031250000000005,-0.09332088483261962
0,41.7418,5.80625,-0.09282152878659657
0,41.7418,5.809375,-0.0923264604100162
0,41.7418,5.8125,-0.09183562801772707
0,41.7418,5.815625000000001,-0.09134898073214408
0,41.7418,5.8187500000000005,-0.09086646846775527
0,41.7418,5.821875,-0.09038804191597781
0,41.7418,5.825,-0.08991365253035724
0,41.7418,5.828125,-0.0894432525120987
0,41.7418,5.831250000000001,-0.08897679479592296
0,41.7418,5.8343750000000005,-0.08851423303623884
0,41.7418,5.8375,-0.08805552159362248
0,41.7418,5.840625,-0.08760061552159787
0,41.7418,5.84375,-0.08714947055370942
0,41.7418,5.846875000000001,-0.08670204309087899
0,41.7418,5.8500000000000005,-0.08625829018904262
0,41.7418,5.853125,-0.0858181695470553
0,41.7418,5.85625,-0.08538163949486215
0,41.7418,5.859375,-0.08494865898192577
0,41.7418,5.862500000000001,-0.08451918756590501
0,41.7418,5.8656250000000005,-0.08409318540157913
0,41.7418,5.86875,-0.0836706132300084
0,41.7418,5.871875,-0.08325143236793033
0,41.7418,5.875,-0.08283560469738058
0,41.7418,5.878125000000001,-0.08242309265553677
0,41.7418,5.8812500000000005,-0.08201385922477795
0,41.7418,5.884375,-0.08160786792295385
0,41.7418,5.8875,-0.08120508279386086
0,41.7418,5.890625,-0.0808054683979184
0,41.7418,5.893750000000001,-0.08040898980304026
0,41.7418,5.8968750000000005,-0.08001561257569824
0,41.7418,5.9,-0.07962530277217061
0,41.7418,5.903125,-0.07923802692997382
0,41.7418,5.90625,-0.07885375205947114
0,41.7418,5.909375000000001,-0.07847244563565467
0,41.7418,5.9125000000000005,-0.07809407559009718
0,41.7418,5.915625,-0.07771861030306793
0,41.7418,5.91875,-0.0773460185958109
0,41.7418,5.921875,-0.07697626972298025
0,41.7418,5.925000000000001,-0.07660933336522888
0,41.7418,5.9281250000000005,-0.0762451796219488
0,41.7418,5.93125,-0.07588377900415597
0,41.7418,5.934375,-0.07552510242752038
0,41.7418,5.9375,-0.07516912120553484
0,41.7418,5.940625000000001,-0.07481580704282126
0,41.7418,5.9437500000000005,-0.0744651320285701
0,41.7418,5.946875,-0.07411706863010996
0,41.7418,5.95,-0.07377158968660548
0,41.7418,5.953125,-0.07342866840287934
0,41.7418,5.956250000000001,-0.0730882783433555
0,41.7418,5.9593750000000005,-0.07275039342612298
0,41.7418,5.9625,-0.0724149879171137
0,41.7418,5.965625,-0.072082036424396
0,41.7418,5.96875,-0.07175151389257793
0,41.7418,5.971875000000001,-0.07142339559731961
0,41.7418,5.9750000000000005,-0.07109765713995214
0,41.7418,5.978125,-0.07077427444219928
0,41.7418,5.98125,-0.07045322374100156
0,41.7418,5.984375,-0.07013448158343903
0,41.7418,5.987500000000001,-0.06981802482175152
0,41.7418,5.9906250000000005,-0.06950383060845354
0,41.7418,5.99375,-0.06919187639154153
0,41.7418,5.996875,-0.06888213990979285
0,41.7418,6.0,-0.06857459918815263
