"Current","Field","Frequency","Spectra"
0,7.698599999999999,1.0,-0.02874411037772378
0,7.698599999999999,1.003125,-0.028826123026820107
0,7.698599999999999,1.00625,-0.028908510037548442
0,7.698599999999999,1.009375,-0.028991273917512373
0,7.698599999999999,1.0125,-0.029074417198049436
0,7.698599999999999,1.015625,-0.029157942434536607
0,7.698599999999999,1.01875,-0.029241852206700822
0,7.698599999999999,1.021875,-0.029326149118934736
0,7.698599999999999,1.025,-0.029410835800617752
0,7.698599999999999,1.028125,-0.029495914906442353
0,7.698599999999999,1.03125,-0.029581389116746026
0,7.698599999999999,1.034375,-0.02966726113784871
0,7.698599999999999,1.0375,-0.029753533702396036
0,7.698599999999999,1.040625,-0.029840209569708384
0,7.698599999999999,1.04375,-0.02992729152613589
0,7.698599999999999,1.046875,-0.030014782385419537
0,7.698599999999999,1.05,-0.03010268498905845
0,7.698599999999999,1.053125,-0.030191002206683578
0,7.698599999999999,1.05625,-0.030279736936437807
0,7.698599999999999,1.059375,-0.030368892105362713
0,7.698599999999999,1.0625,-0.030458470669792022
0,7.698599999999999,1.065625,-0.030548475615751997
0,7.698599999999999,1.06875,-0.030638909959368858
0,7.698599999999999,1.071875,-0.030729776747283423
0,7.698599999999999,1.075,-0.03082107905707302
0,7.698599999999999,1.078125,-0.030912819997680974
0,7.698599999999999,1.08125,-0.03100500270985368
0,7.698599999999999,1.084375,-0.03109763036658559
0,7.698599999999999,1.0875,-0.03119070617357214
0,7.698599999999999,1.090625,-0.03128423336967089
0,7.698599999999999,1.09375,-0.031378215227370936
0,7.698599999999999,1.096875,-0.03147265505327093
0,7.698599999999999,1.1,-0.03156755618856581
0,7.698599999999999,1.103125,-0.03166292200954243
0,7.698599999999999,1.10625,-0.031758755928084276
0,7.698599999999999,1.109375,-0.03185506139218554
0,7.698599999999999,1.1125,-0.03195184188647464
0,7.698599999999999,1.115625,-0.032049100932747564
0,7.698599999999999,1.11875,-0.03214684209051112
0,7.698599999999999,1.121875,-0.032245068957536316
0,7.698599999999999,1.125,-0.03234378517042221
0,7.698599999999999,1.128125,-0.03244299440517037
0,7.698599999999999,1.13125,-0.03254270037777014
0,7.698599999999999,1.134375,-0.032642906844795254
0,7.698599999999999,1.1375,-0.03274361760401151
0,7.698599999999999,1.140625,-0.03284483649499638
0,7.698599999999999,1.14375,-0.03294656739977034
0,7.698599999999999,1.146875,-0.03304881424344043
0,7.698599999999999,1.15,-0.03315158099485642
0,7.698599999999999,1.153125,-0.03325487166727945
0,7.698599999999999,1.15625,-0.03335869031906404
0,7.698599999999999,1.159375,-0.033463041054353174
0,7.698599999999999,1.1625,-0.033567928023787254
0,7.698599999999999,1.165625,-0.03367335542522702
0,7.698599999999999,1.16875,-0.033779327504490704
0,7.698599999999999,1.171875,-0.033885848556105914
0,7.698599999999999,1.175,-0.03399292292407654
0,7.698599999999999,1.178125,-0.034100555002665
0,7.698599999999999,1.18125,-0.03420874923719029
0,7.698599999999999,1.184375,-0.03431751012484209
0,7.698599999999999,1.1875,-0.03442684221551134
0,7.698599999999999,1.190625,-0.034536750112637876
0,7.698599999999999,1.19375,-0.03464723847407519
0,7.698599999999999,1.196875,-0.03475831201297318
0,7.698599999999999,1.2,-0.03486997549867875
0,7.698599999999999,1.203125,-0.03498223375765536
0,7.698599999999999,1.20625,-0.035095091674421375
0,7.698599999999999,1.209375,-0.035208554192508186
0,7.698599999999999,1.2125,-0.03532262631543821
0,7.698599999999999,1.215625,-0.035437313107723516
0,7.698599999999999,1.21875,-0.03555261969588543
0,7.698599999999999,1.221875,-0.035668551269495787
0,7.698599999999999,1.225,-0.03578511308224014
0,7.698599999999999,1.228125,-0.0359023104530039
0,7.698599999999999,1.23125,-0.03602014876698144
0,7.698599999999999,1.234375,-0.036138633476809234
0,7.698599999999999,1.2375,-0.03625777010372333
0,7.698599999999999,1.240625,-0.036377564238741875
0,7.698599999999999,1.24375,-0.03649802154387351
0,7.698599999999999,1.246875,-0.03661914775335186
0,7.698599999999999,1.25,-0.036740948674897314
0,7.698599999999999,1.253125,-0.036863430191006456
0,7.698599999999999,1.25625,-0.03698659826026993
0,7.698599999999999,1.259375,-0.03711045891871955
0,7.698599999999999,1.2625,-0.03723501828120546
0,7.698599999999999,1.265625,-0.0373602825428039
0,7.698599999999999,1.26875,-0.03748625798025667
0,7.698599999999999,1.271875,-0.03761295095344294
0,7.698599999999999,1.275,-0.03774036790688434
0,7.698599999999999,1.278125,-0.037868515371284245
0,7.698599999999999,1.28125,-0.037997399965101986
0,7.698599999999999,1.284375,-0.038127028396163234
0,7.698599999999999,1.2875,-0.03825740746330722
0,7.698599999999999,1.290625,-0.03838854405807197
0,7.698599999999999,1.29375,-0.03852044516641854
0,7.698599999999999,1.296875,-0.038653117870495295
0,7.698599999999999,1.3,-0.03878656935044325
0,7.698599999999999,1.303125,-0.03892080688624385
0,7.698599999999999,1.30625,-0.03905583785960994
0,7.698599999999999,1.309375,-0.03919166975592161
0,7.698599999999999,1.3125,-0.03932831016620763
0,7.698599999999999,1.315625,-0.03946576678917419
0,7.698599999999999,1.31875,-0.03960404743328201
0,7.698599999999999,1.321875,-0.03974316001887319
0,7.698599999999999,1.325,-0.039883112580349295
0,7.698599999999999,1.328125,-0.040023913268401955
0,7.698599999999999,1.33125,-0.04016557035229768
0,7.698599999999999,1.334375,-0.040308092222218185
0,7.698599999999999,1.3375,-0.04045148739165791
0,7.698599999999999,1.340625,-0.04059576449988048
0,7.698599999999999,1.34375,-0.040740932314435464
0,7.698599999999999,1.346875,-0.04088699973373758
0,7.698599999999999,1.35,-0.04103397578970969
0,7.698599999999999,1.353125,-0.041181869650491885
0,7.698599999999999,1.35625,-0.04133069062321819
0,7.698599999999999,1.359375,-0.04148044815686305
0,7.698599999999999,1.3625,-0.04163115184515952
0,7.698599999999999,1.365625,-0.04178281142959139
0,7.698599999999999,1.36875,-0.04193543680246136
0,7.698599999999999,1.371875,-0.04208903801003734
0,7.698599999999999,1.375,-0.04224362525577942
0,7.698599999999999,1.378125,-0.042399208903649746
0,7.698599999999999,1.38125,-0.04255579948150783
0,7.698599999999999,1.384375,-0.04271340768459378
0,7.698599999999999,1.3875,-0.04287204437910215
0,7.698599999999999,1.390625,-0.04303172060584907
0,7.698599999999999,1.39375,-0.04319244758403541
0,7.698599999999999,1.396875,-0.04335423671510907
0,7.698599999999999,1.4,-0.04351709958672918
0,7.698599999999999,1.403125,-0.04368104797683539
0,7.698599999999999,1.40625,-0.043846093857825445
0,7.698599999999999,1.409375,-0.044012249400844417
0,7.698599999999999,1.4125,-0.04417952698018887
0,7.698599999999999,1.415625,-0.04434793917782962
0,7.698599999999999,1.41875,-0.0445174987880568
0,7.698599999999999,1.421875,-0.044688218822250596
0,7.698599999999999,1.425,-0.04486011251378228
0,7.698599999999999,1.428125,-0.04503319332304891
0,7.698599999999999,1.43125,-0.04520747494264623
0,7.698599999999999,1.434375,-0.04538297130268399
0,7.698599999999999,1.4375,-0.0455596965762482
0,7.698599999999999,1.440625,-0.04573766518501496
0,7.698599999999999,1.44375,-0.04591689180502048
0,7.698599999999999,1.446875,-0.04609739137259252
0,7.698599999999999,1.45,-0.04627917909044821
0,7.698599999999999,1.453125,-0.04646227043396348
0,7.698599999999999,1.45625,-0.046646681157619815
0,7.698599999999999,1.459375,-0.04683242730163373
0,7.698599999999999,1.4625,-0.047019525198775176
0,7.698599999999999,1.465625,-0.047207991481380655
0,7.698599999999999,1.46875,-0.04739784308856744
0,7.698599999999999,1.471875,-0.04758909727365552
0,7.698599999999999,1.475,-0.04778177161180398
0,7.698599999999999,1.478125,-0.04797588400786857
0,7.698599999999999,1.48125,-0.04817145270448819
0,7.698599999999999,1.484375,-0.04836849629040711
0,7.698599999999999,1.4875,-0.04856703370904138
0,7.698599999999999,1.490625,-0.04876708426729696
0,7.698599999999999,1.49375,-0.048968667644648
0,7.698599999999999,1.496875,-0.049171803902484164
0,7.698599999999999,1.5,-0.049376513493735355
0,7.698599999999999,1.503125,-0.04958281727278368
0,7.698599999999999,1.50625,-0.049790736505671784
0,7.698599999999999,1.509375,-0.05000029288061767
0,7.698599999999999,1.5125000000000002,-0.05021150851884627
0,7.698599999999999,1.515625,-0.050424405985748044
0,7.698599999999999,1.51875,-0.05063900830237641
0,7.698599999999999,1.521875,-0.05085533895729433
0,7.698599999999999,1.525,-0.05107342191878279
0,7.698599999999999,1.5281250000000002,-0.051293281647422945
0,7.698599999999999,1.53125,-0.051514943109064584
0,7.698599999999999,1.534375,-0.0517384317881943
0,7.698599999999999,1.5375,-0.0519637737017166
0,7.698599999999999,1.540625,-0.052190995413162355
0,7.698599999999999,1.5437500000000002,-0.05242012404733901
0,7.698599999999999,1.546875,-0.05265118730543755
0,7.698599999999999,1.55,-0.05288421348061218
0,7.698599999999999,1.553125,-0.053119231474048456
0,7.698599999999999,1.55625,-0.05335627081153704
0,7.698599999999999,1.5593750000000002,-0.05359536166057037
0,7.698599999999999,1.5625,-0.05383653484797969
0,7.698599999999999,1.565625,-0.054079821878132116
0,7.698599999999999,1.56875,-0.05432525495170581
0,7.698599999999999,1.571875,-0.05457286698506404
0,7.698599999999999,1.5750000000000002,-0.05482269163024853
0,7.698599999999999,1.578125,-0.05507476329561303
0,7.698599999999999,1.58125,-0.05532911716712021
0,7.698599999999999,1.584375,-0.055585789230323444
0,7.698599999999999,1.5875,-0.05584481629305818
0,7.698599999999999,1.5906250000000002,-0.056106236008866994
0,7.698599999999999,1.59375,-0.05637008690118322
0,7.698599999999999,1.596875,-0.05663640838830013
0,7.698599999999999,1.6,-0.056905240809151804
0,7.698599999999999,1.603125,-0.057176625449934224
0,7.698599999999999,1.6062500000000002,-0.057450604571595204
0,7.698599999999999,1.609375,-0.05772722143822262
0,7.698599999999999,1.6125,-0.058006520346362556
0,7.698599999999999,1.615625,-0.05828854665529789
0,7.698599999999999,1.61875,-0.05857334681832106
0,7.698599999999999,1.6218750000000002,-0.05886096841503425
0,7.698599999999999,1.625,-0.059151460184711596
0,7.698599999999999,1.628125,-0.05944487206076004
0,7.698599999999999,1.63125,-0.05974125520631456
0,7.698599999999999,1.634375,-0.060040662051006596
0,7.698599999999999,1.6375000000000002,-0.060343146328944594
0,7.698599999999999,1.640625,-0.060648763117946036
0,7.698599999999999,1.64375,-0.060957568880063394
0,7.698599999999999,1.646875,-0.061269621503444976
0,7.698599999999999,1.65,-0.0615849803455748
0,7.698599999999999,1.6531250000000002,-0.06190370627793575
0,7.698599999999999,1.65625,-0.062225861732140814
0,7.698599999999999,1.659375,-0.06255151074757995
0,7.698599999999999,1.6625,-0.06288071902062853
0,7.698599999999999,1.665625,-0.06321355395546671
0,7.698599999999999,1.6687500000000002,-0.06355008471655858
0,7.698599999999999,1.671875,-0.06389038228284018
0,7.698599999999999,1.675,-0.06423451950366864
0,7.698599999999999,1.678125,-0.06458257115658189
0,7.698599999999999,1.68125,-0.06493461400692183
0,7.698599999999999,1.6843750000000002,-0.0652907268693726
0,7.698599999999999,1.6875,-0.06565099067146617
0,7.698599999999999,1.690625,-0.06601548851910796
0,7.698599999999999,1.69375,-0.06638430576417409
0,7.698599999999999,1.696875,-0.0667575300742326
0,7.698599999999999,1.7000000000000002,-0.06713525150443958
0,7.698599999999999,1.703125,-0.06751756257166011
0,7.698599999999999,1.70625,-0.06790455833086378
0,7.698599999999999,1.709375,-0.0682963364538411
0,7.698599999999999,1.7125,-0.06869299731028694
0,7.698599999999999,1.7156250000000002,-0.0690946440512934
0,7.698599999999999,1.71875,-0.06950138269529149
0,7.698599999999999,1.721875,-0.06991332221647881
0,7.698599999999999,1.725,-0.07033057463576346
0,7.698599999999999,1.728125,-0.07075325511425246
0,7.698599999999999,1.7312500000000002,-0.0711814820493048
0,7.698599999999999,1.734375,-0.07161537717316312
0,7.698599999999999,1.7375,-0.07205506565417155
0,7.698599999999999,1.740625,-0.07250067620057583
0,7.698599999999999,1.74375,-0.07295234116689407
0,7.698599999999999,1.7468750000000002,-0.07341019666283402
0,7.698599999999999,1.75,-0.07387438266471859
0,7.698599999999999,1.753125,-0.07434504312936961
0,7.698599999999999,1.75625,-0.074822326110379
0,7.698599999999999,1.759375,-0.07530638387668176
0,7.698599999999999,1.7625000000000002,-0.07579737303332183
0,7.698599999999999,1.765625,-0.07629545464427843
0,7.698599999999999,1.76875,-0.07680079435719603
0,7.698599999999999,1.771875,-0.07731356252982877
0,7.698599999999999,1.775,-0.07783393435798015
0,7.698599999999999,1.7781250000000002,-0.07836209000468064
0,7.698599999999999,1.78125,-0.07889821473030526
0,7.698599999999999,1.784375,-0.0794424990232899
0,7.698599999999999,1.7875,-0.07999513873105202
0,7.698599999999999,1.790625,-0.08055633519066926
0,7.698599999999999,1.7937500000000002,-0.0811262953588061
0,7.698599999999999,1.796875,-0.0817052319403109
0,7.698599999999999,1.8,-0.08229336351483313
0,7.698599999999999,1.803125,-0.08289091466072433
0,7.698599999999999,1.80625,-0.08349811607539895
0,7.698599999999999,1.8093750000000002,-0.08411520469122918
0,7.698599999999999,1.8125,-0.0847424237859377
0,7.698599999999999,1.815625,-0.08538002308633329
0,7.698599999999999,1.81875,-0.08602825886409868
0,7.698599999999999,1.821875,-0.08668739402219791
0,7.698599999999999,1.8250000000000002,-0.08735769817030929
0,7.698599999999999,1.828125,-0.0880394476875162
0,7.698599999999999,1.83125,-0.08873292577030086
0,7.698599999999999,1.834375,-0.08943842246367506
0,7.698599999999999,1.8375,-0.09015623467306055
0,7.698599999999999,1.8406250000000002,-0.09088666615428509
0,7.698599999999999,1.84375,-0.09163002747879365
0,7.698599999999999,1.846875,-0.09238663597088945
0,7.698599999999999,1.85,-0.09315681561350452
0,7.698599999999999,1.853125,-0.09394089691866594
0,7.698599999999999,1.8562500000000002,-0.09473921675846238
0,7.698599999999999,1.859375,-0.09555211815192394
0,7.698599999999999,1.8625,-0.09637995000281682
0,7.698599999999999,1.865625,-0.0972230667829038
0,7.698599999999999,1.86875,-0.09808182815475172
0,7.698599999999999,1.8718750000000002,-0.09895659852766303
0,7.698599999999999,1.875,-0.09984774653977405
0,7.698599999999999,1.878125,-0.100755644458808
0,7.698599999999999,1.88125,-0.10168066749337845
0,7.698599999999999,1.884375,-0.10262319300613357
0,7.698599999999999,1.8875000000000002,-0.10358359961939664
0,7.698599999999999,1.890625,-0.10456226620331074
0,7.698599999999999,1.89375,-0.10555957073583919
0,7.698599999999999,1.896875,-0.10657588902330417
0,7.698599999999999,1.9,-0.10761159326949574
0,7.698599999999999,1.9031250000000002,-0.10866705048073635
0,7.698599999999999,1.90625,-0.10974262069367695
0,7.698599999999999,1.909375,-0.1108386550120386
0,7.698599999999999,1.9125,-0.11195549343800881
0,7.698599999999999,1.915625,-0.11309346248359847
0,7.698599999999999,1.9187500000000002,-0.1142528725469677
0,7.698599999999999,1.921875,-0.11543401503858153
0,7.698599999999999,1.925,-0.11663715924209758
0,7.698599999999999,1.928125,-0.11786254889514111
0,7.698599999999999,1.93125,-0.11911039847566093
0,7.698599999999999,1.9343750000000002,-0.12038088918040907
0,7.698599999999999,1.9375,-0.1216741645833206
0,7.698599999999999,1.940625,-0.12299032596325232
0,7.698599999999999,1.94375,-0.12432942729272078
0,7.698599999999999,1.946875,-0.12569146988206498
0,7.698599999999999,1.9500000000000002,-0.12707639667689316
0,7.698599999999999,1.953125,-0.128484086210859
0,7.698599999999999,1.95625,-0.1299143462208276
0,7.698599999999999,1.959375,-0.13136690693740197
0,7.698599999999999,1.9625,-0.132841414070687
0,7.698599999999999,1.9656250000000002,-0.13433742151911557
0,7.698599999999999,1.96875,-0.1358543838382138
0,7.698599999999999,1.971875,-0.13739164851638586
0,7.698599999999999,1.975,-0.13894844811614077
0,7.698599999999999,1.978125,-0.140523892351674
0,7.698599999999999,1.9812500000000002,-0.142116960187269
0,7.698599999999999,1.984375,-0.14372649205549898
0,7.698599999999999,1.9875,-0.14535118230952848
0,7.698599999999999,1.990625,-0.14698957203967117
0,7.698599999999999,1.99375,-0.14864004240047923
0,7.698599999999999,1.9968750000000002,-0.15030080861059192
0,7.698599999999999,2.0,-0.1519699148028748
0,7.698599999999999,2.003125,-0.15364522991647245
0,7.698599999999999,2.00625,-0.15532444483455843
0,7.698599999999999,2.0093750000000004,-0.15700507098108046
0,7.698599999999999,2.0125,-0.158684440595791
0,7.698599999999999,2.015625,-0.1603597089084438
0,7.698599999999999,2.01875,-0.16202785842930018
0,7.698599999999999,2.021875,-0.163685705563118
0,7.698599999999999,2.0250000000000004,-0.1653299097367174
0,7.698599999999999,2.028125,-0.16695698520530378
0,7.698599999999999,2.03125,-0.16856331566938343
0,7.698599999999999,2.034375,-0.1701451717920075
0,7.698599999999999,2.0375,-0.17169873165519273
0,7.698599999999999,2.0406250000000004,-0.17322010413501904
0,7.698599999999999,2.04375,-0.17470535510788854
0,7.698599999999999,2.046875,-0.1761505363269567
0,7.698599999999999,2.05,-0.17755171672956765
0,7.698599999999999,2.053125,-0.1789050158558455
0,7.698599999999999,2.0562500000000004,-0.18020663897806968
0,7.698599999999999,2.059375,-0.18145291346313674
0,7.698599999999999,2.0625,-0.182640325819566
0,7.698599999999999,2.065625,-0.18376555881955672
0,7.698599999999999,2.06875,-0.18482552803889807
0,7.698599999999999,2.0718750000000004,-0.18581741712614608
0,7.698599999999999,2.075,-0.1867387111000594
0,7.698599999999999,2.078125,-0.18758722698277558
0,7.698599999999999,2.08125,-0.18836114110675914
0,7.698599999999999,2.084375,-0.18905901248631957
0,7.698599999999999,2.0875000000000004,-0.18967980171859494
0,7.698599999999999,2.090625,-0.19022288497237547
0,7.698599999999999,2.09375,-0.19068806273303673
0,7.698599999999999,2.096875,-0.19107556309432222
0,7.698599999999999,2.1,-0.19138603951821248
0,7.698599999999999,2.1031250000000004,-0.19162056311766712
0,7.698599999999999,2.10625,-0.19178060964844992
0,7.698599999999999,2.109375,-0.19186804152052309
0,7.698599999999999,2.1125,-0.19188508525196946
0,7.698599999999999,2.115625,-0.19183430488509573
0,7.698599999999999,2.1187500000000004,-0.19171857196214315
0,7.698599999999999,2.121875,-0.1915410327147511
0,7.698599999999999,2.125,-0.19130507315589843
0,7.698599999999999,2.128125,-0.19101428277547072
0,7.698599999999999,2.13125,-0.19067241753183078
0,7.698599999999999,2.1343750000000004,-0.19028336280363667
0,7.698599999999999,2.1375,-0.1898510969211732
0,7.698599999999999,2.140625,-0.1893796558376671
0,7.698599999999999,2.14375,-0.18887309943174657
0,7.698599999999999,2.146875,-0.1883354798558044
0,7.698599999999999,2.1500000000000004,-0.187770812264847
0,7.698599999999999,2.153125,-0.18718304817955214
0,7.698599999999999,2.15625,-0.18657605165845204
0,7.698599999999999,2.159375,-0.1859535783796973
0,7.698599999999999,2.1625,-0.1853192576645703
0,7.698599999999999,2.1656250000000004,-0.18467657741411675
0,7.698599999999999,2.16875,-0.18402887187781475
0,7.698599999999999,2.171875,-0.18337931212950764
0,7.698599999999999,2.175,-0.1827308990909246
0,7.698599999999999,2.178125,-0.1820864589167118
0,7.698599999999999,2.1812500000000004,-0.1814486405364628
0,7.698599999999999,2.184375,-0.18081991513804363
0,7.698599999999999,2.1875,-0.18020257737171597
0,7.698599999999999,2.190625,-0.179598748055266
0,7.698599999999999,2.19375,-0.17901037816561532
0,7.698599999999999,2.1968750000000004,-0.17843925391133136
0,7.698599999999999,2.2,-0.17788700269221058
0,7.698599999999999,2.203125,-0.17735509976590225
0,7.698599999999999,2.20625,-0.17684487545667782
0,7.698599999999999,2.209375,-0.1763575227573338
0,7.698599999999999,2.2125000000000004,-0.17589410519133725
0,7.698599999999999,2.215625,-0.17545556481826396
0,7.698599999999999,2.21875,-0.17504273028101847
0,7.698599999999999,2.221875,-0.1746563248080057
0,7.698599999999999,2.225,-0.17429697409716916
0,7.698599999999999,2.2281250000000004,-0.17396521402149986
0,7.698599999999999,2.23125,-0.17366149810718326
0,7.698599999999999,2.234375,-0.1733862047459628
0,7.698599999999999,2.2375,-0.17313964411256444
0,7.698599999999999,2.240625,-0.17292206476617678
0,7.698599999999999,2.2437500000000004,-0.1727336599220728
0,7.698599999999999,2.246875,-0.17257457338555343
0,7.698599999999999,2.25,-0.17244490514556574
0,7.698599999999999,2.253125,-0.17234471662968226
0,7.698599999999999,2.25625,-0.17227403562569718
0,7.698599999999999,2.2593750000000004,-0.1722328608779903
0,7.698599999999999,2.2625,-0.17222116636909868
0,7.698599999999999,2.265625,-0.1722389052987025
0,7.698599999999999,2.26875,-0.17228601377353792
0,7.698599999999999,2.271875,-0.1723624142226645
0,7.698599999999999,2.2750000000000004,-0.1724680185530944
0,7.698599999999999,2.278125,-0.17260273106108945
0,7.698599999999999,2.28125,-0.172766451114493
0,7.698599999999999,2.284375,-0.17295907562133533
0,7.698599999999999,2.2875,-0.17318050129966236
0,7.698599999999999,2.2906250000000004,-0.1734306267631244
0,7.698599999999999,2.29375,-0.17370935443635147
0,7.698599999999999,2.296875,-0.17401659231355185
0,7.698599999999999,2.3,-0.17435225557312958
0,7.698599999999999,2.303125,-0.17471626806043117
0,7.698599999999999,2.3062500000000004,-0.17510856365002095
0,7.698599999999999,2.309375,-0.1755290874981571
0,7.698599999999999,2.3125,-0.1759777971954021
0,7.698599999999999,2.315625,-0.17645466382856287
0,7.698599999999999,2.31875,-0.17695967296041687
0,7.698599999999999,2.3218750000000004,-0.17749282553494658
0,7.698599999999999,2.325,-0.17805413871507653
0,7.698599999999999,2.328125,-0.17864364665918214
0,7.698599999999999,2.33125,-0.17926140124192275
0,7.698599999999999,2.334375,-0.17990747272423324
0,7.698599999999999,2.3375000000000004,-0.18058195037659266
0,7.698599999999999,2.340625,-0.1812849430589655
0,7.698599999999999,2.34375,-0.18201657976008387
0,7.698599999999999,2.346875,-0.18277701009799105
0,7.698599999999999,2.35,-0.18356640478300673
0,7.698599999999999,2.3531250000000004,-0.18438495604348232
0,7.698599999999999,2.35625,-0.18523287801389102
0,7.698599999999999,2.359375,-0.1861104070839336
0,7.698599999999999,2.3625,-0.18701780220642317
0,7.698599999999999,2.365625,-0.18795534516074122
0,7.698599999999999,2.3687500000000004,-0.18892334076761147
0,7.698599999999999,2.371875,-0.1899221170498177
0,7.698599999999999,2.375,-0.1909520253322783
0,7.698599999999999,2.378125,-0.19201344027357217
0,7.698599999999999,2.38125,-0.19310675981958783
0,7.698599999999999,2.3843750000000004,-0.19423240506840395
0,7.698599999999999,2.3875,-0.19539082003382047
0,7.698599999999999,2.390625,-0.19658247129310666
0,7.698599999999999,2.39375,-0.19780784750251987
0,7.698599999999999,2.396875,-0.19906745876195986
0,7.698599999999999,2.4000000000000004,-0.20036183580774122
0,7.698599999999999,2.403125,-0.20169152900989265
0,7.698599999999999,2.40625,-0.20305710714760652
0,7.698599999999999,2.409375,-0.20445915593347144
0,7.698599999999999,2.4125,-0.20589827625392312
0,7.698599999999999,2.4156250000000004,-0.20737508208994415
0,7.698599999999999,2.41875,-0.20889019807845688
0,7.698599999999999,2.421875,-0.2104442566710979
0,7.698599999999999,2.425,-0.21203789484317798
0,7.698599999999999,2.428125,-0.21367175030167404
0,7.698599999999999,2.4312500000000004,-0.21534645713712375
0,7.698599999999999,2.434375,-0.21706264086040497
0,7.698599999999999,2.4375,-0.2188209127616865
0,7.698599999999999,2.440625,-0.2206218635254848
0,7.698599999999999,2.44375,-0.22246605603294523
0,7.698599999999999,2.4468750000000004,-0.22435401728039436
0,7.698599999999999,2.45,-0.2262862293421755
0,7.698599999999999,2.453125,-0.228263119306094
0,7.698599999999999,2.45625,-0.23028504811185171
0,7.698599999999999,2.459375,-0.23235229822709974
0,7.698599999999999,2.4625000000000004,-0.23446506010267876
0,7.698599999999999,2.465625,-0.23662341735884906
0,7.698599999999999,2.46875,-0.23882733066845907
0,7.698599999999999,2.471875,-0.24107662032177532
0,7.698599999999999,2.475,-0.24337094748183188
0,7.698599999999999,2.4781250000000004,-0.24570979416939712
0,7.698599999999999,2.48125,-0.24809244205375816
0,7.698599999999999,2.484375,-0.25051795017015005
0,7.698599999999999,2.4875,-0.25298513173737425
0,7.698599999999999,2.490625,-0.2554925303103328
0,7.698599999999999,2.4937500000000004,-0.25803839557190394
0,7.698599999999999,2.496875,-0.2606206591465212
0,7.698599999999999,2.5,-0.2632369109031223
0,7.698599999999999,2.503125,-0.26588437630635464
0,7.698599999999999,2.50625,-0.2685598954697926
0,7.698599999999999,2.5093750000000004,-0.2712599046602426
0,7.698599999999999,2.5125,-0.27398042109383325
0,7.698599999999999,2.515625,-0.2767170319472061
0,7.698599999999999,2.51875,-0.2794648885744276
0,7.698599999999999,2.521875,-0.28221870696491247
0,7.698599999999999,2.5250000000000004,-0.28497277549159217
0,7.698599999999999,2.528125,-0.28772097097330895
0,7.698599999999999,2.53125,-0.29045678400256025
0,7.698599999999999,2.534375,-0.29317335436166325
0,7.698599999999999,2.5375,-0.29586351716115117
0,7.698599999999999,2.5406250000000004,-0.2985198600802572
0,7.698599999999999,2.54375,-0.3011347917707473
0,7.698599999999999,2.546875,-0.3037006211065584
0,7.698599999999999,2.55,-0.30620964653233085
0,7.698599999999999,2.553125,-0.3086542542992029
0,7.698599999999999,2.5562500000000004,-0.3110270238969317
0,7.698599999999999,2.559375,-0.3133208385232825
0,7.698599999999999,2.5625,-0.3155289980041231
0,7.698599999999999,2.565625,-0.31764533122205635
0,7.698599999999999,2.56875,-0.31966430485838543
0,7.698599999999999,2.5718750000000004,-0.3215811251298956
0,7.698599999999999,2.575,-0.3233918292292515
0,7.698599999999999,2.578125,-0.32509336336755523
0,7.698599999999999,2.58125,-0.32668364467063404
0,7.698599999999999,2.584375,-0.328161604685614
0,7.698599999999999,2.5875000000000004,-0.32952721288797004
0,7.698599999999999,2.590625,-0.3307814793075709
0,7.698599999999999,2.59375,-0.33192643617320783
0,7.698599999999999,2.596875,-0.3329650992621073
0,7.698599999999999,2.6,-0.33390141038682525
0,7.698599999999999,2.6031250000000004,-0.3347401631131532
0,7.698599999999999,2.60625,-0.33548691434293254
0,7.698599999999999,2.609375,-0.33614788478878027
0,7.698599999999999,2.6125,-0.3367298515992713
0,7.698599999999999,2.615625,-0.33724003646090217
0,7.698599999999999,2.6187500000000004,-0.3376859924163903
0,7.698599999999999,2.621875,-0.33807549241633456
0,7.698599999999999,2.625,-0.3384164222888551
0,7.698599999999999,2.628125,-0.33871668039957264
0,7.698599999999999,2.63125,-0.33898408581356576
0,7.698599999999999,2.6343750000000004,-0.33922629629186574
0,7.698599999999999,2.6375,-0.3394507369844515
0,7.698599999999999,2.640625,-0.33966454024170584
0,7.698599999999999,2.64375,-0.33987449657354546
0,7.698599999999999,2.646875,-0.3400870164509555
0,7.698599999999999,2.6500000000000004,-0.3403081023741537
0,7.698599999999999,2.653125,-0.3405433304261491
0,7.698599999999999,2.65625,-0.34079784038737077
0,7.698599999999999,2.659375,-0.34107633340086435
0,7.698599999999999,2.6625,-0.34138307614100155
0,7.698599999999999,2.6656250000000004,-0.34172191044346556
0,7.698599999999999,2.66875,-0.3420962673919371
0,7.698599999999999,2.671875,-0.342509184919201
0,7.698599999999999,2.675,-0.342963328059765
0,7.698599999999999,2.678125,-0.34346101108096616
0,7.698599999999999,2.6812500000000004,-0.344004220814358
0,7.698599999999999,2.684375,-0.3445946406044962
0,7.698599999999999,2.6875,-0.3452336743846276
0,7.698599999999999,2.690625,-0.34592247047576963
0,7.698599999999999,2.69375,-0.3466619447855678
0,7.698599999999999,2.6968750000000004,-0.34745280315515975
0,7.698599999999999,2.7,-0.34829556266562356
0,7.698599999999999,2.703125,-0.34919057177042384
0,7.698599999999999,2.70625,-0.35013802916691233
0,7.698599999999999,2.709375,-0.35113800135888446
0,7.698599999999999,2.7125000000000004,-0.3521904388941158
0,7.698599999999999,2.715625,-0.3532951912864162
0,7.698599999999999,2.71875,-0.3544520206518065
0,7.698599999999999,2.721875,-0.3556606141036845
0,7.698599999999999,2.725,-0.35692059496301926
0,7.698599999999999,2.7281250000000004,-0.3582315328473349
0,7.698599999999999,2.73125,-0.35959295270714536
0,7.698599999999999,2.734375,-0.3610043428810707
0,7.698599999999999,2.7375,-0.36246516224160275
0,7.698599999999999,2.740625,-0.36397484650277884
0,7.698599999999999,2.7437500000000004,-0.3655328137592032
0,7.698599999999999,2.746875,-0.36713846932322947
0,7.698599999999999,2.75,-0.3687912099239044
0,7.698599999999999,2.753125,-0.3704904273276793
0,7.698599999999999,2.75625,-0.3722355114370727
0,7.698599999999999,2.7593750000000004,-0.37402585291954327
0,7.698599999999999,2.7625,-0.3758608454148986
0,7.698599999999999,2.765625,-0.3777398873656986
0,7.698599999999999,2.76875,-0.37966238351137116
0,7.698599999999999,2.771875,-0.3816277460831794
0,7.698599999999999,2.7750000000000004,-0.3836353957337817
0,7.698599999999999,2.778125,-0.38568476223195014
0,7.698599999999999,2.78125,-0.38777528495002905
0,7.698599999999999,2.784375,-0.38990641316896846
0,7.698599999999999,2.7875,-0.3920776062232249
0,7.698599999999999,2.7906250000000004,-0.3942883335054874
0,7.698599999999999,2.79375,-0.3965380743490617
0,7.698599999999999,2.796875,-0.3988263178038001
0,7.698599999999999,2.8,-0.40115256231970525
0,7.698599999999999,2.803125,-0.40351631535074767
0,7.698599999999999,2.8062500000000004,-0.40591709288999567
0,7.698599999999999,2.809375,-0.40835441894587193
0,7.698599999999999,2.8125,-0.4108278249681848
0,7.698599999999999,2.815625,-0.4133368492315513
0,7.698599999999999,2.81875,-0.41588103618290295
0,7.698599999999999,2.8218750000000004,-0.4184599357589393
0,7.698599999999999,2.825,-0.4210731026786657
0,7.698599999999999,2.828125,-0.42372009571550145
0,7.698599999999999,2.83125,-0.4264004769528676
0,7.698599999999999,2.834375,-0.429113811026667
0,7.698599999999999,2.8375000000000004,-0.43185966435761536
0,7.698599999999999,2.840625,-0.4346376043760007
0,7.698599999999999,2.84375,-0.4374471987411048
0,7.698599999999999,2.846875,-0.4402880145572228
0,7.698599999999999,2.85,-0.44315961758796596
0,7.698599999999999,2.8531250000000004,-0.4460615714703091
0,7.698599999999999,2.85625,-0.4489934369296573
0,7.698599999999999,2.859375,-0.4519547709970458
0,7.698599999999999,2.8625,-0.4549451262294467
0,7.698599999999999,2.865625,-0.4579640499340567
0,7.698599999999999,2.8687500000000004,-0.4610110833973307
0,7.698599999999999,2.871875,-0.46408576111947053
0,7.698599999999999,2.875,-0.46718761005500525
0,7.698599999999999,2.878125,-0.47031614886006057
0,7.698599999999999,2.88125,-0.47347088714688756
0,7.698599999999999,2.8843750000000004,-0.4766513247461962
0,7.698599999999999,2.8875,-0.4798569509778333
0,7.698599999999999,2.890625,-0.48308724393034097
0,7.698599999999999,2.89375,-0.48634166974993925
0,7.698599999999999,2.896875,-0.48961968193949396
0,7.698599999999999,2.9000000000000004,-0.4929207206680457
0,7.698599999999999,2.903125,-0.49624421209151126
0,7.698599999999999,2.90625,-0.4995895676851883
0,7.698599999999999,2.909375,-0.5029561835887366
0,7.698599999999999,2.9125,-0.5063434399643447
0,7.698599999999999,2.9156250000000004,-0.5097507003688349
0,7.698599999999999,2.91875,-0.5131773111405022
0,7.698599999999999,2.921875,-0.5166226008015296
0,7.698599999999999,2.925,-0.5200858794768666
0,7.698599999999999,2.928125,-0.5235664383305153
0,7.698599999999999,2.9312500000000004,-0.527063549020211
0,7.698599999999999,2.934375,-0.5305764631715396
0,7.698599999999999,2.9375,-0.5341044118725846
0,7.698599999999999,2.940625,-0.5376466051902405
0,7.698599999999999,2.94375,-0.5412022317093921
0,7.698599999999999,2.9468750000000004,-0.5447704580961955
0,7.698599999999999,2.95,-0.5483504286867551
0,7.698599999999999,2.953125,-0.551941265102529
0,7.698599999999999,2.95625,-0.5555420658938401
0,7.698599999999999,2.959375,-0.5591519062129188
0,7.698599999999999,2.9625000000000004,-0.5627698375179291
0,7.698599999999999,2.965625,-0.5663948873094854
0,7.698599999999999,2.96875,-0.5700260589011714
0,7.698599999999999,2.971875,-0.5736623312256272
0,7.698599999999999,2.975,-0.5773026586777755
0,7.698599999999999,2.9781250000000004,-0.5809459709967865
0,7.698599999999999,2.98125,-0.5845911731883898
0,7.698599999999999,2.984375,-0.5882371454891547
0,7.698599999999999,2.9875,-0.5918827433743475
0,7.698599999999999,2.990625,-0.595526797610992
0,7.698599999999999,2.9937500000000004,-0.5991681143577273
0,7.698599999999999,2.996875,-0.6028054753130513
0,7.698599999999999,3.0,-0.6064376379135074
0,7.698599999999999,3.0031250000000003,-0.6100633355833329
0,7.698599999999999,3.00625,-0.6136812780370504
0,7.698599999999999,3.009375,-0.6172901516364406
0,7.698599999999999,3.0125,-0.6208886198032502
0,7.698599999999999,3.015625,-0.6244753234889436
0,7.698599999999999,3.0187500000000003,-0.6280488817027213
0,7.698599999999999,3.021875,-0.6316078920989238
0,7.698599999999999,3.025,-0.6351509316248715
0,7.698599999999999,3.028125,-0.6386765572300508
0,7.698599999999999,3.03125,-0.6421833066374568
0,7.698599999999999,3.0343750000000003,-0.64566969917778
0,7.698599999999999,3.0375,-0.6491342366869552
0,7.698599999999999,3.040625,-0.6525754044674856
0,7.698599999999999,3.04375,-0.655991672313755
0,7.698599999999999,3.046875,-0.659381495601399
0,7.698599999999999,3.0500000000000003,-0.6627433164406248
0,7.698599999999999,3.053125,-0.6660755648931642
0,7.698599999999999,3.05625,-0.6693766602523796
0,7.698599999999999,3.059375,-0.6726450123858083
0,7.698599999999999,3.0625,-0.6758790231392379
0,7.698599999999999,3.0656250000000003,-0.6790770878011894
0,7.698599999999999,3.06875,-0.6822375966264405
0,7.698599999999999,3.071875,-0.6853589364170183
0,7.698599999999999,3.075,-0.6884394921588342
0,7.698599999999999,3.078125,-0.6914776487119066
0,7.698599999999999,3.0812500000000003,-0.6944717925518824
0,7.698599999999999,3.084375,-0.6974203135603066
0,7.698599999999999,3.0875,-0.7003216068608759
0,7.698599999999999,3.090625,-0.70317407469864
0,7.698599999999999,3.09375,-0.7059761283589047
0,7.698599999999999,3.0968750000000003,-0.7087261901223371
0,7.698599999999999,3.1,-0.7114226952525465
0,7.698599999999999,3.103125,-0.7140640940122034
0,7.698599999999999,3.10625,-0.7166488537035227
0,7.698599999999999,3.109375,-0.7191754607287492
0,7.698599999999999,3.1125000000000003,-0.7216424226660825
0,7.698599999999999,3.115625,-0.7240482703562858
0,7.698599999999999,3.11875,-0.7263915599950734
0,7.698599999999999,3.121875,-0.7286708752261937
0,7.698599999999999,3.125,-0.7308848292300054
0,7.698599999999999,3.1281250000000003,-0.73303206680222
0,7.698599999999999,3.13125,-0.7351112664173686
0,7.698599999999999,3.134375,-0.7371211422714952
0,7.698599999999999,3.1375,-0.7390604462984932
0,7.698599999999999,3.140625,-0.7409279701544824
0,7.698599999999999,3.1437500000000003,-0.7427225471645997
0,7.698599999999999,3.146875,-0.7444430542265882
0,7.698599999999999,3.15,-0.7460884136656056
0,7.698599999999999,3.153125,-0.7476575950347242
0,7.698599999999999,3.15625,-0.7491496168556853
0,7.698599999999999,3.1593750000000003,-0.7505635482945772
0,7.698599999999999,3.1625,-0.7518985107672358
0,7.698599999999999,3.165625,-0.7531536794693303
0,7.698599999999999,3.16875,-0.7543282848262794
0,7.698599999999999,3.171875,-0.7554216138583455
0,7.698599999999999,3.1750000000000003,-0.7564330114564949
0,7.698599999999999,3.178125,-0.7573618815648543
0,7.698599999999999,3.18125,-0.7582076882658781
0,7.698599999999999,3.184375,-0.7589699567646281
0,7.698599999999999,3.1875,-0.7596482742688888
0,7.698599999999999,3.1906250000000003,-0.7602422907621654
0,7.698599999999999,3.19375,-0.7607517196669626
0,7.698599999999999,3.196875,-0.7611763383961044
0,7.698599999999999,3.2,-0.7615159887902234
0,7.698599999999999,3.203125,-0.7617705774399351
0,7.698599999999999,3.2062500000000003,-0.7619400758916036
0,7.698599999999999,3.209375,-0.7620245207359989
0,7.698599999999999,3.2125,-0.762024013579553
0,7.698599999999999,3.215625,-0.7619387208983162
0,7.698599999999999,3.21875,-0.7617688737751266
0,7.698599999999999,3.2218750000000003,-0.7615147675208981
0,7.698599999999999,3.225,-0.7611767611813237
0,7.698599999999999,3.228125,-0.7607552769306936
0,7.698599999999999,3.23125,-0.760250799354881
0,7.698599999999999,3.234375,-0.7596638746259403
0,7.698599999999999,3.2375000000000003,-0.7589951095710958
0,7.698599999999999,3.240625,-0.758245170639252
0,7.698599999999999,3.24375,-0.7574147827684673
0,7.698599999999999,3.246875,-0.7565047281581473
0,7.698599999999999,3.25,-0.7555158449499879
0,7.698599999999999,3.2531250000000003,-0.7544490258219698
0,7.698599999999999,3.25625,-0.7533052164999414
0,7.698599999999999,3.259375,-0.7520854141915485
0,7.698599999999999,3.2625,-0.7507906659474635
0,7.698599999999999,3.265625,-0.7494220669550338
0,7.698599999999999,3.2687500000000003,-0.7479807587696177
0,7.698599999999999,3.271875,-0.7464679274889952
0,7.698599999999999,3.275,-0.7448848018763315
0,7.698599999999999,3.278125,-0.7432326514372493
0,7.698599999999999,3.28125,-0.7415127844566025
0,7.698599999999999,3.2843750000000003,-0.7397265460005645
0,7.698599999999999,3.2875,-0.7378753158896487
0,7.698599999999999,3.290625,-0.7359605066482365
0,7.698599999999999,3.29375,-0.7339835614361541
0,7.698599999999999,3.296875,-0.7319459519677547
0,7.698599999999999,3.3000000000000003,-0.7298491764238769
0,7.698599999999999,3.303125,-0.7276947573619361
0,7.698599999999999,3.30625,-0.7254842396292754
0,7.698599999999999,3.309375,-0.7232191882847535
0,7.698599999999999,3.3125,-0.7209011865333891
0,7.698599999999999,3.3156250000000003,-0.7185318336786937
0,7.698599999999999,3.31875,-0.7161127430971465
0,7.698599999999999,3.321875,-0.7136455402390488
0,7.698599999999999,3.325,-0.7111318606598009
0,7.698599999999999,3.328125,-0.7085733480854053
0,7.698599999999999,3.3312500000000003,-0.7059716525157804
0,7.698599999999999,3.334375,-0.7033284283692449
0,7.698599999999999,3.3375,-0.700645332671272
0,7.698599999999999,3.340625,-0.6979240232903963
0,7.698599999999999,3.34375,-0.6951661572238969
0,7.698599999999999,3.3468750000000003,-0.6923733889356424
0,7.698599999999999,3.35,-0.6895473687482462
0,7.698599999999999,3.353125,-0.6866897412914293
0,7.698599999999999,3.35625,-0.6838021440082631
0,7.698599999999999,3.359375,-0.6808862057207227
0,7.698599999999999,3.3625000000000003,-0.6779435452557516
0,7.698599999999999,3.365625,-0.6749757701328288
0,7.698599999999999,3.36875,-0.6719844753137942
0,7.698599999999999,3.371875,-0.6689712420154975
0,7.698599999999999,3.375,-0.665937636585623
0,7.698599999999999,3.3781250000000003,-0.6628852094418516
0,7.698599999999999,3.38125,-0.659815494074345
0,7.698599999999999,3.384375,-0.6567300061113513
0,7.698599999999999,3.3875,-0.6536302424475728
0,7.698599999999999,3.390625,-0.6505176804347835
0,7.698599999999999,3.3937500000000003,-0.6473937771340241
0,7.698599999999999,3.396875,-0.6442599686285909
0,7.698599999999999,3.4000000000000004,-0.6411176693968781
0,7.698599999999999,3.403125,-0.6379682717440505
0,7.698599999999999,3.40625,-0.6348131452913853
0,7.698599999999999,3.4093750000000003,-0.6316536365220539
0,7.698599999999999,3.4125,-0.6284910683820083
0,7.698599999999999,3.4156250000000004,-0.6253267399345669
0,7.698599999999999,3.41875,-0.6221619260672326
0,7.698599999999999,3.421875,-0.6189978772492023
0,7.698599999999999,3.4250000000000003,-0.6158358193379943
0,7.698599999999999,3.428125,-0.612676953433565
0,7.698599999999999,3.4312500000000004,-0.6095224557782554
0,7.698599999999999,3.434375,-0.6063734777008907
0,7.698599999999999,3.4375,-0.6032311456033194
0,7.698599999999999,3.4406250000000003,-0.6000965609876879
0,7.698599999999999,3.44375,-0.5969708005227228
0,7.698599999999999,3.4468750000000004,-0.5938549161473006
0,7.698599999999999,3.45,-0.5907499352095986
0,7.698599999999999,3.453125,-0.5876568606401149
0,7.698599999999999,3.4562500000000003,-0.5845766711568794
0,7.698599999999999,3.459375,-0.5815103215011912
0,7.698599999999999,3.4625000000000004,-0.5784587427022364
0,7.698599999999999,3.465625,-0.5754228423689897
0,7.698599999999999,3.46875,-0.5724035050078062
0,7.698599999999999,3.4718750000000003,-0.5694015923641793
0,7.698599999999999,3.475,-0.5664179437871513
0,7.698599999999999,3.4781250000000004,-0.5634533766149149
0,7.698599999999999,3.48125,-0.5605086865801987
0,7.698599999999999,3.484375,-0.5575846482340477
0,7.698599999999999,3.4875000000000003,-0.5546820153866854
0,7.698599999999999,3.490625,-0.551801521564175
0,7.698599999999999,3.4937500000000004,-0.548943880479645
0,7.698599999999999,3.496875,-0.546109786517913
0,7.698599999999999,3.5,-0.543299915232363
0,7.698599999999999,3.5031250000000003,-0.5405149238530128
0,7.698599999999999,3.50625,-0.537755451804739
0,7.698599999999999,3.5093750000000004,-0.5350221212346806
0,7.698599999999999,3.5125,-0.5323155375479088
0,7.698599999999999,3.515625,-0.5296362899504782
0,7.698599999999999,3.5187500000000003,-0.5269849519990454
0,7.698599999999999,3.521875,-0.5243620821562839
0,7.698599999999999,3.5250000000000004,-0.5217682243513618
0,7.698599999999999,3.528125,-0.5192039085448276
0,7.698599999999999,3.53125,-0.5166696512972584
0,7.698599999999999,3.5343750000000003,-0.5141659563411098
0,7.698599999999999,3.5375,-0.511693315155226
0,7.698599999999999,3.5406250000000004,-0.5092522075415234
0,7.698599999999999,3.54375,-0.5068431022034154
0,7.698599999999999,3.546875,-0.5044664573255656
0,7.698599999999999,3.5500000000000003,-0.5021227211546258
0,7.698599999999999,3.553125,-0.4998123325806376
0,7.698599999999999,3.5562500000000004,-0.4975357217188211
0,7.698599999999999,3.559375,-0.49529331049152187
0,7.698599999999999,3.5625,-0.49308551321010774
0,7.698599999999999,3.5656250000000003,-0.490912737156664
0,7.698599999999999,3.56875,-0.48877538316535674
0,7.698599999999999,3.5718750000000004,-0.48667384620337034
0,7.698599999999999,3.575,-0.48460851595137044
0,7.698599999999999,3.578125,-0.4825797773834573
0,7.698599999999999,3.5812500000000003,-0.48058801134662443
0,7.698599999999999,3.584375,-0.4786335951397563
0,7.698599999999999,3.5875000000000004,-0.4767169030922301
0,7.698599999999999,3.590625,-0.47483830714222325
0,7.698599999999999,3.59375,-0.4729981774148424
0,7.698599999999999,3.5968750000000003,-0.47119688280023153
0,7.698599999999999,3.6,-0.4694347915318317
0,7.698599999999999,3.6031250000000004,-0.46771227176499425
0,7.698599999999999,3.60625,-0.4660296921561791
0,7.698599999999999,3.609375,-0.4643874224429819
0,7.698599999999999,3.6125000000000003,-0.4627858340252706
0,7.698599999999999,3.615625,-0.46122530054772615
0,7.698599999999999,3.6187500000000004,-0.4597061984841044
0,7.698599999999999,3.621875,-0.45822890772356567
0,7.698599999999999,3.625,-0.4567938121594279
0,7.698599999999999,3.6281250000000003,-0.4554013002807313
0,7.698599999999999,3.63125,-0.45405176576701617
0,7.698599999999999,3.6343750000000004,-0.4527456080867356
0,7.698599999999999,3.6375,-0.4514832330997494
0,7.698599999999999,3.640625,-0.45026505366435765
0,7.698599999999999,3.6437500000000003,-0.4490914902493587
0,7.698599999999999,3.646875,-0.4479629715516294
0,7.698599999999999,3.6500000000000004,-0.4468799351197462
0,7.698599999999999,3.653125,-0.4458428279841857
0,7.698599999999999,3.65625,-0.44485210729465624
0,7.698599999999999,3.6593750000000003,-0.4439082409651377
0,7.698599999999999,3.6625,-0.44301170832721615
0,7.698599999999999,3.6656250000000004,-0.44216300079232285
0,7.698599999999999,3.66875,-0.441362622523504
0,7.698599999999999,3.671875,-0.44061109111736163
0,7.698599999999999,3.6750000000000003,-0.43990893829682653
0,7.698599999999999,3.678125,-0.4392567106154406
0,7.698599999999999,3.6812500000000004,-0.4386549701738371
0,7.698599999999999,3.684375,-0.4381042953491344
0,7.698599999999999,3.6875,-0.43760528153796047
0,7.698599999999999,3.6906250000000003,-0.4371585419138558
0,7.698599999999999,3.69375,-0.4367647081998058
0,7.698599999999999,3.6968750000000004,-0.4364244314566728
0,7.698599999999999,3.7,-0.4361383828883159
0,7.698599999999999,3.703125,-0.43590725466419056
0,7.698599999999999,3.7062500000000003,-0.43573176076024267
0,7.698599999999999,3.709375,-0.43561263781891607
0,7.698599999999999,3.7125000000000004,-0.4355506460291059
0,7.698599999999999,3.715625,-0.43554657002690095
0,7.698599999999999,3.71875,-0.43560121981796013
0,7.698599999999999,3.7218750000000003,-0.43571543172238303
0,7.698599999999999,3.725,-0.4358900693429302
0,7.698599999999999,3.7281250000000004,-0.4361260245574555
0,7.698599999999999,3.73125,-0.4364242185364124
0,7.698599999999999,3.734375,-0.4367856027862892
0,7.698599999999999,3.7375000000000003,-0.43721116021982703
0,7.698599999999999,3.740625,-0.43770190625385746
0,7.698599999999999,3.7437500000000004,-0.4382588899355895
0,7.698599999999999,3.746875,-0.43888319509814966
0,7.698599999999999,3.75,-0.4395759415461605
0,7.698599999999999,3.7531250000000003,-0.44033828627210797
0,7.698599999999999,3.75625,-0.44117142470421433
0,7.698599999999999,3.7593750000000004,-0.44207659198648797
0,7.698599999999999,3.7625,-0.4430550642915681
0,7.698599999999999,3.765625,-0.4441081601669218
0,7.698599999999999,3.7687500000000003,-0.44523724191487807
0,7.698599999999999,3.771875,-0.4464437170068998
0,7.698599999999999,3.7750000000000004,-0.44772903953239734
0,7.698599999999999,3.778125,-0.4490947116822777
0,7.698599999999999,3.78125,-0.4505422852672964
0,7.698599999999999,3.7843750000000003,-0.45207336327113273
0,7.698599999999999,3.7875,-0.4536896014379465
0,7.698599999999999,3.7906250000000004,-0.4553927098939917
0,7.698599999999999,3.79375,-0.4571844548026445
0,7.698599999999999,3.796875,-0.4590666600519771
0,7.698599999999999,3.8000000000000003,-0.4610412089737353
0,7.698599999999999,3.803125,-0.4631100460922813
0,7.698599999999999,3.8062500000000004,-0.46527517890173686
0,7.698599999999999,3.809375,-0.46753867966917234
0,7.698599999999999,3.8125,-0.46990268726129236
0,7.698599999999999,3.8156250000000003,-0.47236940899158203
0,7.698599999999999,3.81875,-0.47494112248437514
0,7.698599999999999,3.8218750000000004,-0.477620177551731
0,7.698599999999999,3.825,-0.4804089980783526
0,7.698599999999999,3.828125,-0.4833100839090932
0,7.698599999999999,3.8312500000000003,-0.4863260127327925
0,7.698599999999999,3.834375,-0.48945944195532853
0,7.698599999999999,3.8375000000000004,-0.4927131105538099
0,7.698599999999999,3.840625,-0.496089840902763
0,7.698599999999999,3.84375,-0.499592540562016
0,7.698599999999999,3.8468750000000003,-0.5032242040146769
0,7.698599999999999,3.85,-0.5069879143421906
0,7.698599999999999,3.8531250000000004,-0.5108868448219106
0,7.698599999999999,3.85625,-0.5149242604308828
0,7.698599999999999,3.859375,-0.5191035192376896
0,7.698599999999999,3.8625000000000003,-0.5234280736621143
0,7.698599999999999,3.865625,-0.5279014715801469
0,7.698599999999999,3.8687500000000004,-0.5325273572493889
0,7.698599999999999,3.871875,-0.5373094720272016
0,7.698599999999999,3.875,-0.5422516548510339
0,7.698599999999999,3.8781250000000003,-0.5473578424471407
0,7.698599999999999,3.88125,-0.5526320692304438
0,7.698599999999999,3.8843750000000004,-0.5580784668545096
0,7.698599999999999,3.8875,-0.5637012633665084
0,7.698599999999999,3.890625,-0.5695047819176261
0,7.698599999999999,3.8937500000000003,-0.5754934389745818
0,7.698599999999999,3.896875,-0.5816717419727795
0,7.698599999999999,3.9000000000000004,-0.5880442863460887
0,7.698599999999999,3.903125,-0.5946157518622802
0,7.698599999999999,3.90625,-0.6013908981868462
0,7.698599999999999,3.9093750000000003,-0.6083745595911159
0,7.698599999999999,3.9125,-0.6155716387134244
0,7.698599999999999,3.9156250000000004,-0.622987099274485
0,7.698599999999999,3.91875,-0.6306259576400615
0,7.698599999999999,3.921875,-0.638493273115693
0,7.698599999999999,3.9250000000000003,-0.6465941368493903
0,7.698599999999999,3.928125,-0.6549336592091849
0,7.698599999999999,3.9312500000000004,-0.6635169554930614
0,7.698599999999999,3.934375,-0.6723491298192456
0,7.698599999999999,3.9375,-0.6814352570352682
0,7.698599999999999,3.9406250000000003,-0.6907803624746035
0,7.698599999999999,3.94375,-0.7003893993803368
0,7.698599999999999,3.9468750000000004,-0.7102672238063464
0,7.698599999999999,3.95,-0.7204185667980421
0,7.698599999999999,3.953125,-0.7308480036472988
0,7.698599999999999,3.9562500000000003,-0.7415599200098311
0,7.698599999999999,3.959375,-0.7525584746686017
0,7.698599999999999,3.9625000000000004,-0.7638475587241472
0,7.698599999999999,3.965625,-0.7754307509924563
0,7.698599999999999,3.96875,-0.7873112693940398
0,7.698599999999999,3.9718750000000003,-0.799491918124387
0,7.698599999999999,3.975,-0.8119750304071902
0,7.698599999999999,3.9781250000000004,-0.8247624066481526
0,7.698599999999999,3.98125,-0.8378552478297453
0,7.698599999999999,3.984375,-0.8512540840171733
0,7.698599999999999,3.9875000000000003,-0.864958697883724
0,7.698599999999999,3.990625,-0.8789680432110929
0,7.698599999999999,3.9937500000000004,-0.8932801583781309
0,7.698599999999999,3.996875,-0.9078920749209285
0,7.698599999999999,4.0,-0.9227997213296416
0,7.698599999999999,4.003125000000001,-0.9379978223437229
0,7.698599999999999,4.00625,-0.9534797941186097
0,7.698599999999999,4.009375,-0.9692376357642072
0,7.698599999999999,4.0125,-0.9852618178988599
0,7.698599999999999,4.015625,-1.001541169023266
0,7.698599999999999,4.018750000000001,-1.0180627606952715
0,7.698599999999999,4.021875,-1.0348117926794458
0,7.698599999999999,4.025,-1.0517714794524706
0,7.698599999999999,4.028125,-1.068922939664444
0,7.698599999999999,4.03125,-1.0862450903849554
0,7.698599999999999,4.034375000000001,-1.1037145481954838
0,7.698599999999999,4.0375,-1.1213055394223115
0,7.698599999999999,4.040625,-1.138989822029105
0,7.698599999999999,4.04375,-1.1567366218973845
0,7.698599999999999,4.046875,-1.174512586407858
0,7.698599999999999,4.050000000000001,-1.1922817583836092
0,7.698599999999999,4.053125,-1.2100055735571225
0,7.698599999999999,4.05625,-1.227642884763313
0,7.698599999999999,4.059375,-1.2451500160267412
0,7.698599999999999,4.0625,-1.2624808495907829
0,7.698599999999999,4.065625000000001,-1.2795869487152756
0,7.698599999999999,4.06875,-1.2964177187374655
0,7.698599999999999,4.071875,-1.312920608438806
0,7.698599999999999,4.075,-1.3290413531815397
0,7.698599999999999,4.078125,-1.344724260573266
0,7.698599999999999,4.081250000000001,-1.3599125385869215
0,7.698599999999999,4.084375,-1.3745486651187078
0,7.698599999999999,4.0875,-1.3885747969229087
0,7.698599999999999,4.090625,-1.4019332147434223
0,7.698599999999999,4.09375,-1.4145668002985345
0,7.698599999999999,4.096875000000001,-1.4264195396035453
0,7.698599999999999,4.1,-1.4374370459794896
0,7.698599999999999,4.103125,-1.4475670950414399
0,7.698599999999999,4.10625,-1.4567601630360623
0,7.698599999999999,4.109375,-1.4649699591547813
0,7.698599999999999,4.112500000000001,-1.4721539419310685
0,7.698599999999999,4.115625,-1.4782738095789818
0,7.698599999999999,4.11875,-1.483295954175703
0,7.698599999999999,4.121875,-1.4871918699531235
0,7.698599999999999,4.125,-1.4899385066489514
0,7.698599999999999,4.128125000000001,-1.4915185598666918
0,7.698599999999999,4.13125,-1.491920691682357
0,7.698599999999999,4.134375,-1.491139676274022
0,7.698599999999999,4.1375,-1.4891764670857621
0,7.698599999999999,4.140625,-1.486038183906511
0,7.698599999999999,4.143750000000001,-1.4817380201758221
0,7.698599999999999,4.146875,-1.4762950727479325
0,7.698599999999999,4.15,-1.469734098178953
0,7.698599999999999,4.153125,-1.4620852012805572
0,7.698599999999999,4.15625,-1.4533834631464324
0,7.698599999999999,4.159375000000001,-1.4436685170567587
0,7.698599999999999,4.1625,-1.4329840815658845
0,7.698599999999999,4.165625,-1.4213774606598994
0,7.698599999999999,4.16875,-1.4088990211300885
0,7.698599999999999,4.171875,-1.3956016572552266
0,7.698599999999999,4.175000000000001,-1.3815402525448606
0,7.698599999999999,4.178125,-1.3667711477005748
0,7.698599999999999,4.18125,-1.3513516231453961
0,7.698599999999999,4.184375,-1.3353394035005142
0,7.698599999999999,4.1875,-1.3187921903017035
0,7.698599999999999,4.190625000000001,-1.3017672280954233
0,7.698599999999999,4.19375,-1.284320907880917
0,7.698599999999999,4.196875,-1.266508410711601
0,7.698599999999999,4.2,-1.248383393171709
0,7.698599999999999,4.203125,-1.2299977154295947
0,7.698599999999999,4.206250000000001,-1.2114012116599207
0,7.698599999999999,4.209375,-1.192641501835555
0,7.698599999999999,4.2125,-1.1737638432248796
0,7.698599999999999,4.215625,-1.1548110193931127
0,7.698599999999999,4.21875,-1.135823264093042
0,7.698599999999999,4.221875000000001,-1.1168382171359772
0,7.698599999999999,4.225,-1.0978909091461095
0,7.698599999999999,4.228125,-1.0790137720101005
0,7.698599999999999,4.23125,-1.0602366718255467
0,7.698599999999999,4.234375,-1.0415869612125952
0,7.698599999999999,4.237500000000001,-1.0230895479709121
0,7.698599999999999,4.240625,-1.0047669772251604
0,7.698599999999999,4.24375,-0.9866395243956332
0,7.698599999999999,4.246875,-0.9687252965463038
0,7.698599999999999,4.25,-0.9510403398902558
0,7.698599999999999,4.253125000000001,-0.9335987514662218
0,7.698599999999999,4.25625,-0.9164127932317749
0,7.698599999999999,4.259375,-0.8994930070445853
0,7.698599999999999,4.2625,-0.8828483292191024
0,7.698599999999999,4.265625,-0.8664862035482956
0,7.698599999999999,4.268750000000001,-0.8504126918682404
0,7.698599999999999,4.271875,-0.8346325814147055
0,7.698599999999999,4.275,-0.8191494883758557
0,7.698599999999999,4.278125,-0.8039659571837335
0,7.698599999999999,4.28125,-0.7890835552087833
0,7.698599999999999,4.284375000000001,-0.7745029626285114
0,7.698599999999999,4.2875,-0.760224057332873
0,7.698599999999999,4.290625,-0.7462459948071111
0,7.698599999999999,4.29375,-0.7325672829986385
0,7.698599999999999,4.296875,-0.7191858522285354
0,7.698599999999999,4.300000000000001,-0.7060991202528267
0,7.698599999999999,4.303125,-0.6933040526137237
0,7.698599999999999,4.30625,-0.6807972184484032
0,7.698599999999999,4.309375,-0.6685748419436124
0,7.698599999999999,4.3125,-0.6566328496386975
0,7.698599999999999,4.315625000000001,-0.6449669137895756
0,7.698599999999999,4.31875,-0.6335724920113451
0,7.698599999999999,4.321875,-0.6224448634190832
0,7.698599999999999,4.325,-0.6115791614854948
0,7.698599999999999,4.328125,-0.6009704038303865
0,7.698599999999999,4.331250000000001,-0.5906135191519567
0,7.698599999999999,4.334375,-0.5805033715029975
0,7.698599999999999,4.3375,-0.5706347821072951
0,7.698599999999999,4.340625,-0.5610025489030772
0,7.698599999999999,4.34375,-0.5516014639909604
0,7.698599999999999,4.346875000000001,-0.5424263291546562
0,7.698599999999999,4.35,-0.5334719696129444
0,7.698599999999999,4.353125,-0.524733246151836
0,7.698599999999999,4.35625,-0.5162050657765086
0,7.698599999999999,4.359375,-0.5078823910131093
0,7.698599999999999,4.362500000000001,-0.49976024798175345
0,7.698599999999999,4.365625,-0.4918337333532611
0,7.698599999999999,4.36875,-0.4840980202938931
0,7.698599999999999,4.371875,-0.47654836349458796
0,7.698599999999999,4.375,-0.46918010337352933
0,7.698599999999999,4.378125000000001,-0.4619886695340194
0,7.698599999999999,4.38125,-0.4549695835528874
0,7.698599999999999,4.384375,-0.4481184611684506
0,7.698599999999999,4.3875,-0.441431013931351
0,7.698599999999999,4.390625,-0.4349030503760072
0,7.698599999999999,4.393750000000001,-0.42853047676556316
0,7.698599999999999,4.396875,-0.42230929745845436
0,7.698599999999999,4.4,-0.416235614940394
0,7.698599999999999,4.403125,-0.41030562956169464
0,7.698599999999999,4.40625,-0.40451563901600807
0,7.698599999999999,4.409375000000001,-0.3988620375933377
0,7.698599999999999,4.4125,-0.39334131523697624
0,7.698599999999999,4.415625,-0.38795005643116437
0,7.698599999999999,4.41875,-0.3826849389437446
0,7.698599999999999,4.421875,-0.3775427324455419
0,7.698599999999999,4.425000000000001,-0.3725202970261595
0,7.698599999999999,4.428125,-0.36761458162379446
0,7.698599999999999,4.43125,-0.3628226223848524
0,7.698599999999999,4.434375,-0.3581415409675682
0,7.698599999999999,4.4375,-0.3535685428021928
0,7.698599999999999,4.440625000000001,-0.34910091531906834
0,7.698599999999999,4.44375,-0.34473602615458065
0,7.698599999999999,4.446875,-0.34047132134386293
0,7.698599999999999,4.45,-0.3363043235081577
0,7.698599999999999,4.453125,-0.3322326300437132
0,7.698599999999999,4.456250000000001,-0.32825391131836007
0,7.698599999999999,4.459375,-0.32436590888109235
0,7.698599999999999,4.4625,-0.3205664336892944
0,7.698599999999999,4.465625,-0.31685336435770617
0,7.698599999999999,4.46875,-0.31322464543256245
0,7.698599999999999,4.471875000000001,-0.30967828569394673
0,7.698599999999999,4.475,-0.3062123564888936
0,7.698599999999999,4.478125,-0.30282499009737807
0,7.698599999999999,4.48125,-0.2995143781330232
0,7.698599999999999,4.484375,-0.2962787699799558
0,7.698599999999999,4.487500000000001,-0.2931164712670381
0,7.698599999999999,4.490625,-0.29002584238040097
0,7.698599999999999,4.49375,-0.28700529701497735
0,7.698599999999999,4.496875,-0.2840533007655881
0,7.698599999999999,4.5,-0.28116836975787374
0,7.698599999999999,4.503125000000001,-0.27834906931929027
0,7.698599999999999,4.50625,-0.2755940126902034
0,7.698599999999999,4.509375,-0.2729018597749958
0,7.698599999999999,4.5125,-0.2702713159330414
0,7.698599999999999,4.515625,-0.26770113080923835
0,7.698599999999999,4.518750000000001,-0.26519009720378445
0,7.698599999999999,4.521875,-0.2627370499807638
0,7.698599999999999,4.525,-0.2603408650150606
0,7.698599999999999,4.528125,-0.25800045817709927
0,7.698599999999999,4.53125,-0.2557147843548064
0,7.698599999999999,4.534375000000001,-0.25348283651221376
0,7.698599999999999,4.5375,-0.2513036447840524
0,7.698599999999999,4.540625,-0.24917627560566105
0,7.698599999999999,4.54375,-0.24709983087754658
0,7.698599999999999,4.546875,-0.2450734471638523
0,7.698599999999999,4.550000000000001,-0.24309629492403514
0,7.698599999999999,4.553125,-0.24116757777699785
0,7.698599999999999,4.55625,-0.23928653179691298
0,7.698599999999999,4.559375,-0.23745242483999154
0,7.698599999999999,4.5625,-0.23566455590138594
0,7.698599999999999,4.565625000000001,-0.23392225450145515
0,7.698599999999999,4.56875,-0.23222488010057277
0,7.698599999999999,4.571875,-0.23057182154164876
0,7.698599999999999,4.575,-0.22896249651954148
0,7.698599999999999,4.578125,-0.2273963510764756
0,7.698599999999999,4.581250000000001,-0.22587285912260366
0,7.698599999999999,4.584375,-0.22439152198079418
0,7.698599999999999,4.5875,-0.22295186795470362
0,7.698599999999999,4.590625,-0.2215534519191777
0,7.698599999999999,4.59375,-0.22019585493195015
0,7.698599999999999,4.596875000000001,-0.21887868386560094
0,7.698599999999999,4.6,-0.21760157105865996
0,7.698599999999999,4.603125,-0.2163641739846875
0,7.698599999999999,4.60625,-0.21516617493811385
0,7.698599999999999,4.609375,-0.2140072807355145
0,7.698599999999999,4.612500000000001,-0.21288722243094468
0,7.698599999999999,4.615625,-0.2118057550438423
0,7.698599999999999,4.61875,-0.21076265729790306
0,7.698599999999999,4.621875,-0.20975773136922932
0,7.698599999999999,4.625,-0.20879080264189503
0,7.698599999999999,4.628125000000001,-0.20786171946894783
0,7.698599999999999,4.63125,-0.20697035293669155
0,7.698599999999999,4.634375,-0.20611659662991078
0,7.698599999999999,4.6375,-0.20530036639551594
0,7.698599999999999,4.640625,-0.20452160010184436
0,7.698599999999999,4.643750000000001,-0.2037802573906344
0,7.698599999999999,4.646875,-0.2030763194184127
0,7.698599999999999,4.65,-0.2024097885837465
0,7.698599999999999,4.653125,-0.20178068823650808
0,7.698599999999999,4.65625,-0.20118906236493792
0,7.698599999999999,4.659375000000001,-0.20063497525593763
0,7.698599999999999,4.6625,-0.20011851112360615
0,7.698599999999999,4.665625,-0.1996397737006002
0,7.698599999999999,4.66875,-0.1991988857864302
0,7.698599999999999,4.671875,-0.19879598874628637
0,7.698599999999999,4.675000000000001,-0.19843124195345482
0,7.698599999999999,4.678125,-0.19810482216779246
0,7.698599999999999,4.68125,-0.1978169228421109
0,7.698599999999999,4.684375,-0.19756775334766316
0,7.698599999999999,4.6875,-0.19735753810922294
0,7.698599999999999,4.690625000000001,-0.19718651563951864
0,7.698599999999999,4.69375,-0.1970549374620146
0,7.698599999999999,4.696875,-0.19696306691023183
0,7.698599999999999,4.7,-0.19691117779097905
0,7.698599999999999,4.703125,-0.19689955289801928
0,7.698599999999999,4.706250000000001,-0.19692848236183946
0,7.698599999999999,4.709375,-0.19699826182033597
0,7.698599999999999,4.7125,-0.1971091903943803
0,7.698599999999999,4.715625,-0.19726156845140871
0,7.698599999999999,4.71875,-0.1974556951394079
0,7.698599999999999,4.721875000000001,-0.19769186567295993
0,7.698599999999999,4.725,-0.19797036835240062
0,7.698599999999999,4.728125,-0.19829148129666152
0,7.698599999999999,4.73125,-0.19865546887004484
0,7.698599999999999,4.734375,-0.19906257778306924
0,7.698599999999999,4.737500000000001,-0.19951303284766528
0,7.698599999999999,4.740625,-0.2000070323674533
0,7.698599999999999,4.74375,-0.20054474314466966
0,7.698599999999999,4.746875,-0.20112629508657134
0,7.698599999999999,4.75,-0.20175177539595843
0,7.698599999999999,4.753125000000001,-0.20242122233284549
0,7.698599999999999,4.75625,-0.20313461853742332
0,7.698599999999999,4.759375,-0.20389188390835702
0,7.698599999999999,4.7625,-0.20469286803525538
0,7.698599999999999,4.765625,-0.20553734218997433
0,7.698599999999999,4.768750000000001,-0.20642499088831864
0,7.698599999999999,4.771875,-0.20735540304185304
0,7.698599999999999,4.775,-0.2083280627289813
0,7.698599999999999,4.778125,-0.2093423396252778
0,7.698599999999999,4.78125,-0.21039747914537626
0,7.698599999999999,4.784375000000001,-0.21149259236249002
0,7.698599999999999,4.7875,-0.21262664578693816
0,7.698599999999999,4.790625,-0.21379845110179585
0,7.698599999999999,4.79375,-0.21500665497185517
0,7.698599999999999,4.796875,-0.21624972906138665
0,7.698599999999999,4.800000000000001,-0.21752596041636046
0,7.698599999999999,4.803125,-0.21883344238759375
0,7.698599999999999,4.80625,-0.2201700662922184
0,7.698599999999999,4.809375,-0.22153351403134702
0,7.698599999999999,4.8125,-0.22292125190124776
0,7.698599999999999,4.815625000000001,-0.22433052585279564
0,7.698599999999999,4.81875,-0.22575835846864142
0,7.698599999999999,4.821875,-0.2272015479383265
0,7.698599999999999,4.825,-0.22865666931733902
0,7.698599999999999,4.828125,-0.2301200783557547
0,7.698599999999999,4.831250000000001,-0.23158791817429356
0,7.698599999999999,4.834375,-0.233056129049308
0,7.698599999999999,4.8375,-0.23452046154224235
0,7.698599999999999,4.840625,-0.2359764931725555
0,7.698599999999999,4.84375,-0.23741964878541016
0,7.698599999999999,4.846875000000001,-0.2388452247061554
0,7.698599999999999,4.85,-0.24024841670301864
0,7.698599999999999,4.853125,-0.2416243516980232
0,7.698599999999999,4.85625,-0.24296812307517915
0,7.698599999999999,4.859375,-0.24427482933636047
0,7.698599999999999,4.862500000000001,-0.24553961575134756
0,7.698599999999999,4.865625,-0.2467577185424931
0,7.698599999999999,4.86875,-0.2479245110399466
0,7.698599999999999,4.871875,-0.2490355511444353
0,7.698599999999999,4.875,-0.25008662934569414
0,7.698599999999999,4.878125000000001,-0.2510738164700901
0,7.698599999999999,4.88125,-0.2519935102751875
0,7.698599999999999,4.884375,-0.2528424799757306
0,7.698599999999999,4.8875,-0.2536179077779284
0,7.698599999999999,4.890625,-0.254317426519289
0,7.698599999999999,4.893750000000001,-0.25493915256051985
0,7.698599999999999,4.896875,-0.25548171315402135
0,7.698599999999999,4.9,-0.25594426761856237
0,7.698599999999999,4.903125,-0.25632652177882204
0,7.698599999999999,4.90625,-0.2566287352773649
0,7.698599999999999,4.909375000000001,-0.2568517215298779
0,7.698599999999999,4.9125,-0.25699684026603026
0,7.698599999999999,4.915625,-0.2570659827714858
0,7.698599999999999,4.91875,-0.257061550114694
0,7.698599999999999,4.921875,-0.25698642479873207
0,7.698599999999999,4.925000000000001,-0.2568439364178678
0,7.698599999999999,4.928125,-0.25663782201589025
0,7.698599999999999,4.93125,-0.25637218193497696
0,7.698599999999999,4.934375,-0.256051432007684
0,7.698599999999999,4.9375,-0.2556802529796676
0,7.698599999999999,4.940625000000001,-0.2552635380574982
0,7.698599999999999,4.94375,-0.2548063394561106
0,7.698599999999999,4.946875,-0.25431381477689013
0,7.698599999999999,4.95,-0.2537911739837177
0,7.698599999999999,4.953125,-0.25324362766468433
0,7.698599999999999,4.956250000000001,-0.2526763371761446
0,7.698599999999999,4.959375,-0.25209436716781175
0,7.698599999999999,4.9625,-0.2515026408870742
0,7.698599999999999,4.965625,-0.250905898561635
0,7.698599999999999,4.96875,-0.25030865906538047
0,7.698599999999999,4.971875000000001,-0.24971518498601877
0,7.698599999999999,4.975,-0.24912945113667911
0,7.698599999999999,4.978125,-0.24855511648895137
0,7.698599999999999,4.98125,-0.24799549945274246
0,7.698599999999999,4.984375,-0.24745355638918676
0,7.698599999999999,4.987500000000001,-0.24693186321661986
0,7.698599999999999,4.990625,-0.24643259995570066
0,7.698599999999999,4.99375,-0.24595753805729528
0,7.698599999999999,4.996875,-0.2455080303645296
0,7.698599999999999,5.0,-0.24508500357706975
0,7.698599999999999,5.003125,-0.2446889531097034
0,7.698599999999999,5.0062500000000005,-0.24431994026697296
0,7.698599999999999,5.009375,-0.24397759168928118
0,7.698599999999999,5.0125,-0.2436611010617512
0,7.698599999999999,5.015625,-0.24336923311342795
0,7.698599999999999,5.01875,-0.243100329969341
0,7.698599999999999,5.0218750000000005,-0.2428523199497565
0,7.698599999999999,5.025,-0.2426227289378768
0,7.698599999999999,5.028125,-0.24240869445761723
0,7.698599999999999,5.03125,-0.24220698261530582
0,7.698599999999999,5.034375,-0.242014008061744
0,7.698599999999999,5.0375000000000005,-0.24182585712275323
0,7.698599999999999,5.040625,-0.24163831422607565
0,7.698599999999999,5.04375,-0.24144689171957257
0,7.698599999999999,5.046875,-0.2412468631297478
0,7.698599999999999,5.05,-0.24103329985084987
0,7.698599999999999,5.0531250000000005,-0.24080111118386804
0,7.698599999999999,5.05625,-0.24054508756291818
0,7.698599999999999,5.059375,-0.24025994671573916
0,7.698599999999999,5.0625,-0.23994038240788526
0,7.698599999999999,5.065625,-0.2395811153198871
0,7.698599999999999,5.0687500000000005,-0.23917694550695082
0,7.698599999999999,5.071875,-0.23872280579584676
0,7.698599999999999,5.075,-0.23821381538799333
0,7.698599999999999,5.078125,-0.2376453328659034
0,7.698599999999999,5.08125,-0.23701300774648998
0,7.698599999999999,5.0843750000000005,-0.2363128296931651
0,7.698599999999999,5.0875,-0.2355411744924252
0,7.698599999999999,5.090625,-0.23469484592197615
0,7.698599999999999,5.09375,-0.23377111268753
0,7.698599999999999,5.096875,-0.232767739683976
0,7.698599999999999,5.1000000000000005,-0.23168301294211044
0,7.698599999999999,5.103125,-0.23051575775151295
0,7.698599999999999,5.10625,-0.22926534959921352
0,7.698599999999999,5.109375,-0.227931717727192
0,7.698599999999999,5.1125,-0.22651534128331768
0,7.698599999999999,5.1156250000000005,-0.22501723821348696
0,7.698599999999999,5.11875,-0.2234389472107457
0,7.698599999999999,5.121875,-0.22178250319365114
0,7.698599999999999,5.125,-0.2200504069253057
0,7.698599999999999,5.128125,-0.218245589501493
0,7.698599999999999,5.1312500000000005,-0.21637137252758437
0,7.698599999999999,5.134375,-0.21443142486701544
0,7.698599999999999,5.1375,-0.21242971687825207
0,7.698599999999999,5.140625,-0.21037047306274106
0,7.698599999999999,5.14375,-0.20825812402499938
0,7.698599999999999,5.1468750000000005,-0.20609725860052264
0,7.698599999999999,5.15,-0.20389257694110613
0,7.698599999999999,5.153125,-0.20164884526456547
0,7.698599999999999,5.15625,-0.19937085288116363
0,7.698599999999999,5.159375,-0.197063372006654
0,7.698599999999999,5.1625000000000005,-0.19473112076606044
0,7.698599999999999,5.165625,-0.19237872968696434
0,7.698599999999999,5.16875,-0.19001071187953963
0,7.698599999999999,5.171875,-0.18763143700568838
0,7.698599999999999,5.175,-0.18524510905345148
0,7.698599999999999,5.1781250000000005,-0.18285574785698916
0,7.698599999999999,5.18125,-0.1804671742376899
0,7.698599999999999,5.184375,-0.17808299858873863
0,7.698599999999999,5.1875,-0.1757066126836759
0,7.698599999999999,5.190625,-0.17334118445853722
0,7.698599999999999,5.1937500000000005,-0.1709896554963511
0,7.698599999999999,5.196875,-0.16865474093104832
0,7.698599999999999,5.2,-0.1663389314840463
0,7.698599999999999,5.203125,-0.1640444973497816
0,7.698599999999999,5.20625,-0.16177349365498056
0,7.698599999999999,5.2093750000000005,-0.1595277672294087
0,7.698599999999999,5.2125,-0.15730896444209355
0,7.698599999999999,5.215625,-0.15511853987559598
0,7.698599999999999,5.21875,-0.1529577656309933
0,7.698599999999999,5.221875,-0.15082774107701588
0,7.698599999999999,5.2250000000000005,-0.14872940287770595
0,7.698599999999999,5.228125,-0.1466635351534967
0,7.698599999999999,5.23125,-0.14463077965034649
0,7.698599999999999,5.234375,-0.14263164581026203
0,7.698599999999999,5.2375,-0.14066652065392382
0,7.698599999999999,5.2406250000000005,-0.13873567840212456
0,7.698599999999999,5.24375,-0.13683928977724036
0,7.698599999999999,5.246875,-0.13497743093894843
0,7.698599999999999,5.25,-0.1331500920199517
0,7.698599999999999,5.253125,-0.13135718523755271
0,7.698599999999999,5.2562500000000005,-0.12959855256567662
0,7.698599999999999,5.259375,-0.12787397295942965
0,7.698599999999999,5.2625,-0.12618316913059197
0,7.698599999999999,5.265625,-0.12452581387772775
0,7.698599999999999,5.26875,-0.1229015359788934
0,7.698599999999999,5.2718750000000005,-0.1213099256584035
0,7.698599999999999,5.275,-0.1197505396418358
0,7.698599999999999,5.278125,-0.11822290581552032
0,7.698599999999999,5.28125,-0.11672652750828173
0,7.698599999999999,5.284375,-0.11526088741421532
0,7.698599999999999,5.2875000000000005,-0.11382545117590831
0,7.698599999999999,5.290625,-0.11241967064779518
0,7.698599999999999,5.29375,-0.11104298685932601
0,7.698599999999999,5.296875,-0.10969483269740926
0,7.698599999999999,5.3,-0.10837463532715981
0,7.698599999999999,5.3031250000000005,-0.10708181836943156
0,7.698599999999999,5.30625,-0.10581580385294367
0,7.698599999999999,5.309375,-0.10457601395805144
0,7.698599999999999,5.3125,-0.10336187256841876
0,7.698599999999999,5.315625,-0.1021728066459935
0,7.698599999999999,5.3187500000000005,-0.10100824744383408
0,7.698599999999999,5.321875,-0.09986763157046942
0,7.698599999999999,5.325,-0.09875040191861033
0,7.698599999999999,5.328125,-0.09765600847019872
0,7.698599999999999,5.33125,-0.096583908988951
0,7.698599999999999,5.3343750000000005,-0.09553356961076757
0,7.698599999999999,5.3375,-0.09450446534162123
0,7.698599999999999,5.340625,-0.09349608047180863
0,7.698599999999999,5.34375,-0.09250790891477237
0,7.698599999999999,5.346875,-0.09153945447804215
0,7.698599999999999,5.3500000000000005,-0.09059023107323876
0,7.698599999999999,5.353125,-0.08965976287151155
0,7.698599999999999,5.35625,-0.08874758441023897
0,7.698599999999999,5.359375,-0.08785324065633132
0,7.698599999999999,5.3625,-0.08697628703100084
0,7.698599999999999,5.3656250000000005,-0.08611628940043853
0,7.698599999999999,5.36875,-0.08527282403643688
0,7.698599999999999,5.371875,-0.08444547755062516
0,7.698599999999999,5.375,-0.08363384680564977
0,7.698599999999999,5.378125,-0.08283753880631274
0,7.698599999999999,5.3812500000000005,-0.08205617057339587
0,7.698599999999999,5.384375,-0.08128936900263461
0,7.698599999999999,5.3875,-0.08053677071105829
0,7.698599999999999,5.390625,-0.0797980218726992
0,7.698599999999999,5.39375,-0.07907277804546232
0,7.698599999999999,5.3968750000000005,-0.07836070399076656
0,7.698599999999999,5.4,-0.07766147348739914
0,7.698599999999999,5.403125,-0.07697476914086707
0,7.698599999999999,5.40625,-0.07630028218939654
0,7.698599999999999,5.409375,-0.07563771230759657
0,7.698599999999999,5.4125000000000005,-0.07498676740869198
0,7.698599999999999,5.415625,-0.0743471634461259
0,7.698599999999999,5.41875,-0.07371862421523302
0,7.698599999999999,5.421875,-0.07310088115560642
0,7.698599999999999,5.425,-0.07249367315469536
0,7.698599999999999,5.4281250000000005,-0.07189674635310662
0,7.698599999999999,5.43125,-0.07130985395201762
0,7.698599999999999,5.434375,-0.07073275602304983
0,7.698599999999999,5.4375,-0.07016521932090611
0,7.698599999999999,5.440625,-0.06960701709902338
0,7.698599999999999,5.4437500000000005,-0.06905792892845411
0,7.698599999999999,5.446875,-0.06851774052015433
0,7.698599999999999,5.45,-0.06798624355081848
0,7.698599999999999,5.453125,-0.06746323549237856
0,7.698599999999999,5.45625,-0.066948519445253
0,7.698599999999999,5.4593750000000005,-0.06644190397541067
0,7.698599999999999,5.4625,-0.06594320295529528
0,7.698599999999999,5.465625,-0.06545223540863333
0,7.698599999999999,5.46875,-0.06496882535913914
0,7.698599999999999,5.471875,-0.06449280168311022
0,7.698599999999999,5.4750000000000005,-0.06402399796589765
0,7.698599999999999,5.478125,-0.06356225236222497
0,7.698599999999999,5.48125,-0.06310740746031678
0,7.698599999999999,5.484375,-0.062659310149796
0,7.698599999999999,5.4875,-0.062217811493295805
0,7.698599999999999,5.4906250000000005,-0.06178276660173
0,7.698599999999999,5.49375,-0.061354034513160495
0,7.698599999999999,5.496875,-0.060931478075193515
0,7.698599999999999,5.5,-0.06051496383083773
0,7.698599999999999,5.503125,-0.06010436190774993
0,7.698599999999999,5.5062500000000005,-0.05969954591079466
0,7.698599999999999,5.509375,-0.0593003928178422
0,7.698599999999999,5.5125,-0.05890678287872603
0,7.698599999999999,5.515625,-0.05851859951728425
0,7.698599999999999,5.51875,-0.05813572923640471
0,7.698599999999999,5.5218750000000005,-0.05775806152599627
0,7.698599999999999,5.525,-0.05738548877380823
0,7.698599999999999,5.528125,-0.057017906179018904
0,7.698599999999999,5.53125,-0.056655211668518134
0,7.698599999999999,5.534375,-0.056297305815805894
0,7.698599999999999,5.5375000000000005,-0.05594409176243223
0,7.698599999999999,5.540625,-0.055595475141905014
0,7.698599999999999,5.54375,-0.055251364005990705
0,7.698599999999999,5.546875,-0.05491166875333881
0,7.698599999999999,5.55,-0.05457630206035811
0,7.698599999999999,5.5531250000000005,-0.054245178814276394
0,7.698599999999999,5.55625,-0.05391821604831709
0,7.698599999999999,5.559375,-0.053595332878925143
0,7.698599999999999,5.5625,-0.0532764504449806
0,7.698599999999999,5.565625,-0.052961491848935185
0,7.698599999999999,5.5687500000000005,-0.05265038209981199
0,7.698599999999999,5.571875,-0.052343048058008865
0,7.698599999999999,5.575,-0.05203941838184691
0,7.698599999999999,5.578125,-0.05173942347580928
0,7.698599999999999,5.58125,-0.05144299544041463
0,7.698599999999999,5.5843750000000005,-0.05115006802367275
0,7.698599999999999,5.5875,-0.05086057657407109
0,7.698599999999999,5.590625,-0.050574457995041344
0,7.698599999999999,5.59375,-0.05029165070085905
0,7.698599999999999,5.596875,-0.05001209457392833
0,7.698599999999999,5.6000000000000005,-0.04973573092340653
0,7.698599999999999,5.603125,-0.049462502445125164
0,7.698599999999999,5.60625,-0.0491923531827633
0,7.698599999999999,5.609375,-0.04892522849023379
0,7.698599999999999,5.6125,-0.048661074995240916
0,7.698599999999999,5.6156250000000005,-0.0483998405639715
0,7.698599999999999,5.61875,-0.048141474266882096
0,7.698599999999999,5.621875,-0.04788592634554524
0,7.698599999999999,5.625,-0.047633148180520925
0,7.698599999999999,5.628125,-0.0473830922602187
0,7.698599999999999,5.6312500000000005,-0.047135712150717664
0,7.698599999999999,5.634375,-0.04689096246651327
0,7.698599999999999,5.6375,-0.04664879884215935
0,7.698599999999999,5.640625,-0.04640917790477707
0,7.698599999999999,5.64375,-0.04617205724740124
0,7.698599999999999,5.6468750000000005,-0.0459373954031368
0,7.698599999999999,5.65,-0.04570515182009915
0,7.698599999999999,5.653125,-0.045475286837111446
0,7.698599999999999,5.65625,-0.045247761660135555
0,7.698599999999999,5.659375,-0.04502253833941128
0,7.698599999999999,5.6625000000000005,-0.04479957974728138
0,7.698599999999999,5.665625,-0.04457884955668004
0,7.698599999999999,5.66875,-0.04436031222026211
0,7.698599999999999,5.671875,-0.044143932950153765
0,7.698599999999999,5.675,-0.043929677698303096
0,7.698599999999999,5.6781250000000005,-0.04371751313741177
0,7.698599999999999,5.68125,-0.04350740664242887
0,7.698599999999999,5.684375,-0.04329932627258817
0,7.698599999999999,5.6875,-0.0430932407539722
0,7.698599999999999,5.690625,-0.04288911946258533
0,7.698599999999999,5.6937500000000005,-0.04268693240791989
0,7.698599999999999,5.696875,-0.04248665021699955
0,7.698599999999999,5.7,-0.042288244118884044
0,7.698599999999999,5.703125,-0.04209168592962145
0,7.698599999999999,5.70625,-0.041896948037633025
0,7.698599999999999,5.7093750000000005,-0.04170400338951696
0,7.698599999999999,5.7125,-0.04151282547625822
0,7.698599999999999,5.715625,-0.041323388319830644
0,7.698599999999999,5.71875,-0.04113566646017997
0,7.698599999999999,5.721875,-0.040949634942575135
0,7.698599999999999,5.7250000000000005,-0.04076526930531632
0,7.698599999999999,5.728125,-0.04058254556778896
0,7.698599999999999,5.73125,-0.040401440218852065
0,7.698599999999999,5.734375,-0.04022193020555145
0,7.698599999999999,5.7375,-0.04004399292214695
0,7.698599999999999,5.7406250000000005,-0.03986760619944429
0,7.698599999999999,5.74375,-0.03969274829442206
0,7.698599999999999,5.746875,-0.039519397880144455
0,7.698599999999999,5.75,-0.03934753403595142
0,7.698599999999999,5.753125,-0.0391771362379174
0,7.698599999999999,5.7562500000000005,-0.03900818434957043
0,7.698599999999999,5.759375,-0.03884065861286389
0,7.698599999999999,5.7625,-0.038674539639392644
0,7.698599999999999,5.765625,-0.038509808401846916
0,7.698599999999999,5.76875,-0.03834644622569612
0,7.698599999999999,5.7718750000000005,-0.038184434781095865
0,7.698599999999999,5.775,-0.038023756075011635
0,7.698599999999999,5.778125,-0.03786439244355202
0,7.698599999999999,5.78125,-0.037706326544506
0,7.698599999999999,5.784375,-0.03754954135007775
0,7.698599999999999,5.7875000000000005,-0.0373940201398129
0,7.698599999999999,5.790625,-0.03723974649371124
0,7.698599999999999,5.79375,-0.03708670428551944
0,7.698599999999999,5.796875,-0.03693487767619927
0,7.698599999999999,5.800000000000001,-0.036784251107565724
0,7.698599999999999,5.8031250000000005,-0.03663480929609038
0,7.698599999999999,5.80625,-0.036486537226864416
0,7.698599999999999,5.809375,-0.036339420147717794
0,7.698599999999999,5.8125,-0.036193443563489025
0,7.698599999999999,5.815625000000001,-0.036048593230441656
0,7.698599999999999,5.8187500000000005,-0.03590485515082333
0,7.698599999999999,5.821875,-0.03576221556756271
0,7.698599999999999,5.825,-0.035620660959101075
0,7.698599999999999,5.828125,-0.035480178034354215
0,7.698599999999999,5.831250000000001,-0.035340753727800996
0,7.698599999999999,5.8343750000000005,-0.035202375194695344
0,7.698599999999999,5.8375,-0.03506502980639726
0,7.698599999999999,5.840625,-0.03492870514582065
0,7.698599999999999,5.84375,-0.034793389002993835
0,7.698599999999999,5.846875000000001,-0.03465906937072979
0,7.698599999999999,5.8500000000000005,-0.03452573444040332
0,7.698599999999999,5.853125,-0.03439337259783155
0,7.698599999999999,5.85625,-0.03426197241925564
0,7.698599999999999,5.859375,-0.03413152266742023
0,7.698599999999999,5.862500000000001,-0.03400201228774828
0,7.698599999999999,5.8656250000000005,-0.033873430404608725
0,7.698599999999999,5.86875,-0.033745766317673856
0,7.698599999999999,5.871875,-0.03361900949836471
0,7.698599999999999,5.875,-0.033493149586381527
0,7.698599999999999,5.878125000000001,-0.03336817638631714
0,7.698599999999999,5.8812500000000005,-0.03324407986435111
0,7.698599999999999,5.884375,-0.033120850145022085
0,7.698599999999999,5.8875,-0.0329984775080768
0,7.698599999999999,5.890625,-0.032876952385393114
0,7.698599999999999,5.893750000000001,-0.03275626535797555
0,7.698599999999999,5.8968750000000005,-0.03263640715302109
0,7.698599999999999,5.9,-0.03251736864105332
0,7.698599999999999,5.903125,-0.03239914083312343
0,7.698599999999999,5.90625,-0.03228171487807602
0,7.698599999999999,5.909375000000001,-0.032165082059877954
0,7.698599999999999,5.9125000000000005,-0.03204923379500905
0,7.698599999999999,5.915625,-0.03193416162991208
0,7.698599999999999,5.91875,-0.03181985723850168
0,7.698599999999999,5.921875,-0.03170631241972962
0,7.698599999999999,5.925000000000001,-0.03159351909520556
0,7.698599999999999,5.9281250000000005,-0.03148146930687178
0,7.698599999999999,5.93125,-0.03137015521473
0,7.698599999999999,5.934375,-0.03125956909461974
0,7.698599999999999,5.9375,-0.03114970333604621
0,7.698599999999999,5.940625000000001,-0.031040550440056852
0,7.698599999999999,5.9437500000000005,-0.03093210301716517
0,7.698599999999999,5.946875,-0.030824353785320453
0,7.698599999999999,5.95,-0.0307172955679226
0,7.698599999999999,5.953125,-0.030610921291880668
0,7.698599999999999,5.956250000000001,-0.03050522398571395
0,7.698599999999999,5.9593750000000005,-0.030400196777694895
0,7.698599999999999,5.9625,-0.030295832894032208
0,7.698599999999999,5.965625,-0.03019212565709379
0,7.698599999999999,5.96875,-0.03008906848366801
0,7.698599999999999,5.971875000000001,-0.029986654883262676
0,7.698599999999999,5.9750000000000005,-0.029884878456440646
0,7.698599999999999,5.978125,-0.029783732893190962
0,7.698599999999999,5.98125,-0.02968321197133517
0,7.698599999999999,5.984375,-0.029583309554967366
0,7.698599999999999,5.987500000000001,-0.02948401959292754
0,7.698599999999999,5.9906250000000005,-0.02938533611730731
0,7.698599999999999,5.99375,-0.029287253241986985
0,7.698599999999999,5.996875,-0.029189765161203713
0,7.698599999999999,6.0,-0.029092866148149505
