"Current","Field","Frequency","Spectra"
0,20.638800000000003,1.0,-0.02439536495442603
0,20.638800000000003,1.003125,-0.024460081505239786
0,20.638800000000003,1.00625,-0.024525062821385387
0,20.638800000000003,1.009375,-0.024590310412173952
0,20.638800000000003,1.0125,-0.02465582579850649
0,20.638800000000003,1.015625,-0.02472161051299363
0,20.638800000000003,1.01875,-0.02478766610007705
0,20.638800000000003,1.021875,-0.024853994116152568
0,20.638800000000003,1.025,-0.02492059612969489
0,20.638800000000003,1.028125,-0.024987473721384303
0,20.638800000000003,1.03125,-0.025054628484234915
0,20.638800000000003,1.034375,-0.02512206202372491
0,20.638800000000003,1.0375,-0.025189775957928547
0,20.638800000000003,1.040625,-0.025257771917650065
0,20.638800000000003,1.04375,-0.025326051546559553
0,20.638800000000003,1.046875,-0.025394616501330673
0,20.638800000000003,1.05,-0.02546346845178057
0,20.638800000000003,1.053125,-0.0255326090810116
0,20.638800000000003,1.05625,-0.025602040085555226
0,20.638800000000003,1.059375,-0.025671763175518086
0,20.638800000000003,1.0625,-0.025741780074730086
0,20.638800000000003,1.065625,-0.025812092520894784
0,20.638800000000003,1.06875,-0.025882702265741967
0,20.638800000000003,1.071875,-0.025953611075182466
0,20.638800000000003,1.075,-0.026024820729465426
0,20.638800000000003,1.078125,-0.026096333023337758
0,20.638800000000003,1.08125,-0.02616814976620618
0,20.638800000000003,1.084375,-0.026240272782301607
0,20.638800000000003,1.0875,-0.02631270391084604
0,20.638800000000003,1.090625,-0.026385445006222173
0,20.638800000000003,1.09375,-0.026458497938145357
0,20.638800000000003,1.096875,-0.026531864591838483
0,20.638800000000003,1.1,-0.026605546868209432
0,20.638800000000003,1.103125,-0.02667954668403127
0,20.638800000000003,1.10625,-0.026753865972125444
0,20.638800000000003,1.109375,-0.026828506681547633
0,20.638800000000003,1.1125,-0.026903470777776745
0,20.638800000000003,1.115625,-0.02697876024290682
0,20.638800000000003,1.11875,-0.027054377075841986
0,20.638800000000003,1.121875,-0.027130323292494617
0,20.638800000000003,1.125,-0.02720660092598659
0,20.638800000000003,1.128125,-0.02728321202685394
0,20.638800000000003,1.13125,-0.02736015866325471
0,20.638800000000003,1.134375,-0.027437442921180277
0,20.638800000000003,1.1375,-0.02751506690467014
0,20.638800000000003,1.140625,-0.027593032736030233
0,20.638800000000003,1.14375,-0.027671342556054926
0,20.638800000000003,1.146875,-0.027749998524252653
0,20.638800000000003,1.15,-0.027829002819075327
0,20.638800000000003,1.153125,-0.02790835763815171
0,20.638800000000003,1.15625,-0.027988065198524592
0,20.638800000000003,1.159375,-0.02806812773689212
0,20.638800000000003,1.1625,-0.028148547509853225
0,20.638800000000003,1.165625,-0.02822932679415715
0,20.638800000000003,1.16875,-0.028310467886957513
0,20.638800000000003,1.171875,-0.028391973106070497
0,20.638800000000003,1.175,-0.02847384479023779
0,20.638800000000003,1.178125,-0.028556085299393984
0,20.638800000000003,1.18125,-0.028638697014938666
0,20.638800000000003,1.184375,-0.028721682340013446
0,20.638800000000003,1.1875,-0.02880504369978375
0,20.638800000000003,1.190625,-0.028888783541725787
0,20.638800000000003,1.19375,-0.028972904335918603
0,20.638800000000003,1.196875,-0.02905740857534132
0,20.638800000000003,1.2,-0.029142298776175978
0,20.638800000000003,1.203125,-0.02922757747811562
0,20.638800000000003,1.20625,-0.029313247244678278
0,20.638800000000003,1.209375,-0.029399310663526572
0,20.638800000000003,1.2125,-0.029485770346793224
0,20.638800000000003,1.215625,-0.02957262893141275
0,20.638800000000003,1.21875,-0.029659889079459198
0,20.638800000000003,1.221875,-0.02974755347849031
0,20.638800000000003,1.225,-0.029835624841898185
0,20.638800000000003,1.228125,-0.029924105909266516
0,20.638800000000003,1.23125,-0.03001299944673476
0,20.638800000000003,1.234375,-0.030102308247369158
0,20.638800000000003,1.2375,-0.030192035131540992
0,20.638800000000003,1.240625,-0.030282182947312105
0,20.638800000000003,1.24375,-0.03037275457082797
0,20.638800000000003,1.246875,-0.030463752906718423
0,20.638800000000003,1.25,-0.030555180888506252
0,20.638800000000003,1.253125,-0.030647041479023886
0,20.638800000000003,1.25625,-0.030739337670838366
0,20.638800000000003,1.259375,-0.03083207248668477
0,20.638800000000003,1.2625,-0.030925248979908372
0,20.638800000000003,1.265625,-0.03101887023491563
0,20.638800000000003,1.26875,-0.03111293936763447
0,20.638800000000003,1.271875,-0.03120745952598379
0,20.638800000000003,1.275,-0.03130243389035266
0,20.638800000000003,1.278125,-0.03139786567408941
0,20.638800000000003,1.28125,-0.03149375812400076
0,20.638800000000003,1.284375,-0.031590114520861384
0,20.638800000000003,1.2875,-0.03168693817993414
0,20.638800000000003,1.290625,-0.03178423245150117
0,20.638800000000003,1.29375,-0.0318820007214063
0,20.638800000000003,1.296875,-0.031980246411608904
0,20.638800000000003,1.3,-0.032078972980749576
0,20.638800000000003,1.303125,-0.03217818392472797
0,20.638800000000003,1.30625,-0.032277882777293126
0,20.638800000000003,1.309375,-0.03237807311064654
0,20.638800000000003,1.3125,-0.03247875853605836
0,20.638800000000003,1.315625,-0.03257994270449715
0,20.638800000000003,1.31875,-0.03268162930727346
0,20.638800000000003,1.321875,-0.03278382207669766
0,20.638800000000003,1.325,-0.0328865247867524
0,20.638800000000003,1.328125,-0.0329897412537801
0,20.638800000000003,1.33125,-0.03309347533718584
0,20.638800000000003,1.334375,-0.033197730940156316
0,20.638800000000003,1.3375,-0.03330251201039482
0,20.638800000000003,1.340625,-0.03340782254087328
0,20.638800000000003,1.34375,-0.03351366657060133
0,20.638800000000003,1.346875,-0.03362004818541329
0,20.638800000000003,1.35,-0.03372697151877324
0,20.638800000000003,1.353125,-0.033834440752598935
0,20.638800000000003,1.35625,-0.03394246011810499
0,20.638800000000003,1.359375,-0.03405103389666587
0,20.638800000000003,1.3625,-0.03416016642069932
0,20.638800000000003,1.365625,-0.03426986207457085
0,20.638800000000003,1.36875,-0.03438012529551968
0,20.638800000000003,1.371875,-0.03449096057460714
0,20.638800000000003,1.375,-0.03460237245768771
0,20.638800000000003,1.378125,-0.03471436554640382
0,20.638800000000003,1.38125,-0.03482694449920482
0,20.638800000000003,1.384375,-0.03494011403239088
0,20.638800000000003,1.3875,-0.03505387892118271
0,20.638800000000003,1.390625,-0.0351682440008176
0,20.638800000000003,1.39375,-0.035283214167672876
0,20.638800000000003,1.396875,-0.035398794380417334
0,20.638800000000003,1.4,-0.035514989661191605
0,20.638800000000003,1.403125,-0.035631805096818445
0,20.638800000000003,1.40625,-0.03574924584004352
0,20.638800000000003,1.409375,-0.035867317110807984
0,20.638800000000003,1.4125,-0.03598602419755362
0,20.638800000000003,1.415625,-0.036105372458561526
0,20.638800000000003,1.41875,-0.03622536732332558
0,20.638800000000003,1.421875,-0.03634601429396138
0,20.638800000000003,1.425,-0.0364673189466522
0,20.638800000000003,1.428125,-0.03658928693313281
0,20.638800000000003,1.43125,-0.036711923982212416
0,20.638800000000003,1.434375,-0.03683523590133795
0,20.638800000000003,1.4375,-0.036959228578199076
0,20.638800000000003,1.440625,-0.03708390798237599
0,20.638800000000003,1.44375,-0.03720928016703164
0,20.638800000000003,1.446875,-0.03733535127064952
0,20.638800000000003,1.45,-0.037462127518818736
0,20.638800000000003,1.453125,-0.03758961522606758
0,20.638800000000003,1.45625,-0.037717820797747444
0,20.638800000000003,1.459375,-0.03784675073196843
0,20.638800000000003,1.4625,-0.03797641162158853
0,20.638800000000003,1.465625,-0.03810681015625799
0,20.638800000000003,1.46875,-0.0382379531245206
0,20.638800000000003,1.471875,-0.03836984741597394
0,20.638800000000003,1.475,-0.03850250002349035
0,20.638800000000003,1.478125,-0.03863591804550052
0,20.638800000000003,1.48125,-0.038770108688342124
0,20.638800000000003,1.484375,-0.03890507926867513
0,20.638800000000003,1.4875,-0.03904083721596636
0,20.638800000000003,1.490625,-0.03917739007504546
0,20.638800000000003,1.49375,-0.039314745508734594
0,20.638800000000003,1.496875,-0.039452911300554346
0,20.638800000000003,1.5,-0.03959189535750838
0,20.638800000000003,1.503125,-0.039731705712949456
0,20.638800000000003,1.50625,-0.03987235052952956
0,20.638800000000003,1.509375,-0.04001383810223682
0,20.638800000000003,1.5125000000000002,-0.04015617686152234
0,20.638800000000003,1.515625,-0.04029937537651973
0,20.638800000000003,1.51875,-0.040443442358360726
0,20.638800000000003,1.521875,-0.0405883866635897
0,20.638800000000003,1.525,-0.04073421729768102
0,20.638800000000003,1.5281250000000002,-0.040880943418662094
0,20.638800000000003,1.53125,-0.04102857434084609
0,20.638800000000003,1.534375,-0.04117711953867795
0,20.638800000000003,1.5375,-0.041326588650697375
0,20.638800000000003,1.540625,-0.04147699148362304
0,20.638800000000003,1.5437500000000002,-0.04162833801656192
0,20.638800000000003,1.546875,-0.041780638405348
0,20.638800000000003,1.55,-0.04193390298701497
0,20.638800000000003,1.553125,-0.04208814228440726
0,20.638800000000003,1.55625,-0.042243367010934035
0,20.638800000000003,1.5593750000000002,-0.042399588075471534
0,20.638800000000003,1.5625,-0.04255681658741792
0,20.638800000000003,1.565625,-0.04271506386190682
0,20.638800000000003,1.56875,-0.042874341425184204
0,20.638800000000003,1.571875,-0.04303466102015443
0,20.638800000000003,1.5750000000000002,-0.04319603461210122
0,20.638800000000003,1.578125,-0.04335847439458945
0,20.638800000000003,1.58125,-0.04352199279555392
0,20.638800000000003,1.584375,-0.04368660248358118
0,20.638800000000003,1.5875,-0.04385231637439132
0,20.638800000000003,1.5906250000000002,-0.04401914763752612
0,20.638800000000003,1.59375,-0.0441871097032505
0,20.638800000000003,1.596875,-0.04435621626967472
0,20.638800000000003,1.6,-0.04452648131010407
0,20.638800000000003,1.603125,-0.04469791908062423
0,20.638800000000003,1.6062500000000002,-0.0448705441279297
0,20.638800000000003,1.609375,-0.0450443712974032
0,20.638800000000003,1.6125,-0.04521941574145467
0,20.638800000000003,1.615625,-0.045395692928127694
0,20.638800000000003,1.61875,-0.045573218649982476
0,20.638800000000003,1.6218750000000002,-0.0457520090332639
0,20.638800000000003,1.625,-0.045932080547363675
0,20.638800000000003,1.628125,-0.046113450014586166
0,20.638800000000003,1.63125,-0.04629613462022677
0,20.638800000000003,1.634375,-0.04648015192297288
0,20.638800000000003,1.6375000000000002,-0.04666551986563722
0,20.638800000000003,1.640625,-0.04685225678623291
0,20.638800000000003,1.64375,-0.04704038142940125
0,20.638800000000003,1.646875,-0.04722991295820165
0,20.638800000000003,1.65,-0.04742087096627424
0,20.638800000000003,1.6531250000000002,-0.0476132754903859
0,20.638800000000003,1.65625,-0.04780714702336943
0,20.638800000000003,1.659375,-0.048002506527467015
0,20.638800000000003,1.6625,-0.04819937544808786
0,20.638800000000003,1.665625,-0.048397775727990644
0,20.638800000000003,1.6687500000000002,-0.04859772982190097
0,20.638800000000003,1.671875,-0.04879926071157354
0,20.638800000000003,1.675,-0.049002391921309535
0,20.638800000000003,1.678125,-0.049207147533937845
0,20.638800000000003,1.68125,-0.049413552207269916
0,20.638800000000003,1.6843750000000002,-0.049621631191036575
0,20.638800000000003,1.6875,-0.04983141034431456
0,20.638800000000003,1.690625,-0.05004291615345079
0,20.638800000000003,1.69375,-0.050256175750489886
0,20.638800000000003,1.696875,-0.050471216932111325
0,20.638800000000003,1.7000000000000002,-0.05068806817908006
0,20.638800000000003,1.703125,-0.05090675867621356
0,20.638800000000003,1.70625,-0.05112731833286752
0,20.638800000000003,1.709375,-0.0513497778039389
0,20.638800000000003,1.7125,-0.05157416851138504
0,20.638800000000003,1.7156250000000002,-0.05180052266625411
0,20.638800000000003,1.71875,-0.052028873291219364
0,20.638800000000003,1.721875,-0.05225925424360841
0,20.638800000000003,1.725,-0.05249170023891304
0,20.638800000000003,1.728125,-0.05272624687476372
0,20.638800000000003,1.7312500000000002,-0.05296293065534763
0,20.638800000000003,1.734375,-0.0532017890162441
0,20.638800000000003,1.7375,-0.05344286034964774
0,20.638800000000003,1.740625,-0.0536861840299418
0,20.638800000000003,1.74375,-0.053931800439579416
0,20.638800000000003,1.7468750000000002,-0.05417975099522272
0,20.638800000000003,1.75,-0.0544300781740812
0,20.638800000000003,1.753125,-0.05468282554038325
0,20.638800000000003,1.75625,-0.05493803777190354
0,20.638800000000003,1.759375,-0.055195760686459025
0,20.638800000000003,1.7625000000000002,-0.05545604126827398
0,20.638800000000003,1.765625,-0.05571892769410093
0,20.638800000000003,1.76875,-0.05598446935897047
0,20.638800000000003,1.771875,-0.05625271690142535
0,20.638800000000003,1.775,-0.05652372222807812
0,20.638800000000003,1.7781250000000002,-0.0567975385373105
0,20.638800000000003,1.78125,-0.057074220341911584
0,20.638800000000003,1.784375,-0.057353823490428744
0,20.638800000000003,1.7875,-0.05763640518697794
0,20.638800000000003,1.790625,-0.057922024009232694
0,20.638800000000003,1.7937500000000002,-0.05821073992427923
0,20.638800000000003,1.796875,-0.05850261430199082
0,20.638800000000003,1.8,-0.05879770992553823
0,20.638800000000003,1.803125,-0.05909609099861077
0,20.638800000000003,1.80625,-0.05939782314887994
0,20.638800000000003,1.8093750000000002,-0.05970297342718844
0,20.638800000000003,1.8125,-0.06001161030189512
0,20.638800000000003,1.815625,-0.06032380364775072
0,20.638800000000003,1.81875,-0.06063962472861664
0,20.638800000000003,1.821875,-0.06095914617327415
0,20.638800000000003,1.8250000000000002,-0.061282441943499764
0,20.638800000000003,1.828125,-0.0616095872935053
0,20.638800000000003,1.83125,-0.06194065871976094
0,20.638800000000003,1.834375,-0.06227573390012978
0,20.638800000000003,1.8375,-0.06261489162115066
0,20.638800000000003,1.8406250000000002,-0.06295821169220628
0,20.638800000000003,1.84375,-0.06330577484520823
0,20.638800000000003,1.846875,-0.0636576626183216
0,20.638800000000003,1.85,-0.0640139572221342
0,20.638800000000003,1.853125,-0.06437474138655627
0,20.638800000000003,1.8562500000000002,-0.06474009818661164
0,20.638800000000003,1.859375,-0.06511011084515168
0,20.638800000000003,1.8625,-0.06548486251039519
0,20.638800000000003,1.865625,-0.06586443600606359
0,20.638800000000003,1.86875,-0.06624891355175183
0,20.638800000000003,1.8718750000000002,-0.06663837645104721
0,20.638800000000003,1.875,-0.06703290474478624
0,20.638800000000003,1.878125,-0.0674325768267274
0,20.638800000000003,1.88125,-0.06783746901881621
0,20.638800000000003,1.884375,-0.06824765510313659
0,20.638800000000003,1.8875000000000002,-0.0686632058075818
0,20.638800000000003,1.890625,-0.0690841882422445
0,20.638800000000003,1.89375,-0.06951066528353098
0,20.638800000000003,1.896875,-0.06994269490304908
0,20.638800000000003,1.9,-0.0703803294384203
0,20.638800000000003,1.9031250000000002,-0.07082361480332854
0,20.638800000000003,1.90625,-0.07127258963435323
0,20.638800000000003,1.909375,-0.07172728437246051
0,20.638800000000003,1.9125,-0.07218772027744533
0,20.638800000000003,1.915625,-0.07265390837415953
0,20.638800000000003,1.9187500000000002,-0.07312584833002603
0,20.638800000000003,1.921875,-0.07360352726415423
0,20.638800000000003,1.925,-0.07408691848934909
0,20.638800000000003,1.928125,-0.07457598018945828
0,20.638800000000003,1.93125,-0.07507065403585186
0,20.638800000000003,1.9343750000000002,-0.07557086374838241
0,20.638800000000003,1.9375,-0.07607651360794569
0,20.638800000000003,1.940625,-0.07658748692976253
0,20.638800000000003,1.94375,-0.07710364450872716
0,20.638800000000003,1.946875,-0.07762482305062217
0,20.638800000000003,1.9500000000000002,-0.07815083360566628
0,20.638800000000003,1.953125,-0.07868146002372031
0,20.638800000000003,1.95625,-0.07921645745350107
0,20.638800000000003,1.959375,-0.07975555091128654
0,20.638800000000003,1.9625,-0.08029843394779158
0,20.638800000000003,1.9656250000000002,-0.08084476744506137
0,20.638800000000003,1.96875,-0.08139417857828338
0,20.638800000000003,1.971875,-0.0819462599802415
0,20.638800000000003,1.975,-0.08250056914859236
0,20.638800000000003,1.978125,-0.08305662813809032
0,20.638800000000003,1.9812500000000002,-0.08361392358115445
0,20.638800000000003,1.984375,-0.08417190708058025
0,20.638800000000003,1.9875,-0.08472999601757694
0,20.638800000000003,1.990625,-0.08528757481646178
0,20.638800000000003,1.99375,-0.085843996704111
0,20.638800000000003,1.9968750000000002,-0.0863985859974862
0,20.638800000000003,2.0,-0.08695064094611936
0,20.638800000000003,2.003125,-0.0874994371482687
0,20.638800000000003,2.00625,-0.08804423154954223
0,20.638800000000003,2.0093750000000004,-0.08858426702118377
0,20.638800000000003,2.0125,-0.08911877750207503
0,20.638800000000003,2.015625,-0.08964699367405383
0,20.638800000000003,2.01875,-0.09016814912472611
0,20.638800000000003,2.021875,-0.09068148693598231
0,20.638800000000003,2.0250000000000004,-0.0911862666204334
0,20.638800000000003,2.028125,-0.09168177131256036
0,20.638800000000003,2.03125,-0.09216731510716505
0,20.638800000000003,2.034375,-0.092642250425398
0,20.638800000000003,2.0375,-0.09310597527888792
0,20.638800000000003,2.0406250000000004,-0.09355794029592303
0,20.638800000000003,2.04375,-0.09399765537077247
0,20.638800000000003,2.046875,-0.09442469579848833
0,20.638800000000003,2.05,-0.09483870776313942
0,20.638800000000003,2.053125,-0.09523941305744993
0,20.638800000000003,2.0562500000000004,-0.0956266129260945
0,20.638800000000003,2.059375,-0.09600019094306904
0,20.638800000000003,2.0625,-0.09636011485504911
0,20.638800000000003,2.065625,-0.09670643734671408
0,20.638800000000003,2.06875,-0.09703929570977209
0,20.638800000000003,2.0718750000000004,-0.09735891042388145
0,20.638800000000003,2.075,-0.0976655826838096
0,20.638800000000003,2.078125,-0.09795969093199457
0,20.638800000000003,2.08125,-0.0982416864782462
0,20.638800000000003,2.084375,-0.09851208830784278
0,20.638800000000003,2.0875000000000004,-0.09877147719509609
0,20.638800000000003,2.090625,-0.09902048925113971
0,20.638800000000003,2.09375,-0.09925980904199445
0,20.638800000000003,2.096875,-0.09949016241586656
0,20.638800000000003,2.1,-0.09971230917730545
0,20.638800000000003,2.1031250000000004,-0.09992703574063543
0,20.638800000000003,2.10625,-0.10013514788647099
0,20.638800000000003,2.109375,-0.10033746373371483
0,20.638800000000003,2.1125,-0.10053480702587668
0,20.638800000000003,2.115625,-0.10072800081551575
0,20.638800000000003,2.1187500000000004,-0.10091786161476045
0,20.638800000000003,2.121875,-0.10110519406381686
0,20.638800000000003,2.125,-0.10129078615368954
0,20.638800000000003,2.128125,-0.10147540502447207
0,20.638800000000003,2.13125,-0.10165979334688958
0,20.638800000000003,2.1343750000000004,-0.10184466628256288
0,20.638800000000003,2.1375,-0.10203070900789335
0,20.638800000000003,2.140625,-0.10221857477762987
0,20.638800000000003,2.14375,-0.10240888349708432
0,20.638800000000003,2.146875,-0.10260222076656347
0,20.638800000000003,2.1500000000000004,-0.10279913735777721
0,20.638800000000003,2.153125,-0.10300014907962562
0,20.638800000000003,2.15625,-0.10320573698969945
0,20.638800000000003,2.159375,-0.10341634790786411
0,20.638800000000003,2.1625,-0.10363239518926207
0,20.638800000000003,2.1656250000000004,-0.1038542597157727
0,20.638800000000003,2.16875,-0.10408229106725345
0,20.638800000000003,2.171875,-0.10431680883658392
0,20.638800000000003,2.175,-0.10455810405551641
0,20.638800000000003,2.178125,-0.10480644070147546
0,20.638800000000003,2.1812500000000004,-0.10506205725864218
0,20.638800000000003,2.184375,-0.10532516830982974
0,20.638800000000003,2.1875,-0.10559596613872675
0,20.638800000000003,2.190625,-0.10587462232501423
0,20.638800000000003,2.19375,-0.10616128931760693
0,20.638800000000003,2.1968750000000004,-0.10645610197380637
0,20.638800000000003,2.2,-0.10675917905446897
0,20.638800000000003,2.203125,-0.10707062466737949
0,20.638800000000003,2.20625,-0.10739052965287803
0,20.638800000000003,2.209375,-0.10771897290742866
0,20.638800000000003,2.2125000000000004,-0.10805602264224141
0,20.638800000000003,2.215625,-0.10840173757528779
0,20.638800000000003,2.21875,-0.10875616805609209
0,20.638800000000003,2.221875,-0.10911935712355436
0,20.638800000000003,2.225,-0.10949134149778356
0,20.638800000000003,2.2281250000000004,-0.10987215250750387
0,20.638800000000003,2.23125,-0.11026181695506143
0,20.638800000000003,2.234375,-0.11066035792141717
0,20.638800000000003,2.2375,-0.11106779551377681
0,20.638800000000003,2.240625,-0.111484147558696
0,20.638800000000003,2.2437500000000004,-0.11190943024361685
0,20.638800000000003,2.246875,-0.11234365870985392
0,20.638800000000003,2.25,-0.11278684760006036
0,20.638800000000003,2.253125,-0.11323901156317906
0,20.638800000000003,2.25625,-0.11370016571982561
0,20.638800000000003,2.2593750000000004,-0.11417032609096371
0,20.638800000000003,2.2625,-0.11464950999263003
0,20.638800000000003,2.265625,-0.11513773639934212
0,20.638800000000003,2.26875,-0.11563502627868952
0,20.638800000000003,2.271875,-0.11614140289946462
0,20.638800000000003,2.2750000000000004,-0.11665689211553977
0,20.638800000000003,2.278125,-0.117181522627541
0,20.638800000000003,2.28125,-0.11771532622421188
0,20.638800000000003,2.284375,-0.11825833800519753
0,20.638800000000003,2.2875,-0.11881059658681935
0,20.638800000000003,2.2906250000000004,-0.11937214429224417
0,20.638800000000003,2.29375,-0.11994302732728979
0,20.638800000000003,2.296875,-0.120523295942939
0,20.638800000000003,2.3,-0.12111300458546753
0,20.638800000000003,2.303125,-0.12171221203492033
0,20.638800000000003,2.3062500000000004,-0.12232098153249449
0,20.638800000000003,2.309375,-0.1229393808972094
0,20.638800000000003,2.3125,-0.123567482632058
0,20.638800000000003,2.315625,-0.12420536401964008
0,20.638800000000003,2.31875,-0.12485310720707861
0,20.638800000000003,2.3218750000000004,-0.12551079927980474
0,20.638800000000003,2.325,-0.12617853232357468
0,20.638800000000003,2.328125,-0.12685640347383956
0,20.638800000000003,2.33125,-0.1275445149513328
0,20.638800000000003,2.334375,-0.12824297408246305
0,20.638800000000003,2.3375000000000004,-0.12895189330280385
0,20.638800000000003,2.340625,-0.1296713901416466
0,20.638800000000003,2.34375,-0.13040158718523598
0,20.638800000000003,2.346875,-0.13114261201592642
0,20.638800000000003,2.35,-0.13189459712408919
0,20.638800000000003,2.3531250000000004,-0.13265767978915313
0,20.638800000000003,2.35625,-0.13343200192568055
0,20.638800000000003,2.359375,-0.1342177098898593
0,20.638800000000003,2.3625,-0.13501495424123047
0,20.638800000000003,2.365625,-0.1358238894538712
0,20.638800000000003,2.3687500000000004,-0.13664467357060772
0,20.638800000000003,2.371875,-0.13747746779315528
0,20.638800000000003,2.375,-0.1383224360003595
0,20.638800000000003,2.378125,-0.139179744185966
0,20.638800000000003,2.38125,-0.1400495598065699
0,20.638800000000003,2.3843750000000004,-0.14093205102960485
0,20.638800000000003,2.3875,-0.14182738587044447
0,20.638800000000003,2.390625,-0.14273573120691074
0,20.638800000000003,2.39375,-0.14365725165875337
0,20.638800000000003,2.396875,-0.14459210831900007
0,20.638800000000003,2.4000000000000004,-0.1455404573235202
0,20.638800000000003,2.403125,-0.14650244824474057
0,20.638800000000003,2.40625,-0.14747822229525256
0,20.638800000000003,2.409375,-0.1484679103271221
0,20.638800000000003,2.4125,-0.14947163061313715
0,20.638800000000003,2.4156250000000004,-0.15048948639708506
0,20.638800000000003,2.41875,-0.15152156320155274
0,20.638800000000003,2.421875,-0.152567925883796
0,20.638800000000003,2.425,-0.1536286154330635
0,20.638800000000003,2.428125,-0.15470364550652216
0,20.638800000000003,2.4312500000000004,-0.1557929987057572
0,20.638800000000003,2.434375,-0.15689662260187048
0,20.638800000000003,2.4375,-0.1580144255246088
0,20.638800000000003,2.440625,-0.15914627213986432
0,20.638800000000003,2.44375,-0.1602919788504081
0,20.638800000000003,2.4468750000000004,-0.1614513090669103
0,20.638800000000003,2.45,-0.1626239684101908
0,20.638800000000003,2.453125,-0.1638095999211518
0,20.638800000000003,2.45625,-0.16500777937181166
0,20.638800000000003,2.459375,-0.16621801078898335
0,20.638800000000003,2.4625000000000004,-0.1674397223209625
0,20.638800000000003,2.465625,-0.16867226259647922
0,20.638800000000003,2.46875,-0.1699148977432778
0,20.638800000000003,2.471875,-0.17116680924997343
0,20.638800000000003,2.475,-0.172427092868029
0,20.638800000000003,2.4781250000000004,-0.1736947587593341
0,20.638800000000003,2.48125,-0.1749687330973594
0,20.638800000000003,2.484375,-0.1762478613244998
0,20.638800000000003,2.4875,-0.17753091325336814
0,20.638800000000003,2.490625,-0.17881659017394813
0,20.638800000000003,2.4937500000000004,-0.18010353409048505
0,20.638800000000003,2.496875,-0.18139033916113045
0,20.638800000000003,2.5,-0.182675565349688
0,20.638800000000003,2.503125,-0.1839577542232634
0,20.638800000000003,2.50625,-0.18523544674415154
0,20.638800000000003,2.5093750000000004,-0.18650720281195557
0,20.638800000000003,2.5125,-0.18777162221689597
0,20.638800000000003,2.515625,-0.18902736657266309
0,20.638800000000003,2.51875,-0.19027318171286203
0,20.638800000000003,2.521875,-0.19150791996530292
0,20.638800000000003,2.5250000000000004,-0.1927305616691489
0,20.638800000000003,2.528125,-0.1939402352766219
0,20.638800000000003,2.53125,-0.1951362353876326
0,20.638800000000003,2.534375,-0.19631803810463072
0,20.638800000000003,2.5375,-0.1974853131662283
0,20.638800000000003,2.5406250000000004,-0.19863793241938577
0,20.638800000000003,2.54375,-0.1997759743164704
0,20.638800000000003,2.546875,-0.20089972426847388
0,20.638800000000003,2.55,-0.20200967084073743
0,20.638800000000003,2.553125,-0.20310649793341246
0,20.638800000000003,2.5562500000000004,-0.20419107323624838
0,20.638800000000003,2.559375,-0.20526443337755748
0,20.638800000000003,2.5625,-0.2063277662932319
0,20.638800000000003,2.565625,-0.20738239141837944
0,20.638800000000003,2.56875,-0.20842973834874046
0,20.638800000000003,2.5718750000000004,-0.2094713246312077
0,20.638800000000003,2.575,-0.2105087333244084
0,20.638800000000003,2.578125,-0.2115435909252091
0,20.638800000000003,2.58125,-0.2125775461903496
0,20.638800000000003,2.584375,-0.213612250300178
0,20.638800000000003,2.5875000000000004,-0.21464933871985412
0,20.638800000000003,2.590625,-0.2156904150183871
0,20.638800000000003,2.59375,-0.21673703681273063
0,20.638800000000003,2.596875,-0.21779070391725103
0,20.638800000000003,2.6,-0.21885284870144417
0,20.638800000000003,2.6031250000000004,-0.21992482859295703
0,20.638800000000003,2.60625,-0.221007920609857
0,20.638800000000003,2.609375,-0.2221033177658694
0,20.638800000000003,2.6125,-0.22321212716440675
0,20.638800000000003,2.615625,-0.22433536958055475
0,20.638800000000003,2.6187500000000004,-0.22547398032329027
0,20.638800000000003,2.621875,-0.22662881117145622
0,20.638800000000003,2.625,-0.22780063318470814
0,20.638800000000003,2.628125,-0.22899014020315955
0,20.638800000000003,2.63125,-0.2301979528652984
0,20.638800000000003,2.6343750000000004,-0.23142462299162006
0,20.638800000000003,2.6375,-0.23267063820024342
0,20.638800000000003,2.640625,-0.2339364266396583
0,20.638800000000003,2.64375,-0.2352223617420357
0,20.638800000000003,2.646875,-0.23652876691772395
0,20.638800000000003,2.6500000000000004,-0.2378559201273309
0,20.638800000000003,2.653125,-0.23920405828197142
0,20.638800000000003,2.65625,-0.24057338143474427
0,20.638800000000003,2.659375,-0.24196405673730892
0,20.638800000000003,2.6625,-0.24337622214461552
0,20.638800000000003,2.6656250000000004,-0.2448099898585012
0,20.638800000000003,2.66875,-0.24626544950714196
0,20.638800000000003,2.671875,-0.24774267106237743
0,20.638800000000003,2.675,-0.2492417075008615
0,20.638800000000003,2.678125,-0.2507625972179843
0,20.638800000000003,2.6812500000000004,-0.2523053662056888
0,20.638800000000003,2.684375,-0.25387003000681796
0,20.638800000000003,2.6875,-0.2554565954595701
0,20.638800000000003,2.690625,-0.25706506224613523
0,20.638800000000003,2.69375,-0.25869542425971936
0,20.638800000000003,2.6968750000000004,-0.2603476708040048
0,20.638800000000003,2.7,-0.2620217876387332
0,20.638800000000003,2.703125,-0.26371775788456325
0,20.638800000000003,2.70625,-0.26543556279971525
0,20.638800000000003,2.709375,-0.2671751824402001
0,20.638800000000003,2.7125000000000004,-0.2689365962146652
0,20.638800000000003,2.715625,-0.27071978334411667
0,20.638800000000003,2.71875,-0.27252472323598725
0,20.638800000000003,2.721875,-0.27435139578125844
0,20.638800000000003,2.725,-0.276199781582602
0,20.638800000000003,2.7281250000000004,-0.27806986212079426
0,20.638800000000003,2.73125,-0.27996161986598583
0,20.638800000000003,2.734375,-0.2818750383397795
0,20.638800000000003,2.7375,-0.2838101021334731
0,20.638800000000003,2.740625,-0.2857667968872895
0,20.638800000000003,2.7437500000000004,-0.28774510923490104
0,20.638800000000003,2.746875,-0.28974502671710417
0,20.638800000000003,2.75,-0.2917665376680708
0,20.638800000000003,2.753125,-0.2938096310772191
0,20.638800000000003,2.75625,-0.295874296429404
0,20.638800000000003,2.7593750000000004,-0.29796052352580477
0,20.638800000000003,2.7625,-0.30006830228760895
0,20.638800000000003,2.765625,-0.3021976225443327
0,20.638800000000003,2.76875,-0.3043484738083883
0,20.638800000000003,2.771875,-0.30652084503730787
0,20.638800000000003,2.7750000000000004,-0.3087147243848466
0,20.638800000000003,2.778125,-0.31093009894202783
0,20.638800000000003,2.78125,-0.3131669544690475
0,20.638800000000003,2.784375,-0.31542527511882734
0,20.638800000000003,2.7875,-0.31770504315289516
0,20.638800000000003,2.7906250000000004,-0.3200062386501685
0,20.638800000000003,2.79375,-0.32232883920913935
0,20.638800000000003,2.796875,-0.3246728196438722
0,20.638800000000003,2.8,-0.3270381516741672
0,20.638800000000003,2.803125,-0.32942480361018633
0,20.638800000000003,2.8062500000000004,-0.3318327400317881
0,20.638800000000003,2.809375,-0.3342619214627787
0,20.638800000000003,2.8125,-0.33671230404025254
0,20.638800000000003,2.815625,-0.3391838391791649
0,20.638800000000003,2.81875,-0.3416764732322615
0,20.638800000000003,2.8218750000000004,-0.3441901471454676
0,20.638800000000003,2.825,-0.3467247961088301
0,20.638800000000003,2.828125,-0.3492803492030963
0,20.638800000000003,2.83125,-0.35185672904200166
0,20.638800000000003,2.834375,-0.35445385141034774
0,20.638800000000003,2.8375000000000004,-0.35707162489794364
0,20.638800000000003,2.840625,-0.35970995052949456
0,20.638800000000003,2.84375,-0.362368721390524
0,20.638800000000003,2.846875,-0.36504782224942633
0,20.638800000000003,2.85,-0.3677471291757601
0,20.638800000000003,2.8531250000000004,-0.37046650915490303
0,20.638800000000003,2.85625,-0.3732058196992111
0,20.638800000000003,2.859375,-0.37596490845583597
0,20.638800000000003,2.8625,-0.378743612811375
0,20.638800000000003,2.865625,-0.38154175949355745
0,20.638800000000003,2.8687500000000004,-0.384359164170181
0,20.638800000000003,2.871875,-0.38719563104555155
0,20.638800000000003,2.875,-0.39005095245469407
0,20.638800000000003,2.878125,-0.39292490845563327
0,20.638800000000003,2.88125,-0.39581726642007764
0,20.638800000000003,2.8843750000000004,-0.3987277806228607
0,20.638800000000003,2.8875,-0.40165619183053813
0,20.638800000000003,2.890625,-0.40460222688955866
0,20.638800000000003,2.89375,-0.40756559831447137
0,20.638800000000003,2.896875,-0.410546003876662
0,20.638800000000003,2.9000000000000004,-0.41354312619414985
0,20.638800000000003,2.903125,-0.4165566323230146
0,20.638800000000003,2.90625,-0.41958617335106013
0,20.638800000000003,2.909375,-0.4226313839943582
0,20.638800000000003,2.9125,-0.4256918821973627
0,20.638800000000003,2.9156250000000004,-0.4287672687373182
0,20.638800000000003,2.91875,-0.4318571268337359
0,20.638800000000003,2.921875,-0.43496102176374324
0,20.638800000000003,2.925,-0.4380785004841615
0,20.638800000000003,2.928125,-0.44120909126120694
0,20.638800000000003,2.9312500000000004,-0.4443523033087527
0,20.638800000000003,2.934375,-0.4475076264361328
0,20.638800000000003,2.9375,-0.4506745307065121
0,20.638800000000003,2.940625,-0.4538524661068819
0,20.638800000000003,2.94375,-0.45704086223079327
0,20.638800000000003,2.9468750000000004,-0.4602391279749688
0,20.638800000000003,2.95,-0.4634466512509861
0,20.638800000000003,2.953125,-0.46666279871325056
0,20.638800000000003,2.95625,-0.46988691550452355
0,20.638800000000003,2.959375,-0.4731183250203001
0,20.638800000000003,2.9625000000000004,-0.4763563286933668
0,20.638800000000003,2.965625,-0.4796002057999042
0,20.638800000000003,2.96875,-0.4828492132885213
0,20.638800000000003,2.971875,-0.48610258563363523
0,20.638800000000003,2.975,-0.4893595347146403
0,20.638800000000003,2.9781250000000004,-0.4926192497223201
0,20.638800000000003,2.98125,-0.4958808970939783
0,20.638800000000003,2.984375,-0.4991436204787757
0,20.638800000000003,2.9875,-0.5024065407347588
0,20.638800000000003,2.990625,-0.5056687559590829
0,20.638800000000003,2.9937500000000004,-0.508929341552917
0,20.638800000000003,2.996875,-0.5121873503225192
0,20.638800000000003,3.0,-0.5154418126179524
0,20.638800000000003,3.0031250000000003,-0.5186917365108874
0,20.638800000000003,3.00625,-0.5219361080129263
0,20.638800000000003,3.009375,-0.5251738913358363
0,20.638800000000003,3.0125,-0.528404029195044
0,20.638800000000003,3.015625,-0.5316254431577012
0,20.638800000000003,3.0187500000000003,-0.5348370340365747
0,20.638800000000003,3.021875,-0.5380376823309432
0,20.638800000000003,3.025,-0.5412262487156339
0,20.638800000000003,3.028125,-0.5444015745792274
0,20.638800000000003,3.03125,-0.5475624826123949
0,20.638800000000003,3.0343750000000003,-0.5507077774472273
0,20.638800000000003,3.0375,-0.5538362463483079
0,20.638800000000003,3.040625,-0.5569466599561819
0,20.638800000000003,3.04375,-0.5600377730837416
0,20.638800000000003,3.046875,-0.5631083255659214
0,20.638800000000003,3.0500000000000003,-0.5661570431629709
0,20.638800000000003,3.053125,-0.5691826385174034
0,20.638800000000003,3.05625,-0.5721838121645968
0,20.638800000000003,3.059375,-0.5751592535968284
0,20.638800000000003,3.0625,-0.5781076423803836
0,20.638800000000003,3.0656250000000003,-0.5810276493251924
0,20.638800000000003,3.06875,-0.5839179377062574
0,20.638800000000003,3.071875,-0.5867771645359715
0,20.638800000000003,3.075,-0.5896039818862031
0,20.638800000000003,3.078125,-0.5923970382588509
0,20.638800000000003,3.0812500000000003,-0.5951549800033619
0,20.638800000000003,3.084375,-0.5978764527794924
0,20.638800000000003,3.0875,-0.6005601030634048
0,20.638800000000003,3.090625,-0.6032045796949642
0,20.638800000000003,3.09375,-0.6058085354639038
0,20.638800000000003,3.0968750000000003,-0.6083706287323228
0,20.638800000000003,3.1,-0.6108895250907596
0,20.638800000000003,3.103125,-0.6133638990449027
0,20.638800000000003,3.10625,-0.615792435729785
0,20.638800000000003,3.109375,-0.6181738326481241
0,20.638800000000003,3.1125000000000003,-0.6205068014292874
0,20.638800000000003,3.115625,-0.6227900696051736
0,20.638800000000003,3.11875,-0.6250223823991455
0,20.638800000000003,3.121875,-0.6272025045239806
0,20.638800000000003,3.125,-0.6293292219846636
0,20.638800000000003,3.1281250000000003,-0.6314013438817151
0,20.638800000000003,3.13125,-0.6334177042106224
0,20.638800000000003,3.134375,-0.6353771636528429
0,20.638800000000003,3.1375,-0.6372786113537549
0,20.638800000000003,3.140625,-0.6391209666828612
0,20.638800000000003,3.1437500000000003,-0.6409031809715064
0,20.638800000000003,3.146875,-0.642624239223317
0,20.638800000000003,3.15,-0.6442831617925776
0,20.638800000000003,3.153125,-0.6458790060257491
0,20.638800000000003,3.15625,-0.6474108678613684
0,20.638800000000003,3.1593750000000003,-0.6488778833836143
0,20.638800000000003,3.1625,-0.6502792303248942
0,20.638800000000003,3.165625,-0.6516141295128972
0,20.638800000000003,3.16875,-0.6528818462576704
0,20.638800000000003,3.171875,-0.6540816916744105
0,20.638800000000003,3.1750000000000003,-0.6552130239378193
0,20.638800000000003,3.178125,-0.6562752494640416
0,20.638800000000003,3.18125,-0.6572678240164077
0,20.638800000000003,3.184375,-0.6581902537314082
0,20.638800000000003,3.1875,-0.6590420960615728
0,20.638800000000003,3.1906250000000003,-0.6598229606321666
0,20.638800000000003,3.19375,-0.6605325100088876
0,20.638800000000003,3.196875,-0.6611704603740336
0,20.638800000000003,3.2,-0.6617365821089005
0,20.638800000000003,3.203125,-0.662230700280475
0,20.638800000000003,3.2062500000000003,-0.6626526950308176
0,20.638800000000003,3.209375,-0.6630025018678432
0,20.638800000000003,3.2125,-0.66328011185655
0,20.638800000000003,3.215625,-0.6634855717100833
0,20.638800000000003,3.21875,-0.6636189837803628
0,20.638800000000003,3.2218750000000003,-0.6636805059483477
0,20.638800000000003,3.225,-0.6636703514143573
0,20.638800000000003,3.228125,-0.6635887883892029
0,20.638800000000003,3.23125,-0.6634361396872313
0,20.638800000000003,3.234375,-0.6632127822227024
0,20.638800000000003,3.2375000000000003,-0.6629191464112546
0,20.638800000000003,3.240625,-0.6625557154785212
0,20.638800000000003,3.24375,-0.6621230246782688
0,20.638800000000003,3.246875,-0.6616216604227108
0,20.638800000000003,3.25,-0.6610522593279362
0,20.638800000000003,3.2531250000000003,-0.6604155071776452
0,20.638800000000003,3.25625,-0.6597121378086328
0,20.638800000000003,3.259375,-0.6589429319216868
0,20.638800000000003,3.2625,-0.6581087158217712
0,20.638800000000003,3.265625,-0.6572103600915609
0,20.638800000000003,3.2687500000000003,-0.6562487782025483
0,20.638800000000003,3.271875,-0.6552249250681096
0,20.638800000000003,3.275,-0.6541397955430185
0,20.638800000000003,3.278125,-0.652994422874024
0,20.638800000000003,3.28125,-0.6517898771061745
0,20.638800000000003,3.2843750000000003,-0.650527263449635
0,20.638800000000003,3.2875,-0.6492077206117921
0,20.638800000000003,3.290625,-0.6478324190994489
0,20.638800000000003,3.29375,-0.6464025594959146
0,20.638800000000003,3.296875,-0.6449193707177759
0,20.638800000000003,3.3000000000000003,-0.643384108256083
0,20.638800000000003,3.303125,-0.6417980524066426
0,20.638800000000003,3.30625,-0.6401625064940089
0,20.638800000000003,3.309375,-0.6384787950936919
0,20.638800000000003,3.3125,-0.6367482622569739
0,20.638800000000003,3.3156250000000003,-0.6349722697426088
0,20.638800000000003,3.31875,-0.6331521952595426
0,20.638800000000003,3.321875,-0.6312894307246305
0,20.638800000000003,3.325,-0.6293853805391817
0,20.638800000000003,3.328125,-0.6274414598879733
0,20.638800000000003,3.3312500000000003,-0.6254590930642026
0,20.638800000000003,3.334375,-0.6234397118236648
0,20.638800000000003,3.3375,-0.6213847537712324
0,20.638800000000003,3.340625,-0.6192956607825294
0,20.638800000000003,3.34375,-0.6171738774634845
0,20.638800000000003,3.3468750000000003,-0.6150208496502328
0,20.638800000000003,3.35,-0.6128380229516488
0,20.638800000000003,3.353125,-0.6106268413365625
0,20.638800000000003,3.35625,-0.608388745767522
0,20.638800000000003,3.359375,-0.6061251728827506
0,20.638800000000003,3.3625000000000003,-0.6038375537277436
0,20.638800000000003,3.365625,-0.6015273125377602
0,20.638800000000003,3.36875,-0.599195865572253
0,20.638800000000003,3.371875,-0.5968446200021077
0,20.638800000000003,3.375,-0.5944749728503652
0,20.638800000000003,3.3781250000000003,-0.5920883099869229
0,20.638800000000003,3.38125,-0.5896860051775488
0,20.638800000000003,3.384375,-0.5872694191873604
0,20.638800000000003,3.3875,-0.5848398989387815
0,20.638800000000003,3.390625,-0.5823987767238255
0,20.638800000000003,3.3937500000000003,-0.5799473694704179
0,20.638800000000003,3.396875,-0.5774869780623413
0,20.638800000000003,3.4000000000000004,-0.5750188867122512
0,20.638800000000003,3.403125,-0.5725443623871072
0,20.638800000000003,3.40625,-0.5700646542852429
0,20.638800000000003,3.4093750000000003,-0.5675809933642109
0,20.638800000000003,3.4125,-0.565094591918441
0,20.638800000000003,3.4156250000000004,-0.5626066432056658
0,20.638800000000003,3.41875,-0.5601183211210055
0,20.638800000000003,3.421875,-0.55763077991752
0,20.638800000000003,3.4250000000000003,-0.5551451539719952
0,20.638800000000003,3.428125,-0.5526625575946706
0,20.638800000000003,3.4312500000000004,-0.5501840848815708
0,20.638800000000003,3.434375,-0.5477108096080782
0,20.638800000000003,3.4375,-0.5452437851623426
0,20.638800000000003,3.4406250000000003,-0.5427840445171104
0,20.638800000000003,3.44375,-0.5403326002385367
0,20.638800000000003,3.4468750000000004,-0.5378904445305288
0,20.638800000000003,3.45,-0.5354585493131794
0,20.638800000000003,3.453125,-0.5330378663338269
0,20.638800000000003,3.4562500000000003,-0.5306293273093078
0,20.638800000000003,3.459375,-0.5282338440979645
0,20.638800000000003,3.4625000000000004,-0.5258523088999824
0,20.638800000000003,3.465625,-0.5234855944846654
0,20.638800000000003,3.46875,-0.5211345544432623
0,20.638800000000003,3.4718750000000003,-0.5188000234659957
0,20.638800000000003,3.475,-0.5164828176419675
0,20.638800000000003,3.4781250000000004,-0.5141837347806437
0,20.638800000000003,3.48125,-0.5119035547536679
0,20.638800000000003,3.484375,-0.5096430398557673
0,20.638800000000003,3.4875000000000003,-0.5074029351835779
0,20.638800000000003,3.490625,-0.5051839690312335
0,20.638800000000003,3.4937500000000004,-0.5029868533016145
0,20.638800000000003,3.496875,-0.500812283932199
0,20.638800000000003,3.5,-0.49866094133448596
0,20.638800000000003,3.5031250000000003,-0.49653349084602316
0,20.638800000000003,3.50625,-0.494430583194102
0,20.638800000000003,3.5093750000000004,-0.49235285497023323
0,20.638800000000003,3.5125,-0.49030092911456435
0,20.638800000000003,3.515625,-0.4882754154094362
0,20.638800000000003,3.5187500000000003,-0.48627691098133324
0,20.638800000000003,3.521875,-0.4843060008105181
0,20.638800000000003,3.5250000000000004,-0.48236325824768556
0,20.638800000000003,3.528125,-0.4804492455370275
0,20.638800000000003,3.53125,-0.4785645143451248
0,20.638800000000003,3.5343750000000003,-0.47670960629514547
0,20.638800000000003,3.5375,-0.4748850535058585
0,20.638800000000003,3.5406250000000004,-0.4730913791350165
0,20.638800000000003,3.54375,-0.47132909792671146
0,20.638800000000003,3.546875,-0.46959871676233234
0,20.638800000000003,3.5500000000000003,-0.4679007352148101
0,20.638800000000003,3.553125,-0.46623564610586504
0,20.638800000000003,3.5562500000000004,-0.4646039360660072
0,20.638800000000003,3.559375,-0.4630060860970918
0,20.638800000000003,3.5625,-0.46144257213725054
0,20.638800000000003,3.5656250000000003,-0.4599138656280709
0,20.638800000000003,3.56875,-0.45842043408392064
0,20.638800000000003,3.5718750000000004,-0.4569627416633513
0,20.638800000000003,3.575,-0.455541249742553
0,20.638800000000003,3.578125,-0.4541564174908544
0,20.638800000000003,3.5812500000000003,-0.45280870244830673
0,20.638800000000003,3.584375,-0.451498561105409
0,20.638800000000003,3.5875000000000004,-0.4502264494850702
0,20.638800000000003,3.590625,-0.4489928237269313
0,20.638800000000003,3.59375,-0.4477981406741952
0,20.638800000000003,3.5968750000000003,-0.4466428584631473
0,20.638800000000003,3.6,-0.44552743711557063
0,20.638800000000003,3.6031250000000004,-0.44445233913428844
0,20.638800000000003,3.60625,-0.44341803010209674
0,20.638800000000003,3.609375,-0.44242497928436714
0,20.638800000000003,3.6125000000000003,-0.4414736602356348
0,20.638800000000003,3.615625,-0.4405645514105037
0,20.638800000000003,3.6187500000000004,-0.4396981367792288
0,20.638800000000003,3.621875,-0.4388749064483593
0,20.638800000000003,3.625,-0.4380953572868485
0,20.638800000000003,3.6281250000000003,-0.4373599935580613
0,20.638800000000003,3.63125,-0.4366693275581318
0,20.638800000000003,3.6343750000000004,-0.4360238802611455
0,20.638800000000003,3.6375,-0.4354241819716468
0,20.638800000000003,3.640625,-0.4348707729849888
0,20.638800000000003,3.6437500000000003,-0.43436420425607086
0,20.638800000000003,3.646875,-0.43390503807702707
0,20.638800000000003,3.6500000000000004,-0.4334938487644508
0,20.638800000000003,3.653125,-0.4331312233567662
0,20.638800000000003,3.65625,-0.43281776232237285
0,20.638800000000003,3.6593750000000003,-0.432554080279218
0,20.638800000000003,3.6625,-0.43234080672646696
0,20.638800000000003,3.6656250000000004,-0.4321785867889664
0,20.638800000000003,3.66875,-0.4320680819752169
0,20.638800000000003,3.671875,-0.43200997094959026
0,20.638800000000003,3.6750000000000003,-0.43200495031955044
0,20.638800000000003,3.678125,-0.4320537354386566
0,20.638800000000003,3.6812500000000004,-0.4321570612261489
0,20.638800000000003,3.684375,-0.43231568300393686
0,20.638800000000003,3.6875,-0.4325303773518317
0,20.638800000000003,3.6906250000000003,-0.4328019429818846
0,20.638800000000003,3.69375,-0.4331312016327106
0,20.638800000000003,3.6968750000000004,-0.4335189989847007
0,20.638800000000003,3.7,-0.433966205597039
0,20.638800000000003,3.703125,-0.43447371786746536
0,20.638800000000003,3.7062500000000003,-0.4350424590157359
0,20.638800000000003,3.709375,-0.43567338009175366
0,20.638800000000003,3.7125000000000004,-0.43636746100935764
0,20.638800000000003,3.715625,-0.437125711606769
0,20.638800000000003,3.71875,-0.4379491727347089
0,20.638800000000003,3.7218750000000003,-0.4388389173732137
0,20.638800000000003,3.725,-0.43979605177817704
0,20.638800000000003,3.7281250000000004,-0.44082171665866426
0,20.638800000000003,3.73125,-0.4419170883860365
0,20.638800000000003,3.734375,-0.44308338023593513
0,20.638800000000003,3.7375000000000003,-0.4443218436641636
0,20.638800000000003,3.740625,-0.44563376961750445
0,20.638800000000003,3.7437500000000004,-0.4470204898804963
0,20.638800000000003,3.746875,-0.44848337845917663
0,20.638800000000003,3.75,-0.45002385300278014
0,20.638800000000003,3.7531250000000003,-0.45164337626434814
0,20.638800000000003,3.75625,-0.4533434576011716
0,20.638800000000003,3.7593750000000004,-0.45512565451595105
0,20.638800000000003,3.7625,-0.4569915742394931
0,20.638800000000003,3.765625,-0.45894287535571365
0,20.638800000000003,3.7687500000000003,-0.4609812694696327
0,20.638800000000003,3.771875,-0.4631085229189621
0,20.638800000000003,3.7750000000000004,-0.46532645852979265
0,20.638800000000003,3.778125,-0.46763695741675576
0,20.638800000000003,3.78125,-0.47004196082791677
0,20.638800000000003,3.7843750000000003,-0.4725434720344882
0,20.638800000000003,3.7875,-0.47514355826528265
0,20.638800000000003,3.7906250000000004,-0.47784435268562936
0,20.638800000000003,3.79375,-0.4806480564202341
0,20.638800000000003,3.796875,-0.4835569406192325
0,20.638800000000003,3.8000000000000003,-0.48657334856636686
0,20.638800000000003,3.803125,-0.4896996978279175
0,20.638800000000003,3.8062500000000004,-0.4929384824406428
0,20.638800000000003,3.809375,-0.49629227513656377
0,20.638800000000003,3.8125,-0.49976372960199517
0,20.638800000000003,3.8156250000000003,-0.5033555827676846
0,20.638800000000003,3.81875,-0.50707065712637
0,20.638800000000003,3.8218750000000004,-0.5109118630734295
0,20.638800000000003,3.825,-0.5148822012655702
0,20.638800000000003,3.828125,-0.5189847649917492
0,20.638800000000003,3.8312500000000003,-0.5232227425496144
0,20.638800000000003,3.834375,-0.5275994196198128
0,20.638800000000003,3.8375000000000004,-0.5321181816294321
0,20.638800000000003,3.840625,-0.5367825160946526
0,20.638800000000003,3.84375,-0.5415960149314029
0,20.638800000000003,3.8468750000000003,-0.5465623767213401
0,20.638800000000003,3.85,-0.5516854089189075
0,20.638800000000003,3.8531250000000004,-0.5569690299834763
0,20.638800000000003,3.85625,-0.5624172714186225
0,20.638800000000003,3.859375,-0.5680342796985227
0,20.638800000000003,3.8625000000000003,-0.5738243180590814
0,20.638800000000003,3.865625,-0.5797917681288942
0,20.638800000000003,3.8687500000000004,-0.5859411313723552
0,20.638800000000003,3.871875,-0.5922770303141475
0,20.638800000000003,3.875,-0.5988042095110729
0,20.638800000000003,3.8781250000000003,-0.605527536233488
0,20.638800000000003,3.88125,-0.6124520008147025
0,20.638800000000003,3.8843750000000004,-0.6195827166223803
0,20.638800000000003,3.8875,-0.6269249196012817
0,20.638800000000003,3.890625,-0.6344839673316699
0,20.638800000000003,3.8937500000000003,-0.6422653375421601
0,20.638800000000003,3.896875,-0.6502746260099049
0,20.638800000000003,3.9000000000000004,-0.658517543774612
0,20.638800000000003,3.903125,-0.6669999135859935
0,20.638800000000003,3.90625,-0.6757276654969184
0,20.638800000000003,3.9093750000000003,-0.6847068315066028
0,20.638800000000003,3.9125,-0.6939435391497835
0,20.638800000000003,3.9156250000000004,-0.7034440039188842
0,20.638800000000003,3.91875,-0.7132145203966498
0,20.638800000000003,3.921875,-0.7232614519668028
0,20.638800000000003,3.9250000000000003,-0.7335912189596941
0,20.638800000000003,3.928125,-0.7442102850790112
0,20.638800000000003,3.9312500000000004,-0.7551251419442164
0,20.638800000000003,3.934375,-0.766342291571617
0,20.638800000000003,3.9375,-0.7778682266050566
0,20.638800000000003,3.9406250000000003,-0.7897094080950219
0,20.638800000000003,3.94375,-0.8018722406128899
0,20.638800000000003,3.9468750000000004,-0.814363044475138
0,20.638800000000003,3.95,-0.827188024840779
0,20.638800000000003,3.953125,-0.840353237434583
0,20.638800000000003,3.9562500000000003,-0.8538645506387809
0,20.638800000000003,3.959375,-0.8677276036876425
0,20.638800000000003,3.9625000000000004,-0.8819477606928373
0,20.638800000000003,3.965625,-0.8965300602233329
0,20.638800000000003,3.96875,-0.9114791601626142
0,20.638800000000003,3.9718750000000003,-0.9267992775685607
0,20.638800000000003,3.975,-0.9424941232685548
0,20.638800000000003,3.9781250000000004,-0.9585668309349972
0,20.638800000000003,3.98125,-0.9750198804053504
0,20.638800000000003,3.984375,-0.9918550150375172
0,20.638800000000003,3.9875000000000003,-1.0090731529265544
0,20.638800000000003,3.990625,-1.02667429185416
0,20.638800000000003,3.9937500000000004,-1.0446574078992068
0,20.638800000000003,3.996875,-1.0630203477072122
0,20.638800000000003,4.0,-1.0817597145008864
0,20.638800000000003,4.003125000000001,-1.100870748013753
0,20.638800000000003,4.00625,-1.1203471986461881
0,20.638800000000003,4.009375,-1.1401811962792763
0,20.638800000000003,4.0125,-1.160363114337249
0,20.638800000000003,4.015625,-1.180881429866095
0,20.638800000000003,4.018750000000001,-1.2017225805928387
0,20.638800000000003,4.021875,-1.222870820148671
0,20.638800000000003,4.025,-1.2443080728778242
0,20.638800000000003,4.028125,-1.2660137899111346
0,20.638800000000003,4.03125,-1.2879648084573776
0,20.638800000000003,4.034375000000001,-1.31013521655098
0,20.638800000000003,4.0375,-1.3324962257885578
0,20.638800000000003,4.040625,-1.3550160548811885
0,20.638800000000003,4.04375,-1.3776598271362346
0,20.638800000000003,4.046875,-1.4003894852532897
0,20.638800000000003,4.050000000000001,-1.423163727059891
0,20.638800000000003,4.053125,-1.445937966012782
0,20.638800000000003,4.05625,-1.4686643204337724
0,20.638800000000003,4.059375,-1.4912916355196901
0,20.638800000000003,4.0625,-1.5137655421480884
0,20.638800000000003,4.065625000000001,-1.536028556375333
0,20.638800000000003,4.06875,-1.5580202232771554
0,20.638800000000003,4.071875,-1.5796773083976858
0,20.638800000000003,4.075,-1.6009340395390916
0,20.638800000000003,4.078125,-1.6217224009330473
0,20.638800000000003,4.081250000000001,-1.641972480981841
0,20.638800000000003,4.084375,-1.6616128737457136
0,20.638800000000003,4.0875,-1.68057113319296
0,20.638800000000003,4.090625,-1.6987742779387003
0,20.638800000000003,4.09375,-1.7161493428055346
0,20.638800000000003,4.096875000000001,-1.7326239720787875
0,20.638800000000003,4.1,-1.7481270478474549
0,20.638800000000003,4.103125,-1.7625893453704937
0,20.638800000000003,4.10625,-1.7759442060450539
0,20.638800000000003,4.109375,-1.7881282173412802
0,20.638800000000003,4.112500000000001,-1.7990818880681567
0,20.638800000000003,4.115625,-1.808750306607286
0,20.638800000000003,4.11875,-1.817083769348297
0,20.638800000000003,4.121875,-1.8240383665232214
0,20.638800000000003,4.125,-1.8295765129968697
0,20.638800000000003,4.128125000000001,-1.833667412336936
0,20.638800000000003,4.13125,-1.8362874436555792
0,20.638800000000003,4.134375,-1.837420462256717
0,20.638800000000003,4.1375,-1.8370580069951183
0,20.638800000000003,4.140625,-1.835199409391832
0,20.638800000000003,4.143750000000001,-1.8318518018779828
0,20.638800000000003,4.146875,-1.8270300249678086
0,20.638800000000003,4.15,-1.8207564355982997
0,20.638800000000003,4.153125,-1.8130606212230758
0,20.638800000000003,4.15625,-1.8039790264227824
0,20.638800000000003,4.159375000000001,-1.793554500714347
0,20.638800000000003,4.1625,-1.7818357778410396
0,20.638800000000003,4.165625,-1.768876898056341
0,20.638800000000003,4.16875,-1.754736585747938
0,20.638800000000003,4.171875,-1.739477595173229
0,20.638800000000003,4.175000000000001,-1.7231660371046564
0,20.638800000000003,4.178125,-1.7058706988369354
0,20.638800000000003,4.18125,-1.6876623693298602
0,20.638800000000003,4.184375,-1.6686131803011957
0,20.638800000000003,4.1875,-1.6487959729017065
0,20.638800000000003,4.190625000000001,-1.6282836982622717
0,20.638800000000003,4.19375,-1.6071488587616098
0,20.638800000000003,4.196875,-1.585462995382436
0,20.638800000000003,4.2,-1.5632962250573836
0,20.638800000000003,4.203125,-1.5407168304986851
0,20.638800000000003,4.206250000000001,-1.5177909036970432
0,20.638800000000003,4.209375,-1.4945820430920502
0,20.638800000000003,4.2125,-1.471151103379908
0,20.638800000000003,4.215625,-1.4475559960455222
0,20.638800000000003,4.21875,-1.4238515379878254
0,20.638800000000003,4.221875000000001,-1.4000893450490168
0,20.638800000000003,4.225,-1.3763177668503945
0,20.638800000000003,4.228125,-1.3525818590692245
0,20.638800000000003,4.23125,-1.328923389148152
0,20.638800000000003,4.234375,-1.3053808713935608
0,20.638800000000003,4.237500000000001,-1.2819896274773166
0,20.638800000000003,4.240625,-1.258781868488557
0,20.638800000000003,4.24375,-1.2357867948738361
0,20.638800000000003,4.246875,-1.2130307108400538
0,20.638800000000003,4.25,-1.1905371500603974
0,20.638800000000003,4.253125000000001,-1.1683270098093141
0,20.638800000000003,4.25625,-1.1464186909460314
0,20.638800000000003,4.259375,-1.1248282414603274
0,20.638800000000003,4.2625,-1.1035695015822264
0,20.638800000000003,4.265625,-1.082654248732663
0,20.638800000000003,4.268750000000001,-1.0620923408529381
0,20.638800000000003,4.271875,-1.0418918568923032
0,20.638800000000003,4.275,-1.0220592334547913
0,20.638800000000003,4.278125,-1.0025993968075628
0,20.638800000000003,4.28125,-0.9835158896322408
0,20.638800000000003,4.284375000000001,-0.9648109920602487
0,20.638800000000003,4.2875,-0.9464858366719202
0,20.638800000000003,4.290625,-0.9285405172594073
0,20.638800000000003,4.29375,-0.9109741912564118
0,20.638800000000003,4.296875,-0.8937851758238777
0,20.638800000000003,4.300000000000001,-0.876971037653214
0,20.638800000000003,4.303125,-0.8605286766071405
0,20.638800000000003,4.30625,-0.8444544033653989
0,20.638800000000003,4.309375,-0.8287440112796897
0,20.638800000000003,4.3125,-0.813392842669665
0,20.638800000000003,4.315625000000001,-0.7983958498124137
0,20.638800000000003,4.31875,-0.7837476508911785
0,20.638800000000003,4.321875,-0.7694425811770548
0,20.638800000000003,4.325,-0.7554747397209793
0,20.638800000000003,4.328125,-0.7418380318324228
0,20.638800000000003,4.331250000000001,-0.7285262076179405
0,20.638800000000003,4.334375,-0.7155328968463674
0,20.638800000000003,4.3375,-0.7028516403993611
0,20.638800000000003,4.340625,-0.6904759185566379
0,20.638800000000003,4.34375,-0.6783991763542557
0,20.638800000000003,4.346875000000001,-0.6666148462432264
0,20.638800000000003,4.35,-0.6551163682636872
0,20.638800000000003,4.353125,-0.6438972079377601
0,20.638800000000003,4.35625,-0.6329508720722969
0,20.638800000000003,4.359375,-0.6222709226503809
0,20.638800000000003,4.362500000000001,-0.6118509889789847
0,20.638800000000003,4.365625,-0.6016847782485597
0,20.638800000000003,4.36875,-0.5917660846492986
0,20.638800000000003,4.371875,-0.5820887971784049
0,20.638800000000003,4.375,-0.5726469062623464
0,20.638800000000003,4.378125000000001,-0.563434509308783
0,20.638800000000003,4.38125,-0.5544458152936464
0,20.638800000000003,4.384375,-0.5456751484803711
0,20.638800000000003,4.3875,-0.5371169513604371
0,20.638800000000003,4.390625,-0.5287657868967018
0,20.638800000000003,4.393750000000001,-0.520616340144271
0,20.638800000000003,4.396875,-0.5126634193170705
0,20.638800000000003,4.4,-0.5049019563622659
0,20.638800000000003,4.403125,-0.4973270070992681
0,20.638800000000003,4.40625,-0.4899337509747129
0,20.638800000000003,4.409375000000001,-0.4827174904802758
0,20.638800000000003,4.4125,-0.47567365027569847
0,20.638800000000003,4.415625,-0.46879777605539946
0,20.638800000000003,4.41875,-0.46208553319346996
0,20.638800000000003,4.421875,-0.45553270519830147
0,20.638800000000003,4.425000000000001,-0.44913519200518187
0,20.638800000000003,4.428125,-0.4428890081322633
0,20.638800000000003,4.43125,-0.43679028072272524
0,20.638800000000003,4.434375,-0.4308352474937059
0,20.638800000000003,4.4375,-0.42502025461026616
0,20.638800000000003,4.440625000000001,-0.41934175450085986
0,20.638800000000003,4.44375,-0.4137963036289128
0,20.638800000000003,4.446875,-0.4083805602335031
0,20.638800000000003,4.45,-0.4030912820507634
0,20.638800000000003,4.453125,-0.397925324026157
0,20.638800000000003,4.456250000000001,-0.3928796360267218
0,20.638800000000003,4.459375,-0.387951260561207
0,20.638800000000003,4.4625,-0.3831373305150509
0,20.638800000000003,4.465625,-0.3784350669063412
0,20.638800000000003,4.46875,-0.3738417766679789
0,20.638800000000003,4.471875000000001,-0.36935485046067323
0,20.638800000000003,4.475,-0.36497176052067926
0,20.638800000000003,4.478125,-0.3606900585456084
0,20.638800000000003,4.48125,-0.3565073736212007
0,20.638800000000003,4.484375,-0.3524214101913642
0,20.638800000000003,4.487500000000001,-0.3484299460734902
0,20.638800000000003,4.490625,-0.34453083052061384
0,20.638800000000003,4.49375,-0.340721982331661
0,20.638800000000003,4.496875,-0.3370013880107954
0,20.638800000000003,4.5,-0.3333670999765175
0,20.638800000000003,4.503125000000001,-0.3298172348210395
0,20.638800000000003,4.50625,-0.326349971620195
0,20.638800000000003,4.509375,-0.3229635502939691
0,20.638800000000003,4.5125,-0.31965627001763086
0,20.638800000000003,4.515625,-0.31642648768322446
0,20.638800000000003,4.518750000000001,-0.3132726164111463
0,20.638800000000003,4.521875,-0.3101931241113735
0,20.638800000000003,4.525,-0.30718653209382757
0,20.638800000000003,4.528125,-0.30425141372732095
0,20.638800000000003,4.53125,-0.3013863931463941
0,20.638800000000003,4.534375000000001,-0.29859014400536793
0,20.638800000000003,4.5375,-0.29586138827884295
0,20.638800000000003,4.540625,-0.2931988951078333
0,20.638800000000003,4.54375,-0.29060147969073485
0,20.638800000000003,4.546875,-0.28806800221822193
0,20.638800000000003,4.550000000000001,-0.2855973668512153
0,20.638800000000003,4.553125,-0.28318852074099454
0,20.638800000000003,4.55625,-0.280840453090514
0,20.638800000000003,4.559375,-0.27855219425599737
0,20.638800000000003,4.5625,-0.27632281488781024
0,20.638800000000003,4.565625000000001,-0.2741514251096538
0,20.638800000000003,4.56875,-0.27203717373506847
0,20.638800000000003,4.571875,-0.2699792475202222
0,20.638800000000003,4.575,-0.2679768704519709
0,20.638800000000003,4.578125,-0.2660293030701042
0,20.638800000000003,4.581250000000001,-0.2641358418227199
0,20.638800000000003,4.584375,-0.2622958184536099
0,20.638800000000003,4.5875,-0.2605085994205132
0,20.638800000000003,4.590625,-0.2587735853430797
0,20.638800000000003,4.59375,-0.2570902104793057
0,20.638800000000003,4.596875000000001,-0.255457942229196
0,20.638800000000003,4.6,-0.2538762806643283
0,20.638800000000003,4.603125,-0.25234475808193046
0,20.638800000000003,4.60625,-0.2508629385820378
0,20.638800000000003,4.609375,-0.24943041766617427
0,20.638800000000003,4.612500000000001,-0.24804682185594937
0,20.638800000000003,4.615625,-0.24671180832983505
0,20.638800000000003,4.61875,-0.2454250645762724
0,20.638800000000003,4.621875,-0.2441863080611451
0,20.638800000000003,4.625,-0.2429952859074805
0,20.638800000000003,4.628125000000001,-0.24185177458510654
0,20.638800000000003,4.63125,-0.24075557960779173
0,20.638800000000003,4.634375,-0.23970653523519828
0,20.638800000000003,4.6375,-0.23870450417676828
0,20.638800000000003,4.640625,-0.23774937729439502
0,20.638800000000003,4.643750000000001,-0.23684107330048293
0,20.638800000000003,4.646875,-0.23597953844769104
0,20.638800000000003,4.65,-0.2351647462063251
0,20.638800000000003,4.653125,-0.23439669692500376
0,20.638800000000003,4.65625,-0.233675417469809
0,20.638800000000003,4.659375000000001,-0.2330009608367313
0,20.638800000000003,4.6625,-0.2323734057317418
0,20.638800000000003,4.665625,-0.23179285611232406
0,20.638800000000003,4.66875,-0.23125944068376797
0,20.638800000000003,4.671875,-0.23077331234292192
0,20.638800000000003,4.675000000000001,-0.2303346475614886
0,20.638800000000003,4.678125,-0.22994364570026057
0,20.638800000000003,4.68125,-0.22960052824496904
0,20.638800000000003,4.684375,-0.22930553795365224
0,20.638800000000003,4.6875,-0.2290589379046192
0,20.638800000000003,4.690625000000001,-0.22886101043322357
0,20.638800000000003,4.69375,-0.228712055944742
0,20.638800000000003,4.696875,-0.2286123915896927
0,20.638800000000003,4.7,-0.22856234978693363
0,20.638800000000003,4.703125,-0.22856227657883926
0,20.638800000000003,4.706250000000001,-0.22861252980180258
0,20.638800000000003,4.709375,-0.2287134770542208
0,20.638800000000003,4.7125,-0.22886549344304796
0,20.638800000000003,4.715625,-0.22906895908891578
0,20.638800000000003,4.71875,-0.22932425636878406
0,20.638800000000003,4.721875000000001,-0.22963176687408432
0,20.638800000000003,4.725,-0.2299918680614058
0,20.638800000000003,4.728125,-0.230404929571971
0,20.638800000000003,4.73125,-0.23087130919548843
0,20.638800000000003,4.734375,-0.23139134845351975
0,20.638800000000003,4.737500000000001,-0.2319653677772796
0,20.638800000000003,4.740625,-0.2325936612548843
0,20.638800000000003,4.74375,-0.23327649092354139
0,20.638800000000003,4.746875,-0.2340140805830862
0,20.638800000000003,4.75,-0.2348066091087492
0,20.638800000000003,4.753125000000001,-0.2356542032431232
0,20.638800000000003,4.75625,-0.23655692985014765
0,20.638800000000003,4.759375,-0.23751478761762543
0,20.638800000000003,4.7625,-0.23852769819944242
0,20.638800000000003,4.765625,-0.23959549679446276
0,20.638800000000003,4.768750000000001,-0.2407179221660639
0,20.638800000000003,4.771875,-0.24189460611467664
0,20.638800000000003,4.775,-0.24312506242559032
0,20.638800000000003,4.778125,-0.2444086753257824
0,20.638800000000003,4.78125,-0.24574468749681821
0,20.638800000000003,4.784375000000001,-0.24713218770591605
0,20.638800000000003,4.7875,-0.24857009813424916
0,20.638800000000003,4.790625,-0.25005716150041324
0,20.638800000000003,4.79375,-0.2515919280976695
0,20.638800000000003,4.796875,-0.2531727428860599
0,20.638800000000003,4.800000000000001,-0.25479773280445794
0,20.638800000000003,4.803125,-0.2564647944929022
0,20.638800000000003,4.80625,-0.2581715826416847
0,20.638800000000003,4.809375,-0.25991549921008655
0,20.638800000000003,4.8125,-0.26169368378379376
0,20.638800000000003,4.815625000000001,-0.2635030053649124
0,20.638800000000003,4.81875,-0.2653400559112996
0,20.638800000000003,4.821875,-0.2672011459614205
0,20.638800000000003,4.825,-0.26908230269584504
0,20.638800000000003,4.828125,-0.27097927079551837
0,20.638800000000003,4.831250000000001,-0.2728875164584359
0,20.638800000000003,4.834375,-0.27480223492895695
0,20.638800000000003,4.8375,-0.2767183618761103
0,20.638800000000003,4.840625,-0.27863058892747267
0,20.638800000000003,4.84375,-0.28053338362243607
0,20.638800000000003,4.846875000000001,-0.2824210139918384
0,20.638800000000003,4.85,-0.2842875778996737
0,20.638800000000003,4.853125,-0.28612703719683114
0,20.638800000000003,4.85625,-0.2879332566371618
0,20.638800000000003,4.859375,-0.289700047394092
0,20.638800000000003,4.862500000000001,-0.29142121489345024
0,20.638800000000003,4.865625,-0.2930906105482468
0,20.638800000000003,4.86875,-0.2947021868474762
0,20.638800000000003,4.871875,-0.296250055118058
0,20.638800000000003,4.875,-0.2977285451519303
0,20.638800000000003,4.878125000000001,-0.29913226577437385
0,20.638800000000003,4.88125,-0.3004561653306393
0,20.638800000000003,4.884375,-0.30169559099125987
0,20.638800000000003,4.8875,-0.30284634572708546
0,20.638800000000003,4.890625,-0.3039047417873783
0,20.638800000000003,4.893750000000001,-0.3048676495312373
0,20.638800000000003,4.896875,-0.3057325405159972
0,20.638800000000003,4.9,-0.30649752383610185
0,20.638800000000003,4.903125,-0.3071613748306211
0,20.638800000000003,4.90625,-0.3077235554337493
0,20.638800000000003,4.909375000000001,-0.3081842256251417
0,20.638800000000003,4.9125,-0.3085442456394421
0,20.638800000000003,4.915625,-0.30880516880921205
0,20.638800000000003,4.91875,-0.3089692251344482
0,20.638800000000003,4.921875,-0.3090392958865061
0,20.638800000000003,4.925000000000001,-0.3090188797562849
0,20.638800000000003,4.928125,-0.3089120512384731
0,20.638800000000003,4.93125,-0.3087234120991135
0,20.638800000000003,4.934375,-0.30845803689777046
0,20.638800000000003,4.9375,-0.3081214136248789
0,20.638800000000003,4.940625000000001,-0.3077193805679155
0,20.638800000000003,4.94375,-0.3072580605370531
0,20.638800000000003,4.946875,-0.30674379356378645
0,20.638800000000003,4.95,-0.30618306913790283
0,20.638800000000003,4.953125,-0.30558245897342956
0,20.638800000000003,4.956250000000001,-0.30494855119802605
0,20.638800000000003,4.959375,-0.30428788674826035
0,20.638800000000003,4.9625,-0.3036068986310853
0,20.638800000000003,4.965625,-0.3029118545851845
0,20.638800000000003,4.96875,-0.3022088035498282
0,20.638800000000003,4.971875000000001,-0.30150352622808385
0,20.638800000000003,4.975,-0.3008014899194424
0,20.638800000000003,4.978125,-0.3001078076972177
0,20.638800000000003,4.98125,-0.2994272019206613
0,20.638800000000003,4.984375,-0.2987639720019723
0,20.638800000000003,4.987500000000001,-0.29812196629500654
0,20.638800000000003,4.990625,-0.2975045579354342
0,20.638800000000003,4.99375,-0.29691462444084077
0,20.638800000000003,4.996875,-0.29635453087277513
0,20.638800000000003,5.0,-0.2958261163695787
0,20.638800000000003,5.003125,-0.2953306838773505
0,20.638800000000003,5.0062500000000005,-0.2948689929346442
0,20.638800000000003,5.009375,-0.2944412554024511
0,20.638800000000003,5.0125,-0.29404713407252014
0,20.638800000000003,5.015625,-0.29368574413190124
0,20.638800000000003,5.01875,-0.2933556575075132
0,20.638800000000003,5.0218750000000005,-0.29305491015928964
0,20.638800000000003,5.025,-0.2927810124317845
0,20.638800000000003,5.028125,-0.29253096260982303
0,20.638800000000003,5.03125,-0.2923012638517127
0,20.638800000000003,5.034375,-0.29208794469162264
0,20.638800000000003,5.0375000000000005,-0.291886583309124
0,20.638800000000003,5.040625,-0.2916923357568509
0,20.638800000000003,5.04375,-0.2914999683154143
0,20.638800000000003,5.046875,-0.29130389410705343
0,20.638800000000003,5.05,-0.29109821404550035
0,20.638800000000003,5.0531250000000005,-0.29087676212918534
0,20.638800000000003,5.05625,-0.29063315499892567
0,20.638800000000003,5.059375,-0.29036084558103503
0,20.638800000000003,5.0625,-0.2900531805246227
0,20.638800000000003,5.065625,-0.28970346102077393
0,20.638800000000003,5.0687500000000005,-0.2893050064651722
0,20.638800000000003,5.071875,-0.2888512202991504
0,20.638800000000003,5.075,-0.2883356572422987
0,20.638800000000003,5.078125,-0.28775209101823584
0,20.638800000000003,5.08125,-0.2870945815796657
0,20.638800000000003,5.0843750000000005,-0.2863575407650242
0,20.638800000000003,5.0875,-0.2855357952719771
0,20.638800000000003,5.090625,-0.28462464581708535
0,20.638800000000003,5.09375,-0.2836199213693049
0,20.638800000000003,5.096875,-0.2825180273993964
0,20.638800000000003,5.1000000000000005,-0.2813159871779606
0,20.638800000000003,5.103125,-0.28001147528008263
0,20.638800000000003,5.10625,-0.27860284261110624
0,20.638800000000003,5.109375,-0.2770891324508876
0,20.638800000000003,5.1125,-0.2754700872165208
0,20.638800000000003,5.1156250000000005,-0.27374614585846674
0,20.638800000000003,5.11875,-0.27191843202400173
0,20.638800000000003,5.121875,-0.26998873333643025
0,20.638800000000003,5.125,-0.2679594723403935
0,20.638800000000003,5.128125,-0.2658336698452531
0,20.638800000000003,5.1312500000000005,-0.26361490155358236
0,20.638800000000003,5.134375,-0.26130724898523905
0,20.638800000000003,5.1375,-0.2589152457959855
0,20.638800000000003,5.140625,-0.25644382064163157
0,20.638800000000003,5.14375,-0.253898237754279
0,20.638800000000003,5.1468750000000005,-0.2512840363782808
0,20.638800000000003,5.15,-0.24860697016310013
0,20.638800000000003,5.153125,-0.24587294753262248
0,20.638800000000003,5.15625,-0.2430879739507352
0,20.638800000000003,5.159375,-0.2402580968865459
0,20.638800000000003,5.1625000000000005,-0.23738935415517246
0,20.638800000000003,5.165625,-0.23448772617698824
0,20.638800000000003,5.16875,-0.23155909256458504
0,20.638800000000003,5.171875,-0.22860919331700352
0,20.638800000000003,5.175,-0.22564359477858445
0,20.638800000000003,5.1781250000000005,-0.22266766040811636
0,20.638800000000003,5.18125,-0.21968652630482963
0,20.638800000000003,5.184375,-0.21670508135253563
0,20.638800000000003,5.1875,-0.21372795177249526
0,20.638800000000003,5.190625,-0.21075948981930853
0,20.638800000000003,5.1937500000000005,-0.20780376631182768
0,20.638800000000003,5.196875,-0.20486456666181752
0,20.638800000000003,5.2,-0.20194539004559983
0,20.638800000000003,5.203125,-0.19904945135689026
0,20.638800000000003,5.20625,-0.1961796855808442
0,20.638800000000003,5.2093750000000005,-0.1933387542385719
0,20.638800000000003,5.2125,-0.19052905356650535
0,20.638800000000003,5.215625,-0.187752724114615
0,20.638800000000003,5.21875,-0.1850116614703779
0,20.638800000000003,5.221875,-0.18230752784035095
0,20.638800000000003,5.2250000000000005,-0.17964176424734443
0,20.638800000000003,5.228125,-0.1770156031276345
0,20.638800000000003,5.23125,-0.1744300811387312
0,20.638800000000003,5.234375,-0.17188605201346718
0,20.638800000000003,5.2375,-0.16938419932009108
0,20.638800000000003,5.2406250000000005,-0.16692504901044822
0,20.638800000000003,5.24375,-0.1645089816589656
0,20.638800000000003,5.246875,-0.16213624431392468
0,20.638800000000003,5.25,-0.15980696189941332
0,20.638800000000003,5.253125,-0.15752114812133186
0,20.638800000000003,5.2562500000000005,-0.1552787158440257
0,20.638800000000003,5.259375,-0.15307948691557047
0,20.638800000000003,5.2625,-0.15092320142954987
0,20.638800000000003,5.265625,-0.14880952641952075
0,20.638800000000003,5.26875,-0.1467380639892978
0,20.638800000000003,5.2718750000000005,-0.14470835888793326
0,20.638800000000003,5.275,-0.14271990554289388
0,20.638800000000003,5.278125,-0.14077215456858136
0,20.638800000000003,5.28125,-0.138864518770169
0,20.638800000000003,5.284375,-0.136996378664773
0,20.638800000000003,5.2875000000000005,-0.1351670875434271
0,20.638800000000003,5.290625,-0.13337597609822704
0,20.638800000000003,5.29375,-0.13162235663945188
0,20.638800000000003,5.296875,-0.1299055269275639
0,20.638800000000003,5.3,-0.1282247736447421
0,20.638800000000003,5.3031250000000005,-0.12657937553013995
0,20.638800000000003,5.30625,-0.12496860620239324
0,20.638800000000003,5.309375,-0.12339173669207508
0,20.638800000000003,5.3125,-0.12184803770588666
0,20.638800000000003,5.315625,-0.12033678164335214
0,20.638800000000003,5.3187500000000005,-0.11885724438573819
0,20.638800000000003,5.321875,-0.11740870687583692
0,20.638800000000003,5.325,-0.11599045650614817
0,20.638800000000003,5.328125,-0.11460178833192558
0,20.638800000000003,5.33125,-0.11324200612446603
0,20.638800000000003,5.3343750000000005,-0.11191042327898787
0,20.638800000000003,5.3375,-0.11060636359043598
0,20.638800000000003,5.340625,-0.1093291619095746
0,20.638800000000003,5.34375,-0.10807816469081877
0,20.638800000000003,5.346875,-0.10685273044236253
0,20.638800000000003,5.3500000000000005,-0.10565223008833952
0,20.638800000000003,5.353125,-0.1044760472519672
0,20.638800000000003,5.35625,-0.10332357846788527
0,20.638800000000003,5.359375,-0.10219423333122238
0,20.638800000000003,5.3625,-0.10108743459027085
0,20.638800000000003,5.3656250000000005,-0.10000261818905955
0,20.638800000000003,5.36875,-0.09893923326555883
0,20.638800000000003,5.371875,-0.09789674211073253
0,20.638800000000003,5.375,-0.09687462009318663
0,20.638800000000003,5.378125,-0.09587235555371547
0,20.638800000000003,5.3812500000000005,-0.09488944967364829
0,20.638800000000003,5.384375,-0.0939254163205271
0,20.638800000000003,5.3875,-0.09297978187430024
0,20.638800000000003,5.390625,-0.09205208503691306
0,20.638800000000003,5.39375,-0.09114187662788009
0,20.638800000000003,5.3968750000000005,-0.09024871936816804
0,20.638800000000003,5.4,-0.08937218765447767
0,20.638800000000003,5.403125,-0.08851186732579129
0,20.638800000000003,5.40625,-0.08766735542386098
0,20.638800000000003,5.409375,-0.08683825994912338
0,20.638800000000003,5.4125000000000005,-0.08602419961336806
0,20.638800000000003,5.415625,-0.0852248035903354
0,20.638800000000003,5.41875,-0.08443971126528167
0,20.638800000000003,5.421875,-0.0836685719844329
0,20.638800000000003,5.425,-0.08291104480513042
0,20.638800000000003,5.4281250000000005,-0.08216679824737595
0,20.638800000000003,5.43125,-0.08143551004739148
0,20.638800000000003,5.434375,-0.08071686691372569
0,20.638800000000003,5.4375,-0.08001056428637007
0,20.638800000000003,5.440625,-0.07931630609927628
0,20.638800000000003,5.4437500000000005,-0.07863380454660951
0,20.638800000000003,5.446875,-0.07796277985302023
0,20.638800000000003,5.45,-0.07730296004816486
0,20.638800000000003,5.453125,-0.07665408074566935
0,20.638800000000003,5.45625,-0.07601588492668589
0,20.638800000000003,5.4593750000000005,-0.07538812272816207
0,20.638800000000003,5.4625,-0.07477055123591177
0,20.638800000000003,5.465625,-0.07416293428254722
0,20.638800000000003,5.46875,-0.07356504225031342
0,20.638800000000003,5.471875,-0.07297665187884018
0,20.638800000000003,5.4750000000000005,-0.07239754607781088
0,20.638800000000003,5.478125,-0.07182751374453211
0,20.638800000000003,5.48125,-0.07126634958637061
0,20.638800000000003,5.484375,-0.07071385394801726
0,20.638800000000003,5.4875,-0.07016983264352197
0,20.638800000000003,5.4906250000000005,-0.06963409679303754
0,20.638800000000003,5.49375,-0.06910646266420255
0,20.638800000000003,5.496875,-0.06858675151808416
0,20.638800000000003,5.5,-0.06807478945960135
0,20.638800000000003,5.503125,-0.06757040729233928
0,20.638800000000003,5.5062500000000005,-0.06707344037766517
0,20.638800000000003,5.509375,-0.06658372849805311
0,20.638800000000003,5.5125,-0.06610111572451963
0,20.638800000000003,5.515625,-0.06562545028807629
0,20.638800000000003,5.51875,-0.06515658445509845
0,20.638800000000003,5.5218750000000005,-0.06469437440651243
0,20.638800000000003,5.525,-0.06423868012070243
0,20.638800000000003,5.528125,-0.06378936526003653
0,20.638800000000003,5.53125,-0.06334629706091618
0,20.638800000000003,5.534375,-0.06290934622724915
0,20.638800000000003,5.5375000000000005,-0.062478386827250584
0,20.638800000000003,5.540625,-0.06205329619347673
0,20.638800000000003,5.54375,-0.061633954825996054
0,20.638800000000003,5.546875,-0.061220246298607214
0,20.638800000000003,5.55,-0.06081205716801135
0,20.638800000000003,5.5531250000000005,-0.06040927688585017
0,20.638800000000003,5.55625,-0.06001179771352302
0,20.638800000000003,5.559375,-0.05961951463969572
0,20.638800000000003,5.5625,-0.05923232530042024
0,20.638800000000003,5.565625,-0.058850129901781595
0,20.638800000000003,5.5687500000000005,-0.05847283114499332
0,20.638800000000003,5.571875,-0.05810033415386453
0,20.638800000000003,5.575,-0.05773254640456138
0,20.638800000000003,5.578125,-0.057369377657591834
0,20.638800000000003,5.58125,-0.05701073989194056
0,20.638800000000003,5.5843750000000005,-0.05665654724128522
0,20.638800000000003,5.5875,-0.05630671593222735
0,20.638800000000003,5.590625,-0.055961164224470575
0,20.638800000000003,5.59375,-0.055619812352885045
0,20.638800000000003,5.596875,-0.05528258247139479
0,20.638800000000003,5.6000000000000005,-0.05494939859862885
0,20.638800000000003,5.603125,-0.05462018656527883
0,20.638800000000003,5.60625,-0.054294873963105346
0,20.638800000000003,5.609375,-0.05397339009554092
0,20.638800000000003,5.6125,-0.05365566592983551
0,20.638800000000003,5.6156250000000005,-0.05334163405069403
0,20.638800000000003,5.61875,-0.05303122861535727
0,20.638800000000003,5.621875,-0.052724385310077004
0,20.638800000000003,5.625,-0.052421041307941264
0,20.638800000000003,5.628125,-0.05212113522800354
0,20.638800000000003,5.6312500000000005,-0.05182460709567352
0,20.638800000000003,5.634375,-0.051531398304327944
0,20.638800000000003,5.6375,-0.051241451578100096
0,20.638800000000003,5.640625,-0.05095471093581067
0,20.638800000000003,5.64375,-0.050671121656001086
0,20.638800000000003,5.6468750000000005,-0.050390630243033356
0,20.638800000000003,5.65,-0.05011318439422169
0,20.638800000000003,5.653125,-0.04983873296796073
0,20.638800000000003,5.65625,-0.049567225952819295
0,20.638800000000003,5.659375,-0.049298614437566564
0,20.638800000000003,5.6625000000000005,-0.049032850582100676
0,20.638800000000003,5.665625,-0.04876988758925045
0,20.638800000000003,5.66875,-0.048509679677420564
0,20.638800000000003,5.671875,-0.04825218205405417
0,20.638800000000003,5.675,-0.04799735088988504
0,20.638800000000003,5.6781250000000005,-0.047745143293954205
0,20.638800000000003,5.68125,-0.04749551728936603
0,20.638800000000003,5.684375,-0.04724843178975941
0,20.638800000000003,5.6875,-0.04700384657647162
0,20.638800000000003,5.690625,-0.0467617222763719
0,20.638800000000003,5.6937500000000005,-0.046522020340343195
0,20.638800000000003,5.696875,-0.04628470302239172
0,20.638800000000003,5.7,-0.04604973335936291
0,20.638800000000003,5.703125,-0.04581707515124609
0,20.638800000000003,5.70625,-0.04558669294204746
0,20.638800000000003,5.7093750000000005,-0.045358552001214095
0,20.638800000000003,5.7125,-0.04513261830559142
0,20.638800000000003,5.715625,-0.04490885852189632
0,20.638800000000003,5.71875,-0.04468723998969092
0,20.638800000000003,5.721875,-0.04446773070484006
0,20.638800000000003,5.7250000000000005,-0.04425029930343765
0,20.638800000000003,5.728125,-0.04403491504618748
0,20.638800000000003,5.73125,-0.04382154780322315
0,20.638800000000003,5.734375,-0.0436101680393547
0,20.638800000000003,5.7375,-0.04340074679972773
0,20.638800000000003,5.7406250000000005,-0.04319325569588229
0,20.638800000000003,5.74375,-0.04298766689219965
0,20.638800000000003,5.746875,-0.042783953092723856
0,20.638800000000003,5.75,-0.04258208752834767
0,20.638800000000003,5.753125,-0.04238204394435095
0,20.638800000000003,5.7562500000000005,-0.04218379658828074
0,20.638800000000003,5.759375,-0.041987320198162904
0,20.638800000000003,5.7625,-0.041792589991034426
0,20.638800000000003,5.765625,-0.041599581651787676
0,20.638800000000003,5.76875,-0.04140827132231616
0,20.638800000000003,5.7718750000000005,-0.041218635590953207
0,20.638800000000003,5.775,-0.04103065148219461
0,20.638800000000003,5.778125,-0.04084429644669622
0,20.638800000000003,5.78125,-0.0406595483515391
0,20.638800000000003,5.784375,-0.0404763854707534
0,20.638800000000003,5.7875000000000005,-0.04029478647609354
0,20.638800000000003,5.790625,-0.04011473042805757
0,20.638800000000003,5.79375,-0.0399361967671424
0,20.638800000000003,5.796875,-0.03975916530532923
0,20.638800000000003,5.800000000000001,-0.0395836162177914
0,20.638800000000003,5.8031250000000005,-0.03940953003481872
0,20.638800000000003,5.80625,-0.03923688763395114
0,20.638800000000003,5.809375,-0.039065670232316684
0,20.638800000000003,5.8125,-0.03889585937916684
0,20.638800000000003,5.815625000000001,-0.03872743694860394
0,20.638800000000003,5.8187500000000005,-0.038560385132495205
0,20.638800000000003,5.821875,-0.03839468643356735
0,20.638800000000003,5.825,-0.038230323658677505
0,20.638800000000003,5.828125,-0.038067279912254476
0,20.638800000000003,5.831250000000001,-0.037905538589906085
0,20.638800000000003,5.8343750000000005,-0.03774508337218764
0,20.638800000000003,5.8375,-0.03758589821852656
0,20.638800000000003,5.840625,-0.03742796736129947
0,20.638800000000003,5.84375,-0.03727127530005679
0,20.638800000000003,5.846875000000001,-0.03711580679589104
0,20.638800000000003,5.8500000000000005,-0.036961546865944654
0,20.638800000000003,5.853125,-0.03680848077805315
0,20.638800000000003,5.85625,-0.03665659404552049
0,20.638800000000003,5.859375,-0.03650587242202236
0,20.638800000000003,5.862500000000001,-0.03635630189663396
0,20.638800000000003,5.8656250000000005,-0.03620786868897925
0,20.638800000000003,5.86875,-0.036060559244497296
0,20.638800000000003,5.871875,-0.03591436022982384
0,20.638800000000003,5.875,-0.03576925852828381
0,20.638800000000003,5.878125000000001,-0.03562524123549221
0,20.638800000000003,5.8812500000000005,-0.03548229565506058
0,20.638800000000003,5.884375,-0.03534040929440548
0,20.638800000000003,5.8875,-0.03519956986065715
0,20.638800000000003,5.890625,-0.03505976525666489
0,20.638800000000003,5.893750000000001,-0.034920983577096894
0,20.638800000000003,5.8968750000000005,-0.034783213104632046
0,20.638800000000003,5.9,-0.03464644230624074
0,20.638800000000003,5.903125,-0.034510659829553106
0,20.638800000000003,5.90625,-0.03437585449931164
0,20.638800000000003,5.909375000000001,-0.03424201531390629
0,20.638800000000003,5.9125000000000005,-0.03410913144198998
0,20.638800000000003,5.915625,-0.03397719221917182
0,20.638800000000003,5.91875,-0.033846187144786787
0,20.638800000000003,5.921875,-0.033716105878739244
0,20.638800000000003,5.925000000000001,-0.033586938238418615
0,20.638800000000003,5.9281250000000005,-0.033458674195685455
0,20.638800000000003,5.93125,-0.03333130387392558
0,20.638800000000003,5.934375,-0.033204817545171114
0,20.638800000000003,5.9375,-0.03307920562728646
0,20.638800000000003,5.940625000000001,-0.032954458681217276
0,20.638800000000003,5.9437500000000005,-0.03283056740830138
0,20.638800000000003,5.946875,-0.032707522647639334
0,20.638800000000003,5.95,-0.03258531537352378
0,20.638800000000003,5.953125,-0.03246393669292579
0,20.638800000000003,5.956250000000001,-0.03234337784303654
0,20.638800000000003,5.9593750000000005,-0.03222363018886355
0,20.638800000000003,5.9625,-0.03210468522087917
0,20.638800000000003,5.965625,-0.031986534552721
0,20.638800000000003,5.96875,-0.03186916991894228
0,20.638800000000003,5.971875000000001,-0.03175258317281116
0,20.638800000000003,5.9750000000000005,-0.031636766284157826
0,20.638800000000003,5.978125,-0.0315217113372679
0,20.638800000000003,5.98125,-0.03140741052882137
0,20.638800000000003,5.984375,-0.03129385616587578
0,20.638800000000003,5.987500000000001,-0.031181040663892354
0,20.638800000000003,5.9906250000000005,-0.031068956544804568
0,20.638800000000003,5.99375,-0.030957596435127313
0,20.638800000000003,5.996875,-0.03084695306410652
0,20.638800000000003,6.0,-0.03073701926190763
