"Current","Field","Frequency","Spectra"
0,32.9881,1.0,-0.034916899260943365
0,32.9881,1.003125,-0.03503709505840515
0,32.9881,1.00625,-0.03515799580603303
0,32.9881,1.009375,-0.03527960776226418
0,32.9881,1.0125,-0.035401937262270755
0,32.9881,1.015625,-0.03552499071916334
0,32.9881,1.01875,-0.035648774625217206
0,32.9881,1.021875,-0.035773295553121906
0,32.9881,1.025,-0.03589856015725468
0,32.9881,1.028125,-0.036024575174978105
0,32.9881,1.03125,-0.036151347427962804
0,32.9881,1.034375,-0.036278883823535384
0,32.9881,1.0375,-0.03640719135605255
0,32.9881,1.040625,-0.0365362771083017
0,32.9881,1.04375,-0.03666614825292878
0,32.9881,1.046875,-0.03679681205389383
0,32.9881,1.05,-0.036928275867955024
0,32.9881,1.053125,-0.03706054714618178
0,32.9881,1.05625,-0.03719363343549755
0,32.9881,1.059375,-0.03732754238025304
0,32.9881,1.0625,-0.0374622817238305
0,32.9881,1.065625,-0.03759785931027983
0,32.9881,1.06875,-0.0377342830859872
0,32.9881,1.071875,-0.037871561101377064
0,32.9881,1.075,-0.03800970151264805
0,32.9881,1.078125,-0.038148712583543826
0,32.9881,1.08125,-0.038288602687159536
0,32.9881,1.084375,-0.0384293803077848
0,32.9881,1.0875,-0.038571054042783964
0,32.9881,1.090625,-0.03871363260451466
0,32.9881,1.09375,-0.03885712482228534
0,32.9881,1.096875,-0.03900153964435291
0,32.9881,1.1,-0.03914688613996136
0,32.9881,1.103125,-0.03929317350142234
0,32.9881,1.10625,-0.03944041104623859
0,32.9881,1.109375,-0.03958860821927144
0,32.9881,1.1125,-0.03973777459495325
0,32.9881,1.115625,-0.03988791987954599
0,32.9881,1.11875,-0.040039053913447045
0,32.9881,1.121875,-0.04019118667354331
0,32.9881,1.125,-0.040344328275614794
0,32.9881,1.128125,-0.04049848897678901
0,32.9881,1.13125,-0.04065367917804722
0,32.9881,1.134375,-0.04080990942678402
0,32.9881,1.1375,-0.04096719041942133
0,32.9881,1.140625,-0.04112553300407827
0,32.9881,1.14375,-0.041284948183298295
0,32.9881,1.146875,-0.04144544711683497
0,32.9881,1.15,-0.041607041124497854
0,32.9881,1.153125,-0.041769741689059975
0,32.9881,1.15625,-0.0419335604592284
0,32.9881,1.159375,-0.042098509252679536
0,32.9881,1.1625,-0.04226460005916076
0,32.9881,1.165625,-0.0424318450436601
0,32.9881,1.16875,-0.042600256549645506
0,32.9881,1.171875,-0.042769847102375726
0,32.9881,1.175,-0.04294062941228435
0,32.9881,1.178125,-0.04311261637843908
0,32.9881,1.18125,-0.04328582109207812
0,32.9881,1.184375,-0.043460256840225496
0,32.9881,1.1875,-0.04363593710938753
0,32.9881,1.190625,-0.043812875589332445
0,32.9881,1.19375,-0.04399108617695524
0,32.9881,1.196875,-0.04417058298023025
0,32.9881,1.2,-0.04435138032225334
0,32.9881,1.203125,-0.04453349274537624
0,32.9881,1.20625,-0.044716935015435534
0,32.9881,1.209375,-0.044901722126078604
0,32.9881,1.2125,-0.04508786930318916
0,32.9881,1.215625,-0.04527539200941503
0,32.9881,1.21875,-0.04546430594880077
0,32.9881,1.221875,-0.04565462707152804
0,32.9881,1.225,-0.0458463715787665
0,32.9881,1.228125,-0.04603955592763832
0,32.9881,1.23125,-0.04623419683629919
0,32.9881,1.234375,-0.0464303112891389
0,32.9881,1.2375,-0.0466279165421051
0,32.9881,1.240625,-0.0468270301281531
0,32.9881,1.24375,-0.04702766986282536
0,32.9881,1.246875,-0.04722985384996436
0,32.9881,1.25,-0.047433600487561976
0,32.9881,1.253125,-0.04763892847374973
0,32.9881,1.25625,-0.04784585681293334
0,32.9881,1.259375,-0.04805440482207565
0,32.9881,1.2625,-0.04826459213713223
0,32.9881,1.265625,-0.04847643871964345
0,32.9881,1.26875,-0.04868996486348793
0,32.9881,1.271875,-0.04890519120180138
0,32.9881,1.275,-0.049122138714065774
0,32.9881,1.278125,-0.04934082873337343
0,32.9881,1.28125,-0.04956128295387103
0,32.9881,1.284375,-0.0497835234383887
0,32.9881,1.2875,-0.05000757262625915
0,32.9881,1.290625,-0.05023345334133265
0,32.9881,1.29375,-0.05046118880019312
0,32.9881,1.296875,-0.05069080262058105
0,32.9881,1.3,-0.050922318830029525
0,32.9881,1.303125,-0.05115576187471907
0,32.9881,1.30625,-0.05139115662855788
0,32.9881,1.309375,-0.05162852840249396
0,32.9881,1.3125,-0.051867902954065646
0,32.9881,1.315625,-0.05210930649719776
0,32.9881,1.31875,-0.05235276571225038
0,32.9881,1.321875,-0.052598307756327664
0,32.9881,1.325,-0.05284596027385448
0,32.9881,1.328125,-0.05309575140742842
0,32.9881,1.33125,-0.05334770980895566
0,32.9881,1.334375,-0.05360186465107904
0,32.9881,1.3375,-0.053858245638906684
0,32.9881,1.340625,-0.05411688302205085
0,32.9881,1.34375,-0.05437780760698529
0,32.9881,1.346875,-0.054641050769731636
0,32.9881,1.35,-0.05490664446888417
0,32.9881,1.353125,-0.05517462125898325
0,32.9881,1.35625,-0.05544501430424813
0,32.9881,1.359375,-0.055717857392679815
0,32.9881,1.3625,-0.055993184950545435
0,32.9881,1.365625,-0.056271032057255865
0,32.9881,1.36875,-0.056551434460648156
0,32.9881,1.371875,-0.05683442859268592
0,32.9881,1.375,-0.05712005158558987
0,32.9881,1.378125,-0.05740834128841228
0,32.9881,1.38125,-0.05769933628406883
0,32.9881,1.384375,-0.05799307590684231
0,32.9881,1.3875,-0.05828960026037273
0,32.9881,1.390625,-0.058588950236148844
0,32.9881,1.39375,-0.05889116753251736
0,32.9881,1.396875,-0.05919629467422552
0,32.9881,1.4,-0.05950437503251427
0,32.9881,1.403125,-0.05981545284577931
0,32.9881,1.40625,-0.060129573240817843
0,32.9881,1.409375,-0.06044678225467995
0,32.9881,1.4125,-0.06076712685714375
0,32.9881,1.415625,-0.061090654973834216
0,32.9881,1.41875,-0.0614174155100064
0,32.9881,1.421875,-0.06174745837501428
0,32.9881,1.425,-0.06208083450748755
0,32.9881,1.428125,-0.06241759590123905
0,32.9881,1.43125,-0.06275779563192656
0,32.9881,1.434375,-0.06310148788449368
0,32.9881,1.4375,-0.06344872798141468
0,32.9881,1.440625,-0.0637995724117702
0,32.9881,1.44375,-0.06415407886118057
0,32.9881,1.446875,-0.06451230624262508
0,32.9881,1.45,-0.06487431472817638
0,32.9881,1.453125,-0.06524016578168008
0,32.9881,1.45625,-0.06560992219241105
0,32.9881,1.459375,-0.06598364810973842
0,32.9881,1.4625,-0.06636140907883332
0,32.9881,1.465625,-0.0667432720774537
0,32.9881,1.46875,-0.0671293055538422
0,32.9881,1.471875,-0.06751957946577465
0,32.9881,1.475,-0.06791416532079743
0,32.9881,1.478125,-0.06831313621769386
0,32.9881,1.48125,-0.06871656688922106
0,32.9881,1.484375,-0.06912453374615976
0,32.9881,1.4875,-0.06953711492272205
0,32.9881,1.490625,-0.06995439032336273
0,32.9881,1.49375,-0.07037644167104186
0,32.9881,1.496875,-0.0708033525569882
0,32.9881,1.5,-0.07123520849201422
0,32.9881,1.503125,-0.07167209695943605
0,32.9881,1.50625,-0.07211410746965308
0,32.9881,1.509375,-0.07256133161644379
0,32.9881,1.5125000000000002,-0.07301386313503738
0,32.9881,1.515625,-0.07347179796202086
0,32.9881,1.51875,-0.0739352342971465
0,32.9881,1.521875,-0.07440427266710334
0,32.9881,1.525,-0.07487901599132137
0,32.9881,1.5281250000000002,-0.07535956964987865
0,32.9881,1.53125,-0.07584604155358288
0,32.9881,1.534375,-0.07633854221630423
0,32.9881,1.5375,-0.07683718482963559
0,32.9881,1.540625,-0.07734208533996169
0,32.9881,1.5437500000000002,-0.07785336252802076
0,32.9881,1.546875,-0.0783711380910436
0,32.9881,1.55,-0.0788955367275612
0,32.9881,1.553125,-0.07942668622497151
0,32.9881,1.55625,-0.07996471754996218
0,32.9881,1.5593750000000002,-0.08050976494188745
0,32.9881,1.5625,-0.0810619660092011
0,32.9881,1.565625,-0.08162146182905214
0,32.9881,1.56875,-0.0821883970501509
0,32.9881,1.571875,-0.08276291999901951
0,32.9881,1.5750000000000002,-0.08334518278974297
0,32.9881,1.578125,-0.08393534143734017
0,32.9881,1.58125,-0.08453355597488113
0,32.9881,1.584375,-0.085139990574476
0,32.9881,1.5875,-0.08575481367227011
0,32.9881,1.5906250000000002,-0.08637819809758075
0,32.9881,1.59375,-0.08701032120631522
0,32.9881,1.596875,-0.08765136501881673
0,32.9881,1.6,-0.08830151636228536
0,32.9881,1.603125,-0.08896096701792836
0,32.9881,1.6062500000000002,-0.08962991387299768
0,32.9881,1.609375,-0.0903085590778754
0,32.9881,1.6125,-0.09099711020837571
0,32.9881,1.615625,-0.09169578043343152
0,32.9881,1.61875,-0.09240478868834287
0,32.9881,1.6218750000000002,-0.09312435985376544
0,32.9881,1.625,-0.09385472494062194
0,32.9881,1.628125,-0.09459612128112568
0,32.9881,1.63125,-0.09534879272610505
0,32.9881,1.634375,-0.09611298984882607
0,32.9881,1.6375000000000002,-0.09688897015551015
0,32.9881,1.640625,-0.09767699830274854
0,32.9881,1.64375,-0.0984773463220189
0,32.9881,1.646875,-0.09929029385150936
0,32.9881,1.65,-0.10011612837545977
0,32.9881,1.6531250000000002,-0.10095514547123058
0,32.9881,1.65625,-0.10180764906430864
0,32.9881,1.659375,-0.10267395169146418
0,32.9881,1.6625,-0.10355437477226592
0,32.9881,1.665625,-0.10444924888916604
0,32.9881,1.6687500000000002,-0.10535891407635993
0,32.9881,1.671875,-0.10628372011762266
0,32.9881,1.675,-0.10722402685332154
0,32.9881,1.678125,-0.10818020449679247
0,32.9881,1.68125,-0.10915263396026473
0,32.9881,1.6843750000000002,-0.11014170719050526
0,32.9881,1.6875,-0.11114782751434092
0,32.9881,1.690625,-0.11217140999420629
0,32.9881,1.69375,-0.1132128817938407
0,32.9881,1.696875,-0.11427268255424439
0,32.9881,1.7000000000000002,-0.11535126477997551
0,32.9881,1.703125,-0.11644909423584265
0,32.9881,1.70625,-0.11756665035401997
0,32.9881,1.709375,-0.11870442665156869
0,32.9881,1.7125,-0.11986293115831496
0,32.9881,1.7156250000000002,-0.12104268685498268
0,32.9881,1.71875,-0.12224423212142643
0,32.9881,1.721875,-0.12346812119475485
0,32.9881,1.725,-0.12471492463705919
0,32.9881,1.728125,-0.12598522981239313
0,32.9881,1.7312500000000002,-0.12727964137256098
0,32.9881,1.734375,-0.1285987817511739
0,32.9881,1.7375,-0.1299432916653334
0,32.9881,1.740625,-0.13131383062417307
0,32.9881,1.74375,-0.13271107744336455
0,32.9881,1.7468750000000002,-0.1341357307645402
0,32.9881,1.75,-0.13558850957842072
0,32.9881,1.753125,-0.1370701537502576
0,32.9881,1.75625,-0.13858142454598898
0,32.9881,1.759375,-0.1401231051572903
0,32.9881,1.7625000000000002,-0.14169600122344878
0,32.9881,1.765625,-0.14330094134771323
0,32.9881,1.76875,-0.14493877760547502
0,32.9881,1.771875,-0.14661038604128895
0,32.9881,1.775,-0.14831666715138603
0,32.9881,1.7781250000000002,-0.15005854634791535
0,32.9881,1.78125,-0.1518369744007077
0,32.9881,1.784375,-0.1536529278518678
0,32.9881,1.7875,-0.1555074093979542
0,32.9881,1.790625,-0.15740144823392754
0,32.9881,1.7937500000000002,-0.1593361003523948
0,32.9881,1.796875,-0.16131244879097253
0,32.9881,1.8,-0.163331603819831
0,32.9881,1.803125,-0.16539470306062598
0,32.9881,1.80625,-0.16750291152712873
0,32.9881,1.8093750000000002,-0.16965742157686023
0,32.9881,1.8125,-0.17185945276195985
0,32.9881,1.815625,-0.17411025156636017
0,32.9881,1.81875,-0.17641109101506214
0,32.9881,1.821875,-0.17876327013995913
0,32.9881,1.8250000000000002,-0.18116811328518173
0,32.9881,1.828125,-0.1836269692333603
0,32.9881,1.83125,-0.18614121013252571
0,32.9881,1.834375,-0.18871223020154718
0,32.9881,1.8375,-0.19134144419010626
0,32.9881,1.8406250000000002,-0.19403028556715562
0,32.9881,1.84375,-0.19678020440965976
0,32.9881,1.846875,-0.19959266496115913
0,32.9881,1.85,-0.20246914282730966
0,32.9881,1.853125,-0.2054111217730978
0,32.9881,1.8562500000000002,-0.20842009008386786
0,32.9881,1.859375,-0.2114975364496779
0,32.9881,1.8625,-0.214644945329853
0,32.9881,1.865625,-0.21786379175190718
0,32.9881,1.86875,-0.22115553549637534
0,32.9881,1.8718750000000002,-0.22452161461650444
0,32.9881,1.875,-0.22796343823929371
0,32.9881,1.878125,-0.23148237859212414
0,32.9881,1.88125,-0.2350797621972031
0,32.9881,1.884375,-0.23875686017444292
0,32.9881,1.8875000000000002,-0.24251487759222617
0,32.9881,1.890625,-0.24635494180496179
0,32.9881,1.89375,-0.25027808971654464
0,32.9881,1.896875,-0.2542852539099249
0,32.9881,1.9,-0.25837724758523173
0,32.9881,1.9031250000000002,-0.26255474825241565
0,32.9881,1.90625,-0.266818280129454
0,32.9881,1.909375,-0.27116819520407
0,32.9881,1.9125,-0.27560465292586345
0,32.9881,1.915625,-0.2801275985071373
0,32.9881,1.9187500000000002,-0.28473673982474657
0,32.9881,1.921875,-0.28943152293237817
0,32.9881,1.925,-0.29421110621312785
0,32.9881,1.928125,-0.2990743332263256
0,32.9881,1.93125,-0.3040197043306867
0,32.9881,1.9343750000000002,-0.3090453471982018
0,32.9881,1.9375,-0.31414898636999683
0,32.9881,1.940625,-0.3193279120468492
0,32.9881,1.94375,-0.32457894835310475
0,32.9881,1.946875,-0.3298984213634194
0,32.9881,1.9500000000000002,-0.3352821272366867
0,32.9881,1.953125,-0.3407253008603179
0,32.9881,1.95625,-0.3462225854700115
0,32.9881,1.959375,-0.351768003774252
0,32.9881,1.9625,-0.35735493117782846
0,32.9881,1.9656250000000002,-0.3629760717629261
0,32.9881,1.96875,-0.3686234377478862
0,32.9881,1.971875,-0.37428833320017457
0,32.9881,1.975,-0.3799613428286174
0,32.9881,1.978125,-0.38563232671757697
0,32.9881,1.9812500000000002,-0.3912904218889188
0,32.9881,1.984375,-0.3969240515828205
0,32.9881,1.9875,-0.4025209431319693
0,32.9881,1.990625,-0.4080681552617342
0,32.9881,1.99375,-0.41355211557816085
0,32.9881,1.9968750000000002,-0.418958668903019
0,32.9881,2.0,-0.42427313697843827
0,32.9881,2.003125,-0.4294803898915961
0,32.9881,2.00625,-0.43456492936236935
0,32.9881,2.0093750000000004,-0.43951098379540043
0,32.9881,2.0125,-0.44430261472579435
0,32.9881,2.015625,-0.4489238339898018
0,32.9881,2.01875,-0.4533587306354574
0,32.9881,2.021875,-0.45759160626229944
0,32.9881,2.0250000000000004,-0.4616071171547861
0,32.9881,2.028125,-0.4653904212632275
0,32.9881,2.03125,-0.4689273278022444
0,32.9881,2.034375,-0.47220444699373965
0,32.9881,2.0375,-0.47520933729258985
0,32.9881,2.0406250000000004,-0.47793064731106477
0,32.9881,2.04375,-0.480358249612874
0,32.9881,2.046875,-0.48248336358741806
0,32.9881,2.05,-0.4842986647436649
0,32.9881,2.053125,-0.4857983779814793
0,32.9881,2.0562500000000004,-0.4869783527023416
0,32.9881,2.059375,-0.48783611800309534
0,32.9881,2.0625,-0.4883709166434445
0,32.9881,2.065625,-0.4885837169746697
0,32.9881,2.06875,-0.4884772025450038
0,32.9881,2.0718750000000004,-0.48805573963606547
0,32.9881,2.075,-0.48732532351389557
0,32.9881,2.078125,-0.4862935046771889
0,32.9881,2.08125,-0.48496929683567813
0,32.9881,2.084375,-0.48336306873741264
0,32.9881,2.0875000000000004,-0.48148642227247035
0,32.9881,2.090625,-0.47935205950406995
0,32.9881,2.09375,-0.476973641412022
0,32.9881,2.096875,-0.4743656411781506
0,32.9881,2.1,-0.4715431948028463
0,32.9881,2.1031250000000004,-0.4685219517238637
0,32.9881,2.10625,-0.465317927923172
0,32.9881,2.109375,-0.46194736376737944
0,32.9881,2.1125,-0.458426588545426
0,32.9881,2.115625,-0.4547718933575999
0,32.9881,2.1187500000000004,-0.4509994136858996
0,32.9881,2.121875,-0.44712502264967957
0,32.9881,2.125,-0.4431642356333577
0,32.9881,2.128125,-0.4391321266738558
0,32.9881,2.13125,-0.43504325672160904
0,32.9881,2.1343750000000004,-0.4309116136456711
0,32.9881,2.1375,-0.4267505636439352
0,32.9881,2.140625,-0.4225728135454022
0,32.9881,2.14375,-0.41839038335275514
0,32.9881,2.146875,-0.41421458826903124
0,32.9881,2.1500000000000004,-0.41005602937970215
0,32.9881,2.153125,-0.4059245921180053
0,32.9881,2.15625,-0.40182945162352657
0,32.9881,2.159375,-0.3977790841081178
0,32.9881,2.1625,-0.39378128336552526
0,32.9881,2.1656250000000004,-0.3898431815979899
0,32.9881,2.16875,-0.38597127378111007
0,32.9881,2.171875,-0.38217144484434223
0,32.9881,2.175,-0.37844899900585627
0,32.9881,2.178125,-0.3748086906646617
0,32.9881,2.1812500000000004,-0.37125475631797666
0,32.9881,2.184375,-0.36779094703604653
0,32.9881,2.1875,-0.3644205610887534
0,32.9881,2.190625,-0.3611464763773782
0,32.9881,2.19375,-0.3579711823800787
0,32.9881,2.1968750000000004,-0.3548968113705748
0,32.9881,2.2,-0.351925168715885
0,32.9881,2.203125,-0.3490577621006726
0,32.9881,2.20625,-0.3462958295628473
0,32.9881,2.209375,-0.34364036625765604
0,32.9881,2.2125000000000004,-0.34109214989583075
0,32.9881,2.215625,-0.3386517648256754
0,32.9881,2.21875,-0.33631962474958976
0,32.9881,2.221875,-0.3340959940827628
0,32.9881,2.225,-0.33198100797593766
0,32.9881,2.2281250000000004,-0.3299746910356026
0,32.9881,2.23125,-0.3280769747839843
0,32.9881,2.234375,-0.3262877139081294
0,32.9881,2.2375,-0.3246067013524271
0,32.9881,2.240625,-0.32303368231239676
0,32.9881,2.2437500000000004,-0.32156836718969267
0,32.9881,2.246875,-0.3202104435692499
0,32.9881,2.25,-0.3189595872795119
0,32.9881,2.253125,-0.3178154725959012
0,32.9881,2.25625,-0.31677778164624926
0,32.9881,2.2593750000000004,-0.31584621307493743
0,32.9881,2.2625,-0.31502049002009425
0,32.9881,2.265625,-0.31430036745545153
0,32.9881,2.26875,-0.31368563894544876
0,32.9881,2.271875,-0.3131761428589386
0,32.9881,2.2750000000000004,-0.3127717680834572
0,32.9881,2.278125,-0.3124724592784828
0,32.9881,2.28125,-0.3122782217024691
0,32.9881,2.284375,-0.31218912564469903
0,32.9881,2.2875,-0.31220531048917766
0,32.9881,2.2906250000000004,-0.31232698843386864
0,32.9881,2.29375,-0.31255444788456527
0,32.9881,2.296875,-0.31288805653856777
0,32.9881,2.3,-0.313328264169089
0,32.9881,2.303125,-0.3138756051169127
0,32.9881,2.3062500000000004,-0.31453070049124804
0,32.9881,2.309375,-0.31529426007693684
0,32.9881,2.3125,-0.3161670839401285
0,32.9881,2.315625,-0.31715006371921173
0,32.9881,2.31875,-0.3182441835821337
0,32.9881,2.3218750000000004,-0.3194505208251964
0,32.9881,2.325,-0.3207702460819551
0,32.9881,2.328125,-0.32220462310389464
0,32.9881,2.33125,-0.32375500806708035
0,32.9881,2.334375,-0.32542284835091345
0,32.9881,2.3375000000000004,-0.3272096807264161
0,32.9881,2.340625,-0.3291171288820799
0,32.9881,2.34375,-0.3311469002051827
0,32.9881,2.346875,-0.3333007817255761
0,32.9881,2.35,-0.33558063511724995
0,32.9881,2.3531250000000004,-0.337988390640456
0,32.9881,2.35625,-0.3405260398938441
0,32.9881,2.359375,-0.3431956272319497
0,32.9881,2.3625,-0.34599923968852464
0,32.9881,2.365625,-0.34893899523074834
0,32.9881,2.3687500000000004,-0.3520170291534084
0,32.9881,2.371875,-0.3552354784059461
0,32.9881,2.375,-0.3585964636290847
0,32.9881,2.378125,-0.36210206866198286
0,32.9881,2.38125,-0.3657543172659885
0,32.9881,2.3843750000000004,-0.36955514679768564
0,32.9881,2.3875,-0.37350637855284474
0,32.9881,2.390625,-0.3776096844949939
0,32.9881,2.39375,-0.3818665500787928
0,32.9881,2.396875,-0.3862782328805656
0,32.9881,2.4000000000000004,-0.39084571675778923
0,32.9881,2.403125,-0.39556966127794413
0,32.9881,2.40625,-0.4004503461869746
0,32.9881,2.409375,-0.4054876107310855
0,32.9881,2.4125,-0.4106807877053603
0,32.9881,2.4156250000000004,-0.41602863218152036
0,32.9881,2.41875,-0.4215292449681054
0,32.9881,2.421875,-0.42717999098243487
0,32.9881,2.425,-0.43297741286789954
0,32.9881,2.428125,-0.4389171403751159
0,32.9881,2.4312500000000004,-0.44499379624337215
0,32.9881,2.434375,-0.45120089957097415
0,32.9881,2.4375,-0.4575307679496142
0,32.9881,2.440625,-0.4639744199571974
0,32.9881,2.44375,-0.4705214799519632
0,32.9881,2.4468750000000004,-0.4771600874817538
0,32.9881,2.45,-0.48387681400630517
0,32.9881,2.453125,-0.490656590013987
0,32.9881,2.45625,-0.4974826459799809
0,32.9881,2.459375,-0.5043364709385274
0,32.9881,2.4625000000000004,-0.5111977927013417
0,32.9881,2.465625,-0.5180445839175857
0,32.9881,2.46875,-0.5248530982048627
0,32.9881,2.471875,-0.5315979404512664
0,32.9881,2.475,-0.5382521750620194
0,32.9881,2.4781250000000004,-0.544787475370694
0,32.9881,2.48125,-0.5511743166315768
0,32.9881,2.484375,-0.5573822139442469
0,32.9881,2.4875,-0.5633800051366045
0,32.9881,2.490625,-0.5691361770694308
0,32.9881,2.4937500000000004,-0.5746192320662988
0,32.9881,2.496875,-0.5797980892822892
0,32.9881,2.5,-0.5846425138905929
0,32.9881,2.503125,-0.5891235650943623
0,32.9881,2.50625,-0.5932140522826195
0,32.9881,2.5093750000000004,-0.5968889872701694
0,32.9881,2.5125,-0.6001260196145957
0,32.9881,2.515625,-0.6029058415950767
0,32.9881,2.51875,-0.6052125496471394
0,32.9881,2.521875,-0.6070339499159709
0,32.9881,2.5250000000000004,-0.6083617971143958
0,32.9881,2.528125,-0.609191957996918
0,32.9881,2.53125,-0.6095244933870572
0,32.9881,2.534375,-0.6093636556787299
0,32.9881,2.5375,-0.6087178019001744
0,32.9881,2.5406250000000004,-0.6075992255912976
0,32.9881,2.54375,-0.6060239137133496
0,32.9881,2.546875,-0.6040112374112964
0,32.9881,2.55,-0.6015835875433965
0,32.9881,2.553125,-0.598765967380599
0,32.9881,2.5562500000000004,-0.5955855557099718
0,32.9881,2.559375,-0.5920712537500288
0,32.9881,2.5625,-0.5882532288452309
0,32.9881,2.565625,-0.5841624669331269
0,32.9881,2.56875,-0.5798303443782599
0,32.9881,2.5718750000000004,-0.5752882280649626
0,32.9881,2.575,-0.5705671107628919
0,32.9881,2.578125,-0.5656972868446115
0,32.9881,2.58125,-0.5607080715493356
0,32.9881,2.584375,-0.5556275652370763
0,32.9881,2.5875000000000004,-0.5504824625266099
0,32.9881,2.590625,-0.5452979048998309
0,32.9881,2.59375,-0.540097374304232
0,32.9881,2.596875,-0.5349026244960854
0,32.9881,2.6,-0.5297336463266474
0,32.9881,2.6031250000000004,-0.5246086628589762
0,32.9881,2.60625,-0.5195441500834757
0,32.9881,2.609375,-0.514554879042452
0,32.9881,2.6125,-0.5096539753434245
0,32.9881,2.615625,-0.5048529923048373
0,32.9881,2.6187500000000004,-0.5001619943063447
0,32.9881,2.621875,-0.49558964728292987
0,32.9881,2.625,-0.49114331368615655
0,32.9881,2.628125,-0.4868291496194699
0,32.9881,2.63125,-0.48265220222447525
0,32.9881,2.6343750000000004,-0.47861650574207415
0,32.9881,2.6375,-0.4747251749899276
0,32.9881,2.640625,-0.47098049528239705
0,32.9881,2.64375,-0.4673840080694026
0,32.9881,2.646875,-0.46393659178671076
0,32.9881,2.6500000000000004,-0.4606385375934234
0,32.9881,2.653125,-0.4574896198250436
0,32.9881,2.65625,-0.4544891611151769
0,32.9881,2.659375,-0.4516360922386355
0,32.9881,2.6625,-0.4489290068064966
0,32.9881,2.6656250000000004,-0.44636621100253154
0,32.9881,2.66875,-0.44394576859316837
0,32.9881,2.671875,-0.4416655414724336
0,32.9881,2.675,-0.43952322602147154
0,32.9881,2.678125,-0.4375163855713743
0,32.9881,2.6812500000000004,-0.4356424792600206
0,32.9881,2.684375,-0.4338988875699725
0,32.9881,2.6875,-0.43228293482657604
0,32.9881,2.690625,-0.4307919089243753
0,32.9881,2.69375,-0.4294230785366989
0,32.9881,2.6968750000000004,-0.4281737080485913
0,32.9881,2.7,-0.4270410704377293
0,32.9881,2.703125,-0.4260224583120897
0,32.9881,2.70625,-0.4251151932972778
0,32.9881,2.709375,-0.4243166339508811
0,32.9881,2.7125000000000004,-0.4236241823661865
0,32.9881,2.715625,-0.42303528961325404
0,32.9881,2.71875,-0.422547460151756
0,32.9881,2.721875,-0.42215825533724916
0,32.9881,2.725,-0.4218652961306693
0,32.9881,2.7281250000000004,-0.4216662651098316
0,32.9881,2.73125,-0.42155890787157496
0,32.9881,2.734375,-0.42154103390388414
0,32.9881,2.7375,-0.4216105169988095
0,32.9881,2.740625,-0.42176529526926815
0,32.9881,2.7437500000000004,-0.42200337082577194
0,32.9881,2.746875,-0.42232280916277215
0,32.9881,2.75,-0.4227217382985672
0,32.9881,2.753125,-0.4231983477075506
0,32.9881,2.75625,-0.4237508870789387
0,32.9881,2.7593750000000004,-0.4243776649319516
0,32.9881,2.7625,-0.4250770471137054
0,32.9881,2.765625,-0.42584745520274875
0,32.9881,2.76875,-0.42668736483821956
0,32.9881,2.771875,-0.4275953039919635
0,32.9881,2.7750000000000004,-0.4285698511986201
0,32.9881,2.778125,-0.42960963375661243
0,32.9881,2.78125,-0.43071332591114014
0,32.9881,2.784375,-0.43187964702866066
0,32.9881,2.7875,-0.43310735977091536
0,32.9881,2.7906250000000004,-0.4343952682753013
0,32.9881,2.79375,-0.43574221634728905
0,32.9881,2.796875,-0.43714708566961963
0,32.9881,2.8,-0.43860879403216696
0,32.9881,2.803125,-0.4401262935856212
0,32.9881,2.8062500000000004,-0.44169856912150274
0,32.9881,2.809375,-0.4433246363804633
0,32.9881,2.8125,-0.4450035403903515
0,32.9881,2.815625,-0.44673435383510535
0,32.9881,2.81875,-0.44851617545518063
0,32.9881,2.8218750000000004,-0.45034812847992506
0,32.9881,2.825,-0.4522293590920493
0,32.9881,2.828125,-0.45415903492413495
0,32.9881,2.83125,-0.45613634358693483
0,32.9881,2.834375,-0.45816049122908403
0,32.9881,2.8375000000000004,-0.4602307011277084
0,32.9881,2.840625,-0.4623462123093359
0,32.9881,2.84375,-0.4645062782004323
0,32.9881,2.846875,-0.46671016530683346
0,32.9881,2.85,-0.4689571519213104
0,32.9881,2.8531250000000004,-0.47124652685847457
0,32.9881,2.85625,-0.47357758821622997
0,32.9881,2.859375,-0.47594964216296987
0,32.9881,2.8625,-0.47836200174973137
0,32.9881,2.865625,-0.4808139857465434
0,32.9881,2.8687500000000004,-0.4833049175022216
0,32.9881,2.871875,-0.4858341238269108
0,32.9881,2.875,-0.48840093389670125
0,32.9881,2.878125,-0.491004678179694
0,32.9881,2.88125,-0.4936446873829461
0,32.9881,2.8843750000000004,-0.4963202914197655
0,32.9881,2.8875,-0.49903081839689434
0,32.9881,2.890625,-0.5017755936211717
0,32.9881,2.89375,-0.504553938625322
0,32.9881,2.896875,-0.5073651702125941
0,32.9881,2.9000000000000004,-0.5102085995200244
0,32.9881,2.903125,-0.5130835311001783
0,32.9881,2.90625,-0.5159892620212831
0,32.9881,2.909375,-0.5189250809857353
0,32.9881,2.9125,-0.5218902674670431
0,32.9881,2.9156250000000004,-0.5248840908653264
0,32.9881,2.91875,-0.5279058096815752
0,32.9881,2.921875,-0.5309546707109369
0,32.9881,2.925,-0.5340299082553701
0,32.9881,2.928125,-0.5371307433560845
0,32.9881,2.9312500000000004,-0.5402563830462491
0,32.9881,2.934375,-0.54340601962453
0,32.9881,2.9375,-0.5465788299500857
0,32.9881,2.940625,-0.5497739747597159
0,32.9881,2.94375,-0.552990598007939
0,32.9881,2.9468750000000004,-0.5562278262308283
0,32.9881,2.95,-0.5594847679345194
0,32.9881,2.953125,-0.5627605130093533
0,32.9881,2.95625,-0.5660541321706886
0,32.9881,2.959375,-0.5693646764274829
0,32.9881,2.9625000000000004,-0.5726911765797914
0,32.9881,2.965625,-0.5760326427464002
0,32.9881,2.96875,-0.5793880639238586
0,32.9881,2.971875,-0.58275640757822
0,32.9881,2.975,-0.5861366192708646
0,32.9881,2.9781250000000004,-0.5895276223197992
0,32.9881,2.98125,-0.5929283174978881
0,32.9881,2.984375,-0.5963375827694932
0,32.9881,2.9875,-0.5997542730670261
0,32.9881,2.990625,-0.6031772201089529
0,32.9881,2.9937500000000004,-0.6066052322608011
0,32.9881,2.996875,-0.6100370944407335
0,32.9881,3.0,-0.6134715680712608
0,32.9881,3.0031250000000003,-0.6169073910786603
0,32.9881,3.00625,-0.620343277941665
0,32.9881,3.009375,-0.623777919790972
0,32.9881,3.0125,-0.627209984561089
0,32.9881,3.015625,-0.6306381171960129
0,32.9881,3.0187500000000003,-0.6340609399101957
0,32.9881,3.021875,-0.6374770525061915
0,32.9881,3.025,-0.6408850327503379
0,32.9881,3.028125,-0.6442834368077429
0,32.9881,3.03125,-0.647670799737771
0,32.9881,3.0343750000000003,-0.6510456360511528
0,32.9881,3.0375,-0.6544064403297124
0,32.9881,3.040625,-0.6577516879096339
0,32.9881,3.04375,-0.6610798356290419
0,32.9881,3.046875,-0.6643893226405545
0,32.9881,3.0500000000000003,-0.6676785712893366
0,32.9881,3.053125,-0.6709459880570041
0,32.9881,3.05625,-0.6741899645716056
0,32.9881,3.059375,-0.6774088786837088
0,32.9881,3.0625,-0.6806010956084529
0,32.9881,3.0656250000000003,-0.683764969133248
0,32.9881,3.06875,-0.6868988428905767
0,32.9881,3.071875,-0.6900010516951876
0,32.9881,3.075,-0.6930699229447154
0,32.9881,3.078125,-0.6961037780825737
0,32.9881,3.0812500000000003,-0.6991009341217239
0,32.9881,3.084375,-0.7020597052276877
0,32.9881,3.0875,-0.7049784043589522
0,32.9881,3.090625,-0.7078553449626489
0,32.9881,3.09375,-0.7106888427231667
0,32.9881,3.0968750000000003,-0.7134772173611055
0,32.9881,3.1,-0.7162187944797253
0,32.9881,3.103125,-0.7189119074558132
0,32.9881,3.10625,-0.7215548993716409
0,32.9881,3.109375,-0.7241461249844416
0,32.9881,3.1125000000000003,-0.7266839527296213
0,32.9881,3.115625,-0.7291667667536632
0,32.9881,3.11875,-0.7315929689724938
0,32.9881,3.121875,-0.733960981150848
0,32.9881,3.125,-0.7362692469979782
0,32.9881,3.1281250000000003,-0.7385162342748783
0,32.9881,3.13125,-0.7407004369079927
0,32.9881,3.134375,-0.7428203771042559
0,32.9881,3.1375,-0.7448746074621383
0,32.9881,3.140625,-0.7468617130732728
0,32.9881,3.1437500000000003,-0.7487803136091202
0,32.9881,3.146875,-0.7506290653870491
0,32.9881,3.15,-0.7524066634101579
0,32.9881,3.153125,-0.7541118433751041
0,32.9881,3.15625,-0.755743383642211
0,32.9881,3.1593750000000003,-0.7573001071621245
0,32.9881,3.1625,-0.7587808833533134
0,32.9881,3.165625,-0.7601846299247902
0,32.9881,3.16875,-0.7615103146384854
0,32.9881,3.171875,-0.762756957005839
0,32.9881,3.1750000000000003,-0.7639236299132983
0,32.9881,3.178125,-0.765009461171572
0,32.9881,3.18125,-0.7660136349836806
0,32.9881,3.184375,-0.7669353933270495
0,32.9881,3.1875,-0.7677740372451258
0,32.9881,3.1906250000000003,-0.768528928044262
0,32.9881,3.19375,-0.769199488391876
0,32.9881,3.196875,-0.7697852033122159
0,32.9881,3.2,-0.7702856210763562
0,32.9881,3.203125,-0.7707003539834044
0,32.9881,3.2062500000000003,-0.7710290790302399
0,32.9881,3.209375,-0.7712715384674811
0,32.9881,3.2125,-0.7714275402397492
0,32.9881,3.215625,-0.771496958308694
0,32.9881,3.21875,-0.7714797328576375
0,32.9881,3.2218750000000003,-0.7713758703771038
0,32.9881,3.225,-0.7711854436309034
0,32.9881,3.228125,-0.770908591502857
0,32.9881,3.23125,-0.7705455187246488
0,32.9881,3.234375,-0.770096495485708
0,32.9881,3.2375000000000003,-0.7695618569264199
0,32.9881,3.240625,-0.7689420025163574
0,32.9881,3.24375,-0.7682373953196161
0,32.9881,3.246875,-0.7674485611497083
0,32.9881,3.25,-0.7665760876168223
0,32.9881,3.2531250000000003,-0.7656206230706167
0,32.9881,3.25625,-0.7645828754420332
0,32.9881,3.259375,-0.7634636109879246
0,32.9881,3.2625,-0.7622636529425938
0,32.9881,3.265625,-0.7609838800805965
0,32.9881,3.2687500000000003,-0.759625225195411
0,32.9881,3.271875,-0.7581886734988114
0,32.9881,3.275,-0.75667526094596
0,32.9881,3.278125,-0.755086072491429
0,32.9881,3.28125,-0.7534222402814971
0,32.9881,3.2843750000000003,-0.7516849417881948
0,32.9881,3.2875,-0.7498753978906715
0,32.9881,3.290625,-0.7479948709095225
0,32.9881,3.29375,-0.7460446625997713
0,32.9881,3.296875,-0.7440261121082146
0,32.9881,3.3000000000000003,-0.7419405939008332
0,32.9881,3.303125,-0.739789515665961
0,32.9881,3.30625,-0.737574316198829
0,32.9881,3.309375,-0.7352964632730516
0,32.9881,3.3125,-0.7329574515045193
0,32.9881,3.3156250000000003,-0.7305588002130406
0,32.9881,3.31875,-0.7281020512869687
0,32.9881,3.321875,-0.7255887670558627
0,32.9881,3.325,-0.7230205281761068
0,32.9881,3.328125,-0.7203989315341995
0,32.9881,3.3312500000000003,-0.717725588172243
0,32.9881,3.334375,-0.7150021212399675
0,32.9881,3.3375,-0.712230163977386
0,32.9881,3.340625,-0.7094113577319753
0,32.9881,3.34375,-0.7065473500140323
0,32.9881,3.3468750000000003,-0.7036397925936144
0,32.9881,3.35,-0.7006903396422502
0,32.9881,3.353125,-0.6977006459223318
0,32.9881,3.35625,-0.6946723650268826
0,32.9881,3.359375,-0.6916071476721256
0,32.9881,3.3625000000000003,-0.6885066400450385
0,32.9881,3.365625,-0.6853724822078411
0,32.9881,3.36875,-0.6822063065611058
0,32.9881,3.371875,-0.6790097363669614
0,32.9881,3.375,-0.6757843843336124
0,32.9881,3.3781250000000003,-0.672531851262174
0,32.9881,3.38125,-0.6692537247566084
0,32.9881,3.384375,-0.6659515779973225
0,32.9881,3.3875,-0.6626269685787951
0,32.9881,3.390625,-0.6592814374113951
0,32.9881,3.3937500000000003,-0.6559165076873644
0,32.9881,3.396875,-0.6525336839107726
0,32.9881,3.4000000000000004,-0.6491344509910606
0,32.9881,3.403125,-0.6457202733996545
0,32.9881,3.40625,-0.6422925943889598
0,32.9881,3.4093750000000003,-0.6388528352729245
0,32.9881,3.4125,-0.6354023947682239
0,32.9881,3.4156250000000004,-0.6319426483949909
0,32.9881,3.41875,-0.6284749479359316
0,32.9881,3.421875,-0.625000620952539
0,32.9881,3.4250000000000003,-0.6215209703570512
0,32.9881,3.428125,-0.6180372740387097
0,32.9881,3.4312500000000004,-0.6145507845428001
0,32.9881,3.434375,-0.6110627288009168
0,32.9881,3.4375,-0.607574307910808
0,32.9881,3.4406250000000003,-0.6040866969641504
0,32.9881,3.44375,-0.6006010449205439
0,32.9881,3.4468750000000004,-0.5971184745259854
0,32.9881,3.45,-0.5936400822740923
0,32.9881,3.453125,-0.590166938408288
0,32.9881,3.4562500000000003,-0.5867000869631953
0,32.9881,3.459375,-0.5832405458434612
0,32.9881,3.4625000000000004,-0.5797893069382414
0,32.9881,3.465625,-0.5763473362696049
0,32.9881,3.46875,-0.5729155741731005
0,32.9881,3.4718750000000003,-0.5694949355087856
0,32.9881,3.475,-0.5660863099010155
0,32.9881,3.4781250000000004,-0.5626905620053242
0,32.9881,3.48125,-0.55930853180078
0,32.9881,3.484375,-0.5559410349062006
0,32.9881,3.4875000000000003,-0.5525888629186877
0,32.9881,3.490625,-0.5492527837729518
0,32.9881,3.4937500000000004,-0.5459335421199558
0,32.9881,3.496875,-0.5426318597234534
0,32.9881,3.5,-0.5393484358730322
0,32.9881,3.5031250000000003,-0.536083947812331
0,32.9881,3.50625,-0.5328390511811482
0,32.9881,3.5093750000000004,-0.5296143804701928
0,32.9881,3.5125,-0.5264105494873118
0,32.9881,3.515625,-0.5232281518340384
0,32.9881,3.5187500000000003,-0.5200677613913908
0,32.9881,3.521875,-0.5169299328138873
0,32.9881,3.5250000000000004,-0.5138152020307836
0,32.9881,3.528125,-0.5107240867536196
0,32.9881,3.53125,-0.5076570869891759
0,32.9881,3.5343750000000003,-0.5046146855570212
0,32.9881,3.5375,-0.5015973486108627
0,32.9881,3.5406250000000004,-0.49860552616296083
0,32.9881,3.54375,-0.49563965261093185
0,32.9881,3.546875,-0.49270014726628447
0,32.9881,3.5500000000000003,-0.4897874148841048
0,32.9881,3.553125,-0.48690184619333726
0,32.9881,3.5562500000000004,-0.4840438184271448
0,32.9881,3.559375,-0.48121369585289914
0,32.9881,3.5625,-0.47841183030135925
0,32.9881,3.5656250000000003,-0.4756385616946673
0,32.9881,3.56875,-0.4728942185728089
0,32.9881,3.5718750000000004,-0.47017911861822914
0,32.9881,3.575,-0.4674935691783386
0,32.9881,3.578125,-0.4648378677856621
0,32.9881,3.5812500000000003,-0.4622123026754373
0,32.9881,3.584375,-0.4596171533004875
0,32.9881,3.5875000000000004,-0.4570526908432262
0,32.9881,3.590625,-0.45451917872469483
0,32.9881,3.59375,-0.45201687311054195
0,32.9881,3.5968750000000003,-0.4495460234139034
0,32.9881,3.6,-0.447106872795153
0,32.9881,3.6031250000000004,-0.444699658658526
0,32.9881,3.60625,-0.44232461314564614
0,32.9881,3.609375,-0.43998196362600095
0,32.9881,3.6125000000000003,-0.43767193318444564
0,32.9881,3.615625,-0.4353947411058291
0,32.9881,3.6187500000000004,-0.4331506033568557
0,32.9881,3.621875,-0.4309397330653303
0,32.9881,3.625,-0.42876234099693294
0,32.9881,3.6281250000000003,-0.42661863602971034
0,32.9881,3.63125,-0.4245088256264731
0,32.9881,3.6343750000000004,-0.42243311630531083
0,32.9881,3.6375,-0.4203917141084608
0,32.9881,3.640625,-0.41838482506976815
0,32.9881,3.6437500000000003,-0.41641265568100505
0,32.9881,3.646875,-0.414475413357325
0,32.9881,3.6500000000000004,-0.41257330690213945
0,32.9881,3.653125,-0.41070654697172965
0,32.9881,3.65625,-0.4088753465399069
0,32.9881,3.6593750000000003,-0.40707992136305804
0,32.9881,3.6625,-0.4053204904459225
0,32.9881,3.6656250000000004,-0.40359727650845467
0,32.9881,3.66875,-0.401910506454151
0,32.9881,3.671875,-0.40026041184021466
0,32.9881,3.6750000000000003,-0.39864722934996033
0,32.9881,3.678125,-0.39707120126786155
0,32.9881,3.6812500000000004,-0.39553257595765445
0,32.9881,3.684375,-0.39403160834393214
0,32.9881,3.6875,-0.392568560397659
0,32.9881,3.6906250000000003,-0.3911437016260604
0,32.9881,3.69375,-0.3897573095673394
0,32.9881,3.6968750000000004,-0.38840967029069007
0,32.9881,3.7,-0.3871010789020835
0,32.9881,3.703125,-0.38583184005630866
0,32.9881,3.7062500000000003,-0.3846022684757633
0,32.9881,3.709375,-0.3834126894764936
0,32.9881,3.7125000000000004,-0.38226343950199104
0,32.9881,3.715625,-0.3811548666652603
0,32.9881,3.71875,-0.380087331299677
0,32.9881,3.7218750000000003,-0.3790612065191641
0,32.9881,3.725,-0.378076878788213
0,32.9881,3.7281250000000004,-0.3771347485022833
0,32.9881,3.73125,-0.37623523057911895
0,32.9881,3.734375,-0.3753787550615132
0,32.9881,3.7375000000000003,-0.3745657677320627
0,32.9881,3.740625,-0.3737967307404424
0,32.9881,3.7437500000000004,-0.37307212324373207
0,32.9881,3.746875,-0.37239244206032246
0,32.9881,3.75,-0.3717582023379137
0,32.9881,3.7531250000000003,-0.3711699382361173
0,32.9881,3.75625,-0.37062820362415466
0,32.9881,3.7593750000000004,-0.37013357279412545
0,32.9881,3.7625,-0.3696866411903107
0,32.9881,3.765625,-0.36928802615493705
0,32.9881,3.7687500000000003,-0.36893836769081223
0,32.9881,3.771875,-0.36863832924120193
0,32.9881,3.7750000000000004,-0.3683885984872804
0,32.9881,3.778125,-0.3681898881634439
0,32.9881,3.78125,-0.36804293689072215
0,32.9881,3.7843750000000003,-0.36794851002846407
0,32.9881,3.7875,-0.36790740054440574
0,32.9881,3.7906250000000004,-0.3679204299031503
0,32.9881,3.79375,-0.36798844897300254
0,32.9881,3.796875,-0.3681123389509989
0,32.9881,3.8000000000000003,-0.3682930123058637
0,32.9881,3.803125,-0.3685314137384919
0,32.9881,3.8062500000000004,-0.36882852115941894
0,32.9881,3.809375,-0.3691853466825749
0,32.9881,3.8125,-0.36960293763444424
0,32.9881,3.8156250000000003,-0.3700823775775473
0,32.9881,3.81875,-0.3706247873469379
0,32.9881,3.8218750000000004,-0.3712313260981623
0,32.9881,3.825,-0.3719031923648423
0,32.9881,3.828125,-0.3726416251237406
0,32.9881,3.8312500000000003,-0.3734479048648175
0,32.9881,3.834375,-0.3743233546634102
0,32.9881,3.8375000000000004,-0.3752693412512421
0,32.9881,3.840625,-0.3762872760824976
0,32.9881,3.84375,-0.3773786163906887
0,32.9881,3.8468750000000003,-0.3785448662314571
0,32.9881,3.85,-0.37978757750583203
0,32.9881,3.8531250000000004,-0.3811083509577685
0,32.9881,3.85625,-0.3825088371390172
0,32.9881,3.859375,-0.3839907373335458
0,32.9881,3.8625000000000003,-0.3855558044327963
0,32.9881,3.865625,-0.38720584375204864
0,32.9881,3.8687500000000004,-0.38894271377705425
0,32.9881,3.871875,-0.39076832682886947
0,32.9881,3.875,-0.3926846496334968
0,32.9881,3.8781250000000003,-0.3946937037814747
0,32.9881,3.88125,-0.3967975660609671
0,32.9881,3.8843750000000004,-0.39899836864617844
0,32.9881,3.8875,-0.40129829912101395
0,32.9881,3.890625,-0.40369960031588054
0,32.9881,3.8937500000000003,-0.4062045699332767
0,32.9881,3.896875,-0.40881555993542823
0,32.9881,3.9000000000000004,-0.411534975664623
0,32.9881,3.903125,-0.4143652746640842
0,32.9881,3.90625,-0.4173089651642173
0,32.9881,3.9093750000000003,-0.4203686041958123
0,32.9881,3.9125,-0.42354679528832145
0,32.9881,3.9156250000000004,-0.4268461857076358
0,32.9881,3.91875,-0.430269463183825
0,32.9881,3.921875,-0.4338193520751574
0,32.9881,3.9250000000000003,-0.43749860891028114
0,32.9881,3.928125,-0.44131001724583035
0,32.9881,3.9312500000000004,-0.4452563817718781
0,32.9881,3.934375,-0.4493405215926058
0,32.9881,3.9375,-0.4535652626043921
0,32.9881,3.9406250000000003,-0.4579334288881802
0,32.9881,3.94375,-0.4624478330276119
0,32.9881,3.9468750000000004,-0.46711126525901925
0,32.9881,3.95,-0.47192648135402016
0,32.9881,3.953125,-0.47689618913033605
0,32.9881,3.9562500000000003,-0.4820230334815429
0,32.9881,3.959375,-0.4873095798120443
0,32.9881,3.9625000000000004,-0.49275829575970237
0,32.9881,3.965625,-0.4983715310854779
0,32.9881,3.96875,-0.5041514956074333
0,32.9881,3.9718750000000003,-0.5101002350556667
0,32.9881,3.975,-0.5162196047256102
0,32.9881,3.9781250000000004,-0.5225112408099272
0,32.9881,3.98125,-0.5289765292943308
0,32.9881,3.984375,-0.5356165723105966
0,32.9881,3.9875000000000003,-0.5424321518511545
0,32.9881,3.990625,-0.5494236907646236
0,32.9881,3.9937500000000004,-0.5565912109709718
0,32.9881,3.996875,-0.5639342888592389
0,32.9881,4.0,-0.5714520078607294
0,32.9881,4.003125000000001,-0.5791429082267194
0,32.9881,4.00625,-0.5870049340828831
0,32.9881,4.009375,-0.5950353778834164
0,32.9881,4.0125,-0.6032308224466145
0,32.9881,4.015625,-0.6115870808214972
0,32.9881,4.018750000000001,-0.6200991343116187
0,32.9881,4.021875,-0.6287610690684251
0,32.9881,4.025,-0.6375660117620079
0,32.9881,4.028125,-0.6465060649415495
0,32.9881,4.03125,-0.6555722428110627
0,32.9881,4.034375000000001,-0.6647544082663289
0,32.9881,4.0375,-0.6740412121655087
0,32.9881,4.040625,-0.6834200359361133
0,32.9881,4.04375,-0.6928769387520961
0,32.9881,4.046875,-0.7023966106437997
0,32.9881,4.050000000000001,-0.7119623330252842
0,32.9881,4.053125,-0.7215559482340198
0,32.9881,4.05625,-0.7311578397707822
0,32.9881,4.059375,-0.7407469249963834
0,32.9881,4.0625,-0.7503006620801611
0,32.9881,4.065625000000001,-0.7597950729946537
0,32.9881,4.06875,-0.7692047843049566
0,32.9881,4.071875,-0.7785030874020225
0,32.9881,4.075,-0.7876620196698578
0,32.9881,4.078125,-0.7966524678520601
0,32.9881,4.081250000000001,-0.8054442945883877
0,32.9881,4.084375,-0.8140064887259726
0,32.9881,4.0875,-0.8223073395724692
0,32.9881,4.090625,-0.830314634753772
0,32.9881,4.09375,-0.8379958807748847
0,32.9881,4.096875000000001,-0.8453185447696608
0,32.9881,4.1,-0.8522503152796229
0,32.9881,4.103125,-0.8587593792426994
0,32.9881,4.10625,-0.8648147117222322
0,32.9881,4.109375,-0.8703863742909291
0,32.9881,4.112500000000001,-0.8754458174301751
0,32.9881,4.115625,-0.8799661818406735
0,32.9881,4.11875,-0.8839225932121354
0,32.9881,4.121875,-0.8872924447918371
0,32.9881,4.125,-0.8900556620444197
0,32.9881,4.128125000000001,-0.8921949438218377
0,32.9881,4.13125,-0.8936959747700927
0,32.9881,4.134375,-0.8945476041866149
0,32.9881,4.1375,-0.8947419871989889
0,32.9881,4.140625,-0.8942746849435036
0,32.9881,4.143750000000001,-0.8931447213540855
0,32.9881,4.146875,-0.8913545951952674
0,32.9881,4.15,-0.888910247048497
0,32.9881,4.153125,-0.8858209820480102
0,32.9881,4.15625,-0.8820993502186284
0,32.9881,4.159375000000001,-0.8777609872530432
0,32.9881,4.1625,-0.8728244194440342
0,32.9881,4.165625,-0.8673108372272732
0,32.9881,4.16875,-0.8612438423700274
0,32.9881,4.171875,-0.8546491742451655
0,32.9881,4.175000000000001,-0.8475544208529182
0,32.9881,4.178125,-0.8399887202968741
0,32.9881,4.18125,-0.8319824582962498
0,32.9881,4.184375,-0.8235669670405388
0,32.9881,4.1875,-0.8147742302867573
0,32.9881,4.190625000000001,-0.8056365990899977
0,32.9881,4.19375,-0.7961865219715116
0,32.9881,4.196875,-0.7864562926932873
0,32.9881,4.2,-0.7764778181506312
0,32.9881,4.203125,-0.7662824082384344
0,32.9881,4.206250000000001,-0.7559005889146183
0,32.9881,4.209375,-0.7453619390923523
0,32.9881,4.2125,-0.7346949514550344
0,32.9881,4.215625,-0.7239269168143222
0,32.9881,4.21875,-0.7130838312267697
0,32.9881,4.221875000000001,-0.7021903247522171
0,32.9881,4.225,-0.6912696104753152
0,32.9881,4.228125,-0.6803434522180187
0,32.9881,4.23125,-0.6694321492406247
0,32.9881,4.234375,-0.6585545361550846
0,32.9881,4.237500000000001,-0.6477279962508289
0,32.9881,4.240625,-0.6369684864517016
0,32.9881,4.24375,-0.6262905721759663
0,32.9881,4.246875,-0.6157074704524472
0,32.9881,4.25,-0.6052310997473428
0,32.9881,4.253125000000001,-0.5948721350729753
0,32.9881,4.25625,-0.5846400670753068
0,32.9881,4.259375,-0.5745432639274229
0,32.9881,4.2625,-0.5645890349874914
0,32.9881,4.265625,-0.5547836953081824
0,32.9881,4.268750000000001,-0.5451326302087222
0,32.9881,4.271875,-0.5356403592377876
0,32.9881,4.275,-0.5263105989646965
0,32.9881,4.278125,-0.5171463241368689
0,32.9881,4.28125,-0.5081498268324375
0,32.9881,4.284375000000001,-0.499322773318827
0,32.9881,4.2875,-0.4906662584004494
0,32.9881,4.290625,-0.482180857102166
0,32.9881,4.29375,-0.4738666735903301
0,32.9881,4.296875,-0.46572338728011836
0,32.9881,4.300000000000001,-0.45775029611789225
0,32.9881,4.303125,-0.4499463570603789
0,32.9881,4.30625,-0.44231022379967777
0,32.9881,4.309375,-0.4348402818051144
0,32.9881,4.3125,-0.4275346807699661
0,32.9881,4.315625000000001,-0.42039136456440424
0,32.9881,4.31875,-0.41340809880544527
0,32.9881,4.321875,-0.4065824961612619
0,32.9881,4.325,-0.39991203951129844
0,32.9881,4.328125,-0.3933941030852942
0,32.9881,4.331250000000001,-0.38702597170455955
0,32.9881,4.334375,-0.3808048582473578
0,32.9881,4.3375,-0.3747279194577027
0,32.9881,4.340625,-0.36879227021352845
0,32.9881,4.34375,-0.36299499636587373
0,32.9881,4.346875000000001,-0.3573331662562203
0,32.9881,4.35,-0.3518038410140043
0,32.9881,4.353125,-0.34640408373107634
0,32.9881,4.35625,-0.3411309676046009
0,32.9881,4.359375,-0.3359815831343436
0,32.9881,4.362500000000001,-0.3309530444550774
0,32.9881,4.365625,-0.32604249487948256
0,32.9881,4.36875,-0.3212471117218028
0,32.9881,4.371875,-0.31656411046764626
0,32.9881,4.375,-0.31199074835044655
0,32.9881,4.378125000000001,-0.3075243273906995
0,32.9881,4.38125,-0.3031621969497108
0,32.9881,4.384375,-0.29890175584552936
0,32.9881,4.3875,-0.2947404540749863
0,32.9881,4.390625,-0.29067579418204903
0,32.9881,4.393750000000001,-0.2867053323094575
0,32.9881,4.396875,-0.2828266789674039
0,32.9881,4.4,-0.27903749955010526
0,32.9881,4.403125,-0.27533551462847056
0,32.9881,4.40625,-0.27171850004445797
0,32.9881,4.409375000000001,-0.2681842868304977
0,32.9881,4.4125,-0.26473076097515613
0,32.9881,4.415625,-0.2613558630542498
0,32.9881,4.41875,-0.2580575877448577
0,32.9881,4.421875,-0.2548339832379284
0,32.9881,4.425000000000001,-0.25168315056374047
0,32.9881,4.428125,-0.24860324284302204
0,32.9881,4.43125,-0.2455924644752602
0,32.9881,4.434375,-0.24264907027461038
0,32.9881,4.4375,-0.23977136456267162
0,32.9881,4.440625000000001,-0.23695770022650137
0,32.9881,4.44375,-0.23420647774931108
0,32.9881,4.446875,-0.23151614422048244
0,32.9881,4.45,-0.228885192330856
0,32.9881,4.453125,-0.2263121593585124
0,32.9881,4.456250000000001,-0.22379562614973428
0,32.9881,4.459375,-0.22133421609925275
0,32.9881,4.4625,-0.21892659413338944
0,32.9881,4.465625,-0.21657146569930272
0,32.9881,4.46875,-0.21426757576308006
0,32.9881,4.471875000000001,-0.21201370781912135
0,32.9881,4.475,-0.20980868291289545
0,32.9881,4.478125,-0.20765135867885895
0,32.9881,4.48125,-0.20554062839510104
0,32.9881,4.484375,-0.2034754200559847
0,32.9881,4.487500000000001,-0.20145469546390055
0,32.9881,4.490625,-0.1994774493410279
0,32.9881,4.49375,-0.19754270846183014
0,32.9881,4.496875,-0.19564953080689293
0,32.9881,4.5,-0.19379700473853081
0,32.9881,4.503125000000001,-0.19198424819851942
0,32.9881,4.50625,-0.1902104079281766
0,32.9881,4.509375,-0.18847465871092292
0,32.9881,4.5125,-0.18677620263740044
0,32.9881,4.515625,-0.1851142683931106
0,32.9881,4.518750000000001,-0.18348811056851588
0,32.9881,4.521875,-0.18189700899146716
0,32.9881,4.525,-0.18034026808177187
0,32.9881,4.528125,-0.1788172162277034
0,32.9881,4.53125,-0.17732720518417447
0,32.9881,4.534375000000001,-0.17586960949230726
0,32.9881,4.5375,-0.1744438259200838
0,32.9881,4.540625,-0.17304927292373587
0,32.9881,4.54375,-0.17168539012953984
0,32.9881,4.546875,-0.17035163783562607
0,32.9881,4.550000000000001,-0.16904749653343787
0,32.9881,4.553125,-0.1677724664484387
0,32.9881,4.55625,-0.1665260670996575
0,32.9881,4.559375,-0.16530783687767353
0,32.9881,4.5625,-0.1641173326406005
0,32.9881,4.565625000000001,-0.16295412932765474
0,32.9881,4.56875,-0.16181781958986607
0,32.9881,4.571875,-0.1607080134374818
0,32.9881,4.575,-0.15962433790362582
0,32.9881,4.578125,-0.15856643672373727
0,32.9881,4.581250000000001,-0.1575339700303326
0,32.9881,4.584375,-0.15652661406260698
0,32.9881,4.5875,-0.15554406089038067
0,32.9881,4.590625,-0.15458601815189735
0,32.9881,4.59375,-0.15365220880494077
0,32.9881,4.596875000000001,-0.15274237089074305
0,32.9881,4.6,-0.15185625731012273
0,32.9881,4.603125,-0.15099363561126553
0,32.9881,4.60625,-0.1501542877885505
0,32.9881,4.609375,-0.14933801009176703
0,32.9881,4.612500000000001,-0.14854461284505813
0,32.9881,4.615625,-0.14777392027487074
0,32.9881,4.61875,-0.14702577034614828
0,32.9881,4.621875,-0.146300014605964
0,32.9881,4.625,-0.14559651803371498
0,32.9881,4.628125000000001,-0.1449151588969541
0,32.9881,4.63125,-0.14425582861185243
0,32.9881,4.634375,-0.14361843160720825
0,32.9881,4.6375,-0.14300288519083978
0,32.9881,4.640625,-0.14240911941708462
0,32.9881,4.643750000000001,-0.14183707695404027
0,32.9881,4.646875,-0.1412867129490489
0,32.9881,4.65,-0.14075799489080207
0,32.9881,4.653125,-0.1402509024663068
0,32.9881,4.65625,-0.1397654274107824
0,32.9881,4.659375000000001,-0.13930157334840376
0,32.9881,4.6625,-0.13885935562160823
0,32.9881,4.665625,-0.13843880110648535
0,32.9881,4.66875,-0.13803994801155225
0,32.9881,4.671875,-0.13766284565697096
0,32.9881,4.675000000000001,-0.13730755423101598
0,32.9881,4.678125,-0.13697414452031814
0,32.9881,4.68125,-0.1366626976101127
0,32.9881,4.684375,-0.13637330455040753
0,32.9881,4.6875,-0.13610606598363717
0,32.9881,4.690625000000001,-0.13586109172901703
0,32.9881,4.69375,-0.13563850031842253
0,32.9881,4.696875,-0.1354384184782154
0,32.9881,4.7,-0.13526098055102012
0,32.9881,4.703125,-0.13510632785100432
0,32.9881,4.706250000000001,-0.13497460794576663
0,32.9881,4.709375,-0.13486597385746105
0,32.9881,4.7125,-0.1347805831753091
0,32.9881,4.715625,-0.13471859707116893
0,32.9881,4.71875,-0.1346801792093493
0,32.9881,4.721875000000001,-0.13466549454139137
0,32.9881,4.725,-0.13467470797608927
0,32.9881,4.728125,-0.13470798291460892
0,32.9881,4.73125,-0.13476547964019472
0,32.9881,4.734375,-0.13484735355164942
0,32.9881,4.737500000000001,-0.13495375322955025
0,32.9881,4.740625,-0.1350848183240479
0,32.9881,4.74375,-0.1352406772531109
0,32.9881,4.746875,-0.13542144470025216
0,32.9881,4.75,-0.13562721890114848
0,32.9881,4.753125000000001,-0.13585807870916453
0,32.9881,4.75625,-0.13611408043067327
0,32.9881,4.759375,-0.13639525442226466
0,32.9881,4.7625,-0.13670160144349947
0,32.9881,4.765625,-0.13703308876086606
0,32.9881,4.768750000000001,-0.13738964600106812
0,32.9881,4.771875,-0.13777116075478757
0,32.9881,4.775,-0.13817747393568613
0,32.9881,4.778125,-0.1386083749036748
0,32.9881,4.78125,-0.13906359636647894
0,32.9881,4.784375000000001,-0.13954280907926886
0,32.9881,4.7875,-0.14004561636869178
0,32.9881,4.790625,-0.14057154851502981
0,32.9881,4.79375,-0.1411200570344395
0,32.9881,4.796875,-0.14169050891230156
0,32.9881,4.800000000000001,-0.14228218084855243
0,32.9881,4.803125,-0.1428942535864379
0,32.9881,4.80625,-0.1435258064072794
0,32.9881,4.809375,-0.14417581188540782
0,32.9881,4.8125,-0.14484313100919585
0,32.9881,4.815625000000001,-0.14552650878577622
0,32.9881,4.81875,-0.14622457045826148
0,32.9881,4.821875,-0.14693581847463352
0,32.9881,4.825,-0.14765863035644378
0,32.9881,4.828125,-0.1483912576225518
0,32.9881,4.831250000000001,-0.14913182592764704
0,32.9881,4.834375,-0.1498783365766599
0,32.9881,4.8375,-0.1506286695736563
0,32.9881,4.840625,-0.15138058835675264
0,32.9881,4.84375,-0.1521317463583932
0,32.9881,4.846875000000001,-0.15287969551237432
0,32.9881,4.85,-0.15362189680491276
0,32.9881,4.853125,-0.15435573293653387
0,32.9881,4.85625,-0.15507852312455783
0,32.9881,4.859375,-0.15578754003275264
0,32.9881,4.862500000000001,-0.1564800287657753
0,32.9881,4.865625,-0.15715322781228294
0,32.9881,4.86875,-0.15780439176325867
0,32.9881,4.871875,-0.15843081557276648
0,32.9881,4.875,-0.15902986006897998
0,32.9881,4.878125000000001,-0.15959897836607578
0,32.9881,4.88125,-0.160135742774894
0,32.9881,4.884375,-0.16063787176461725
0,32.9881,4.8875,-0.16110325649155655
0,32.9881,4.890625,-0.16152998638678373
0,32.9881,4.893750000000001,-0.16191637328371272
0,32.9881,4.896875,-0.16226097357134942
0,32.9881,4.9,-0.162562607879643
0,32.9881,4.903125,-0.1628203778403738
0,32.9881,4.90625,-0.16303367951972922
0,32.9881,4.909375000000001,-0.16320221318574957
0,32.9881,4.9125,-0.16332598915309246
0,32.9881,4.915625,-0.16340532953627107
0,32.9881,4.91875,-0.16344086583739031
0,32.9881,4.921875,-0.16343353239180977
0,32.9881,4.925000000000001,-0.1633845557913175
0,32.9881,4.928125,-0.163295440495622
0,32.9881,4.93125,-0.16316795092583236
0,32.9881,4.934375,-0.1630040904051582
0,32.9881,4.9375,-0.16280607736998173
0,32.9881,4.940625000000001,-0.1625763193171441
0,32.9881,4.94375,-0.1623173849799036
0,32.9881,4.946875,-0.16203197523553436
0,32.9881,4.95,-0.16172289324262884
0,32.9881,4.953125,-0.16139301428716385
0,32.9881,4.956250000000001,-0.16104525578517376
0,32.9881,4.959375,-0.16068254784865293
0,32.9881,4.9625,-0.16030780477257017
0,32.9881,4.965625,-0.1599238977471772
0,32.9881,4.96875,-0.15953362904361001
0,32.9881,4.971875000000001,-0.1591397078644949
0,32.9881,4.975,-0.15874472799692987
0,32.9881,4.978125,-0.1583511473546091
0,32.9881,4.98125,-0.15796126945041025
0,32.9881,4.984375,-0.15757722680150005
0,32.9881,4.987500000000001,-0.1572009662366565
0,32.9881,4.990625,-0.15683423605038077
0,32.9881,4.99375,-0.15647857493054648
0,32.9881,4.996875,-0.15613530257560712
0,32.9881,5.0,-0.15580551191330316
0,32.9881,5.003125,-0.15549006283481967
0,32.9881,5.0062500000000005,-0.15518957736567168
0,32.9881,5.009375,-0.15490443620643543
0,32.9881,5.0125,-0.15463477659187552
0,32.9881,5.015625,-0.1543804914351073
0,32.9881,5.01875,-0.15414122974318234
0,32.9881,5.0218750000000005,-0.15391639831090878
0,32.9881,5.025,-0.15370516471980503
0,32.9881,5.028125,-0.153506461687837
0,32.9881,5.03125,-0.15331899283201572
0,32.9881,5.034375,-0.15314123991907466
0,32.9881,5.0375000000000005,-0.15297147168837608
0,32.9881,5.040625,-0.15280775433506488
0,32.9881,5.04375,-0.15264796373951653
0,32.9881,5.046875,-0.15248979952067285
0,32.9881,5.05,-0.15233080097543764
0,32.9881,5.0531250000000005,-0.1521683649436237
0,32.9881,5.05625,-0.15199976560797257
0,32.9881,5.059375,-0.15182217620175234
0,32.9881,5.0625,-0.15163269255295553
0,32.9881,5.065625,-0.15142835834509308
0,32.9881,5.0687500000000005,-0.15120619192131293
0,32.9881,5.071875,-0.15096321440271068
0,32.9881,5.075,-0.15069647883523588
0,32.9881,5.078125,-0.15040310002479637
0,32.9881,5.08125,-0.15008028466947987
0,32.9881,5.0843750000000005,-0.1497253613538048
0,32.9881,5.0875,-0.14933580993509124
0,32.9881,5.090625,-0.14890928982873305
0,32.9881,5.09375,-0.1484436666893715
0,32.9881,5.096875,-0.1479370369902189
0,32.9881,5.1000000000000005,-0.14738775002399374
0,32.9881,5.103125,-0.14679442688630542
0,32.9881,5.10625,-0.14615597605530287
0,32.9881,5.109375,-0.14547160524864008
0,32.9881,5.1125,-0.1447408293181977
0,32.9881,5.1156250000000005,-0.14396347403179524
0,32.9881,5.11875,-0.1431396756860407
0,32.9881,5.121875,-0.14226987659186602
0,32.9881,5.125,-0.14135481657043528
0,32.9881,5.128125,-0.14039552068825348
0,32.9881,5.1312500000000005,-0.13939328354306108
0,32.9881,5.134375,-0.1383496504834846
0,32.9881,5.1375,-0.13726639620308925
0,32.9881,5.140625,-0.13614550119183969
0,32.9881,5.14375,-0.1349891265541332
0,32.9881,5.1468750000000005,-0.13379958771249367
0,32.9881,5.15,-0.13257932751033602
0,32.9881,5.153125,-0.13133088920722896
0,32.9881,5.15625,-0.13005688982763491
0,32.9881,5.159375,-0.12875999428134494
0,32.9881,5.1625000000000005,-0.12744289062320555
0,32.9881,5.165625,-0.1261082667637397
0,32.9881,5.16875,-0.12475878888332867
0,32.9881,5.171875,-0.12339708174306238
0,32.9881,5.175,-0.12202571102716053
0,32.9881,5.1781250000000005,-0.1206471677967685
0,32.9881,5.18125,-0.11926385508427909
0,32.9881,5.184375,-0.11787807661211572
0,32.9881,5.1875,-0.11649202758081703
0,32.9881,5.190625,-0.11510778743856154
0,32.9881,5.1937500000000005,-0.11372731451805505
0,32.9881,5.196875,-0.11235244240675062
0,32.9881,5.2,-0.1109848779022927
0,32.9881,5.203125,-0.10962620039638925
0,32.9881,5.20625,-0.10827786252634716
0,32.9881,5.2093750000000005,-0.10694119193365238
0,32.9881,5.2125,-0.10561739397252044
0,32.9881,5.215625,-0.10430755521762806
0,32.9881,5.21875,-0.10301264762865893
0,32.9881,5.221875,-0.10173353323923554
0,32.9881,5.2250000000000005,-0.10047096924879506
0,32.9881,5.228125,-0.0992256134075296
0,32.9881,5.23125,-0.09799802959626894
0,32.9881,5.234375,-0.09678869351486015
0,32.9881,5.2375,-0.09559799840389509
0,32.9881,5.2406250000000005,-0.09442626073541868
0,32.9881,5.24375,-0.0932737258183486
0,32.9881,5.246875,-0.09214057327366197
0,32.9881,5.25,-0.09102692234293046
0,32.9881,5.253125,-0.0899328370014437
0,32.9881,5.2562500000000005,-0.08885833085399981
0,32.9881,5.259375,-0.08780337179745812
0,32.9881,5.2625,-0.08676788643937823
0,32.9881,5.265625,-0.08575176426658568
0,32.9881,5.26875,-0.08475486156131959
0,32.9881,5.2718750000000005,-0.08377700506583081
0,32.9881,5.275,-0.08281799539894624
0,32.9881,5.278125,-0.0818776102302549
0,32.9881,5.28125,-0.08095560721928462
0,32.9881,5.284375,-0.08005172672834306
0,32.9881,5.2875000000000005,-0.07916569431867938
0,32.9881,5.290625,-0.07829722304031185
0,32.9881,5.29375,-0.07744601552630223
0,32.9881,5.296875,-0.07661176590250206
0,32.9881,5.3,-0.07579416152384978
0,32.9881,5.3031250000000005,-0.0749928845482231
0,32.9881,5.30625,-0.07420761335866
0,32.9881,5.309375,-0.07343802384447276
0,32.9881,5.3125,-0.07268379055143712
0,32.9881,5.315625,-0.07194458771082426
0,32.9881,5.3187500000000005,-0.07122009015660806
0,32.9881,5.321875,-0.07050997413971243
0,32.9881,5.325,-0.06981391804767947
0,32.9881,5.328125,-0.06913160303766021
0,32.9881,5.33125,-0.0684627135901375
0,32.9881,5.3343750000000005,-0.06780693799031698
0,32.9881,5.3375,-0.0671639687436557
0,32.9881,5.340625,-0.06653350293154225
0,32.9881,5.34375,-0.06591524251271481
0,32.9881,5.346875,-0.06530889457558127
0,32.9881,5.3500000000000005,-0.06471417154621543
0,32.9881,5.353125,-0.06413079135642819
0,32.9881,5.35625,-0.06355847757595783
0,32.9881,5.359375,-0.06299695951249783
0,32.9881,5.3625,-0.06244597228296483
0,32.9881,5.3656250000000005,-0.06190525685912347
0,32.9881,5.36875,-0.06137456009041484
0,32.9881,5.371875,-0.06085363470658227
0,32.9881,5.375,-0.060342239302461305
0,32.9881,5.378125,-0.059840138307080605
0,32.9881,5.3812500000000005,-0.059347101939025745
0,32.9881,5.384375,-0.05886290614983503
0,32.9881,5.3875,-0.05838733255702578
0,32.9881,5.390625,-0.05792016836819978
0,32.9881,5.39375,-0.05746120629753105
0,32.9881,5.3968750000000005,-0.057010244475811156
0,32.9881,5.4,-0.056567086355109486
0,32.9881,5.403125,-0.0561315406089948
0,32.9881,5.40625,-0.05570342102916971
0,32.9881,5.409375,-0.05528254641927585
0,32.9881,5.4125000000000005,-0.05486874048654728
0,32.9881,5.415625,-0.05446183173191608
0,32.9881,5.41875,-0.05406165333910267
0,32.9881,5.421875,-0.05366804306316778
0,32.9881,5.425,-0.05328084311894164
0,32.9881,5.4281250000000005,-0.0528999000696991
0,32.9881,5.43125,-0.0525250647164031
0,32.9881,5.434375,-0.05215619198779614
0,32.9881,5.4375,-0.0517931408315857
0,32.9881,5.440625,-0.05143577410693253
0,32.9881,5.4437500000000005,-0.05108395847842293
0,32.9881,5.446875,-0.05073756431167908
0,32.9881,5.45,-0.050396465570734995
0,32.9881,5.453125,-0.05006053971728791
0,32.9881,5.45625,-0.04972966761191169
0,32.9881,5.4593750000000005,-0.04940373341730369
0,32.9881,5.4625,-0.049082624503620984
0,32.9881,5.465625,-0.04876623135594628
0,32.9881,5.46875,-0.04845444748391508
0,32.9881,5.471875,-0.04814716933352131
0,32.9881,5.4750000000000005,-0.04784429620111141
0,32.9881,5.478125,-0.047545730149568054
0,32.9881,5.48125,-0.04725137592667616
0,32.9881,5.484375,-0.04696114088565972
0,32.9881,5.4875,-0.04667493490787028
0,32.9881,5.4906250000000005,-0.04639267032760394
0,32.9881,5.49375,-0.04611426185902041
0,32.9881,5.496875,-0.04583962652513179
0,32.9881,5.5,-0.04556868358882911
0,32.9881,5.503125,-0.045301354485909065
0,32.9881,5.5062500000000005,-0.04503756276006301
0,32.9881,5.509375,-0.0447772339997885
0,32.9881,5.5125,-0.044520295777181154
0,32.9881,5.515625,-0.04426667758856553
0,32.9881,5.51875,-0.04401631079692118
0,32.9881,5.5218750000000005,-0.04376912857606031
0,32.9881,5.525,-0.04352506585651364
0,32.9881,5.528125,-0.04328405927307924
0,32.9881,5.53125,-0.043046047113991646
0,32.9881,5.534375,-0.04281096927166658
0,32.9881,5.5375000000000005,-0.042578767194978016
0,32.9881,5.540625,-0.04234938384302468
0,32.9881,5.54375,-0.04212276364034278
0,32.9881,5.546875,-0.04189885243352384
0,32.9881,5.55,-0.041677597449195844
0,32.9881,5.5531250000000005,-0.04145894725332692
0,32.9881,5.55625,-0.041242851711812516
0,32.9881,5.559375,-0.04102926195230575
0,32.9881,5.5625,-0.040818130327254246
0,32.9881,5.565625,-0.040609410378105004
0,32.9881,5.5687500000000005,-0.040403056800641386
0,32.9881,5.571875,-0.040199025411416706
0,32.9881,5.575,-0.03999727311524915
0,32.9881,5.578125,-0.039797757873745274
0,32.9881,5.58125,-0.039600438674818404
0,32.9881,5.5843750000000005,-0.039405275503170335
0,32.9881,5.5875,-0.03921222931170546
0,32.9881,5.590625,-0.03902126199384652
0,32.9881,5.59375,-0.03883233635672347
0,32.9881,5.596875,-0.03864541609520675
0,32.9881,5.6000000000000005,-0.03846046576675694
0,32.9881,5.603125,-0.038277450767065145
0,32.9881,5.60625,-0.03809633730645675
0,32.9881,5.609375,-0.037917092387034855
0,32.9881,5.6125,-0.03773968378053822
0,32.9881,5.6156250000000005,-0.037564080006890405
0,32.9881,5.61875,-0.037390250313417576
0,32.9881,5.621875,-0.0372181646547122
0,32.9881,5.625,-0.03704779367312229
0,32.9881,5.628125,-0.03687910867984475
0,32.9881,5.6312500000000005,-0.03671208163660319
0,32.9881,5.634375,-0.03654668513789109
0,32.9881,5.6375,-0.03638289239376092
0,32.9881,5.640625,-0.03622067721314218
0,32.9881,5.64375,-0.03606001398767014
0,32.9881,5.6468750000000005,-0.03590087767600873
0,32.9881,5.65,-0.03574324378865142
0,32.9881,5.653125,-0.0355870883731838
0,32.9881,5.65625,-0.035432387999993376
0,32.9881,5.659375,-0.03527911974841145
0,32.9881,5.6625000000000005,-0.0351272611932729
0,32.9881,5.665625,-0.034976790391880445
0,32.9881,5.66875,-0.03482768587135956
0,32.9881,5.671875,-0.03467992661639202
0,32.9881,5.675,-0.03453349205731511
0,32.9881,5.6781250000000005,-0.034388362058574845
0,32.9881,5.68125,-0.03424451690752168
0,32.9881,5.684375,-0.03410193730353727
0,32.9881,5.6875,-0.0339606043474821
0,32.9881,5.690625,-0.03382049953145299
0,32.9881,5.6937500000000005,-0.033681604728840964
0,32.9881,5.696875,-0.033543902184679494
0,32.9881,5.7,-0.03340737450627365
0,32.9881,5.703125,-0.03327200465410162
0,32.9881,5.70625,-0.03313777593297942
0,32.9881,5.7093750000000005,-0.03300467198348044
0,32.9881,5.7125,-0.03287267677360211
0,32.9881,5.715625,-0.03274177459067095
0,32.9881,5.71875,-0.03261195003347942
0,32.9881,5.721875,-0.03248318800464654
0,32.9881,5.7250000000000005,-0.032355473703195484
0,32.9881,5.728125,-0.03222879261734129
0,32.9881,5.73125,-0.03210313051748181
0,32.9881,5.734375,-0.031978473449386
0,32.9881,5.7375,-0.03185480772757299
0,32.9881,5.7406250000000005,-0.03173211992887596
0,32.9881,5.74375,-0.031610396886185554
0,32.9881,5.746875,-0.031489625682366414
0,32.9881,5.75,-0.03136979364434231
0,32.9881,5.753125,-0.03125088833734414
0,32.9881,5.7562500000000005,-0.03113289755931597
0,32.9881,5.759375,-0.03101580933547427
0,32.9881,5.7625,-0.030899611913015393
0,32.9881,5.765625,-0.030784293755967196
0,32.9881,5.76875,-0.0306698435401801
0,32.9881,5.7718750000000005,-0.030556250148453347
0,32.9881,5.775,-0.03044350266579264
0,32.9881,5.778125,-0.030331590374794704
0,32.9881,5.78125,-0.030220502751155447
0,32.9881,5.784375,-0.03011022945929774
0,32.9881,5.7875000000000005,-0.030000760348115205
0,32.9881,5.790625,-0.029892085446828785
0,32.9881,5.79375,-0.029784194960952273
0,32.9881,5.796875,-0.02967707926836413
0,32.9881,5.800000000000001,-0.029570728915482042
0,32.9881,5.8031250000000005,-0.029465134613537402
0,32.9881,5.80625,-0.029360287234946453
0,32.9881,5.809375,-0.029256177809775755
0,32.9881,5.8125,-0.029152797522298747
0,32.9881,5.815625000000001,-0.029050137707640998
0,32.9881,5.8187500000000005,-0.0289481898485116
0,32.9881,5.821875,-0.02884694557201785
0,32.9881,5.825,-0.028746396646561322
0,32.9881,5.828125,-0.028646534978812616
0,32.9881,5.831250000000001,-0.028547352610762616
0,32.9881,5.8343750000000005,-0.028448841716848184
0,32.9881,5.8375,-0.028350994601149853
0,32.9881,5.840625,-0.028253803694659886
0,32.9881,5.84375,-0.028157261552618395
0,32.9881,5.846875000000001,-0.028061360851915615
0,32.9881,5.8500000000000005,-0.02796609438855874
0,32.9881,5.853125,-0.027871455075201033
0,32.9881,5.85625,-0.027777435938731915
0,32.9881,5.859375,-0.027684030117926077
0,32.9881,5.862500000000001,-0.027591230861150017
0,32.9881,5.8656250000000005,-0.02749903152412451
0,32.9881,5.86875,-0.02740742556774119
0,32.9881,5.871875,-0.02731640655593208
0,32.9881,5.875,-0.027225968153590418
0,32.9881,5.878125000000001,-0.027136104124541368
0,32.9881,5.8812500000000005,-0.027046808329561436
0,32.9881,5.884375,-0.02695807472444483
0,32.9881,5.8875,-0.026869897358116086
0,32.9881,5.890625,-0.026782270370787217
0,32.9881,5.893750000000001,-0.02669518799215837
0,32.9881,5.8968750000000005,-0.02660864453966095
0,32.9881,5.9,-0.026522634416741617
0,32.9881,5.903125,-0.026437152111186708
0,32.9881,5.90625,-0.026352192193485467
0,32.9881,5.909375000000001,-0.026267749315231247
0,32.9881,5.9125000000000005,-0.02618381820755984
0,32.9881,5.915625,-0.02610039367962351
0,32.9881,5.91875,-0.026017470617100344
0,32.9881,5.921875,-0.025935043980737513
0,32.9881,5.925000000000001,-0.025853108804927857
0,32.9881,5.9281250000000005,-0.025771660196318862
0,32.9881,5.93125,-0.025690693332452913
0,32.9881,5.934375,-0.025610203460438526
0,32.9881,5.9375,-0.02553018589565129
0,32.9881,5.940625000000001,-0.025450636020463952
0,32.9881,5.9437500000000005,-0.02537154928300503
0,32.9881,5.946875,-0.025292921195944756
0,32.9881,5.95,-0.025214747335308277
0,32.9881,5.953125,-0.0251370233393149
0,32.9881,5.956250000000001,-0.025059744907243015
0,32.9881,5.9593750000000005,-0.024982907798319964
0,32.9881,5.9625,-0.02490650783063607
0,32.9881,5.965625,-0.02483054088008254
0,32.9881,5.96875,-0.024755002879312364
0,32.9881,5.971875000000001,-0.02467988981672371
0,32.9881,5.9750000000000005,-0.024605197735465434
0,32.9881,5.978125,-0.024530922732463736
0,32.9881,5.98125,-0.024457060957469905
0,32.9881,5.984375,-0.02438360861212837
0,32.9881,5.987500000000001,-0.02431056194906457
0,32.9881,5.9906250000000005,-0.024237917270992292
0,32.9881,5.99375,-0.024165670929839723
0,32.9881,5.996875,-0.02409381932589415
0,32.9881,6.0,-0.024022358906964508
