"Current","Field","Frequency","Spectra"
0,41.3961,1.0,-0.039644092838288486
0,41.3961,1.003125,-0.03980438378816265
0,41.3961,1.00625,-0.03996576151177156
0,41.3961,1.009375,-0.04012823672081897
0,41.3961,1.0125,-0.04029182026660836
0,41.3961,1.015625,-0.04045652314229653
0,41.3961,1.01875,-0.04062235648519061
0,41.3961,1.021875,-0.040789331579088955
0,41.3961,1.025,-0.04095745985666712
0,41.3961,1.028125,-0.041126752901910014
0,41.3961,1.03125,-0.04129722245259089
0,41.3961,1.034375,-0.041468880402798614
0,41.3961,1.0375,-0.04164173880551412
0,41.3961,1.040625,-0.04181580987523705
0,41.3961,1.04375,-0.04199110599066394
0,41.3961,1.046875,-0.04216763969741882
0,41.3961,1.05,-0.04234542371083769
0,41.3961,1.053125,-0.04252447091880798
0,41.3961,1.05625,-0.042704794384664124
0,41.3961,1.059375,-0.042886407350140716
0,41.3961,1.0625,-0.043069323238384444
0,41.3961,1.065625,-0.043253555657026176
0,41.3961,1.06875,-0.04343911840131459
0,41.3961,1.071875,-0.04362602545731272
0,41.3961,1.075,-0.043814291005158996
0,41.3961,1.078125,-0.04400392942239398
0,41.3961,1.08125,-0.04419495528735471
0,41.3961,1.084375,-0.04438738338263796
0,41.3961,1.0875,-0.044581228698633985
0,41.3961,1.090625,-0.044776506437132754
0,41.3961,1.09375,-0.044973232015003785
0,41.3961,1.096875,-0.04517142106795193
0,41.3961,1.1,-0.04537108945435051
0,41.3961,1.103125,-0.04557225325915368
0,41.3961,1.10625,-0.045774928797890094
0,41.3961,1.109375,-0.04597913262073952
0,41.3961,1.1125,-0.046184881516694656
0,41.3961,1.115625,-0.04639219251781
0,41.3961,1.11875,-0.046601082903539856
0,41.3961,1.121875,-0.0468115702051679
0,41.3961,1.125,-0.04702367221033003
0,41.3961,1.128125,-0.04723740696763318
0,41.3961,1.13125,-0.047452792791372295
0,41.3961,1.134375,-0.04766984826634771
0,41.3961,1.1375,-0.04788859225278563
0,41.3961,1.140625,-0.04810904389136399
0,41.3961,1.14375,-0.048331222608346464
0,41.3961,1.146875,-0.048555148120827285
0,41.3961,1.15,-0.04878084044208929
0,41.3961,1.153125,-0.04900831988707867
0,41.3961,1.15625,-0.04923760707799838
0,41.3961,1.159375,-0.04946872295002412
0,41.3961,1.1625,-0.04970168875714526
0,41.3961,1.165625,-0.04993652607813415
0,41.3961,1.16875,-0.050173256822647005
0,41.3961,1.171875,-0.05041190323745959
0,41.3961,1.175,-0.05065248791284117
0,41.3961,1.178125,-0.0508950337890703
0,41.3961,1.18125,-0.05113956416309583
0,41.3961,1.184375,-0.051386102695347186
0,41.3961,1.1875,-0.05163467341669728
0,41.3961,1.190625,-0.051885300735582444
0,41.3961,1.19375,-0.052138009445283046
0,41.3961,1.196875,-0.05239282473136911
0,41.3961,1.2,-0.05264977217931526
0,41.3961,1.203125,-0.05290887778228911
0,41.3961,1.20625,-0.05317016794911799
0,41.3961,1.209375,-0.053433669512438345
0,41.3961,1.2125,-0.053699409737032695
0,41.3961,1.215625,-0.05396741632835923
0,41.3961,1.21875,-0.05423771744127877
0,41.3961,1.221875,-0.05451034168898462
0,41.3961,1.225,-0.05478531815214058
0,41.3961,1.228125,-0.05506267638823255
0,41.3961,1.23125,-0.055342446441139614
0,41.3961,1.234375,-0.0556246588509302
0,41.3961,1.2375,-0.05590934466388958
0,41.3961,1.240625,-0.0561965354427849
0,41.3961,1.24375,-0.05648626327737392
0,41.3961,1.246875,-0.05677856079516447
0,41.3961,1.25,-0.05707346117243088
0,41.3961,1.253125,-0.05737099814549486
0,41.3961,1.25625,-0.05767120602227779
0,41.3961,1.259375,-0.05797411969413191
0,41.3961,1.2625,-0.058279774647958034
0,41.3961,1.265625,-0.058588206978617746
0,41.3961,1.26875,-0.05889945340164805
0,41.3961,1.271875,-0.05921355126628715
0,41.3961,1.275,-0.05953053856881957
0,41.3961,1.278125,-0.05985045396625005
0,41.3961,1.28125,-0.060173336790314794
0,41.3961,1.284375,-0.06049922706184005
0,41.3961,1.2875,-0.06082816550545751
0,41.3961,1.290625,-0.06116019356468663
0,41.3961,1.29375,-0.06149535341739441
0,41.3961,1.296875,-0.061833687991642954
0,41.3961,1.3,-0.06217524098193635
0,41.3961,1.303125,-0.06252005686587786
0,41.3961,1.30625,-0.06286818092124938
0,41.3961,1.309375,-0.06321965924352524
0,41.3961,1.3125,-0.06357453876383279
0,41.3961,1.315625,-0.06393286726737277
0,41.3961,1.31875,-0.0642946934123127
0,41.3961,1.321875,-0.06466006674916722
0,41.3961,1.325,-0.0650290377406793
0,41.3961,1.328125,-0.0654016577822171
0,41.3961,1.33125,-0.06577797922270166
0,41.3961,1.334375,-0.06615805538608097
0,41.3961,1.3375,-0.06654194059336645
0,41.3961,1.340625,-0.06692969018524883
0,41.3961,1.34375,-0.06732136054530992
0,41.3961,1.346875,-0.06771700912384884
0,41.3961,1.35,-0.06811669446234059
0,41.3961,1.353125,-0.06852047621854569
0,41.3961,1.35625,-0.06892841519229129
0,41.3961,1.359375,-0.06934057335194267
0,41.3961,1.3625,-0.06975701386158745
0,41.3961,1.365625,-0.07017780110895278
0,41.3961,1.36875,-0.07060300073407882
0,41.3961,1.371875,-0.07103267965877103
0,41.3961,1.375,-0.07146690611685483
0,41.3961,1.378125,-0.07190574968525815
0,41.3961,1.38125,-0.07234928131594626
0,41.3961,1.384375,-0.07279757336873588
0,41.3961,1.3875,-0.07325069964501574
0,41.3961,1.390625,-0.0737087354224009
0,41.3961,1.39375,-0.07417175749035115
0,41.3961,1.396875,-0.0746398441867825
0,41.3961,1.4,-0.07511307543570331
0,41.3961,1.403125,-0.0755915327859073
0,41.3961,1.40625,-0.07607529945075626
0,41.3961,1.409375,-0.07656446034908723
0,41.3961,1.4125,-0.07705910214727968
0,41.3961,1.415625,-0.07755931330251926
0,41.3961,1.41875,-0.07806518410729665
0,41.3961,1.421875,-0.07857680673518025
0,41.3961,1.425,-0.07909427528790405
0,41.3961,1.428125,-0.07961768584381279
0,41.3961,1.43125,-0.08014713650770772
0,41.3961,1.434375,-0.08068272746213856
0,41.3961,1.4375,-0.0812245610201881
0,41.3961,1.440625,-0.08177274167979812
0,41.3961,1.44375,-0.0823273761796865
0,41.3961,1.446875,-0.0828885735569076
0,41.3961,1.45,-0.08345644520610962
0,41.3961,1.453125,-0.08403110494054407
0,41.3961,1.45625,-0.08461266905488565
0,41.3961,1.459375,-0.08520125638992167
0,41.3961,1.4625,-0.08579698839917273
0,41.3961,1.465625,-0.08639998921750891
0,41.3961,1.46875,-0.08701038573182715
0,41.3961,1.471875,-0.0876283076538587
0,41.3961,1.475,-0.08825388759517783
0,41.3961,1.478125,-0.0888872611444845
0,41.3961,1.48125,-0.08952856694723844
0,41.3961,1.484375,-0.09017794678772176
0,41.3961,1.4875,-0.09083554567361363
0,41.3961,1.490625,-0.09150151192316028
0,41.3961,1.49375,-0.09217599725502842
0,41.3961,1.496875,-0.09285915688093337
0,41.3961,1.5,-0.09355114960113461
0,41.3961,1.503125,-0.09425213790289774
0,41.3961,1.50625,-0.09496228806202257
0,41.3961,1.509375,-0.09568177024754228
0,41.3961,1.5125000000000002,-0.0964107586297023
0,41.3961,1.515625,-0.09714943149132974
0,41.3961,1.51875,-0.0978979713427116
0,41.3961,1.521875,-0.09865656504009984
0,41.3961,1.525,-0.09942540390796945
0,41.3961,1.5281250000000002,-0.10020468386515813
0,41.3961,1.53125,-0.10099460555502067
0,41.3961,1.534375,-0.10179537447973774
0,41.3961,1.5375,-0.10260720113892073
0,41.3961,1.540625,-0.10343030117266253
0,41.3961,1.5437500000000002,-0.10426489550918724
0,41.3961,1.546875,-0.10511121051725747
0,41.3961,1.55,-0.10596947816350519
0,41.3961,1.553125,-0.10683993617485493
0,41.3961,1.55625,-0.10772282820621712
0,41.3961,1.5593750000000002,-0.10861840401363351
0,41.3961,1.5625,-0.1095269196330628
0,41.3961,1.565625,-0.11044863756500405
0,41.3961,1.56875,-0.11138382696515692
0,41.3961,1.571875,-0.11233276384133015
0,41.3961,1.5750000000000002,-0.11329573125681341
0,41.3961,1.578125,-0.11427301954043476
0,41.3961,1.58125,-0.11526492650353701
0,41.3961,1.584375,-0.11627175766410819
0,41.3961,1.5875,-0.11729382647831474
0,41.3961,1.5906250000000002,-0.11833145457969073
0,41.3961,1.59375,-0.1193849720262442
0,41.3961,1.596875,-0.12045471755575408
0,41.3961,1.6,-0.12154103884953327
0,41.3961,1.603125,-0.12264429280494807
0,41.3961,1.6062500000000002,-0.12376484581698984
0,41.3961,1.609375,-0.124903074069202
0,41.3961,1.6125,-0.1260593638342805
0,41.3961,1.615625,-0.1272341117846662
0,41.3961,1.61875,-0.12842772531346444
0,41.3961,1.6218750000000002,-0.12964062286603206
0,41.3961,1.625,-0.13087323428258
0,41.3961,1.628125,-0.13212600115215412
0,41.3961,1.63125,-0.13339937717835776
0,41.3961,1.634375,-0.1346938285571951
0,41.3961,1.6375000000000002,-0.13600983436741965
0,41.3961,1.640625,-0.137347886973778
0,41.3961,1.64375,-0.13870849244355443
0,41.3961,1.646875,-0.1400921709768178
0,41.3961,1.65,-0.1414994573507903
0,41.3961,1.6531250000000002,-0.14293090137875603
0,41.3961,1.65625,-0.14438706838393411
0,41.3961,1.659375,-0.14586853968875066
0,41.3961,1.6625,-0.14737591311993736
0,41.3961,1.665625,-0.1489098035298965
0,41.3961,1.6687500000000002,-0.15047084333476754
0,41.3961,1.671875,-0.15205968306962814
0,41.3961,1.675,-0.15367699196126733
0,41.3961,1.678125,-0.15532345851895263
0,41.3961,1.68125,-0.15699979114361629
0,41.3961,1.6843750000000002,-0.15870671875587003
0,41.3961,1.6875,-0.160444991443244
0,41.3961,1.690625,-0.16221538112703698
0,41.3961,1.69375,-0.164018682249133
0,41.3961,1.696875,-0.16585571247912706
0,41.3961,1.7000000000000002,-0.16772731344206626
0,41.3961,1.703125,-0.16963435146707861
0,41.3961,1.70625,-0.1715777183571276
0,41.3961,1.709375,-0.17355833218007335
0,41.3961,1.7125,-0.17557713808117725
0,41.3961,1.7156250000000002,-0.1776351091171175
0,41.3961,1.71875,-0.17973324711151095
0,41.3961,1.721875,-0.18187258353186297
0,41.3961,1.725,-0.1840541803877596
0,41.3961,1.728125,-0.1862791311500249
0,41.3961,1.7312500000000002,-0.18854856169043768
0,41.3961,1.734375,-0.19086363124146766
0,41.3961,1.7375,-0.19322553337534668
0,41.3961,1.740625,-0.19563549700160698
0,41.3961,1.74375,-0.19809478738204084
0,41.3961,1.7468750000000002,-0.20060470716181386
0,41.3961,1.75,-0.20316659741522425
0,41.3961,1.753125,-0.2057818387043439
0,41.3961,1.75625,-0.2084518521484652
0,41.3961,1.759375,-0.21117810050196056
0,41.3961,1.7625000000000002,-0.21396208923778873
0,41.3961,1.765625,-0.21680536763347175
0,41.3961,1.76875,-0.2197095298559271
0,41.3961,1.771875,-0.22267621604102325
0,41.3961,1.775,-0.22570711336319127
0,41.3961,1.7781250000000002,-0.2288039570898059
0,41.3961,1.78125,-0.2319685316143754
0,41.3961,1.784375,-0.23520267146185084
0,41.3961,1.7875,-0.23850826225852934
0,41.3961,1.790625,-0.2418872416581475
0,41.3961,1.7937500000000002,-0.24534160021476414
0,41.3961,1.796875,-0.24887338219194824
0,41.3961,1.8,-0.2524846862966159
0,41.3961,1.803125,-0.25617766632453964
0,41.3961,1.80625,-0.25995453170315586
0,41.3961,1.8093750000000002,-0.2638175479157329
0,41.3961,1.8125,-0.26776903678927144
0,41.3961,1.815625,-0.27181137662668015
0,41.3961,1.81875,-0.2759470021617487
0,41.3961,1.821875,-0.28017840431328417
0,41.3961,1.8250000000000002,-0.2845081297124116
0,41.3961,1.828125,-0.2889387799744886
0,41.3961,1.83125,-0.29347301068434795
0,41.3961,1.834375,-0.29811353006059116
0,41.3961,1.8375,-0.30286309726149635
0,41.3961,1.8406250000000002,-0.30772452029167036
0,41.3961,1.84375,-0.31270065346491993
0,41.3961,1.846875,-0.31779439437494267
0,41.3961,1.85,-0.32300868032126995
0,41.3961,1.853125,-0.328346484133549
0,41.3961,1.8562500000000002,-0.3338108093326177
0,41.3961,1.859375,-0.3394046845619905
0,41.3961,1.8625,-0.3451311572183524
0,41.3961,1.865625,-0.35099328620439585
0,41.3961,1.86875,-0.35699413372200206
0,41.3961,1.8718750000000002,-0.36313675601826684
0,41.3961,1.875,-0.3694241929913528
0,41.3961,1.878125,-0.37585945655767417
0,41.3961,1.88125,-0.38244551767650214
0,41.3961,1.884375,-0.3891852919229617
0,41.3961,1.8875000000000002,-0.3960816234955609
0,41.3961,1.890625,-0.40313726754010215
0,41.3961,1.89375,-0.4103548706682554
0,41.3961,1.896875,-0.4177369495463432
0,41.3961,1.9,-0.4252858674284151
0,41.3961,1.9031250000000002,-0.4330038085075948
0,41.3961,1.90625,-0.4408927499614068
0,41.3961,1.909375,-0.44895443157070614
0,41.3961,1.9125,-0.45719032279825533
0,41.3961,1.915625,-0.46560158722257533
0,41.3961,1.9187500000000002,-0.4741890442357654
0,41.3961,1.921875,-0.48295312793123013
0,41.3961,1.925,-0.49189384312926754
0,41.3961,1.928125,-0.5010107185157869
0,41.3961,1.93125,-0.5103027569029017
0,41.3961,1.9343750000000002,-0.519768382660262
0,41.3961,1.9375,-0.5294053864135488
0,41.3961,1.940625,-0.5392108671621922
0,41.3961,1.94375,-0.5491811720325552
0,41.3961,1.946875,-0.5593118339562353
0,41.3961,1.9500000000000002,-0.5695975076459096
0,41.3961,1.953125,-0.5800319043335682
0,41.3961,1.95625,-0.5906077258379449
0,41.3961,1.959375,-0.6013165986388882
0,41.3961,1.9625,-0.6121490087557447
0,41.3961,1.9656250000000002,-0.6230942383530174
0,41.3961,1.96875,-0.6341403051279194
0,41.3961,1.971875,-0.6452739056685146
0,41.3961,1.975,-0.6564803641045914
0,41.3961,1.978125,-0.6677435875026271
0,41.3961,1.9812500000000002,-0.6790460295761879
0,41.3961,1.984375,-0.6903686643886129
0,41.3961,1.9875,-0.7016909718095907
0,41.3961,1.990625,-0.7129909365442682
0,41.3961,1.99375,-0.724245062575702
0,41.3961,1.9968750000000002,-0.7354284048408601
0,41.3961,2.0,-0.7465146198895176
0,41.3961,2.003125,-0.7574760371469613
0,41.3961,2.00625,-0.7682837522088108
0,41.3961,2.0093750000000004,-0.7789077433345296
0,41.3961,2.0125,-0.7893170119718504
0,41.3961,2.015625,-0.7994797477365676
0,41.3961,2.01875,-0.8093635177930701
0,41.3961,2.021875,-0.8189354800361667
0,41.3961,2.0250000000000004,-0.8281626188735584
0,41.3961,2.028125,-0.8370120017643373
0,41.3961,2.03125,-0.8454510539995712
0,41.3961,2.034375,-0.8534478485378542
0,41.3961,2.0375,-0.8609714070562674
0,41.3961,2.0406250000000004,-0.867992007772507
0,41.3961,2.04375,-0.8744814950653739
0,41.3961,2.046875,-0.8804135854964219
0,41.3961,2.05,-0.8857641645417448
0,41.3961,2.053125,-0.8905115682025286
0,41.3961,2.0562500000000004,-0.8946368436937973
0,41.3961,2.059375,-0.8981239836239113
0,41.3961,2.0625,-0.9009601284760124
0,41.3961,2.065625,-0.903135732781386
0,41.3961,2.06875,-0.9046446911193353
0,41.3961,2.0718750000000004,-0.9054844209657147
0,41.3961,2.075,-0.9056559004122975
0,41.3961,2.078125,-0.905163659854906
0,41.3961,2.08125,-0.9040157278588303
0,41.3961,2.084375,-0.9022235325126228
0,41.3961,2.0875000000000004,-0.8998017606334322
0,41.3961,2.090625,-0.8967681781490768
0,41.3961,2.09375,-0.8931434158194328
0,41.3961,2.096875,-0.8889507251446473
0,41.3961,2.1,-0.8842157098203931
0,41.3961,2.1031250000000004,-0.8789660384299309
0,41.3961,2.10625,-0.873231144206969
0,41.3961,2.109375,-0.8670419176685388
0,41.3961,2.1125,-0.8604303977170836
0,41.3961,2.115625,-0.8534294664654751
0,41.3961,2.1187500000000004,-0.8460725525722186
0,41.3961,2.121875,-0.8383933473137769
0,41.3961,2.125,-0.8304255369952077
0,41.3961,2.128125,-0.8222025546370831
0,41.3961,2.13125,-0.8137573532022205
0,41.3961,2.1343750000000004,-0.8051222019636501
0,41.3961,2.1375,-0.7963285069854048
0,41.3961,2.140625,-0.7874066561062798
0,41.3961,2.14375,-0.7783858882955701
0,41.3961,2.146875,-0.7692941867969134
0,41.3961,2.1500000000000004,-0.7601581950960095
0,41.3961,2.153125,-0.7510031544410073
0,41.3961,2.15625,-0.7418528614089839
0,41.3961,2.159375,-0.732729643844047
0,41.3961,2.1625,-0.7236543533864808
0,41.3961,2.1656250000000004,-0.7146463727612171
0,41.3961,2.16875,-0.7057236359902206
0,41.3961,2.171875,-0.6969026597294875
0,41.3961,2.175,-0.6881985839996686
0,41.3961,2.178125,-0.6796252206725977
0,41.3961,2.1812500000000004,-0.6711951081876963
0,41.3961,2.184375,-0.6629195710962785
0,41.3961,2.1875,-0.6548087831631209
0,41.3961,2.190625,-0.6468718328888364
0,41.3961,2.19375,-0.6391167904499682
0,41.3961,2.1968750000000004,-0.6315507751834738
0,41.3961,2.2,-0.6241800228660888
0,41.3961,2.203125,-0.6170099521553964
0,41.3961,2.20625,-0.6100452296671233
0,41.3961,2.209375,-0.6032898332615766
0,41.3961,2.2125000000000004,-0.5967471132009772
0,41.3961,2.215625,-0.5904198509186496
0,41.3961,2.21875,-0.5843103152109034
0,41.3961,2.221875,-0.578420315723333
0,41.3961,2.225,-0.5727512536557006
0,41.3961,2.2281250000000004,-0.5673041696541883
0,41.3961,2.23125,-0.5620797888972205
0,41.3961,2.234375,-0.5570785634119757
0,41.3961,2.2375,-0.5523007116837857
0,41.3961,2.240625,-0.5477462556404908
0,41.3961,2.2437500000000004,-0.5434150551091583
0,41.3961,2.246875,-0.5393068398538972
0,41.3961,2.25,-0.5354212393114128
0,41.3961,2.253125,-0.5317578101458882
0,41.3961,2.25625,-0.5283160617472064
0,41.3961,2.2593750000000004,-0.5250954797968617
0,41.3961,2.2625,-0.5220955480244426
0,41.3961,2.265625,-0.5193157682746558
0,41.3961,2.26875,-0.5167556790007318
0,41.3961,2.271875,-0.5144148722949193
0,41.3961,2.2750000000000004,-0.5122930095608551
0,41.3961,2.278125,-0.5103898359260028
0,41.3961,2.28125,-0.5087051934852347
0,41.3961,2.284375,-0.5072390334590584
0,41.3961,2.2875,-0.5059914273420494
0,41.3961,2.2906250000000004,-0.5049625771087763
0,41.3961,2.29375,-0.504152824535935
0,41.3961,2.296875,-0.5035626596905306
0,41.3961,2.3,-0.5031927286247853
0,41.3961,2.303125,-0.5030438403089434
0,41.3961,2.3062500000000004,-0.5031169728232933
0,41.3961,2.309375,-0.5034132788204542
0,41.3961,2.3125,-0.5039340902582412
0,41.3961,2.315625,-0.5046809223921416
0,41.3961,2.31875,-0.5056554770045409
0,41.3961,2.3218750000000004,-0.5068596448352319
0,41.3961,2.325,-0.5082955071643377
0,41.3961,2.328125,-0.509965336484471
0,41.3961,2.33125,-0.5118715961836328
0,41.3961,2.334375,-0.514016939143926
0,41.3961,2.3375000000000004,-0.5164042051434969
0,41.3961,2.340625,-0.5190364169301289
0,41.3961,2.34375,-0.5219167748144906
0,41.3961,2.346875,-0.5250486496090888
0,41.3961,2.35,-0.5284355737154447
0,41.3961,2.3531250000000004,-0.5320812301368147
0,41.3961,2.35625,-0.5359894391669369
0,41.3961,2.359375,-0.5401641424767882
0,41.3961,2.3625,-0.5446093842912959
0,41.3961,2.365625,-0.5493292893165063
0,41.3961,2.3687500000000004,-0.5543280370451038
0,41.3961,2.371875,-0.5596098320347849
0,41.3961,2.375,-0.5651788697202728
0,41.3961,2.378125,-0.5710392972864242
0,41.3961,2.38125,-0.5771951690977706
0,41.3961,2.3843750000000004,-0.5836503961500494
0,41.3961,2.3875,-0.5904086889832538
0,41.3961,2.390625,-0.5974734934751129
0,41.3961,2.39375,-0.6048479189208636
0,41.3961,2.396875,-0.6125346578021914
0,41.3961,2.4000000000000004,-0.6205358966582503
0,41.3961,2.403125,-0.6288532174982939
0,41.3961,2.40625,-0.637487489242612
0,41.3961,2.409375,-0.6464387487508121
0,41.3961,2.4125,-0.655706071099154
0,41.3961,2.4156250000000004,-0.6652874289071756
0,41.3961,2.41875,-0.6751795406943533
0,41.3961,2.421875,-0.6853777084761943
0,41.3961,2.425,-0.6958756450922332
0,41.3961,2.428125,-0.70666529210189
0,41.3961,2.4312500000000004,-0.7177366294930857
0,41.3961,2.434375,-0.7290774789268757
0,41.3961,2.4375,-0.7406733027908341
0,41.3961,2.440625,-0.752507001953503
0,41.3961,2.44375,-0.7645587157970203
0,41.3961,2.4468750000000004,-0.7768056288451549
0,41.3961,2.45,-0.789221789083671
0,41.3961,2.453125,-0.8017779438661334
0,41.3961,2.45625,-0.8144414000799004
0,41.3961,2.459375,-0.8271759159742972
0,41.3961,2.4625000000000004,-0.839941632676774
0,41.3961,2.465625,-0.8526950538858753
0,41.3961,2.46875,-0.8653890824671231
0,41.3961,2.471875,-0.8779731226198965
0,41.3961,2.475,-0.8903932558591807
0,41.3961,2.4781250000000004,-0.9025924981985911
0,41.3961,2.48125,-0.9145111445736238
0,41.3961,2.484375,-0.9260872046673299
0,41.3961,2.4875,-0.9372569318810167
0,41.3961,2.490625,-0.9479554442502538
0,41.3961,2.4937500000000004,-0.9581174327018771
0,41.3961,2.496875,-0.9676779482870889
0,41.3961,2.5,-0.9765732560620327
0,41.3961,2.503125,-0.9847417393177365
0,41.3961,2.50625,-0.9921248341194431
0,41.3961,2.5093750000000004,-0.9986679708572136
0,41.3961,2.5125,-1.0043214969957381
0,41.3961,2.515625,-1.0090415536836868
0,41.3961,2.51875,-1.0127908785416162
0,41.3961,2.521875,-1.015539507926538
0,41.3961,2.5250000000000004,-1.0172653543195853
0,41.3961,2.528125,-1.0179546381515854
0,41.3961,2.53125,-1.0176021582187156
0,41.3961,2.534375,-1.0162113906008259
0,41.3961,2.5375,-1.013794412354588
0,41.3961,2.5406250000000004,-1.0103716528368614
0,41.3961,2.54375,-1.0059714819254453
0,41.3961,2.546875,-1.000629650264618
0,41.3961,2.55,-0.9943886016391993
0,41.3961,2.553125,-0.987296681415674
0,41.3961,2.5562500000000004,-0.9794072675180068
0,41.3961,2.559375,-0.9707778515662867
0,41.3961,2.5625,-0.9614690976346841
0,41.3961,2.565625,-0.95154390470517
0,41.3961,2.56875,-0.94106649649742
0,41.3961,2.5718750000000004,-0.930101559181406
0,41.3961,2.575,-0.9187134437865664
0,41.3961,2.578125,-0.9069654461681482
0,41.3961,2.58125,-0.8949191734145855
0,41.3961,2.584375,-0.8826340017822626
0,41.3961,2.5875000000000004,-0.8701666277849819
0,41.3961,2.590625,-0.8575707110571036
0,41.3961,2.59375,-0.8448966051182422
0,41.3961,2.596875,-0.8321911702185586
0,41.3961,2.6,-0.8194976610275576
0,41.3961,2.6031250000000004,-0.8068556810096633
0,41.3961,2.60625,-0.7943011948516733
0,41.3961,2.609375,-0.7818665902045364
0,41.3961,2.6125,-0.7695807802040227
0,41.3961,2.615625,-0.757469338671682
0,41.3961,2.6187500000000004,-0.7455546605034985
0,41.3961,2.621875,-0.7338561404701249
0,41.3961,2.625,-0.7223903644295581
0,41.3961,2.628125,-0.7111713077494163
0,41.3961,2.63125,-0.7002105365193766
0,41.3961,2.6343750000000004,-0.6895174078808985
0,41.3961,2.6375,-0.6790992664942358
0,41.3961,2.640625,-0.6689616347914944
0,41.3961,2.64375,-0.6591083952235455
0,41.3961,2.646875,-0.6495419631964582
0,41.3961,2.6500000000000004,-0.640263449811281
0,41.3961,2.653125,-0.6312728138730296
0,41.3961,2.65625,-0.6225690029257034
0,41.3961,2.659375,-0.6141500833058888
0,41.3961,2.6625,-0.6060133593942245
0,41.3961,2.6656250000000004,-0.5981554823880344
0,41.3961,2.66875,-0.590572549025763
0,41.3961,2.671875,-0.5832601907702125
0,41.3961,2.675,-0.5762136540081577
0,41.3961,2.678125,-0.5694278718533291
0,41.3961,2.6812500000000004,-0.5628975281522148
0,41.3961,2.684375,-0.5566171142910942
0,41.3961,2.6875,-0.5505809793913342
0,41.3961,2.690625,-0.5447833744607857
0,41.3961,2.69375,-0.5392184910442507
0,41.3961,2.6968750000000004,-0.5338804948872876
0,41.3961,2.7,-0.528763555096443
0,41.3961,2.703125,-0.5238618692465514
0,41.3961,2.70625,-0.5191696848529055
0,41.3961,2.709375,-0.5146813175935528
0,41.3961,2.7125000000000004,-0.5103911666352973
0,41.3961,2.715625,-0.5062937273864786
0,41.3961,2.71875,-0.5023836019706234
0,41.3961,2.721875,-0.4986555076877103
0,41.3961,2.725,-0.49510428370420106
0,41.3961,2.7281250000000004,-0.49172489618920817
0,41.3961,2.73125,-0.4885124420921674
0,41.3961,2.734375,-0.4854621517371571
0,41.3961,2.7375,-0.4825693903904712
0,41.3961,2.740625,-0.4798296589411328
0,41.3961,2.7437500000000004,-0.4772385938186665
0,41.3961,2.746875,-0.4747919662584982
0,41.3961,2.75,-0.4724856810127561
0,41.3961,2.753125,-0.4703157745928857
0,41.3961,2.75625,-0.4682784131202672
0,41.3961,2.7593750000000004,-0.4663698898518643
0,41.3961,2.7625,-0.46458662243971277
0,41.3961,2.765625,-0.46292514997572454
0,41.3961,2.76875,-0.4613821298667355
0,41.3961,2.771875,-0.4599543345788934
0,41.3961,2.7750000000000004,-0.458638648285303
0,41.3961,2.778125,-0.4574320634462448
0,41.3961,2.78125,-0.4563316773472147
0,41.3961,2.784375,-0.4553346886164257
0,41.3961,2.7875,-0.4544383937402361
0,41.3961,2.7906250000000004,-0.4536401835921635
0,41.3961,2.79375,-0.45293753998868197
0,41.3961,2.796875,-0.45232803228283114
0,41.3961,2.8,-0.45180931400477764
0,41.3961,2.803125,-0.45137911955680204
0,41.3961,2.8062500000000004,-0.4510352609687439
0,41.3961,2.809375,-0.4507756247186811
0,41.3961,2.8125,-0.45059816862252133
0,41.3961,2.815625,-0.45050091879524873
0,41.3961,2.81875,-0.4504819666857457
0,41.3961,2.8218750000000004,-0.45053946618641894
0,41.3961,2.825,-0.4506716308182582
0,41.3961,2.828125,-0.4508767309914502
0,41.3961,2.83125,-0.45115309134124226
0,41.3961,2.834375,-0.45149908813838935
0,41.3961,2.8375000000000004,-0.45191314677322364
0,41.3961,2.840625,-0.45239373931213767
0,41.3961,2.84375,-0.4529393821250751
0,41.3961,2.846875,-0.45354863358246866
0,41.3961,2.85,-0.45422009181993767
0,41.3961,2.8531250000000004,-0.4549523925689744
0,41.3961,2.85625,-0.4557442070517797
0,41.3961,2.859375,-0.4565942399383704
0,41.3961,2.8625,-0.4575012273640639
0,41.3961,2.865625,-0.45846393500543914
0,41.3961,2.8687500000000004,-0.45948115621289065
0,41.3961,2.871875,-0.4605517101979172
0,41.3961,2.875,-0.46167444027332466
0,41.3961,2.878125,-0.4628482121445687
0,41.3961,2.88125,-0.46407191225052186
0,41.3961,2.8843750000000004,-0.46534444615200604
0,41.3961,2.8875,-0.46666473696650906
0,41.3961,2.890625,-0.46803172384756536
0,41.3961,2.89375,-0.4694443605073676
0,41.3961,2.896875,-0.4709016137812515
0,41.3961,2.9000000000000004,-0.4724024622327812
0,41.3961,2.903125,-0.4739458947982461
0,41.3961,2.90625,-0.4755309094694712
0,41.3961,2.909375,-0.47715651201392334
0,41.3961,2.9125,-0.4788217147311932
0,41.3961,2.9156250000000004,-0.48052553524501734
0,41.3961,2.91875,-0.4822669953300973
0,41.3961,2.921875,-0.4840451197730595
0,41.3961,2.925,-0.4858589352669919
0,41.3961,2.928125,-0.4877074693390824
0,41.3961,2.9312500000000004,-0.48958974931096905
0,41.3961,2.934375,-0.49150480129150703
0,41.3961,2.9375,-0.4934516492017362
0,41.3961,2.940625,-0.4954293138319213
0,41.3961,2.94375,-0.49743681193062494
0,41.3961,2.9468750000000004,-0.4994731553258478
0,41.3961,2.95,-0.5015373500783619
0,41.3961,2.953125,-0.503628395667432
0,41.3961,2.95625,-0.5057452842092016
0,41.3961,2.959375,-0.5078869997080965
0,41.3961,2.9625000000000004,-0.5100525173416666
0,41.3961,2.965625,-0.5122408027793607
0,41.3961,2.96875,-0.5144508115357944
0,41.3961,2.971875,-0.51668148835913
0,41.3961,2.975,-0.5189317666552573
0,41.3961,2.9781250000000004,-0.5212005679485128
0,41.3961,2.98125,-0.5234868013797321
0,41.3961,2.984375,-0.5257893632424792
0,41.3961,2.9875,-0.5281071365583359
0,41.3961,2.990625,-0.530438990692184
0,41.3961,2.9937500000000004,-0.5327837810084389
0,41.3961,2.996875,-0.5351403485692308
0,41.3961,3.0,-0.5375075198755476
0,41.3961,3.0031250000000003,-0.539884106652379
0,41.3961,3.00625,-0.5422689056789056
0,41.3961,3.009375,-0.544660698664797
0,41.3961,3.0125,-0.5470582521736653
0,41.3961,3.015625,-0.5494603175947251
0,41.3961,3.0187500000000003,-0.5518656311637007
0,41.3961,3.021875,-0.5542729140339787
0,41.3961,3.025,-0.5566808723990037
0,41.3961,3.028125,-0.5590881976668503
0,41.3961,3.03125,-0.5614935666878761
0,41.3961,3.0343750000000003,-0.563895642036305
0,41.3961,3.0375,-0.5662930723465118
0,41.3961,3.040625,-0.5686844927047346
0,41.3961,3.04375,-0.571068525096834
0,41.3961,3.046875,-0.573443778912648
0,41.3961,3.0500000000000003,-0.575808851507388
0,41.3961,3.053125,-0.5781623288204094
0,41.3961,3.05625,-0.5805027860515847
0,41.3961,3.059375,-0.5828287883953738
0,41.3961,3.0625,-0.5851388918325572
0,41.3961,3.0656250000000003,-0.5874316439794625
0,41.3961,3.06875,-0.5897055849943501
0,41.3961,3.071875,-0.5919592485404865
0,41.3961,3.075,-0.5941911628052543
0,41.3961,3.078125,-0.5963998515744834
0,41.3961,3.0812500000000003,-0.5985838353610138
0,41.3961,3.084375,-0.6007416325863094
0,41.3961,3.0875,-0.6028717608137627
0,41.3961,3.090625,-0.6049727380321317
0,41.3961,3.09375,-0.607043083987358
0,41.3961,3.0968750000000003,-0.6090813215608193
0,41.3961,3.1,-0.6110859781918602
0,41.3961,3.103125,-0.6130555873422584
0,41.3961,3.10625,-0.6149886900000688
0,41.3961,3.109375,-0.6168838362200971
0,41.3961,3.1125000000000003,-0.618739586698062
0,41.3961,3.115625,-0.6205545143752961
0,41.3961,3.11875,-0.6223272060706687
0,41.3961,3.121875,-0.6240562641362123
0,41.3961,3.125,-0.6257403081327744
0,41.3961,3.1281250000000003,-0.6273779765218416
0,41.3961,3.13125,-0.6289679283695282
0,41.3961,3.134375,-0.6305088450585802
0,41.3961,3.1375,-0.6319994320041048
0,41.3961,3.140625,-0.6334384203686219
0,41.3961,3.1437500000000003,-0.634824568771927
0,41.3961,3.146875,-0.6361566649911615
0,41.3961,3.15,-0.6374335276464207
0,41.3961,3.153125,-0.6386540078671601
0,41.3961,3.15625,-0.6398169909346418
0,41.3961,3.1593750000000003,-0.640921397895627
0,41.3961,3.1625,-0.6419661871425318
0,41.3961,3.165625,-0.6429503559552823
0,41.3961,3.16875,-0.643872942000146
0,41.3961,3.171875,-0.6447330247808808
0,41.3961,3.1750000000000003,-0.6455297270376312
0,41.3961,3.178125,-0.646262216089097
0,41.3961,3.18125,-0.6469297051136391
0,41.3961,3.184375,-0.6475314543651257
0,41.3961,3.1875,-0.6480667723194924
0,41.3961,3.1906250000000003,-0.6485350167481828
0,41.3961,3.19375,-0.6489355957148352
0,41.3961,3.196875,-0.649267968491813
0,41.3961,3.2,-0.6495316463934202
0,41.3961,3.203125,-0.6497261935228946
0,41.3961,3.2062500000000003,-0.6498512274305599
0,41.3961,3.209375,-0.6499064196807913
0,41.3961,3.2125,-0.6498914963257634
0,41.3961,3.215625,-0.6498062382842481
0,41.3961,3.21875,-0.6496504816240676
0,41.3961,3.2218750000000003,-0.6494241177471133
0,41.3961,3.225,-0.6491270934762015
0,41.3961,3.228125,-0.64875941104335
0,41.3961,3.23125,-0.6483211279794192
0,41.3961,3.234375,-0.647812356905388
0,41.3961,3.2375000000000003,-0.647233265225882
0,41.3961,3.240625,-0.6465840747259007
0,41.3961,3.24375,-0.6458650610720248
0,41.3961,3.246875,-0.6450765532197009
0,41.3961,3.25,-0.6442189327285257
0,41.3961,3.2531250000000003,-0.6432926329877371
0,41.3961,3.25625,-0.6422981383544346
0,41.3961,3.259375,-0.6412359832073045
0,41.3961,3.2625,-0.6401067509189081
0,41.3961,3.265625,-0.6389110727498255
0,41.3961,3.2687500000000003,-0.6376496266681813
0,41.3961,3.271875,-0.6363231360982922
0,41.3961,3.275,-0.634932368602362
0,41.3961,3.278125,-0.6334781344993284
0,41.3961,3.28125,-0.6319612854251151
0,41.3961,3.2843750000000003,-0.6303827128386689
0,41.3961,3.2875,-0.6287433464782821
0,41.3961,3.290625,-0.6270441527727783
0,41.3961,3.29375,-0.6252861332122088
0,41.3961,3.296875,-0.6234703226827645
0,41.3961,3.3000000000000003,-0.6215977877706085
0,41.3961,3.303125,-0.6196696250393707
0,41.3961,3.30625,-0.6176869592859994
0,41.3961,3.309375,-0.6156509417796519
0,41.3961,3.3125,-0.6135627484882473
0,41.3961,3.3156250000000003,-0.6114235782972203
0,41.3961,3.31875,-0.6092346512249487
0,41.3961,3.321875,-0.6069972066392052
0,41.3961,3.325,-0.6047125014788727
0,41.3961,3.328125,-0.6023818084850299
0,41.3961,3.3312500000000003,-0.6000064144453637
0,41.3961,3.334375,-0.5975876184557174
0,41.3961,3.3375,-0.5951267302024018
0,41.3961,3.340625,-0.5926250682687383
0,41.3961,3.34375,-0.5900839584691073
0,41.3961,3.3468750000000003,-0.5875047322135818
0,41.3961,3.35,-0.5848887249060489
0,41.3961,3.353125,-0.5822372743784991
0,41.3961,3.35625,-0.5795517193639769
0,41.3961,3.359375,-0.5768333980104783
0,41.3961,3.3625000000000003,-0.5740836464378654
0,41.3961,3.365625,-0.5713037973396853
0,41.3961,3.36875,-0.5684951786315462
0,41.3961,3.371875,-0.565659112147535
0,41.3961,3.375,-0.5627969123859363
0,41.3961,3.3781250000000003,-0.5599098853053285
0,41.3961,3.38125,-0.556999327171949
0,41.3961,3.384375,-0.5540665234590169
0,41.3961,3.3875,-0.5511127477985466
0,41.3961,3.390625,-0.5481392609859912
0,41.3961,3.3937500000000003,-0.5451473100379018
0,41.3961,3.396875,-0.5421381273026289
0,41.3961,3.4000000000000004,-0.5391129296239308
0,41.3961,3.403125,-0.5360729175572324
0,41.3961,3.40625,-0.5330192746381124
0,41.3961,3.4093750000000003,-0.5299531667025007
0,41.3961,3.4125,-0.5268757412579315
0,41.3961,3.4156250000000004,-0.5237881269050849
0,41.3961,3.41875,-0.5206914328087675
0,41.3961,3.421875,-0.5175867482173648
0,41.3961,3.4250000000000003,-0.5144751420297331
0,41.3961,3.428125,-0.5113576624084134
0,41.3961,3.4312500000000004,-0.5082353364379745
0,41.3961,3.434375,-0.505109169827251
0,41.3961,3.4375,-0.5019801466541629
0,41.3961,3.4406250000000003,-0.498849229151784
0,41.3961,3.44375,-0.4957173575342663
0,41.3961,3.4468750000000004,-0.49258544986120434
0,41.3961,3.45,-0.4894544019390046
0,41.3961,3.453125,-0.486325087257789
0,41.3961,3.4562500000000003,-0.483198356962367
0,41.3961,3.459375,-0.48007503985579125
0,41.3961,3.4625000000000004,-0.476955942434007
0,41.3961,3.465625,-0.47384184895012654
0,41.3961,3.46875,-0.47073352150683645
0,41.3961,3.4718750000000003,-0.46763170017549094
0,41.3961,3.475,-0.4645371031404336
0,41.3961,3.4781250000000004,-0.46145042686711746
0,41.3961,3.48125,-0.45837234629262513
0,41.3961,3.484375,-0.4553035150371968
0,41.3961,3.4875000000000003,-0.45224456563541954
0,41.3961,3.490625,-0.44919610978575414
0,41.3961,3.4937500000000004,-0.44615873861710215
0,41.3961,3.496875,-0.4431330229711666
0,41.3961,3.5,-0.4401195136993753
0,41.3961,3.5031250000000003,-0.4371187419731934
0,41.3961,3.50625,-0.43413121960667467
0,41.3961,3.5093750000000004,-0.431157439390145
0,41.3961,3.5125,-0.4281978754339616
0,41.3961,3.515625,-0.4252529835213116
0,41.3961,3.5187500000000003,-0.42232320146907815
0,41.3961,3.521875,-0.41940894949582713
0,41.3961,3.5250000000000004,-0.41651063059600923
0,41.3961,3.528125,-0.4136286309195307
0,41.3961,3.53125,-0.41076332015585887
0,41.3961,3.5343750000000003,-0.40791505192189814
0,41.3961,3.5375,-0.40508416415289217
0,41.3961,3.5406250000000004,-0.4022709794956517
0,41.3961,3.54375,-0.39947580570345975
0,41.3961,3.546875,-0.39669893603201833
0,41.3961,3.5500000000000003,-0.39394064963586795
0,41.3961,3.553125,-0.39120121196472507
0,41.3961,3.5562500000000004,-0.3884808751592258
0,41.3961,3.559375,-0.3857798784456067
0,41.3961,3.5625,-0.3830984485288708
0,41.3961,3.5656250000000003,-0.38043679998403873
0,41.3961,3.56875,-0.3777951356451011
0,41.3961,3.5718750000000004,-0.37517364699132466
0,41.3961,3.575,-0.3725725145306004
0,41.3961,3.578125,-0.36999190817953775
0,41.3961,3.5812500000000003,-0.36743198764004814
0,41.3961,3.584375,-0.3648929027721838
0,41.3961,3.5875000000000004,-0.362374793963015
0,41.3961,3.590625,-0.35987779249137297
0,41.3961,3.59375,-0.35740202088828243
0,41.3961,3.5968750000000003,-0.35494759329295716
0,41.3961,3.6,-0.35251461580423255
0,41.3961,3.6031250000000004,-0.35010318682733843
0,41.3961,3.60625,-0.3477133974159388
0,41.3961,3.609375,-0.3453453316093697
0,41.3961,3.6125000000000003,-0.3429990667650419
0,41.3961,3.615625,-0.34067467388597805
0,41.3961,3.6187500000000004,-0.33837221794347266
0,41.3961,3.621875,-0.33609175819488585
0,41.3961,3.625,-0.3338333484965838
0,41.3961,3.6281250000000003,-0.33159703761206377
0,41.3961,3.63125,-0.3293828695153081
0,41.3961,3.6343750000000004,-0.32719088368942
0,41.3961,3.6375,-0.32502111542061923
0,41.3961,3.640625,-0.32287359608766775
0,41.3961,3.6437500000000003,-0.32074835344682195
0,41.3961,3.646875,-0.3186454119124077
0,41.3961,3.6500000000000004,-0.3165647928331256
0,41.3961,3.653125,-0.314506514764207
0,41.3961,3.65625,-0.312470593735539
0,41.3961,3.6593750000000003,-0.31045704351589715
0,41.3961,3.6625,-0.3084658758734213
0,41.3961,3.6656250000000004,-0.30649710083247766
0,41.3961,3.66875,-0.30455072692706564
0,41.3961,3.671875,-0.30262676145091905
0,41.3961,3.6750000000000003,-0.30072521070447067
0,41.3961,3.678125,-0.29884608023884507
0,41.3961,3.6812500000000004,-0.2969893750970508
0,41.3961,3.684375,-0.2951551000525545
0,41.3961,3.6875,-0.29334325984540993
0,41.3961,3.6906250000000003,-0.2915538594161351
0,41.3961,3.69375,-0.2897869041375203
0,41.3961,3.6968750000000004,-0.28804240004455994
0,41.3961,3.7,-0.286320354062706
0,41.3961,3.703125,-0.284620774234635
0,41.3961,3.7062500000000003,-0.28294366994573417
0,41.3961,3.709375,-0.2812890521485065
0,41.3961,3.7125000000000004,-0.2796569335860971
0,41.3961,3.715625,-0.27804732901515206
0,41.3961,3.71875,-0.27646025542821084
0,41.3961,3.7218750000000003,-0.2748957322758473
0,41.3961,3.725,-0.27335378168876484
0,41.3961,3.7281250000000004,-0.2718344287000559
0,41.3961,3.73125,-0.27033770146783975
0,41.3961,3.734375,-0.2688636314984842
0,41.3961,3.7375000000000003,-0.2674122538706246
0,41.3961,3.740625,-0.26598360746018845
0,41.3961,3.7437500000000004,-0.2645777351666298
0,41.3961,3.746875,-0.2631946841405843
0,41.3961,3.75,-0.26183450601314207
0,41.3961,3.7531250000000003,-0.2604972571269425
0,41.3961,3.75625,-0.25918299876928474
0,41.3961,3.7593750000000004,-0.25789179740744284
0,41.3961,3.7625,-0.25662372492637564
0,41.3961,3.765625,-0.2553788588690043
0,41.3961,3.7687500000000003,-0.2541572826792331
0,41.3961,3.771875,-0.25295908594787186
0,41.3961,3.7750000000000004,-0.2517843646616122
0,41.3961,3.778125,-0.25063322145519856
0,41.3961,3.78125,-0.24950576586691608
0,41.3961,3.7843750000000003,-0.24840211459750908
0,41.3961,3.7875,-0.2473223917726201
0,41.3961,3.7906250000000004,-0.24626672920882126
0,41.3961,3.79375,-0.24523526668328996
0,41.3961,3.796875,-0.24422815220714889
0,41.3961,3.8000000000000003,-0.2432455423024688
0,41.3961,3.803125,-0.2422876022828951
0,41.3961,3.8062500000000004,-0.24135450653782292
0,41.3961,3.809375,-0.2404464388200099
0,41.3961,3.8125,-0.2395635925364624
0,41.3961,3.8156250000000003,-0.23870617104238745
0,41.3961,3.81875,-0.23787438793794188
0,41.3961,3.8218750000000004,-0.23706846736744672
0,41.3961,3.825,-0.23628864432066868
0,41.3961,3.828125,-0.23553516493568644
0,41.3961,3.8312500000000003,-0.23480828680277888
0,41.3961,3.834375,-0.2341082792686721
0,41.3961,3.8375000000000004,-0.23343542374037618
0,41.3961,3.840625,-0.23279001398772786
0,41.3961,3.84375,-0.23217235644361953
0,41.3961,3.8468750000000003,-0.23158277050075626
0,41.3961,3.85,-0.23102158880362123
0,41.3961,3.8531250000000004,-0.23048915753415278
0,41.3961,3.85625,-0.22998583668944825
0,41.3961,3.859375,-0.22951200034959238
0,41.3961,3.8625000000000003,-0.22906803693347808
0,41.3961,3.865625,-0.2286543494402287
0,41.3961,3.8687500000000004,-0.2282713556735511
0,41.3961,3.871875,-0.2279194884460399
0,41.3961,3.875,-0.22759919576011614
0,41.3961,3.8781250000000003,-0.22731094096191387
0,41.3961,3.88125,-0.2270552028640271
0,41.3961,3.8843750000000004,-0.22683247583258717
0,41.3961,3.8875,-0.22664326983366548
0,41.3961,3.890625,-0.22648811043347303
0,41.3961,3.8937500000000003,-0.2263675387462644
0,41.3961,3.896875,-0.226282111323241
0,41.3961,3.9000000000000004,-0.22623239997508465
0,41.3961,3.903125,-0.22621899152003674
0,41.3961,3.90625,-0.22624248744866535
0,41.3961,3.9093750000000003,-0.22630350349563316
0,41.3961,3.9125,-0.22640266910788798
0,41.3961,3.9156250000000004,-0.2265406267977428
0,41.3961,3.91875,-0.22671803136829896
0,41.3961,3.921875,-0.22693554899758073
0,41.3961,3.9250000000000003,-0.2271938561666082
0,41.3961,3.928125,-0.22749363841542522
0,41.3961,3.9312500000000004,-0.2278355889098319
0,41.3961,3.934375,-0.2282204068002463
0,41.3961,3.9375,-0.22864879535274585
0,41.3961,3.9406250000000003,-0.22912145983092344
0,41.3961,3.94375,-0.22963910510574406
0,41.3961,3.9468750000000004,-0.23020243296912749
0,41.3961,3.95,-0.23081213912551654
0,41.3961,3.953125,-0.23146890983425764
0,41.3961,3.9562500000000003,-0.2321734181742271
0,41.3961,3.959375,-0.23292631990083906
0,41.3961,3.9625000000000004,-0.23372824886439048
0,41.3961,3.965625,-0.2345798119576888
0,41.3961,3.96875,-0.23548158356013058
0,41.3961,3.9718750000000003,-0.23643409944490335
0,41.3961,3.975,-0.2374378501158591
0,41.3961,3.9781250000000004,-0.2384932735409324
0,41.3961,3.98125,-0.23960074724984082
0,41.3961,3.984375,-0.24076057976533763
0,41.3961,3.9875000000000003,-0.24197300133958102
0,41.3961,3.990625,-0.243238153970402
0,41.3961,3.9937500000000004,-0.2445560806765225
0,41.3961,3.996875,-0.245926714016254
0,41.3961,4.0,-0.247349863841083
0,41.3961,4.003125000000001,-0.24882520428396812
0,41.3961,4.00625,-0.2503522599923369
0,41.3961,4.009375,-0.2519303916278641
0,41.3961,4.0125,-0.25355878066925597
0,41.3961,4.015625,-0.2552364135707269
0,41.3961,4.018750000000001,-0.2569620653476248
0,41.3961,4.021875,-0.25873428268198084
0,41.3961,4.025,-0.2605513666646049
0,41.3961,4.028125,-0.2624113553166883
0,41.3961,4.03125,-0.2643120060627523
0,41.3961,4.034375000000001,-0.2662507783578034
0,41.3961,4.0375,-0.26822481670462234
0,41.3961,4.040625,-0.2702309343316417
0,41.3961,4.04375,-0.27226559783726556
0,41.3961,4.046875,-0.27432491314206314
0,41.3961,4.050000000000001,-0.27640461312487796
0,41.3961,4.053125,-0.2785000473515076
0,41.3961,4.05625,-0.28060617433374574
0,41.3961,4.059375,-0.2827175567806077
0,41.3961,4.0625,-0.28482836032085035
0,41.3961,4.065625000000001,-0.2869323561843151
0,41.3961,4.06875,-0.2890229283273492
0,41.3961,4.071875,-0.291093085472436
0,41.3961,4.075,-0.29313547850222643
0,41.3961,4.078125,-0.2951424236017372
0,41.3961,4.081250000000001,-0.2971059314779025
0,41.3961,4.084375,-0.2990177429021128
0,41.3961,4.0875,-0.3008693707183031
0,41.3961,4.090625,-0.3026521483369123
0,41.3961,4.09375,-0.30435728459496264
0,41.3961,4.096875000000001,-0.3059759247066369
0,41.3961,4.1,-0.30749921686055165
0,41.3961,4.103125,-0.30891838384368586
0,41.3961,4.10625,-0.3102247988930644
0,41.3961,4.109375,-0.3114100648012228
0,41.3961,4.112500000000001,-0.3124660951370812
0,41.3961,4.115625,-0.31338519629772965
0,41.3961,4.11875,-0.31416014898618133
0,41.3961,4.121875,-0.31478428762256716
0,41.3961,4.125,-0.315251576147921
0,41.3961,4.128125000000001,-0.3155566786756491
0,41.3961,4.13125,-0.31569502348952844
0,41.3961,4.134375,-0.3156628589799848
0,41.3961,4.1375,-0.31545730025169116
0,41.3961,4.140625,-0.31507636532199146
0,41.3961,4.143750000000001,-0.31451900005582406
0,41.3961,4.146875,-0.31378509124108855
0,41.3961,4.15,-0.312875467489413
0,41.3961,4.153125,-0.31179188794045604
0,41.3961,4.15625,-0.3105370190418668
0,41.3961,4.159375000000001,-0.3091143999605551
0,41.3961,4.1625,-0.3075283974431788
0,41.3961,4.165625,-0.3057841511751909
0,41.3961,4.16875,-0.30388751088056554
0,41.3961,4.171875,-0.30184496655250886
0,41.3961,4.175000000000001,-0.29966357330568966
0,41.3961,4.178125,-0.2973508723914741
0,41.3961,4.18125,-0.29491480992051833
0,41.3961,4.184375,-0.29236365479503057
0,41.3961,4.1875,-0.2897059172708224
0,41.3961,4.190625000000001,-0.2869502694533128
0,41.3961,4.19375,-0.28410546888880206
0,41.3961,4.196875,-0.2811802862501882
0,41.3961,4.2,-0.27818343794236716
0,41.3961,4.203125,-0.27512352427378023
0,41.3961,4.206250000000001,-0.2720089736636606
0,41.3961,4.209375,-0.26884799318478514
0,41.3961,4.2125,-0.2656485255836453
0,41.3961,4.215625,-0.26241821277739086
0,41.3961,4.21875,-0.2591643657018529
0,41.3961,4.221875000000001,-0.2558939402790919
0,41.3961,4.225,-0.2526135191864058
0,41.3961,4.228125,-0.24932929904143297
0,41.3961,4.23125,-0.24604708256897456
0,41.3961,4.234375,-0.24277227528281725
0,41.3961,4.237500000000001,-0.23950988619873523
0,41.3961,4.240625,-0.23626453209071924
0,41.3961,4.24375,-0.2330404448094877
0,41.3961,4.246875,-0.2298414811984469
0,41.3961,4.25,-0.22667113516535334
0,41.3961,4.253125000000001,-0.223532551496504
0,41.3961,4.25625,-0.2204285410323959
0,41.3961,4.259375,-0.21736159685822834
0,41.3961,4.2625,-0.21433391119813794
0,41.3961,4.265625,-0.2113473927374746
0,41.3961,4.268750000000001,-0.20840368413221083
0,41.3961,4.271875,-0.20550417949781513
0,41.3961,4.275,-0.20265004170130896
0,41.3961,4.278125,-0.19984221930944504
0,41.3961,4.28125,-0.19708146307261426
0,41.3961,4.284375000000001,-0.19436834184838106
0,41.3961,4.2875,-0.19170325789017428
0,41.3961,4.290625,-0.18908646144583363
0,41.3961,4.29375,-0.18651806462751944
0,41.3961,4.296875,-0.1839980545289232
0,41.3961,4.300000000000001,-0.18152630557816246
0,41.3961,4.303125,-0.179102591125138
0,41.3961,4.30625,-0.17672659427080614
0,41.3961,4.309375,-0.17439791795294277
0,41.3961,4.3125,-0.17211609430859162
0,41.3961,4.315625000000001,-0.16988059333789265
0,41.3961,4.31875,-0.1676908308973072
0,41.3961,4.321875,-0.16554617605268593
0,41.3961,4.325,-0.1634459578242934
0,41.3961,4.328125,-0.16138947135680612
0,41.3961,4.331250000000001,-0.1593759835477554
0,41.3961,4.334375,-0.1574047381677875
0,41.3961,4.3375,-0.1554749605056715
0,41.3961,4.340625,-0.1535858615702759
0,41.3961,4.34375,-0.15173664188070488
0,41.3961,4.346875000000001,-0.14992649487468054
0,41.3961,4.35,-0.14815460996393973
0,41.3961,4.353125,-0.14642017526403941
0,41.3961,4.35625,-0.14472238002455987
0,41.3961,4.359375,-0.14306041678419057
0,41.3961,4.362500000000001,-0.1414334832737653
0,41.3961,4.365625,-0.1398407840888341
0,41.3961,4.36875,-0.1382815321519424
0,41.3961,4.371875,-0.13675494998342874
0,41.3961,4.375,-0.13526027079818412
0,41.3961,4.378125000000001,-0.13379673944457576
0,41.3961,4.38125,-0.13236361320050258
0,41.3961,4.384375,-0.13096016244039124
0,41.3961,4.3875,-0.12958567118587883
0,41.3961,4.390625,-0.1282394375518631
0,41.3961,4.393750000000001,-0.12692077409867766
0,41.3961,4.396875,-0.12562900810022695
0,41.3961,4.4,-0.12436348173707969
0,41.3961,4.403125,-0.12312355222275784
0,41.3961,4.40625,-0.12190859187070438
0,41.3961,4.409375000000001,-0.12071798810877302
0,41.3961,4.4125,-0.11955114344744694
0,41.3961,4.415625,-0.11840747540742086
0,41.3961,4.41875,-0.11728641641167409
0,41.3961,4.421875,-0.1161874136466493
0,41.3961,4.425000000000001,-0.1151099288967364
0,41.3961,4.428125,-0.11405343835583634
0,41.3961,4.43125,-0.11301743241940845
0,41.3961,4.434375,-0.11200141546007898
0,41.3961,4.4375,-0.11100490558955202
0,41.3961,4.440625000000001,-0.11002743440930587
0,41.3961,4.44375,-0.10906854675228372
0,41.3961,4.446875,-0.10812780041755192
0,41.3961,4.45,-0.10720476589970063
0,41.3961,4.453125,-0.10629902611454263
0,41.3961,4.456250000000001,-0.10541017612251419
0,41.3961,4.459375,-0.10453782285100713
0,41.3961,4.4625,-0.10368158481671726
0,41.3961,4.465625,-0.10284109184897719
0,41.3961,4.46875,-0.10201598481490132
0,41.3961,4.471875000000001,-0.10120591534708581
0,41.3961,4.475,-0.1004105455744978
0,41.3961,4.478125,-0.09962954785710142
0,41.3961,4.48125,-0.09886260452470333
0,41.3961,4.484375,-0.09810940762041008
0,41.3961,4.487500000000001,-0.09736965864904819
0,41.3961,4.490625,-0.09664306833082863
0,41.3961,4.49375,-0.09592935636048851
0,41.3961,4.496875,-0.09522825117210933
0,41.3961,4.5,-0.09453948970975325
0,41.3961,4.503125000000001,-0.0938628172040413
0,41.3961,4.50625,-0.0931979869547561
0,41.3961,4.509375,-0.09254476011952312
0,41.3961,4.5125,-0.09190290550861172
0,41.3961,4.515625,-0.09127219938585764
0,41.3961,4.518750000000001,-0.0906524252757075
0,41.3961,4.521875,-0.09004337377635857
0,41.3961,4.525,-0.08944484237895325
0,41.3961,4.528125,-0.08885663529278472
0,41.3961,4.53125,-0.08827856327644328
0,41.3961,4.534375000000001,-0.08771044347484012
0,41.3961,4.5375,-0.08715209926202652
0,41.3961,4.540625,-0.08660336008972078
0,41.3961,4.54375,-0.08606406134145775
0,41.3961,4.546875,-0.08553404419225594
0,41.3961,4.550000000000001,-0.08501315547370833
0,41.3961,4.553125,-0.08450124754438941
0,41.3961,4.55625,-0.08399817816546915
0,41.3961,4.559375,-0.08350381038142873
0,41.3961,4.5625,-0.08301801240575875
0,41.3961,4.565625000000001,-0.08254065751153022
0,41.3961,4.56875,-0.08207162392671938
0,41.3961,4.571875,-0.08161079473416567
0,41.3961,4.575,-0.08115805777604701
0,41.3961,4.578125,-0.08071330556274284
0,41.3961,4.581250000000001,-0.08027643518596533
0,41.3961,4.584375,-0.07984734823602854
0,41.3961,4.5875,-0.0794259507231235
0,41.3961,4.590625,-0.07901215300247018
0,41.3961,4.59375,-0.07860586970320266
0,41.3961,4.596875000000001,-0.07820701966085031
0,41.3961,4.6,-0.07781552585326666
0,41.3961,4.603125,-0.07743131533985098
0,41.3961,4.60625,-0.07705431920390834
0,41.3961,4.609375,-0.07668447249797544
0,41.3961,4.612500000000001,-0.07632171419194128
0,41.3961,4.615625,-0.07596598712377552
0,41.3961,4.61875,-0.07561723795266702
0,41.3961,4.621875,-0.07527541711436729
0,41.3961,4.625,-0.07494047877851125
0,41.3961,4.628125000000001,-0.0746123808076802
0,41.3961,4.63125,-0.07429108471794942
0,41.3961,4.634375,-0.07397655564064246
0,41.3961,4.6375,-0.07366876228499854
0,41.3961,4.640625,-0.07336767690142555
0,41.3961,4.643750000000001,-0.07307327524499378
0,41.3961,4.646875,-0.0727855365387898
0,41.3961,4.65,-0.07250444343671825
0,41.3961,4.653125,-0.07222998198530751
0,41.3961,4.65625,-0.07196214158402817
0,41.3961,4.659375000000001,-0.07170091494359816
0,41.3961,4.6625,-0.07144629804169636
0,41.3961,4.665625,-0.07119829007545528
0,41.3961,4.66875,-0.07095689341005208
0,41.3961,4.671875,-0.07072211352264951
0,41.3961,4.675000000000001,-0.07049395894087995
0,41.3961,4.678125,-0.0702724411749906
0,41.3961,4.68125,-0.07005757464269181
0,41.3961,4.684375,-0.06984937658567299
0,41.3961,4.6875,-0.06964786697665613
0,41.3961,4.690625000000001,-0.06945306841577076
0,41.3961,4.69375,-0.06926500601492984
0,41.3961,4.696875,-0.06908370726878327
0,41.3961,4.7,-0.0689092019107161
0,41.3961,4.703125,-0.06874152175223977
0,41.3961,4.706250000000001,-0.06858070050400704
0,41.3961,4.709375,-0.06842677357655515
0,41.3961,4.7125,-0.06827977785875285
0,41.3961,4.715625,-0.06813975147179921
0,41.3961,4.71875,-0.06800673349648818
0,41.3961,4.721875000000001,-0.06788076367132581
0,41.3961,4.725,-0.06776188205895972
0,41.3961,4.728125,-0.06765012867826001
0,41.3961,4.73125,-0.06754554309928223
0,41.3961,4.734375,-0.06744816399824347
0,41.3961,4.737500000000001,-0.06735802866956653
0,41.3961,4.740625,-0.06727517249199028
0,41.3961,4.74375,-0.06719962834571894
0,41.3961,4.746875,-0.06713142597759689
0,41.3961,4.75,-0.06707059131134963
0,41.3961,4.753125000000001,-0.06701714570004652
0,41.3961,4.75625,-0.06697110511811646
0,41.3961,4.759375,-0.06693247929050164
0,41.3961,4.7625,-0.06690127075687916
0,41.3961,4.765625,-0.06687747386932495
0,41.3961,4.768750000000001,-0.06686107372236148
0,41.3961,4.771875,-0.06685204501502706
0,41.3961,4.775,-0.06685035084545331
0,41.3961,4.778125,-0.06685594143945081
0,41.3961,4.78125,-0.06686875281579777
0,41.3961,4.784375000000001,-0.06688870539231845
0,41.3961,4.7875,-0.06691570253843915
0,41.3961,4.790625,-0.06694962908173144
0,41.3961,4.79375,-0.06699034977800007
0,41.3961,4.796875,-0.0670377077567505
0,41.3961,4.800000000000001,-0.06709152295637102
0,41.3961,4.803125,-0.06715159056607532
0,41.3961,4.80625,-0.06721767949454942
0,41.3961,4.809375,-0.06728953088829599
0,41.3961,4.8125,-0.06736685672582331
0,41.3961,4.815625000000001,-0.06744933851701645
0,41.3961,4.81875,-0.06753662614017808
0,41.3961,4.821875,-0.06762833685223318
0,41.3961,4.825,-0.06772405451033701
0,41.3961,4.828125,-0.06782332904547593
0,41.3961,4.831250000000001,-0.06792567623044674
0,41.3961,4.834375,-0.06803057778567778
0,41.3961,4.8375,-0.06813748186653534
0,41.3961,4.840625,-0.06824580397485103
0,41.3961,4.84375,-0.06835492833524234
0,41.3961,4.846875000000001,-0.06846420977319413
0,41.3961,4.85,-0.06857297612669265
0,41.3961,4.853125,-0.0686805312163364
0,41.3961,4.85625,-0.06878615839023111
0,41.3961,4.859375,-0.0688891246496154
0,41.3961,4.862500000000001,-0.06898868534912662
0,41.3961,4.865625,-0.0690840894520768
0,41.3961,4.86875,-0.06917458530631543
0,41.3961,4.871875,-0.06925942689056681
0,41.3961,4.875,-0.06933788046499885
0,41.3961,4.878125000000001,-0.06940923154373889
0,41.3961,4.88125,-0.06947279209171657
0,41.3961,4.884375,-0.06952790783424055
0,41.3961,4.8875,-0.06957396555577994
0,41.3961,4.890625,-0.06961040025519061
0,41.3961,4.893750000000001,-0.06963670201869832
0,41.3961,4.896875,-0.06965242246984132
0,41.3961,4.9,-0.06965718065765274
0,41.3961,4.903125,-0.06965066825083548
0,41.3961,4.90625,-0.06963265391655711
0,41.3961,4.909375000000001,-0.06960298677757012
0,41.3961,4.9125,-0.06956159886023092
0,41.3961,4.915625,-0.06950850646804214
0,41.3961,4.91875,-0.06944381043979309
0,41.3961,4.921875,-0.06936769527730938
0,41.3961,4.925000000000001,-0.06928042715425055
0,41.3961,4.928125,-0.06918235084328844
0,41.3961,4.93125,-0.06907388562336572
0,41.3961,4.934375,-0.06895552025067331
0,41.3961,4.9375,-0.06882780709571723
0,41.3961,4.940625000000001,-0.06869135556378671
0,41.3961,4.94375,-0.06854682492687904
0,41.3961,4.946875,-0.0683949167015067
0,41.3961,4.95,-0.06823636670883873
0,41.3961,4.953125,-0.06807193695152278
0,41.3961,4.956250000000001,-0.06790240743570565
0,41.3961,4.959375,-0.0677285680577274
0,41.3961,4.9625,-0.06755121066334144
0,41.3961,4.965625,-0.06737112137378509
0,41.3961,4.96875,-0.06718907325827615
0,41.3961,4.971875000000001,-0.0670058194172289
0,41.3961,4.975,-0.06682208652527567
0,41.3961,4.978125,-0.06663856886860593
0,41.3961,4.98125,-0.06645592289765881
0,41.3961,4.984375,-0.06627476230417928
0,41.3961,4.987500000000001,-0.06609565362135664
0,41.3961,4.990625,-0.06591911233735886
0,41.3961,4.99375,-0.06574559950614688
0,41.3961,4.996875,-0.06557551883499936
0,41.3961,5.0,-0.06540921422562271
0,41.3961,5.003125,-0.06524696774495317
0,41.3961,5.0062500000000005,-0.06508899800259224
0,41.3961,5.009375,-0.06493545891406059
0,41.3961,5.0125,-0.0647864388324723
0,41.3961,5.015625,-0.06464196003557672
0,41.3961,5.01875,-0.0645019785601262
0,41.3961,5.0218750000000005,-0.06436638438094174
0,41.3961,5.025,-0.06423500193758896
0,41.3961,5.028125,-0.0641075910169755
0,41.3961,5.03125,-0.06398384800516525
0,41.3961,5.034375,-0.06386340752600728
0,41.3961,5.0375000000000005,-0.06374584448753937
0,41.3961,5.040625,-0.06363067655930196
0,41.3961,5.04375,-0.06351736710445517
0,41.3961,5.046875,-0.06340532858973294
0,41.3961,5.05,-0.0632939264936186
0,41.3961,5.0531250000000005,-0.0631824837285695
0,41.3961,5.05625,-0.06307028558658571
0,41.3961,5.059375,-0.06295658520891406
0,41.3961,5.0625,-0.06284060957028811
0,41.3961,5.065625,-0.06272156595600077
0,41.3961,5.0687500000000005,-0.0625986488965599
0,41.3961,5.071875,-0.062471047510059045
0,41.3961,5.075,-0.06233795318717127
0,41.3961,5.078125,-0.062198567538400876
0,41.3961,5.08125,-0.062052110508528234
0,41.3961,5.0843750000000005,-0.06189782854973548
0,41.3961,5.0875,-0.06173500273339514
0,41.3961,5.090625,-0.0615629566716153
0,41.3961,5.09375,-0.06138106411398536
0,41.3961,5.096875,-0.0611887560830691
0,41.3961,5.1000000000000005,-0.060985527414438724
0,41.3961,5.103125,-0.060770942573642024
0,41.3961,5.10625,-0.060544640633463334
0,41.3961,5.109375,-0.06030633930998801
0,41.3961,5.1125,-0.0600558379748952
0,41.3961,5.1156250000000005,-0.05979301958348904
0,41.3961,5.11875,-0.05951785148244814
0,41.3961,5.121875,-0.0592303850872186
0,41.3961,5.125,-0.05893075444540509
0,41.3961,5.128125,-0.05861917372839522
0,41.3961,5.1312500000000005,-0.058295933717801375
0,41.3961,5.134375,-0.057961397375207245
0,41.3961,5.1375,-0.05761599460238915
0,41.3961,5.140625,-0.05726021631405345
0,41.3961,5.14375,-0.05689460795577685
0,41.3961,5.1468750000000005,-0.056519762606080284
0,41.3961,5.15,-0.05613631380342067
0,41.3961,5.153125,-0.05574492823656419
0,41.3961,5.15625,-0.05534629843069553
0,41.3961,5.159375,-0.054941135552225843
0,41.3961,5.1625000000000005,-0.054530162443206964
0,41.3961,5.165625,-0.05411410698219818
0,41.3961,5.16875,-0.05369369585304029
0,41.3961,5.171875,-0.05326964878693753
0,41.3961,5.175,-0.0528426733271206
0,41.3961,5.1781250000000005,-0.05241346014971478
0,41.3961,5.18125,-0.05198267895970174
0,41.3961,5.184375,-0.05155097496739156
0,41.3961,5.1875,-0.051118965938875424
0,41.3961,5.190625,-0.05068723980365102
0,41.3961,5.1937500000000005,-0.050256352794090825
0,41.3961,5.196875,-0.049826828084645725
0,41.3961,5.2,-0.049399154893580766
0,41.3961,5.203125,-0.04897378800652122
0,41.3961,5.20625,-0.04855114767898475
0,41.3961,5.2093750000000005,-0.048131619874234324
0,41.3961,5.2125,-0.04771555679301562
0,41.3961,5.215625,-0.04730327765285967
0,41.3961,5.21875,-0.04689506967646499
0,41.3961,5.221875,-0.046491189251042335
0,41.3961,5.2250000000000005,-0.046091863223269816
0,41.3961,5.228125,-0.04569729029752303
0,41.3961,5.23125,-0.04530764250819544
0,41.3961,5.234375,-0.04492306674011956
0,41.3961,5.2375,-0.04454368627424431
0,41.3961,5.2406250000000005,-0.04416960233876851
0,41.3961,5.24375,-0.04380089564881952
0,41.3961,5.246875,-0.04343762792046295
0,41.3961,5.25,-0.043079843347322844
0,41.3961,5.253125,-0.04272757003035154
0,41.3961,5.2562500000000005,-0.0423808213533274
0,41.3961,5.259375,-0.042039597298467755
0,41.3961,5.2625,-0.0417038856981316
0,41.3961,5.265625,-0.04137366341997144
0,41.3961,5.26875,-0.04104889748407416
0,41.3961,5.2718750000000005,-0.040729546111637586
0,41.3961,5.275,-0.04041555970556777
0,41.3961,5.278125,-0.04010688176407079
0,41.3961,5.28125,-0.03980344972887393
0,41.3961,5.284375,-0.039505195770147675
0,41.3961,5.2875000000000005,-0.039212047510540186
0,41.3961,5.290625,-0.038923928690984565
0,41.3961,5.29375,-0.03864075978111024
0,41.3961,5.296875,-0.03836245853720145
0,41.3961,5.3,-0.03808894051069606
0,41.3961,5.3031250000000005,-0.037820119510229226
0,41.3961,5.30625,-0.037555908020198286
0,41.3961,5.309375,-0.03729621757876623
0,41.3961,5.3125,-0.03704095911814348
0,41.3961,5.315625,-0.036790043269885976
0,41.3961,5.3187500000000005,-0.03654338063783772
0,41.3961,5.321875,-0.03630088204122393
0,41.3961,5.325,-0.0360624587302729
0,41.3961,5.328125,-0.035828022576615944
0,41.3961,5.33125,-0.03559748624058028
0,41.3961,5.3343750000000005,-0.035370763317360394
0,41.3961,5.3375,-0.035147768463924055
0,41.3961,5.340625,-0.03492841750838196
0,41.3961,5.34375,-0.03471262754343093
0,41.3961,5.346875,-0.03450031700536131
0,41.3961,5.3500000000000005,-0.034291405740008996
0,41.3961,5.353125,-0.0340858150569266
0,41.3961,5.35625,-0.03388346777294674
0,41.3961,5.359375,-0.03368428824621806
0,41.3961,5.3625,-0.03348820240170393
0,41.3961,5.3656250000000005,-0.03329513774905194
0,41.3961,5.36875,-0.033105023393664834
0,41.3961,5.371875,-0.03291779004173028
0,41.3961,5.375,-0.03273336999990217
0,41.3961,5.378125,-0.03255169717026182
0,41.3961,5.3812500000000005,-0.03237270704113152
0,41.3961,5.384375,-0.03219633667425998
0,41.3961,5.3875,-0.03202252468884918
0,41.3961,5.390625,-0.03185121124284943
0,41.3961,5.39375,-0.0316823380119064
0,41.3961,5.3968750000000005,-0.03151584816630693
0,41.3961,5.4,-0.031351686346236446
0,41.3961,5.403125,-0.031189798635627455
0,41.3961,5.40625,-0.031030132534852158
0,41.3961,5.409375,-0.03087263693248369
0,41.3961,5.4125000000000005,-0.03071726207632784
0,41.3961,5.415625,-0.030563959543904905
0,41.3961,5.41875,-0.030412682212540967
0,41.3961,5.421875,-0.03026338422921109
0,41.3961,5.425,-0.03011602098025931
0,41.3961,5.4281250000000005,-0.02997054906110618
0,41.3961,5.43125,-0.029826926246041337
0,41.3961,5.434375,-0.029685111458185524
0,41.3961,5.4375,-0.029545064739697223
0,41.3961,5.440625,-0.0294067472222874
0,41.3961,5.4437500000000005,-0.0292701210980982
0,41.3961,5.446875,-0.029135149590993115
0,41.3961,5.45,-0.029001796928298525
0,41.3961,5.453125,-0.02887002831303099
0,41.3961,5.45625,-0.028739809896638064
0,41.3961,5.4593750000000005,-0.028611108752275762
0,41.3961,5.4625,-0.028483892848641
0,41.3961,5.465625,-0.02835813102437311
0,41.3961,5.46875,-0.028233792963035496
0,41.3961,5.471875,-0.02811084916868451
0,41.3961,5.4750000000000005,-0.027989270942030173
0,41.3961,5.478125,-0.02786903035719109
0,41.3961,5.48125,-0.027750100239042827
0,41.3961,5.484375,-0.02763245414115834
0,41.3961,5.4875,-0.02751606632433622
0,41.3961,5.4906250000000005,-0.02740091173571168
0,41.3961,5.49375,-0.027286965988443906
0,41.3961,5.496875,-0.027174205341971704
0,41.3961,5.5,-0.02706260668282958
0,41.3961,5.503125,-0.02695214750601448
0,41.3961,5.5062500000000005,-0.026842805896893338
0,41.3961,5.509375,-0.026734560513641176
0,41.3961,5.5125,-0.026627390570198223
0,41.3961,5.515625,-0.02652127581973562
0,41.3961,5.51875,-0.026416196538617404
0,41.3961,5.5218750000000005,-0.02631213351084749
0,41.3961,5.525,-0.026209068012989736
0,41.3961,5.528125,-0.026106981799548814
0,41.3961,5.53125,-0.026005857088800495
0,41.3961,5.534375,-0.025905676549058964
0,41.3961,5.5375000000000005,-0.02580642328536947
0,41.3961,5.540625,-0.025708080826614618
0,41.3961,5.54375,-0.025610633113022307
0,41.3961,5.546875,-0.025514064484064212
0,41.3961,5.55,-0.02541835966673323
0,41.3961,5.5531250000000005,-0.025323503764188706
0,41.3961,5.55625,-0.025229482244758624
0,41.3961,5.559375,-0.025136280931287714
0,41.3961,5.5625,-0.02504388599082131
0,41.3961,5.565625,-0.024952283924614373
0,41.3961,5.5687500000000005,-0.024861461558455644
0,41.3961,5.571875,-0.02477140603329735
0,41.3961,5.575,-0.024682104796180222
0,41.3961,5.578125,-0.024593545591445363
0,41.3961,5.58125,-0.024505716452223103
0,41.3961,5.5843750000000005,-0.024418605692190346
0,41.3961,5.5875,-0.024332201897587846
0,41.3961,5.590625,-0.024246493919488646
0,41.3961,5.59375,-0.02416147086631004
0,41.3961,5.596875,-0.02407712209656084
0,41.3961,5.6000000000000005,-0.023993437211816356
0,41.3961,5.603125,-0.023910406049913815
0,41.3961,5.60625,-0.023828018678360593
0,41.3961,5.609375,-0.023746265387948856
0,41.3961,5.6125,-0.023665136686569364
0,41.3961,5.6156250000000005,-0.02358462329321812
0,41.3961,5.61875,-0.023504716132189518
0,41.3961,5.621875,-0.02342540632744964
0,41.3961,5.625,-0.02334668519718406
0,41.3961,5.628125,-0.023268544248514204
0,41.3961,5.6312500000000005,-0.023190975172376702
0,41.3961,5.634375,-0.023113969838560545
0,41.3961,5.6375,-0.023037520290896476
0,41.3961,5.640625,-0.022961618742593996
0,41.3961,5.64375,-0.02288625757172085
0,41.3961,5.6468750000000005,-0.022811429316820418
0,41.3961,5.65,-0.022737126672662422
0,41.3961,5.653125,-0.02266334248612245
0,41.3961,5.65625,-0.02259006975218636
0,41.3961,5.659375,-0.022517301610075105
0,41.3961,5.6625000000000005,-0.022445031339486284
0,41.3961,5.665625,-0.022373252356948505
0,41.3961,5.66875,-0.022301958212284742
0,41.3961,5.671875,-0.022231142585181368
0,41.3961,5.675,-0.022160799281859198
0,41.3961,5.6781250000000005,-0.022090922231843328
0,41.3961,5.68125,-0.02202150548482855
0,41.3961,5.684375,-0.021952543207637107
0,41.3961,5.6875,-0.021884029681265967
0,41.3961,5.690625,-0.02181595929802069
0,41.3961,5.6937500000000005,-0.02174832655873288
0,41.3961,5.696875,-0.02168112607005892
0,41.3961,5.7,-0.021614352541856837
0,41.3961,5.703125,-0.02154800078463935
0,41.3961,5.70625,-0.021482065707100286
0,41.3961,5.7093750000000005,-0.021416542313712067
0,41.3961,5.7125,-0.021351425702392228
0,41.3961,5.715625,-0.021286711062236372
0,41.3961,5.71875,-0.021222393671315853
0,41.3961,5.721875,-0.021158468894537853
0,41.3961,5.7250000000000005,-0.021094932181566044
0,41.3961,5.728125,-0.021031779064799864
0,41.3961,5.73125,-0.02096900515741045
0,41.3961,5.734375,-0.02090660615143171
0,41.3961,5.7375,-0.02084457781590453
0,41.3961,5.7406250000000005,-0.02078291599507267
0,41.3961,5.74375,-0.02072161660662864
0,41.3961,5.746875,-0.02066067564000793
0,41.3961,5.75,-0.020600089154730255
0,41.3961,5.753125,-0.020539853278786293
0,41.3961,5.7562500000000005,-0.020479964207068442
0,41.3961,5.759375,-0.020420418199844425
0,41.3961,5.7625,-0.020361211581272118
0,41.3961,5.765625,-0.020302340737954745
0,41.3961,5.76875,-0.02024380211753483
0,41.3961,5.7718750000000005,-0.02018559222732604
0,41.3961,5.775,-0.020127707632981523
0,41.3961,5.778125,-0.02007014495719777
0,41.3961,5.78125,-0.020012900878452915
0,41.3961,5.784375,-0.01995597212977842
0,41.3961,5.7875000000000005,-0.019899355497563147
0,41.3961,5.790625,-0.0198430478203889
0,41.3961,5.79375,-0.019787045987896344
0,41.3961,5.796875,-0.019731346939680598
0,41.3961,5.800000000000001,-0.01967594766421551
0,41.3961,5.8031250000000005,-0.019620845197805825
0,41.3961,5.80625,-0.019566036623566294
0,41.3961,5.809375,-0.019511519070427103
0,41.3961,5.8125,-0.01945728971216479
0,41.3961,5.815625000000001,-0.019403345766457844
0,41.3961,5.8187500000000005,-0.019349684493966395
0,41.3961,5.821875,-0.019296303197435104
0,41.3961,5.825,-0.01924319922081879
0,41.3961,5.828125,-0.01919036994843005
0,41.3961,5.831250000000001,-0.01913781280410819
0,41.3961,5.8343750000000005,-0.019085525250408974
0,41.3961,5.8375,-0.019033504787814418
0,41.3961,5.840625,-0.018981748953962277
0,41.3961,5.84375,-0.01893025532289453
0,41.3961,5.846875000000001,-0.01887902150432429
0,41.3961,5.8500000000000005,-0.01882804514292083
0,41.3961,5.853125,-0.01877732391761187
0,41.3961,5.85625,-0.018726855540903007
0,41.3961,5.859375,-0.018676637758213578
0,41.3961,5.862500000000001,-0.01862666834722853
0,41.3961,5.8656250000000005,-0.01857694511726602
0,41.3961,5.86875,-0.018527465908659963
0,41.3961,5.871875,-0.018478228592157538
0,41.3961,5.875,-0.018429231068330887
0,41.3961,5.878125000000001,-0.018380471267002835
0,41.3961,5.8812500000000005,-0.018331947146686223
0,41.3961,5.884375,-0.018283656694036254
0,41.3961,5.8875,-0.018235597923315885
0,41.3961,5.890625,-0.018187768875873606
0,41.3961,5.893750000000001,-0.01814016761963337
0,41.3961,5.8968750000000005,-0.01809279224859643
0,41.3961,5.9,-0.018045640882354563
0,41.3961,5.903125,-0.017998711665614585
0,41.3961,5.90625,-0.017952002767733777
0,41.3961,5.909375000000001,-0.017905512382265867
0,41.3961,5.9125000000000005,-0.017859238726517426
0,41.3961,5.915625,-0.01781318004111421
0,41.3961,5.91875,-0.01776733458957743
0,41.3961,5.921875,-0.01772170065790948
0,41.3961,5.925000000000001,-0.017676276554188967
0,41.3961,5.9281250000000005,-0.017631060608174848
0,41.3961,5.93125,-0.017586051170919298
0,41.3961,5.934375,-0.01754124661438919
0,41.3961,5.9375,-0.017496645331096003
0,41.3961,5.940625000000001,-0.017452245733733777
0,41.3961,5.9437500000000005,-0.017408046254825147
0,41.3961,5.946875,-0.017364045346374927
0,41.3961,5.95,-0.017320241479531415
0,41.3961,5.953125,-0.017276633144254948
0,41.3961,5.956250000000001,-0.017233218848993637
0,41.3961,5.9593750000000005,-0.017189997120366153
0,41.3961,5.9625,-0.017146966502851177
0,41.3961,5.965625,-0.01710412555848364
0,41.3961,5.96875,-0.01706147286655734
0,41.3961,5.971875000000001,-0.017019007023333893
0,41.3961,5.9750000000000005,-0.016976726641757894
0,41.3961,5.978125,-0.016934630351177954
0,41.3961,5.98125,-0.016892716797073715
0,41.3961,5.984375,-0.016850984640788505
0,41.3961,5.987500000000001,-0.016809432559267583
0,41.3961,5.9906250000000005,-0.016768059244801865
0,41.3961,5.99375,-0.016726863404776814
0,41.3961,5.996875,-0.01668584376142666
0,41.3961,6.0,-0.016644999051593588
