"Current","Field","Frequency","Spectra"
0,40.4717,1.0,-0.03984800966847707
0,40.4717,1.003125,-0.04001181080210332
0,40.4717,1.00625,-0.04017673462133482
0,40.4717,1.009375,-0.040342792244581246
0,40.4717,1.0125,-0.04050999493518746
0,40.4717,1.015625,-0.04067835410376787
0,40.4717,1.01875,-0.040847881310585116
0,40.4717,1.021875,-0.04101858826797438
0,40.4717,1.025,-0.041190486842814095
0,40.4717,1.028125,-0.04136358905904418
0,40.4717,1.03125,-0.04153790710023275
0,40.4717,1.034375,-0.04171345331219258
0,40.4717,1.0375,-0.04189024020564816
0,40.4717,1.040625,-0.04206828045895471
0,40.4717,1.04375,-0.042247586920870175
0,40.4717,1.046875,-0.042428172613381374
0,40.4717,1.05,-0.0426100507345856
0,40.4717,1.053125,-0.042793234661628904
0,40.4717,1.05625,-0.04297773795370233
0,40.4717,1.059375,-0.04316357435509731
0,40.4717,1.0625,-0.043350757798321815
0,40.4717,1.065625,-0.04353930240727832
0,40.4717,1.06875,-0.04372922250050526
0,40.4717,1.071875,-0.04392053259448335
0,40.4717,1.075,-0.04411324740700816
0,40.4717,1.078125,-0.04430738186063061
0,40.4717,1.08125,-0.04450295108616685
0,40.4717,1.084375,-0.044699970426279184
0,40.4717,1.0875,-0.044898455439129695
0,40.4717,1.090625,-0.04509842190210827
0,40.4717,1.09375,-0.04529988581563661
0,40.4717,1.096875,-0.04550286340705022
0,40.4717,1.1,-0.04570737113456014
0,40.4717,1.103125,-0.04591342569129621
0,40.4717,1.10625,-0.04612104400943388
0,40.4717,1.109375,-0.046330243264406476
0,40.4717,1.1125,-0.04654104087920502
0,40.4717,1.115625,-0.04675345452876765
0,40.4717,1.11875,-0.04696750214446081
0,40.4717,1.121875,-0.04718320191865434
0,40.4717,1.125,-0.04740057230939275
0,40.4717,1.128125,-0.04761963204516502
0,40.4717,1.13125,-0.04784040012977532
0,40.4717,1.134375,-0.048062895847317016
0,40.4717,1.1375,-0.04828713876725256
0,40.4717,1.140625,-0.04851314874960169
0,40.4717,1.14375,-0.04874094595024081
0,40.4717,1.146875,-0.0489705508263161
0,40.4717,1.15,-0.04920198414177319
0,40.4717,1.153125,-0.049435266973006334
0,40.4717,1.15625,-0.049670420714629876
0,40.4717,1.159375,-0.049907467085375246
0,40.4717,1.1625,-0.050146428134116405
0,40.4717,1.165625,-0.05038732624602715
0,40.4717,1.16875,-0.050630184148873415
0,40.4717,1.171875,-0.05087502491944386
0,40.4717,1.175,-0.05112187199012252
0,40.4717,1.178125,-0.051370749155606896
0,40.4717,1.18125,-0.051621680579775175
0,40.4717,1.184375,-0.051874690802706375
0,40.4717,1.1875,-0.052129804747857326
0,40.4717,1.190625,-0.05238704772940042
0,40.4717,1.19375,-0.052646445459726396
0,40.4717,1.196875,-0.05290802405711621
0,40.4717,1.2,-0.05317181005358651
0,40.4717,1.203125,-0.0534378304029129
0,40.4717,1.20625,-0.05370611248883603
0,40.4717,1.209375,-0.053976684133454876
0,40.4717,1.2125,-0.05424957360581237
0,40.4717,1.215625,-0.054524809630678094
0,40.4717,1.21875,-0.05480242139753346
0,40.4717,1.221875,-0.05508243856976461
0,40.4717,1.225,-0.05536489129406845
0,40.4717,1.228125,-0.05564981021007751
0,40.4717,1.23125,-0.055937226460209544
0,40.4717,1.234375,-0.05622717169974735
0,40.4717,1.2375,-0.056519678107155795
0,40.4717,1.240625,-0.056814778394641496
0,40.4717,1.24375,-0.05711250581896224
0,40.4717,1.246875,-0.057412894192492805
0,40.4717,1.25,-0.057715977894553606
0,40.4717,1.253125,-0.0580217918830101
0,40.4717,1.25625,-0.0583303717061495
0,40.4717,1.259375,-0.05864175351484284
0,40.4717,1.2625,-0.05895597407500014
0,40.4717,1.265625,-0.05927307078032626
0,40.4717,1.26875,-0.05959308166538636
0,40.4717,1.271875,-0.05991604541898904
0,40.4717,1.275,-0.06024200139789597
0,40.4717,1.278125,-0.060570989640867365
0,40.4717,1.28125,-0.06090305088305215
0,40.4717,1.284375,-0.061238226570732926
0,40.4717,1.2875,-0.06157655887643527
0,40.4717,1.290625,-0.06191809071441187
0,40.4717,1.29375,-0.06226286575651191
0,40.4717,1.296875,-0.06261092844844635
0,40.4717,1.3,-0.06296232402646086
0,40.4717,1.303125,-0.06331709853442748
0,40.4717,1.30625,-0.06367529884136704
0,40.4717,1.309375,-0.06403697265941496
0,40.4717,1.3125,-0.06440216856224254
0,40.4717,1.315625,-0.06477093600394737
0,40.4717,1.31875,-0.06514332533842618
0,40.4717,1.321875,-0.0655193878392439
0,40.4717,1.325,-0.06589917572001372
0,40.4717,1.328125,-0.06628274215530242
0,40.4717,1.33125,-0.06667014130207705
0,40.4717,1.334375,-0.06706142832170797
0,40.4717,1.3375,-0.06745665940254536
0,40.4717,1.340625,-0.06785589178308543
0,40.4717,1.34375,-0.06825918377574405
0,40.4717,1.346875,-0.06866659479125584
0,40.4717,1.35,-0.06907818536371715
0,40.4717,1.353125,-0.06949401717629211
0,40.4717,1.35625,-0.06991415308760168
0,40.4717,1.359375,-0.07033865715881582
0,40.4717,1.3625,-0.07076759468147058
0,40.4717,1.365625,-0.07120103220603116
0,40.4717,1.36875,-0.07163903757122414
0,40.4717,1.371875,-0.07208167993416181
0,40.4717,1.375,-0.07252902980128273
0,40.4717,1.378125,-0.07298115906013362
0,40.4717,1.38125,-0.07343814101201819
0,40.4717,1.384375,-0.07390005040553935
0,40.4717,1.3875,-0.07436696347106267
0,40.4717,1.390625,-0.07483895795612895
0,40.4717,1.39375,-0.07531611316184587
0,40.4717,1.396875,-0.07579850998028875
0,40.4717,1.4,-0.07628623093294178
0,40.4717,1.403125,-0.07677936021021264
0,40.4717,1.40625,-0.07727798371205337
0,40.4717,1.409375,-0.07778218908972298
0,40.4717,1.4125,-0.07829206578872722
0,40.4717,1.415625,-0.07880770509297294
0,40.4717,1.41875,-0.07932920017017552
0,40.4717,1.421875,-0.07985664611855861
0,40.4717,1.425,-0.0803901400148883
0,40.4717,1.428125,-0.0809297809638834
0,40.4717,1.43125,-0.08147567014904637
0,40.4717,1.434375,-0.08202791088496049
0,40.4717,1.4375,-0.08258660867110004
0,40.4717,1.440625,-0.0831518712472029
0,40.4717,1.44375,-0.08372380865025586
0,40.4717,1.446875,-0.08430253327314469
0,40.4717,1.45,-0.08488815992502385
0,40.4717,1.453125,-0.08548080589346085
0,40.4717,1.45625,-0.08608059100841436
0,40.4717,1.459375,-0.08668763770810564
0,40.4717,1.4625,-0.08730207110684529
0,40.4717,1.465625,-0.08792401906488058
0,40.4717,1.46875,-0.08855361226032882
0,40.4717,1.471875,-0.08919098426326716
0,40.4717,1.475,-0.0898362716120494
0,40.4717,1.478125,-0.09048961389192442
0,40.4717,1.48125,-0.09115115381603273
0,40.4717,1.484375,-0.0918210373088605
0,40.4717,1.4875,-0.09249941359223388
0,40.4717,1.490625,-0.09318643527393809
0,40.4717,1.49375,-0.09388225843905032
0,40.4717,1.496875,-0.09458704274407756
0,40.4717,1.5,-0.09530095151399366
0,40.4717,1.503125,-0.09602415184227478
0,40.4717,1.50625,-0.09675681469403388
0,40.4717,1.509375,-0.09749911501236008
0,40.4717,1.5125000000000002,-0.09825123182797198
0,40.4717,1.515625,-0.09901334837229697
0,40.4717,1.51875,-0.09978565219409577
0,40.4717,1.521875,-0.10056833527975029
0,40.4717,1.525,-0.1013615941773432
0,40.4717,1.5281250000000002,-0.10216563012465782
0,40.4717,1.53125,-0.10298064918123263
0,40.4717,1.534375,-0.10380686236461185
0,40.4717,1.5375,-0.10464448579093379
0,40.4717,1.540625,-0.10549374082000901
0,40.4717,1.5437500000000002,-0.10635485420504215
0,40.4717,1.546875,-0.10722805824715717
0,40.4717,1.55,-0.10811359095489417
0,40.4717,1.553125,-0.10901169620884704
0,40.4717,1.55625,-0.10992262393162214
0,40.4717,1.5593750000000002,-0.11084663026330147
0,40.4717,1.5625,-0.11178397774259988
0,40.4717,1.565625,-0.11273493549391622
0,40.4717,1.56875,-0.11369977942047946
0,40.4717,1.571875,-0.11467879240380327
0,40.4717,1.5750000000000002,-0.1156722645096665
0,40.4717,1.578125,-0.11668049320084468
0,40.4717,1.58125,-0.11770378355682823
0,40.4717,1.584375,-0.11874244850076542
0,40.4717,1.5875,-0.11979680903388232
0,40.4717,1.5906250000000002,-0.12086719447763614
0,40.4717,1.59375,-0.12195394272386652
0,40.4717,1.596875,-0.12305740049322297
0,40.4717,1.6,-0.12417792360214758
0,40.4717,1.603125,-0.1253158772387083
0,40.4717,1.6062500000000002,-0.12647163624758384
0,40.4717,1.609375,-0.12764558542450857
0,40.4717,1.6125,-0.12883811982050186
0,40.4717,1.615625,-0.13004964505620678
0,40.4717,1.61875,-0.13128057764668052
0,40.4717,1.6218750000000002,-0.13253134533698485
0,40.4717,1.625,-0.13380238744893308
0,40.4717,1.628125,-0.13509415523936574
0,40.4717,1.63125,-0.13640711227032812
0,40.4717,1.634375,-0.1377417347915409
0,40.4717,1.6375000000000002,-0.1390985121355593
0,40.4717,1.640625,-0.14047794712602504
0,40.4717,1.64375,-0.1418805564994309
0,40.4717,1.646875,-0.1433068713408155
0,40.4717,1.65,-0.14475743753382522
0,40.4717,1.6531250000000002,-0.14623281622558096
0,40.4717,1.65625,-0.1477335843067949
0,40.4717,1.659375,-0.14926033490759513
0,40.4717,1.6625,-0.15081367790951097
0,40.4717,1.665625,-0.15239424047408723
0,40.4717,1.6687500000000002,-0.15400266758859238
0,40.4717,1.671875,-0.1556396226292873
0,40.4717,1.675,-0.1573057879427293
0,40.4717,1.678125,-0.15900186544557357
0,40.4717,1.68125,-0.16072857724334108
0,40.4717,1.6843750000000002,-0.16248666626861202
0,40.4717,1.6875,-0.16427689693909278
0,40.4717,1.690625,-0.16610005583600343
0,40.4717,1.69375,-0.16795695240320432
0,40.4717,1.696875,-0.16984841966747616
0,40.4717,1.7000000000000002,-0.17177531498033732
0,40.4717,1.703125,-0.1737385207817556
0,40.4717,1.70625,-0.17573894538608786
0,40.4717,1.709375,-0.17777752379052947
0,40.4717,1.7125,-0.1798552185063251
0,40.4717,1.7156250000000002,-0.18197302041293195
0,40.4717,1.71875,-0.18413194963526733
0,40.4717,1.721875,-0.18633305644411188
0,40.4717,1.725,-0.18857742217964776
0,40.4717,1.728125,-0.19086616019803432
0,40.4717,1.7312500000000002,-0.19320041684081446
0,40.4717,1.734375,-0.19558137242682802
0,40.4717,1.7375,-0.19801024226618713
0,40.4717,1.740625,-0.20048827769570673
0,40.4717,1.74375,-0.20301676713503122
0,40.4717,1.7468750000000002,-0.20559703716250435
0,40.4717,1.75,-0.2082304536096189
0,40.4717,1.753125,-0.21091842267266064
0,40.4717,1.75625,-0.21366239203988246
0,40.4717,1.759375,-0.21646385203227136
0,40.4717,1.7625000000000002,-0.219324336755636
0,40.4717,1.765625,-0.22224542526138336
0,40.4717,1.76875,-0.2252287427129614
0,40.4717,1.771875,-0.2282759615544867
0,40.4717,1.775,-0.2313888026775979
0,40.4717,1.7781250000000002,-0.23456903658202424
0,40.4717,1.78125,-0.23781848452475363
0,40.4717,1.784375,-0.2411390196520345
0,40.4717,1.7875,-0.24453256810769078
0,40.4717,1.790625,-0.24800111011044307
0,40.4717,1.7937500000000002,-0.25154668099202737
0,40.4717,1.796875,-0.2551713721869234
0,40.4717,1.8,-0.2588773321634462
0,40.4717,1.803125,-0.2626667672847528
0,40.4717,1.80625,-0.2665419425870469
0,40.4717,1.8093750000000002,-0.27050518246083866
0,40.4717,1.8125,-0.2745588712195699
0,40.4717,1.815625,-0.2787054535382439
0,40.4717,1.81875,-0.2829474347428335
0,40.4717,1.821875,-0.2872873809292656
0,40.4717,1.8250000000000002,-0.2917279188885846
0,40.4717,1.828125,-0.29627173581253563
0,40.4717,1.83125,-0.3009215787512617
0,40.4717,1.834375,-0.3056802537920148
0,40.4717,1.8375,-0.3105506249248146
0,40.4717,1.8406250000000002,-0.31553561255775364
0,40.4717,1.84375,-0.3206381916411847
0,40.4717,1.846875,-0.32586138935633796
0,40.4717,1.85,-0.33120828231991517
0,40.4717,1.853125,-0.33668199325202147
0,40.4717,1.8562500000000002,-0.3422856870502848
0,40.4717,1.859375,-0.3480225662082733
0,40.4717,1.8625,-0.35389586551134394
0,40.4717,1.865625,-0.35990884593778766
0,40.4717,1.86875,-0.36606478768771755
0,40.4717,1.8718750000000002,-0.3723669822564786
0,40.4717,1.875,-0.3788187234635591
0,40.4717,1.878125,-0.3854232973421058
0,40.4717,1.88125,-0.3921839707881566
0,40.4717,1.884375,-0.3991039788628484
0,40.4717,1.8875000000000002,-0.4061865106350573
0,40.4717,1.890625,-0.4134346934464233
0,40.4717,1.89375,-0.42085157547562757
0,40.4717,1.896875,-0.42844010647420816
0,40.4717,1.9,-0.4362031165424908
0,40.4717,1.9031250000000002,-0.44414329281143355
0,40.4717,1.90625,-0.4522631538947335
0,40.4717,1.909375,-0.4605650219757279
0,40.4717,1.9125,-0.4690509923956995
0,40.4717,1.915625,-0.4777229006147583
0,40.4717,1.9187500000000002,-0.4865822864237978
0,40.4717,1.921875,-0.49563035529673316
0,40.4717,1.925,-0.5048679367869044
0,40.4717,1.928125,-0.5142954398906329
0,40.4717,1.93125,-0.5239128053253422
0,40.4717,1.9343750000000002,-0.5337194546998623
0,40.4717,1.9375,-0.543714236591385
0,40.4717,1.940625,-0.5538953695877746
0,40.4717,1.94375,-0.5642603824061145
0,40.4717,1.946875,-0.5748060512594346
0,40.4717,1.9500000000000002,-0.5855283347138873
0,40.4717,1.953125,-0.59642230635885
0,40.4717,1.95625,-0.6074820857029261
0,40.4717,1.959375,-0.6187007678095164
0,40.4717,1.9625,-0.6300703522966801
0,40.4717,1.9656250000000002,-0.6415816724466097
0,40.4717,1.96875,-0.6532243252994491
0,40.4717,1.971875,-0.6649866037428931
0,40.4717,1.975,-0.6768554317508464
0,40.4717,1.978125,-0.6888163040688605
0,40.4717,1.9812500000000002,-0.7008532317873786
0,40.4717,1.984375,-0.71294869538184
0,40.4717,1.9875,-0.7250836069262794
0,40.4717,1.990625,-0.7372372832980426
0,40.4717,1.99375,-0.7493874322791361
0,40.4717,1.9968750000000002,-0.7615101535167618
0,40.4717,2.0,-0.7735799563239891
0,40.4717,2.003125,-0.7855697962729722
0,40.4717,2.00625,-0.7974511324492973
0,40.4717,2.0093750000000004,-0.8091940070894101
0,40.4717,2.0125,-0.8207671491065958
0,40.4717,2.015625,-0.8321381027194313
0,40.4717,2.01875,-0.8432733820267154
0,40.4717,2.021875,-0.8541386519240802
0,40.4717,2.0250000000000004,-0.864698935232413
0,40.4717,2.028125,-0.8749188453135025
0,40.4717,2.03125,-0.8847628427945295
0,40.4717,2.034375,-0.8941955143253283
0,40.4717,2.0375,-0.9031818705701685
0,40.4717,2.0406250000000004,-0.9116876599126087
0,40.4717,2.04375,-0.9196796936547228
0,40.4717,2.046875,-0.9271261778499813
0,40.4717,2.05,-0.9339970463528597
0,40.4717,2.053125,-0.9402642892279514
0,40.4717,2.0562500000000004,-0.9459022703649397
0,40.4717,2.059375,-0.950888028017323
0,40.4717,2.0625,-0.955201552040478
0,40.4717,2.065625,-0.9588260318594843
0,40.4717,2.06875,-0.9617480696514321
0,40.4717,2.0718750000000004,-0.9639578538736375
0,40.4717,2.075,-0.9654492890917457
0,40.4717,2.078125,-0.9662200790343287
0,40.4717,2.08125,-0.9662717608895317
0,40.4717,2.084375,-0.9656096900243594
0,40.4717,2.0875000000000004,-0.9642429755039114
0,40.4717,2.090625,-0.9621843679700113
0,40.4717,2.09375,-0.9594501025608494
0,40.4717,2.096875,-0.9560597005734157
0,40.4717,2.1,-0.9520357344522428
0,40.4717,2.1031250000000004,-0.9474035614024443
0,40.4717,2.10625,-0.9421910314521109
0,40.4717,2.109375,-0.9364281761182559
0,40.4717,2.1125,-0.930146883960592
0,40.4717,2.115625,-0.923380569246308
0,40.4717,2.1187500000000004,-0.9161638397124631
0,40.4717,2.121875,-0.9085321690226573
0,40.4717,2.125,-0.9005215789980565
0,40.4717,2.128125,-0.8921683360891495
0,40.4717,2.13125,-0.8835086658743674
0,40.4717,2.1343750000000004,-0.8745784886548891
0,40.4717,2.1375,-0.8654131784894632
0,40.4717,2.140625,-0.8560473473038458
0,40.4717,2.14375,-0.8465146550374076
0,40.4717,2.146875,-0.8368476461713396
0,40.4717,2.1500000000000004,-0.827077612431052
0,40.4717,2.153125,-0.8172344809777423
0,40.4717,2.15625,-0.8073467270048531
0,40.4717,2.159375,-0.7974413093348007
0,40.4717,2.1625,-0.7875436273675592
0,40.4717,2.1656250000000004,-0.7776774975608916
0,40.4717,2.16875,-0.7678651475157869
0,40.4717,2.171875,-0.7581272256925998
0,40.4717,2.175,-0.7484828247853645
0,40.4717,2.178125,-0.7389495168254542
0,40.4717,2.1812500000000004,-0.7295433981631438
0,40.4717,2.184375,-0.7202791425789239
0,40.4717,2.1875,-0.7111700608986398
0,40.4717,2.190625,-0.7022281656213651
0,40.4717,2.19375,-0.6934642392108528
0,40.4717,2.1968750000000004,-0.6848879048459374
0,40.4717,2.2,-0.6765076985684453
0,40.4717,2.203125,-0.6683311419061234
0,40.4717,2.20625,-0.6603648141804227
0,40.4717,2.209375,-0.6526144238330155
0,40.4717,2.2125000000000004,-0.6450848782196129
0,40.4717,2.215625,-0.6377803514242246
0,40.4717,2.21875,-0.6307043497412939
0,40.4717,2.221875,-0.6238597745571011
0,40.4717,2.225,-0.6172489824357453
0,40.4717,2.2281250000000004,-0.6108738422793789
0,40.4717,2.23125,-0.6047357894876886
0,40.4717,2.234375,-0.598835877088625
0,40.4717,2.2375,-0.5931748238517274
0,40.4717,2.240625,-0.5877530594278237
0,40.4717,2.2437500000000004,-0.582570766585143
0,40.4717,2.246875,-0.577627920632614
0,40.4717,2.25,-0.5729243261370711
0,40.4717,2.253125,-0.5684596510527947
0,40.4717,2.25625,-0.5642334583899054
0,40.4717,2.2593750000000004,-0.5602452355531159
0,40.4717,2.2625,-0.5564944214846724
0,40.4717,2.265625,-0.552980431745442
0,40.4717,2.26875,-0.5497026816663562
0,40.4717,2.271875,-0.5466606076991352
0,40.4717,2.2750000000000004,-0.5438536870906772
0,40.4717,2.278125,-0.541281455999911
0,40.4717,2.28125,-0.5389435261695006
0,40.4717,2.284375,-0.5368396002576843
0,40.4717,2.2875,-0.5349694859278773
0,40.4717,2.2906250000000004,-0.5333331087855591
0,40.4717,2.29375,-0.5319305242434645
0,40.4717,2.296875,-0.5307619283872715
0,40.4717,2.3,-0.5298276679048264
0,40.4717,2.303125,-0.5291282491325067
0,40.4717,2.3062500000000004,-0.5286643462625622
0,40.4717,2.309375,-0.5284368087451778
0,40.4717,2.3125,-0.5284466679085363
0,40.4717,2.315625,-0.5286951428092596
0,40.4717,2.31875,-0.5291836453142145
0,40.4717,2.3218750000000004,-0.5299137844027194
0,40.4717,2.325,-0.5308873696655738
0,40.4717,2.328125,-0.5321064139639836
0,40.4717,2.33125,-0.5335731351972527
0,40.4717,2.334375,-0.5352899571129576
0,40.4717,2.3375000000000004,-0.5372595090770942
0,40.4717,2.340625,-0.5394846247042809
0,40.4717,2.34375,-0.5419683392293869
0,40.4717,2.346875,-0.5447138854818215
0,40.4717,2.35,-0.5477246883020709
0,40.4717,2.3531250000000004,-0.5510043572167727
0,40.4717,2.35625,-0.5545566771636358
0,40.4717,2.359375,-0.5583855970307459
0,40.4717,2.3625,-0.5624952157462405
0,40.4717,2.365625,-0.5668897656240186
0,40.4717,2.3687500000000004,-0.571573592639116
0,40.4717,2.371875,-0.5765511332728169
0,40.4717,2.375,-0.5818268875326978
0,40.4717,2.378125,-0.5874053877169886
0,40.4717,2.38125,-0.5932911624564141
0,40.4717,2.3843750000000004,-0.5994886955306786
0,40.4717,2.3875,-0.6060023789219375
0,40.4717,2.390625,-0.6128364595350461
0,40.4717,2.39375,-0.6199949789855662
0,40.4717,2.396875,-0.6274817058332461
0,40.4717,2.4000000000000004,-0.6353000596230882
0,40.4717,2.403125,-0.643453026090905
0,40.4717,2.40625,-0.6519430628984662
0,40.4717,2.409375,-0.6607719952886935
0,40.4717,2.4125,-0.6699409010981137
0,40.4717,2.4156250000000004,-0.6794499846366929
0,40.4717,2.41875,-0.6892984390497964
0,40.4717,2.421875,-0.699484296919166
0,40.4717,2.425,-0.7100042690460108
0,40.4717,2.428125,-0.7208535715962138
0,40.4717,2.4312500000000004,-0.7320257420819964
0,40.4717,2.434375,-0.7435124450126908
0,40.4717,2.4375,-0.7553032684752012
0,40.4717,2.440625,-0.7673855134067649
0,40.4717,2.44375,-0.7797439779011179
0,40.4717,2.4468750000000004,-0.7923607395435025
0,40.4717,2.45,-0.805214939495728
0,40.4717,2.453125,-0.8182825728400009
0,40.4717,2.45625,-0.8315362905236728
0,40.4717,2.459375,-0.8449452191030701
0,40.4717,2.4625000000000004,-0.8584748053311086
0,40.4717,2.465625,-0.872086693429348
0,40.4717,2.46875,-0.8857386435792935
0,40.4717,2.471875,-0.8993845006998302
0,40.4717,2.475,-0.9129742228790831
0,40.4717,2.4781250000000004,-0.9264539788253305
0,40.4717,2.48125,-0.9397663233165899
0,40.4717,2.484375,-0.9528504587887718
0,40.4717,2.4875,-0.965642589844403
0,40.4717,2.490625,-0.9780763755418701
0,40.4717,2.4937500000000004,-0.9900834818189683
0,40.4717,2.496875,-1.0015942333293149
0,40.4717,2.5,-1.0125383603832239
0,40.4717,2.503125,-1.0228458326917282
0,40.4717,2.50625,-1.0324477673698316
0,40.4717,2.5093750000000004,-1.0412773943674654
0,40.4717,2.5125,-1.0492710584095597
0,40.4717,2.515625,-1.0563692329129197
0,40.4717,2.51875,-1.0625175184882623
0,40.4717,2.521875,-1.0676675967966565
0,40.4717,2.5250000000000004,-1.0717781099352206
0,40.4717,2.528125,-1.0748154363352587
0,40.4717,2.53125,-1.076754336436195
0,40.4717,2.534375,-1.0775784451160657
0,40.4717,2.5375,-1.0772805928696727
0,40.4717,2.5406250000000004,-1.0758629437801832
0,40.4717,2.54375,-1.0733369450929025
0,40.4717,2.546875,-1.0697230902739838
0,40.4717,2.55,-1.0650505043977803
0,40.4717,2.553125,-1.0593563671400072
0,40.4717,2.5562500000000004,-1.0526851941913027
0,40.4717,2.559375,-1.0450880022546898
0,40.4717,2.5625,-1.0366213857563327
0,40.4717,2.565625,-1.0273465348956932
0,40.4717,2.56875,-1.0173282247105921
0,40.4717,2.5718750000000004,-1.0066338035534346
0,40.4717,2.575,-0.9953322069632132
0,40.4717,2.578125,-0.9834930196237116
0,40.4717,2.58125,-0.9711856041984729
0,40.4717,2.584375,-0.9584783116070048
0,40.4717,2.5875000000000004,-0.945437783014766
0,40.4717,2.590625,-0.9321283496767889
0,40.4717,2.59375,-0.9186115329810688
0,40.4717,2.596875,-0.9049456437123988
0,40.4717,2.6,-0.8911854767797251
0,40.4717,2.6031250000000004,-0.877382095454438
0,40.4717,2.60625,-0.863582697548583
0,40.4717,2.609375,-0.8498305548861075
0,40.4717,2.6125,-0.8361650168304948
0,40.4717,2.615625,-0.822621568458915
0,40.4717,2.6187500000000004,-0.8092319341407664
0,40.4717,2.621875,-0.7960242177112202
0,40.4717,2.625,-0.7830230710565848
0,40.4717,2.628125,-0.7702498836834532
0,40.4717,2.63125,-0.7577229866721432
0,40.4717,2.6343750000000004,-0.7454578652711343
0,40.4717,2.6375,-0.7334673752366613
0,40.4717,2.640625,-0.7217619588332171
0,40.4717,2.64375,-0.7103498571670834
0,40.4717,2.646875,-0.6992373162137966
0,40.4717,2.6500000000000004,-0.6884287845149761
0,40.4717,2.653125,-0.6779271010577999
0,40.4717,2.65625,-0.6677336723128576
0,40.4717,2.659375,-0.6578486377965931
0,40.4717,2.6625,-0.6482710238482885
0,40.4717,2.6656250000000004,-0.6389988855748044
0,40.4717,2.66875,-0.6300294371256083
0,40.4717,2.671875,-0.6213591706229128
0,40.4717,2.675,-0.6129839641934559
0,40.4717,2.678125,-0.6048991796358157
0,40.4717,2.6812500000000004,-0.5970997503159027
0,40.4717,2.684375,-0.5895802599184238
0,40.4717,2.6875,-0.5823350126983121
0,40.4717,2.690625,-0.5753580958772052
0,40.4717,2.69375,-0.5686434348194497
0,40.4717,2.6968750000000004,-0.5621848416027091
0,40.4717,2.7,-0.5559760575723696
0,40.4717,2.703125,-0.550010790438622
0,40.4717,2.70625,-0.5442827464419122
0,40.4717,2.709375,-0.5387856580776618
0,40.4717,2.7125000000000004,-0.5335133078358537
0,40.4717,2.715625,-0.5284595483759453
0,40.4717,2.71875,-0.5236183195232877
0,40.4717,2.721875,-0.5189836624401821
0,40.4717,2.725,-0.5145497312931991
0,40.4717,2.7281250000000004,-0.5103108027086661
0,40.4717,2.73125,-0.5062612832803572
0,40.4717,2.734375,-0.5023957153674977
0,40.4717,2.7375,-0.49870878139720687
0,40.4717,2.740625,-0.4951953068634017
0,40.4717,2.7437500000000004,-0.49185026219394623
0,40.4717,2.746875,-0.4886687636393344
0,40.4717,2.75,-0.4856460733193798
0,40.4717,2.753125,-0.4827775985491312
0,40.4717,2.75625,-0.48005889055142753
0,40.4717,2.7593750000000004,-0.4774856426510745
0,40.4717,2.7625,-0.47505368803441905
0,40.4717,2.765625,-0.47275899714805497
0,40.4717,2.76875,-0.4705976748013884
0,40.4717,2.771875,-0.4685659570297368
0,40.4717,2.7750000000000004,-0.4666602077674621
0,40.4717,2.778125,-0.46487691537423037
0,40.4717,2.78125,-0.46321268905181195
0,40.4717,2.784375,-0.4616642551837795
0,40.4717,2.7875,-0.4602284536259936
0,40.4717,2.7906250000000004,-0.45890223397180224
0,40.4717,2.79375,-0.45768265181238954
0,40.4717,2.796875,-0.45656686500962734
0,40.4717,2.8,-0.4555521299960759
0,40.4717,2.803125,-0.45463579811439253
0,40.4717,2.8062500000000004,-0.4538153120063288
0,40.4717,2.809375,-0.4530882020596644
0,40.4717,2.8125,-0.4524520829198423
0,40.4717,2.815625,-0.4519046500716749
0,40.4717,2.81875,-0.4514436764952957
0,40.4717,2.8218750000000004,-0.45106700939948513
0,40.4717,2.825,-0.45077256703460505
0,40.4717,2.828125,-0.45055833558660147
0,40.4717,2.83125,-0.45042236615288245
0,40.4717,2.834375,-0.45036277180030954
0,40.4717,2.8375000000000004,-0.4503777247050729
0,40.4717,2.840625,-0.45046545337382027
0,40.4717,2.84375,-0.45062423994507855
0,40.4717,2.846875,-0.45085241756973604
0,40.4717,2.85,-0.4511483678691318
0,40.4717,2.8531250000000004,-0.45151051846912116
0,40.4717,2.85625,-0.4519373406083539
0,40.4717,2.859375,-0.45242734681889585
0,40.4717,2.8625,-0.45297908867725123
0,40.4717,2.865625,-0.4535911546238005
0,40.4717,2.8687500000000004,-0.4542621678486402
0,40.4717,2.871875,-0.45499078424180756
0,40.4717,2.875,-0.45577569040588467
0,40.4717,2.878125,-0.45661560172900306
0,40.4717,2.88125,-0.4575092605163054
0,40.4717,2.8843750000000004,-0.4584554341779735
0,40.4717,2.8875,-0.45945291347198614
0,40.4717,2.890625,-0.46050051079983895
0,40.4717,2.89375,-0.461597058553524
0,40.4717,2.896875,-0.4627414075121502
0,40.4717,2.9000000000000004,-0.4639324252866622
0,40.4717,2.903125,-0.4651689948112007
0,40.4717,2.90625,-0.46645001287973803
0,40.4717,2.909375,-0.46777438872670385
0,40.4717,2.9125,-0.4691410426504172
0,40.4717,2.9156250000000004,-0.4705489046782262
0,40.4717,2.91875,-0.4719969132723524
0,40.4717,2.921875,-0.47348401407553253
0,40.4717,2.925,-0.4750091586956365
0,40.4717,2.928125,-0.4765713035285437
0,40.4717,2.9312500000000004,-0.47816940861864454
0,40.4717,2.934375,-0.4798024365564309
0,40.4717,2.9375,-0.48146935141272884
0,40.4717,2.940625,-0.48316911770921395
0,40.4717,2.94375,-0.48490069942494424
0,40.4717,2.9468750000000004,-0.48666305903872575
0,40.4717,2.95,-0.4884551566072187
0,40.4717,2.953125,-0.49027594887876697
0,40.4717,2.95625,-0.49212438844301987
0,40.4717,2.959375,-0.4939994229164935
0,40.4717,2.9625000000000004,-0.49589999416429364
0,40.4717,2.965625,-0.4978250375582949
0,40.4717,2.96875,-0.4997734812721458
0,40.4717,2.971875,-0.5017442456135278
0,40.4717,2.975,-0.5037362423941705
0,40.4717,2.9781250000000004,-0.5057483743381761
0,40.4717,2.98125,-0.5077795345292707
0,40.4717,2.984375,-0.5098286058976457
0,40.4717,2.9875,-0.5118944607471022
0,40.4717,2.990625,-0.5139759603232578
0,40.4717,2.9937500000000004,-0.5160719544236065
0,40.4717,2.996875,-0.5181812810502653
0,40.4717,3.0,-0.5203027661062584
0,40.4717,3.0031250000000003,-0.5224352231362186
0,40.4717,3.00625,-0.5245774531123985
0,40.4717,3.009375,-0.5267282442668973
0,40.4717,3.0125,-0.5288863719710069
0,40.4717,3.015625,-0.5310505986625792
0,40.4717,3.0187500000000003,-0.5332196738223137
0,40.4717,3.021875,-0.5353923339998274
0,40.4717,3.025,-0.5375673028903698
0,40.4717,3.028125,-0.5397432914629868
0,40.4717,3.03125,-0.5419189981409126
0,40.4717,3.0343750000000003,-0.5440931090349169
0,40.4717,3.0375,-0.5462642982302679
0,40.4717,3.040625,-0.5484312281279191
0,40.4717,3.04375,-0.5505925498404426
0,40.4717,3.046875,-0.5527469036431513
0,40.4717,3.0500000000000003,-0.5548929194807695
0,40.4717,3.053125,-0.5570292175298928
0,40.4717,3.05625,-0.5591544088173905
0,40.4717,3.059375,-0.5612670958947711
0,40.4717,3.0625,-0.5633658735684126
0,40.4717,3.0656250000000003,-0.5654493296854308
0,40.4717,3.06875,-0.5675160459748038
0,40.4717,3.071875,-0.5695645989432417
0,40.4717,3.075,-0.5715935608251207
0,40.4717,3.078125,-0.573601500585642
0,40.4717,3.0812500000000003,-0.5755869849762187
0,40.4717,3.084375,-0.5775485796409051
0,40.4717,3.0875,-0.5794848502725176
0,40.4717,3.090625,-0.5813943638169109
0,40.4717,3.09375,-0.5832756897236834
0,40.4717,3.0968750000000003,-0.5851274012414102
0,40.4717,3.1,-0.5869480767552983
0,40.4717,3.103125,-0.5887363011649819
0,40.4717,3.10625,-0.5904906672999798
0,40.4717,3.109375,-0.5922097773701501
0,40.4717,3.1125000000000003,-0.5938922444482959
0,40.4717,3.115625,-0.5955366939818854
0,40.4717,3.11875,-0.5971417653306859
0,40.4717,3.121875,-0.5987061133269291
0,40.4717,3.125,-0.6002284098544618
0,40.4717,3.1281250000000003,-0.601707345443191
0,40.4717,3.13125,-0.6031416308749719
0,40.4717,3.134375,-0.6045299987969632
0,40.4717,3.1375,-0.6058712053383393
0,40.4717,3.140625,-0.6071640317261495
0,40.4717,3.1437500000000003,-0.6084072858960069
0,40.4717,3.146875,-0.6095998040932104
0,40.4717,3.15,-0.6107404524598405
0,40.4717,3.153125,-0.6118281286033131
0,40.4717,3.15625,-0.6128617631418449
0,40.4717,3.1593750000000003,-0.6138403212222754
0,40.4717,3.1625,-0.6147628040056846
0,40.4717,3.165625,-0.6156282501162791
0,40.4717,3.16875,-0.6164357370490555
0,40.4717,3.171875,-0.6171843825318201
0,40.4717,3.1750000000000003,-0.6178733458372198
0,40.4717,3.178125,-0.618501829040552
0,40.4717,3.18125,-0.6190690782192366
0,40.4717,3.184375,-0.6195743845899819
0,40.4717,3.1875,-0.6200170855798379
0,40.4717,3.1906250000000003,-0.6203965658275111
0,40.4717,3.19375,-0.6207122581115179
0,40.4717,3.196875,-0.6209636442019658
0,40.4717,3.2,-0.6211502556329905
0,40.4717,3.203125,-0.6212716743931233
0,40.4717,3.2062500000000003,-0.6213275335311265
0,40.4717,3.209375,-0.6213175176751123
0,40.4717,3.2125,-0.6212413634630437
0,40.4717,3.215625,-0.6210988598830224
0,40.4717,3.21875,-0.6208898485220636
0,40.4717,3.2218750000000003,-0.6206142237223792
0,40.4717,3.225,-0.6202719326445054
0,40.4717,3.228125,-0.6198629752369322
0,40.4717,3.23125,-0.6193874041122166
0,40.4717,3.234375,-0.6188453243298828
0,40.4717,3.2375000000000003,-0.6182368930867361
0,40.4717,3.240625,-0.6175623193155337
0,40.4717,3.24375,-0.616821863193265
0,40.4717,3.246875,-0.6160158355606087
0,40.4717,3.25,-0.6151445972544162
0,40.4717,3.2531250000000003,-0.6142085583553721
0,40.4717,3.25625,-0.6132081773532482
0,40.4717,3.259375,-0.6121439602324293
0,40.4717,3.2625,-0.6110164594806464
0,40.4717,3.265625,-0.6098262730240696
0,40.4717,3.2687500000000003,-0.6085740430921418
0,40.4717,3.271875,-0.6072604550157261
0,40.4717,3.275,-0.6058862359623193
0,40.4717,3.278125,-0.6044521536122472
0,40.4717,3.28125,-0.6029590147798995
0,40.4717,3.2843750000000003,-0.6014076639841748
0,40.4717,3.2875,-0.5997989819724227
0,40.4717,3.290625,-0.5981338842022363
0,40.4717,3.29375,-0.5964133192855191
0,40.4717,3.296875,-0.5946382673992852
0,40.4717,3.3000000000000003,-0.5928097386676743
0,40.4717,3.303125,-0.5909287715196698
0,40.4717,3.30625,-0.5889964310269791
0,40.4717,3.309375,-0.5870138072265098
0,40.4717,3.3125,-0.5849820134318235
0,40.4717,3.3156250000000003,-0.5829021845378628
0,40.4717,3.31875,-0.5807754753231843
0,40.4717,3.321875,-0.578603058753808
0,40.4717,3.325,-0.5763861242926942
0,40.4717,3.328125,-0.5741258762187238
0,40.4717,3.3312500000000003,-0.5718235319589114
0,40.4717,3.334375,-0.569480320437454
0,40.4717,3.3375,-0.5670974804450231
0,40.4717,3.340625,-0.5646762590315745
0,40.4717,3.34375,-0.5622179099257528
0,40.4717,3.3468750000000003,-0.5597236919837876
0,40.4717,3.35,-0.5571948676706091
0,40.4717,3.353125,-0.5546327015756946
0,40.4717,3.35625,-0.5520384589659887
0,40.4717,3.359375,-0.5494134043780333
0,40.4717,3.3625000000000003,-0.5467588002512441
0,40.4717,3.365625,-0.5440759056040949
0,40.4717,3.36875,-0.5413659747547505
0,40.4717,3.371875,-0.5386302560875262
0,40.4717,3.375,-0.5358699908663439
0,40.4717,3.3781250000000003,-0.5330864120961729
0,40.4717,3.38125,-0.5302807434332798
0,40.4717,3.384375,-0.5274541981449113
0,40.4717,3.3875,-0.5246079781188894
0,40.4717,3.390625,-0.5217432729234184
0,40.4717,3.3937500000000003,-0.5188612589172525
0,40.4717,3.396875,-0.5159630984102279
0,40.4717,3.4000000000000004,-0.5130499388740091
0,40.4717,3.403125,-0.5101229122027812
0,40.4717,3.40625,-0.5071831340234726
0,40.4717,3.4093750000000003,-0.5042317030549935
0,40.4717,3.4125,-0.50126970051585
0,40.4717,3.4156250000000004,-0.49829818957939254
0,40.4717,3.41875,-0.4953182148758748
0,40.4717,3.421875,-0.4923308020403881
0,40.4717,3.4250000000000003,-0.4893369573056815
0,40.4717,3.428125,-0.4863376671387922
0,40.4717,3.4312500000000004,-0.4833338979203427
0,40.4717,3.434375,-0.4803265956653243
0,40.4717,3.4375,-0.47731668578410924
0,40.4717,3.4406250000000003,-0.47430507288241713
0,40.4717,3.44375,-0.47129264059891063
0,40.4717,3.4468750000000004,-0.46828025147906355
0,40.4717,3.45,-0.46526874688393877
0,40.4717,3.453125,-0.46225894693247116
0,40.4717,3.4562500000000003,-0.45925165047586247
0,40.4717,3.459375,-0.45624763510267435
0,40.4717,3.4625000000000004,-0.45324765717320226
0,40.4717,3.465625,-0.4502524518817339
0,40.4717,3.46875,-0.4472627333452762
0,40.4717,3.4718750000000003,-0.44427919471737204
0,40.4717,3.475,-0.4413025083256278
0,40.4717,3.4781250000000004,-0.4383333258315897
0,40.4717,3.48125,-0.4353722784116455
0,40.4717,3.484375,-0.4324199769576269
0,40.4717,3.4875000000000003,-0.42947701229583923
0,40.4717,3.490625,-0.42654395542326
0,40.4717,3.4937500000000004,-0.4236213577596773
0,40.4717,3.496875,-0.4207097514145879
0,40.4717,3.5,-0.41780964946768506
0,40.4717,3.5031250000000003,-0.4149215462618266
0,40.4717,3.50625,-0.4120459177073926
0,40.4717,3.5093750000000004,-0.40918322159698334
0,40.4717,3.5125,-0.4063338979294575
0,40.4717,3.515625,-0.4034983692423292
0,40.4717,3.5187500000000003,-0.40067704095160095
0,40.4717,3.521875,-0.39787030169813953
0,40.4717,3.5250000000000004,-0.39507852369973334
0,40.4717,3.528125,-0.3923020631080311
0,40.4717,3.53125,-0.38954126036957193
0,40.4717,3.5343750000000003,-0.3867964405901812
0,40.4717,3.5375,-0.3840679139020292
0,40.4717,3.5406250000000004,-0.38135597583268577
0,40.4717,3.54375,-0.3786609076755577
0,40.4717,3.546875,-0.3759829768611074
0,40.4717,3.5500000000000003,-0.3733224373283089
0,40.4717,3.553125,-0.37067952989581954
0,40.4717,3.5562500000000004,-0.36805448263237717
0,40.4717,3.559375,-0.3654475112259798
0,40.4717,3.5625,-0.36285881935141673
0,40.4717,3.5656250000000003,-0.36028859903576854
0,40.4717,3.56875,-0.35773703102151455
0,40.4717,3.5718750000000004,-0.35520428512691066
0,40.4717,3.575,-0.35269052060334366
0,40.4717,3.578125,-0.3501958864893753
0,40.4717,3.5812500000000003,-0.3477205219612337
0,40.4717,3.584375,-0.34526455667952144
0,40.4717,3.5875000000000004,-0.3428281111319354
0,40.4717,3.590625,-0.3404112969718273
0,40.4717,3.59375,-0.33801421735243686
0,40.4717,3.5968750000000003,-0.33563696725666736
0,40.4717,3.6,-0.33327963382228515
0,40.4717,3.6031250000000004,-0.33094229666244046
0,40.4717,3.60625,-0.3286250281814364
0,40.4717,3.609375,-0.3263278938856749
0,40.4717,3.6125000000000003,-0.3240509526897398
0,40.4717,3.615625,-0.3217942572175811
0,40.4717,3.6187500000000004,-0.31955785409878223
0,40.4717,3.621875,-0.3173417842599135
0,40.4717,3.625,-0.31514608321097326
0,40.4717,3.6281250000000003,-0.31297078132694467
0,40.4717,3.63125,-0.31081590412450144
0,40.4717,3.6343750000000004,-0.3086814725339024
0,40.4717,3.6375,-0.30656750316613685
0,40.4717,3.640625,-0.304474008575379
0,40.4717,3.6437500000000003,-0.3024009975168291
0,40.4717,3.646875,-0.300348475200024
0,40.4717,3.6500000000000004,-0.29831644353770154
0,40.4717,3.653125,-0.2963049013903259
0,40.4717,3.65625,-0.2943138448063682
0,40.4717,3.6593750000000003,-0.2923432672584618
0,40.4717,3.6625,-0.29039315987554737
0,40.4717,3.6656250000000004,-0.2884635116711249
0,40.4717,3.66875,-0.28655430976775165
0,40.4717,3.671875,-0.28466553961790836
0,40.4717,3.6750000000000003,-0.2827971852213789
0,40.4717,3.678125,-0.28094922933928296
0,40.4717,3.6812500000000004,-0.27912165370490355
0,40.4717,3.684375,-0.27731443923146765
0,40.4717,3.6875,-0.27552756621702257
0,40.4717,3.6906250000000003,-0.27376101454657153
0,40.4717,3.69375,-0.2720147638916233
0,40.4717,3.6968750000000004,-0.2702887939073169
0,40.4717,3.7,-0.26858308442728696
0,40.4717,3.703125,-0.26689761565643194
0,40.4717,3.7062500000000003,-0.265232368361756
0,40.4717,3.709375,-0.2635873240614512
0,40.4717,3.7125000000000004,-0.26196246521238875
0,40.4717,3.715625,-0.260357775396196
0,40.4717,3.71875,-0.2587732395040848
0,40.4717,3.7218750000000003,-0.25720884392060933
0,40.4717,3.725,-0.2556645767065254
0,40.4717,3.7281250000000004,-0.25414042778092233
0,40.4717,3.73125,-0.25263638910280595
0,40.4717,3.734375,-0.2511524548523006
0,40.4717,3.7375000000000003,-0.24968862161164632
0,40.4717,3.740625,-0.24824488854616275
0,40.4717,3.7437500000000004,-0.2468212575853455
0,40.4717,3.746875,-0.24541773360427035
0,40.4717,3.75,-0.2440343246054644
0,40.4717,3.7531250000000003,-0.2426710419014127
0,40.4717,3.75625,-0.241327900297859
0,40.4717,3.7593750000000004,-0.2400049182780542
0,40.4717,3.7625,-0.23870211818811038
0,40.4717,3.765625,-0.23741952642360004
0,40.4717,3.7687500000000003,-0.23615717361754685
0,40.4717,3.771875,-0.23491509482993891
0,40.4717,3.7750000000000004,-0.233693329738889
0,40.4717,3.778125,-0.23249192283356246
0,40.4717,3.78125,-0.23131092360897332
0,40.4717,3.7843750000000003,-0.23015038676274863
0,40.4717,3.7875,-0.22901037239393893
0,40.4717,3.7906250000000004,-0.22789094620394115
0,40.4717,3.79375,-0.22679217969958568
0,40.4717,3.796875,-0.22571415039841486
0,40.4717,3.8000000000000003,-0.2246569420361645
0,40.4717,3.803125,-0.2236206447764332
0,40.4717,3.8062500000000004,-0.22260535542249613
0,40.4717,3.809375,-0.22161117763119484
0,40.4717,3.8125,-0.22063822212879539
0,40.4717,3.8156250000000003,-0.21968660692867567
0,40.4717,3.81875,-0.21875645755065692
0,40.4717,3.8218750000000004,-0.21784790724174904
0,40.4717,3.825,-0.21696109719803233
0,40.4717,3.828125,-0.2160961767873339
0,40.4717,3.8312500000000003,-0.21525330377230095
0,40.4717,3.834375,-0.21443264453340005
0,40.4717,3.8375000000000004,-0.2136343742912908
0,40.4717,3.840625,-0.21285867732794583
0,40.4717,3.84375,-0.21210574720578215
0,40.4717,3.8468750000000003,-0.21137578698397563
0,40.4717,3.85,-0.21066900943100775
0,40.4717,3.8531250000000004,-0.20998563723236813
0,40.4717,3.85625,-0.20932590319219951
0,40.4717,3.859375,-0.20869005042751265
0,40.4717,3.8625000000000003,-0.20807833255343425
0,40.4717,3.865625,-0.2074910138577621
0,40.4717,3.8687500000000004,-0.2069283694628973
0,40.4717,3.871875,-0.20639068547300457
0,40.4717,3.875,-0.2058782591040005
0,40.4717,3.8781250000000003,-0.2053913987937087
0,40.4717,3.88125,-0.2049304242892248
0,40.4717,3.8843750000000004,-0.20449566670821823
0,40.4717,3.8875,-0.20408746857055085
0,40.4717,3.890625,-0.2037061837962149
0,40.4717,3.8937500000000003,-0.20335217766518607
0,40.4717,3.896875,-0.20302582673434116
0,40.4717,3.9000000000000004,-0.2027275187061126
0,40.4717,3.903125,-0.20245765224303355
0,40.4717,3.90625,-0.20221663672176776
0,40.4717,3.9093750000000003,-0.20200489191962093
0,40.4717,3.9125,-0.20182284762588362
0,40.4717,3.9156250000000004,-0.20167094316966946
0,40.4717,3.91875,-0.2015496268551774
0,40.4717,3.921875,-0.20145935529452588
0,40.4717,3.9250000000000003,-0.20140059262748172
0,40.4717,3.928125,-0.20137380961653442
0,40.4717,3.9312500000000004,-0.20137948260485178
0,40.4717,3.934375,-0.2014180923237001
0,40.4717,3.9375,-0.20149012253492088
0,40.4717,3.9406250000000003,-0.20159605849303752
0,40.4717,3.94375,-0.2017363852105247
0,40.4717,3.9468750000000004,-0.2019115855087226
0,40.4717,3.95,-0.20212213783582778
0,40.4717,3.953125,-0.20236851383236462
0,40.4717,3.9562500000000003,-0.20265117562354726
0,40.4717,3.959375,-0.2029705728170149
0,40.4717,3.9625000000000004,-0.20332713918358652
0,40.4717,3.965625,-0.2037212889979689
0,40.4717,3.96875,-0.20415341301580825
0,40.4717,3.9718750000000003,-0.2046238740631438
0,40.4717,3.975,-0.20513300221425568
0,40.4717,3.9781250000000004,-0.20568108953416553
0,40.4717,3.98125,-0.20626838436270836
0,40.4717,3.984375,-0.2068950851182375
0,40.4717,3.9875000000000003,-0.2075613336007284
0,40.4717,3.990625,-0.20826720777641805
0,40.4717,3.9937500000000004,-0.2090127140292545
0,40.4717,3.996875,-0.20979777886844908
0,40.4717,4.0,-0.2106222400864526
0,40.4717,4.003125000000001,-0.2114858373678259
0,40.4717,4.00625,-0.2123882023568895
0,40.4717,4.009375,-0.21332884820084724
0,40.4717,4.0125,-0.21430715859537025
0,40.4717,4.015625,-0.21532237637159343
0,40.4717,4.018750000000001,-0.21637359167711104
0,40.4717,4.021875,-0.21745972981902023
0,40.4717,4.025,-0.21857953885434386
0,40.4717,4.028125,-0.21973157703223842
0,40.4717,4.03125,-0.22091420021326322
0,40.4717,4.034375000000001,-0.22212554941340595
0,40.4717,4.0375,-0.22336353864439865
0,40.4717,4.040625,-0.2246258432467262
0,40.4717,4.04375,-0.22590988893717526
0,40.4717,4.046875,-0.22721284181828533
0,40.4717,4.050000000000001,-0.22853159962181796
0,40.4717,4.053125,-0.22986278448159542
0,40.4717,4.05625,-0.231202737551701
0,40.4717,4.059375,-0.23254751580290758
0,40.4717,4.0625,-0.2338928913421053
0,40.4717,4.065625000000001,-0.23523435360492204
0,40.4717,4.06875,-0.2365671147693349
0,40.4717,4.071875,-0.23788611872633006
0,40.4717,4.075,-0.23918605392116854
0,40.4717,4.078125,-0.24046137034437057
0,40.4717,4.081250000000001,-0.24170630090398504
0,40.4717,4.084375,-0.24291488734948521
0,40.4717,4.0875,-0.24408101084239933
0,40.4717,4.090625,-0.2451984271798428
0,40.4717,4.09375,-0.24626080657547728
0,40.4717,4.096875000000001,-0.24726177778963088
0,40.4717,4.1,-0.2481949762789201
0,40.4717,4.103125,-0.24905409590885996
0,40.4717,4.10625,-0.24983294364458902
0,40.4717,4.109375,-0.2505254965096208
0,40.4717,4.112500000000001,-0.2511259599854537
0,40.4717,4.115625,-0.25162882692138694
0,40.4717,4.11875,-0.25202893593931247
0,40.4717,4.121875,-0.2523215282577035
0,40.4717,4.125,-0.2525023018270153
0,40.4717,4.128125000000001,-0.2525674616687688
0,40.4717,4.13125,-0.25251376534510933
0,40.4717,4.134375,-0.25233856255546133
0,40.4717,4.1375,-0.2520398279613304
0,40.4717,4.140625,-0.25161618647687883
0,40.4717,4.143750000000001,-0.2510669304275597
0,40.4717,4.146875,-0.250392028166241
0,40.4717,4.15,-0.24959212393909153
0,40.4717,4.153125,-0.24866852900435704
0,40.4717,4.15625,-0.24762320421787004
0,40.4717,4.159375000000001,-0.2464587345016382
0,40.4717,4.1625,-0.2451782957984256
0,40.4717,4.165625,-0.24378561527913872
0,40.4717,4.16875,-0.24228492570553253
0,40.4717,4.171875,-0.2406809149541535
0,40.4717,4.175000000000001,-0.23897867177626766
0,40.4717,4.178125,-0.23718362890197855
0,40.4717,4.18125,-0.2353015045958222
0,40.4717,4.184375,-0.2333382437382391
0,40.4717,4.1875,-0.2312999594459602
0,40.4717,4.190625000000001,-0.22919287615918577
0,40.4717,4.19375,-0.22702327501942926
0,40.4717,4.196875,-0.2247974422445254
0,40.4717,4.2,-0.2225216210819333
0,40.4717,4.203125,-0.22020196779304896
0,40.4717,4.206250000000001,-0.21784451199454688
0,40.4717,4.209375,-0.21545512156154178
0,40.4717,4.2125,-0.21303947218489203
0,40.4717,4.215625,-0.21060302157368826
0,40.4717,4.21875,-0.2081509882053783
0,40.4717,4.221875000000001,-0.20568833445122114
0,40.4717,4.225,-0.20321975384388816
0,40.4717,4.228125,-0.20074966220691273
0,40.4717,4.23125,-0.19828219233161992
0,40.4717,4.234375,-0.19582119186495908
0,40.4717,4.237500000000001,-0.19337022406028073
0,40.4717,4.240625,-0.19093257104089792
0,40.4717,4.24375,-0.18851123923193605
0,40.4717,4.246875,-0.18610896662805404
0,40.4717,4.25,-0.1837282315815782
0,40.4717,4.253125000000001,-0.18137126281638719
0,40.4717,4.25625,-0.17904005039612175
0,40.4717,4.259375,-0.1767363574001143
0,40.4717,4.2625,-0.17446173208595947
0,40.4717,4.265625,-0.17221752034304308
0,40.4717,4.268750000000001,-0.17000487826625016
0,40.4717,4.271875,-0.16782478470281906
0,40.4717,4.275,-0.16567805364771607
0,40.4717,4.278125,-0.16356534638372794
0,40.4717,4.28125,-0.16148718328145728
0,40.4717,4.284375000000001,-0.15944395519168472
0,40.4717,4.2875,-0.1574359343779254
0,40.4717,4.290625,-0.1554632849506159
0,40.4717,4.29375,-0.15352607277628674
0,40.4717,4.296875,-0.15162427484529176
0,40.4717,4.300000000000001,-0.14975778809047616
0,40.4717,4.303125,-0.1479264376565068
0,40.4717,4.30625,-0.14612998462571036
0,40.4717,4.309375,-0.14436813321128575
0,40.4717,4.3125,-0.1426405374327035
0,40.4717,4.315625000000001,-0.14094680729126532
0,40.4717,4.31875,-0.139286514466118
0,40.4717,4.321875,-0.13765919755270412
0,40.4717,4.325,-0.13606436686678433
0,40.4717,4.328125,-0.13450150883777476
0,40.4717,4.331250000000001,-0.13297009001543725
0,40.4717,4.334375,-0.1314695607138623
0,40.4717,4.3375,-0.1299993583163471
0,40.4717,4.340625,-0.12855891026424443
0,40.4717,4.34375,-0.1271476367521043
0,40.4717,4.346875000000001,-0.12576495315063072
0,40.4717,4.35,-0.12441027217802003
0,40.4717,4.353125,-0.12308300583925766
0,40.4717,4.35625,-0.12178256715193914
0,40.4717,4.359375,-0.12050837167609917
0,40.4717,4.362500000000001,-0.11925983886451573
0,40.4717,4.365625,-0.11803639324889646
0,40.4717,4.36875,-0.11683746547633661
0,40.4717,4.371875,-0.11566249320946947
0,40.4717,4.375,-0.11451092190274638
0,40.4717,4.378125000000001,-0.11338220546640136
0,40.4717,4.38125,-0.11227580682876845
0,40.4717,4.384375,-0.11119119840679466
0,40.4717,4.3875,-0.11012786249383183
0,40.4717,4.390625,-0.10908529157303005
0,40.4717,4.393750000000001,-0.10806298856399575
0,40.4717,4.396875,-0.10706046700972101
0,40.4717,4.4,-0.10607725121019121
0,40.4717,4.403125,-0.10511287630853873
0,40.4717,4.40625,-0.10416688833506867
0,40.4717,4.409375000000001,-0.10323884421403022
0,40.4717,4.4125,-0.1023283117375508
0,40.4717,4.415625,-0.10143486951074322
0,40.4717,4.41875,-0.10055810687163598
0,40.4717,4.421875,-0.0996976237892085
0,40.4717,4.425000000000001,-0.09885303074252041
0,40.4717,4.428125,-0.09802394858362001
0,40.4717,4.43125,-0.09721000838665135
0,40.4717,4.434375,-0.09641085128535078
0,40.4717,4.4375,-0.09562612830088003
0,40.4717,4.440625000000001,-0.09485550016176268
0,40.4717,4.44375,-0.09409863711749303
0,40.4717,4.446875,-0.09335521874722018
0,40.4717,4.45,-0.09262493376476862
0,40.4717,4.453125,-0.0919074798210999
0,40.4717,4.456250000000001,-0.09120256330521308
0,40.4717,4.459375,-0.09050989914435648
0,40.4717,4.4625,-0.08982921060432057
0,40.4717,4.465625,-0.08916022909050023
0,40.4717,4.46875,-0.08850269395031173
0,40.4717,4.471875000000001,-0.0878563522774928
0,40.4717,4.475,-0.0872209587187347
0,40.4717,4.478125,-0.0865962752830335
0,40.4717,4.48125,-0.08598207115410388
0,40.4717,4.484375,-0.08537812250613122
0,40.4717,4.487500000000001,-0.08478421232311134
0,40.4717,4.490625,-0.08420013022197607
0,40.4717,4.49375,-0.0836256722796687
0,40.4717,4.496875,-0.08306064086431039
0,40.4717,4.5,-0.0825048444705557
0,40.4717,4.503125000000001,-0.08195809755922467
0,40.4717,4.50625,-0.08142022040126891
0,40.4717,4.509375,-0.08089103892610819
0,40.4717,4.5125,-0.08037038457436643
0,40.4717,4.515625,-0.07985809415500608
0,40.4717,4.518750000000001,-0.0793540097068609
0,40.4717,4.521875,-0.07885797836454655
0,40.4717,4.525,-0.07836985222871885
0,40.4717,4.528125,-0.07788948824064812
0,40.4717,4.53125,-0.07741674806105779
0,40.4717,4.534375000000001,-0.07695149795318156
0,40.4717,4.5375,-0.07649360866997995
0,40.4717,4.540625,-0.07604295534545197
0,40.4717,4.54375,-0.07559941738998163
0,40.4717,4.546875,-0.07516287838964252
0,40.4717,4.550000000000001,-0.07473322600939314
0,40.4717,4.553125,-0.07431035190008603
0,40.4717,4.55625,-0.07389415160921087
0,40.4717,4.559375,-0.07348452449529719
0,40.4717,4.5625,-0.07308137364588974
0,40.4717,4.565625000000001,-0.07268460579901835
0,40.4717,4.56875,-0.07229413126807638
0,40.4717,4.571875,-0.07190986387002075
0,40.4717,4.575,-0.07153172085681088
0,40.4717,4.578125,-0.07115962284999268
0,40.4717,4.581250000000001,-0.07079349377834182
0,40.4717,4.584375,-0.07043326081847273
0,40.4717,4.5875,-0.07007885433831788
0,40.4717,4.590625,-0.06973020784338516
0,40.4717,4.59375,-0.06938725792568884
0,40.4717,4.596875000000001,-0.06904994421525658
0,40.4717,4.6,-0.06871820933410447
0,40.4717,4.603125,-0.06839199885256894
0,40.4717,4.60625,-0.06807126124788475
0,40.4717,4.609375,-0.06775594786488327
0,40.4717,4.612500000000001,-0.06744601287868913
0,40.4717,4.615625,-0.06714141325927939
0,40.4717,4.61875,-0.06684210873776229
0,40.4717,4.621875,-0.06654806177422881
0,40.4717,4.625,-0.06625923752701066
0,40.4717,4.628125000000001,-0.06597560382317649
0,40.4717,4.63125,-0.06569713113007927
0,40.4717,4.634375,-0.06542379252775417
0,40.4717,4.6375,-0.06515556368195484
0,40.4717,4.640625,-0.064892422817591
0,40.4717,4.643750000000001,-0.06463435069231808
0,40.4717,4.646875,-0.06438133057000384
0,40.4717,4.65,-0.06413334819377327
0,40.4717,4.653125,-0.06389039175831122
0,40.4717,4.65625,-0.06365245188106711
0,40.4717,4.659375000000001,-0.06341952157198107
0,40.4717,4.6625,-0.06319159620131365
0,40.4717,4.665625,-0.0629686734651232
0,40.4717,4.66875,-0.06275075334789919
0,40.4717,4.671875,-0.06253783808180931
0,40.4717,4.675000000000001,-0.06232993210197745
0,40.4717,4.678125,-0.062127041997154304
0,40.4717,4.68125,-0.061929176455087775
0,40.4717,4.684375,-0.06173634620184449
0,40.4717,4.6875,-0.06154856393426523
0,40.4717,4.690625000000001,-0.061365844244674964
0,40.4717,4.69375,-0.06118820353689334
0,40.4717,4.696875,-0.061015659932516085
0,40.4717,4.7,-0.06084823316636081
0,40.4717,4.703125,-0.0606859444698823
0,40.4717,4.706250000000001,-0.060528816441280775
0,40.4717,4.709375,-0.06037687290093327
0,40.4717,4.7125,-0.06023013873068655
0,40.4717,4.715625,-0.0600886396954591
0,40.4717,4.71875,-0.05995240224550125
0,40.4717,4.721875000000001,-0.05982145329757444
0,40.4717,4.725,-0.05969581999321658
0,40.4717,4.728125,-0.05957552943217677
0,40.4717,4.73125,-0.05946060837902444
0,40.4717,4.734375,-0.0593510829408672
0,40.4717,4.737500000000001,-0.05924697821405942
0,40.4717,4.740625,-0.05914831789774357
0,40.4717,4.74375,-0.05905512387205059
0,40.4717,4.746875,-0.05896741573879823
0,40.4717,4.75,-0.05888521032256819
0,40.4717,4.753125000000001,-0.05880852113012933
0,40.4717,4.75625,-0.05873735776630478
0,40.4717,4.759375,-0.058671725304568205
0,40.4717,4.7625,-0.05861162361090869
0,40.4717,4.765625,-0.058557046619829294
0,40.4717,4.768750000000001,-0.0585079815617597
0,40.4717,4.771875,-0.05846440814167294
0,40.4717,4.775,-0.058426297669314335
0,40.4717,4.778125,-0.05839361214219096
0,40.4717,4.78125,-0.05836630328333841
0,40.4717,4.784375000000001,-0.05834431153689508
0,40.4717,4.7875,-0.05832756502567669
0,40.4717,4.790625,-0.05831597847626582
0,40.4717,4.79375,-0.058309452118617065
0,40.4717,4.796875,-0.05830787056882621
0,40.4717,4.800000000000001,-0.05831110170552224
0,40.4717,4.803125,-0.05831899555229841
0,40.4717,4.80625,-0.058331383180691164
0,40.4717,4.809375,-0.058348075650412064
0,40.4717,4.8125,-0.05836886300580702
0,40.4717,4.815625000000001,-0.058393513349807614
0,40.4717,4.81875,-0.058421772018894313
0,40.4717,4.821875,-0.05845336088473703
0,40.4717,4.825,-0.05848797781012849
0,40.4717,4.828125,-0.05852529628848199
0,40.4717,4.831250000000001,-0.058564965297414236
0,40.4717,4.834375,-0.058606609397655544
0,40.4717,4.8375,-0.05864982910859474
0,40.4717,4.840625,-0.058694201591040523
0,40.4717,4.84375,-0.05873928166613938
0,40.4717,4.846875000000001,-0.05878460319670762
0,40.4717,4.85,-0.05882968085341318
0,40.4717,4.853125,-0.058874012283202576
0,40.4717,4.85625,-0.058917080691070954
0,40.4717,4.859375,-0.058958357838724086
0,40.4717,4.862500000000001,-0.058997307454939196
0,40.4717,4.865625,-0.05903338904262249
0,40.4717,4.86875,-0.059066062056872426
0,40.4717,4.871875,-0.05909479041705318
0,40.4717,4.875,-0.05911904730429
0,40.4717,4.878125000000001,-0.059138320184310075
0,40.4717,4.88125,-0.05915211598460915
0,40.4717,4.884375,-0.05915996634500324
0,40.4717,4.8875,-0.0591614328522093
0,40.4717,4.890625,-0.05915611216266541
0,40.4717,4.893750000000001,-0.059143640913775
0,40.4717,4.896875,-0.05912370032250275
0,40.4717,4.9,-0.059096020372017506
0,40.4717,4.903125,-0.059060383492006485
0,40.4717,4.90625,-0.05901662764636796
0,40.4717,4.909375000000001,-0.05896464875306964
0,40.4717,4.9125,-0.05890440237472856
0,40.4717,4.915625,-0.058835904634475286
0,40.4717,4.91875,-0.05875923232934161
0,40.4717,4.921875,-0.05867452223209099
0,40.4717,4.925000000000001,-0.0585819695913799
0,40.4717,4.928125,-0.05848182585865814
0,40.4717,4.93125,-0.05837439568758013
0,40.4717,4.934375,-0.05826003326726602
0,40.4717,4.9375,-0.0581391380639727
0,40.4717,4.940625000000001,-0.0580121500562034
0,40.4717,4.94375,-0.05787954455572182
0,40.4717,4.946875,-0.057741826711230376
0,40.4717,4.95,-0.057599525792655176
0,40.4717,4.953125,-0.0574531893522184
0,40.4717,4.956250000000001,-0.05730337735407324
0,40.4717,4.959375,-0.057150656357601914
0,40.4717,4.9625,-0.05699559383099054
0,40.4717,4.965625,-0.05683875266188682
0,40.4717,4.96875,-0.05668068592130305
0,40.4717,4.971875000000001,-0.05652193192594453
0,40.4717,4.975,-0.05636300963325062
0,40.4717,4.978125,-0.05620441439302985
0,40.4717,4.98125,-0.05604661406998004
0,40.4717,4.984375,-0.05589004554285292
0,40.4717,4.987500000000001,-0.05573511157875272
0,40.4717,4.990625,-0.055582178075146586
0,40.4717,4.99375,-0.055431571657676704
0,40.4717,4.996875,-0.05528357761879038
0,40.4717,5.0,-0.05513843818048664
0,40.4717,5.003125,-0.05499635106403484
0,40.4717,5.0062500000000005,-0.05485746835021589
0,40.4717,5.009375,-0.054721895615328656
0,40.4717,5.0125,-0.05458969133072377
0,40.4717,5.015625,-0.054460866516797164
0,40.4717,5.01875,-0.054335384646006
0,40.4717,5.0218750000000005,-0.05421316179337219
0,40.4717,5.025,-0.0540940670369159
0,40.4717,5.028125,-0.053977923114317414
0,40.4717,5.03125,-0.05386450734564955
0,40.4717,5.034375,-0.05375355283505798
0,40.4717,5.0375000000000005,-0.0536447499666127
0,40.4717,5.040625,-0.05353774821103169
0,40.4717,5.04375,-0.05343215826042369
0,40.4717,5.046875,-0.05332755450747126
0,40.4717,5.05,-0.05322347788345425
0,40.4717,5.0531250000000005,-0.05311943906611795
0,40.4717,5.05625,-0.05301492206357426
0,40.4717,5.059375,-0.05290938817419462
0,40.4717,5.0625,-0.05280228031488031
0,40.4717,5.065625,-0.0526930277013038
0,40.4717,5.0687500000000005,-0.05258105085391089
0,40.4717,5.071875,-0.05246576689292486
0,40.4717,5.075,-0.05234659507464453
0,40.4717,5.078125,-0.0522229625103812
0,40.4717,5.08125,-0.052094309998885945
0,40.4717,5.0843750000000005,-0.05196009789356843
0,40.4717,5.0875,-0.05181981191769601
0,40.4717,5.090625,-0.05167296883456969
0,40.4717,5.09375,-0.051519121875843135
0,40.4717,5.096875,-0.0513578658300431
0,40.4717,5.1000000000000005,-0.05118884169523607
0,40.4717,5.103125,-0.05101174080480257
0,40.4717,5.10625,-0.050826308343429785
0,40.4717,5.109375,-0.05063234618156254
0,40.4717,5.1125,-0.05042971497035344
0,40.4717,5.1156250000000005,-0.05021833545518441
0,40.4717,5.11875,-0.04999818898352091
0,40.4717,5.121875,-0.04976931720154635
0,40.4717,5.125,-0.04953182095299341
0,40.4717,5.128125,-0.049285858412099204
0,40.4717,5.1312500000000005,-0.049031642499961045
0,40.4717,5.134375,-0.04876943764910997
0,40.4717,5.1375,-0.04849955599430372
0,40.4717,5.140625,-0.04822235307795816
0,40.4717,5.14375,-0.04793822316600064
0,40.4717,5.1468750000000005,-0.0476475942741294
0,40.4717,5.15,-0.04735092300552007
0,40.4717,5.153125,-0.047048689299099035
0,40.4717,5.15625,-0.04674139118289411
0,40.4717,5.159375,-0.04642953962004078
0,40.4717,5.1625000000000005,-0.04611365352622125
0,40.4717,5.165625,-0.04579425502711415
0,40.4717,5.16875,-0.04547186501332207
0,40.4717,5.171875,-0.04514699903869706
0,40.4717,5.175,-0.0448201635964222
0,40.4717,5.1781250000000005,-0.044491852796018444
0,40.4717,5.18125,-0.0441625454539393
0,40.4717,5.184375,-0.04383270260083406
0,40.4717,5.1875,-0.04350276540008781
0,40.4717,5.190625,-0.043173153464977375
0,40.4717,5.1937500000000005,-0.04284426355577624
0,40.4717,5.196875,-0.042516468633386054
0,40.4717,5.2,-0.04219011724251727
0,40.4717,5.203125,-0.04186553319501091
0,40.4717,5.20625,-0.041543015522469424
0,40.4717,5.2093750000000005,-0.041222838666833815
0,40.4717,5.2125,-0.04090525287777157
0,40.4717,5.215625,-0.04059048478659117
0,40.4717,5.21875,-0.04027873812775546
0,40.4717,5.221875,-0.03997019458079542
0,40.4717,5.2250000000000005,-0.0396650147074307
0,40.4717,5.228125,-0.03936333896088123
0,40.4717,5.23125,-0.03906528874662057
0,40.4717,5.234375,-0.038770967516115966
0,40.4717,5.2375,-0.038480461877351935
0,40.4717,5.2406250000000005,-0.038193842708111596
0,40.4717,5.24375,-0.03791116626005307
0,40.4717,5.246875,-0.0376324752435413
0,40.4717,5.25,-0.03735779988497182
0,40.4717,5.253125,-0.03708715894993079
0,40.4717,5.2562500000000005,-0.036820560726985044
0,40.4717,5.259375,-0.036558003968180014
0,40.4717,5.2625,-0.03629947878344986
0,40.4717,5.265625,-0.036044967487124775
0,40.4717,5.26875,-0.0357944453955566
0,40.4717,5.2718750000000005,-0.03554788157559505
0,40.4717,5.275,-0.03530523954423924
0,40.4717,5.278125,-0.03506647792027472
0,40.4717,5.28125,-0.034831551029100745
0,40.4717,5.284375,-0.03460040946225945
0,40.4717,5.2875000000000005,-0.03437300059341654
0,40.4717,5.290625,-0.03414926905271631
0,40.4717,5.29375,-0.03392915716155256
0,40.4717,5.296875,-0.03371260532987279
0,40.4717,5.3,-0.03349955241816668
0,40.4717,5.3031250000000005,-0.033289936066294684
0,40.4717,5.30625,-0.03308369299129094
0,40.4717,5.309375,-0.032880759256230185
0,40.4717,5.3125,-0.032681070512191594
0,40.4717,5.315625,-0.03248456221527847
0,40.4717,5.3187500000000005,-0.032291169820572854
0,40.4717,5.321875,-0.03210082895481657
0,40.4717,5.325,-0.031913475569517485
0,40.4717,5.328125,-0.031729046076087425
0,40.4717,5.33125,-0.03154747746452185
0,40.4717,5.3343750000000005,-0.03136870740703827
0,40.4717,5.3375,-0.03119267434799778
0,40.4717,5.340625,-0.031019317581343252
0,40.4717,5.34375,-0.030848577316702302
0,40.4717,5.346875,-0.030680394735217883
0,40.4717,5.3500000000000005,-0.03051471203609067
0,40.4717,5.353125,-0.030351472474741695
0,40.4717,5.35625,-0.030190620393430952
0,40.4717,5.359375,-0.03003210124510223
0,40.4717,5.3625,-0.02987586161115918
0,40.4717,5.3656250000000005,-0.029721849213819578
0,40.4717,5.36875,-0.0295700129236393
0,40.4717,5.371875,-0.029420302762745414
0,40.4717,5.375,-0.029272669904271558
0,40.4717,5.378125,-0.029127066668442884
0,40.4717,5.3812500000000005,-0.02898344651571816
0,40.4717,5.384375,-0.02884176403735863
0,40.4717,5.3875,-0.02870197494375788
0,40.4717,5.390625,-0.028564036050836274
0,40.4717,5.39375,-0.028427905264773082
0,40.4717,5.3968750000000005,-0.028293541565322895
0,40.4717,5.4,-0.028160904987938766
0,40.4717,5.403125,-0.028029956604900985
0,40.4717,5.40625,-0.02790065850563121
0,40.4717,5.409375,-0.02777297377635159
0,40.4717,5.4125000000000005,-0.02764686647923243
0,40.4717,5.415625,-0.027522301631155894
0,40.4717,5.41875,-0.027399245182209014
0,40.4717,5.421875,-0.0272776639940072
0,40.4717,5.425,-0.0271575258179369
0,40.4717,5.4281250000000005,-0.027038799273395996
0,40.4717,5.43125,-0.02692145382610115
0,40.4717,5.434375,-0.026805459766521995
0,40.4717,5.4375,-0.026690788188495386
0,40.4717,5.440625,-0.02657741096806478
0,40.4717,5.4437500000000005,-0.02646530074258431
0,40.4717,5.446875,-0.02635443089012113
0,40.4717,5.45,-0.026244775509184217
0,40.4717,5.453125,-0.02613630939880406
0,40.4717,5.45625,-0.026029008038982723
0,40.4717,5.4593750000000005,-0.025922847571530502
0,40.4717,5.4625,-0.025817804781302318
0,40.4717,5.465625,-0.025713857077843398
0,40.4717,5.46875,-0.02561098247745221
0,40.4717,5.471875,-0.025509159585665443
0,40.4717,5.4750000000000005,-0.02540836758016818
0,40.4717,5.478125,-0.025308586194130837
0,40.4717,5.48125,-0.02520979569997217
0,40.4717,5.484375,-0.025111976893547258
0,40.4717,5.4875,-0.025015111078757285
0,40.4717,5.4906250000000005,-0.024919180052577452
0,40.4717,5.49375,-0.024824166090498246
0,40.4717,5.496875,-0.024730051932374375
0,40.4717,5.5,-0.024636820768675516
0,40.4717,5.503125,-0.024544456227131903
0,40.4717,5.5062500000000005,-0.024452942359767613
0,40.4717,5.509375,-0.024362263630314164
0,40.4717,5.5125,-0.02427240490199612
0,40.4717,5.515625,-0.024183351425681142
0,40.4717,5.51875,-0.024095088828385795
0,40.4717,5.5218750000000005,-0.024007603102128745
0,40.4717,5.525,-0.02392088059312305
0,40.4717,5.528125,-0.023834907991298535
0,40.4717,5.53125,-0.023749672320146135
0,40.4717,5.534375,-0.02366516092687541
0,40.4717,5.5375000000000005,-0.023581361472876646
0,40.4717,5.540625,-0.02349826192447934
0,40.4717,5.54375,-0.02341585054399832
0,40.4717,5.546875,-0.02333411588105972
0,40.4717,5.55,-0.023253046764198225
0,40.4717,5.5531250000000005,-0.02317263229271788
0,40.4717,5.55625,-0.023092861828808514
0,40.4717,5.559375,-0.02301372498990989
0,40.4717,5.5625,-0.02293521164131634
0,40.4717,5.565625,-0.02285731188901429
0,40.4717,5.5687500000000005,-0.022780016072745473
0,40.4717,5.571875,-0.02270331475928892
0,40.4717,5.575,-0.022627198735954503
0,40.4717,5.578125,-0.022551659004281892
0,40.4717,5.58125,-0.02247668677393785
0,40.4717,5.5843750000000005,-0.022402273456805805
0,40.4717,5.5875,-0.022328410661261656
0,40.4717,5.590625,-0.022255090186629297
0,40.4717,5.59375,-0.02218230401781068
0,40.4717,5.596875,-0.0221100443200843
0,40.4717,5.6000000000000005,-0.022038303434066823
0,40.4717,5.603125,-0.021967073870832517
0,40.4717,5.60625,-0.02189634830718513
0,40.4717,5.609375,-0.02182611958107759
0,40.4717,5.6125,-0.021756380687174306
0,40.4717,5.6156250000000005,-0.02168712477255164
0,40.4717,5.61875,-0.02161834513253188
0,40.4717,5.621875,-0.021550035206646265
0,40.4717,5.625,-0.021482188574723
0,40.4717,5.628125,-0.021414798953095976
0,40.4717,5.6312500000000005,-0.02134786019093021
0,40.4717,5.634375,-0.02128136626666038
0,40.4717,5.6375,-0.021215311284538282
0,40.4717,5.640625,-0.021149689471286145
0,40.4717,5.64375,-0.021084495172851894
0,40.4717,5.6468750000000005,-0.02101972285126321
0,40.4717,5.65,-0.02095536708157719
0,40.4717,5.653125,-0.020891422548922088
0,40.4717,5.65625,-0.02082788404562868
0,40.4717,5.659375,-0.02076474646844781
0,40.4717,5.6625000000000005,-0.020702004815851546
0,40.4717,5.665625,-0.02063965418541522
0,40.4717,5.66875,-0.02057768977127745
0,40.4717,5.671875,-0.020516106861675935
0,40.4717,5.675,-0.02045490083655632
0,40.4717,5.6781250000000005,-0.020394067165251818
0,40.4717,5.68125,-0.020333601404231388
0,40.4717,5.684375,-0.020273499194913915
0,40.4717,5.6875,-0.02021375626154672
0,40.4717,5.690625,-0.020154368409145935
0,40.4717,5.6937500000000005,-0.020095331521496916
0,40.4717,5.696875,-0.02003664155921281
0,40.4717,5.7,-0.019978294557849136
0,40.4717,5.703125,-0.019920286626072984
0,40.4717,5.70625,-0.019862613943884715
0,40.4717,5.7093750000000005,-0.0198052727608907
0,40.4717,5.7125,-0.01974825939462544
0,40.4717,5.715625,-0.01969157022892134
0,40.4717,5.71875,-0.019635201712324864
0,40.4717,5.721875,-0.019579150356557454
0,40.4717,5.7250000000000005,-0.01952341273501978
0,40.4717,5.728125,-0.019467985481338112
0,40.4717,5.73125,-0.01941286528795122
0,40.4717,5.734375,-0.01935804890473683
0,40.4717,5.7375,-0.01930353313767622
0,40.4717,5.7406250000000005,-0.019249314847555755
0,40.4717,5.74375,-0.0191953909487044
0,40.4717,5.746875,-0.019141758407765753
0,40.4717,5.75,-0.019088414242503928
0,40.4717,5.753125,-0.019035355520641936
0,40.4717,5.7562500000000005,-0.018982579358731693
0,40.4717,5.759375,-0.01893008292105479
0,40.4717,5.7625,-0.018877863418552694
0,40.4717,5.765625,-0.018825918107786048
0,40.4717,5.76875,-0.01877424428992169
0,40.4717,5.7718750000000005,-0.0187228393097468
0,40.4717,5.775,-0.018671700554709375
0,40.4717,5.778125,-0.018620825453983993
0,40.4717,5.78125,-0.018570211477562434
0,40.4717,5.784375,-0.01851985613536818
0,40.4717,5.7875000000000005,-0.018469756976394136
0,40.4717,5.790625,-0.01841991158786299
0,40.4717,5.79375,-0.01837031759440929
0,40.4717,5.796875,-0.01832097265728287
0,40.4717,5.800000000000001,-0.01827187447357282
0,40.4717,5.8031250000000005,-0.01822302077545153
0,40.4717,5.80625,-0.018174409329437945
0,40.4717,5.809375,-0.018126037935679875
0,40.4717,5.8125,-0.018077904427254442
0,40.4717,5.815625000000001,-0.018030006669486332
0,40.4717,5.8187500000000005,-0.017982342559283333
0,40.4717,5.821875,-0.01793491002448847
0,40.4717,5.825,-0.017887707023248538
0,40.4717,5.828125,-0.017840731543398356
0,40.4717,5.831250000000001,-0.017793981601860367
0,40.4717,5.8343750000000005,-0.017747455244059167
0,40.4717,5.8375,-0.01770115054335041
0,40.4717,5.840625,-0.017655065600463895
0,40.4717,5.84375,-0.017609198542960256
0,40.4717,5.846875000000001,-0.01756354752470091
0,40.4717,5.8500000000000005,-0.017518110725331004
0,40.4717,5.853125,-0.01747288634977474
0,40.4717,5.85625,-0.017427872627743077
0,40.4717,5.859375,-0.017383067813253168
0,40.4717,5.862500000000001,-0.01733847018415932
0,40.4717,5.8656250000000005,-0.017294078041695284
0,40.4717,5.86875,-0.01724988971002724
0,40.4717,5.871875,-0.017205903535817548
0,40.4717,5.875,-0.017162117887798735
0,40.4717,5.878125000000001,-0.017118531156357482
0,40.4717,5.8812500000000005,-0.017075141753128457
0,40.4717,5.884375,-0.017031948110597498
0,40.4717,5.8875,-0.01698894868171412
0,40.4717,5.890625,-0.016946141939512997
0,40.4717,5.893750000000001,-0.016903526376744128
0,40.4717,5.8968750000000005,-0.01686110050551159
0,40.4717,5.9,-0.016818862856920476
0,40.4717,5.903125,-0.016776811980731943
0,40.4717,5.90625,-0.016734946445026103
0,40.4717,5.909375000000001,-0.01669326483587253
0,40.4717,5.9125000000000005,-0.01665176575700825
0,40.4717,5.915625,-0.016610447829522854
0,40.4717,5.91875,-0.016569309691550793
0,40.4717,5.921875,-0.016528349997970454
0,40.4717,5.925000000000001,-0.016487567420109955
0,40.4717,5.9281250000000005,-0.01644696064545947
0,40.4717,5.93125,-0.01640652837738982
0,40.4717,5.934375,-0.01636626933487733
0,40.4717,5.9375,-0.016326182252234665
0,40.4717,5.940625000000001,-0.016286265878847545
0,40.4717,5.9437500000000005,-0.01624651897891719
0,40.4717,5.946875,-0.016206940331208276
0,40.4717,5.95,-0.01616752872880243
0,40.4717,5.953125,-0.016128282978856885
0,40.4717,5.956250000000001,-0.016089201902368414
0,40.4717,5.9593750000000005,-0.016050284333942268
0,40.4717,5.9625,-0.016011529121565903
0,40.4717,5.965625,-0.01597293512638768
0,40.4717,5.96875,-0.01593450122250006
0,40.4717,5.971875000000001,-0.015896226296727455
0,40.4717,5.9750000000000005,-0.015858109248418482
0,40.4717,5.978125,-0.015820148989242493
0,40.4717,5.98125,-0.01578234444299039
0,40.4717,5.984375,-0.01574469454537955
0,40.4717,5.987500000000001,-0.01570719824386271
0,40.4717,5.9906250000000005,-0.015669854497440867
0,40.4717,5.99375,-0.015632662276479872
0,40.4717,5.996875,-0.01559562056253089
0,40.4717,6.0,-0.015558728348154392
