"Current","Field","Frequency","Spectra"
0,34.3608,1.0,-0.02454575924092441
0,34.3608,1.003125,-0.024612786494773838
0,34.3608,1.00625,-0.024680091471973784
0,34.3608,1.009375,-0.02474767574837825
0,34.3608,1.0125,-0.024815540911660303
0,34.3608,1.015625,-0.02488368856142947
0,34.3608,1.01875,-0.02495212030935079
0,34.3608,1.021875,-0.025020837779265392
0,34.3608,1.025,-0.025089842607312656
0,34.3608,1.028125,-0.02515913644205417
0,34.3608,1.03125,-0.02522872094459918
0,34.3608,1.034375,-0.02529859778873192
0,34.3608,1.0375,-0.02536876866104056
0,34.3608,1.040625,-0.025439235261047948
0,34.3608,1.04375,-0.025509999301344226
0,34.3608,1.046875,-0.025581062507721204
0,34.3608,1.05,-0.025652426619308617
0,34.3608,1.053125,-0.025724093388712347
0,34.3608,1.05625,-0.02579606458215446
0,34.3608,1.059375,-0.02586834197961539
0,34.3608,1.0625,-0.025940927374977964
0,34.3608,1.065625,-0.026013822576173608
0,34.3608,1.06875,-0.026087029405330572
0,34.3608,1.071875,-0.026160549698924278
0,34.3608,1.075,-0.026234385307929917
0,34.3608,1.078125,-0.026308538097977136
0,34.3608,1.08125,-0.026383009949507104
0,34.3608,1.084375,-0.026457802757931793
0,34.3608,1.0875,-0.02653291843379558
0,34.3608,1.090625,-0.026608358902939368
0,34.3608,1.09375,-0.026684126106666956
0,34.3608,1.096875,-0.026760222001914056
0,34.3608,1.1,-0.02683664856141976
0,34.3608,1.103125,-0.026913407773900548
0,34.3608,1.10625,-0.026990501644227068
0,34.3608,1.109375,-0.02706793219360342
0,34.3608,1.1125,-0.027145701459749347
0,34.3608,1.115625,-0.027223811497085148
0,34.3608,1.11875,-0.027302264376919353
0,34.3608,1.121875,-0.02738106218763951
0,34.3608,1.125,-0.02746020703490577
0,34.3608,1.128125,-0.027539701041847567
0,34.3608,1.13125,-0.02761954634926344
0,34.3608,1.134375,-0.027699745115823862
0,34.3608,1.1375,-0.027780299518277516
0,34.3608,1.140625,-0.027861211751660623
0,34.3608,1.14375,-0.02794248402950985
0,34.3608,1.146875,-0.028024118584078522
0,34.3608,1.15,-0.028106117666556303
0,34.3608,1.153125,-0.028188483547292663
0,34.3608,1.15625,-0.028271218516023728
0,34.3608,1.159375,-0.02835432488210312
0,34.3608,1.1625,-0.02843780497473644
0,34.3608,1.165625,-0.028521661143219725
0,34.3608,1.16875,-0.028605895757181934
0,34.3608,1.171875,-0.028690511206831394
0,34.3608,1.175,-0.02877550990320655
0,34.3608,1.178125,-0.02886089427843088
0,34.3608,1.18125,-0.02894666678597217
0,34.3608,1.184375,-0.029032829900906314
0,34.3608,1.1875,-0.029119386120185567
0,34.3608,1.190625,-0.029206337962911548
0,34.3608,1.19375,-0.029293687970612964
0,34.3608,1.196875,-0.029381438707528133
0,34.3608,1.2,-0.0294695927608927
0,34.3608,1.203125,-0.029558152741232156
0,34.3608,1.20625,-0.029647121282659884
0,34.3608,1.209375,-0.029736501043180305
0,34.3608,1.2125,-0.029826294704997588
0,34.3608,1.215625,-0.029916504974830005
0,34.3608,1.21875,-0.030007134584229864
0,34.3608,1.221875,-0.030098186289909488
0,34.3608,1.225,-0.030189662874073042
0,34.3608,1.228125,-0.030281567144754568
0,34.3608,1.23125,-0.030373901936162358
0,34.3608,1.234375,-0.030466670109029696
0,34.3608,1.2375,-0.030559874550972258
0,34.3608,1.240625,-0.03065351817685224
0,34.3608,1.24375,-0.030747603929149447
0,34.3608,1.246875,-0.03084213477833952
0,34.3608,1.25,-0.03093711372327937
0,34.3608,1.253125,-0.03103254379160006
0,34.3608,1.25625,-0.031128428040107476
0,34.3608,1.259375,-0.031224769555190685
0,34.3608,1.2625,-0.03132157145323843
0,34.3608,1.265625,-0.03141883688106379
0,34.3608,1.26875,-0.031516569016337356
0,34.3608,1.271875,-0.0316147710680291
0,34.3608,1.275,-0.031713446276859035
0,34.3608,1.278125,-0.0318125979157571
0,34.3608,1.28125,-0.03191222929033235
0,34.3608,1.284375,-0.03201234373935178
0,34.3608,1.2875,-0.032112944635229
0,34.3608,1.290625,-0.03221403538452301
0,34.3608,1.29375,-0.03231561942844741
0,34.3608,1.296875,-0.03241770024339019
0,34.3608,1.3,-0.03252028134144453
0,34.3608,1.303125,-0.032623366270950846
0,34.3608,1.30625,-0.03272695861705028
0,34.3608,1.309375,-0.03283106200225024
0,34.3608,1.3125,-0.03293568008700189
0,34.3608,1.315625,-0.03304081657029026
0,34.3608,1.31875,-0.03314647519023731
0,34.3608,1.321875,-0.03325265972471792
0,34.3608,1.325,-0.03335937399198982
0,34.3608,1.328125,-0.03346662185133711
0,34.3608,1.33125,-0.03357440720372833
0,34.3608,1.334375,-0.0336827339924893
0,34.3608,1.3375,-0.0337916062039909
0,34.3608,1.340625,-0.03390102786835271
0,34.3608,1.34375,-0.03401100306016238
0,34.3608,1.346875,-0.03412153589921176
0,34.3608,1.35,-0.03423263055124981
0,34.3608,1.353125,-0.03434429122875297
0,34.3608,1.35625,-0.034456522191713544
0,34.3608,1.359375,-0.03456932774844648
0,34.3608,1.3625,-0.03468271225641519
0,34.3608,1.365625,-0.034796680123076906
0,34.3608,1.36875,-0.034911235806748146
0,34.3608,1.371875,-0.035026383817491
0,34.3608,1.375,-0.035142128718020596
0,34.3608,1.378125,-0.03525847512463467
0,34.3608,1.38125,-0.03537542770816568
0,34.3608,1.384375,-0.0354929911949563
0,34.3608,1.3875,-0.03561117036785882
0,34.3608,1.390625,-0.03572997006725929
0,34.3608,1.39375,-0.035849395192127244
0,34.3608,1.396875,-0.03596945070109152
0,34.3608,1.4,-0.03609014161354322
0,34.3608,1.403125,-0.03621147301076655
0,34.3608,1.40625,-0.0363334500370983
0,34.3608,1.409375,-0.036456077901117045
0,34.3608,1.4125,-0.036579361876862865
0,34.3608,1.415625,-0.03670330730508846
0,34.3608,1.41875,-0.03682791959454286
0,34.3608,1.421875,-0.03695320422328848
0,34.3608,1.425,-0.037079166740052856
0,34.3608,1.428125,-0.03720581276561582
0,34.3608,1.43125,-0.037333147994233574
0,34.3608,1.434375,-0.03746117819510062
0,34.3608,1.4375,-0.03758990921385073
0,34.3608,1.440625,-0.037719346974098386
0,34.3608,1.44375,-0.037849497479021825
0,34.3608,1.446875,-0.03798036681298902
0,34.3608,1.45,-0.03811196114322822
0,34.3608,1.453125,-0.038244286721543994
0,34.3608,1.45625,-0.03837734988608082
0,34.3608,1.459375,-0.038511157063135446
0,34.3608,1.4625,-0.03864571476901958
0,34.3608,1.465625,-0.03878102961197474
0,34.3608,1.46875,-0.03891710829414074
0,34.3608,1.471875,-0.03905395761357993
0,34.3608,1.475,-0.03919158446635852
0,34.3608,1.478125,-0.03932999584868741
0,34.3608,1.48125,-0.03946919885912404
0,34.3608,1.484375,-0.039609200700837566
0,34.3608,1.4875,-0.03975000868393933
0,34.3608,1.490625,-0.039891630227880934
0,34.3608,1.49375,-0.04003407286392189
0,34.3608,1.496875,-0.040177344237669554
0,34.3608,1.5,-0.04032145211169348
0,34.3608,1.503125,-0.04046640436821665
0,34.3608,1.50625,-0.040612209011886495
0,34.3608,1.509375,-0.04075887417262803
0,34.3608,1.5125000000000002,-0.040906408108582024
0,34.3608,1.515625,-0.041054819209131024
0,34.3608,1.51875,-0.04120411599801632
0,34.3608,1.521875,-0.04135430713654865
0,34.3608,1.525,-0.04150540142691607
0,34.3608,1.5281250000000002,-0.04165740781559221
0,34.3608,1.53125,-0.04181033539684807
0,34.3608,1.534375,-0.04196419341637131
0,34.3608,1.5375,-0.04211899127499607
0,34.3608,1.540625,-0.042274738532547686
0,34.3608,1.5437500000000002,-0.042431444911805644
0,34.3608,1.546875,-0.042589120302588934
0,34.3608,1.55,-0.04274777476596822
0,34.3608,1.553125,-0.04290741853860846
0,34.3608,1.55625,-0.0430680620372469
0,34.3608,1.5593750000000002,-0.043229715863310834
0,34.3608,1.5625,-0.043392390807679475
0,34.3608,1.565625,-0.04355609785559528
0,34.3608,1.56875,-0.043720848191729104
0,34.3608,1.571875,-0.04388665320540482
0,34.3608,1.5750000000000002,-0.04405352449598819
0,34.3608,1.578125,-0.04422147387844558
0,34.3608,1.58125,-0.04439051338907817
0,34.3608,1.584375,-0.04456065529143704
0,34.3608,1.5875,-0.04473191208242517
0,34.3608,1.5906250000000002,-0.044904296498592434
0,34.3608,1.59375,-0.0450778215226292
0,34.3608,1.596875,-0.04525250039006565
0,34.3608,1.6,-0.0454283465961822
0,34.3608,1.603125,-0.045605373903138464
0,34.3608,1.6062500000000002,-0.04578359634732677
0,34.3608,1.609375,-0.04596302824695729
0,34.3608,1.6125,-0.046143684209881734
0,34.3608,1.615625,-0.046325579141662264
0,34.3608,1.61875,-0.04650872825389291
0,34.3608,1.6218750000000002,-0.046693147072780807
0,34.3608,1.625,-0.04687885144799369
0,34.3608,1.628125,-0.04706585756178192
0,34.3608,1.63125,-0.04725418193838127
0,34.3608,1.634375,-0.047443841453704096
0,34.3608,1.6375000000000002,-0.04763485334532626
0,34.3608,1.640625,-0.04782723522277611
0,34.3608,1.64375,-0.04802100507813334
0,34.3608,1.646875,-0.048216181296943605
0,34.3608,1.65,-0.04841278266945612
0,34.3608,1.6531250000000002,-0.04861082840218993
0,34.3608,1.65625,-0.048810338129835006
0,34.3608,1.659375,-0.04901133192749371
0,34.3608,1.6625,-0.04921383032326727
0,34.3608,1.665625,-0.04941785431119184
0,34.3608,1.6687500000000002,-0.049623425364528045
0,34.3608,1.671875,-0.049830565449406165
0,34.3608,1.675,-0.05003929703882996
0,34.3608,1.678125,-0.05024964312703893
0,34.3608,1.68125,-0.05046162724422946
0,34.3608,1.6843750000000002,-0.05067527347163276
0,34.3608,1.6875,-0.050890606456946166
0,34.3608,1.690625,-0.05110765143011306
0,34.3608,1.69375,-0.05132643421944389
0,34.3608,1.696875,-0.051546981268068975
0,34.3608,1.7000000000000002,-0.051769319650711194
0,34.3608,1.703125,-0.05199347709076336
0,34.3608,1.70625,-0.05221948197765255
0,34.3608,1.709375,-0.052447363384469196
0,34.3608,1.7125,-0.052677151085835386
0,34.3608,1.7156250000000002,-0.05290887557598213
0,34.3608,1.71875,-0.05314256808699984
0,34.3608,1.721875,-0.05337826060722178
0,34.3608,1.725,-0.0536159858996927
0,34.3608,1.728125,-0.05385577752066915
0,34.3608,1.7312500000000002,-0.05409766983808975
0,34.3608,1.734375,-0.05434169804994509
0,34.3608,1.7375,-0.05458789820246872
0,34.3608,1.740625,-0.05483630720805861
0,34.3608,1.74375,-0.055086962862829054
0,34.3608,1.7468750000000002,-0.05533990386367898
0,34.3608,1.75,-0.05559516982474964
0,34.3608,1.753125,-0.05585280129312975
0,34.3608,1.75625,-0.056112839763648545
0,34.3608,1.759375,-0.05637532769258008
0,34.3608,1.7625000000000002,-0.056640308510061826
0,34.3608,1.765625,-0.05690782663100804
0,34.3608,1.76875,-0.057177927464276176
0,34.3608,1.771875,-0.05745065741981648
0,34.3608,1.775,-0.05772606391350838
0,34.3608,1.7781250000000002,-0.05800419536935521
0,34.3608,1.78125,-0.05828510121867552
0,34.3608,1.784375,-0.05856883189589328
0,34.3608,1.7875,-0.05885543883048873
0,34.3608,1.790625,-0.05914497443462997
0,34.3608,1.7937500000000002,-0.05943749208595886
0,34.3608,1.796875,-0.05973304610495495
0,34.3608,1.8,-0.060031691726248775
0,34.3608,1.803125,-0.06033348506319716
0,34.3608,1.80625,-0.06063848306497432
0,34.3608,1.8093750000000002,-0.06094674346536582
0,34.3608,1.8125,-0.06125832472238413
0,34.3608,1.815625,-0.06157328594775254
0,34.3608,1.81875,-0.061891686825226076
0,34.3608,1.821875,-0.062213587516638934
0,34.3608,1.8250000000000002,-0.06253904855448457
0,34.3608,1.828125,-0.06286813071974695
0,34.3608,1.83125,-0.06320089490361519
0,34.3608,1.834375,-0.06353740195162123
0,34.3608,1.8375,-0.06387771248865233
0,34.3608,1.8406250000000002,-0.06422188672319891
0,34.3608,1.84375,-0.06456998422911156
0,34.3608,1.846875,-0.06492206370305907
0,34.3608,1.85,-0.0652781826958014
0,34.3608,1.853125,-0.0656383973153257
0,34.3608,1.8562500000000002,-0.06600276189983834
0,34.3608,1.859375,-0.06637132865856676
0,34.3608,1.8625,-0.06674414727830841
0,34.3608,1.865625,-0.06712126449366869
0,34.3608,1.86875,-0.067502723618971
0,34.3608,1.8718750000000002,-0.06788856403989557
0,34.3608,1.875,-0.06827882066302449
0,34.3608,1.878125,-0.0686735233216445
0,34.3608,1.88125,-0.06907269613639054
0,34.3608,1.884375,-0.06947635682962018
0,34.3608,1.8875000000000002,-0.06988451599279337
0,34.3608,1.890625,-0.07029717630660792
0,34.3608,1.89375,-0.07071433171422273
0,34.3608,1.896875,-0.07113596654859042
0,34.3608,1.9,-0.07156205461574118
0,34.3608,1.9031250000000002,-0.07199255823680947
0,34.3608,1.90625,-0.07242742725269155
0,34.3608,1.909375,-0.07286659799646984
0,34.3608,1.9125,-0.07330999224014068
0,34.3608,1.915625,-0.0737575161237441
0,34.3608,1.9187500000000002,-0.07420905907670762
0,34.3608,1.921875,-0.07466449274307395
0,34.3608,1.925,-0.0751236699242745
0,34.3608,1.928125,-0.07558642355520093
0,34.3608,1.93125,-0.07605256573149913
0,34.3608,1.9343750000000002,-0.07652188680820296
0,34.3608,1.9375,-0.07699415459199718
0,34.3608,1.940625,-0.07746911365147688
0,34.3608,1.94375,-0.07794648477166831
0,34.3608,1.946875,-0.07842596458071577
0,34.3608,1.9500000000000002,-0.07890722537789574
0,34.3608,1.953125,-0.07938991519289464
0,34.3608,1.95625,-0.07987365810645017
0,34.3608,1.959375,-0.08035805486187925
0,34.3608,1.9625,-0.08084268379558583
0,34.3608,1.9656250000000002,-0.08132710211222656
0,34.3608,1.96875,-0.08181084752672815
0,34.3608,1.971875,-0.08229344029070804
0,34.3608,1.975,-0.08277438561501235
0,34.3608,1.978125,-0.08325317649305335
0,34.3608,1.9812500000000002,-0.08372929692144851
0,34.3608,1.984375,-0.08420222550524721
0,34.3608,1.9875,-0.08467143942495658
0,34.3608,1.990625,-0.08513641873187794
0,34.3608,1.99375,-0.08559665092725602
0,34.3608,1.9968750000000002,-0.0860516357697857
0,34.3608,2.0,-0.08650089024553304
0,34.3608,2.003125,-0.08694395362476498
0,34.3608,2.00625,-0.08738039252200015
0,34.3608,2.0093750000000004,-0.08780980586925795
0,34.3608,2.0125,-0.08823182970840132
0,34.3608,2.015625,-0.08864614170699858
0,34.3608,2.01875,-0.08905246530352615
0,34.3608,2.021875,-0.08945057339214774
0,34.3608,2.0250000000000004,-0.08984029146473971
0,34.3608,2.028125,-0.09022150013816092
0,34.3608,2.03125,-0.09059413700770656
0,34.3608,2.034375,-0.09095819778282668
0,34.3608,2.0375,-0.0913137366779996
0,34.3608,2.0406250000000004,-0.0916608660494973
0,34.3608,2.04375,-0.09199975528699113
0,34.3608,2.046875,-0.09233062898680515
0,34.3608,2.05,-0.09265376445045936
0,34.3608,2.053125,-0.09296948856732148
0,34.3608,2.0562500000000004,-0.09327817415317131
0,34.3608,2.059375,-0.09358023582686055
0,34.3608,2.0625,-0.09387612551474098
0,34.3608,2.065625,-0.09416632767700045
0,34.3608,2.06875,-0.09445135435149918
0,34.3608,2.0718750000000004,-0.09473174010927735
0,34.3608,2.075,-0.09500803701187054
0,34.3608,2.078125,-0.09528080965426847
0,34.3608,2.08125,-0.09555063036920369
0,34.3608,2.084375,-0.09581807465891407
0,34.3608,2.0875000000000004,-0.09608371691004824
0,34.3608,2.090625,-0.09634812643643226
0,34.3608,2.09375,-0.09661186388340146
0,34.3608,2.096875,-0.09687547801669699
0,34.3608,2.1,-0.09713950290883581
0,34.3608,2.1031250000000004,-0.0974044555266313
0,34.3608,2.10625,-0.09767083371534285
0,34.3608,2.109375,-0.09793911456787861
0,34.3608,2.1125,-0.09820975316161677
0,34.3608,2.115625,-0.09848318164075064
0,34.3608,2.1187500000000004,-0.09875980861855312
0,34.3608,2.121875,-0.09904001887153051
0,34.3608,2.125,-0.09932417329598192
0,34.3608,2.128125,-0.09961260909689615
0,34.3608,2.13125,-0.09990564017926647
0,34.3608,2.1343750000000004,-0.1002035577126701
0,34.3608,2.1375,-0.10050663084121078
0,34.3608,2.140625,-0.10081510751255474
0,34.3608,2.14375,-0.10112921540168608
0,34.3608,2.146875,-0.10144916290708514
0,34.3608,2.1500000000000004,-0.10177514019920168
0,34.3608,2.153125,-0.10210732030329314
0,34.3608,2.15625,-0.10244586020086761
0,34.3608,2.159375,-0.10279090193606658
0,34.3608,2.1625,-0.10314257371531663
0,34.3608,2.1656250000000004,-0.10350099099043913
0,34.3608,2.16875,-0.10386625751712619
0,34.3608,2.171875,-0.10423846638225245
0,34.3608,2.175,-0.10461770099489967
0,34.3608,2.178125,-0.1050040360372199
0,34.3608,2.1812500000000004,-0.10539753837236154
0,34.3608,2.184375,-0.10579826790763688
0,34.3608,2.1875,-0.10620627841192852
0,34.3608,2.190625,-0.10662161828702539
0,34.3608,2.19375,-0.10704433129315974
0,34.3608,2.1968750000000004,-0.10747445722949328
0,34.3608,2.2,-0.10791203257068471
0,34.3608,2.203125,-0.10835709106097463
0,34.3608,2.20625,-0.10880966426745549
0,34.3608,2.209375,-0.10926978209436347
0,34.3608,2.2125000000000004,-0.10973747326034591
0,34.3608,2.215625,-0.11021276574072827
0,34.3608,2.21875,-0.11069568717683553
0,34.3608,2.221875,-0.1111862652544234
0,34.3608,2.225,-0.11168452805324625
0,34.3608,2.2281250000000004,-0.11219050436973957
0,34.3608,2.23125,-0.11270422401472671
0,34.3608,2.234375,-0.11322571808797757
0,34.3608,2.2375,-0.1137550192313521
0,34.3608,2.240625,-0.11429216186215917
0,34.3608,2.2437500000000004,-0.11483718238825
0,34.3608,2.246875,-0.11539011940625003
0,34.3608,2.25,-0.11595101388421017
0,34.3608,2.253125,-0.1165199093298345
0,34.3608,2.25625,-0.1170968519453127
0,34.3608,2.2593750000000004,-0.11768189076965364
0,34.3608,2.2625,-0.11827507780928122
0,34.3608,2.265625,-0.11887646815751517
0,34.3608,2.26875,-0.11948612010341596
0,34.3608,2.271875,-0.12010409523032681
0,34.3608,2.2750000000000004,-0.1207304585042914
0,34.3608,2.278125,-0.12136527835236714
0,34.3608,2.28125,-0.12200862673068695
0,34.3608,2.284375,-0.12266057918194422
0,34.3608,2.2875,-0.12332121488179204
0,34.3608,2.2906250000000004,-0.12399061667344642
0,34.3608,2.29375,-0.12466887108957395
0,34.3608,2.296875,-0.12535606836031501
0,34.3608,2.3,-0.12605230240604998
0,34.3608,2.303125,-0.12675767081325431
0,34.3608,2.3062500000000004,-0.127472274791503
0,34.3608,2.309375,-0.12819621910938137
0,34.3608,2.3125,-0.12892961200672726
0,34.3608,2.315625,-0.12967256508027633
0,34.3608,2.31875,-0.13042519313939993
0,34.3608,2.3218750000000004,-0.1311876140282166
0,34.3608,2.325,-0.131959948409921
0,34.3608,2.328125,-0.1327423195087126
0,34.3608,2.33125,-0.13353485280421365
0,34.3608,2.334375,-0.1343376756727579
0,34.3608,2.3375000000000004,-0.1351509169693974
0,34.3608,2.340625,-0.13597470654393196
0,34.3608,2.34375,-0.13680917468371726
0,34.3608,2.346875,-0.13765445147546276
0,34.3608,2.35,-0.13851066607771292
0,34.3608,2.3531250000000004,-0.13937794589521804
0,34.3608,2.35625,-0.14025641564598518
0,34.3608,2.359375,-0.14114619631146597
0,34.3608,2.3625,-0.14204740396013601
0,34.3608,2.365625,-0.14296014843468208
0,34.3608,2.3687500000000004,-0.14388453189319095
0,34.3608,2.371875,-0.14482064719518933
0,34.3608,2.375,-0.14576857612417318
0,34.3608,2.378125,-0.14672838743947555
0,34.3608,2.38125,-0.14770013475203156
0,34.3608,2.3843750000000004,-0.14868385422089958
0,34.3608,2.3875,-0.14967956207039243
0,34.3608,2.390625,-0.15068725193145774
0,34.3608,2.39375,-0.15170689201562937
0,34.3608,2.396875,-0.1527384221355478
0,34.3608,2.4000000000000004,-0.15378175059279853
0,34.3608,2.403125,-0.15483675096170532
0,34.3608,2.40625,-0.15590325880677072
0,34.3608,2.409375,-0.15698106838164913
0,34.3608,2.4125,-0.15806992936880326
0,34.3608,2.4156250000000004,-0.1591695437311402
0,34.3608,2.41875,-0.16027956275971217
0,34.3608,2.421875,-0.16139958441459418
0,34.3608,2.425,-0.1625291510688106
0,34.3608,2.428125,-0.16366774777701798
0,34.3608,2.4312500000000004,-0.16481480120074085
0,34.3608,2.434375,-0.16596967932936915
0,34.3608,2.4375,-0.16713169213977952
0,34.3608,2.440625,-0.1683000933362051
0,34.3608,2.44375,-0.1694740833046899
0,34.3608,2.4468750000000004,-0.17065281340202784
0,34.3608,2.45,-0.17183539167659323
0,34.3608,2.453125,-0.17302089008729088
0,34.3608,2.45625,-0.17420835324679126
0,34.3608,2.459375,-0.1753968086666448
0,34.3608,2.4625000000000004,-0.17658527842579264
0,34.3608,2.465625,-0.17777279212221506
0,34.3608,2.46875,-0.17895840090250464
0,34.3608,2.471875,-0.18014119229929196
0,34.3608,2.475,-0.18132030554553624
0,34.3608,2.4781250000000004,-0.18249494698191548
0,34.3608,2.48125,-0.18366440513317323
0,34.3608,2.484375,-0.18482806500523377
0,34.3608,2.4875,-0.18598542115041233
0,34.3608,2.490625,-0.18713608906524584
0,34.3608,2.4937500000000004,-0.1882798145250736
0,34.3608,2.496875,-0.1894164805206127
0,34.3608,2.5,-0.19054611154184126
0,34.3608,2.503125,-0.19166887504941987
0,34.3608,2.50625,-0.19278508007830233
0,34.3608,2.5093750000000004,-0.19389517302592113
0,34.3608,2.5125,-0.19499973078192603
0,34.3608,2.515625,-0.19609945145170815
0,34.3608,2.51875,-0.19719514300647537
0,34.3608,2.521875,-0.19828771025431866
0,34.3608,2.5250000000000004,-0.1993781405669176
0,34.3608,2.528125,-0.20046748881434254
0,34.3608,2.53125,-0.20155686195649047
0,34.3608,2.534375,-0.20264740371614356
0,34.3608,2.5375,-0.203740279718656
0,34.3608,2.5406250000000004,-0.20483666343078025
0,34.3608,2.54375,-0.2059377231703908
0,34.3608,2.546875,-0.20704461039405844
0,34.3608,2.55,-0.2081584494044329
0,34.3608,2.553125,-0.20928032855748527
0,34.3608,2.5562500000000004,-0.21041129299340938
0,34.3608,2.559375,-0.21155233886618208
0,34.3608,2.5625,-0.21270440900648138
0,34.3608,2.565625,-0.21386838992124
0,34.3608,2.56875,-0.21504511001038917
0,34.3608,2.5718750000000004,-0.21623533886670104
0,34.3608,2.575,-0.21743978751716875
0,34.3608,2.578125,-0.21865910946297382
0,34.3608,2.58125,-0.2198939023786271
0,34.3608,2.584375,-0.22114471033819225
0,34.3608,2.5875000000000004,-0.22241202644653066
0,34.3608,2.590625,-0.22369629576530434
0,34.3608,2.59375,-0.22499791843621583
0,34.3608,2.596875,-0.2263172529169945
0,34.3608,2.6,-0.2276546192584337
0,34.3608,2.6031250000000004,-0.22901030236295697
0,34.3608,2.60625,-0.23038455517647735
0,34.3608,2.609375,-0.23177760177554055
0,34.3608,2.6125,-0.23318964032082629
0,34.3608,2.615625,-0.23462084585600776
0,34.3608,2.6187500000000004,-0.2360713729377444
0,34.3608,2.621875,-0.237541358088293
0,34.3608,2.625,-0.23903092206692717
0,34.3608,2.628125,-0.240540171960167
0,34.3608,2.63125,-0.24206920309383642
0,34.3608,2.6343750000000004,-0.24361810077228432
0,34.3608,2.6375,-0.24518694185183398
0,34.3608,2.640625,-0.24677579615674655
0,34.3608,2.64375,-0.24838472774678808
0,34.3608,2.646875,-0.25001379604595864
0,34.3608,2.6500000000000004,-0.2516630568421253
0,34.3608,2.653125,-0.2533325631672754
0,34.3608,2.65625,-0.25502236606790923
0,34.3608,2.659375,-0.2567325152747684
0,34.3608,2.6625,-0.25846305978068573
0,34.3608,2.6656250000000004,-0.26021404833486683
0,34.3608,2.66875,-0.2619855298614003
0,34.3608,2.671875,-0.2637775538092602
0,34.3608,2.675,-0.2655901704405225
0,34.3608,2.678125,-0.26742343106298777
0,34.3608,2.6812500000000004,-0.2692773882128789
0,34.3608,2.684375,-0.27115209579278604
0,34.3608,2.6875,-0.27304760916955356
0,34.3608,2.690625,-0.27496398523635524
0,34.3608,2.69375,-0.2769012824427896
0,34.3608,2.6968750000000004,-0.2788595607964309
0,34.3608,2.7,-0.2808388818389172
0,34.3608,2.703125,-0.2828393085993228
0,34.3608,2.70625,-0.28486090552725735
0,34.3608,2.709375,-0.2869037384078577
0,34.3608,2.7125000000000004,-0.28896787426059023
0,34.3608,2.715625,-0.2910533812235466
0,34.3608,2.71875,-0.2931603284247157
0,34.3608,2.721875,-0.2952887858415187
0,34.3608,2.725,-0.297438824149741
0,34.3608,2.7281250000000004,-0.29961051456282795
0,34.3608,2.73125,-0.3018039286623909
0,34.3608,2.734375,-0.3040191382206403
0,34.3608,2.7375,-0.3062562150153581
0,34.3608,2.740625,-0.30851523063792785
0,34.3608,2.7437500000000004,-0.310796256294852
0,34.3608,2.746875,-0.3130993626031176
0,34.3608,2.75,-0.31542461937969707
0,34.3608,2.753125,-0.31777209542541623
0,34.3608,2.75625,-0.32014185830337133
0,34.3608,2.7593750000000004,-0.3225339741120291
0,34.3608,2.7625,-0.3249485072531071
0,34.3608,2.765625,-0.32738552019429523
0,34.3608,2.76875,-0.32984507322684914
0,34.3608,2.771875,-0.33232722421806504
0,34.3608,2.7750000000000004,-0.3348320283586187
0,34.3608,2.778125,-0.3373595379047373
0,34.3608,2.78125,-0.3399098019151585
0,34.3608,2.784375,-0.34248286598280864
0,34.3608,2.7875,-0.3450787719611405
0,34.3608,2.7906250000000004,-0.34769755768504534
0,34.3608,2.79375,-0.35033925668626237
0,34.3608,2.796875,-0.3530038979031975
0,34.3608,2.8,-0.35569150538506444
0,34.3608,2.803125,-0.3584020979902625
0,34.3608,2.8062500000000004,-0.36113568907890486
0,34.3608,2.809375,-0.36389228619941943
0,34.3608,2.8125,-0.3666718907691434
0,34.3608,2.815625,-0.36947449774884017
0,34.3608,2.81875,-0.3723000953110787
0,34.3608,2.8218750000000004,-0.3751486645024203
0,34.3608,2.825,-0.3780201788993691
0,34.3608,2.828125,-0.38091460425805557
0,34.3608,2.83125,-0.3838318981576285
0,34.3608,2.834375,-0.3867720096373547
0,34.3608,2.8375000000000004,-0.3897348788274299
0,34.3608,2.840625,-0.39272043657353006
0,34.3608,2.84375,-0.3957286040551437
0,34.3608,2.846875,-0.39875929239774105
0,34.3608,2.85,-0.40181240227886633
0,34.3608,2.8531250000000004,-0.40488782352824915
0,34.3608,2.85625,-0.4079854347220619
0,34.3608,2.859375,-0.41110510277146595
0,34.3608,2.8625,-0.4142466825056182
0,34.3608,2.865625,-0.4174100162493353
0,34.3608,2.8687500000000004,-0.420594933395638
0,34.3608,2.871875,-0.4238012499734284
0,34.3608,2.875,-0.4270287682105844
0,34.3608,2.878125,-0.430277276092777
0,34.3608,2.88125,-0.43354654691836264
0,34.3608,2.8843750000000004,-0.43683633884972434
0,34.3608,2.8875,-0.4401463944614784
0,34.3608,2.890625,-0.4434764402859951
0,34.3608,2.89375,-0.4468261863567175
0,34.3608,2.896875,-0.4501953257498089
0,34.3608,2.9000000000000004,-0.45358353412468877
0,34.3608,2.903125,-0.4569904692640698
0,34.3608,2.90625,-0.4604157706141417
0,34.3608,2.909375,-0.46385905882559053
0,34.3608,2.9125,-0.467319935296196
0,34.3608,2.9156250000000004,-0.4707979817157823
0,34.3608,2.91875,-0.47429275961435524
0,34.3608,2.921875,-0.4778038099142977
0,34.3608,2.925,-0.4813306524875432
0,34.3608,2.928125,-0.484872785718701
0,34.3608,2.9312500000000004,-0.48842968607514925
0,34.3608,2.934375,-0.49200080768516546
0,34.3608,2.9375,-0.49558558192521135
0,34.3608,2.940625,-0.49918341701753216
0,34.3608,2.94375,-0.5027936976392907
0,34.3608,2.9468750000000004,-0.5064157845444952
0,34.3608,2.95,-0.5100490142000333
0,34.3608,2.953125,-0.5136926984371697
0,34.3608,2.95625,-0.5173461241199037
0,34.3608,2.959375,-0.5210085528316455
0,34.3608,2.9625000000000004,-0.5246792205816901
0,34.3608,2.965625,-0.5283573375330288
0,34.3608,2.96875,-0.5320420877530654
0,34.3608,2.971875,-0.5357326289888386
0,34.3608,2.975,-0.5394280924683991
0,34.3608,2.9781250000000004,-0.543127582730004
0,34.3608,2.98125,-0.5468301774808304
0,34.3608,2.984375,-0.5505349274869259
0,34.3608,2.9875,-0.5542408564961324
0,34.3608,2.990625,-0.5579469611957388
0,34.3608,2.9937500000000004,-0.5616522112066216
0,34.3608,2.996875,-0.565355549115638
0,34.3608,3.0,-0.5690558905480387
0,34.3608,3.0031250000000003,-0.5727521242816452
0,34.3608,3.00625,-0.5764431124045367
0,34.3608,3.009375,-0.5801276905179656
0,34.3608,3.0125,-0.5838046679861831
0,34.3608,3.015625,-0.5874728282348249
0,34.3608,3.0187500000000003,-0.5911309290994721
0,34.3608,3.021875,-0.5947777032259215
0,34.3608,3.025,-0.5984118585236743
0,34.3608,3.028125,-0.6020320786740424
0,34.3608,3.03125,-0.6056370236942189
0,34.3608,3.0343750000000003,-0.6092253305585633
0,34.3608,3.0375,-0.6127956138782339
0,34.3608,3.040625,-0.616346466640222
0,34.3608,3.04375,-0.6198764610066922
0,34.3608,3.046875,-0.6233841491754213
0,34.3608,3.0500000000000003,-0.6268680643019884
0,34.3608,3.053125,-0.6303267214842041
0,34.3608,3.05625,-0.6337586188091319
0,34.3608,3.059375,-0.637162238462861
0,34.3608,3.0625,-0.6405360479030227
0,34.3608,3.0656250000000003,-0.6438785010938664
0,34.3608,3.06875,-0.6471880398034857
0,34.3608,3.071875,-0.650463094962615
0,34.3608,3.075,-0.6537020880841763
0,34.3608,3.078125,-0.6569034327425514
0,34.3608,3.0812500000000003,-0.6600655361113358
0,34.3608,3.084375,-0.6631868005580731
0,34.3608,3.0875,-0.6662656252942698
0,34.3608,3.090625,-0.6693004080787174
0,34.3608,3.09375,-0.6722895469719253
0,34.3608,3.0968750000000003,-0.6752314421392269
0,34.3608,3.1,-0.6781244976998575
0,34.3608,3.103125,-0.6809671236190857
0,34.3608,3.10625,-0.6837577376402153
0,34.3608,3.109375,-0.6864947672530493
0,34.3608,3.1125000000000003,-0.6891766516951756
0,34.3608,3.115625,-0.6918018439821957
0,34.3608,3.11875,-0.6943688129628114
0,34.3608,3.121875,-0.6968760453944658
0,34.3608,3.125,-0.6993220480350315
0,34.3608,3.1281250000000003,-0.7017053497458692
0,34.3608,3.13125,-0.7040245036013745
0,34.3608,3.134375,-0.7062780890000055
0,34.3608,3.1375,-0.7084647137716104
0,34.3608,3.140625,-0.7105830162757636
0,34.3608,3.1437500000000003,-0.7126316674857143
0,34.3608,3.146875,-0.7146093730524451
0,34.3608,3.15,-0.7165148753432986
0,34.3608,3.153125,-0.7183469554495588
0,34.3608,3.15625,-0.7201044351573685
0,34.3608,3.1593750000000003,-0.721786178876368
0,34.3608,3.1625,-0.7233910955204471
0,34.3608,3.165625,-0.7249181403350828
0,34.3608,3.16875,-0.7263663166657816
0,34.3608,3.171875,-0.7277346776622683
0,34.3608,3.1750000000000003,-0.7290223279131827
0,34.3608,3.178125,-0.730228425006189
0,34.3608,3.18125,-0.7313521810086003
0,34.3608,3.184375,-0.7323928638637967
0,34.3608,3.1875,-0.7333497986989591
0,34.3608,3.1906250000000003,-0.7342223690398825
0,34.3608,3.19375,-0.7350100179288952
0,34.3608,3.196875,-0.7357122489422152
0,34.3608,3.2,-0.7363286271033668
0,34.3608,3.203125,-0.7368587796896222
0,34.3608,3.2062500000000003,-0.7373023969287695
0,34.3608,3.209375,-0.7376592325838645
0,34.3608,3.2125,-0.7379291044240018
0,34.3608,3.215625,-0.7381118945795151
0,34.3608,3.21875,-0.7382075497804053
0,34.3608,3.2218750000000003,-0.7382160814772031
0,34.3608,3.225,-0.7381375658438565
0,34.3608,3.228125,-0.737972143662653
0,34.3608,3.23125,-0.7377200200915771
0,34.3608,3.234375,-0.7373814643149119
0,34.3608,3.2375000000000003,-0.7369568090782862
0,34.3608,3.240625,-0.7364464501097616
0,34.3608,3.24375,-0.7358508454289314
0,34.3608,3.246875,-0.7351705145463776
0,34.3608,3.25,-0.7344060375561865
0,34.3608,3.2531250000000003,-0.7335580541245696
0,34.3608,3.25625,-0.7326272623779633
0,34.3608,3.259375,-0.7316144176942866
0,34.3608,3.2625,-0.7305203314013325
0,34.3608,3.265625,-0.7293458693865325
0,34.3608,3.2687500000000003,-0.7280919506225808
0,34.3608,3.271875,-0.7267595456136376
0,34.3608,3.275,-0.7253496747670194
0,34.3608,3.278125,-0.7238634066954716
0,34.3608,3.28125,-0.7223018564552666
0,34.3608,3.2843750000000003,-0.7206661837254931
0,34.3608,3.2875,-0.7189575909340143
0,34.3608,3.290625,-0.7171773213356346
0,34.3608,3.29375,-0.7153266570480802
0,34.3608,3.296875,-0.7134069170514149
0,34.3608,3.3000000000000003,-0.7114194551565144
0,34.3608,3.303125,-0.7093656579482122
0,34.3608,3.30625,-0.7072469427086666
0,34.3608,3.309375,-0.7050647553264527
0,34.3608,3.3125,-0.7028205681967774
0,34.3608,3.3156250000000003,-0.7005158781181178
0,34.3608,3.31875,-0.6981522041904593
0,34.3608,3.321875,-0.6957310857201527
0,34.3608,3.325,-0.6932540801362667
0,34.3608,3.328125,-0.6907227609231255
0,34.3608,3.3312500000000003,-0.6881387155735356
0,34.3608,3.334375,-0.6855035435670094
0,34.3608,3.3375,-0.6828188543770786
0,34.3608,3.340625,-0.6800862655115739
0,34.3608,3.34375,-0.67730740058952
0,34.3608,3.3468750000000003,-0.6744838874580535
0,34.3608,3.35,-0.6716173563525552
0,34.3608,3.353125,-0.6687094381029144
0,34.3608,3.35625,-0.6657617623886344
0,34.3608,3.359375,-0.6627759560452173
0,34.3608,3.3625000000000003,-0.6597536414240343
0,34.3608,3.365625,-0.6566964348076498
0,34.3608,3.36875,-0.6536059448823157
0,34.3608,3.371875,-0.6504837712691309
0,34.3608,3.375,-0.6473315031151203
0,34.3608,3.3781250000000003,-0.6441507177452643
0,34.3608,3.38125,-0.6409429793762965
0,34.3608,3.384375,-0.6377098378928663
0,34.3608,3.3875,-0.6344528276864693
0,34.3608,3.390625,-0.6311734665573432
0,34.3608,3.3937500000000003,-0.6278732546793407
0,34.3608,3.396875,-0.6245536736276257
0,34.3608,3.4000000000000004,-0.6212161854688445
0,34.3608,3.403125,-0.617862231913297
0,34.3608,3.40625,-0.6144932335284498
0,34.3608,3.4093750000000003,-0.6111105890130227
0,34.3608,3.4125,-0.6077156745307357
0,34.3608,3.4156250000000004,-0.6043098431026762
0,34.3608,3.41875,-0.6008944240571679
0,34.3608,3.421875,-0.5974707225358793
0,34.3608,3.4250000000000003,-0.594040019054862
0,34.3608,3.428125,-0.5906035691191001
0,34.3608,3.4312500000000004,-0.5871626028890904
0,34.3608,3.434375,-0.5837183248979174
0,34.3608,3.4375,-0.5802719138172188
0,34.3608,3.4406250000000003,-0.5768245222704087
0,34.3608,3.44375,-0.5733772766914796
0,34.3608,3.4468750000000004,-0.5699312772276683
0,34.3608,3.45,-0.5664875976842719
0,34.3608,3.453125,-0.5630472855098568
0,34.3608,3.4562500000000003,-0.5596113618201197
0,34.3608,3.459375,-0.5561808214586426
0,34.3608,3.4625000000000004,-0.5527566330927899
0,34.3608,3.465625,-0.5493397393430168
0,34.3608,3.46875,-0.5459310569438515
0,34.3608,3.4718750000000003,-0.5425314769348527
0,34.3608,3.475,-0.5391418648798595
0,34.3608,3.4781250000000004,-0.5357630611128663
0,34.3608,3.48125,-0.532395881008914
0,34.3608,3.484375,-0.5290411152783878
0,34.3608,3.4875000000000003,-0.5256995302831814
0,34.3608,3.490625,-0.5223718683732032
0,34.3608,3.4937500000000004,-0.5190588482417471
0,34.3608,3.496875,-0.5157611652983108
0,34.3608,3.5,-0.5124794920574551
0,34.3608,3.5031250000000003,-0.5092144785423819
0,34.3608,3.50625,-0.5059667527019287
0,34.3608,3.5093750000000004,-0.502736920839735
0,34.3608,3.5125,-0.4995255680543916
0,34.3608,3.515625,-0.49633325868941663
0,34.3608,3.5187500000000003,-0.4931605367919704
0,34.3608,3.521875,-0.4900079265792577
0,34.3608,3.5250000000000004,-0.48687593291161585
0,34.3608,3.528125,-0.4837650417713499
0,34.3608,3.53125,-0.4806757207464013
0,34.3608,3.5343750000000003,-0.47760841951801014
0,34.3608,3.5375,-0.4745635703515611
0,34.3608,3.5406250000000004,-0.4715415885898523
0,34.3608,3.54375,-0.4685428731480832
0,34.3608,3.546875,-0.46556780700988754
0,34.3608,3.5500000000000003,-0.4626167577237923
0,34.3608,3.553125,-0.45969007789952426
0,34.3608,3.5562500000000004,-0.45678810570361916
0,34.3608,3.559375,-0.45391116535384723
0,34.3608,3.5625,-0.451059567611987
0,34.3608,3.5656250000000003,-0.44823361027453473
0,34.3608,3.56875,-0.44543357866096617
0,34.3608,3.5718750000000004,-0.44265974609920117
0,34.3608,3.575,-0.439912374407966
0,34.3608,3.578125,-0.4371917143757674
0,34.3608,3.5812500000000003,-0.43449800623623985
0,34.3608,3.584375,-0.4318314801396498
0,34.3608,3.5875000000000004,-0.4291923566203655
0,34.3608,3.590625,-0.4265808470601478
0,34.3608,3.59375,-0.4239971541471215
0,34.3608,3.5968750000000003,-0.4214414723303333
0,34.3608,3.6,-0.4189139882698166
0,34.3608,3.6031250000000004,-0.41641488128210585
0,34.3608,3.60625,-0.4139443237811808
0,34.3608,3.609375,-0.4115024817148196
0,34.3608,3.6125000000000003,-0.40908951499638635
0,34.3608,3.615625,-0.4067055779320802
0,34.3608,3.6187500000000004,-0.4043508196436968
0,34.3608,3.621875,-0.4020253844869817
0,34.3608,3.625,-0.3997294124656538
0,34.3608,3.6281250000000003,-0.3974630396412116
0,34.3608,3.63125,-0.3952263985386435
0,34.3608,3.6343750000000004,-0.39301961854817113
0,34.3608,3.6375,-0.39084282632318884
0,34.3608,3.640625,-0.3886961461745519
0,34.3608,3.6437500000000003,-0.38657970046140117
0,34.3608,3.646875,-0.38449360997871235
0,34.3608,3.6500000000000004,-0.3824379943417686
0,34.3608,3.653125,-0.3804129723677801
0,34.3608,3.65625,-0.37841866245486755
0,34.3608,3.6593750000000003,-0.3764551829586533
0,34.3608,3.6625,-0.37452265256670464
0,34.3608,3.6656250000000004,-0.37262119067108385
0,34.3608,3.66875,-0.37075091773927754
0,34.3608,3.671875,-0.3689119556837756
0,34.3608,3.6750000000000003,-0.3671044282305881
0,34.3608,3.678125,-0.3653284612869938
0,34.3608,3.6812500000000004,-0.36358418330882
0,34.3608,3.684375,-0.3618717256675676
0,34.3608,3.6875,-0.3601912230176972
0,34.3608,3.6906250000000003,-0.3585428136644039
0,34.3608,3.69375,-0.3569266399322159
0,34.3608,3.6968750000000004,-0.35534284853475534
0,34.3608,3.7,-0.3537915909460146
0,34.3608,3.703125,-0.35227302377350034
0,34.3608,3.7062500000000003,-0.35078730913361106
0,34.3608,3.709375,-0.34933461502961943
0,34.3608,3.7125000000000004,-0.34791511573263184
0,34.3608,3.715625,-0.3465289921659162
0,34.3608,3.71875,-0.3451764322929801
0,34.3608,3.7218750000000003,-0.34385763150980425
0,34.3608,3.725,-0.3425727930416289
0,34.3608,3.7281250000000004,-0.34132212834470277
0,34.3608,3.73125,-0.3401058575134126
0,34.3608,3.734375,-0.33892420969320924
0,34.3608,3.7375000000000003,-0.3377774234997591
0,34.3608,3.740625,-0.3366657474447507
0,34.3608,3.7437500000000004,-0.3355894403687889
0,34.3608,3.746875,-0.3345487718818201
0,34.3608,3.75,-0.33354402281152606
0,34.3608,3.7531250000000003,-0.3325754856601352
0,34.3608,3.75625,-0.3316434650700974
0,34.3608,3.7593750000000004,-0.33074827829907016
0,34.3608,3.7625,-0.32989025570466773
0,34.3608,3.765625,-0.3290697412394183
0,34.3608,3.7687500000000003,-0.3282870929563797
0,34.3608,3.771875,-0.32754268352585375
0,34.3608,3.7750000000000004,-0.3268369007636395
0,34.3608,3.778125,-0.3261701481712576
0,34.3608,3.78125,-0.32554284548856727
0,34.3608,3.7843750000000003,-0.3249554292591907
0,34.3608,3.7875,-0.3244083534091425
0,34.3608,3.7906250000000004,-0.3239020898390472
0,34.3608,3.79375,-0.3234371290303091
0,34.3608,3.796875,-0.3230139806655731
0,34.3608,3.8000000000000003,-0.3226331742637911
0,34.3608,3.803125,-0.32229525983017576
0,34.3608,3.8062500000000004,-0.3220008085212838
0,34.3608,3.809375,-0.32175041332543625
0,34.3608,3.8125,-0.3215446897586249
0,34.3608,3.8156250000000003,-0.3213842765760074
0,34.3608,3.81875,-0.32126983649902585
0,34.3608,3.8218750000000004,-0.3212020569581109
0,34.3608,3.825,-0.32118165085085815
0,34.3608,3.828125,-0.32120935731546457
0,34.3608,3.8312500000000003,-0.3212859425191148
0,34.3608,3.834375,-0.3214122004608892
0,34.3608,3.8375000000000004,-0.3215889537886344
0,34.3608,3.840625,-0.32181705462909116
0,34.3608,3.84375,-0.3220973854304141
0,34.3608,3.8468750000000003,-0.32243085981602926
0,34.3608,3.85,-0.32281842344857725
0,34.3608,3.8531250000000004,-0.3232610549024611
0,34.3608,3.85625,-0.3237597665432645
0,34.3608,3.859375,-0.3243156054120281
0,34.3608,3.8625000000000003,-0.3249296541120586
0,34.3608,3.865625,-0.3256030316956016
0,34.3608,3.8687500000000004,-0.32633689454732767
0,34.3608,3.871875,-0.3271324372611583
0,34.3608,3.875,-0.3279908935064929
0,34.3608,3.8781250000000003,-0.3289135368793822
0,34.3608,3.88125,-0.32990168173362466
0,34.3608,3.8843750000000004,-0.3309566839861441
0,34.3608,3.8875,-0.3320799418903058
0,34.3608,3.890625,-0.33327289677008887
0,34.3608,3.8937500000000003,-0.3345370337071872
0,34.3608,3.896875,-0.3358738821722104
0,34.3608,3.9000000000000004,-0.33728501659015836
0,34.3608,3.903125,-0.3387720568292443
0,34.3608,3.90625,-0.34033666860096073
0,34.3608,3.9093750000000003,-0.3419805637579683
0,34.3608,3.9125,-0.34370550047497866
0,34.3608,3.9156250000000004,-0.34551328329625414
0,34.3608,3.91875,-0.347405763031668
0,34.3608,3.921875,-0.3493848364814513
0,34.3608,3.9250000000000003,-0.35145244596777786
0,34.3608,3.928125,-0.35361057864920453
0,34.3608,3.9312500000000004,-0.3558612655916933
0,34.3608,3.934375,-0.35820658056744753
0,34.3608,3.9375,-0.3606486385501556
0,34.3608,3.9406250000000003,-0.363189593872366
0,34.3608,3.94375,-0.36583163800768675
0,34.3608,3.9468750000000004,-0.36857699693726087
0,34.3608,3.95,-0.3714279280565179
0,34.3608,3.953125,-0.3743867165745906
0,34.3608,3.9562500000000003,-0.3774556713549369
0,34.3608,3.959375,-0.3806371201417261
0,34.3608,3.9625000000000004,-0.383933404112378
0,34.3608,3.965625,-0.3873468716923273
0,34.3608,3.96875,-0.3908798715636959
0,34.3608,3.9718750000000003,-0.39453474479504336
0,34.3608,3.975,-0.3983138160148796
0,34.3608,3.9781250000000004,-0.402219383547162
0,34.3608,3.98125,-0.4062537084226392
0,34.3608,3.984375,-0.41041900217580357
0,34.3608,3.9875000000000003,-0.41471741333339135
0,34.3608,3.990625,-0.41915101249704273
0,34.3608,3.9937500000000004,-0.42372177592002885
0,34.3608,3.996875,-0.42843156747601413
0,34.3608,4.0,-0.43328211891697893
0,34.3608,4.003125000000001,-0.4382750083177692
0,34.3608,4.00625,-0.44341163660670063
0,34.3608,4.009375,-0.4486932020854739
0,34.3608,4.0125,-0.4541206728476105
0,34.3608,4.015625,-0.45969475701341017
0,34.3608,4.018750000000001,-0.46541587071102053
0,34.3608,4.021875,-0.4712841037485368
0,34.3608,4.025,-0.4772991829413412
0,34.3608,4.028125,-0.483460433082646
0,34.3608,4.03125,-0.4897667355743193
0,34.3608,4.034375000000001,-0.4962164847695523
0,34.3608,4.0375,-0.5028075421198619
0,34.3608,4.040625,-0.5095371882664921
0,34.3608,4.04375,-0.5164020732709191
0,34.3608,4.046875,-0.5233981652416113
0,34.3608,4.050000000000001,-0.5305206976840822
0,34.3608,4.053125,-0.5377641159792657
0,34.3608,4.05625,-0.5451220234808046
0,34.3608,4.059375,-0.5525871278145095
0,34.3608,4.0625,-0.560151188062665
0,34.3608,4.065625000000001,-0.5678049636201435
0,34.3608,4.06875,-0.5755381656174798
0,34.3608,4.071875,-0.5833394119155314
0,34.3608,4.075,-0.5911961867843576
0,34.3608,4.078125,-0.5990948064824982
0,34.3608,4.081250000000001,-0.607020392047239
0,34.3608,4.084375,-0.6149568506877017
0,34.3608,4.0875,-0.6228868672350769
0,34.3608,4.090625,-0.6307919071422152
0,34.3608,4.09375,-0.6386522325324868
0,34.3608,4.096875000000001,-0.6464469327682965
0,34.3608,4.1,-0.6541539709374452
0,34.3608,4.103125,-0.6617502475344366
0,34.3608,4.10625,-0.6692116824388729
0,34.3608,4.109375,-0.6765133160609056
0,34.3608,4.112500000000001,-0.6836294302315157
0,34.3608,4.115625,-0.6905336890638964
0,34.3608,4.11875,-0.6971992996035637
0,34.3608,4.121875,-0.7035991916245613
0,34.3608,4.125,-0.7097062154263971
0,34.3608,4.128125000000001,-0.7154933559525839
0,34.3608,4.13125,-0.7209339610028584
0,34.3608,4.134375,-0.7260019807652783
0,34.3608,4.1375,-0.7306722153722816
0,34.3608,4.140625,-0.7349205667092732
0,34.3608,4.143750000000001,-0.7387242902979976
0,34.3608,4.146875,-0.742062242763029
0,34.3608,4.15,-0.7449151201885461
0,34.3608,4.153125,-0.7472656826016802
0,34.3608,4.15625,-0.7490989598911743
0,34.3608,4.159375000000001,-0.7504024346926033
0,34.3608,4.1625,-0.7511661981447594
0,34.3608,4.165625,-0.7513830749389921
0,34.3608,4.16875,-0.7510487147304815
0,34.3608,4.171875,-0.7501616477368157
0,34.3608,4.175000000000001,-0.7487233031881401
0,34.3608,4.178125,-0.7467379901833869
0,34.3608,4.18125,-0.7442128414145124
0,34.3608,4.184375,-0.7411577211102937
0,34.3608,4.1875,-0.737585099388868
0,34.3608,4.190625000000001,-0.7335098959628656
0,34.3608,4.19375,-0.7289492967859483
0,34.3608,4.196875,-0.7239225477442519
0,34.3608,4.2,-0.7184507298668894
0,34.3608,4.203125,-0.7125565207494129
0,34.3608,4.206250000000001,-0.7062639469539103
0,34.3608,4.209375,-0.6995981320760313
0,34.3608,4.2125,-0.6925850449658459
0,34.3608,4.215625,-0.6852512522736601
0,34.3608,4.21875,-0.6776236790841188
0,34.3608,4.221875000000001,-0.6697293809253739
0,34.3608,4.225,-0.6615953299173443
0,34.3608,4.228125,-0.653248217276976
0,34.3608,4.23125,-0.6447142738497602
0,34.3608,4.234375,-0.6360191098033965
0,34.3608,4.237500000000001,-0.6271875741174764
0,34.3608,4.240625,-0.618243634043646
0,34.3608,4.24375,-0.6092102743030596
0,34.3608,4.246875,-0.6001094154375228
0,34.3608,4.25,-0.5909618504395896
0,34.3608,4.253125000000001,-0.5817871985558022
0,34.3608,4.25625,-0.5726038749833067
0,34.3608,4.259375,-0.5634290750599114
0,34.3608,4.2625,-0.5542787714763249
0,34.3608,4.265625,-0.5451677230104703
0,34.3608,4.268750000000001,-0.5361094932921102
0,34.3608,4.271875,-0.5271164781444065
0,34.3608,4.275,-0.5181999401118866
0,34.3608,4.278125,-0.5093700488658693
0,34.3608,4.28125,-0.5006359262729606
0,34.3608,4.284375000000001,-0.49200569501594155
0,34.3608,4.2875,-0.4834865297644041
0,34.3608,4.290625,-0.475084710001967
0,34.3608,4.29375,-0.4668056737250594
0,34.3608,4.296875,-0.45865407133244274
0,34.3608,4.300000000000001,-0.45063381912397177
0,34.3608,4.303125,-0.44274815191962547
0,34.3608,4.30625,-0.43499967439526105
0,34.3608,4.309375,-0.42739041080941625
0,34.3608,4.3125,-0.4199218528651915
0,34.3608,4.315625000000001,-0.41259500551359124
0,34.3608,4.31875,-0.4054104305591834
0,34.3608,4.321875,-0.3983682879763859
0,34.3608,4.325,-0.39146837488552155
0,34.3608,4.328125,-0.3847101621721264
0,34.3608,4.331250000000001,-0.3780928287620428
0,34.3608,4.334375,-0.37161529358847933
0,34.3608,4.3375,-0.3652762453064288
0,34.3608,4.340625,-0.35907416982511986
0,34.3608,4.34375,-0.35300737574067076
0,34.3608,4.346875000000001,-0.34707401775988966
0,34.3608,4.35,-0.3412721182120569
0,34.3608,4.353125,-0.33559958674929974
0,34.3608,4.35625,-0.33005423833816727
0,34.3608,4.359375,-0.32463380964522254
0,34.3608,4.362500000000001,-0.31933597391871293
0,34.3608,4.365625,-0.3141583544663607
0,34.3608,4.36875,-0.3090985368265969
0,34.3608,4.371875,-0.30415407972729
0,34.3608,4.375,-0.29932252492208705
0,34.3608,4.378125000000001,-0.2946014059904821
0,34.3608,4.38125,-0.2899882561833043
0,34.3608,4.384375,-0.28548061539085545
0,34.3608,4.3875,-0.28107603630649725
0,34.3608,4.390625,-0.27677208985388546
0,34.3608,4.393750000000001,-0.27256636994175154
0,34.3608,4.396875,-0.2684564976057643
0,34.3608,4.4,-0.26444012459283894
0,34.3608,4.403125,-0.260514936439332
0,34.3608,4.40625,-0.2566786550906343
0,34.3608,4.409375000000001,-0.2529290411061496
0,34.3608,4.4125,-0.24926389549014732
0,34.3608,4.415625,-0.2456810611857453
0,34.3608,4.41875,-0.2421784242662944
0,34.3608,4.421875,-0.2387539148554978
0,34.3608,4.425000000000001,-0.23540550780503636
0,34.3608,4.428125,-0.23213122315593993
0,34.3608,4.43125,-0.22892912640765078
0,34.3608,4.434375,-0.22579732861664797
0,34.3608,4.4375,-0.2227339863444481
0,34.3608,4.440625000000001,-0.21973730147306558
0,34.3608,4.44375,-0.2168055209042877
0,34.3608,4.446875,-0.21393693615758247
0,34.3608,4.45,-0.2111298828800861
0,34.3608,4.453125,-0.2083827402807438
0,34.3608,4.456250000000001,-0.20569393049956236
0,34.3608,4.459375,-0.2030619179217996
0,34.3608,4.4625,-0.20048520844592033
0,34.3608,4.465625,-0.1979623487132857
0,34.3608,4.46875,-0.19549192530664347
0,34.3608,4.471875000000001,-0.1930725639238031
0,34.3608,4.475,-0.19070292853215187
0,34.3608,4.478125,-0.18838172050904672
0,34.3608,4.48125,-0.18610767777258821
0,34.3608,4.484375,-0.1838795739067092
0,34.3608,4.487500000000001,-0.1816962172841079
0,34.3608,4.490625,-0.17955645019009683
0,34.3608,4.49375,-0.17745914795006082
0,34.3608,4.496875,-0.17540321806290876
0,34.3608,4.5,-0.17338759934253903
0,34.3608,4.503125000000001,-0.17141126106911483
0,34.3608,4.50625,-0.16947320215166256
0,34.3608,4.509375,-0.1675724503032816
0,34.3608,4.5125,-0.1657080612300838
0,34.3608,4.515625,-0.16387911783474846
0,34.3608,4.518750000000001,-0.16208472943546934
0,34.3608,4.521875,-0.16032403100089315
0,34.3608,4.525,-0.15859618240152248
0,34.3608,4.528125,-0.1569003676779704
0,34.3608,4.53125,-0.1552357943263047
0,34.3608,4.534375000000001,-0.1536016926006785
0,34.3608,4.5375,-0.15199731483333342
0,34.3608,4.540625,-0.15042193477199617
0,34.3608,4.54375,-0.14887484693465045
0,34.3608,4.546875,-0.14735536598157334
0,34.3608,4.550000000000001,-0.14586282610451898
0,34.3608,4.553125,-0.1443965804328673
0,34.3608,4.55625,-0.1429560004565209
0,34.3608,4.559375,-0.14154047546532855
0,34.3608,4.5625,-0.14014941200474795
0,34.3608,4.565625000000001,-0.13878223334748
0,34.3608,4.56875,-0.13743837898076378
0,34.3608,4.571875,-0.1361173041090102
0,34.3608,4.575,-0.13481847917145934
0,34.3608,4.578125,-0.1335413893745059
0,34.3608,4.581250000000001,-0.13228553423836323
0,34.3608,4.584375,-0.13105042715771056
0,34.3608,4.5875,-0.12983559497596778
0,34.3608,4.590625,-0.12864057757285782
0,34.3608,4.59375,-0.127464927464887
0,34.3608,4.596875000000001,-0.1263082094184052
0,34.3608,4.6,-0.12517000007489176
0,34.3608,4.603125,-0.12404988758811637
0,34.3608,4.60625,-0.12294747127284546
0,34.3608,4.609375,-0.12186236126474147
0,34.3608,4.612500000000001,-0.12079417819113529
0,34.3608,4.615625,-0.11974255285234092
0,34.3608,4.61875,-0.11870712591318767
0,34.3608,4.621875,-0.11768754760446833
0,34.3608,4.625,-0.11668347743398107
0,34.3608,4.628125000000001,-0.11569458390687737
0,34.3608,4.63125,-0.11472054425501765
0,34.3608,4.634375,-0.11376104417504536
0,34.3608,4.6375,-0.1128157775749117
0,34.3608,4.640625,-0.11188444632856566
0,34.3608,4.643750000000001,-0.11096676003855668
0,34.3608,4.646875,-0.11006243580628862
0,34.3608,4.65,-0.109171198009672
0,34.3608,4.653125,-0.10829277808794222
0,34.3608,4.65625,-0.10742691433339578
0,34.3608,4.659375000000001,-0.10657335168982623
0,34.3608,4.6625,-0.10573184155743497
0,34.3608,4.665625,-0.10490214160399823
0,34.3608,4.66875,-0.10408401558209208
0,34.3608,4.671875,-0.10327723315216232
0,34.3608,4.675000000000001,-0.10248156971125308
0,34.3608,4.678125,-0.10169680622720216
0,34.3608,4.68125,-0.10092272907811689
0,34.3608,4.684375,-0.10015912989696239
0,34.3608,4.6875,-0.09940580542108056
0,34.3608,4.690625000000001,-0.09866255734648238
0,34.3608,4.69375,-0.09792919218675131
0,34.3608,4.696875,-0.097205521136399
0,34.3608,4.7,-0.09649135993853306
0,34.3608,4.703125,-0.09578652875668138
0,34.3608,4.706250000000001,-0.09509085205064233
0,34.3608,4.709375,-0.09440415845622241
0,34.3608,4.7125,-0.09372628066872835
0,34.3608,4.715625,-0.09305705533009587
0,34.3608,4.71875,-0.09239632291952356
0,34.3608,4.721875000000001,-0.09174392764750243
0,34.3608,4.725,-0.09109971735312482
0,34.3608,4.728125,-0.09046354340456073
0,34.3608,4.73125,-0.08983526060260294
0,34.3608,4.734375,-0.08921472708716996
0,34.3608,4.737500000000001,-0.08860180424667566
0,34.3608,4.740625,-0.08799635663016764
0,34.3608,4.74375,-0.08739825186213997
0,34.3608,4.746875,-0.08680736055993873
0,34.3608,4.75,-0.0862235562536662
0,34.3608,4.753125000000001,-0.08564671530850773
0,34.3608,4.75625,-0.0850767168493993
0,34.3608,4.759375,-0.08451344268795632
0,34.3608,4.7625,-0.08395677725159587
0,34.3608,4.765625,-0.08340660751477226
0,34.3608,4.768750000000001,-0.08286282293226398
0,34.3608,4.771875,-0.08232531537444172
0,34.3608,4.775,-0.08179397906445152
0,34.3608,4.778125,-0.08126871051725636
0,34.3608,4.78125,-0.08074940848046878
0,34.3608,4.784375000000001,-0.08023597387692225
0,34.3608,4.7875,-0.07972830974892327
0,34.3608,4.790625,-0.07922632120412763
0,34.3608,4.79375,-0.07872991536299442
0,34.3608,4.796875,-0.0782390013077603
0,34.3608,4.800000000000001,-0.07775349003289096
0,34.3608,4.803125,-0.07727329439696042
0,34.3608,4.80625,-0.07679832907591058
0,34.3608,4.809375,-0.07632851051765331
0,34.3608,4.8125,-0.07586375689796478
0,34.3608,4.815625000000001,-0.07540398807763746
0,34.3608,4.81875,-0.07494912556084767
0,34.3608,4.821875,-0.0744990924546986
0,34.3608,4.825,-0.07405381342990737
0,34.3608,4.828125,-0.07361321468259353
0,34.3608,4.831250000000001,-0.07317722389714003
0,34.3608,4.834375,-0.07274577021009142
0,34.3608,4.8375,-0.07231878417505502
0,34.3608,4.840625,-0.0718961977285791
0,34.3608,4.84375,-0.0714779441569719
0,34.3608,4.846875000000001,-0.07106395806403702
0,34.3608,4.85,-0.07065417533969591
0,34.3608,4.853125,-0.07024853312946763
0,34.3608,4.85625,-0.06984696980478533
0,34.3608,4.859375,-0.06944942493411742
0,34.3608,4.862500000000001,-0.06905583925487419
0,34.3608,4.865625,-0.06866615464607385
0,34.3608,4.86875,-0.06828031410174386
0,34.3608,4.871875,-0.06789826170503964
0,34.3608,4.875,-0.06751994260305348
0,34.3608,4.878125000000001,-0.06714530298229766
0,34.3608,4.88125,-0.0667742900448398
0,34.3608,4.884375,-0.06640685198506957
0,34.3608,4.8875,-0.06604293796708215
0,34.3608,4.890625,-0.06568249810265496
0,34.3608,4.893750000000001,-0.06532548342980429
0,34.3608,4.896875,-0.06497184589190344
0,34.3608,4.9,-0.06462153831734398
0,34.3608,4.903125,-0.06427451439972853
0,34.3608,4.90625,-0.06393072867857466
0,34.3608,4.909375000000001,-0.06359013652051862
0,34.3608,4.9125,-0.06325269410100325
0,34.3608,4.915625,-0.06291835838643463
0,34.3608,4.91875,-0.0625870871167975
0,34.3608,4.921875,-0.062258838788711836
0,34.3608,4.925000000000001,-0.06193357263892148
0,34.3608,4.928125,-0.0616112486282011
0,34.3608,4.93125,-0.0612918274256684
0,34.3608,4.934375,-0.060975270393493326
0,34.3608,4.9375,-0.06066153957198883
0,34.3608,4.940625000000001,-0.060350597665075875
0,34.3608,4.94375,-0.06004240802611069
0,34.3608,4.946875,-0.05973693464406307
0,34.3608,4.95,-0.05943414213003907
0,34.3608,4.953125,-0.0591339957041343
0,34.3608,4.956250000000001,-0.05883646118261206
0,34.3608,4.959375,-0.058541504965396014
0,34.3608,4.9625,-0.058249094023867375
0,34.3608,4.965625,-0.05795919588896154
0,34.3608,4.96875,-0.05767177863955194
0,34.3608,4.971875000000001,-0.05738681089111629
0,34.3608,4.975,-0.05710426178467644
0,34.3608,4.978125,-0.05682410097600316
0,34.3608,4.98125,-0.05654629862508172
0,34.3608,4.984375,-0.056270825385827415
0,34.3608,4.987500000000001,-0.05599765239604724
0,34.3608,4.990625,-0.05572675126764007
0,34.3608,4.99375,-0.05545809407702765
0,34.3608,4.996875,-0.05519165335581336
0,34.3608,5.0,-0.05492740208165882
0,34.3608,5.003125,-0.054665313669375645
0,34.3608,5.0062500000000005,-0.05440536196222492
0,34.3608,5.009375,-0.0541475212234198
0,34.3608,5.0125,-0.05389176612782484
0,34.3608,5.015625,-0.05363807175384814
0,34.3608,5.01875,-0.05338641357552023
0,34.3608,5.0218750000000005,-0.05313676745475538
0,34.3608,5.025,-0.0528891096337905
0,34.3608,5.028125,-0.052643416727796356
0,34.3608,5.03125,-0.05239966571765776
0,34.3608,5.034375,-0.0521578339429175
0,34.3608,5.0375000000000005,-0.05191789909488006
0,34.3608,5.040625,-0.05167983920987122
0,34.3608,5.04375,-0.0514436326626489
0,34.3608,5.046875,-0.05120925815996225
0,34.3608,5.05,-0.050976694734254605
0,34.3608,5.0531250000000005,-0.05074592173750669
0,34.3608,5.05625,-0.0505169188352171
0,34.3608,5.059375,-0.05028966600051535
0,34.3608,5.0625,-0.05006414350840568
0,34.3608,5.065625,-0.04984033193013724
0,34.3608,5.0687500000000005,-0.04961821212769774
0,34.3608,5.071875,-0.04939776524842809
0,34.3608,5.075,-0.049178972719753605
0,34.3608,5.078125,-0.04896181624403067
0,34.3608,5.08125,-0.048746277793504544
0,34.3608,5.0843750000000005,-0.04853233960537634
0,34.3608,5.0875,-0.048319984176976444
0,34.3608,5.090625,-0.04810919426104098
0,34.3608,5.09375,-0.04789995286109014
0,34.3608,5.096875,-0.047692243226904726
0,34.3608,5.1000000000000005,-0.04748604885009897
0,34.3608,5.103125,-0.04728135345978764
0,34.3608,5.10625,-0.04707814101834412
0,34.3608,5.109375,-0.046876395717248553
0,34.3608,5.1125,-0.04667610197302291
0,34.3608,5.1156250000000005,-0.046477244423251386
0,34.3608,5.11875,-0.04627980792268401
0,34.3608,5.121875,-0.046083777539421035
0,34.3608,5.125,-0.04588913855117702
0,34.3608,5.128125,-0.04569587644162205
0,34.3608,5.1312500000000005,-0.04550397689679839
0,34.3608,5.134375,-0.045313425801611254
0,34.3608,5.1375,-0.04512420923639095
0,34.3608,5.140625,-0.04493631347352587
0,34.3608,5.14375,-0.04474972497416398
0,34.3608,5.1468750000000005,-0.0445644303849813
0,34.3608,5.15,-0.0443804165350161
0,34.3608,5.153125,-0.04419767043256674
0,34.3608,5.15625,-0.04401617926215231
0,34.3608,5.159375,-0.04383593038153427
0,34.3608,5.1625000000000005,-0.0436569113187976
0,34.3608,5.165625,-0.043479109769490626
0,34.3608,5.16875,-0.043302513593821174
0,34.3608,5.171875,-0.04312711081390898
0,34.3608,5.175,-0.04295288961109221
0,34.3608,5.1781250000000005,-0.04277983832328709
0,34.3608,5.18125,-0.042607945442399854
0,34.3608,5.184375,-0.042437199611788795
0,34.3608,5.1875,-0.04226758962377669
0,34.3608,5.190625,-0.042099104417211305
0,34.3608,5.1937500000000005,-0.041931733075073405
0,34.3608,5.196875,-0.041765464822131414
0,34.3608,5.2,-0.041600289022640964
0,34.3608,5.203125,-0.041436195178089164
0,34.3608,5.20625,-0.04127317292498208
0,34.3608,5.2093750000000005,-0.04111121203267462
0,34.3608,5.2125,-0.040950302401242075
0,34.3608,5.215625,-0.0407904340593918
0,34.3608,5.21875,-0.04063159716241498
0,34.3608,5.221875,-0.040473781990177066
0,34.3608,5.2250000000000005,-0.04031697894514605
0,34.3608,5.228125,-0.04016117855045823
0,34.3608,5.23125,-0.04000637144801974
0,34.3608,5.234375,-0.039852548396644205
0,34.3608,5.2375,-0.03969970027022481
0,34.3608,5.2406250000000005,-0.03954781805594054
0,34.3608,5.24375,-0.03939689285249588
0,34.3608,5.246875,-0.03924691586839266
0,34.3608,5.25,-0.039097878420234294
0,34.3608,5.253125,-0.03894977193106096
0,34.3608,5.2562500000000005,-0.03880258792871542
0,34.3608,5.259375,-0.03865631804423887
0,34.3608,5.2625,-0.038510954010295764
0,34.3608,5.265625,-0.0383664876596276
0,34.3608,5.26875,-0.03822291092353472
0,34.3608,5.2718750000000005,-0.038080215830385455
0,34.3608,5.275,-0.037938394504152435
0,34.3608,5.278125,-0.037797439162974865
0,34.3608,5.28125,-0.03765734211774696
0,34.3608,5.284375,-0.03751809577073151
0,34.3608,5.2875000000000005,-0.03737969261419812
0,34.3608,5.290625,-0.03724212522908596
0,34.3608,5.29375,-0.03710538628368973
0,34.3608,5.296875,-0.03696946853236948
0,34.3608,5.3,-0.0368343648142828
0,34.3608,5.3031250000000005,-0.036700068052139496
0,34.3608,5.30625,-0.03656657125097818
0,34.3608,5.309375,-0.03643386749696401
0,34.3608,5.3125,-0.0363019499562077
0,34.3608,5.315625,-0.03617081187360501
0,34.3608,5.3187500000000005,-0.03604044657169624
0,34.3608,5.321875,-0.0359108474495459
0,34.3608,5.325,-0.03578200798164097
0,34.3608,5.328125,-0.035653921716808944
0,34.3608,5.33125,-0.035526582277153974
0,34.3608,5.3343750000000005,-0.035399983357011264
0,34.3608,5.3375,-0.03527411872191964
0,34.3608,5.340625,-0.03514898220761118
0,34.3608,5.34375,-0.03502456771901828
0,34.3608,5.346875,-0.034900869229297575
0,34.3608,5.3500000000000005,-0.03477788077887012
0,34.3608,5.353125,-0.03465559647447808
0,34.3608,5.35625,-0.0345340104882569
0,34.3608,5.359375,-0.034413117056823275
0,34.3608,5.3625,-0.034292910480378344
0,34.3608,5.3656250000000005,-0.034173385121825696
0,34.3608,5.36875,-0.03405453540590429
0,34.3608,5.371875,-0.03393635581833541
0,34.3608,5.375,-0.03381884090498402
0,34.3608,5.378125,-0.03370198527103387
0,34.3608,5.3812500000000005,-0.033585783580176054
0,34.3608,5.384375,-0.03347023055381115
0,34.3608,5.3875,-0.03335532097026402
0,34.3608,5.390625,-0.03324104966401183
0,34.3608,5.39375,-0.03312741152492435
0,34.3608,5.3968750000000005,-0.033014401497516735
0,34.3608,5.4,-0.032902014580214446
0,34.3608,5.403125,-0.03279024582462977
0,34.3608,5.40625,-0.03267909033485034
0,34.3608,5.409375,-0.03256854326673891
0,34.3608,5.4125000000000005,-0.03245859982724427
0,34.3608,5.415625,-0.032349255273723475
0,34.3608,5.41875,-0.03224050491327444
0,34.3608,5.421875,-0.032132344102079546
0,34.3608,5.425,-0.03202476824475944
0,34.3608,5.4281250000000005,-0.03191777279373708
0,34.3608,5.43125,-0.03181135324861201
0,34.3608,5.434375,-0.03170550515554408
0,34.3608,5.4375,-0.03160022410664721
0,34.3608,5.440625,-0.03149550573939247
0,34.3608,5.4437500000000005,-0.03139134573602055
0,34.3608,5.446875,-0.0312877398229634
0,34.3608,5.45,-0.031184683770274668
0,34.3608,5.453125,-0.031082173391069192
0,34.3608,5.45625,-0.030980204540971095
0,34.3608,5.4593750000000005,-0.030878773117570247
0,34.3608,5.4625,-0.030777875059887418
0,34.3608,5.465625,-0.030677506347847164
0,34.3608,5.46875,-0.030577663001759167
0,34.3608,5.471875,-0.03047834108180735
0,34.3608,5.4750000000000005,-0.030379536687546744
0,34.3608,5.478125,-0.030281245957408096
0,34.3608,5.48125,-0.0301834650682098
0,34.3608,5.484375,-0.03008619023467741
0,34.3608,5.4875,-0.029989417708970248
0,34.3608,5.4906250000000005,-0.029893143780215185
0,34.3608,5.49375,-0.029797364774047506
0,34.3608,5.496875,-0.02970207705215837
0,34.3608,5.5,-0.029607277011849342
0,34.3608,5.503125,-0.02951296108559335
0,34.3608,5.5062500000000005,-0.029419125740602244
0,34.3608,5.509375,-0.029325767478400797
0,34.3608,5.5125,-0.029232882834406834
0,34.3608,5.515625,-0.02914046837751772
0,34.3608,5.51875,-0.029048520709702905
0,34.3608,5.5218750000000005,-0.028957036465602305
0,34.3608,5.525,-0.028866012312130845
0,34.3608,5.528125,-0.028775444948088376
0,34.3608,5.53125,-0.028685331103775635
0,34.3608,5.534375,-0.028595667540615585
0,34.3608,5.5375000000000005,-0.02850645105078027
0,34.3608,5.540625,-0.028417678456823192
0,34.3608,5.54375,-0.02832934661131674
0,34.3608,5.546875,-0.02824145239649506
0,34.3608,5.55,-0.028153992723901938
0,34.3608,5.5531250000000005,-0.02806696453404376
0,34.3608,5.55625,-0.027980364796047485
0,34.3608,5.559375,-0.0278941905073233
0,34.3608,5.5625,-0.02780843869323226
0,34.3608,5.565625,-0.027723106406758603
0,34.3608,5.5687500000000005,-0.027638190728186587
0,34.3608,5.571875,-0.027553688764782126
0,34.3608,5.575,-0.02746959765047856
0,34.3608,5.578125,-0.027385914545567165
0,34.3608,5.58125,-0.027302636636391826
0,34.3608,5.5843750000000005,-0.02721976113504798
0,34.3608,5.5875,-0.027137285279085904
0,34.3608,5.590625,-0.02705520633121789
0,34.3608,5.59375,-0.026973521579029672
0,34.3608,5.596875,-0.026892228334695813
0,34.3608,5.6000000000000005,-0.026811323934698927
0,34.3608,5.603125,-0.026730805739552995
0,34.3608,5.60625,-0.026650671133530136
0,34.3608,5.609375,-0.026570917524391467
0,34.3608,5.6125,-0.02649154234312145
0,34.3608,5.6156250000000005,-0.02641254304366591
0,34.3608,5.61875,-0.02633391710267372
0,34.3608,5.621875,-0.026255662019241743
0,34.3608,5.625,-0.02617777531466356
0,34.3608,5.628125,-0.02610025453218132
0,34.3608,5.6312500000000005,-0.026023097236741094
0,34.3608,5.634375,-0.025946301014751542
0,34.3608,5.6375,-0.025869863473845636
0,34.3608,5.640625,-0.0257937822426458
0,34.3608,5.64375,-0.02571805497053204
0,34.3608,5.6468750000000005,-0.025642679327413237
0,34.3608,5.65,-0.025567653003501514
0,34.3608,5.653125,-0.025492973709089473
0,34.3608,5.65625,-0.025418639174330487
0,34.3608,5.659375,-0.02534464714902192
0,34.3608,5.6625000000000005,-0.025270995402391076
0,34.3608,5.665625,-0.025197681722884176
0,34.3608,5.66875,-0.02512470391795783
0,34.3608,5.671875,-0.025052059813873494
0,34.3608,5.675,-0.024979747255494462
0,34.3608,5.6781250000000005,-0.02490776410608556
0,34.3608,5.68125,-0.024836108247115515
0,34.3608,5.684375,-0.02476477757806166
0,34.3608,5.6875,-0.02469377001621747
0,34.3608,5.690625,-0.024623083496502357
0,34.3608,5.6937500000000005,-0.024552715971274033
0,34.3608,5.696875,-0.02448266541014329
0,34.3608,5.7,-0.024412929799791042
0,34.3608,5.703125,-0.024343507143787857
0,34.3608,5.70625,-0.024274395462415707
0,34.3608,5.7093750000000005,-0.024205592792492025
0,34.3608,5.7125,-0.02413709718719604
0,34.3608,5.715625,-0.024068906715897162
0,34.3608,5.71875,-0.024001019463985765
0,34.3608,5.721875,-0.023933433532705915
0,34.3608,5.7250000000000005,-0.023866147038990322
0,34.3608,5.728125,-0.023799158115297394
0,34.3608,5.73125,-0.02373246490945016
0,34.3608,5.734375,-0.023666065584477418
0,34.3608,5.7375,-0.023599958318456765
0,34.3608,5.7406250000000005,-0.023534141304359588
0,34.3608,5.74375,-0.023468612749898067
0,34.3608,5.746875,-0.02340337087737393
0,34.3608,5.75,-0.023338413923529217
0,34.3608,5.753125,-0.023273740139398813
0,34.3608,5.7562500000000005,-0.02320934779016487
0,34.3608,5.759375,-0.02314523515501298
0,34.3608,5.7625,-0.023081400526990065
0,34.3608,5.765625,-0.023017842212864122
0,34.3608,5.76875,-0.022954558532985603
0,34.3608,5.7718750000000005,-0.022891547821150503
0,34.3608,5.775,-0.022828808424465177
0,34.3608,5.778125,-0.022766338703212687
0,34.3608,5.78125,-0.02270413703072086
0,34.3608,5.784375,-0.022642201793231932
0,34.3608,5.7875000000000005,-0.022580531389773714
0,34.3608,5.790625,-0.022519124232032454
0,34.3608,5.79375,-0.022457978744226982
0,34.3608,5.796875,-0.02239709336298461
0,34.3608,5.800000000000001,-0.022336466537218394
0,34.3608,5.8031250000000005,-0.022276096728005915
0,34.3608,5.80625,-0.02221598240846944
0,34.3608,5.809375,-0.022156122063657586
0,34.3608,5.8125,-0.022096514190428337
0,34.3608,5.815625000000001,-0.02203715729733346
0,34.3608,5.8187500000000005,-0.021978049904504398
0,34.3608,5.821875,-0.021919190543539257
0,34.3608,5.825,-0.021860577757391364
0,34.3608,5.828125,-0.02180221010025906
0,34.3608,5.831250000000001,-0.02174408613747673
0,34.3608,5.8343750000000005,-0.021686204445407253
0,34.3608,5.8375,-0.02162856361133547
0,34.3608,5.840625,-0.021571162233363167
0,34.3608,5.84375,-0.02151399892030507
0,34.3608,5.846875000000001,-0.021457072291586173
0,34.3608,5.8500000000000005,-0.021400380977140233
0,34.3608,5.853125,-0.021343923617309357
0,34.3608,5.85625,-0.02128769886274486
0,34.3608,5.859375,-0.021231705374309205
0,34.3608,5.862500000000001,-0.021175941822979074
0,34.3608,5.8656250000000005,-0.021120406889749622
0,34.3608,5.86875,-0.021065099265539663
0,34.3608,5.871875,-0.021010017651098133
0,34.3608,5.875,-0.020955160756911485
0,34.3608,5.878125000000001,-0.020900527303112197
0,34.3608,5.8812500000000005,-0.020846116019388353
0,34.3608,5.884375,-0.020791925644894124
0,34.3608,5.8875,-0.020737954928161384
0,34.3608,5.890625,-0.020684202627012295
0,34.3608,5.893750000000001,-0.02063066750847284
0,34.3608,5.8968750000000005,-0.0205773483486874
0,34.3608,5.9,-0.020524243932834193
0,34.3608,5.903125,-0.02047135305504171
0,34.3608,5.90625,-0.020418674518306142
0,34.3608,5.909375000000001,-0.02036620713440962
0,34.3608,5.9125000000000005,-0.020313949723839493
0,34.3608,5.915625,-0.020261901115708327
0,34.3608,5.91875,-0.020210060147674985
0,34.3608,5.921875,-0.020158425665866456
0,34.3608,5.925000000000001,-0.02010699652480057
0,34.3608,5.9281250000000005,-0.020055771587309645
0,34.3608,5.93125,-0.020004749724464838
0,34.3608,5.934375,-0.01995392981550142
0,34.3608,5.9375,-0.019903310747744873
0,34.3608,5.940625000000001,-0.019852891416537725
0,34.3608,5.9437500000000005,-0.019802670725167344
0,34.3608,5.946875,-0.01975264758479425
0,34.3608,5.95,-0.019702820914381476
0,34.3608,5.953125,-0.019653189640624562
0,34.3608,5.956250000000001,-0.019603752697882296
0,34.3608,5.9593750000000005,-0.019554509028108322
0,34.3608,5.9625,-0.019505457580783318
0,34.3608,5.965625,-0.019456597312848028
0,34.3608,5.96875,-0.01940792718863698
0,34.3608,5.971875000000001,-0.019359446179812913
0,34.3608,5.9750000000000005,-0.01931115326530194
0,34.3608,5.978125,-0.019263047431229304
0,34.3608,5.98125,-0.019215127670855942
0,34.3608,5.984375,-0.019167392984515662
0,34.3608,5.987500000000001,-0.019119842379552984
0,34.3608,5.9906250000000005,-0.019072474870261716
0,34.3608,5.99375,-0.019025289477824017
0,34.3608,5.996875,-0.0189782852302503
0,34.3608,6.0,-0.018931461162319623
