"Current","Field","Frequency","Spectra"
0,45.3635,1.0,-0.024146393625388573
0,45.3635,1.003125,-0.024213047080573556
0,45.3635,1.00625,-0.02427998301659321
0,45.3635,1.009375,-0.024347203110894593
0,45.3635,1.0125,-0.02441470905457678
0,45.3635,1.015625,-0.024482502552543868
0,45.3635,1.01875,-0.02455058532366028
0,45.3635,1.021875,-0.024618959100908482
0,45.3635,1.025,-0.024687625631549137
0,45.3635,1.028125,-0.024756586677283685
0,45.3635,1.03125,-0.024825844014419486
0,45.3635,1.034375,-0.024895399434037496
0,45.3635,1.0375,-0.024965254742162653
0,45.3635,1.040625,-0.025035411759936874
0,45.3635,1.04375,-0.025105872323794808
0,45.3635,1.046875,-0.02517663828564241
0,45.3635,1.05,-0.025247711513038264
0,45.3635,1.053125,-0.025319093889377968
0,45.3635,1.05625,-0.025390787314081387
0,45.3635,1.059375,-0.025462793702782947
0,45.3635,1.0625,-0.02553511498752504
0,45.3635,1.065625,-0.02560775311695458
0,45.3635,1.06875,-0.025680710056522765
0,45.3635,1.071875,-0.025753987788688208
0,45.3635,1.075,-0.025827588313123342
0,45.3635,1.078125,-0.0259015136469243
0,45.3635,1.08125,-0.025975765824824297
0,45.3635,1.084375,-0.0260503468994106
0,45.3635,1.0875,-0.026125258941345184
0,45.3635,1.090625,-0.026200504039589092
0,45.3635,1.09375,-0.02627608430163063
0,45.3635,1.096875,-0.02635200185371746
0,45.3635,1.1,-0.026428258841092712
0,45.3635,1.103125,-0.026504857428235194
0,45.3635,1.10625,-0.026581799799103686
0,45.3635,1.109375,-0.026659088157385602
0,45.3635,1.1125,-0.026736724726749917
0,45.3635,1.115625,-0.026814711751104652
0,45.3635,1.11875,-0.02689305149485885
0,45.3635,1.121875,-0.026971746243189196
0,45.3635,1.125,-0.027050798302311517
0,45.3635,1.128125,-0.027130209999756957
0,45.3635,1.13125,-0.027209983684653376
0,45.3635,1.134375,-0.027290121728011693
0,45.3635,1.1375,-0.027370626523017492
0,45.3635,1.140625,-0.027451500485328018
0,45.3635,1.14375,-0.027532746053374513
0,45.3635,1.146875,-0.02761436568867029
0,45.3635,1.15,-0.0276963618761245
0,45.3635,1.153125,-0.02777873712436169
0,45.3635,1.15625,-0.027861493966047438
0,45.3635,1.159375,-0.027944634958220055
0,45.3635,1.1625,-0.02802816268262869
0,45.3635,1.165625,-0.028112079746077788
0,45.3635,1.16875,-0.02819638878077816
0,45.3635,1.171875,-0.028281092444704878
0,45.3635,1.175,-0.028366193421961932
0,45.3635,1.178125,-0.028451694423154178
0,45.3635,1.18125,-0.028537598185766438
0,45.3635,1.184375,-0.02862390747455004
0,45.3635,1.1875,-0.02871062508191703
0,45.3635,1.190625,-0.028797753828342158
0,45.3635,1.19375,-0.0288852965627729
0,45.3635,1.196875,-0.02897325616304774
0,45.3635,1.2,-0.0290616355363228
0,45.3635,1.203125,-0.029150437619507096
0,45.3635,1.20625,-0.029239665379706695
0,45.3635,1.209375,-0.029329321814677973
0,45.3635,1.2125,-0.029419409953290072
0,45.3635,1.215625,-0.029509932855997054
0,45.3635,1.21875,-0.02960089361531972
0,45.3635,1.221875,-0.029692295356337495
0,45.3635,1.225,-0.029784141237190708
0,45.3635,1.228125,-0.029876434449593404
0,45.3635,1.23125,-0.029969178219356973
0,45.3635,1.234375,-0.03006237580692494
0,45.3635,1.2375,-0.030156030507919214
0,45.3635,1.240625,-0.030250145653698077
0,45.3635,1.24375,-0.030344724611926194
0,45.3635,1.246875,-0.030439770787156997
0,45.3635,1.25,-0.030535287621427824
0,45.3635,1.253125,-0.03063127859486804
0,45.3635,1.25625,-0.0307277472263206
0,45.3635,1.259375,-0.030824697073977367
0,45.3635,1.2625,-0.030922131736028594
0,45.3635,1.265625,-0.031020054851326855
0,45.3635,1.26875,-0.03111847010006604
0,45.3635,1.271875,-0.03121738120447554
0,45.3635,1.275,-0.03131679192953029
0,45.3635,1.278125,-0.031416706083677054
0,45.3635,1.28125,-0.03151712751957721
0,45.3635,1.284375,-0.03161806013486679
0,45.3635,1.2875,-0.031719507872934136
0,45.3635,1.290625,-0.03182147472371555
0,45.3635,1.29375,-0.03192396472450969
0,45.3635,1.296875,-0.032026981960810975
0,45.3635,1.3,-0.032130530567162835
0,45.3635,1.303125,-0.032234614728031075
0,45.3635,1.30625,-0.032339238678698194
0,45.3635,1.309375,-0.03244440670617912
0,45.3635,1.3125,-0.03255012315015894
0,45.3635,1.315625,-0.03265639240395351
0,45.3635,1.31875,-0.0327632189154932
0,45.3635,1.321875,-0.032870607188330965
0,45.3635,1.325,-0.032978561782675
0,45.3635,1.328125,-0.03308708731644697
0,45.3635,1.33125,-0.03319618846636646
0,45.3635,1.334375,-0.03330586996906259
0,45.3635,1.3375,-0.03341613662221328
0,45.3635,1.340625,-0.03352699328571343
0,45.3635,1.34375,-0.03363844488287245
0,45.3635,1.346875,-0.03375049640164236
0,45.3635,1.35,-0.03386315289587724
0,45.3635,1.353125,-0.03397641948662497
0,45.3635,1.35625,-0.03409030136345231
0,45.3635,1.359375,-0.03420480378580431
0,45.3635,1.3625,-0.034319932084399055
0,45.3635,1.365625,-0.034435691662659
0,45.3635,1.36875,-0.034552087998179826
0,45.3635,1.371875,-0.03466912664423812
0,45.3635,1.375,-0.03478681323133898
0,45.3635,1.378125,-0.034905153468804954
0,45.3635,1.38125,-0.03502415314640744
0,45.3635,1.384375,-0.035143818136041984
0,45.3635,1.3875,-0.03526415439344884
0,45.3635,1.390625,-0.03538516795998026
0,45.3635,1.39375,-0.03550686496441579
0,45.3635,1.396875,-0.03562925162482755
0,45.3635,1.4,-0.0357523342504966
0,45.3635,1.403125,-0.03587611924388234
0,45.3635,1.40625,-0.03600061310264656
0,45.3635,1.409375,-0.03612582242173386
0,45.3635,1.4125,-0.03625175389551039
0,45.3635,1.415625,-0.03637841431996266
0,45.3635,1.41875,-0.03650581059495848
0,45.3635,1.421875,-0.03663394972657195
0,45.3635,1.425,-0.036762838829474724
0,45.3635,1.428125,-0.03689248512939567
0,45.3635,1.43125,-0.037022895965651115
0,45.3635,1.434375,-0.037154078793748074
0,45.3635,1.4375,-0.037286041188062884
0,45.3635,1.440625,-0.03741879084459769
0,45.3635,1.44375,-0.03755233558381735
0,45.3635,1.446875,-0.03768668335356958
0,45.3635,1.45,-0.03782184223209097
0,45.3635,1.453125,-0.03795782043110177
0,45.3635,1.45625,-0.03809462629899237
0,45.3635,1.459375,-0.03823226832410485
0,45.3635,1.4625,-0.03837075513811231
0,45.3635,1.465625,-0.038510095519499715
0,45.3635,1.46875,-0.03865029839714944
0,45.3635,1.471875,-0.038791372854034986
0,45.3635,1.475,-0.038933328131026984
0,45.3635,1.478125,-0.03907617363081459
0,45.3635,1.48125,-0.03921991892194685
0,45.3635,1.484375,-0.039364573742997705
0,45.3635,1.4875,-0.03951014800685892
0,45.3635,1.490625,-0.0396566518051655
0,45.3635,1.49375,-0.0398040954128578
0,45.3635,1.496875,-0.03995248929288516
0,45.3635,1.5,-0.040101844101055974
0,45.3635,1.503125,-0.04025217069103892
0,45.3635,1.50625,-0.04040348011952078
0,45.3635,1.509375,-0.04055578365152615
0,45.3635,1.5125000000000002,-0.040709092765904266
0,45.3635,1.515625,-0.0408634191609891
0,45.3635,1.51875,-0.04101877476043837
0,45.3635,1.521875,-0.04117517171925743
0,45.3635,1.525,-0.04133262243001469
0,45.3635,1.5281250000000002,-0.04149113952925476
0,45.3635,1.53125,-0.04165073590411604
0,45.3635,1.534375,-0.04181142469916001
0,45.3635,1.5375,-0.04197321932341879
0,45.3635,1.540625,-0.04213613345766886
0,45.3635,1.5437500000000002,-0.042300181061938245
0,45.3635,1.546875,-0.042465376383254864
0,45.3635,1.55,-0.042631733963644565
0,45.3635,1.553125,-0.042799268648386485
0,45.3635,1.55625,-0.04296799559453467
0,45.3635,1.5593750000000002,-0.04313793027971466
0,45.3635,1.5625,-0.043309088511203644
0,45.3635,1.565625,-0.04348148643530402
0,45.3635,1.56875,-0.04365514054701913
0,45.3635,1.571875,-0.0438300677000413
0,45.3635,1.5750000000000002,-0.04400628511706189
0,45.3635,1.578125,-0.0441838104004133
0,45.3635,1.58125,-0.044362661543053745
0,45.3635,1.584375,-0.044542856939904577
0,45.3635,1.5875,-0.04472441539955142
0,45.3635,1.5906250000000002,-0.04490735615631986
0,45.3635,1.59375,-0.045091698882736266
0,45.3635,1.596875,-0.045277463702385695
0,45.3635,1.6,-0.04546467120317721
0,45.3635,1.603125,-0.045653342451028645
0,45.3635,1.6062500000000002,-0.0458434990039818
0,45.3635,1.609375,-0.046035162926759444
0,45.3635,1.6125,-0.0462283568057758
0,45.3635,1.615625,-0.04642310376461118
0,45.3635,1.61875,-0.046619427479962394
0,45.3635,1.6218750000000002,-0.04681735219807957
0,45.3635,1.625,-0.04701690275169992
0,45.3635,1.628125,-0.047218104577488984
0,45.3635,1.63125,-0.04742098373399891
0,45.3635,1.634375,-0.04762556692015299
0,45.3635,1.6375000000000002,-0.047831881494265316
0,45.3635,1.640625,-0.04803995549360285
0,45.3635,1.64375,-0.04824981765449741
0,45.3635,1.646875,-0.0484614974330125
0,45.3635,1.65,-0.04867502502617009
0,45.3635,1.6531250000000002,-0.04889043139374016
0,45.3635,1.65625,-0.04910774828059368
0,45.3635,1.659375,-0.04932700823961964
0,45.3635,1.6625,-0.049548244655201606
0,45.3635,1.665625,-0.049771491767249744
0,45.3635,1.6687500000000002,-0.049996784695779325
0,45.3635,1.671875,-0.050224159466024064
0,45.3635,1.675,-0.050453653034069935
0,45.3635,1.678125,-0.05068530331298911
0,45.3635,1.68125,-0.05091914919945099
0,45.3635,1.6843750000000002,-0.051155230600781205
0,45.3635,1.6875,-0.051393588462433124
0,45.3635,1.690625,-0.05163426479583183
0,45.3635,1.69375,-0.05187730270654116
0,45.3635,1.696875,-0.052122746422697916
0,45.3635,1.7000000000000002,-0.052370641323648236
0,45.3635,1.703125,-0.05262103396871031
0,45.3635,1.70625,-0.052873972125978524
0,45.3635,1.709375,-0.05312950480106973
0,45.3635,1.7125,-0.053387682265701064
0,45.3635,1.7156250000000002,-0.053648556085972604
0,45.3635,1.71875,-0.05391217915021203
0,45.3635,1.721875,-0.054178605696221196
0,45.3635,1.725,-0.054447891337743394
0,45.3635,1.728125,-0.05472009308994924
0,45.3635,1.7312500000000002,-0.05499526939371495
0,45.3635,1.734375,-0.05527348013843954
0,45.3635,1.7375,-0.05555478668311999
0,45.3635,1.740625,-0.055839251875370255
0,45.3635,1.74375,-0.05612694006803622
0,45.3635,1.7468750000000002,-0.05641791713302056
0,45.3635,1.75,-0.056712250471889644
0,45.3635,1.753125,-0.057010009022790645
0,45.3635,1.75625,-0.057311263263155915
0,45.3635,1.759375,-0.05761608520762068
0,45.3635,1.7625000000000002,-0.05792454840052034
0,45.3635,1.765625,-0.058236727902271544
0,45.3635,1.76875,-0.05855270026887407
0,45.3635,1.771875,-0.05887254352369577
0,45.3635,1.775,-0.059196337120625706
0,45.3635,1.7781250000000002,-0.05952416189759531
0,45.3635,1.78125,-0.059856100019375684
0,45.3635,1.784375,-0.0601922349084651
0,45.3635,1.7875,-0.06053265116277419
0,45.3635,1.790625,-0.0608774344587098
0,45.3635,1.7937500000000002,-0.06122667143814183
0,45.3635,1.796875,-0.06158044957761479
0,45.3635,1.8,-0.06193885703804125
0,45.3635,1.803125,-0.06230198249297872
0,45.3635,1.80625,-0.06266991493345728
0,45.3635,1.8093750000000002,-0.0630427434471839
0,45.3635,1.8125,-0.0634205569698062
0,45.3635,1.815625,-0.06380344400577763
0,45.3635,1.81875,-0.06419149231622115
0,45.3635,1.821875,-0.06458478857105376
0,45.3635,1.8250000000000002,-0.0649834179625015
0,45.3635,1.828125,-0.06538746377701452
0,45.3635,1.83125,-0.06579700692248704
0,45.3635,1.834375,-0.06621212540759991
0,45.3635,1.8375,-0.06663289377004501
0,45.3635,1.8406250000000002,-0.0670593824503628
0,45.3635,1.84375,-0.06749165710813704
0,45.3635,1.846875,-0.06792977787735553
0,45.3635,1.85,-0.06837379855786568
0,45.3635,1.853125,-0.06882376574004975
0,45.3635,1.8562500000000002,-0.06927971786012074
0,45.3635,1.859375,-0.06974168418381448
0,45.3635,1.8625,-0.0702096837167429
0,45.3635,1.865625,-0.07068372404028664
0,45.3635,1.86875,-0.07116380007266909
0,45.3635,1.8718750000000002,-0.07164989275577756
0,45.3635,1.875,-0.07214196766940072
0,45.3635,1.878125,-0.07263997357585764
0,45.3635,1.88125,-0.0731438408995061
0,45.3635,1.884375,-0.07365348014736661
0,45.3635,1.8875000000000002,-0.0741687802790812
0,45.3635,1.890625,-0.074689607036658
0,45.3635,1.89375,-0.0752158012469355
0,45.3635,1.896875,-0.0757471771124209
0,45.3635,1.9,-0.07628352050911447
0,45.3635,1.9031250000000002,-0.07682458731308622
0,45.3635,1.90625,-0.07737010178089529
0,45.3635,1.909375,-0.07791975501237958
0,45.3635,1.9125,-0.07847320352781963
0,45.3635,1.915625,-0.0790300679949161
0,45.3635,1.9187500000000002,-0.07958993214429891
0,45.3635,1.921875,-0.08015234191528212
0,45.3635,1.925,-0.08071680487614856
0,45.3635,1.928125,-0.0812827899652126
0,45.3635,1.93125,-0.08184972760010112
0,45.3635,1.9343750000000002,-0.08241701020290398
0,45.3635,1.9375,-0.08298399318788302
0,45.3635,1.940625,-0.08354999645609937
0,45.3635,1.94375,-0.08411430643742922
0,45.3635,1.946875,-0.08467617871484404
0,45.3635,1.9500000000000002,-0.08523484125840336
0,45.3635,1.953125,-0.08578949828708365
0,45.3635,1.95625,-0.08633933476535399
0,45.3635,1.959375,-0.08688352152838057
0,45.3635,1.9625,-0.08742122101508838
0,45.3635,1.9656250000000002,-0.08795159357230037
0,45.3635,1.96875,-0.088473804276202
0,45.3635,1.971875,-0.08898703019993584
0,45.3635,1.975,-0.08949046803879362
0,45.3635,1.978125,-0.08998334198791513
0,45.3635,1.9812500000000002,-0.09046491175233203
0,45.3635,1.984375,-0.0909344805563505
0,45.3635,1.9875,-0.09139140300936784
0,45.3635,1.990625,-0.09183509267891543
0,45.3635,1.99375,-0.09226502921957823
0,45.3635,1.9968750000000002,-0.09268076490884715
0,45.3635,2.0,-0.09308193044814914
0,45.3635,2.003125,-0.09346823989927354
0,45.3635,2.00625,-0.09383949464294877
0,45.3635,2.0093750000000004,-0.09419558626697962
0,45.3635,2.0125,-0.09453649831546139
0,45.3635,2.015625,-0.09486230685729304
0,45.3635,2.01875,-0.09517317986052426
0,45.3635,2.021875,-0.09546937538790556
0,45.3635,2.0250000000000004,-0.09575123865724847
0,45.3635,2.028125,-0.09601919803677186
0,45.3635,2.03125,-0.0962737600695128
0,45.3635,2.034375,-0.09651550364128582
0,45.3635,2.0375,-0.0967450734229262
0,45.3635,2.0406250000000004,-0.09696317272921576
0,45.3635,2.04375,-0.09717055594376486
0,45.3635,2.046875,-0.09736802066122653
0,45.3635,2.05,-0.097556399695788
0,45.3635,2.053125,-0.09773655309833264
0,45.3635,2.0562500000000004,-0.09790936031455225
0,45.3635,2.059375,-0.09807571260327912
0,45.3635,2.0625,-0.09823650581911736
0,45.3635,2.065625,-0.09839263364682134
0,45.3635,2.06875,-0.09854498135751004
0,45.3635,2.0718750000000004,-0.09869442013937345
0,45.3635,2.075,-0.0988418020386074
0,45.3635,2.078125,-0.09898795553038339
0,45.3635,2.08125,-0.09913368172510373
0,45.3635,2.084375,-0.09927975120228325
0,45.3635,2.0875000000000004,-0.0994269014533036
0,45.3635,2.090625,-0.09957583490509096
0,45.3635,2.09375,-0.09972721748946266
0,45.3635,2.096875,-0.09988167771740844
0,45.3635,2.1,-0.10003980621379459
0,45.3635,2.1031250000000004,-0.1002021556657424
0,45.3635,2.10625,-0.10036924113705598
0,45.3635,2.109375,-0.1005415407013576
0,45.3635,2.1125,-0.10071949634783474
0,45.3635,2.115625,-0.10090351511551807
0,45.3635,2.1187500000000004,-0.10109397041460894
0,45.3635,2.121875,-0.10129120349639849
0,45.3635,2.125,-0.10149552503661208
0,45.3635,2.128125,-0.10170721680045458
0,45.3635,2.13125,-0.10192653336111157
0,45.3635,2.1343750000000004,-0.10215370384689161
0,45.3635,2.1375,-0.1023889336955105
0,45.3635,2.140625,-0.1026324063971625
0,45.3635,2.14375,-0.10288428521096402
0,45.3635,2.146875,-0.10314471484206318
0,45.3635,2.1500000000000004,-0.10341382306917214
0,45.3635,2.153125,-0.10369172231449607
0,45.3635,2.15625,-0.10397851114999701
0,45.3635,2.159375,-0.10427427573566175
0,45.3635,2.1625,-0.10457909118694035
0,45.3635,2.1656250000000004,-0.10489302286980937
0,45.3635,2.16875,-0.1052161276230021
0,45.3635,2.171875,-0.10554845490785592
0,45.3635,2.175,-0.10589004788697264
0,45.3635,2.178125,-0.10624094443348743
0,45.3635,2.1812500000000004,-0.10660117807321248
0,45.3635,2.184375,-0.1069707788622795
0,45.3635,2.1875,-0.10734977420316442
0,45.3635,2.190625,-0.10773818960215079
0,45.3635,2.19375,-0.10813604937139097
0,45.3635,2.1968750000000004,-0.10854337727876325
0,45.3635,2.2,-0.10896019714871044
0,45.3635,2.203125,-0.10938653341718989
0,45.3635,2.20625,-0.1098224116437714
0,45.3635,2.209375,-0.11026785898379902
0,45.3635,2.2125000000000004,-0.11072290462338419
0,45.3635,2.215625,-0.11118758017983128
0,45.3635,2.21875,-0.11166192006991292
0,45.3635,2.221875,-0.11214596184821315
0,45.3635,2.225,-0.11263974651754786
0,45.3635,2.2281250000000004,-0.11314331881325101
0,45.3635,2.23125,-0.11365672746288505
0,45.3635,2.234375,-0.11418002542269498
0,45.3635,2.2375,-0.1147132700918759
0,45.3635,2.240625,-0.115256523505467
0,45.3635,2.2437500000000004,-0.11580985250641451
0,45.3635,2.246875,-0.1163733288970659
0,45.3635,2.25,-0.11694702957006306
0,45.3635,2.253125,-0.11753103661829065
0,45.3635,2.25625,-0.11812543742321165
0,45.3635,2.2593750000000004,-0.11873032472057252
0,45.3635,2.2625,-0.1193457966420927
0,45.3635,2.265625,-0.11997195673135944
0,45.3635,2.26875,-0.12060891393172553
0,45.3635,2.271875,-0.12125678254355915
0,45.3635,2.2750000000000004,-0.12191568214770625
0,45.3635,2.278125,-0.12258573749150885
0,45.3635,2.28125,-0.1232670783331608
0,45.3635,2.284375,-0.12395983923958406
0,45.3635,2.2875,-0.12466415933236856
0,45.3635,2.2906250000000004,-0.12538018197563264
0,45.3635,2.29375,-0.12610805439893716
0,45.3635,2.296875,-0.12684792724761665
0,45.3635,2.3,-0.12759995405208605
0,45.3635,2.303125,-0.128364290606846
0,45.3635,2.3062500000000004,-0.12914109424904388
0,45.3635,2.309375,-0.1299305230255762
0,45.3635,2.3125,-0.13073273473684355
0,45.3635,2.315625,-0.13154788584441815
0,45.3635,2.31875,-0.1323761302290863
0,45.3635,2.3218750000000004,-0.13321761778500482
0,45.3635,2.325,-0.1340724928351197
0,45.3635,2.328125,-0.13494089235256804
0,45.3635,2.33125,-0.13582294397259823
0,45.3635,2.334375,-0.13671876377966402
0,45.3635,2.3375000000000004,-0.1376284538548564
0,45.3635,2.340625,-0.13855209956984277
0,45.3635,2.34375,-0.13948976661508913
0,45.3635,2.346875,-0.1404414977524815
0,45.3635,2.35,-0.14140730928567746
0,45.3635,2.3531250000000004,-0.14238718724575664
0,45.3635,2.35625,-0.14338108329516572
0,45.3635,2.359375,-0.14438891035972573
0,45.3635,2.3625,-0.14541053800675033
0,45.3635,2.365625,-0.1464457875972548
0,45.3635,2.3687500000000004,-0.14749442725192935
0,45.3635,2.371875,-0.14855616668407845
0,45.3635,2.375,-0.14963065196809458
0,45.3635,2.378125,-0.1507174603291489
0,45.3635,2.38125,-0.15181609505845162
0,45.3635,2.3843750000000004,-0.1529259806783014
0,45.3635,2.3875,-0.15404645850169466
0,45.3635,2.390625,-0.15517678275177516
0,45.3635,2.39375,-0.15631611742592438
0,45.3635,2.396875,-0.15746353410665903
0,45.3635,2.4000000000000004,-0.15861801093528527
0,45.3635,2.403125,-0.15977843297287034
0,45.3635,2.40625,-0.1609435941747459
0,45.3635,2.409375,-0.16211220119762654
0,45.3635,2.4125,-0.1632828792407204
0,45.3635,2.4156250000000004,-0.1644541800923188
0,45.3635,2.41875,-0.16562459251007933
0,45.3635,2.421875,-0.1667925550059152
0,45.3635,2.425,-0.16795647103524042
0,45.3635,2.428125,-0.16911472650644688
0,45.3635,2.4312500000000004,-0.17026570943218175
0,45.3635,2.434375,-0.17140783144276286
0,45.3635,2.4375,-0.1725395507785923
0,45.3635,2.440625,-0.1736593962784335
0,45.3635,2.44375,-0.1747659917903694
0,45.3635,2.4468750000000004,-0.17585808035891162
0,45.3635,2.45,-0.1769345474916367
0,45.3635,2.453125,-0.17799444278754087
0,45.3635,2.45625,-0.17903699922123945
0,45.3635,2.459375,-0.1800616494243565
0,45.3635,2.4625000000000004,-0.18106803838767307
0,45.3635,2.465625,-0.18205603212193547
0,45.3635,2.46875,-0.18302572195619113
0,45.3635,2.471875,-0.18397742431244077
0,45.3635,2.475,-0.18491167596496313
0,45.3635,2.4781250000000004,-0.18582922496173007
0,45.3635,2.48125,-0.18673101754378674
0,45.3635,2.484375,-0.1876181815371379
0,45.3635,2.4875,-0.188492006803069
0,45.3635,2.490625,-0.18935392341171442
0,45.3635,2.4937500000000004,-0.1902054782474186
0,45.3635,2.496875,-0.1910483107629944
0,45.3635,2.5,-0.19188412857575518
0,45.3635,2.503125,-0.19271468354555335
0,45.3635,2.50625,-0.1935417488997845
0,45.3635,2.5093750000000004,-0.19436709787898845
0,45.3635,2.5125,-0.19519248427607266
0,45.3635,2.515625,-0.19601962513868443
0,45.3635,2.51875,-0.19685018580351707
0,45.3635,2.521875,-0.1976857673379178
0,45.3635,2.5250000000000004,-0.1985278963814479
0,45.3635,2.528125,-0.19937801731021274
0,45.3635,2.53125,-0.2002374865908547
0,45.3635,2.534375,-0.20110756914917943
0,45.3635,2.5375,-0.20198943654975246
0,45.3635,2.5406250000000004,-0.20288416676620344
0,45.3635,2.54375,-0.20379274531578917
0,45.3635,2.546875,-0.20471606753418098
0,45.3635,2.55,-0.205654941775634
0,45.3635,2.553125,-0.2066100933379046
0,45.3635,2.5562500000000004,-0.20758216892890918
0,45.3635,2.559375,-0.20857174151179164
0,45.3635,2.5625,-0.20957931538561506
0,45.3635,2.565625,-0.21060533137940626
0,45.3635,2.56875,-0.2116501720570571
0,45.3635,2.5718750000000004,-0.21271416684911287
0,45.3635,2.575,-0.2137975970444336
0,45.3635,2.578125,-0.2149007005899043
0,45.3635,2.58125,-0.21602367665971686
0,45.3635,2.584375,-0.21716668996727112
0,45.3635,2.5875000000000004,-0.21832987480250501
0,45.3635,2.590625,-0.2195133387855967
0,45.3635,2.59375,-0.22071716633461855
0,45.3635,2.596875,-0.2219414218500288
0,45.3635,2.6,-0.22318615262302613
0,45.3635,2.6031250000000004,-0.22445139147791757
0,45.3635,2.60625,-0.22573715916092263
0,45.3635,2.609375,-0.22704346648938376
0,45.3635,2.6125,-0.22837031627631396
0,45.3635,2.615625,-0.2297177050456916
0,45.3635,2.6187500000000004,-0.23108562455400625
0,45.3635,2.621875,-0.2324740631333598
0,45.3635,2.625,-0.2338830068709979
0,45.3635,2.628125,-0.23531244063955037
0,45.3635,2.63125,-0.23676234899154855
0,45.3635,2.6343750000000004,-0.23823271693099923
0,45.3635,2.6375,-0.23972353057396042
0,45.3635,2.640625,-0.2412347777092154
0,45.3635,2.64375,-0.24276644826928634
0,45.3635,2.646875,-0.2443185347212045
0,45.3635,2.6500000000000004,-0.24589103238564072
0,45.3635,2.653125,-0.24748393969223811
0,45.3635,2.65625,-0.24909725837825772
0,45.3635,2.659375,-0.25073099363696455
0,45.3635,2.6625,-0.2523851542215496
0,45.3635,2.6656250000000004,-0.2540597525097892
0,45.3635,2.66875,-0.25575480453410193
0,45.3635,2.671875,-0.25747032998116576
0,45.3635,2.675,-0.25920635216479543
0,45.3635,2.678125,-0.26096289797537503
0,45.3635,2.6812500000000004,-0.2627399978087524
0,45.3635,2.684375,-0.2645376854771708
0,45.3635,2.6875,-0.26635599810449695
0,45.3635,2.690625,-0.26819497600772924
0,45.3635,2.69375,-0.27005466256652444
0,45.3635,2.6968750000000004,-0.2719351040822469
0,45.3635,2.7,-0.2738363496278592
0,45.3635,2.703125,-0.27575845088977674
0,45.3635,2.70625,-0.27770146200266316
0,45.3635,2.709375,-0.2796654393779902
0,45.3635,2.7125000000000004,-0.28165044152706936
0,45.3635,2.715625,-0.28365652887914056
0,45.3635,2.71875,-0.2856837635950119
0,45.3635,2.721875,-0.2877322093766474
0,45.3635,2.725,-0.2898019312730329
0,45.3635,2.7281250000000004,-0.29189299548256864
0,45.3635,2.73125,-0.29400546915219133
0,45.3635,2.734375,-0.29613942017336226
0,45.3635,2.7375,-0.29829491697501775
0,45.3635,2.740625,-0.3004720283135388
0,45.3635,2.7437500000000004,-0.30267082305975734
0,45.3635,2.746875,-0.30489136998299016
0,45.3635,2.75,-0.3071337375320613
0,45.3635,2.753125,-0.3093979936132517
0,45.3635,2.75625,-0.3116842053650977
0,45.3635,2.7593750000000004,-0.31399243892993883
0,45.3635,2.7625,-0.31632275922210845
0,45.3635,2.765625,-0.31867522969264184
0,45.3635,2.76875,-0.32104991209036926
0,45.3635,2.771875,-0.3234468662192585
0,45.3635,2.7750000000000004,-0.32586614969185707
0,45.3635,2.778125,-0.3283078176786906
0,45.3635,2.78125,-0.33077192265346134
0,45.3635,2.784375,-0.3332585141338937
0,45.3635,2.7875,-0.33576763841807683
0,45.3635,2.7906250000000004,-0.33829933831614606
0,45.3635,2.79375,-0.3408536528771598
0,45.3635,2.796875,-0.3434306171110189
0,45.3635,2.8,-0.3460302617052862
0,45.3635,2.803125,-0.34865261273677056
0,45.3635,2.8062500000000004,-0.3512976913777371
0,45.3635,2.809375,-0.3539655135966238
0,45.3635,2.8125,-0.356656089853144
0,45.3635,2.815625,-0.35936942478765965
0,45.3635,2.81875,-0.36210551690473175
0,45.3635,2.8218750000000004,-0.3648643582507514
0,45.3635,2.825,-0.3676459340855757
0,45.3635,2.828125,-0.3704502225480984
0,45.3635,2.83125,-0.3732771943156979
0,45.3635,2.834375,-0.3761268122575241
0,45.3635,2.8375000000000004,-0.37899903108159344
0,45.3635,2.840625,-0.38189379697568404
0,45.3635,2.84375,-0.3848110472420317
0,45.3635,2.846875,-0.3877507099258492
0,45.3635,2.85,-0.3907127034377108
0,45.3635,2.8531250000000004,-0.3936969361698576
0,45.3635,2.85625,-0.39670330610650995
0,45.3635,2.859375,-0.39973170042828343
0,45.3635,2.8625,-0.4027819951108336
0,45.3635,2.865625,-0.4058540545178787
0,45.3635,2.8687500000000004,-0.40894773098877274
0,45.3635,2.871875,-0.4120628644208297
0,45.3635,2.875,-0.41519928184662436
0,45.3635,2.878125,-0.41835679700652456
0,45.3635,2.88125,-0.4215352099167409
0,45.3635,2.8843750000000004,-0.4247343064332095
0,45.3635,2.8875,-0.4279538578116573
0,45.3635,2.890625,-0.4311936202642346
0,45.3635,2.89375,-0.43445333451312274
0,45.3635,2.896875,-0.43773272534158203
0,45.3635,2.9000000000000004,-0.4410315011429197
0,45.3635,2.903125,-0.4443493534679149
0,45.3635,2.90625,-0.44768595657126514
0,45.3635,2.909375,-0.45104096695766205
0,45.3635,2.9125,-0.454414022928152
0,45.3635,2.9156250000000004,-0.4578047441274715
0,45.3635,2.91875,-0.46121273109309896
0,45.3635,2.921875,-0.4646375648068049
0,45.3635,2.925,-0.46807880624952614
0,45.3635,2.928125,-0.4715359959604438
0,45.3635,2.9312500000000004,-0.4750086536011828
0,45.3635,2.934375,-0.4784962775261062
0,45.3635,2.9375,-0.4819983443597212
0,45.3635,2.940625,-0.4855143085822598
0,45.3635,2.94375,-0.4890436021245518
0,45.3635,2.9468750000000004,-0.4925856339733505
0,45.3635,2.95,-0.49613978978832285
0,45.3635,2.953125,-0.49970543153196373
0,45.3635,2.95625,-0.5032818971137328
0,45.3635,2.959375,-0.5068685000497737
0,45.3635,2.9625000000000004,-0.5104645291396024
0,45.3635,2.965625,-0.5140692481612129
0,45.3635,2.96875,-0.5176818955860775
0,45.3635,2.971875,-0.5213016843155585
0,45.3635,2.975,-0.5249278014402978
0,45.3635,2.9781250000000004,-0.5285594080241736
0,45.3635,2.98125,-0.5321956389144519
0,45.3635,2.984375,-0.5358356025797907
0,45.3635,2.9875,-0.5394783809777702
0,45.3635,2.990625,-0.5431230294536605
0,45.3635,2.9937500000000004,-0.5467685766721396
0,45.3635,2.996875,-0.5504140245836981
0,45.3635,3.0,-0.5540583484274698
0,45.3635,3.0031250000000003,-0.5577004967722273
0,45.3635,3.00625,-0.5613393915972831
0,45.3635,3.009375,-0.5649739284150264
0,45.3635,3.0125,-0.5686029764368044
0,45.3635,3.015625,-0.572225378783834
0,45.3635,3.0187500000000003,-0.5758399527448118
0,45.3635,3.021875,-0.579445490081826
0,45.3635,3.025,-0.5830407573861572
0,45.3635,3.028125,-0.5866244964854761
0,45.3635,3.03125,-0.5901954249038912
0,45.3635,3.0343750000000003,-0.5937522363762395
0,45.3635,3.0375,-0.5972936014178991
0,45.3635,3.040625,-0.6008181679513526
0,45.3635,3.04375,-0.6043245619905936
0,45.3635,3.046875,-0.6078113883843758
0,45.3635,3.0500000000000003,-0.6112772316191897
0,45.3635,3.053125,-0.6147206566826949
0,45.3635,3.05625,-0.618140209988233
0,45.3635,3.059375,-0.6215344203608605
0,45.3635,3.0625,-0.6249018000852035
0,45.3635,3.0656250000000003,-0.6282408460152676
0,45.3635,3.06875,-0.6315500407461359
0,45.3635,3.071875,-0.6348278538473319
0,45.3635,3.075,-0.6380727431574023
0,45.3635,3.078125,-0.641283156139085
0,45.3635,3.0812500000000003,-0.6444575312942163
0,45.3635,3.084375,-0.6475942996373028
0,45.3635,3.0875,-0.6506918862264769
0,45.3635,3.090625,-0.6537487117503081
0,45.3635,3.09375,-0.6567631941687181
0,45.3635,3.0968750000000003,-0.6597337504060162
0,45.3635,3.1,-0.6626587980938133
0,45.3635,3.103125,-0.6655367573613578
0,45.3635,3.10625,-0.6683660526705704
0,45.3635,3.109375,-0.6711451146928313
0,45.3635,3.1125000000000003,-0.6738723822243374
0,45.3635,3.115625,-0.6765463041365908
0,45.3635,3.11875,-0.6791653413583879
0,45.3635,3.121875,-0.6817279688854174
0,45.3635,3.125,-0.6842326778133858
0,45.3635,3.1281250000000003,-0.6866779773903808
0,45.3635,3.13125,-0.6890623970839718
0,45.3635,3.134375,-0.6913844886583889
0,45.3635,3.1375,-0.6936428282569296
0,45.3635,3.140625,-0.6958360184846026
0,45.3635,3.1437500000000003,-0.697962690485878
0,45.3635,3.146875,-0.7000215060122839
0,45.3635,3.15,-0.7020111594745011
0,45.3635,3.153125,-0.7039303799735194
0,45.3635,3.15625,-0.7057779333053487
0,45.3635,3.1593750000000003,-0.7075526239337665
0,45.3635,3.1625,-0.7092532969255311
0,45.3635,3.165625,-0.7108788398425332
0,45.3635,3.16875,-0.7124281845853612
0,45.3635,3.171875,-0.7139003091828315
0,45.3635,3.1750000000000003,-0.7152942395221085
0,45.3635,3.178125,-0.7166090510141407
0,45.3635,3.18125,-0.7178438701892835
0,45.3635,3.184375,-0.7189978762181191
0,45.3635,3.1875,-0.7200703023526758
0,45.3635,3.1906250000000003,-0.7210604372834538
0,45.3635,3.19375,-0.721967626407877
0,45.3635,3.196875,-0.7227912730060612
0,45.3635,3.2,-0.7235308393200426
0,45.3635,3.203125,-0.7241858475329104
0,45.3635,3.2062500000000003,-0.7247558806445953
0,45.3635,3.209375,-0.72524058324139
0,45.3635,3.2125,-0.7256396621566245
0,45.3635,3.215625,-0.7259528870202703
0,45.3635,3.21875,-0.7261800906956222
0,45.3635,3.2218750000000003,-0.7263211696015794
0,45.3635,3.225,-0.7263760839194375
0,45.3635,3.228125,-0.7263448576834919
0,45.3635,3.23125,-0.7262275787551568
0,45.3635,3.234375,-0.7260243986806922
0,45.3635,3.2375000000000003,-0.7257355324330369
0,45.3635,3.240625,-0.7253612580386348
0,45.3635,3.24375,-0.7249019160905362
0,45.3635,3.246875,-0.7243579091494352
0,45.3635,3.25,-0.7237297010346796
0,45.3635,3.2531250000000003,-0.7230178160076526
0,45.3635,3.25625,-0.7222228378502767
0,45.3635,3.259375,-0.7213454088417204
0,45.3635,3.2625,-0.720386228636715
0,45.3635,3.265625,-0.7193460530491845
0,45.3635,3.2687500000000003,-0.71822569274517
0,45.3635,3.271875,-0.7170260118492997
0,45.3635,3.275,-0.7157479264692869
0,45.3635,3.278125,-0.7143924031431568
0,45.3635,3.28125,-0.7129604572140975
0,45.3635,3.2843750000000003,-0.7114531511379953
0,45.3635,3.2875,-0.7098715927288645
0,45.3635,3.290625,-0.7082169333474907
0,45.3635,3.29375,-0.7064903660387147
0,45.3635,3.296875,-0.70469312362284
0,45.3635,3.3000000000000003,-0.7028264767466977
0,45.3635,3.303125,-0.7008917318999257
0,45.3635,3.30625,-0.6988902294020048
0,45.3635,3.309375,-0.6968233413655813
0,45.3635,3.3125,-0.6946924696415445
0,45.3635,3.3156250000000003,-0.6924990437512605
0,45.3635,3.31875,-0.6902445188112788
0,45.3635,3.321875,-0.6879303734557032
0,45.3635,3.325,-0.6855581077613058
0,45.3635,3.328125,-0.6831292411803062
0,45.3635,3.3312500000000003,-0.6806453104855754
0,45.3635,3.334375,-0.6781078677328619
0,45.3635,3.3375,-0.6755184782444272
0,45.3635,3.340625,-0.6728787186182997
0,45.3635,3.34375,-0.6701901747671318
0,45.3635,3.3468750000000003,-0.6674544399904284
0,45.3635,3.35,-0.6646731130836975
0,45.3635,3.353125,-0.6618477964878273
0,45.3635,3.35625,-0.6589800944817773
0,45.3635,3.359375,-0.6560716114214168
0,45.3635,3.3625000000000003,-0.6531239500271036
0,45.3635,3.365625,-0.6501387097223741
0,45.3635,3.36875,-0.647117485025847
0,45.3635,3.371875,-0.6440618639982302
0,45.3635,3.375,-0.6409734267460712
0,45.3635,3.3781250000000003,-0.6378537439836581
0,45.3635,3.38125,-0.6347043756542691
0,45.3635,3.384375,-0.6315268696117192
0,45.3635,3.3875,-0.6283227603629689
0,45.3635,3.390625,-0.6250935678723306
0,45.3635,3.3937500000000003,-0.6218407964276126
0,45.3635,3.396875,-0.6185659335683624
0,45.3635,3.4000000000000004,-0.6152704490761671
0,45.3635,3.403125,-0.6119557940268149
0,45.3635,3.40625,-0.6086233999039399
0,45.3635,3.4093750000000003,-0.6052746777736335
0,45.3635,3.4125,-0.6019110175193506
0,45.3635,3.4156250000000004,-0.598533787136298
0,45.3635,3.41875,-0.5951443320843907
0,45.3635,3.421875,-0.5917439746987126
0,45.3635,3.4250000000000003,-0.5883340136563435
0,45.3635,3.428125,-0.5849157234982998
0,45.3635,3.4312500000000004,-0.5814903542052481
0,45.3635,3.434375,-0.5780591308255958
0,45.3635,3.4375,-0.574623253154461
0,45.3635,3.4406250000000003,-0.5711838954619962
0,45.3635,3.44375,-0.5677422062694728
0,45.3635,3.4468750000000004,-0.5642993081714852
0,45.3635,3.45,-0.5608562977026252
0,45.3635,3.453125,-0.5574142452469132
0,45.3635,3.4562500000000003,-0.5539741949882869
0,45.3635,3.459375,-0.5505371649004173
0,45.3635,3.4625000000000004,-0.5471041467741079
0,45.3635,3.465625,-0.5436761062805612
0,45.3635,3.46875,-0.540253983068765
0,45.3635,3.4718750000000003,-0.536838690895291
0,45.3635,3.475,-0.5334311177847997
0,45.3635,3.4781250000000004,-0.530032126219558
0,45.3635,3.48125,-0.5266425533563265
0,45.3635,3.484375,-0.5232632112689625
0,45.3635,3.4875000000000003,-0.5198948872151521
0,45.3635,3.490625,-0.5165383439256979
0,45.3635,3.4937500000000004,-0.5131943199148246
0,45.3635,3.496875,-0.5098635298100196
0,45.3635,3.5,-0.5065466646999476
0,45.3635,3.5031250000000003,-0.5032443924990382
0,45.3635,3.50625,-0.49995735832737714
0,45.3635,3.5093750000000004,-0.49668618490458044
0,45.3635,3.5125,-0.493431472956389
0,45.3635,3.515625,-0.49019380163274684
0,45.3635,3.5187500000000003,-0.4869737289361955
0,45.3635,3.521875,-0.4837717921594556
0,45.3635,3.5250000000000004,-0.4805885083311081
0,45.3635,3.528125,-0.47742437466835774
0,45.3635,3.53125,-0.47427986903588243
0,45.3635,3.5343750000000003,-0.4711554504098441
0,45.3635,3.5375,-0.4680515593461719
0,45.3635,3.5406250000000004,-0.4649686184522714
0,45.3635,3.54375,-0.461907032861379
0,45.3635,3.546875,-0.4588671907087995
0,45.3635,3.5500000000000003,-0.4558494636093361
0,45.3635,3.553125,-0.45285420713524727
0,45.3635,3.5562500000000004,-0.449881761294112
0,45.3635,3.559375,-0.4469324510060368
0,45.3635,3.5625,-0.4440065865796604
0,45.3635,3.5656250000000003,-0.4411044641864691
0,45.3635,3.56875,-0.4382263663329646
0,45.3635,3.5718750000000004,-0.4353725623302592
0,45.3635,3.575,-0.43254330876072566
0,45.3635,3.578125,-0.4297388499413409
0,45.3635,3.5812500000000003,-0.42695941838341833
0,45.3635,3.584375,-0.42420523524844034
0,45.3635,3.5875000000000004,-0.4214765107997356
0,45.3635,3.590625,-0.41877344484978857
0,45.3635,3.59375,-0.416096227202974
0,45.3635,3.5968750000000003,-0.41344503809356137
0,45.3635,3.6,-0.41082004861884236
0,45.3635,3.6031250000000004,-0.4082214211672635
0,45.3635,3.60625,-0.40564930984148195
0,45.3635,3.609375,-0.40310386087626227
0,45.3635,3.6125000000000003,-0.40058521305117883
0,45.3635,3.615625,-0.3980934980980914
0,45.3635,3.6187500000000004,-0.3956288411033864
0,45.3635,3.621875,-0.3931913609050011
0,45.3635,3.625,-0.3907811704842538
0,45.3635,3.6281250000000003,-0.3883983773525339
0,45.3635,3.63125,-0.3860430839329116
0,45.3635,3.6343750000000004,-0.38371538793674187
0,45.3635,3.6375,-0.3814153827353667
0,45.3635,3.640625,-0.37914315772700746
0,45.3635,3.6437500000000003,-0.37689879869898085
0,45.3635,3.646875,-0.3746823881853642
0,45.3635,3.6500000000000004,-0.37249400582025205
0,45.3635,3.653125,-0.3703337286867674
0,45.3635,3.65625,-0.3682016316619841
0,45.3635,3.6593750000000003,-0.36609778775794466
0,45.3635,3.6625,-0.36402226845895597
0,45.3635,3.6656250000000004,-0.3619751440553543
0,45.3635,3.66875,-0.35995648397395297
0,45.3635,3.671875,-0.35796635710537344
0,45.3635,3.6750000000000003,-0.35600483212848866
0,45.3635,3.678125,-0.35407197783220434
0,45.3635,3.6812500000000004,-0.35216786343480844
0,45.3635,3.684375,-0.35029255890114086
0,45.3635,3.6875,-0.3484461352578214
0,45.3635,3.6906250000000003,-0.3466286649068014
0,45.3635,3.69375,-0.3448402219374957
0,45.3635,3.6968750000000004,-0.34308088243776336
0,45.3635,3.7,-0.3413507248040159
0,45.3635,3.703125,-0.3396498300507263
0,45.3635,3.7062500000000003,-0.33797828211963216
0,45.3635,3.709375,-0.3363361681889202
0,45.3635,3.7125000000000004,-0.33472357898268923
0,45.3635,3.715625,-0.3331406090809973
0,45.3635,3.71875,-0.3315873572307971
0,45.3635,3.7218750000000003,-0.33006392665807693
0,45.3635,3.725,-0.32857042538152326
0,45.3635,3.7281250000000004,-0.32710696652802695
0,45.3635,3.73125,-0.3256736686503679
0,45.3635,3.734375,-0.324270656047404
0,45.3635,3.7375000000000003,-0.32289805908710956
0,45.3635,3.740625,-0.3215560145328041
0,45.3635,3.7437500000000004,-0.3202446658729178
0,45.3635,3.746875,-0.3189641636546524
0,45.3635,3.75,-0.3177146658218878
0,45.3635,3.7531250000000003,-0.31649633805770133
0,45.3635,3.75625,-0.31530935413186545
0,45.3635,3.7593750000000004,-0.3141538962536895
0,45.3635,3.7625,-0.3130301554305852
0,45.3635,3.765625,-0.31193833183272723
0,45.3635,3.7687500000000003,-0.3108786351641934
0,45.3635,3.771875,-0.309851285040965
0,45.3635,3.7750000000000004,-0.3088565113761703
0,45.3635,3.778125,-0.3078945547729621
0,45.3635,3.78125,-0.3069656669254109
0,45.3635,3.7843750000000003,-0.3060701110278045
0,45.3635,3.7875,-0.30520816219274
0,45.3635,3.7906250000000004,-0.30438010787838954
0,45.3635,3.79375,-0.30358624832532605
0,45.3635,3.796875,-0.30282689700328064
0,45.3635,3.8000000000000003,-0.3021023810682084
0,45.3635,3.803125,-0.3014130418300225
0,45.3635,3.8062500000000004,-0.3007592352313518
0,45.3635,3.809375,-0.30014133233766704
0,45.3635,3.8125,-0.2995597198391009
0,45.3635,3.8156250000000003,-0.29901480056427665
0,45.3635,3.81875,-0.29850699400643765
0,45.3635,3.8218750000000004,-0.2980367368621451
0,45.3635,3.825,-0.2976044835827883
0,45.3635,3.828125,-0.2972107069391168
0,45.3635,3.8312500000000003,-0.29685589859897
0,45.3635,3.834375,-0.2965405697183387
0,45.3635,3.8375000000000004,-0.2962652515458415
0,45.3635,3.840625,-0.2960304960406535
0,45.3635,3.84375,-0.2958368765038535
0,45.3635,3.8468750000000003,-0.2956849882230963
0,45.3635,3.85,-0.29557544913043066
0,45.3635,3.8531250000000004,-0.29550890047300166
0,45.3635,3.85625,-0.2954860074962724
0,45.3635,3.859375,-0.2955074601392922
0,45.3635,3.8625000000000003,-0.29557397374141176
0,45.3635,3.865625,-0.29568628975970845
0,45.3635,3.8687500000000004,-0.29584517649622655
0,45.3635,3.871875,-0.29605142983396726
0,45.3635,3.875,-0.2963058739803659
0,45.3635,3.8781250000000003,-0.2966093622167835
0,45.3635,3.88125,-0.29696277765229595
0,45.3635,3.8843750000000004,-0.2973670339798033
0,45.3635,3.8875,-0.29782307623218446
0,45.3635,3.890625,-0.29833188153589996
0,45.3635,3.8937500000000003,-0.2988944598590837
0,45.3635,3.896875,-0.2995118547507664
0,45.3635,3.9000000000000004,-0.30018514406743896
0,45.3635,3.903125,-0.30091544068267106
0,45.3635,3.90625,-0.3017038931749801
0,45.3635,3.9093750000000003,-0.3025516864885453
0,45.3635,3.9125,-0.30346004256072684
0,45.3635,3.9156250000000004,-0.3044302209096398
0,45.3635,3.91875,-0.3054635191742515
0,45.3635,3.921875,-0.30656127359862856
0,45.3635,3.9250000000000003,-0.3077248594510216
0,45.3635,3.928125,-0.30895569136746204
0,45.3635,3.9312500000000004,-0.31025522360843777
0,45.3635,3.934375,-0.31162495021599507
0,45.3635,3.9375,-0.3130664050573102
0,45.3635,3.9406250000000003,-0.31458116173932943
0,45.3635,3.94375,-0.31617083337753
0,45.3635,3.9468750000000004,-0.31783707220017265
0,45.3635,3.95,-0.3195815689675891
0,45.3635,3.953125,-0.32140605218409457
0,45.3635,3.9562500000000003,-0.3233122870779934
0,45.3635,3.959375,-0.325302074322878
0,45.3635,3.9625000000000004,-0.32737724847099287
0,45.3635,3.965625,-0.32953967606682566
0,45.3635,3.96875,-0.3317912534063357
0,45.3635,3.9718750000000003,-0.33413390390427616
0,45.3635,3.975,-0.33656957502897533
0,45.3635,3.9781250000000004,-0.3391002347606733
0,45.3635,3.98125,-0.34172786752608225
0,45.3635,3.984375,-0.34445446955829456
0,45.3635,3.9875000000000003,-0.34728204362746407
0,45.3635,3.990625,-0.3502125930839254
0,45.3635,3.9937500000000004,-0.3532481151515731
0,45.3635,3.996875,-0.3563905934054572
0,45.3635,4.0,-0.35964198936374797
0,45.3635,4.003125000000001,-0.3630042331204788
0,45.3635,4.00625,-0.366479212941944
0,45.3635,4.009375,-0.3700687637463795
0,45.3635,4.0125,-0.3737746543836202
0,45.3635,4.015625,-0.37759857362916777
0,45.3635,4.018750000000001,-0.38154211480534617
0,45.3635,4.021875,-0.3856067589414783
0,45.3635,4.025,-0.3897938563852989
0,45.3635,4.028125,-0.39410460677935394
0,45.3635,4.03125,-0.39854003731942617
0,45.3635,4.034375000000001,-0.403100979217004
0,45.3635,4.0375,-0.40778804229519017
0,45.3635,4.040625,-0.4126015876573633
0,45.3635,4.04375,-0.4175416983807561
0,45.3635,4.046875,-0.42260814820358766
0,45.3635,4.050000000000001,-0.4278003681945148
0,45.3635,4.053125,-0.43311741141783966
0,45.3635,4.05625,-0.43855791563735785
0,45.3635,4.059375,-0.4441200641363756
0,45.3635,4.0625,-0.44980154477204
0,45.3635,4.065625000000001,-0.4555995074285883
0,45.3635,4.06875,-0.46151052008725424
0,45.3635,4.071875,-0.46753052379026333
0,45.3635,4.075,-0.4736547868426626
0,45.3635,4.078125,-0.47987785866885535
0,45.3635,4.081250000000001,-0.48619352381975234
0,45.3635,4.084375,-0.4925947567112739
0,45.3635,4.0875,-0.4990736777642267
0,45.3635,4.090625,-0.5056215117079049
0,45.3635,4.09375,-0.5122285489036468
0,45.3635,4.096875000000001,-0.5188841106370792
0,45.3635,4.1,-0.5255765194166075
0,45.3635,4.103125,-0.5322930753970788
0,45.3635,4.10625,-0.5390200401174784
0,45.3635,4.109375,-0.5457426287959294
0,45.3635,4.112500000000001,-0.5524450124586304
0,45.3635,4.115625,-0.5591103311870795
0,45.3635,4.11875,-0.565720719744251
0,45.3635,4.121875,-0.5722573467800143
0,45.3635,4.125,-0.5787004687144227
0,45.3635,4.128125000000001,-0.5850294992496367
0,45.3635,4.13125,-0.5912230952645269
0,45.3635,4.134375,-0.5972592595981491
0,45.3635,4.1375,-0.603115460929273
0,45.3635,4.140625,-0.6087687706114122
0,45.3635,4.143750000000001,-0.6141960159304211
0,45.3635,4.146875,-0.6193739488226147
0,45.3635,4.15,-0.6242794286354034
0,45.3635,4.153125,-0.6288896170426751
0,45.3635,4.15625,-0.6331821827595183
0,45.3635,4.159375000000001,-0.6371355132526041
0,45.3635,4.1625,-0.6407289302333472
0,45.3635,4.165625,-0.643942905370369
0,45.3635,4.16875,-0.6467592723852236
0,45.3635,4.171875,-0.6491614315188857
0,45.3635,4.175000000000001,-0.651134542290865
0,45.3635,4.178125,-0.6526657005295425
0,45.3635,4.18125,-0.6537440958374683
0,45.3635,4.184375,-0.6543611459696038
0,45.3635,4.1875,-0.6545106050403859
0,45.3635,4.190625000000001,-0.6541886430251808
0,45.3635,4.19375,-0.6533938946658007
0,45.3635,4.196875,-0.6521274766055025
0,45.3635,4.2,-0.6503929723397749
0,45.3635,4.203125,-0.6481963853460526
0,45.3635,4.206250000000001,-0.6455460615183474
0,45.3635,4.209375,-0.6424525827523204
0,45.3635,4.2125,-0.6389286341758091
0,45.3635,4.215625,-0.6349888480763515
0,45.3635,4.21875,-0.6306496280227588
0,45.3635,4.221875000000001,-0.6259289570004317
0,45.3635,4.225,-0.6208461935737022
0,45.3635,4.228125,-0.6154218601533952
0,45.3635,4.23125,-0.6096774273900365
0,45.3635,4.234375,-0.6036350985432533
0,45.3635,4.237500000000001,-0.597317597411304
0,45.3635,4.240625,-0.5907479630585072
0,45.3635,4.24375,-0.5839493541722794
0,45.3635,4.246875,-0.5769448654353971
0,45.3635,4.25,-0.569757357831871
0,45.3635,4.253125000000001,-0.5624093043349363
0,45.3635,4.25625,-0.5549226519682796
0,45.3635,4.259375,-0.5473187008003212
0,45.3635,4.2625,-0.5396180000365915
0,45.3635,4.265625,-0.5318402610241029
0,45.3635,4.268750000000001,-0.5240042866795934
0,45.3635,4.271875,-0.5161279166022165
0,45.3635,4.275,-0.5082279869311161
0,45.3635,4.278125,-0.50032030385765
0,45.3635,4.28125,-0.49241962959711155
0,45.3635,4.284375000000001,-0.4845396795621664
0,45.3635,4.2875,-0.4766931294541836
0,45.3635,4.290625,-0.4688916309943695
0,45.3635,4.29375,-0.4611458350487514
0,45.3635,4.296875,-0.45346542095388276
0,45.3635,4.300000000000001,-0.4458591309195028
0,45.3635,4.303125,-0.43833480846501066
0,45.3635,4.30625,-0.43089943993497015
0,45.3635,4.309375,-0.42355919823148563
0,45.3635,4.3125,-0.41631948799481727
0,45.3635,4.315625000000001,-0.4091849915563749
0,45.3635,4.31875,-0.4021597150776445
0,45.3635,4.321875,-0.39524703437367265
0,45.3635,4.325,-0.3884497399994174
0,45.3635,4.328125,-0.3817700812504916
0,45.3635,4.331250000000001,-0.3752098087968419
0,45.3635,4.334375,-0.3687702157279306
0,45.3635,4.3375,-0.362452176841463
0,45.3635,4.340625,-0.35625618605482084
0,45.3635,4.34375,-0.3501823918590577
0,45.3635,4.346875000000001,-0.3442306307705754
0,45.3635,4.35,-0.3384004587652682
0,45.3635,4.353125,-0.3326911807048266
0,45.3635,4.35625,-0.3271018777855063
0,45.3635,4.359375,-0.3216314330561044
0,45.3635,4.362500000000001,-0.3162785550651774
0,45.3635,4.365625,-0.3110417997075346
0,45.3635,4.36875,-0.30591959034752203
0,45.3635,4.371875,-0.3009102363019092
0,45.3635,4.375,-0.29601194976835743
0,45.3635,4.378125000000001,-0.29122286128727565
0,45.3635,4.38125,-0.28654103382514606
0,45.3635,4.384375,-0.28196447556666937
0,45.3635,4.3875,-0.27749115150153636
0,45.3635,4.390625,-0.27311899388920563
0,45.3635,4.393750000000001,-0.26884591168233746
0,45.3635,4.396875,-0.26466979898621823
0,45.3635,4.4,-0.260588542627985
0,45.3635,4.403125,-0.2566000289058116
0,45.3635,4.40625,-0.252702149584292
0,45.3635,4.409375000000001,-0.24889280719850862
0,45.3635,4.4125,-0.24516991972536686
0,45.3635,4.415625,-0.24153142467699953
0,45.3635,4.41875,-0.2379752826674153
0,45.3635,4.421875,-0.23449948049990296
0,45.3635,4.425000000000001,-0.23110203381936842
0,45.3635,4.428125,-0.2277809893704479
0,45.3635,4.43125,-0.2245344268991276
0,45.3635,4.434375,-0.22136046073270602
0,45.3635,4.4375,-0.21825724107007172
0,45.3635,4.440625000000001,-0.21522295501174316
0,45.3635,4.44375,-0.2122558273566257
0,45.3635,4.446875,-0.20935412119015873
0,45.3635,4.45,-0.206516138286451
0,45.3635,4.453125,-0.20374021934495437
0,45.3635,4.456250000000001,-0.20102474408047052
0,45.3635,4.459375,-0.19836813118355212
0,45.3635,4.4625,-0.19576883816679708
0,45.3635,4.465625,-0.1932253611111392
0,45.3635,4.46875,-0.19073623432484604
0,45.3635,4.471875000000001,-0.18830002992678593
0,45.3635,4.475,-0.18591535736436923
0,45.3635,4.478125,-0.1835808628755479
0,45.3635,4.48125,-0.18129522890335997
0,45.3635,4.484375,-0.1790571734705878
0,45.3635,4.487500000000001,-0.1768654495213823
0,45.3635,4.490625,-0.1747188442359546
0,45.3635,4.49375,-0.1726161783237911
0,45.3635,4.496875,-0.17055630530029176
0,45.3635,4.5,-0.16853811075114145
0,45.3635,4.503125000000001,-0.16656051158829274
0,45.3635,4.50625,-0.16462245530096362
0,45.3635,4.509375,-0.16272291920465665
0,45.3635,4.5125,-0.1608609096908744
0,45.3635,4.515625,-0.15903546147983008
0,45.3635,4.518750000000001,-0.15724563687820678
0,45.3635,4.521875,-0.15549052504372385
0,45.3635,4.525,-0.1537692412580286
0,45.3635,4.528125,-0.1520809262092455
0,45.3635,4.53125,-0.15042474528527586
0,45.3635,4.534375000000001,-0.14879988787881196
0,45.3635,4.5375,-0.14720556670484805
0,45.3635,4.540625,-0.1456410171313308
0,45.3635,4.54375,-0.14410549652349372
0,45.3635,4.546875,-0.14259828360226914
0,45.3635,4.550000000000001,-0.141118677817112
0,45.3635,4.553125,-0.13966599873345945
0,45.3635,4.55625,-0.1382395854349721
0,45.3635,4.559375,-0.1368387959406589
0,45.3635,4.5625,-0.1354630066368887
0,45.3635,4.565625000000001,-0.1341116117242776
0,45.3635,4.56875,-0.13278402267937092
0,45.3635,4.571875,-0.13147966773100087
0,45.3635,4.575,-0.13019799135118493
0,45.3635,4.578125,-0.1289384537603692
0,45.3635,4.581250000000001,-0.12770053044682564
0,45.3635,4.584375,-0.12648371169997283
0,45.3635,4.5875,-0.12528750215737045
0,45.3635,4.590625,-0.12411142036514275
0,45.3635,4.59375,-0.12295499835154193
0,45.3635,4.596875000000001,-0.12181778121338388
0,45.3635,4.6,-0.12069932671506266
0,45.3635,4.603125,-0.11959920489984385
0,45.3635,4.60625,-0.11851699771315122
0,45.3635,4.609375,-0.11745229863752993
0,45.3635,4.612500000000001,-0.1164047123389964
0,45.3635,4.615625,-0.11537385432446826
0,45.3635,4.61875,-0.11435935060996881
0,45.3635,4.621875,-0.11336083739931875
0,45.3635,4.625,-0.11237796077300435
0,45.3635,4.628125000000001,-0.11141037638694037
0,45.3635,4.63125,-0.11045774918083523
0,45.3635,4.634375,-0.10951975309586896
0,45.3635,4.6375,-0.10859607080141606
0,45.3635,4.640625,-0.10768639343052501
0,45.3635,4.643750000000001,-0.1067904203238963
0,45.3635,4.646875,-0.10590785878209227
0,45.3635,4.65,-0.1050384238257173
0,45.3635,4.653125,-0.10418183796332756
0,45.3635,4.65625,-0.10333783096681268
0,45.3635,4.659375000000001,-0.10250613965402076
0,45.3635,4.6625,-0.10168650767839002
0,45.3635,4.665625,-0.10087868532535733
0,45.3635,4.66875,-0.10008242931533337
0,45.3635,4.671875,-0.09929750261301812
0,45.3635,4.675000000000001,-0.09852367424285877
0,45.3635,4.678125,-0.09776071911044466
0,45.3635,4.68125,-0.09700841782964019
0,45.3635,4.684375,-0.09626655655527484
0,45.3635,4.6875,-0.09553492682119522
0,45.3635,4.690625000000001,-0.09481332538350974
0,45.3635,4.69375,-0.09410155406884982
0,45.3635,4.696875,-0.09339941962747712
0,45.3635,4.7,-0.09270673359108349
0,45.3635,4.703125,-0.09202331213511634
0,45.3635,4.706250000000001,-0.09134897594548635
0,45.3635,4.709375,-0.09068355008950715
0,45.3635,4.7125,-0.0900268638909232
0,45.3635,4.715625,-0.08937875080889536
0,45.3635,4.71875,-0.0887390483208031
0,45.3635,4.721875000000001,-0.08810759780874183
0,45.3635,4.725,-0.08748424444958935
0,45.3635,4.728125,-0.08686883710851877
0,45.3635,4.73125,-0.08626122823584946
0,45.3635,4.734375,-0.08566127376711566
0,45.3635,4.737500000000001,-0.0850688330262517
0,45.3635,4.740625,-0.08448376863178722
0,45.3635,4.74375,-0.08390594640594899
0,45.3635,4.746875,-0.0833352352865792
0,45.3635,4.75,-0.08277150724176785
0,45.3635,4.753125000000001,-0.08221463718711527
0,45.3635,4.75625,-0.08166450290553505
0,45.3635,4.759375,-0.08112098496951022
0,45.3635,4.7625,-0.08058396666572777
0,45.3635,4.765625,-0.08005333392200488
0,45.3635,4.768750000000001,-0.07952897523643705
0,45.3635,4.771875,-0.07901078160869249
0,45.3635,4.775,-0.07849864647337972
0,45.3635,4.778125,-0.07799246563542622
0,45.3635,4.78125,-0.07749213720739417
0,45.3635,4.784375000000001,-0.07699756154867622
0,45.3635,4.7875,-0.0765086412065069
0,45.3635,4.790625,-0.07602528085872882
0,45.3635,4.79375,-0.07554738725826148
0,45.3635,4.796875,-0.07507486917921066
0,45.3635,4.800000000000001,-0.0746076373645705
0,45.3635,4.803125,-0.07414560447546463
0,45.3635,4.80625,-0.0736886850418744
0,45.3635,4.809375,-0.07323679541481179
0,45.3635,4.8125,-0.07278985371988375
0,45.3635,4.815625000000001,-0.07234777981220843
0,45.3635,4.81875,-0.0719104952326381
0,45.3635,4.821875,-0.07147792316524519
0,45.3635,4.825,-0.07104998839603602
0,45.3635,4.828125,-0.07062661727284675
0,45.3635,4.831250000000001,-0.0702077376663896
0,45.3635,4.834375,-0.06979327893241033
0,45.3635,4.8375,-0.06938317187492052
0,45.3635,4.840625,-0.06897734871047534
0,45.3635,4.84375,-0.06857574303345837
0,45.3635,4.846875000000001,-0.06817828978234612
0,45.3635,4.85,-0.06778492520692017
0,45.3635,4.853125,-0.06739558683639577
0,45.3635,4.85625,-0.06701021344844252
0,45.3635,4.859375,-0.06662874503906419
0,45.3635,4.862500000000001,-0.0662511227933156
0,45.3635,4.865625,-0.06587728905682877
0,45.3635,4.86875,-0.06550718730812188
0,45.3635,4.871875,-0.06514076213167173
0,45.3635,4.875,-0.06477795919172034
0,45.3635,4.878125000000001,-0.06441872520679806
0,45.3635,4.88125,-0.06406300792493963
0,45.3635,4.884375,-0.06371075609957036
0,45.3635,4.8875,-0.06336191946604677
0,45.3635,4.890625,-0.06301644871882642
0,45.3635,4.893750000000001,-0.06267429548925198
0,45.3635,4.896875,-0.06233541232393016
0,45.3635,4.9,-0.06199975266368558
0,45.3635,4.903125,-0.06166727082307665
0,45.3635,4.90625,-0.06133792197045187
0,45.3635,4.909375000000001,-0.06101166210853434
0,45.3635,4.9125,-0.060688448055517326
0,45.3635,4.915625,-0.06036823742665456
0,45.3635,4.91875,-0.06005098861633431
0,45.3635,4.921875,-0.059736660780618484
0,45.3635,4.925000000000001,-0.05942521382023679
0,45.3635,4.928125,-0.05911660836402134
0,45.3635,4.93125,-0.05881080575276756
0,45.3635,4.934375,-0.05850776802351245
0,45.3635,4.9375,-0.0582074578942141
0,45.3635,4.940625000000001,-0.0579098387488239
0,45.3635,4.94375,-0.057614874622739155
0,45.3635,4.946875,-0.05732253018862397
0,45.3635,4.95,-0.05703277074259101
0,45.3635,4.953125,-0.056745562190729876
0,45.3635,4.956250000000001,-0.05646087103597552
0,45.3635,4.959375,-0.05617866436530578
0,45.3635,4.9625,-0.05589890983725756
0,45.3635,4.965625,-0.055621575669755896
0,45.3635,4.96875,-0.05534663062824318
0,45.3635,4.971875000000001,-0.05507404401410323
0,45.3635,4.975,-0.0548037856533707
0,45.3635,4.978125,-0.05453582588571716
0,45.3635,4.98125,-0.054270135553708646
0,45.3635,4.984375,-0.05400668599232371
0,45.3635,4.987500000000001,-0.053745449018727916
0,45.3635,4.990625,-0.05348639692229621
0,45.3635,4.99375,-0.05322950245487562
0,45.3635,4.996875,-0.05297473882128447
0,45.3635,5.0,-0.052722079670038065
0,45.3635,5.003125,-0.05247149908429763
0,45.3635,5.0062500000000005,-0.05222297157303488
0,45.3635,5.009375,-0.051976472062407214
0,45.3635,5.0125,-0.05173197588733674
0,45.3635,5.015625,-0.0514894587832892
0,45.3635,5.01875,-0.05124889687824622
0,45.3635,5.0218750000000005,-0.05101026668486616
0,45.3635,5.025,-0.05077354509282885
0,45.3635,5.028125,-0.05053870936135832
0,45.3635,5.03125,-0.05030573711192018
0,45.3635,5.034375,-0.050074606321088094
0,45.3635,5.0375000000000005,-0.049845295313575
0,45.3635,5.040625,-0.04961778275542535
0,45.3635,5.04375,-0.04939204764736312
0,45.3635,5.046875,-0.04916806931829264
0,45.3635,5.05,-0.04894582741894752
0,45.3635,5.0531250000000005,-0.04872530191568407
0,45.3635,5.05625,-0.048506473084415795
0,45.3635,5.059375,-0.048289321504684304
0,45.3635,5.0625,-0.048073828053864655
0,45.3635,5.065625,-0.04785997390150026
0,45.3635,5.0687500000000005,-0.04764774050376498
0,45.3635,5.071875,-0.047437109598048886
0,45.3635,5.075,-0.04722806319766402
0,45.3635,5.078125,-0.04702058358666816
0,45.3635,5.08125,-0.0468146533148028
0,45.3635,5.0843750000000005,-0.04661025519254257
0,45.3635,5.0875,-0.0464073722862539
0,45.3635,5.090625,-0.04620598791345902
0,45.3635,5.09375,-0.04600608563820407
0,45.3635,5.096875,-0.04580764926652763
0,45.3635,5.1000000000000005,-0.045610662842027694
0,45.3635,5.103125,-0.04541511064152471
0,45.3635,5.10625,-0.04522097717081774
0,45.3635,5.109375,-0.04502824716053225
0,45.3635,5.1125,-0.0448369055620567
0,45.3635,5.1156250000000005,-0.044646937543566
0,45.3635,5.11875,-0.04445832848612977
0,45.3635,5.121875,-0.04427106397990285
0,45.3635,5.125,-0.04408512982039695
0,45.3635,5.128125,-0.04390051200483068
0,45.3635,5.1312500000000005,-0.04371719672855633
0,45.3635,5.134375,-0.04353517038156197
0,45.3635,5.1375,-0.043354419545046055
0,45.3635,5.140625,-0.04317493098806402
0,45.3635,5.14375,-0.04299669166424425
0,45.3635,5.1468750000000005,-0.04281968870857215
0,45.3635,5.15,-0.04264390943424079
0,45.3635,5.153125,-0.042469341329566083
0,45.3635,5.15625,-0.042295972054965485
0,45.3635,5.159375,-0.042123789439998637
0,45.3635,5.1625000000000005,-0.04195278148046814
0,45.3635,5.165625,-0.04178293633557962
0,45.3635,5.16875,-0.04161424232515894
0,45.3635,5.171875,-0.04144668792692613
0,45.3635,5.175,-0.04128026177382404
0,45.3635,5.1781250000000005,-0.04111495265140068
0,45.3635,5.18125,-0.04095074949524425
0,45.3635,5.184375,-0.04078764138846892
0,45.3635,5.1875,-0.04062561755925121
0,45.3635,5.190625,-0.04046466737841503
0,45.3635,5.1937500000000005,-0.040304780357064474
0,45.3635,5.196875,-0.040145946144263686
0,45.3635,5.2,-0.03998815452476186
0,45.3635,5.203125,-0.03983139541676335
0,45.3635,5.20625,-0.03967565886974114
0,45.3635,5.2093750000000005,-0.039520935062293115
0,45.3635,5.2125,-0.03936721430004001
0,45.3635,5.215625,-0.03921448701356387
0,45.3635,5.21875,-0.03906274375638676
0,45.3635,5.221875,-0.03891197520298817
0,45.3635,5.2250000000000005,-0.03876217214686057
0,45.3635,5.228125,-0.038613325498602434
0,45.3635,5.23125,-0.03846542628404731
0,45.3635,5.234375,-0.03831846564242885
0,45.3635,5.2375,-0.03817243482458061
0,45.3635,5.2406250000000005,-0.038027325191169935
0,45.3635,5.24375,-0.03788312821096526
0,45.3635,5.246875,-0.03773983545913585
0,45.3635,5.25,-0.037597438615583664
0,45.3635,5.253125,-0.03745592946330642
0,45.3635,5.2562500000000005,-0.03731529988679106
0,45.3635,5.259375,-0.03717554187043747
0,45.3635,5.2625,-0.037036647497010904
0,45.3635,5.265625,-0.036898608946123596
0,45.3635,5.26875,-0.036761418492744086
0,45.3635,5.2718750000000005,-0.03662506850573398
0,45.3635,5.275,-0.036489551446411805
0,45.3635,5.278125,-0.03635485986714276
0,45.3635,5.28125,-0.03622098640995449
0,45.3635,5.284375,-0.03608792380517788
0,45.3635,5.2875000000000005,-0.03595566487011262
0,45.3635,5.290625,-0.03582420250771691
0,45.3635,5.29375,-0.03569352970532053
0,45.3635,5.296875,-0.035563639533361446
0,45.3635,5.3,-0.03543452514414478
0,45.3635,5.3031250000000005,-0.03530617977062412
0,45.3635,5.30625,-0.03517859672520461
0,45.3635,5.309375,-0.03505176939856704
0,45.3635,5.3125,-0.03492569125851312
0,45.3635,5.315625,-0.03480035584883103
0,45.3635,5.3187500000000005,-0.034675756788180905
0,45.3635,5.321875,-0.03455188776900013
0,45.3635,5.325,-0.034428742556427507
0,45.3635,5.328125,-0.03430631498724654
0,45.3635,5.33125,-0.03418459896884703
0,45.3635,5.3343750000000005,-0.03406358847820458
0,45.3635,5.3375,-0.03394327756087821
0,45.3635,5.340625,-0.033823660330024735
0,45.3635,5.34375,-0.03370473096543059
0,45.3635,5.346875,-0.03358648371256011
0,45.3635,5.3500000000000005,-0.03346891288162016
0,45.3635,5.353125,-0.03335201284664091
0,45.3635,5.35625,-0.03323577804457188
0,45.3635,5.359375,-0.0331202029743939
0,45.3635,5.3625,-0.03300528219624565
0,45.3635,5.3656250000000005,-0.0328910103305653
0,45.3635,5.36875,-0.0327773820572466
0,45.3635,5.371875,-0.03266439211480888
0,45.3635,5.375,-0.03255203529958131
0,45.3635,5.378125,-0.03244030646490065
0,45.3635,5.3812500000000005,-0.032329200520322385
0,45.3635,5.384375,-0.032218712430845155
0,45.3635,5.3875,-0.032108837216147726
0,45.3635,5.390625,-0.03199956994983888
0,45.3635,5.39375,-0.03189090575871962
0,45.3635,5.3968750000000005,-0.031782839822057374
0,45.3635,5.4,-0.031675367370872475
0,45.3635,5.403125,-0.03156848368723579
0,45.3635,5.40625,-0.03146218410357832
0,45.3635,5.409375,-0.0313564640020117
0,45.3635,5.4125000000000005,-0.03125131881365998
0,45.3635,5.415625,-0.031146744018002142
0,45.3635,5.41875,-0.031042735142225098
0,45.3635,5.421875,-0.030939287760587318
0,45.3635,5.425,-0.030836397493792626
0,45.3635,5.4281250000000005,-0.030734060008373948
0,45.3635,5.43125,-0.030632271016087106
0,45.3635,5.434375,-0.03053102627331399
0,45.3635,5.4375,-0.03043032158047548
0,45.3635,5.440625,-0.03033015278145358
0,45.3635,5.4437500000000005,-0.030230515763022648
0,45.3635,5.446875,-0.030131406454289737
0,45.3635,5.45,-0.030032820826143565
0,45.3635,5.453125,-0.029934754890712244
0,45.3635,5.45625,-0.02983720470082951
0,45.3635,5.4593750000000005,-0.029740166349509226
0,45.3635,5.4625,-0.02964363596942817
0,45.3635,5.465625,-0.029547609732416668
0,45.3635,5.46875,-0.02945208384895732
0,45.3635,5.471875,-0.02935705456769137
0,45.3635,5.4750000000000005,-0.029262518174932677
0,45.3635,5.478125,-0.0291684709941893
0,45.3635,5.48125,-0.029074909385692137
0,45.3635,5.484375,-0.02898182974593104
0,45.3635,5.4875,-0.02888922850719791
0,45.3635,5.4906250000000005,-0.0287971021371367
0,45.3635,5.49375,-0.02870544713830038
0,45.3635,5.496875,-0.028614260047714415
0,45.3635,5.5,-0.028523537436446977
0,45.3635,5.503125,-0.028433275909185648
0,45.3635,5.5062500000000005,-0.028343472103820322
0,45.3635,5.509375,-0.028254122691032654
0,45.3635,5.5125,-0.028165224373891223
0,45.3635,5.515625,-0.02807677388745315
0,45.3635,5.51875,-0.027988767998371345
0,45.3635,5.5218750000000005,-0.027901203504507765
0,45.3635,5.525,-0.027814077234552363
0,45.3635,5.528125,-0.02772738604764748
0,45.3635,5.53125,-0.027641126833018035
0,45.3635,5.534375,-0.027555296509606995
0,45.3635,5.5375000000000005,-0.02746989202571618
0,45.3635,5.540625,-0.027384910358652457
0,45.3635,5.54375,-0.027300348514378847
0,45.3635,5.546875,-0.027216203527170933
0,45.3635,5.55,-0.027132472459278186
0,45.3635,5.5531250000000005,-0.027049152400590085
0,45.3635,5.55625,-0.02696624046830728
0,45.3635,5.559375,-0.026883733806617238
0,45.3635,5.5625,-0.026801629586374685
0,45.3635,5.565625,-0.02671992500478669
0,45.3635,5.5687500000000005,-0.02663861728510205
0,45.3635,5.571875,-0.026557703676305364
0,45.3635,5.575,-0.02647718145281519
0,45.3635,5.578125,-0.026397047914186695
0,45.3635,5.58125,-0.02631730038481838
0,45.3635,5.5843750000000005,-0.026237936213663035
0,45.3635,5.5875,-0.026158952773942774
0,45.3635,5.590625,-0.026080347462867925
0,45.3635,5.59375,-0.026002117701360055
0,45.3635,5.596875,-0.025924260933778743
0,45.3635,5.6000000000000005,-0.0258467746276522
0,45.3635,5.603125,-0.02576965627341173
0,45.3635,5.60625,-0.025692903384129634
0,45.3635,5.609375,-0.025616513495261044
0,45.3635,5.6125,-0.025540484164389105
0,45.3635,5.6156250000000005,-0.02546481297097374
0,45.3635,5.61875,-0.025389497516103983
0,45.3635,5.621875,-0.025314535422253474
0,45.3635,5.625,-0.025239924333039492
0,45.3635,5.628125,-0.02516566191298522
0,45.3635,5.6312500000000005,-0.025091745847285237
0,45.3635,5.634375,-0.025018173841574246
0,45.3635,5.6375,-0.024944943621698818
0,45.3635,5.640625,-0.024872052933492376
0,45.3635,5.64375,-0.024799499542553134
0,45.3635,5.6468750000000005,-0.024727281234024998
0,45.3635,5.65,-0.024655395812381523
0,45.3635,5.653125,-0.02458384110121263
0,45.3635,5.65625,-0.02451261494301424
0,45.3635,5.659375,-0.02444171519898074
0,45.3635,5.6625000000000005,-0.024371139748800157
0,45.3635,5.665625,-0.02430088649045213
0,45.3635,5.66875,-0.02423095334000842
0,45.3635,5.671875,-0.024161338231436194
0,45.3635,5.675,-0.024092039116403858
0,45.3635,5.6781250000000005,-0.024023053964089394
0,45.3635,5.68125,-0.023954380760991333
0,45.3635,5.684375,-0.023886017510742028
0,45.3635,5.6875,-0.02381796223392353
0,45.3635,5.690625,-0.023750212967885792
0,45.3635,5.6937500000000005,-0.023682767766567185
0,45.3635,5.696875,-0.023615624700317542
0,45.3635,5.7,-0.02354878185572319
0,45.3635,5.703125,-0.023482237335434503
0,45.3635,5.70625,-0.023415989257995554
0,45.3635,5.7093750000000005,-0.02335003575767597
0,45.3635,5.7125,-0.02328437498430503
0,45.3635,5.715625,-0.0232190051031077
0,45.3635,5.71875,-0.023153924294542966
0,45.3635,5.721875,-0.023089130754144104
0,45.3635,5.7250000000000005,-0.023024622692361
0,45.3635,5.728125,-0.022960398334404566
0,45.3635,5.73125,-0.022896455920092935
0,45.3635,5.734375,-0.022832793703699776
0,45.3635,5.7375,-0.02276940995380445
0,45.3635,5.7406250000000005,-0.02270630295314402
0,45.3635,5.74375,-0.02264347099846721
0,45.3635,5.746875,-0.02258091240039009
0,45.3635,5.75,-0.022518625483253608
0,45.3635,5.753125,-0.02245660858498291
0,45.3635,5.7562500000000005,-0.02239486005694839
0,45.3635,5.759375,-0.022333378263828522
0,45.3635,5.7625,-0.022272161583474257
0,45.3635,5.765625,-0.022211208406775214
0,45.3635,5.76875,-0.022150517137527515
0,45.3635,5.7718750000000005,-0.022090086192303154
0,45.3635,5.775,-0.022029914000321123
0,45.3635,5.778125,-0.021969999003319918
0,45.3635,5.78125,-0.021910339655431793
0,45.3635,5.784375,-0.02185093442305841
0,45.3635,5.7875000000000005,-0.021791781784748086
0,45.3635,5.790625,-0.021732880231074524
0,45.3635,5.79375,-0.021674228264516922
0,45.3635,5.796875,-0.02161582439934166
0,45.3635,5.800000000000001,-0.02155766716148531
0,45.3635,5.8031250000000005,-0.021499755088439165
0,45.3635,5.80625,-0.021442086729135026
0,45.3635,5.809375,-0.02138466064383242
0,45.3635,5.8125,-0.02132747540400722
0,45.3635,5.815625000000001,-0.021270529592241467
0,45.3635,5.8187500000000005,-0.021213821802114702
0,45.3635,5.821875,-0.021157350638096328
0,45.3635,5.825,-0.021101114715439462
0,45.3635,5.828125,-0.02104511266007597
0,45.3635,5.831250000000001,-0.020989343108512706
0,45.3635,5.8343750000000005,-0.020933804707729074
0,45.3635,5.8375,-0.020878496115075654
0,45.3635,5.840625,-0.020823415998174128
0,45.3635,5.84375,-0.020768563034818357
0,45.3635,5.846875000000001,-0.020713935912876565
0,45.3635,5.8500000000000005,-0.020659533330194775
0,45.3635,5.853125,-0.020605353994501193
0,45.3635,5.85625,-0.020551396623311853
0,45.3635,5.859375,-0.020497659943837326
0,45.3635,5.862500000000001,-0.020444142692890428
0,45.3635,5.8656250000000005,-0.02039084361679517
0,45.3635,5.86875,-0.020337761471296477
0,45.3635,5.871875,-0.020284895021471246
0,45.3635,5.875,-0.020232243041640213
0,45.3635,5.878125000000001,-0.020179804315280908
0,45.3635,5.8812500000000005,-0.020127577634941666
0,45.3635,5.884375,-0.020075561802156455
0,45.3635,5.8875,-0.020023755627360827
0,45.3635,5.890625,-0.01997215792980875
0,45.3635,5.893750000000001,-0.019920767537490395
0,45.3635,5.8968750000000005,-0.019869583287050907
0,45.3635,5.9,-0.019818604023709947
0,45.3635,5.903125,-0.019767828601182313
0,45.3635,5.90625,-0.01971725588159933
0,45.3635,5.909375000000001,-0.019666884735431198
0,45.3635,5.9125000000000005,-0.01961671404141019
0,45.3635,5.915625,-0.01956674268645465
0,45.3635,5.91875,-0.01951696956559391
0,45.3635,5.921875,-0.019467393581894026
0,45.3635,5.925000000000001,-0.019418013646384322
0,45.3635,5.9281250000000005,-0.019368828677984784
0,45.3635,5.93125,-0.019319837603434167
0,45.3635,5.934375,-0.019271039357219032
0,45.3635,5.9375,-0.019222432881503427
0,45.3635,5.940625000000001,-0.01917401712605946
0,45.3635,5.9437500000000005,-0.019125791048198584
0,45.3635,5.946875,-0.019077753612703564
0,45.3635,5.95,-0.01902990379176131
0,45.3635,5.953125,-0.01898224056489639
0,45.3635,5.956250000000001,-0.01893476291890523
0,45.3635,5.9593750000000005,-0.018887469847791123
0,45.3635,5.9625,-0.018840360352699807
0,45.3635,5.965625,-0.018793433441855883
0,45.3635,5.96875,-0.01874668813049981
0,45.3635,5.971875000000001,-0.01870012344082565
0,45.3635,5.9750000000000005,-0.018653738401919473
0,45.3635,5.978125,-0.018607532049698346
0,45.3635,5.98125,-0.018561503426850107
0,45.3635,5.984375,-0.018515651582773674
0,45.3635,5.987500000000001,-0.018469975573520026
0,45.3635,5.9906250000000005,-0.018424474461733887
0,45.3635,5.99375,-0.018379147316595852
0,45.3635,5.996875,-0.018333993213765342
0,45.3635,6.0,-0.018289011235323987
