"Current","Field","Frequency","Spectra"
0,32.2049,1.0,-0.024734429217698826
0,32.2049,1.003125,-0.024801630060926675
0,32.2049,1.00625,-0.024869106798361275
0,32.2049,1.009375,-0.024936860967977512
0,32.2049,1.0125,-0.02500489411891323
0,32.2049,1.015625,-0.0250732078115743
0,32.2049,1.01875,-0.025141803617741213
0,32.2049,1.021875,-0.02521068312067685
0,32.2049,1.025,-0.025279847915235642
0,32.2049,1.028125,-0.025349299607974177
0,32.2049,1.03125,-0.025419039817263064
0,32.2049,1.034375,-0.025489070173400376
0,32.2049,1.0375,-0.025559392318726438
0,32.2049,1.040625,-0.025630007907740046
0,32.2049,1.04375,-0.025700918607216357
0,32.2049,1.046875,-0.02577212609632606
0,32.2049,1.05,-0.025843632066756328
0,32.2049,1.053125,-0.02591543822283316
0,32.2049,1.05625,-0.02598754628164539
0,32.2049,1.059375,-0.026059957973170407
0,32.2049,1.0625,-0.02613267504040135
0,32.2049,1.065625,-0.026205699239476184
0,32.2049,1.06875,-0.026279032339808342
0,32.2049,1.071875,-0.026352676124219168
0,32.2049,1.075,-0.02642663238907221
0,32.2049,1.078125,-0.02650090294440914
0,32.2049,1.08125,-0.026575489614087733
0,32.2049,1.084375,-0.026650394235921568
0,32.2049,1.0875,-0.026725618661821646
0,32.2049,1.090625,-0.026801164757940105
0,32.2049,1.09375,-0.026877034404815665
0,32.2049,1.096875,-0.026953229497521332
0,32.2049,1.1,-0.027029751945814008
0,32.2049,1.103125,-0.027106603674286217
0,32.2049,1.10625,-0.02718378662252003
0,32.2049,1.109375,-0.027261302745243046
0,32.2049,1.1125,-0.027339154012486724
0,32.2049,1.115625,-0.02741734240974687
0,32.2049,1.11875,-0.027495869938146386
0,32.2049,1.121875,-0.027574738614600556
0,32.2049,1.125,-0.027653950471984445
0,32.2049,1.128125,-0.02773350755930299
0,32.2049,1.13125,-0.02781341194186339
0,32.2049,1.134375,-0.0278936657014501
0,32.2049,1.1375,-0.02797427093650245
0,32.2049,1.140625,-0.028055229762294735
0,32.2049,1.14375,-0.028136544311119227
0,32.2049,1.146875,-0.028218216732471692
0,32.2049,1.15,-0.02830024919323981
0,32.2049,1.153125,-0.028382643877894513
0,32.2049,1.15625,-0.02846540298868401
0,32.2049,1.159375,-0.02854852874583106
0,32.2049,1.1625,-0.028632023387733036
0,32.2049,1.165625,-0.02871588917116516
0,32.2049,1.16875,-0.028800128371486985
0,32.2049,1.171875,-0.0288847432828519
0,32.2049,1.175,-0.02896973621842011
0,32.2049,1.178125,-0.029055109510574873
0,32.2049,1.18125,-0.029140865511142137
0,32.2049,1.184375,-0.02922700659161379
0,32.2049,1.1875,-0.029313535143374335
0,32.2049,1.190625,-0.02940045357793137
0,32.2049,1.19375,-0.029487764327149675
0,32.2049,1.196875,-0.029575469843489126
0,32.2049,1.2,-0.029663572600246626
0,32.2049,1.203125,-0.0297520750918018
0,32.2049,1.20625,-0.029840979833866965
0,32.2049,1.209375,-0.02993028936374115
0,32.2049,1.2125,-0.030020006240568296
0,32.2049,1.215625,-0.03011013304560002
0,32.2049,1.21875,-0.03020067238246257
0,32.2049,1.221875,-0.03029162687742851
0,32.2049,1.225,-0.030382999179692935
0,32.2049,1.228125,-0.030474791961654476
0,32.2049,1.23125,-0.030567007919201222
0,32.2049,1.234375,-0.030659649772001484
0,32.2049,1.2375,-0.030752720263799764
0,32.2049,1.240625,-0.030846222162717894
0,32.2049,1.24375,-0.03094015826156147
0,32.2049,1.246875,-0.0310345313781318
0,32.2049,1.25,-0.031129344355543383
0,32.2049,1.253125,-0.0312246000625471
0,32.2049,1.25625,-0.03132030139385934
0,32.2049,1.259375,-0.03141645127049698
0,32.2049,1.2625,-0.03151305264011866
0,32.2049,1.265625,-0.03161010847737219
0,32.2049,1.26875,-0.031707621784248526
0,32.2049,1.271875,-0.03180559559044226
0,32.2049,1.275,-0.03190403295371889
0,32.2049,1.278125,-0.03200293696028906
0,32.2049,1.28125,-0.03210231072518985
0,32.2049,1.284375,-0.03220215739267331
0,32.2049,1.2875,-0.03230248013660262
0,32.2049,1.290625,-0.0324032821608556
0,32.2049,1.29375,-0.032504566699736434
0,32.2049,1.296875,-0.032606337018395125
0,32.2049,1.3,-0.03270859641325534
0,32.2049,1.303125,-0.03281134821245072
0,32.2049,1.30625,-0.032914595776269845
0,32.2049,1.309375,-0.033018342497610084
0,32.2049,1.3125,-0.0331225918024406
0,32.2049,1.315625,-0.03322734715027474
0,32.2049,1.31875,-0.033332612034652126
0,32.2049,1.321875,-0.03343838998363041
0,32.2049,1.325,-0.03354468456028744
0,32.2049,1.328125,-0.03365149936323363
0,32.2049,1.33125,-0.0337588380271352
0,32.2049,1.334375,-0.033866704223248216
0,32.2049,1.3375,-0.03397510165996406
0,32.2049,1.340625,-0.034084034083366514
0,32.2049,1.34375,-0.034193505277800504
0,32.2049,1.346875,-0.034303519066453465
0,32.2049,1.35,-0.034414079311948925
0,32.2049,1.353125,-0.03452518991695321
0,32.2049,1.35625,-0.034636854824795456
0,32.2049,1.359375,-0.034749078020101104
0,32.2049,1.3625,-0.03486186352943961
0,32.2049,1.365625,-0.03497521542198651
0,32.2049,1.36875,-0.0350891378102004
0,32.2049,1.371875,-0.03520363485051511
0,32.2049,1.375,-0.0353187107440476
0,32.2049,1.378125,-0.03543436973732215
0,32.2049,1.38125,-0.03555061612301097
0,32.2049,1.384375,-0.03566745424069212
0,32.2049,1.3875,-0.035784888477625
0,32.2049,1.390625,-0.03590292326954378
0,32.2049,1.39375,-0.03602156310146982
0,32.2049,1.396875,-0.03614081250854307
0,32.2049,1.4,-0.03626067607687334
0,32.2049,1.403125,-0.036381158444411935
0,32.2049,1.40625,-0.03650226430184427
0,32.2049,1.409375,-0.03662399839350412
0,32.2049,1.4125,-0.03674636551831014
0,32.2049,1.415625,-0.036869370530725275
0,32.2049,1.41875,-0.0369930183417399
0,32.2049,1.421875,-0.037117313919879255
0,32.2049,1.425,-0.037242262292236
0,32.2049,1.428125,-0.03736786854552865
0,32.2049,1.43125,-0.0374941378271867
0,32.2049,1.434375,-0.03762107534646332
0,32.2049,1.4375,-0.037748686375576206
0,32.2049,1.440625,-0.03787697625087793
0,32.2049,1.44375,-0.03800595037405628
0,32.2049,1.446875,-0.03813561421336576
0,32.2049,1.45,-0.038265973304891204
0,32.2049,1.453125,-0.03839703325384446
0,32.2049,1.45625,-0.0385287997358952
0,32.2049,1.459375,-0.038661278498537094
0,32.2049,1.4625,-0.03879447536249016
0,32.2049,1.465625,-0.03892839622314087
0,32.2049,1.46875,-0.039063047052020766
0,32.2049,1.471875,-0.03919843389832529
0,32.2049,1.475,-0.03933456289047366
0,32.2049,1.478125,-0.039471440237711555
0,32.2049,1.48125,-0.039609072231757726
0,32.2049,1.484375,-0.03974746524849601
0,32.2049,1.4875,-0.039886625749714306
0,32.2049,1.490625,-0.040026560284891995
0,32.2049,1.49375,-0.040167275493037384
0,32.2049,1.496875,-0.04030877810457693
0,32.2049,1.5,-0.04045107494329767
0,32.2049,1.503125,-0.040594172928345024
0,32.2049,1.50625,-0.040738079076277425
0,32.2049,1.509375,-0.040882800503179814
0,32.2049,1.5125000000000002,-0.04102834442683816
0,32.2049,1.515625,-0.041174718168976526
0,32.2049,1.51875,-0.041321929157559265
0,32.2049,1.521875,-0.04146998492916029
0,32.2049,1.525,-0.04161889313140158
0,32.2049,1.5281250000000002,-0.04176866152546354
0,32.2049,1.53125,-0.04191929798866906
0,32.2049,1.534375,-0.04207081051714449
0,32.2049,1.5375,-0.042223207228559406
0,32.2049,1.540625,-0.04237649636494817
0,32.2049,1.5437500000000002,-0.04253068629561601
0,32.2049,1.546875,-0.042685785520132205
0,32.2049,1.55,-0.04284180267141363
0,32.2049,1.553125,-0.042998746518901385
0,32.2049,1.55625,-0.043156625971833666
0,32.2049,1.5593750000000002,-0.043315450082618306
0,32.2049,1.5625,-0.043475228050307915
0,32.2049,1.565625,-0.04363596922418135
0,32.2049,1.56875,-0.04379768310743486
0,32.2049,1.571875,-0.0439603793609865
0,32.2049,1.5750000000000002,-0.04412406780739775
0,32.2049,1.578125,-0.044288758434915775
0,32.2049,1.58125,-0.04445446140164078
0,32.2049,1.584375,-0.04462118703982194
0,32.2049,1.5875,-0.04478894586028658
0,32.2049,1.5906250000000002,-0.04495774855700658
0,32.2049,1.59375,-0.04512760601180623
0,32.2049,1.596875,-0.04529852929921664
0,32.2049,1.6,-0.04547052969148045
0,32.2049,1.603125,-0.04564361866371219
0,32.2049,1.6062500000000002,-0.04581780789921877
0,32.2049,1.609375,-0.045993109294984943
0,32.2049,1.6125,-0.046169534967329076
0,32.2049,1.615625,-0.04634709725773362
0,32.2049,1.61875,-0.04652580873885608
0,32.2049,1.6218750000000002,-0.04670568222072534
0,32.2049,1.625,-0.04688673075712838
0,32.2049,1.628125,-0.047068967652193365
0,32.2049,1.63125,-0.04725240646717348
0,32.2049,1.634375,-0.04743706102743765
0,32.2049,1.6375000000000002,-0.04762294542967309
0,32.2049,1.640625,-0.04781007404930474
0,32.2049,1.64375,-0.047998461548137514
0,32.2049,1.646875,-0.04818812288222571
0,32.2049,1.65,-0.04837907330997511
0,32.2049,1.6531250000000002,-0.04857132840048267
0,32.2049,1.65625,-0.048764904042117994
0,32.2049,1.659375,-0.048959816451351744
0,32.2049,1.6625,-0.04915608218183454
0,32.2049,1.665625,-0.049353718133730545
0,32.2049,1.6687500000000002,-0.04955274156330911
0,32.2049,1.671875,-0.04975317009279699
0,32.2049,1.675,-0.04995502172049436
0,32.2049,1.678125,-0.050158314831155314
0,32.2049,1.68125,-0.05036306820663474
0,32.2049,1.6843750000000002,-0.050569301036801184
0,32.2049,1.6875,-0.05077703293071481
0,32.2049,1.690625,-0.05098628392806901
0,32.2049,1.69375,-0.051197074510891796
0,32.2049,1.696875,-0.05140942561550267
0,32.2049,1.7000000000000002,-0.0516233586447189
0,32.2049,1.703125,-0.05183889548030245
0,32.2049,1.70625,-0.05205605849563838
0,32.2049,1.709375,-0.05227487056863152
0,32.2049,1.7125,-0.05249535509480691
0,32.2049,1.7156250000000002,-0.05271753600059625
0,32.2049,1.71875,-0.05294143775678885
0,32.2049,1.721875,-0.05316708539212358
0,32.2049,1.725,-0.053394504506992124
0,32.2049,1.728125,-0.05362372128722169
0,32.2049,1.7312500000000002,-0.053854762517899016
0,32.2049,1.734375,-0.05408765559719243
0,32.2049,1.7375,-0.054322428550123585
0,32.2049,1.740625,-0.05455911004223232
0,32.2049,1.74375,-0.054797729393072356
0,32.2049,1.7468750000000002,-0.05503831658946677
0,32.2049,1.75,-0.055280902298442854
0,32.2049,1.753125,-0.05552551787975789
0,32.2049,1.75625,-0.05577219539791416
0,32.2049,1.759375,-0.05602096763355214
0,32.2049,1.7625000000000002,-0.056271868094096456
0,32.2049,1.765625,-0.05652493102351512
0,32.2049,1.76875,-0.056780191411037906
0,32.2049,1.771875,-0.057037684998661506
0,32.2049,1.775,-0.057297448287251675
0,32.2049,1.7781250000000002,-0.057559518541031626
0,32.2049,1.78125,-0.05782393379022421
0,32.2049,1.784375,-0.0580907328315916
0,32.2049,1.7875,-0.058359955226589634
0,32.2049,1.790625,-0.05863164129682651
0,32.2049,1.7937500000000002,-0.05890583211648466
0,32.2049,1.796875,-0.05918256950133119
0,32.2049,1.8,-0.05946189599390816
0,32.2049,1.803125,-0.05974385484445409
0,32.2049,1.80625,-0.0600284899870684
0,32.2049,1.8093750000000002,-0.06031584601058654
0,32.2049,1.8125,-0.06060596812358593
0,32.2049,1.815625,-0.060898902112895135
0,32.2049,1.81875,-0.0611946942949238
0,32.2049,1.821875,-0.06149339145907785
0,32.2049,1.8250000000000002,-0.061795040802464944
0,32.2049,1.828125,-0.06209968985503495
0,32.2049,1.83125,-0.06240738639423821
0,32.2049,1.834375,-0.06271817834821833
0,32.2049,1.8375,-0.06303211368649204
0,32.2049,1.8406250000000002,-0.06334924029700101
0,32.2049,1.84375,-0.0636696058483543
0,32.2049,1.846875,-0.06399325763601671
0,32.2049,1.85,-0.0643202424111333
0,32.2049,1.853125,-0.06465060619062477
0,32.2049,1.8562500000000002,-0.06498439404713471
0,32.2049,1.859375,-0.06532164987736545
0,32.2049,1.8625,-0.06566241614730768
0,32.2049,1.865625,-0.06600673361284737
0,32.2049,1.86875,-0.06635464101423288
0,32.2049,1.8718750000000002,-0.06670617474290379
0,32.2049,1.875,-0.06706136847922639
0,32.2049,1.878125,-0.0674202527997589
0,32.2049,1.88125,-0.06778285475277762
0,32.2049,1.884375,-0.06814919740095284
0,32.2049,1.8875000000000002,-0.06851929933026482
0,32.2049,1.890625,-0.06889317412451056
0,32.2049,1.89375,-0.06927082980507783
0,32.2049,1.896875,-0.06965226823605716
0,32.2049,1.9,-0.07003748449524184
0,32.2049,1.9031250000000002,-0.07042646621212988
0,32.2049,1.90625,-0.07081919287470473
0,32.2049,1.909375,-0.07121563510753695
0,32.2049,1.9125,-0.0716157539246225
0,32.2049,1.915625,-0.07201949996136335
0,32.2049,1.9187500000000002,-0.07242681269119926
0,32.2049,1.921875,-0.07283761963361722
0,32.2049,1.925,-0.07325183556159649
0,32.2049,1.928125,-0.07366936171797189
0,32.2049,1.93125,-0.07409008505171605
0,32.2049,1.9343750000000002,-0.07451387748671674
0,32.2049,1.9375,-0.07494059523723864
0,32.2049,1.940625,-0.0753700781858692
0,32.2049,1.94375,-0.07580214934130695
0,32.2049,1.946875,-0.07623661439480921
0,32.2049,1.9500000000000002,-0.07667326139539932
0,32.2049,1.953125,-0.07711186056497675
0,32.2049,1.95625,-0.07755216427518932
0,32.2049,1.959375,-0.07799390720822617
0,32.2049,1.9625,-0.07843680672348721
0,32.2049,1.9656250000000002,-0.07888056345127803
0,32.2049,1.96875,-0.07932486213318886
0,32.2049,1.971875,-0.07976937272655976
0,32.2049,1.975,-0.08021375178734415
0,32.2049,1.978125,-0.08065764414172696
0,32.2049,1.9812500000000002,-0.08110068485200961
0,32.2049,1.984375,-0.08154250147656762
0,32.2049,1.9875,-0.08198271661718651
0,32.2049,1.990625,-0.08242095073988556
0,32.2049,1.99375,-0.08285682524762092
0,32.2049,1.9968750000000002,-0.08328996577521375
0,32.2049,2.0,-0.08372000566873794
0,32.2049,2.003125,-0.08414658960371708
0,32.2049,2.00625,-0.08456937728914377
0,32.2049,2.0093750000000004,-0.0849880471978895
0,32.2049,2.0125,-0.08540230025885828
0,32.2049,2.015625,-0.08581186344256897
0,32.2049,2.01875,-0.08621649317001405
0,32.2049,2.021875,-0.08661597847485242
0,32.2049,2.0250000000000004,-0.08701014385139046
0,32.2049,2.028125,-0.08739885172543801
0,32.2049,2.03125,-0.08778200449193518
0,32.2049,2.034375,-0.08815954607206719
0,32.2049,2.0375,-0.08853146295315528
0,32.2049,2.0406250000000004,-0.08889778468656072
0,32.2049,2.04375,-0.08925858383174237
0,32.2049,2.046875,-0.08961397534796353
0,32.2049,2.05,-0.089964115448445
0,32.2049,2.053125,-0.09030919994449187
0,32.2049,2.0562500000000004,-0.09064946211880107
0,32.2049,2.059375,-0.09098517017736574
0,32.2049,2.0625,-0.0913166243377869
0,32.2049,2.065625,-0.0916441536181383
0,32.2049,2.06875,-0.09196811239466787
0,32.2049,2.0718750000000004,-0.09228887679852173
0,32.2049,2.075,-0.09260684102141736
0,32.2049,2.078125,-0.09292241359792579
0,32.2049,2.08125,-0.09323601372798626
0,32.2049,2.084375,-0.09354806769775996
0,32.2049,2.0875000000000004,-0.09385900545025572
0,32.2049,2.090625,-0.09416925734967488
0,32.2049,2.09375,-0.09447925117545966
0,32.2049,2.096875,-0.09478940937390848
0,32.2049,2.1,-0.09510014658723069
0,32.2049,2.1031250000000004,-0.09541186747229176
0,32.2049,2.10625,-0.09572496481425118
0,32.2049,2.109375,-0.09603981793396074
0,32.2049,2.1125,-0.09635679138247369
0,32.2049,2.115625,-0.0966762339113703
0,32.2049,2.1187500000000004,-0.09699847770384093
0,32.2049,2.121875,-0.09732383784857153
0,32.2049,2.125,-0.09765261203639562
0,32.2049,2.128125,-0.09798508045834452
0,32.2049,2.13125,-0.09832150588306669
0,32.2049,2.1343750000000004,-0.09866213389150133
0,32.2049,2.1375,-0.0990071932470938
0,32.2049,2.140625,-0.09935689638063654
0,32.2049,2.14375,-0.0997114399699216
0,32.2049,2.146875,-0.10007100559572323
0,32.2049,2.1500000000000004,-0.10043576045711165
0,32.2049,2.153125,-0.1008058581306776
0,32.2049,2.15625,-0.10118143935986072
0,32.2049,2.159375,-0.10156263286218283
0,32.2049,2.1625,-0.10194955614375505
0,32.2049,2.1656250000000004,-0.1023423163119233
0,32.2049,2.16875,-0.10274101087832639
0,32.2049,2.171875,-0.10314572854594455
0,32.2049,2.175,-0.1035565499749109
0,32.2049,2.178125,-0.10397354852293701
0,32.2049,2.1812500000000004,-0.10439679095716561
0,32.2049,2.184375,-0.10482633813511524
0,32.2049,2.1875,-0.10526224565312108
0,32.2049,2.190625,-0.10570456446131783
0,32.2049,2.19375,-0.10615334144475397
0,32.2049,2.1968750000000004,-0.10660861997068465
0,32.2049,2.2,-0.1070704404024706
0,32.2049,2.203125,-0.10753884058081652
0,32.2049,2.20625,-0.1080138562733287
0,32.2049,2.209375,-0.1084955215935623
0,32.2049,2.2125000000000004,-0.10898386939086928
0,32.2049,2.215625,-0.10947893161245835
0,32.2049,2.21875,-0.10998073963914363
0,32.2049,2.221875,-0.11048932459629117
0,32.2049,2.225,-0.1110047176414828
0,32.2049,2.2281250000000004,-0.1115269502304034
0,32.2049,2.23125,-0.11205605436242799
0,32.2049,2.234375,-0.11259206280734092
0,32.2049,2.2375,-0.11313500931456293
0,32.2049,2.240625,-0.11368492880619774
0,32.2049,2.2437500000000004,-0.11424185755513745
0,32.2049,2.246875,-0.11480583334938779
0,32.2049,2.25,-0.11537689564369152
0,32.2049,2.253125,-0.11595508569944266
0,32.2049,2.25625,-0.1165404467137958
0,32.2049,2.2593750000000004,-0.11713302393878135
0,32.2049,2.2625,-0.1177328647911484
0,32.2049,2.265625,-0.11834001895355617
0,32.2049,2.26875,-0.11895453846764129
0,32.2049,2.271875,-0.11957647781938634
0,32.2049,2.2750000000000004,-0.12020589401711254
0,32.2049,2.278125,-0.12084284666231339
0,32.2049,2.28125,-0.12148739801343553
0,32.2049,2.284375,-0.12213961304259723
0,32.2049,2.2875,-0.12279955948511621
0,32.2049,2.2906250000000004,-0.12346730788158933
0,32.2049,2.29375,-0.12414293161213287
0,32.2049,2.296875,-0.12482650692224856
0,32.2049,2.3,-0.12551811293962564
0,32.2049,2.303125,-0.12621783168102688
0,32.2049,2.3062500000000004,-0.12692574804822665
0,32.2049,2.309375,-0.12764194981178123
0,32.2049,2.3125,-0.12836652758120254
0,32.2049,2.315625,-0.12909957475988496
0,32.2049,2.31875,-0.12984118748289628
0,32.2049,2.3218750000000004,-0.13059146453548304
0,32.2049,2.325,-0.13135050724986314
0,32.2049,2.328125,-0.13211841937758087
0,32.2049,2.33125,-0.132895306934378
0,32.2049,2.334375,-0.13368127801419977
0,32.2049,2.3375000000000004,-0.13447644256859245
0,32.2049,2.340625,-0.13528091214737809
0,32.2049,2.34375,-0.1360947995960992
0,32.2049,2.346875,-0.13691821870532878
0,32.2049,2.35,-0.13775128380653737
0,32.2049,2.3531250000000004,-0.13859410930880944
0,32.2049,2.35625,-0.13944680917031685
0,32.2049,2.359375,-0.14030949629809897
0,32.2049,2.3625,-0.14118228186938725
0,32.2049,2.365625,-0.1420652745674637
0,32.2049,2.3687500000000004,-0.1429585797248854
0,32.2049,2.371875,-0.14386229836687014
0,32.2049,2.375,-0.14477652614775832
0,32.2049,2.378125,-0.14570135217378016
0,32.2049,2.38125,-0.14663685770592771
0,32.2049,2.3843750000000004,-0.14758311473759098
0,32.2049,2.3875,-0.14854018444285325
0,32.2049,2.390625,-0.1495081154929974
0,32.2049,2.39375,-0.1504869422409407
0,32.2049,2.396875,-0.15147668277606077
0,32.2049,2.4000000000000004,-0.15247733685526924
0,32.2049,2.403125,-0.15348888372031583
0,32.2049,2.40625,-0.15451127981621438
0,32.2049,2.409375,-0.15554445643142628
0,32.2049,2.4125,-0.15658831728704217
0,32.2049,2.4156250000000004,-0.15764273610964516
0,32.2049,2.41875,-0.158707554230774
0,32.2049,2.421875,-0.15978257826480483
0,32.2049,2.425,-0.16086757792645118
0,32.2049,2.428125,-0.1619622840586689
0,32.2049,2.4312500000000004,-0.16306638695116915
0,32.2049,2.434375,-0.16417953503851532
0,32.2049,2.4375,-0.16530133407431452
0,32.2049,2.440625,-0.1664313468836295
0,32.2049,2.44375,-0.1675690937986453
0,32.2049,2.4468750000000004,-0.16871405388199218
0,32.2049,2.45,-0.16986566703710093
0,32.2049,2.453125,-0.1710233370947351
0,32.2049,2.45625,-0.17218643594872254
0,32.2049,2.459375,-0.17335430879142544
0,32.2049,2.4625000000000004,-0.1745262804704607
0,32.2049,2.465625,-0.17570166295286063
0,32.2049,2.46875,-0.1768797638419531
0,32.2049,2.471875,-0.17805989584702256
0,32.2049,2.475,-0.1792413870581127
0,32.2049,2.4781250000000004,-0.1804235918305153
0,32.2049,2.48125,-0.18160590203836915
0,32.2049,2.484375,-0.18278775841743833
0,32.2049,2.4875,-0.18396866168669537
0,32.2049,2.490625,-0.1851481831197234
0,32.2049,2.4937500000000004,-0.18632597423258374
0,32.2049,2.496875,-0.18750177526631154
0,32.2049,2.5,-0.18867542217019803
0,32.2049,2.503125,-0.18984685183593014
0,32.2049,2.50625,-0.1910161053906891
0,32.2049,2.5093750000000004,-0.1921833294265024
0,32.2049,2.5125,-0.1933487751196335
0,32.2049,2.515625,-0.19451279527304596
0,32.2049,2.51875,-0.19567583939224817
0,32.2049,2.521875,-0.19683844697553354
0,32.2049,2.5250000000000004,-0.1980012392597459
0,32.2049,2.528125,-0.1991649097091251
0,32.2049,2.53125,-0.20033021356550906
0,32.2049,2.534375,-0.20149795679241383
0,32.2049,2.5375,-0.20266898474370845
0,32.2049,2.5406250000000004,-0.20384417087120868
0,32.2049,2.54375,-0.20502440575685021
0,32.2049,2.546875,-0.2062105867170145
0,32.2049,2.55,-0.20740360818220135
0,32.2049,2.553125,-0.20860435300767186
0,32.2049,2.5562500000000004,-0.2098136848227861
0,32.2049,2.559375,-0.21103244148098563
0,32.2049,2.5625,-0.21226142963063863
0,32.2049,2.565625,-0.213501420390647
0,32.2049,2.56875,-0.2147531460846136
0,32.2049,2.5718750000000004,-0.21601729796378882
0,32.2049,2.575,-0.21729452483186634
0,32.2049,2.578125,-0.21858543247352252
0,32.2049,2.58125,-0.2198905837827552
0,32.2049,2.584375,-0.2212104994857746
0,32.2049,2.5875000000000004,-0.22254565935557039
0,32.2049,2.590625,-0.22389650382050416
0,32.2049,2.59375,-0.2252634358765371
0,32.2049,2.596875,-0.2266468232213136
0,32.2049,2.6,-0.22804700053766805
0,32.2049,2.6031250000000004,-0.22946427186370463
0,32.2049,2.60625,-0.23089891299604023
0,32.2049,2.609375,-0.23235117388179305
0,32.2049,2.6125,-0.23382128096325341
0,32.2049,2.615625,-0.23530943944675817
0,32.2049,2.6187500000000004,-0.23681583547402923
0,32.2049,2.621875,-0.23834063818012846
0,32.2049,2.625,-0.23988400162722473
0,32.2049,2.628125,-0.2414460666076169
0,32.2049,2.63125,-0.2430269623129756
0,32.2049,2.6343750000000004,-0.24462680786960755
0,32.2049,2.6375,-0.24624571374180668
0,32.2049,2.640625,-0.24788378300709346
0,32.2049,2.64375,-0.2495411125084411
0,32.2049,2.646875,-0.2512177938895139
0,32.2049,2.6500000000000004,-0.2529139145195493
0,32.2049,2.653125,-0.25462955831487954
0,32.2049,2.65625,-0.25636480646422966
0,32.2049,2.659375,-0.2581197380649252
0,32.2049,2.6625,-0.25989443067700146
0,32.2049,2.6656250000000004,-0.26168896080197485
0,32.2049,2.66875,-0.2635034042927392
0,32.2049,2.671875,-0.26533783670069955
0,32.2049,2.675,-0.26719233356587874
0,32.2049,2.678125,-0.26906697065534496
0,32.2049,2.6812500000000004,-0.2709618241549025
0,32.2049,2.684375,-0.27287697081860385
0,32.2049,2.6875,-0.2748124880802493
0,32.2049,2.690625,-0.2767684541306738
0,32.2049,2.69375,-0.27874494796427285
0,32.2049,2.6968750000000004,-0.28074204939788017
0,32.2049,2.7,-0.2827598390648095
0,32.2049,2.703125,-0.28479839838657495
0,32.2049,2.70625,-0.2868578095245417
0,32.2049,2.709375,-0.28893815531351497
0,32.2049,2.7125000000000004,-0.29103951917904397
0,32.2049,2.715625,-0.2931619850400207
0,32.2049,2.71875,-0.2953056371979586
0,32.2049,2.721875,-0.29747056021416796
0,32.2049,2.725,-0.29965683877589727
0,32.2049,2.7281250000000004,-0.3018645575523633
0,32.2049,2.73125,-0.30409380104147565
0,32.2049,2.734375,-0.3063446534079455
0,32.2049,2.7375,-0.30861719831336737
0,32.2049,2.740625,-0.31091151873877915
0,32.2049,2.7437500000000004,-0.31322769680011936
0,32.2049,2.746875,-0.31556581355693636
0,32.2049,2.75,-0.317925948814637
0,32.2049,2.753125,-0.32030818092050595
0,32.2049,2.75625,-0.32271258655368523
0,32.2049,2.7593750000000004,-0.3251392405092498
0,32.2049,2.7625,-0.32758821547649
0,32.2049,2.765625,-0.3300595818114675
0,32.2049,2.76875,-0.33255340730388944
0,32.2049,2.771875,-0.33506975693831964
0,32.2049,2.7750000000000004,-0.3376086926497252
0,32.2049,2.778125,-0.34017027307333925
0,32.2049,2.78125,-0.3427545532888064
0,32.2049,2.784375,-0.34536158455856236
0,32.2049,2.7875,-0.34799141406039635
0,32.2049,2.7906250000000004,-0.3506440846141294
0,32.2049,2.79375,-0.353319634402347
0,32.2049,2.796875,-0.3560180966851102
0,32.2049,2.8,-0.3587394995085758
0,32.2049,2.803125,-0.3614838654074535
0,32.2049,2.8062500000000004,-0.36425121110122854
0,32.2049,2.809375,-0.3670415471840891
0,32.2049,2.8125,-0.3698548778084904
0,32.2049,2.815625,-0.3726912003623035
0,32.2049,2.81875,-0.37555050513950167
0,32.2049,2.8218750000000004,-0.3784327750043419
0,32.2049,2.825,-0.3813379850490176
0,32.2049,2.828125,-0.3842661022447626
0,32.2049,2.83125,-0.38721708508639835
0,32.2049,2.834375,-0.3901908832303382
0,32.2049,2.8375000000000004,-0.393187437126067
0,32.2049,2.840625,-0.3962066776411422
0,32.2049,2.84375,-0.3992485256797671
0,32.2049,2.846875,-0.402312891795015
0,32.2049,2.85,-0.40539967579479935
0,32.2049,2.8531250000000004,-0.4085087663417044
0,32.2049,2.85625,-0.4116400405468196
0,32.2049,2.859375,-0.4147933635577356
0,32.2049,2.8625,-0.4179685881408903
0,32.2049,2.865625,-0.42116555425847807
0,32.2049,2.8687500000000004,-0.42438408864016286
0,32.2049,2.871875,-0.4276240043498658
0,32.2049,2.875,-0.4308851003479256
0,32.2049,2.878125,-0.4341671610489601
0,32.2049,2.88125,-0.4374699558757976
0,32.2049,2.8843750000000004,-0.4407932388098692
0,32.2049,2.8875,-0.4441367479384999
0,32.2049,2.890625,-0.4475002049995679
0,32.2049,2.89375,-0.4508833149240316
0,32.2049,2.896875,-0.45428576537688115
0,32.2049,2.9000000000000004,-0.4577072262970911
0,32.2049,2.903125,-0.461147349437211
0,32.2049,2.90625,-0.4646057679032592
0,32.2049,2.909375,-0.46808209569563347
0,32.2049,2.9125,-0.4715759272518015
0,32.2049,2.9156250000000004,-0.4750868369915719
0,32.2049,2.91875,-0.47861437886579994
0,32.2049,2.921875,-0.4821580859094271
0,32.2049,2.925,-0.48571746979979397
0,32.2049,2.928125,-0.4892920204212311
0,32.2049,2.9312500000000004,-0.49288120543696196
0,32.2049,2.934375,-0.49648446986941847
0,32.2049,2.9375,-0.5001012356901068
0,32.2049,2.940625,-0.5037309014202128
0,32.2049,2.94375,-0.5073728417431917
0,32.2049,2.9468750000000004,-0.511026407130623
0,32.2049,2.95,-0.5146909234826745
0,32.2049,2.953125,-0.518365691784553
0,32.2049,2.95625,-0.5220499877803679
0,32.2049,2.959375,-0.5257430616658834
0,32.2049,2.9625000000000004,-0.5294441378016715
0,32.2049,2.965625,-0.5331524144482228
0,32.2049,2.96875,-0.5368670635246073
0,32.2049,2.971875,-0.5405872303923102
0,32.2049,2.975,-0.544312033665909
0,32.2049,2.9781250000000004,-0.5480405650522769
0,32.2049,2.98125,-0.5517718892200346
0,32.2049,2.984375,-0.5555050437009811
0,32.2049,2.9875,-0.559239038825261
0,32.2049,2.990625,-0.5629728576920355
0,32.2049,2.9937500000000004,-0.5667054561774265
0,32.2049,2.996875,-0.5704357629815165
0,32.2049,3.0,-0.5741626797161696
0,32.2049,3.0031250000000003,-0.577885081035433
0,32.2049,3.00625,-0.5816018148102614
0,32.2049,3.009375,-0.5853117023492913
0,32.2049,3.0125,-0.5890135386673344
0,32.2049,3.015625,-0.5927060928032467
0,32.2049,3.0187500000000003,-0.5963881081887714
0,32.2049,3.021875,-0.6000583030698823
0,32.2049,3.025,-0.6037153709821215
0,32.2049,3.028125,-0.6073579812813118
0,32.2049,3.03125,-0.6109847797309675
0,32.2049,3.0343750000000003,-0.6145943891476284
0,32.2049,3.0375,-0.6181854101052208
0,32.2049,3.040625,-0.6217564216994635
0,32.2049,3.04375,-0.6253059823731868
0,32.2049,3.046875,-0.6288326308033121
0,32.2049,3.0500000000000003,-0.6323348868501035
0,32.2049,3.053125,-0.6358112525691205
0,32.2049,3.05625,-0.6392602132861764
0,32.2049,3.059375,-0.6426802387353967
0,32.2049,3.0625,-0.6460697842603131
0,32.2049,3.0656250000000003,-0.6494272920777332
0,32.2049,3.06875,-0.6527511926039109
0,32.2049,3.071875,-0.6560399058423594
0,32.2049,3.075,-0.6592918428324074
0,32.2049,3.078125,-0.6625054071573938
0,32.2049,3.0812500000000003,-0.6656789965111665
0,32.2049,3.084375,-0.6688110043212989
0,32.2049,3.0875,-0.6718998214272326
0,32.2049,3.090625,-0.6749438378112735
0,32.2049,3.09375,-0.6779414443801584
0,32.2049,3.0968750000000003,-0.6808910347946473
0,32.2049,3.1,-0.6837910073443483
0,32.2049,3.103125,-0.6866397668647509
0,32.2049,3.10625,-0.6894357266931911
0,32.2049,3.109375,-0.6921773106602336
0,32.2049,3.1125000000000003,-0.6948629551127393
0,32.2049,3.115625,-0.6974911109646317
0,32.2049,3.11875,-0.7000602457711917
0,32.2049,3.121875,-0.7025688458224731
0,32.2049,3.125,-0.7050154182512505
0,32.2049,3.1281250000000003,-0.7073984931507257
0,32.2049,3.13125,-0.7097166256970356
0,32.2049,3.134375,-0.7119683982714702
0,32.2049,3.1375,-0.7141524225771443
0,32.2049,3.140625,-0.7162673417447711
0,32.2049,3.1437500000000003,-0.718311832422072
0,32.2049,3.146875,-0.7202846068412688
0,32.2049,3.15,-0.7221844148590661
0,32.2049,3.153125,-0.7240100459634728
0,32.2049,3.15625,-0.7257603312418103
0,32.2049,3.1593750000000003,-0.7274341453042654
0,32.2049,3.1625,-0.7290304081573731
0,32.2049,3.165625,-0.7305480870218836
0,32.2049,3.16875,-0.7319861980895453
0,32.2049,3.171875,-0.733343808213453
0,32.2049,3.1750000000000003,-0.734620036526742
0,32.2049,3.178125,-0.7358140559845737
0,32.2049,3.18125,-0.7369250948245397
0,32.2049,3.184375,-0.7379524379408303
0,32.2049,3.1875,-0.7388954281677341
0,32.2049,3.1906250000000003,-0.7397534674683097
0,32.2049,3.19375,-0.7405260180243306
0,32.2049,3.196875,-0.7412126032239148
0,32.2049,3.2,-0.7418128085435658
0,32.2049,3.203125,-0.7423262823216799
0,32.2049,3.2062500000000003,-0.7427527364209373
0,32.2049,3.209375,-0.7430919467773455
0,32.2049,3.2125,-0.7433437538340912
0,32.2049,3.215625,-0.7435080628587365
0,32.2049,3.21875,-0.7435848441426915
0,32.2049,3.2218750000000003,-0.7435741330822996
0,32.2049,3.225,-0.7434760301412686
0,32.2049,3.228125,-0.7432907006945936
0,32.2049,3.23125,-0.7430183747545164
0,32.2049,3.234375,-0.7426593465794715
0,32.2049,3.2375000000000003,-0.7422139741673671
0,32.2049,3.240625,-0.7416826786349304
0,32.2049,3.24375,-0.7410659434852374
0,32.2049,3.246875,-0.7403643137659072
0,32.2049,3.25,-0.7395783951208
0,32.2049,3.2531250000000003,-0.7387088527383968
0,32.2049,3.25625,-0.7377564102003616
0,32.2049,3.259375,-0.7367218482340896
0,32.2049,3.2625,-0.7356060033733357
0,32.2049,3.265625,-0.7344097665312704
0,32.2049,3.2687500000000003,-0.733134081490563
0,32.2049,3.271875,-0.7317799433152997
0,32.2049,3.275,-0.7303483966897453
0,32.2049,3.278125,-0.728840534189121
0,32.2049,3.28125,-0.7272574944877205
0,32.2049,3.2843750000000003,-0.7256004605097962
0,32.2049,3.2875,-0.7238706575287545
0,32.2049,3.290625,-0.7220693512202481
0,32.2049,3.29375,-0.7201978456748175
0,32.2049,3.296875,-0.7182574813757322
0,32.2049,3.3000000000000003,-0.7162496331476881
0,32.2049,3.303125,-0.714175708081984
0,32.2049,3.30625,-0.7120371434437464
0,32.2049,3.309375,-0.7098354045666969
0,32.2049,3.3125,-0.7075719827408693
0,32.2049,3.3156250000000003,-0.7052483930985507
0,32.2049,3.31875,-0.702866172503614
0,32.2049,3.321875,-0.7004268774492285
0,32.2049,3.325,-0.6979320819687981
0,32.2049,3.328125,-0.6953833755647749
0,32.2049,3.3312500000000003,-0.6927823611598123
0,32.2049,3.334375,-0.690130653074517
0,32.2049,3.3375,-0.6874298750358389
0,32.2049,3.340625,-0.6846816582199201
0,32.2049,3.34375,-0.6818876393329939
0,32.2049,3.3468750000000003,-0.6790494587336768
0,32.2049,3.35,-0.6761687585997791
0,32.2049,3.353125,-0.6732471811424864
0,32.2049,3.35625,-0.6702863668705498
0,32.2049,3.359375,-0.667287952906855
0,32.2049,3.3625000000000003,-0.6642535713595007
0,32.2049,3.365625,-0.6611848477492899
0,32.2049,3.36875,-0.6580833994952705
0,32.2049,3.371875,-0.6549508344597534
0,32.2049,3.375,-0.651788749553993
0,32.2049,3.3781250000000003,-0.6485987294054836
0,32.2049,3.38125,-0.6453823450876299
0,32.2049,3.384375,-0.6421411529123136
0,32.2049,3.3875,-0.6388766932856944
0,32.2049,3.390625,-0.6355904896273844
0,32.2049,3.3937500000000003,-0.632284047352939
0,32.2049,3.396875,-0.6289588529194541
0,32.2049,3.4000000000000004,-0.6256163729338664
0,32.2049,3.403125,-0.6222580533234215
0,32.2049,3.40625,-0.6188853185676073
0,32.2049,3.4093750000000003,-0.6154995709907296
0,32.2049,3.4125,-0.6121021901141713
0,32.2049,3.4156250000000004,-0.6086945320672568
0,32.2049,3.41875,-0.6052779290555529
0,32.2049,3.421875,-0.6018536888853185
0,32.2049,3.4250000000000003,-0.5984230945427469
0,32.2049,3.428125,-0.5949874038265589
0,32.2049,3.4312500000000004,-0.5915478490324311
0,32.2049,3.434375,-0.5881056366877035
0,32.2049,3.4375,-0.5846619473347311
0,32.2049,3.4406250000000003,-0.5812179353612323
0,32.2049,3.44375,-0.577774728875933
0,32.2049,3.4468750000000004,-0.5743334296277754
0,32.2049,3.45,-0.5708951129669712
0,32.2049,3.453125,-0.5674608278461173
0,32.2049,3.4562500000000003,-0.564031596859639
0,32.2049,3.459375,-0.5606084163197866
0,32.2049,3.4625000000000004,-0.5571922563674306
0,32.2049,3.465625,-0.5537840611159244
0,32.2049,3.46875,-0.5503847488262918
0,32.2049,3.4718750000000003,-0.5469952121120482
0,32.2049,3.475,-0.5436163181719637
0,32.2049,3.4781250000000004,-0.5402489090491182
0,32.2049,3.48125,-0.536893801914634
0,32.2049,3.484375,-0.5335517893744874
0,32.2049,3.4875000000000003,-0.5302236397978667
0,32.2049,3.490625,-0.5269100976655594
0,32.2049,3.4937500000000004,-0.5236118839369043
0,32.2049,3.496875,-0.5203296964338955
0,32.2049,3.5,-0.5170642102410529
0,32.2049,3.5031250000000003,-0.5138160781197393
0,32.2049,3.50625,-0.5105859309356431
0,32.2049,3.5093750000000004,-0.5073743780981909
0,32.2049,3.5125,-0.5041820080107161
0,32.2049,3.515625,-0.5010093885302438
0,32.2049,3.5187500000000003,-0.49785706743581737
0,32.2049,3.521875,-0.49472557290433206
0,32.2049,3.5250000000000004,-0.49161541399288883
0,32.2049,3.528125,-0.488527081126747
0,32.2049,3.53125,-0.48546104659197803
0,32.2049,3.5343750000000003,-0.4824177650319974
0,32.2049,3.5375,-0.4793976739471808
0,32.2049,3.5406250000000004,-0.4764011941968218
0,32.2049,3.54375,-0.47342873050274487
0,32.2049,3.546875,-0.47048067195391335
0,32.2049,3.5500000000000003,-0.467557392511436
0,32.2049,3.553125,-0.464659251513407
0,32.2049,3.5562500000000004,-0.46178659417905266
0,32.2049,3.559375,-0.45893975211171795
0,32.2049,3.5625,-0.45611904380023893
0,32.2049,3.5656250000000003,-0.45332477511830893
0,32.2049,3.56875,-0.45055723982147194
0,32.2049,3.5718750000000004,-0.4478167200414088
0,32.2049,3.575,-0.4451034867772326
0,32.2049,3.578125,-0.4424178003835219
0,32.2049,3.5812500000000003,-0.43975991105487294
0,32.2049,3.584375,-0.4371300593067695
0,32.2049,3.5875000000000004,-0.4345284764525994
0,32.2049,3.590625,-0.43195538507669057
0,32.2049,3.59375,-0.4294109995032418
0,32.2049,3.5968750000000003,-0.42689552626107496
0,32.2049,3.6,-0.4244091645441452
0,32.2049,3.6031250000000004,-0.4219521066677705
0,32.2049,3.60625,-0.41952453852057947
0,32.2049,3.609375,-0.41712664001217475
0,32.2049,3.6125000000000003,-0.41475858551655526
0,32.2049,3.615625,-0.4124205443113456
0,32.2049,3.6187500000000004,-0.41011268101289916
0,32.2049,3.621875,-0.4078351560073765
0,32.2049,3.625,-0.40558812587789594
0,32.2049,3.6281250000000003,-0.40337174382788843
0,32.2049,3.63125,-0.40118616010079805
0,32.2049,3.6343750000000004,-0.3990315223962789
0,32.2049,3.6375,-0.3969079762830704
0,32.2049,3.640625,-0.39481566560872666
0,32.2049,3.6437500000000003,-0.3927547329064082
0,32.2049,3.646875,-0.3907253197989461
0,32.2049,3.6500000000000004,-0.3887275674004005
0,32.2049,3.653125,-0.38676161671536036
0,32.2049,3.65625,-0.38482760903622315
0,32.2049,3.6593750000000003,-0.3829256863387246
0,32.2049,3.6625,-0.38105599167598586
0,32.2049,3.6656250000000004,-0.37921866957135836
0,32.2049,3.66875,-0.3774138664103656
0,32.2049,3.671875,-0.37564173083203584
0,32.2049,3.6750000000000003,-0.3739024141199449
0,32.2049,3.678125,-0.3721960705932871
0,32.2049,3.6812500000000004,-0.3705228579983033
0,32.2049,3.684375,-0.3688829379004109
0,32.2049,3.6875,-0.3672764760773771
0,32.2049,3.6906250000000003,-0.3657036429138982
0,32.2049,3.69375,-0.36416461379794807
0,32.2049,3.6968750000000004,-0.3626595695192659
0,32.2049,3.7,-0.36118869667037173
0,32.2049,3.703125,-0.35975218805049164
0,32.2049,3.7062500000000003,-0.35835024307279617
0,32.2049,3.709375,-0.35698306817535325
0,32.2049,3.7125000000000004,-0.35565087723620753
0,32.2049,3.715625,-0.35435389199301115
0,32.2049,3.71875,-0.35309234246762433
0,32.2049,3.7218750000000003,-0.35186646739612804
0,32.2049,3.725,-0.3506765146646845
0,32.2049,3.7281250000000004,-0.3495227417516922
0,32.2049,3.73125,-0.34840541617669246
0,32.2049,3.734375,-0.3473248159564818
0,32.2049,3.7375000000000003,-0.3462812300688977
0,32.2049,3.740625,-0.3452749589247464
0,32.2049,3.7437500000000004,-0.3443063148483443
0,32.2049,3.746875,-0.34337562256715404
0,32.2049,3.75,-0.3424832197109917
0,32.2049,3.7531250000000003,-0.34162945732129113
0,32.2049,3.75625,-0.34081470037090805
0,32.2049,3.7593750000000004,-0.3400393282949468
0,32.2049,3.7625,-0.33930373553309634
0,32.2049,3.765625,-0.33860833208395236
0,32.2049,3.7687500000000003,-0.33795354407180545
0,32.2049,3.771875,-0.3373398143263647
0,32.2049,3.7750000000000004,-0.3367676029758795
0,32.2049,3.778125,-0.33623738805411524
0,32.2049,3.78125,-0.33574966612161916
0,32.2049,3.7843750000000003,-0.3353049529017049
0,32.2049,3.7875,-0.33490378393155923
0,32.2049,3.7906250000000004,-0.3345467152288549
0,32.2049,3.79375,-0.3342343239742266
0,32.2049,3.796875,-0.3339672092099341
0,32.2049,3.8000000000000003,-0.33374599255500287
0,32.2049,3.803125,-0.333571318937088
0,32.2049,3.8062500000000004,-0.3334438573412601
0,32.2049,3.809375,-0.33336430157585567
0,32.2049,3.8125,-0.3333333710554704
0,32.2049,3.8156250000000003,-0.33335181160110416
0,32.2049,3.81875,-0.33342039625738024
0,32.2049,3.8218750000000004,-0.33353992612667277
0,32.2049,3.825,-0.3337112312198686
0,32.2049,3.828125,-0.33393517132337414
0,32.2049,3.8312500000000003,-0.3342126368818421
0,32.2049,3.834375,-0.3345445498959501
0,32.2049,3.8375000000000004,-0.3349318648343876
0,32.2049,3.840625,-0.33537556955903197
0,32.2049,3.84375,-0.33587668626207784
0,32.2049,3.8468750000000003,-0.3364362724136568
0,32.2049,3.85,-0.33705542171822583
0,32.2049,3.8531250000000004,-0.3377352650777157
0,32.2049,3.85625,-0.3384769715591099
0,32.2049,3.859375,-0.3392817493637779
0,32.2049,3.8625000000000003,-0.34015084679548535
0,32.2049,3.865625,-0.3410855532235789
0,32.2049,3.8687500000000004,-0.34208720003736115
0,32.2049,3.871875,-0.343157161587139
0,32.2049,3.875,-0.34429685610685357
0,32.2049,3.8781250000000003,-0.34550774661254413
0,32.2049,3.88125,-0.3467913417702007
0,32.2049,3.8843750000000004,-0.34814919672577876
0,32.2049,3.8875,-0.3495829138892851
0,32.2049,3.890625,-0.35109414366391917
0,32.2049,3.8937500000000003,-0.3526845851102092
0,32.2049,3.896875,-0.35435598653396494
0,32.2049,3.9000000000000004,-0.3561101459856335
0,32.2049,3.903125,-0.3579489116572912
0,32.2049,3.90625,-0.3598741821620459
0,32.2049,3.9093750000000003,-0.3618879066790109
0,32.2049,3.9125,-0.3639920849452776
0,32.2049,3.9156250000000004,-0.36618876707442427
0,32.2049,3.91875,-0.36848005317903365
0,32.2049,3.921875,-0.3708680927724923
0,32.2049,3.9250000000000003,-0.3733550839229255
0,32.2049,3.928125,-0.3759432721295481
0,32.2049,3.9312500000000004,-0.37863494888893134
0,32.2049,3.934375,-0.38143244991568526
0,32.2049,3.9375,-0.38433815297888824
0,32.2049,3.9406250000000003,-0.3873544753121597
0,32.2049,3.94375,-0.39048387055166944
0,32.2049,3.9468750000000004,-0.3937288251525328
0,32.2049,3.95,-0.3970918542299792
0,32.2049,3.953125,-0.400575496767451
0,32.2049,3.9562500000000003,-0.4041823101293223
0,32.2049,3.959375,-0.4079148638113318
0,32.2049,3.9625000000000004,-0.4117757323570713
0,32.2049,3.965625,-0.41576748736399344
0,32.2049,3.96875,-0.4198926884975167
0,32.2049,3.9718750000000003,-0.42415387342686106
0,32.2049,3.975,-0.4285535465914314
0,32.2049,3.9781250000000004,-0.4330941667018982
0,32.2049,3.98125,-0.4377781328757124
0,32.2049,3.984375,-0.4426077693028497
0,32.2049,3.9875000000000003,-0.4475853083341316
0,32.2049,3.990625,-0.4527128718818375
0,32.2049,3.9937500000000004,-0.45799245102062947
0,32.2049,3.996875,-0.4634258836763154
0,32.2049,4.0,-0.4690148302910381
0,32.2049,4.003125000000001,-0.47476074735629065
0,32.2049,4.00625,-0.4806648587102128
0,32.2049,4.009375,-0.4867281245032857
0,32.2049,4.0125,-0.4929512077471201
0,32.2049,4.015625,-0.499334438375393
0,32.2049,4.018750000000001,-0.5058777747641053
0,32.2049,4.021875,-0.5125807626813246
0,32.2049,4.025,-0.5194424916646916
0,32.2049,4.028125,-0.5264615488587966
0,32.2049,4.03125,-0.5336359703850496
0,32.2049,4.034375000000001,-0.5409631903638568
0,32.2049,4.0375,-0.5484399877639213
0,32.2049,4.040625,-0.5560624313163937
0,32.2049,4.04375,-0.5638258228027442
0,32.2049,4.046875,-0.5717246391052246
0,32.2049,4.050000000000001,-0.5797524734969189
0,32.2049,4.053125,-0.5879019767450724
0,32.2049,4.05625,-0.5961647987055654
0,32.2049,4.059375,-0.6045315311970684
0,32.2049,4.0625,-0.6129916530595095
0,32.2049,4.065625000000001,-0.6215334784202766
0,32.2049,4.06875,-0.6301441093111545
0,32.2049,4.071875,-0.6388093938956454
0,32.2049,4.075,-0.6475138916760472
0,32.2049,4.078125,-0.6562408471483023
0,32.2049,4.081250000000001,-0.6649721734540325
0,32.2049,4.084375,-0.6736884476381885
0,32.2049,4.0875,-0.6823689191504342
0,32.2049,4.090625,-0.6909915332219597
0,32.2049,4.09375,-0.6995329707005365
0,32.2049,4.096875000000001,-0.7079687058278517
0,32.2049,4.1,-0.7162730832892492
0,32.2049,4.103125,-0.7244194156514826
0,32.2049,4.10625,-0.7323801020254431
0,32.2049,4.109375,-0.7401267684470908
0,32.2049,4.112500000000001,-0.7476304300612131
0,32.2049,4.115625,-0.7548616747239624
0,32.2049,4.11875,-0.7617908671182445
0,32.2049,4.121875,-0.7683883719118927
0,32.2049,4.125,-0.7746247938971663
0,32.2049,4.128125000000001,-0.7804712324488684
0,32.2049,4.13125,-0.7858995470491051
0,32.2049,4.134375,-0.7908826300725519
0,32.2049,4.1375,-0.7953946825320971
0,32.2049,4.140625,-0.799411488076466
0,32.2049,4.143750000000001,-0.802910680232485
0,32.2049,4.146875,-0.8058719977170118
0,32.2049,4.15,-0.8082775226242329
0,32.2049,4.153125,-0.8101118964348661
0,32.2049,4.15625,-0.8113625091000213
0,32.2049,4.159375000000001,-0.8120196569213246
0,32.2049,4.1625,-0.8120766655702837
0,32.2049,4.165625,-0.8115299753454011
0,32.2049,4.16875,-0.8103791866300494
0,32.2049,4.171875,-0.8086270644563364
0,32.2049,4.175000000000001,-0.8062795020645939
0,32.2049,4.178125,-0.8033454443367899
0,32.2049,4.18125,-0.7998367729369315
0,32.2049,4.184375,-0.7957681558762213
0,32.2049,4.1875,-0.7911568650028471
0,32.2049,4.190625000000001,-0.7860225655693486
0,32.2049,4.19375,-0.7803870825344386
0,32.2049,4.196875,-0.7742741485989575
0,32.2049,4.2,-0.7677091391531513
0,32.2049,4.203125,-0.7607187993278254
0,32.2049,4.206250000000001,-0.7533309682060136
0,32.2049,4.209375,-0.7455743049803155
0,32.2049,4.2125,-0.7374780214549754
0,32.2049,4.215625,-0.7290716248148313
0,32.2049,4.21875,-0.72038467404012
0,32.2049,4.221875000000001,-0.7114465527626602
0,32.2049,4.225,-0.7022862607584275
0,32.2049,4.228125,-0.6929322256761574
0,32.2049,4.23125,-0.6834121360302201
0,32.2049,4.234375,-0.6737527959534628
0,32.2049,4.237500000000001,-0.6639800017245856
0,32.2049,4.240625,-0.6541184396622061
0,32.2049,4.24375,-0.6441916046192986
0,32.2049,4.246875,-0.6342217380188339
0,32.2049,4.25,-0.6242297841427028
0,32.2049,4.253125000000001,-0.6142353632191433
0,32.2049,4.25625,-0.6042567597433544
0,32.2049,4.259375,-0.5943109244064289
0,32.2049,4.2625,-0.5844134879926917
0,32.2049,4.265625,-0.5745787856275505
0,32.2049,4.268750000000001,-0.564819889811187
0,32.2049,4.271875,-0.5551486507503643
0,32.2049,4.275,-0.5455757425957969
0,32.2049,4.278125,-0.536110714300424
0,32.2049,4.28125,-0.5267620439291895
0,32.2049,4.284375000000001,-0.5175371953703086
0,32.2049,4.2875,-0.5084426765172011
0,32.2049,4.290625,-0.4994840981070482
0,32.2049,4.29375,-0.49066623251415004
0,32.2049,4.296875,-0.48199307190177193
0,32.2049,4.300000000000001,-0.4734678852347316
0,32.2049,4.303125,-0.46509327374503096
0,32.2049,4.30625,-0.456871224524547
0,32.2049,4.309375,-0.44880316199208026
0,32.2049,4.3125,-0.44088999704658083
0,32.2049,4.315625000000001,-0.43313217377522933
0,32.2049,4.31875,-0.42552971363391084
0,32.2049,4.321875,-0.4180822570594803
0,32.2049,4.325,-0.4107891025086462
0,32.2049,4.328125,-0.4036492429474528
0,32.2049,4.331250000000001,-0.39666139983954346
0,32.2049,4.334375,-0.38982405470051573
0,32.2049,4.3375,-0.38313547830075084
0,32.2049,4.340625,-0.37659375761062114
0,32.2049,4.34375,-0.3701968205900762
0,32.2049,4.346875000000001,-0.36394245893035676
0,32.2049,4.35,-0.3578283488587828
0,32.2049,4.353125,-0.35185207011897157
0,32.2049,4.35625,-0.3460111232387653
0,32.2049,4.359375,-0.34030294519655313
0,32.2049,4.362500000000001,-0.33472492359436185
0,32.2049,4.365625,-0.3292744094427384
0,32.2049,4.36875,-0.32394872865858204
0,32.2049,4.371875,-0.31874519237285975
0,32.2049,4.375,-0.3136611061403824
0,32.2049,4.378125000000001,-0.30869377813915333
0,32.2049,4.38125,-0.3038405264418075
0,32.2049,4.384375,-0.29909868543674806
0,32.2049,4.3875,-0.2944656114717851
0,32.2049,4.390625,-0.28993868778817417
0,32.2049,4.393750000000001,-0.285515328808436
0,32.2049,4.396875,-0.2811929838367772
0,32.2049,4.4,-0.2769691402266399
0,32.2049,4.403125,-0.2728413260658798
0,32.2049,4.40625,-0.26880711242607763
0,32.2049,4.409375000000001,-0.26486411521892417
0,32.2049,4.4125,-0.2610099966991009
0,32.2049,4.415625,-0.2572424666498388
0,32.2049,4.41875,-0.25355928328436855
0,32.2049,4.421875,-0.24995825389354945
0,32.2049,4.425000000000001,-0.24643723526743785
0,32.2049,4.428125,-0.2429941339160539
0,32.2049,4.43125,-0.23962690611235124
0,32.2049,4.434375,-0.23633355777835963
0,32.2049,4.4375,-0.23311214423345736
0,32.2049,4.440625000000001,-0.22996076982204408
0,32.2049,4.44375,-0.22687758743620068
0,32.2049,4.446875,-0.22386079794742755
0,32.2049,4.45,-0.22090864956022746
0,32.2049,4.453125,-0.21801943709896324
0,32.2049,4.456250000000001,-0.21519150123835015
0,32.2049,4.459375,-0.2124232276868443
0,32.2049,4.4625,-0.20971304633123208
0,32.2049,4.465625,-0.20705943034989616
0,32.2049,4.46875,-0.20446089530136857
0,32.2049,4.471875000000001,-0.20191599819412834
0,32.2049,4.475,-0.19942333654290265
0,32.2049,4.478125,-0.19698154741613735
0,32.2049,4.48125,-0.19458930647879905
0,32.2049,4.484375,-0.1922453270341227
0,32.2049,4.487500000000001,-0.1899483590675368
0,32.2049,4.490625,-0.1876971882955615
0,32.2049,4.49375,-0.18549063522211792
0,32.2049,4.496875,-0.18332755420439378
0,32.2049,4.5,-0.18120683253006384
0,32.2049,4.503125000000001,-0.17912738950745685
0,32.2049,4.50625,-0.1770881755699903
0,32.2049,4.509375,-0.17508817139598296
0,32.2049,4.5125,-0.1731263870448
0,32.2049,4.515625,-0.1712018611100609
0,32.2049,4.518750000000001,-0.16931365989054487
0,32.2049,4.521875,-0.1674608765792596
0,32.2049,4.525,-0.1656426304710228
0,32.2049,4.528125,-0.1638580661888272
0,32.2049,4.53125,-0.16210635292912093
0,32.2049,4.534375000000001,-0.1603866837260974
0,32.2049,4.5375,-0.15869827473498993
0,32.2049,4.540625,-0.15704036453430076
0,32.2049,4.54375,-0.15541221344686887
0,32.2049,4.546875,-0.1538131028795853
0,32.2049,4.550000000000001,-0.15224233468157003
0,32.2049,4.553125,-0.15069923052055914
0,32.2049,4.55625,-0.14918313127722466
0,32.2049,4.559375,-0.14769339645714452
0,32.2049,4.5625,-0.14622940362008166
0,32.2049,4.565625000000001,-0.14479054782625186
0,32.2049,4.56875,-0.1433762410992212
0,32.2049,4.571875,-0.1419859119050643
0,32.2049,4.575,-0.1406190046474273
0,32.2049,4.578125,-0.13927497917809673
0,32.2049,4.581250000000001,-0.13795331032270838
0,32.2049,4.584375,-0.13665348742120445
0,32.2049,4.5875,-0.13537501388264803
0,32.2049,4.590625,-0.13411740675402428
0,32.2049,4.59375,-0.13288019630262737
0,32.2049,4.596875000000001,-0.13166292561166654
0,32.2049,4.6,-0.13046515018870986
0,32.2049,4.603125,-0.1292864375865889
0,32.2049,4.60625,-0.12812636703641123
0,32.2049,4.609375,-0.1269845290923038
0,32.2049,4.612500000000001,-0.125860525287546
0,32.2049,4.615625,-0.1247539678017409
0,32.2049,4.61875,-0.12366447913867921
0,32.2049,4.621875,-0.12259169181457662
0,32.2049,4.625,-0.12153524805634289
0,32.2049,4.628125000000001,-0.12049479950957932
0,32.2049,4.63125,-0.119470006955989
0,32.2049,4.634375,-0.11846054003989522
0,32.2049,4.6375,-0.1174660770035857
0,32.2049,4.640625,-0.11648630443118267
0,32.2049,4.643750000000001,-0.11552091700077306
0,32.2049,4.646875,-0.11456961724452441
0,32.2049,4.65,-0.11363211531652082
0,32.2049,4.653125,-0.11270812876807548
0,32.2049,4.65625,-0.11179738233025979
0,32.2049,4.659375000000001,-0.11089960770342067
0,32.2049,4.6625,-0.11001454335345026
0,32.2049,4.665625,-0.10914193431457991
0,32.2049,4.66875,-0.10828153199849075
0,32.2049,4.671875,-0.1074330940095177
0,32.2049,4.675000000000001,-0.1065963839657539
0,32.2049,4.678125,-0.10577117132585322
0,32.2049,4.68125,-0.10495723122133778
0,32.2049,4.684375,-0.10415434429423458
0,32.2049,4.6875,-0.10336229653985124
0,32.2049,4.690625000000001,-0.10258087915452797
0,32.2049,4.69375,-0.10180988838819487
0,32.2049,4.696875,-0.10104912540157057
0,32.2049,4.7,-0.10029839612785514
0,32.2049,4.703125,-0.0995575111387555
0,32.2049,4.706250000000001,-0.09882628551470712
0,32.2049,4.709375,-0.09810453871914794
0,32.2049,4.7125,-0.09739209447670594
0,32.2049,4.715625,-0.09668878065517732
0,32.2049,4.71875,-0.09599442915115897
0,32.2049,4.721875000000001,-0.09530887577922076
0,32.2049,4.725,-0.0946319601644969
0,32.2049,4.728125,-0.09396352563857933
0,32.2049,4.73125,-0.09330341913861116
0,32.2049,4.734375,-0.09265149110946407
0,32.2049,4.737500000000001,-0.09200759540890519
0,32.2049,4.740625,-0.09137158921565129
0,32.2049,4.74375,-0.09074333294021218
0,32.2049,4.746875,-0.09012269013843839
0,32.2049,4.75,-0.08950952742767497
0,32.2049,4.753125000000001,-0.08890371440544291
0,32.2049,4.75625,-0.08830512357056203
0,32.2049,4.759375,-0.08771363024663345
0,32.2049,4.7625,-0.08712911250781037
0,32.2049,4.765625,-0.08655145110677458
0,32.2049,4.768750000000001,-0.08598052940485316
0,32.2049,4.771875,-0.08541623330420349
0,32.2049,4.775,-0.08485845118199674
0,32.2049,4.778125,-0.08430707382654155
0,32.2049,4.78125,-0.0837619943752776
0,32.2049,4.784375000000001,-0.0832231082545845
0,32.2049,4.7875,-0.08269031312134546
0,32.2049,4.790625,-0.0821635088062076
0,32.2049,4.79375,-0.08164259725848944
0,32.2049,4.796875,-0.08112748249267694
0,32.2049,4.800000000000001,-0.08061807053646193
0,32.2049,4.803125,-0.08011426938027277
0,32.2049,4.80625,-0.07961598892824712
0,32.2049,4.809375,-0.0791231409506071
0,32.2049,4.8125,-0.07863563903738553
0,32.2049,4.815625000000001,-0.0781533985534662
0,32.2049,4.81875,-0.07767633659489487
0,32.2049,4.821875,-0.07720437194641919
0,32.2049,4.825,-0.07673742504022457
0,32.2049,4.828125,-0.07627541791582171
0,32.2049,4.831250000000001,-0.07581827418105586
0,32.2049,4.834375,-0.07536591897420061
0,32.2049,4.8375,-0.07491827892710101
0,32.2049,4.840625,-0.07447528212933836
0,32.2049,4.84375,-0.07403685809337966
0,32.2049,4.846875000000001,-0.07360293772068574
0,32.2049,4.85,-0.0731734532687475
0,32.2049,4.853125,-0.07274833831901967
0,32.2049,4.85625,-0.07232752774572997
0,32.2049,4.859375,-0.07191095768553082
0,32.2049,4.862500000000001,-0.07149856550797339
0,32.2049,4.865625,-0.07109028978677642
0,32.2049,4.86875,-0.0706860702718655
0,32.2049,4.871875,-0.07028584786216305
0,32.2049,4.875,-0.06988956457910171
0,32.2049,4.878125000000001,-0.06949716354084362
0,32.2049,4.88125,-0.06910858893718315
0,32.2049,4.884375,-0.0687237860051109
0,32.2049,4.8875,-0.0683427010050242
0,32.2049,4.890625,-0.06796528119755911
0,32.2049,4.893750000000001,-0.06759147482103045
0,32.2049,4.896875,-0.06722123106946003
0,32.2049,4.9,-0.06685450007117456
0,32.2049,4.903125,-0.06649123286796067
0,32.2049,4.90625,-0.06613138139475577
0,32.2049,4.909375000000001,-0.06577489845986315
0,32.2049,4.9125,-0.06542173772567496
0,32.2049,4.915625,-0.06507185368988663
0,32.2049,4.91875,-0.06472520166719266
0,32.2049,4.921875,-0.06438173777144507
0,32.2049,4.925000000000001,-0.0640414188982655
0,32.2049,4.928125,-0.06370420270809592
0,32.2049,4.93125,-0.06337004760967467
0,32.2049,4.934375,-0.06303891274392943
0,32.2049,4.9375,-0.06271075796827047
0,32.2049,4.940625000000001,-0.06238554384127665
0,32.2049,4.94375,-0.06206323160776208
0,32.2049,4.946875,-0.06174378318421113
0,32.2049,4.95,-0.06142716114457509
0,32.2049,4.953125,-0.06111332870641613
0,32.2049,4.956250000000001,-0.06080224971739245
0,32.2049,4.959375,-0.06049388864207364
0,32.2049,4.9625,-0.06018821054907622
0,32.2049,4.965625,-0.05988518109851354
0,32.2049,4.96875,-0.05958476652974763
0,32.2049,4.971875000000001,-0.059286933649437754
0,32.2049,4.975,-0.05899164981987653
0,32.2049,4.978125,-0.05869888294760438
0,32.2049,4.98125,-0.058408601472298455
0,32.2049,4.984375,-0.058120774355923846
0,32.2049,4.987500000000001,-0.05783537107214404
0,32.2049,4.990625,-0.05755236159598185
0,32.2049,4.99375,-0.05727171639372324
0,32.2049,4.996875,-0.056993406413060575
0,32.2049,5.0,-0.0567174030734651
0,32.2049,5.003125,-0.056443678256785645
0,32.2049,5.0062500000000005,-0.05617220429806588
0,32.2049,5.009375,-0.05590295397657536
0,32.2049,5.0125,-0.055635900507047344
0,32.2049,5.015625,-0.05537101753111977
0,32.2049,5.01875,-0.05510827910897265
0,32.2049,5.0218750000000005,-0.05484765971115737
0,32.2049,5.025,-0.05458913421061299
0,32.2049,5.028125,-0.05433267787486403
0,32.2049,5.03125,-0.05407826635839605
0,32.2049,5.034375,-0.05382587569520355
0,32.2049,5.0375000000000005,-0.053575482291506285
0,32.2049,5.040625,-0.053327062918629715
0,32.2049,5.04375,-0.053080594706044516
0,32.2049,5.046875,-0.052836055134562555
0,32.2049,5.05,-0.052593422029684145
0,32.2049,5.0531250000000005,-0.052352673555093196
0,32.2049,5.05625,-0.0521137882062969
0,32.2049,5.059375,-0.05187674480440514
0,32.2049,5.0625,-0.05164152249004771
0,32.2049,5.065625,-0.05140810071742453
0,32.2049,5.0687500000000005,-0.05117645924848625
0,32.2049,5.071875,-0.05094657814724222
0,32.2049,5.075,-0.05071843777419127
0,32.2049,5.078125,-0.05049201878087429
0,32.2049,5.08125,-0.050267302104544054
0,32.2049,5.0843750000000005,-0.05004426896294995
0,32.2049,5.0875,-0.04982290084923506
0,32.2049,5.090625,-0.049603179526941994
0,32.2049,5.09375,-0.04938508702512585
0,32.2049,5.096875,-0.049168605633571116
0,32.2049,5.1000000000000005,-0.04895371789810986
0,32.2049,5.103125,-0.04874040661603949
0,32.2049,5.10625,-0.04852865483163644
0,32.2049,5.109375,-0.048318445831764874
0,32.2049,5.1125,-0.04810976314157717
0,32.2049,5.1156250000000005,-0.04790259052030429
0,32.2049,5.11875,-0.047696911957134124
0,32.2049,5.121875,-0.04749271166717497
0,32.2049,5.125,-0.04728997408750316
0,32.2049,5.128125,-0.0470886838732921
0,32.2049,5.1312500000000005,-0.046888825894020957
0,32.2049,5.134375,-0.04669038522976147
0,32.2049,5.1375,-0.046493347167540264
0,32.2049,5.140625,-0.046297697197775906
0,32.2049,5.14375,-0.04610342101078822
0,32.2049,5.1468750000000005,-0.045910504493378405
0,32.2049,5.15,-0.04571893372547859
0,32.2049,5.153125,-0.04552869497686837
0,32.2049,5.15625,-0.045339774703958106
0,32.2049,5.159375,-0.045152159546636095
0,32.2049,5.1625000000000005,-0.044965836325179115
0,32.2049,5.165625,-0.04478079203722461
0,32.2049,5.16875,-0.04459701385480254
0,32.2049,5.171875,-0.04441448912142658
0,32.2049,5.175,-0.044233205349242556
0,32.2049,5.1781250000000005,-0.04405315021623298
0,32.2049,5.18125,-0.043874311563476834
0,32.2049,5.184375,-0.043696677392462385
0,32.2049,5.1875,-0.04352023586245302
0,32.2049,5.190625,-0.043344975287904264
0,32.2049,5.1937500000000005,-0.04317088413593065
0,32.2049,5.196875,-0.04299795102382212
0,32.2049,5.2,-0.042826164716607704
0,32.2049,5.203125,-0.042655514124666685
0,32.2049,5.20625,-0.042485988301385294
0,32.2049,5.2093750000000005,-0.042317576440858255
0,32.2049,5.2125,-0.04215026787563439
0,32.2049,5.215625,-0.04198405207450473
0,32.2049,5.21875,-0.0418189186403329
0,32.2049,5.221875,-0.041654857307926514
0,32.2049,5.2250000000000005,-0.041491857941948464
0,32.2049,5.228125,-0.04132991053486795
0,32.2049,5.23125,-0.04116900520494936
0,32.2049,5.234375,-0.04100913219427922
0,32.2049,5.2375,-0.04085028186682974
0,32.2049,5.2406250000000005,-0.04069244470655834
0,32.2049,5.24375,-0.04053561131554265
0,32.2049,5.246875,-0.04037977241214953
0,32.2049,5.25,-0.04022491882923835
0,32.2049,5.253125,-0.040071041512396995
0,32.2049,5.2562500000000005,-0.03991813151821026
0,32.2049,5.259375,-0.03976618001256013
0,32.2049,5.2625,-0.03961517826895658
0,32.2049,5.265625,-0.03946511766689916
0,32.2049,5.26875,-0.039315989690268116
0,32.2049,5.2718750000000005,-0.03916778592574451
0,32.2049,5.275,-0.03902049806125912
0,32.2049,5.278125,-0.038874117884468776
0,32.2049,5.28125,-0.03872863728126035
0,32.2049,5.284375,-0.03858404823428146
0,32.2049,5.2875000000000005,-0.0384403428214972
0,32.2049,5.290625,-0.03829751321477284
0,32.2049,5.29375,-0.03815555167848118
0,32.2049,5.296875,-0.03801445056813502
0,32.2049,5.3,-0.03787420232904349
0,32.2049,5.3031250000000005,-0.037734799494991936
0,32.2049,5.30625,-0.03759623468694532
0,32.2049,5.309375,-0.03745850061177381
0,32.2049,5.3125,-0.037321590061000956
0,32.2049,5.315625,-0.03718549590957351
0,32.2049,5.3187500000000005,-0.03705021111465258
0,32.2049,5.321875,-0.036915728714425854
0,32.2049,5.325,-0.03678204182693994
0,32.2049,5.328125,-0.036649143648953275
0,32.2049,5.33125,-0.036517027454808344
0,32.2049,5.3343750000000005,-0.03638568659532336
0,32.2049,5.3375,-0.03625511449670302
0,32.2049,5.340625,-0.03612530465946732
0,32.2049,5.34375,-0.035996250657399115
0,32.2049,5.346875,-0.03586794613650913
0,32.2049,5.3500000000000005,-0.03574038481401857
0,32.2049,5.353125,-0.03561356047735898
0,32.2049,5.35625,-0.035487466983188595
0,32.2049,5.359375,-0.03536209825642547
0,32.2049,5.3625,-0.03523744828929662
0,32.2049,5.3656250000000005,-0.035113511140403036
0,32.2049,5.36875,-0.03499028093380032
0,32.2049,5.371875,-0.03486775185809432
0,32.2049,5.375,-0.03474591816555196
0,32.2049,5.378125,-0.03462477417122671
0,32.2049,5.3812500000000005,-0.03450431425209817
0,32.2049,5.384375,-0.03438453284622628
0,32.2049,5.3875,-0.034265424451918734
0,32.2049,5.390625,-0.034146983626912514
0,32.2049,5.39375,-0.03402920498756843
0,32.2049,5.3968750000000005,-0.03391208320807882
0,32.2049,5.4,-0.03379561301968826
0,32.2049,5.403125,-0.033679789209926425
0,32.2049,5.40625,-0.033564606621853774
0,32.2049,5.409375,-0.03345006015331905
0,32.2049,5.4125000000000005,-0.033336144756228765
0,32.2049,5.415625,-0.03322285543582849
0,32.2049,5.41875,-0.03311018724999532
0,32.2049,5.421875,-0.032998135308541815
0,32.2049,5.425,-0.032886694772530936
0,32.2049,5.4281250000000005,-0.032775860853601714
0,32.2049,5.43125,-0.03266562881330581
0,32.2049,5.434375,-0.03255599396245411
0,32.2049,5.4375,-0.03244695166047397
0,32.2049,5.440625,-0.03233849731477632
0,32.2049,5.4437500000000005,-0.03223062638013265
0,32.2049,5.446875,-0.032123334358061896
0,32.2049,5.45,-0.032016616796226534
0,32.2049,5.453125,-0.031910469287838264
0,32.2049,5.45625,-0.03180488747107288
0,32.2049,5.4593750000000005,-0.031699867028494005
0,32.2049,5.4625,-0.03159540368648596
0,32.2049,5.465625,-0.031491493214694966
0,32.2049,5.46875,-0.03138813142547924
0,32.2049,5.471875,-0.031285314173367294
0,32.2049,5.4750000000000005,-0.03118303735452455
0,32.2049,5.478125,-0.031081296906228115
0,32.2049,5.48125,-0.030980088806349306
0,32.2049,5.484375,-0.03087940907284428
0,32.2049,5.4875,-0.030779253763252083
0,32.2049,5.4906250000000005,-0.030679618974200462
0,32.2049,5.49375,-0.030580500840919025
0,32.2049,5.496875,-0.03048189553675953
0,32.2049,5.5,-0.03038379927272359
0,32.2049,5.503125,-0.030286208296997255
0,32.2049,5.5062500000000005,-0.03018911889449251
0,32.2049,5.509375,-0.030092527386395725
0,32.2049,5.5125,-0.029996430129722536
0,32.2049,5.515625,-0.02990082351687945
0,32.2049,5.51875,-0.029805703975231912
0,32.2049,5.5218750000000005,-0.029711067966678602
0,32.2049,5.525,-0.02961691198723217
0,32.2049,5.528125,-0.02952323256660577
0,32.2049,5.53125,-0.02943002626780592
0,32.2049,5.534375,-0.029337289686731154
0,32.2049,5.5375000000000005,-0.02924501945177646
0,32.2049,5.540625,-0.029153212223443626
0,32.2049,5.54375,-0.029061864693956864
0,32.2049,5.546875,-0.028970973586884326
0,32.2049,5.55,-0.02888053565676486
0,32.2049,5.5531250000000005,-0.02879054768874013
0,32.2049,5.55625,-0.028701006498192138
0,32.2049,5.559375,-0.028611908930385635
0,32.2049,5.5625,-0.02852325186011592
0,32.2049,5.565625,-0.02843503219136143
0,32.2049,5.5687500000000005,-0.028347246856941326
0,32.2049,5.571875,-0.02825989281817802
0,32.2049,5.575,-0.028172967064564198
0,32.2049,5.578125,-0.028086466613434762
0,32.2049,5.58125,-0.028000388509643277
0,32.2049,5.5843750000000005,-0.027914729825242925
0,32.2049,5.5875,-0.02782948765917206
0,32.2049,5.590625,-0.027744659136943874
0,32.2049,5.59375,-0.027660241410340635
0,32.2049,5.596875,-0.027576231657112003
0,32.2049,5.6000000000000005,-0.02749262708067761
0,32.2049,5.603125,-0.027409424909833738
0,32.2049,5.60625,-0.02732662239846394
0,32.2049,5.609375,-0.027244216825253707
0,32.2049,5.6125,-0.027162205493409104
0,32.2049,5.6156250000000005,-0.027080585730379126
0,32.2049,5.61875,-0.02699935488758199
0,32.2049,5.621875,-0.026918510340134937
0,32.2049,5.625,-0.02683804948658794
0,32.2049,5.628125,-0.02675796974866087
0,32.2049,5.6312500000000005,-0.026678268570984248
0,32.2049,5.634375,-0.02659894342084359
0,32.2049,5.6375,-0.026519991787926953
0,32.2049,5.640625,-0.026441411184076138
0,32.2049,5.64375,-0.026363199143041076
0,32.2049,5.6468750000000005,-0.02628535322023749
0,32.2049,5.65,-0.02620787099250794
0,32.2049,5.653125,-0.02613075005788579
0,32.2049,5.65625,-0.026053988035362536
0,32.2049,5.659375,-0.025977582564658118
0,32.2049,5.6625000000000005,-0.025901531305994274
0,32.2049,5.665625,-0.025825831939870918
0,32.2049,5.66875,-0.02575048216684537
0,32.2049,5.671875,-0.025675479707314593
0,32.2049,5.675,-0.02560082230130022
0,32.2049,5.6781250000000005,-0.025526507708236373
0,32.2049,5.68125,-0.025452533706760386
0,32.2049,5.684375,-0.025378898094505983
0,32.2049,5.6875,-0.025305598687899413
0,32.2049,5.690625,-0.02523263332195808
0,32.2049,5.6937500000000005,-0.025159999850091784
0,32.2049,5.696875,-0.025087696143906647
0,32.2049,5.7,-0.025015720093011333
0,32.2049,5.703125,-0.024944069604825952
0,32.2049,5.70625,-0.02487274260439335
0,32.2049,5.7093750000000005,-0.02480173703419279
0,32.2049,5.7125,-0.02473105085395607
0,32.2049,5.715625,-0.024660682040485868
0,32.2049,5.71875,-0.024590628587476515
0,32.2049,5.721875,-0.02452088850533697
0,32.2049,5.7250000000000005,-0.02445145982101605
0,32.2049,5.728125,-0.024382340577829904
0,32.2049,5.73125,-0.02431352883529156
0,32.2049,5.734375,-0.024245022668942712
0,32.2049,5.7375,-0.024176820170187574
0,32.2049,5.7406250000000005,-0.024108919446128786
0,32.2049,5.74375,-0.024041318619405495
0,32.2049,5.746875,-0.023974015828033223
0,32.2049,5.75,-0.023907009225245957
0,32.2049,5.753125,-0.02384029697934004
0,32.2049,5.7562500000000005,-0.023773877273520073
0,32.2049,5.759375,-0.02370774830574677
0,32.2049,5.7625,-0.023641908288586474
0,32.2049,5.765625,-0.02357635544906278
0,32.2049,5.76875,-0.02351108802850982
0,32.2049,5.7718750000000005,-0.023446104282427386
0,32.2049,5.775,-0.023381402480337894
0,32.2049,5.778125,-0.02331698090564492
0,32.2049,5.78125,-0.023252837855493636
0,32.2049,5.784375,-0.023188971640632845
0,32.2049,5.7875000000000005,-0.023125380585278688
0,32.2049,5.790625,-0.023062063026980096
0,32.2049,5.79375,-0.022999017316485702
0,32.2049,5.796875,-0.022936241817612488
0,32.2049,5.800000000000001,-0.022873734907115945
0,32.2049,5.8031250000000005,-0.02281149497456187
0,32.2049,5.80625,-0.022749520422199552
0,32.2049,5.809375,-0.022687809664836623
0,32.2049,5.8125,-0.022626361129715302
0,32.2049,5.815625000000001,-0.022565173256390143
0,32.2049,5.8187500000000005,-0.02250424449660732
0,32.2049,5.821875,-0.022443573314185113
0,32.2049,5.825,-0.02238315818489607
0,32.2049,5.828125,-0.022322997596350366
0,32.2049,5.831250000000001,-0.022263090047880664
0,32.2049,5.8343750000000005,-0.02220343405042827
0,32.2049,5.8375,-0.022144028126430567
0,32.2049,5.840625,-0.022084870809709896
0,32.2049,5.84375,-0.022025960645363628
0,32.2049,5.846875000000001,-0.021967296189655535
0,32.2049,5.8500000000000005,-0.021908876009908537
0,32.2049,5.853125,-0.021850698684398453
0,32.2049,5.85625,-0.021792762802249253
0,32.2049,5.859375,-0.021735066963329334
0,32.2049,5.862500000000001,-0.021677609778149053
0,32.2049,5.8656250000000005,-0.021620389867759514
0,32.2049,5.86875,-0.02156340586365234
0,32.2049,5.871875,-0.021506656407660776
0,32.2049,5.875,-0.02145014015186181
0,32.2049,5.878125000000001,-0.021393855758479453
0,32.2049,5.8812500000000005,-0.021337801899789188
0,32.2049,5.884375,-0.0212819772580233
0,32.2049,5.8875,-0.021226380525277536
0,32.2049,5.890625,-0.021171010403418657
0,32.2049,5.893750000000001,-0.02111586560399306
0,32.2049,5.8968750000000005,-0.021060944848136545
0,32.2049,5.9,-0.02100624686648488
0,32.2049,5.903125,-0.02095177039908558
0,32.2049,5.90625,-0.020897514195310572
0,32.2049,5.909375000000001,-0.020843477013769866
0,32.2049,5.9125000000000005,-0.020789657622226215
0,32.2049,5.915625,-0.02073605479751062
0,32.2049,5.91875,-0.020682667325438914
0,32.2049,5.921875,-0.0206294940007292
0,32.2049,5.925000000000001,-0.020576533626920204
0,32.2049,5.9281250000000005,-0.020523785016290583
0,32.2049,5.93125,-0.02047124698977903
0,32.2049,5.934375,-0.02041891837690535
0,32.2049,5.9375,-0.020366798015692345
0,32.2049,5.940625000000001,-0.020314884752588618
0,32.2049,5.9437500000000005,-0.020263177442392193
0,32.2049,5.946875,-0.020211674948174906
0,32.2049,5.95,-0.02016037614120772
0,32.2049,5.953125,-0.020109279900886838
0,32.2049,5.956250000000001,-0.02005838511466053
0,32.2049,5.9593750000000005,-0.02000769067795692
0,32.2049,5.9625,-0.01995719549411236
0,32.2049,5.965625,-0.019906898474300733
0,32.2049,5.96875,-0.019856798537463437
0,32.2049,5.971875000000001,-0.019806894610240162
0,32.2049,5.9750000000000005,-0.019757185626900417
0,32.2049,5.978125,-0.01970767052927573
0,32.2049,5.98125,-0.01965834826669265
0,32.2049,5.984375,-0.01960921779590643
0,32.2049,5.987500000000001,-0.019560278081035398
0,32.2049,5.9906250000000005,-0.019511528093496114
0,32.2049,5.99375,-0.019462966811939077
0,32.2049,5.996875,-0.019414593222185247
0,32.2049,6.0,-0.019366406317163163
