"Current","Field","Frequency","Spectra"
0,35.2666,1.0,-0.02434493909117133
0,35.2666,1.003125,-0.02441190003133965
0,35.2666,1.00625,-0.024479142025110985
0,35.2666,1.009375,-0.024546666705899344
0,35.2666,1.0125,-0.024614475719888756
0,35.2666,1.015625,-0.02468257072616805
0,35.2666,1.01875,-0.024750953396867642
0,35.2666,1.021875,-0.024819625417298263
0,35.2666,1.025,-0.024888588486091608
0,35.2666,1.028125,-0.024957844315343192
0,35.2666,1.03125,-0.025027394630757073
0,35.2666,1.034375,-0.02509724117179284
0,35.2666,1.0375,-0.025167385691814693
0,35.2666,1.040625,-0.025237829958242718
0,35.2666,1.04375,-0.02530857575270641
0,35.2666,1.046875,-0.025379624871200452
0,35.2666,1.05,-0.025450979124242885
0,35.2666,1.053125,-0.02552264033703555
0,35.2666,1.05625,-0.025594610349626984
0,35.2666,1.059375,-0.025666891017077868
0,35.2666,1.0625,-0.025739484209628807
0,35.2666,1.065625,-0.02581239181287084
0,35.2666,1.06875,-0.02588561572791848
0,35.2666,1.071875,-0.025959157871585405
0,35.2666,1.075,-0.026033020176562952
0,35.2666,1.078125,-0.026107204591601256
0,35.2666,1.08125,-0.026181713081693363
0,35.2666,1.084375,-0.026256547628262107
0,35.2666,1.0875,-0.02633171022935002
0,35.2666,1.090625,-0.026407202899812167
0,35.2666,1.09375,-0.026483027671512158
0,35.2666,1.096875,-0.02655918659352118
0,35.2666,1.1,-0.026635681732320324
0,35.2666,1.103125,-0.026712515172006065
0,35.2666,1.10625,-0.02678968901449924
0,35.2666,1.109375,-0.026867205379757217
0,35.2666,1.1125,-0.02694506640598975
0,35.2666,1.115625,-0.027023274249878253
0,35.2666,1.11875,-0.027101831086798714
0,35.2666,1.121875,-0.02718073911104837
0,35.2666,1.125,-0.027260000536076114
0,35.2666,1.128125,-0.027339617594716797
0,35.2666,1.13125,-0.02741959253942944
0,35.2666,1.134375,-0.027499927642539532
0,35.2666,1.1375,-0.027580625196485447
0,35.2666,1.140625,-0.027661687514069007
0,35.2666,1.14375,-0.027743116928710468
0,35.2666,1.146875,-0.02782491579470782
0,35.2666,1.15,-0.02790708648750062
0,35.2666,1.153125,-0.02798963140393846
0,35.2666,1.15625,-0.028072552962554072
0,35.2666,1.159375,-0.02815585360384135
0,35.2666,1.1625,-0.028239535790538194
0,35.2666,1.165625,-0.02832360200791444
0,35.2666,1.16875,-0.028408054764064994
0,35.2666,1.171875,-0.028492896590208122
0,35.2666,1.175,-0.02857813004098921
0,35.2666,1.178125,-0.02866375769479011
0,35.2666,1.18125,-0.028749782154043908
0,35.2666,1.184375,-0.02883620604555578
0,35.2666,1.1875,-0.02892303202082949
0,35.2666,1.190625,-0.029010262756400132
0,35.2666,1.19375,-0.029097900954173
0,35.2666,1.196875,-0.029185949341768738
0,35.2666,1.2,-0.029274410672875197
0,35.2666,1.203125,-0.02936328772760571
0,35.2666,1.20625,-0.029452583312864343
0,35.2666,1.209375,-0.02954230026271812
0,35.2666,1.2125,-0.029632441438776278
0,35.2666,1.215625,-0.029723009730577073
0,35.2666,1.21875,-0.029814008055981864
0,35.2666,1.221875,-0.02990543936157707
0,35.2666,1.225,-0.029997306623083923
0,35.2666,1.228125,-0.030089612845776343
0,35.2666,1.23125,-0.030182361064907116
0,35.2666,1.234375,-0.030275554346142507
0,35.2666,1.2375,-0.03036919578600564
0,35.2666,1.240625,-0.030463288512328837
0,35.2666,1.24375,-0.030557835684715012
0,35.2666,1.246875,-0.030652840495008604
0,35.2666,1.25,-0.030748306167776004
0,35.2666,1.253125,-0.03084423596079597
0,35.2666,1.25625,-0.03094063316556014
0,35.2666,1.259375,-0.031037501107783968
0,35.2666,1.2625,-0.031134843147928342
0,35.2666,1.265625,-0.03123266268173213
0,35.2666,1.26875,-0.03133096314075601
0,35.2666,1.271875,-0.03142974799293782
0,35.2666,1.275,-0.0315290207431598
0,35.2666,1.278125,-0.031628784933827966
0,35.2666,1.28125,-0.031729044145463986
0,35.2666,1.284375,-0.031829801997309906
0,35.2666,1.2875,-0.03193106214794603
0,35.2666,1.290625,-0.03203282829592238
0,35.2666,1.29375,-0.032135104180404064
0,35.2666,1.296875,-0.032237893581830795
0,35.2666,1.3,-0.03234120032259135
0,35.2666,1.303125,-0.03244502826771288
0,35.2666,1.30625,-0.032549381325565827
0,35.2666,1.309375,-0.032654263448584804
0,35.2666,1.3125,-0.032759678634005765
0,35.2666,1.315625,-0.03286563092462009
0,35.2666,1.31875,-0.032972124409546
0,35.2666,1.321875,-0.03307916322501771
0,35.2666,1.325,-0.03318675155519297
0,35.2666,1.328125,-0.033294893632979314
0,35.2666,1.33125,-0.033403593740879874
0,35.2666,1.334375,-0.03351285621185896
0,35.2666,1.3375,-0.03362268543022825
0,35.2666,1.340625,-0.03373308583255397
0,35.2666,1.34375,-0.033844061908585917
0,35.2666,1.346875,-0.03395561820220874
0,35.2666,1.35,-0.03406775931241627
0,35.2666,1.353125,-0.034180489894309454
0,35.2666,1.35625,-0.03429381466011883
0,35.2666,1.359375,-0.0344077383802519
0,35.2666,1.3625,-0.03452226588436646
0,35.2666,1.365625,-0.03463740206247062
0,35.2666,1.36875,-0.03475315186605007
0,35.2666,1.371875,-0.034869520309223766
0,35.2666,1.375,-0.03498651246992854
0,35.2666,1.378125,-0.035104133491133865
0,35.2666,1.38125,-0.035222388582087386
0,35.2666,1.384375,-0.035341283019592315
0,35.2666,1.3875,-0.035460822149317735
0,35.2666,1.390625,-0.03558101138714246
0,35.2666,1.39375,-0.03570185622053414
0,35.2666,1.396875,-0.035823362209963946
0,35.2666,1.4,-0.03594553499035854
0,35.2666,1.403125,-0.03606838027259021
0,35.2666,1.40625,-0.03619190384500633
0,35.2666,1.409375,-0.03631611157499957
0,35.2666,1.4125,-0.03644100941062
0,35.2666,1.415625,-0.03656660338223044
0,35.2666,1.41875,-0.03669289960420642
0,35.2666,1.421875,-0.036819904276682205
0,35.2666,1.425,-0.03694762368734433
0,35.2666,1.428125,-0.03707606421327414
0,35.2666,1.43125,-0.037205232322840946
0,35.2666,1.434375,-0.037335134577647484
0,35.2666,1.4375,-0.03746577763452916
0,35.2666,1.440625,-0.03759716824760903
0,35.2666,1.44375,-0.03772931327041033
0,35.2666,1.446875,-0.037862219658028176
0,35.2666,1.45,-0.03799589446936274
0,35.2666,1.453125,-0.03813034486941556
0,35.2666,1.45625,-0.0382655781316513
0,35.2666,1.459375,-0.038401601640427004
0,35.2666,1.4625,-0.038538422893491076
0,35.2666,1.465625,-0.038676049504554416
0,35.2666,1.46875,-0.03881448920593582
0,35.2666,1.471875,-0.03895374985128438
0,35.2666,1.475,-0.0390938394183815
0,35.2666,1.478125,-0.039234766012024754
0,35.2666,1.48125,-0.03937653786699687
0,35.2666,1.484375,-0.039519163351122266
0,35.2666,1.4875,-0.03966265096841434
0,35.2666,1.490625,-0.039807009362316466
0,35.2666,1.49375,-0.03995224731903972
0,35.2666,1.496875,-0.04009837377100099
0,35.2666,1.5,-0.04024539780036432
0,35.2666,1.503125,-0.040393328642689436
0,35.2666,1.50625,-0.0405421756906909
0,35.2666,1.509375,-0.040691948498111544
0,35.2666,1.5125000000000002,-0.04084265678371435
0,35.2666,1.515625,-0.040994310435396364
0,35.2666,1.51875,-0.04114691951442928
0,35.2666,1.521875,-0.04130049425983064
0,35.2666,1.525,-0.04145504509287018
0,35.2666,1.5281250000000002,-0.04161058262171604
0,35.2666,1.53125,-0.04176711764622538
0,35.2666,1.534375,-0.041924661162884604
0,35.2666,1.5375,-0.04208322436990384
0,35.2666,1.540625,-0.0422428186724714
0,35.2666,1.5437500000000002,-0.042403455688173324
0,35.2666,1.546875,-0.04256514725258358
0,35.2666,1.55,-0.04272790542503101
0,35.2666,1.553125,-0.04289174249454858
0,35.2666,1.55625,-0.043056670986011326
0,35.2666,1.5593750000000002,-0.04322270366646937
0,35.2666,1.5625,-0.04338985355168219
0,35.2666,1.565625,-0.04355813391286152
0,35.2666,1.56875,-0.043727558283628974
0,35.2666,1.571875,-0.043898140467196305
0,35.2666,1.5750000000000002,-0.044069894543775134
0,35.2666,1.578125,-0.04424283487822381
0,35.2666,1.58125,-0.04441697612793936
0,35.2666,1.584375,-0.044592333251002106
0,35.2666,1.5875,-0.044768921514581346
0,35.2666,1.5906250000000002,-0.04494675650361048
0,35.2666,1.59375,-0.04512585412973976
0,35.2666,1.596875,-0.0453062306405761
0,35.2666,1.6,-0.045487902629217966
0,35.2666,1.603125,-0.04567088704409521
0,35.2666,1.6062500000000002,-0.04585520119912271
0,35.2666,1.609375,-0.046040862784177246
0,35.2666,1.6125,-0.04622788987590745
0,35.2666,1.615625,-0.046416300948886026
0,35.2666,1.61875,-0.04660611488711447
0,35.2666,1.6218750000000002,-0.04679735099588999
0,35.2666,1.625,-0.04699002901404427
0,35.2666,1.628125,-0.04718416912656463
0,35.2666,1.63125,-0.04737979197760669
0,35.2666,1.634375,-0.047576918683909175
0,35.2666,1.6375000000000002,-0.04777557084862007
0,35.2666,1.640625,-0.04797577057554382
0,35.2666,1.64375,-0.04817754048381945
0,35.2666,1.646875,-0.048380903723037806
0,35.2666,1.65,-0.048585883988807595
0,35.2666,1.6531250000000002,-0.048792505538777946
0,35.2666,1.65625,-0.049000793209125273
0,35.2666,1.659375,-0.04921077243151215
0,35.2666,1.6625,-0.04942246925052374
0,35.2666,1.665625,-0.04963591034158775
0,35.2666,1.6687500000000002,-0.049851123029382514
0,35.2666,1.671875,-0.05006813530673557
0,35.2666,1.675,-0.050286975854015835
0,35.2666,1.678125,-0.05050767405901825
0,35.2666,1.68125,-0.0507302600373403
0,35.2666,1.6843750000000002,-0.050954764653246325
0,35.2666,1.6875,-0.05118121954101342
0,35.2666,1.690625,-0.051409657126750746
0,35.2666,1.69375,-0.05164011065067986
0,35.2666,1.696875,-0.051872614189861554
0,35.2666,1.7000000000000002,-0.05210720268135011
0,35.2666,1.703125,-0.05234391194575136
0,35.2666,1.70625,-0.05258277871115764
0,35.2666,1.709375,-0.052823840637425096
0,35.2666,1.7125,-0.0530671363407551
0,35.2666,1.7156250000000002,-0.053312705418533564
0,35.2666,1.71875,-0.05356058847437459
0,35.2666,1.721875,-0.05381082714330781
0,35.2666,1.725,-0.054063464117038044
0,35.2666,1.728125,-0.054318543169197285
0,35.2666,1.7312500000000002,-0.05457610918049702
0,35.2666,1.734375,-0.05483620816367659
0,35.2666,1.7375,-0.05509888728813051
0,35.2666,1.740625,-0.055364194904081156
0,35.2666,1.74375,-0.05563218056614812
0,35.2666,1.7468750000000002,-0.05590289505614644
0,35.2666,1.75,-0.056176390404925766
0,35.2666,1.753125,-0.05645271991304141
0,35.2666,1.75625,-0.05673193817002262
0,35.2666,1.759375,-0.05701410107197803
0,35.2666,1.7625000000000002,-0.057299265837248946
0,35.2666,1.765625,-0.057587491019788495
0,35.2666,1.76875,-0.05787883651991167
0,35.2666,1.771875,-0.058173363592021535
0,35.2666,1.775,-0.05847113484887695
0,35.2666,1.7781250000000002,-0.058772214261922244
0,35.2666,1.78125,-0.05907666715714942
0,35.2666,1.784375,-0.05938456020591264
0,35.2666,1.7875,-0.0596959614100555
0,35.2666,1.790625,-0.06001094008065177
0,35.2666,1.7937500000000002,-0.06032956680959264
0,35.2666,1.796875,-0.06065191343318216
0,35.2666,1.8,-0.06097805298682708
0,35.2666,1.803125,-0.06130805964982318
0,35.2666,1.80625,-0.06164200867915479
0,35.2666,1.8093750000000002,-0.06197997633113054
0,35.2666,1.8125,-0.06232203976957911
0,35.2666,1.815625,-0.06266827695922722
0,35.2666,1.81875,-0.06301876654277062
0,35.2666,1.821875,-0.06337358770003786
0,35.2666,1.8250000000000002,-0.06373281998752714
0,35.2666,1.828125,-0.06409654315647603
0,35.2666,1.83125,-0.06446483694750091
0,35.2666,1.834375,-0.06483778085971643
0,35.2666,1.8375,-0.06521545389212298
0,35.2666,1.8406250000000002,-0.06559793425492645
0,35.2666,1.84375,-0.06598529904833762
0,35.2666,1.846875,-0.06637762390628986
0,35.2666,1.85,-0.0667749826024131
0,35.2666,1.853125,-0.06717744661552082
0,35.2666,1.8562500000000002,-0.06758508465180221
0,35.2666,1.859375,-0.06799796212087379
0,35.2666,1.8625,-0.06841614056284043
0,35.2666,1.865625,-0.06883967702354758
0,35.2666,1.86875,-0.06926862337529036
0,35.2666,1.8718750000000002,-0.06970302558038244
0,35.2666,1.875,-0.07014292289519543
0,35.2666,1.878125,-0.07058834701256617
0,35.2666,1.88125,-0.07103932114084582
0,35.2666,1.884375,-0.07149585901835104
0,35.2666,1.8875000000000002,-0.07195796386257941
0,35.2666,1.890625,-0.07242562725429132
0,35.2666,1.89375,-0.07289882795745041
0,35.2666,1.896875,-0.07337753067706823
0,35.2666,1.9,-0.07386168475823639
0,35.2666,1.9031250000000002,-0.07435122283105713
0,35.2666,1.90625,-0.07484605940781784
0,35.2666,1.909375,-0.07534608944060361
0,35.2666,1.9125,-0.07585118684960436
0,35.2666,1.915625,-0.07636120303465496
0,35.2666,1.9187500000000002,-0.07687596538503352
0,35.2666,1.921875,-0.07739527580521754
0,35.2666,1.925,-0.07791890927713876
0,35.2666,1.928125,-0.07844661248243327
0,35.2666,1.93125,-0.07897810251121379
0,35.2666,1.9343750000000002,-0.07951306568691341
0,35.2666,1.9375,-0.08005115653968788
0,35.2666,1.940625,-0.08059199696360825
0,35.2666,1.94375,-0.08113517559530387
0,35.2666,1.946875,-0.08168024745369734
0,35.2666,1.9500000000000002,-0.08222673388184151
0,35.2666,1.953125,-0.08277412283247096
0,35.2666,1.95625,-0.08332186953853682
0,35.2666,1.959375,-0.08386939760852961
0,35.2666,1.9625,-0.0844161005836527
0,35.2666,1.9656250000000002,-0.08496134398972646
0,35.2666,1.96875,-0.08550446791097208
0,35.2666,1.971875,-0.08604479010545706
0,35.2666,1.975,-0.08658160967295346
0,35.2666,1.978125,-0.08711421127531187
0,35.2666,1.9812500000000002,-0.0876418698972961
0,35.2666,1.984375,-0.0881638561223633
0,35.2666,1.9875,-0.08867944188340797
0,35.2666,1.990625,-0.0891879066333941
0,35.2666,1.99375,-0.08968854386556353
0,35.2666,1.9968750000000002,-0.09018066789806825
0,35.2666,2.0,-0.09066362082404376
0,35.2666,2.003125,-0.0911367795159578
0,35.2666,2.00625,-0.0915995625631633
0,35.2666,2.0093750000000004,-0.09205143701457319
0,35.2666,2.0125,-0.09249192479477292
0,35.2666,2.015625,-0.09292060866211843
0,35.2666,2.01875,-0.09333713758169977
0,35.2666,2.021875,-0.0937412313945816
0,35.2666,2.0250000000000004,-0.09413268467735751
0,35.2666,2.028125,-0.09451136970248125
0,35.2666,2.03125,-0.09487723842956397
0,35.2666,2.034375,-0.09523032348018426
0,35.2666,2.0375,-0.09557073807293048
0,35.2666,2.0406250000000004,-0.09589867492046536
0,35.2666,2.04375,-0.09621440411540555
0,35.2666,2.046875,-0.09651827005577757
0,35.2666,2.05,-0.09681068748284535
0,35.2666,2.053125,-0.09709213672340128
0,35.2666,2.0562500000000004,-0.09736315824452757
0,35.2666,2.059375,-0.09762434664089684
0,35.2666,2.0625,-0.097876344182619
0,35.2666,2.065625,-0.098119834055386
0,35.2666,2.06875,-0.09835553342433634
0,35.2666,2.0718750000000004,-0.09858418644895067
0,35.2666,2.075,-0.09880655736883467
0,35.2666,2.078125,-0.09902342376998227
0,35.2666,2.08125,-0.09923557012865729
0,35.2666,2.084375,-0.09944378171602111
0,35.2666,2.0875000000000004,-0.09964883893170262
0,35.2666,2.090625,-0.09985151211925847
0,35.2666,2.09375,-0.10005255690144207
0,35.2666,2.096875,-0.10025271005885236
0,35.2666,2.1,-0.10045268596224392
0,35.2666,2.1031250000000004,-0.10065317355682588
0,35.2666,2.10625,-0.10085483388645132
0,35.2666,2.109375,-0.1010582981368055
0,35.2666,2.1125,-0.10126416616956736
0,35.2666,2.115625,-0.1014730055140135
0,35.2666,2.1187500000000004,-0.1016853507785658
0,35.2666,2.121875,-0.10190170344222944
0,35.2666,2.125,-0.10212253198457667
0,35.2666,2.128125,-0.10234827231273193
0,35.2666,2.13125,-0.10257932844453507
0,35.2666,2.1343750000000004,-0.10281607340852814
0,35.2666,2.1375,-0.10305885032346246
0,35.2666,2.140625,-0.10330797362250772
0,35.2666,2.14375,-0.10356373039012334
0,35.2666,2.146875,-0.10382638178250886
0,35.2666,2.1500000000000004,-0.10409616450558072
0,35.2666,2.153125,-0.10437329232744612
0,35.2666,2.15625,-0.10465795760528937
0,35.2666,2.159375,-0.10495033280940486
0,35.2666,2.1625,-0.10525057202976305
0,35.2666,2.1656250000000004,-0.10555881245295402
0,35.2666,2.16875,-0.1058751757996045
0,35.2666,2.171875,-0.10619976971439815
0,35.2666,2.175,-0.10653268910264517
0,35.2666,2.178125,-0.10687401740895347
0,35.2666,2.1812500000000004,-0.10722382783495212
0,35.2666,2.184375,-0.10758218449422878
0,35.2666,2.1875,-0.10794914350366966
0,35.2666,2.190625,-0.10832475401125805
0,35.2666,2.19375,-0.10870905916110327
0,35.2666,2.1968750000000004,-0.10910209699705539
0,35.2666,2.2,-0.10950390130672528
0,35.2666,2.203125,-0.10991450240808937
0,35.2666,2.20625,-0.110333927881127
0,35.2666,2.209375,-0.11076220324712889
0,35.2666,2.2125000000000004,-0.11119935259843584
0,35.2666,2.215625,-0.11164539918143367
0,35.2666,2.21875,-0.1121003659356451
0,35.2666,2.221875,-0.11256427599173571
0,35.2666,2.225,-0.11303715313119501
0,35.2666,2.2281250000000004,-0.11351902221036703
0,35.2666,2.23125,-0.11400990955140047
0,35.2666,2.234375,-0.11450984330256238
0,35.2666,2.2375,-0.11501885377021981
0,35.2666,2.240625,-0.11553697372464652
0,35.2666,2.2437500000000004,-0.11606423868164957
0,35.2666,2.246875,-0.1166006871618462
0,35.2666,2.25,-0.11714636092924884
0,35.2666,2.253125,-0.11770130521063601
0,35.2666,2.25625,-0.11826556889700847
0,35.2666,2.2593750000000004,-0.11883920472823813
0,35.2666,2.2625,-0.11942226946182903
0,35.2666,2.265625,-0.12001482402650902
0,35.2666,2.26875,-0.12061693366116635
0,35.2666,2.271875,-0.12122866803943583
0,35.2666,2.2750000000000004,-0.12185010138001531
0,35.2666,2.278125,-0.12248131254256457
0,35.2666,2.28125,-0.12312238510879381
0,35.2666,2.284375,-0.12377340744809173
0,35.2666,2.2875,-0.1244344727667706
0,35.2666,2.2906250000000004,-0.1251056791397129
0,35.2666,2.29375,-0.12578712952289314
0,35.2666,2.296875,-0.12647893174491132
0,35.2666,2.3,-0.1271811984753147
0,35.2666,2.303125,-0.12789404716709585
0,35.2666,2.3062500000000004,-0.12861759997033403
0,35.2666,2.309375,-0.12935198361349767
0,35.2666,2.3125,-0.13009732924843617
0,35.2666,2.315625,-0.1308537722545669
0,35.2666,2.31875,-0.13162145199720404
0,35.2666,2.3218750000000004,-0.13240051153437413
0,35.2666,2.325,-0.13319109726583056
0,35.2666,2.328125,-0.13399335851730326
0,35.2666,2.33125,-0.13480744705231826
0,35.2666,2.334375,-0.13563351650318886
0,35.2666,2.3375000000000004,-0.13647172171202973
0,35.2666,2.340625,-0.13732221797188782
0,35.2666,2.34375,-0.13818516015732943
0,35.2666,2.346875,-0.13906070173309773
0,35.2666,2.35,-0.1399489936287802
0,35.2666,2.3531250000000004,-0.14085018296682789
0,35.2666,2.35625,-0.14176441163079825
0,35.2666,2.359375,-0.14269181466038
0,35.2666,2.3625,-0.1436325184596748
0,35.2666,2.365625,-0.1445866388054157
0,35.2666,2.3687500000000004,-0.1455542786423681
0,35.2666,2.371875,-0.14653552565419362
0,35.2666,2.375,-0.14753044959964076
0,35.2666,2.378125,-0.14853909940619392
0,35.2666,2.38125,-0.1495615000163779
0,35.2666,2.3843750000000004,-0.15059764898591704
0,35.2666,2.3875,-0.15164751283803324
0,35.2666,2.390625,-0.15271102318446464
0,35.2666,2.39375,-0.1537880726314451
0,35.2666,2.396875,-0.15487851049801502
0,35.2666,2.4000000000000004,-0.15598213838472494
0,35.2666,2.403125,-0.15709870564309705
0,35.2666,2.40625,-0.15822790481009605
0,35.2666,2.409375,-0.15936936708724014
0,35.2666,2.4125,-0.16052265796063286
0,35.2666,2.4156250000000004,-0.1616872730757718
0,35.2666,2.41875,-0.16286263449899047
0,35.2666,2.421875,-0.16404808751511862
0,35.2666,2.425,-0.16524289812751897
0,35.2666,2.428125,-0.16644625144099726
0,35.2666,2.4312500000000004,-0.16765725111887644
0,35.2666,2.434375,-0.16887492011134952
0,35.2666,2.4375,-0.17009820285148367
0,35.2666,2.440625,-0.17132596910635453
0,35.2666,2.44375,-0.17255701965221354
0,35.2666,2.4468750000000004,-0.1737900939130131
0,35.2666,2.45,-0.1750238796601299
0,35.2666,2.453125,-0.17625702481735767
0,35.2666,2.45625,-0.17748815134958718
0,35.2666,2.459375,-0.17871587113734766
0,35.2666,2.4625000000000004,-0.17993880365485926
0,35.2666,2.465625,-0.18115559517982968
0,35.2666,2.46875,-0.182364939173297
0,35.2666,2.471875,-0.18356559738260675
0,35.2666,2.475,-0.18475642114588103
0,35.2666,2.4781250000000004,-0.18593637231797697
0,35.2666,2.48125,-0.1871045432014883
0,35.2666,2.484375,-0.18826017485641175
0,35.2666,2.4875,-0.18940267318185652
0,35.2666,2.490625,-0.19053162221389097
0,35.2666,2.4937500000000004,-0.1916467941643407
0,35.2666,2.496875,-0.19274815583286636
0,35.2666,2.5,-0.19383587115352324
0,35.2666,2.503125,-0.19491029978004987
0,35.2666,2.50625,-0.1959719917629234
0,35.2666,2.5093750000000004,-0.19702167851681587
0,35.2666,2.5125,-0.19806026041085337
0,35.2666,2.515625,-0.1990887914283852
0,35.2666,2.51875,-0.20010846143184677
0,35.2666,2.521875,-0.20112057662785657
0,35.2666,2.5250000000000004,-0.20212653885632476
0,35.2666,2.528125,-0.20312782432573007
0,35.2666,2.53125,-0.2041259623874902
0,35.2666,2.534375,-0.20512251488977387
0,35.2666,2.5375,-0.20611905658048746
0,35.2666,2.5406250000000004,-0.20711715694636862
0,35.2666,2.54375,-0.2081183637859834
0,35.2666,2.546875,-0.2091241887243654
0,35.2666,2.55,-0.21013609479070797
0,35.2666,2.553125,-0.21115548610160711
0,35.2666,2.5562500000000004,-0.21218369962346917
0,35.2666,2.559375,-0.21322199893043042
0,35.2666,2.5625,-0.21427156982911444
0,35.2666,2.565625,-0.2153335176886185
0,35.2666,2.56875,-0.21640886629249728
0,35.2666,2.5718750000000004,-0.2174985580179721
0,35.2666,2.575,-0.21860345514467286
0,35.2666,2.578125,-0.2197243420993105
0,35.2666,2.58125,-0.22086192845219774
0,35.2666,2.584375,-0.22201685249499212
0,35.2666,2.5875000000000004,-0.22318968524508292
0,35.2666,2.590625,-0.22438093473954385
0,35.2666,2.59375,-0.22559105049956948
0,35.2666,2.596875,-0.2268204280640727
0,35.2666,2.6,-0.2280694135080806
0,35.2666,2.6031250000000004,-0.22933830787733542
0,35.2666,2.60625,-0.23062737148484372
0,35.2666,2.609375,-0.2319368280278784
0,35.2666,2.6125,-0.2332668684950936
0,35.2666,2.615625,-0.23461765484298772
0,35.2666,2.6187500000000004,-0.23598932342901824
0,35.2666,2.621875,-0.23738198819535547
0,35.2666,2.625,-0.23879574360267897
0,35.2666,2.628125,-0.2402306673177245
0,35.2666,2.63125,-0.2416868226616146
0,35.2666,2.6343750000000004,-0.243164260828488
0,35.2666,2.6375,-0.24466302288572228
0,35.2666,2.640625,-0.24618314156822388
0,35.2666,2.64375,-0.2477246428799565
0,35.2666,2.646875,-0.24928754751618887
0,35.2666,2.6500000000000004,-0.2508718721199347
0,35.2666,2.653125,-0.2524776303858182
0,35.2666,2.65625,-0.2541048340241711
0,35.2666,2.659375,-0.25575349359761224
0,35.2666,2.6625,-0.2574236192417173
0,35.2666,2.6656250000000004,-0.25911522128067993
0,35.2666,2.66875,-0.26082831074813423
0,35.2666,2.671875,-0.2625628998225609
0,35.2666,2.675,-0.26431900218596294
0,35.2666,2.678125,-0.2660966333137753
0,35.2666,2.6812500000000004,-0.2678958107032793
0,35.2666,2.684375,-0.2697165540471349
0,35.2666,2.6875,-0.27155888535801526
0,35.2666,2.690625,-0.27342282904974885
0,35.2666,2.69375,-0.2753084119798303
0,35.2666,2.6968750000000004,-0.27721566345765697
0,35.2666,2.7,-0.27914461522239037
0,35.2666,2.703125,-0.281095301393912
0,35.2666,2.70625,-0.28306775839995996
0,35.2666,2.709375,-0.28506202488217924
0,35.2666,2.7125000000000004,-0.2870781415834992
0,35.2666,2.715625,-0.289116151218965
0,35.2666,2.71875,-0.2911760983318863
0,35.2666,2.721875,-0.29325802913693194
0,35.2666,2.725,-0.2953619913515927
0,35.2666,2.7281250000000004,-0.2974880340172406
0,35.2666,2.73125,-0.29963620731085006
0,35.2666,2.734375,-0.30180656234829073
0,35.2666,2.7375,-0.30399915097996977
0,35.2666,2.740625,-0.30621402557948474
0,35.2666,2.7437500000000004,-0.308451238825837
0,35.2666,2.746875,-0.3107108434796702
0,35.2666,2.75,-0.312992892153908
0,35.2666,2.753125,-0.3152974370790961
0,35.2666,2.75625,-0.31762452986369
0,35.2666,2.7593750000000004,-0.3199742212494746
0,35.2666,2.7625,-0.32234656086224944
0,35.2666,2.765625,-0.32474159695787647
0,35.2666,2.76875,-0.3271593761637443
0,35.2666,2.771875,-0.3295999432156761
0,35.2666,2.7750000000000004,-0.3320633406902789
0,35.2666,2.778125,-0.33454960873271194
0,35.2666,2.78125,-0.3370587847798298
0,35.2666,2.784375,-0.3395909032786396
0,35.2666,2.7875,-0.34214599540000334
0,35.2666,2.7906250000000004,-0.3447240887475035
0,35.2666,2.79375,-0.3473252070613826
0,35.2666,2.796875,-0.34994936991746495
0,35.2666,2.8,-0.3525965924209611
0,35.2666,2.803125,-0.3552668848950605
0,35.2666,2.8062500000000004,-0.35796025256421377
0,35.2666,2.809375,-0.3606766952320125
0,35.2666,2.8125,-0.3634162069535776
0,35.2666,2.815625,-0.36617877570236745
0,35.2666,2.81875,-0.3689643830313349
0,35.2666,2.8218750000000004,-0.3717730037283591
0,35.2666,2.825,-0.3746046054658999
0,35.2666,2.828125,-0.37745914844482154
0,35.2666,2.83125,-0.3803365850323522
0,35.2666,2.834375,-0.3832368593941597
0,35.2666,2.8375000000000004,-0.3861599071205323
0,35.2666,2.840625,-0.3891056548466792
0,35.2666,2.84375,-0.39207401986717333
0,35.2666,2.846875,-0.39506490974458175
0,35.2666,2.85,-0.3980782219123478
0,35.2666,2.8531250000000004,-0.40111384327201177
0,35.2666,2.85625,-0.40417164978487635
0,35.2666,2.859375,-0.40725150605824895
0,35.2666,2.8625,-0.4103532649264126
0,35.2666,2.865625,-0.41347676702650993
0,35.2666,2.8687500000000004,-0.4166218403695453
0,35.2666,2.871875,-0.4197882999067456
0,35.2666,2.875,-0.42297594709154235
0,35.2666,2.878125,-0.42618456943747135
0,35.2666,2.88125,-0.4294139400723212
0,35.2666,2.8843750000000004,-0.43266381728889214
0,35.2666,2.8875,-0.43593394409276204
0,35.2666,2.890625,-0.43922404774749585
0,35.2666,2.89375,-0.44253383931776197
0,35.2666,2.896875,-0.44586301321087196
0,35.2666,2.9000000000000004,-0.4492112467172863
0,35.2666,2.903125,-0.45257819955068057
0,35.2666,2.90625,-0.4559635133882005
0,35.2666,2.909375,-0.4593668114115792
0,35.2666,2.9125,-0.4627876978498372
0,35.2666,2.9156250000000004,-0.4662257575243271
0,35.2666,2.91875,-0.4696805553969338
0,35.2666,2.921875,-0.47315163612228583
0,35.2666,2.925,-0.4766385236048772
0,35.2666,2.928125,-0.4801407205620557
0,35.2666,2.9312500000000004,-0.4836577080938736
0,35.2666,2.934375,-0.4871889452608507
0,35.2666,2.9375,-0.49073386867074675
0,35.2666,2.940625,-0.4942918920754837
0,35.2666,2.94375,-0.4978624059794194
0,35.2666,2.9468750000000004,-0.5014447772602072
0,35.2666,2.95,-0.5050383488035373
0,35.2666,2.953125,-0.508642439153095
0,35.2666,2.95625,-0.5122563421771148
0,35.2666,2.959375,-0.5158793267529603
0,35.2666,2.9625000000000004,-0.5195106364711984
0,35.2666,2.965625,-0.5231494893606803
0,35.2666,2.96875,-0.5267950776361779
0,35.2666,2.971875,-0.5304465674701608
0,35.2666,2.975,-0.5341030987903334
0,35.2666,2.9781250000000004,-0.5377637851045853
0,35.2666,2.98125,-0.5414277133550317
0,35.2666,2.984375,-0.5450939438028441
0,35.2666,2.9875,-0.5487615099455918
0,35.2666,2.990625,-0.5524294184688274
0,35.2666,2.9937500000000004,-0.5560966492336646
0,35.2666,2.996875,-0.5597621553020942
0,35.2666,3.0,-0.563424863001789
0,35.2666,3.0031250000000003,-0.567083672032132
0,35.2666,3.00625,-0.5707374556131992
0,35.2666,3.009375,-0.5743850606794038
0,35.2666,3.0125,-0.5780253081194715
0,35.2666,3.015625,-0.5816569930643953
0,35.2666,3.0187500000000003,-0.5852788852249693
0,35.2666,3.021875,-0.588889729280438
0,35.2666,3.025,-0.5924882453197591
0,35.2666,3.028125,-0.5960731293368855
0,35.2666,3.03125,-0.5996430537814091
0,35.2666,3.0343750000000003,-0.6031966681658179
0,35.2666,3.0375,-0.6067325997305097
0,35.2666,3.040625,-0.610249454167619
0,35.2666,3.04375,-0.6137458164045725
0,35.2666,3.046875,-0.6172202514481784
0,35.2666,3.0500000000000003,-0.6206713052899185
0,35.2666,3.053125,-0.6240975058729445
0,35.2666,3.05625,-0.6274973641211543
0,35.2666,3.059375,-0.6308693750305275
0,35.2666,3.0625,-0.6342120188227456
0,35.2666,3.0656250000000003,-0.6375237621609289
0,35.2666,3.06875,-0.640803059427123
0,35.2666,3.071875,-0.6440483540609816
0,35.2666,3.075,-0.6472580799588669
0,35.2666,3.078125,-0.6504306629323793
0,35.2666,3.0812500000000003,-0.6535645222251155
0,35.2666,3.084375,-0.656658072086198
0,35.2666,3.0875,-0.6597097233989251
0,35.2666,3.090625,-0.662717885362613
0,35.2666,3.09375,-0.665680967225492
0,35.2666,3.0968750000000003,-0.6685973800662652
0,35.2666,3.1,-0.671465538621692
0,35.2666,3.103125,-0.6742838631573285
0,35.2666,3.10625,-0.6770507813783053
0,35.2666,3.109375,-0.6797647303767926
0,35.2666,3.1125000000000003,-0.6824241586125759
0,35.2666,3.115625,-0.6850275279229209
0,35.2666,3.11875,-0.6875733155577127
0,35.2666,3.121875,-0.6900600162356194
0,35.2666,3.125,-0.6924861442168486
0,35.2666,3.1281250000000003,-0.6948502353878672
0,35.2666,3.13125,-0.6971508493532788
0,35.2666,3.134375,-0.6993865715299034
0,35.2666,3.1375,-0.7015560152379414
0,35.2666,3.140625,-0.7036578237839909
0,35.2666,3.1437500000000003,-0.705690672530573
0,35.2666,3.146875,-0.7076532709467241
0,35.2666,3.15,-0.7095443646341568
0,35.2666,3.153125,-0.7113627373234326
0,35.2666,3.15625,-0.7131072128345685
0,35.2666,3.1593750000000003,-0.7147766569965038
0,35.2666,3.1625,-0.7163699795198643
0,35.2666,3.165625,-0.7178861358175203
0,35.2666,3.16875,-0.7193241287674991
0,35.2666,3.171875,-0.7206830104129092
0,35.2666,3.1750000000000003,-0.7219618835936648
0,35.2666,3.178125,-0.7231599035049318
0,35.2666,3.18125,-0.724276279177405
0,35.2666,3.184375,-0.7253102748747051
0,35.2666,3.1875,-0.7262612114034169
0,35.2666,3.1906250000000003,-0.7271284673315307
0,35.2666,3.19375,-0.7279114801113006
0,35.2666,3.196875,-0.7286097471028394
0,35.2666,3.2,-0.729222826495055
0,35.2666,3.203125,-0.7297503381208633
0,35.2666,3.2062500000000003,-0.730191964163956
0,35.2666,3.209375,-0.730547449754742
0,35.2666,3.2125,-0.730816603453461
0,35.2666,3.215625,-0.7309992976188348
0,35.2666,3.21875,-0.7310954686610112
0,35.2666,3.2218750000000003,-0.7311051171779491
0,35.2666,3.225,-0.7310283079747879
0,35.2666,3.228125,-0.730865169966146
0,35.2666,3.23125,-0.7306158959616927
0,35.2666,3.234375,-0.7302807423357354
0,35.2666,3.2375000000000003,-0.7298600285819575
0,35.2666,3.240625,-0.7293541367548348
0,35.2666,3.24375,-0.7287635107996301
0,35.2666,3.246875,-0.7280886557732403
0,35.2666,3.25,-0.7273301369585302
0,35.2666,3.2531250000000003,-0.7264885788751171
0,35.2666,3.25625,-0.7255646641899173
0,35.2666,3.259375,-0.7245591325310539
0,35.2666,3.2625,-0.7234727792090326
0,35.2666,3.265625,-0.7223064538493527
0,35.2666,3.2687500000000003,-0.7210610589409719
0,35.2666,3.271875,-0.7197375483052739
0,35.2666,3.275,-0.718336925490381
0,35.2666,3.278125,-0.716860242095844
0,35.2666,3.28125,-0.7153085960328875
0,35.2666,3.2843750000000003,-0.7136831297255232
0,35.2666,3.2875,-0.7119850282579433
0,35.2666,3.290625,-0.7102155174736897
0,35.2666,3.29375,-0.7083758620321482
0,35.2666,3.296875,-0.7064673634279437
0,35.2666,3.3000000000000003,-0.7044913579788169
0,35.2666,3.303125,-0.7024492147875551
0,35.2666,3.30625,-0.7003423336834912
0,35.2666,3.309375,-0.6981721431490381
0,35.2666,3.3125,-0.6959400982366362
0,35.2666,3.3156250000000003,-0.6936476784813779
0,35.2666,3.31875,-0.6912963858144711
0,35.2666,3.321875,-0.6888877424825416
0,35.2666,3.325,-0.686423288977633
0,35.2666,3.328125,-0.6839045819825876
0,35.2666,3.3312500000000003,-0.6813331923362944
0,35.2666,3.334375,-0.6787107030231232
0,35.2666,3.3375,-0.6760387071906164
0,35.2666,3.340625,-0.6733188061993335
0,35.2666,3.34375,-0.6705526077084885
0,35.2666,3.3468750000000003,-0.6677417238008029
0,35.2666,3.35,-0.6648877691497669
0,35.2666,3.353125,-0.6619923592322468
0,35.2666,3.35625,-0.6590571085891503
0,35.2666,3.359375,-0.6560836291366136
0,35.2666,3.3625000000000003,-0.6530735285299235
0,35.2666,3.365625,-0.6500284085821723
0,35.2666,3.36875,-0.6469498637393688
0,35.2666,3.371875,-0.6438394796135337
0,35.2666,3.375,-0.6406988315750491
0,35.2666,3.3781250000000003,-0.6375294834053168
0,35.2666,3.38125,-0.634332986010569
0,35.2666,3.384375,-0.631110876197452
0,35.2666,3.3875,-0.6278646755108085
0,35.2666,3.390625,-0.6245958891338848
0,35.2666,3.3937500000000003,-0.6213060048509974
0,35.2666,3.396875,-0.6179964920725312
0,35.2666,3.4000000000000004,-0.6146688009219468
0,35.2666,3.403125,-0.6113243613843466
0,35.2666,3.40625,-0.6079645825159671
0,35.2666,3.4093750000000003,-0.6045908517138529
0,35.2666,3.4125,-0.6012045340448217
0,35.2666,3.4156250000000004,-0.5978069716327102
0,35.2666,3.41875,-0.5943994831027947
0,35.2666,3.421875,-0.5909833630821576
0,35.2666,3.4250000000000003,-0.5875598817547026
0,35.2666,3.428125,-0.584130284469427
0,35.2666,3.4312500000000004,-0.580695791400487
0,35.2666,3.434375,-0.5772575972575404
0,35.2666,3.4375,-0.5738168710447827
0,35.2666,3.4406250000000003,-0.5703747558670554
0,35.2666,3.44375,-0.5669323687813717
0,35.2666,3.4468750000000004,-0.5634908006921544
0,35.2666,3.45,-0.5600511162884901
0,35.2666,3.453125,-0.5566143540216543
0,35.2666,3.4562500000000003,-0.5531815261211801
0,35.2666,3.459375,-0.549753618647727
0,35.2666,3.4625000000000004,-0.5463315915810029
0,35.2666,3.465625,-0.5429163789410246
0,35.2666,3.46875,-0.5395088889409857
0,35.2666,3.4718750000000003,-0.5361100041700427
0,35.2666,3.475,-0.5327205818043418
0,35.2666,3.4781250000000004,-0.52934145384463
0,35.2666,3.48125,-0.5259734273788446
0,35.2666,3.484375,-0.5226172848680757
0,35.2666,3.4875000000000003,-0.5192737844543694
0,35.2666,3.490625,-0.5159436602888483
0,35.2666,3.4937500000000004,-0.5126276228786761
0,35.2666,3.496875,-0.5093263594514504
0,35.2666,3.5,-0.5060405343356194
0,35.2666,3.5031250000000003,-0.5027707893556028
0,35.2666,3.50625,-0.49951774424031203
0,35.2666,3.5093750000000004,-0.49628199704382714
0,35.2666,3.5125,-0.4930641245770401
0,35.2666,3.515625,-0.4898646828491067
0,35.2666,3.5187500000000003,-0.4866842075176185
0,35.2666,3.521875,-0.48352321434643886
0,35.2666,3.5250000000000004,-0.4803821996702011
0,35.2666,3.528125,-0.47726164086452477
0,35.2666,3.53125,-0.4741619968210344
0,35.2666,3.5343750000000003,-0.47108370842633507
0,35.2666,3.5375,-0.4680271990441329
0,35.2666,3.5406250000000004,-0.4649928749997296
0,35.2666,3.54375,-0.4619811260661901
0,35.2666,3.546875,-0.45899232595149336
0,35.2666,3.5500000000000003,-0.45602683278605155
0,35.2666,3.553125,-0.45308498961000404
0,35.2666,3.5562500000000004,-0.45016712485974036
0,35.2666,3.559375,-0.44727355285315656
0,35.2666,3.5625,-0.44440457427316793
0,35.2666,3.5656250000000003,-0.4415604766490612
0,35.2666,3.56875,-0.43874153483529243
0,35.2666,3.5718750000000004,-0.43594801148737233
0,35.2666,3.575,-0.43318015753452704
0,35.2666,3.578125,-0.43043821264883814
0,35.2666,3.5812500000000003,-0.4277224057106151
0,35.2666,3.584375,-0.42503295526977186
0,35.2666,3.5875000000000004,-0.4223700700030098
0,35.2666,3.590625,-0.4197339491666494
0,35.2666,3.59375,-0.41712478304496015
0,35.2666,3.5968750000000003,-0.41454275339388624
0,35.2666,3.6,-0.41198803388007266
0,35.2666,3.6031250000000004,-0.4094607905151273
0,35.2666,3.60625,-0.40696118208508403
0,35.2666,3.609375,-0.40448936057503654
0,35.2666,3.6125000000000003,-0.40204547158895315
0,35.2666,3.615625,-0.3996296547646886
0,35.2666,3.6187500000000004,-0.3972420441842298
0,35.2666,3.621875,-0.3948827687792405
0,35.2666,3.625,-0.39255195273197085
0,35.2666,3.6281250000000003,-0.39024971587162854
0,35.2666,3.63125,-0.3879761740663173
0,35.2666,3.6343750000000004,-0.3857314396106589
0,35.2666,3.6375,-0.38351562160924274
0,35.2666,3.640625,-0.381328826356042
0,35.2666,3.6437500000000003,-0.3791711577099665
0,35.2666,3.646875,-0.37704271746672124
0,35.2666,3.6500000000000004,-0.37494360572715524
0,35.2666,3.653125,-0.3728739212623033
0,35.2666,3.65625,-0.37083376187531886
0,35.2666,3.6593750000000003,-0.3688232247605246
0,35.2666,3.6625,-0.3668424068598028
0,35.2666,3.6656250000000004,-0.3648914052165603
0,35.2666,3.66875,-0.3629703173275217
0,35.2666,3.671875,-0.3610792414925945
0,35.2666,3.6750000000000003,-0.3592182771630778
0,35.2666,3.678125,-0.3573875252884813
0,35.2666,3.6812500000000004,-0.3555870886622311
0,35.2666,3.684375,-0.3538170722665553
0,35.2666,3.6875,-0.3520775836168338
0,35.2666,3.6906250000000003,-0.3503687331057212
0,35.2666,3.69375,-0.3486906343473471
0,35.2666,3.6968750000000004,-0.3470434045219042
0,35.2666,3.7,-0.34542716472095486
0,35.2666,3.703125,-0.3438420402937739
0,35.2666,3.7062500000000003,-0.3422881611950675
0,35.2666,3.709375,-0.34076566233440775
0,35.2666,3.7125000000000004,-0.33927468392772564
0,35.2666,3.715625,-0.33781537185122096
0,35.2666,3.71875,-0.3363878779980396
0,35.2666,3.7218750000000003,-0.33499236063808907
0,35.2666,3.725,-0.33362898478135833
0,35.2666,3.7281250000000004,-0.332297922545114
0,35.2666,3.73125,-0.33099935352535964
0,35.2666,3.734375,-0.32973346517293517
0,35.2666,3.7375000000000003,-0.3285004531746515
0,35.2666,3.740625,-0.32730052183985164
0,35.2666,3.7437500000000004,-0.3261338844927959
0,35.2666,3.746875,-0.3250007638712747
0,35.2666,3.75,-0.3239013925318506
0,35.2666,3.7531250000000003,-0.32283601326214056
0,35.2666,3.75625,-0.3218048795005457
0,35.2666,3.7593750000000004,-0.32080825576383964
0,35.2666,3.7625,-0.3198464180830284
0,35.2666,3.765625,-0.3189196544478918
0,35.2666,3.7687500000000003,-0.3180282652606181
0,35.2666,3.771875,-0.31717256379893954
0,35.2666,3.7750000000000004,-0.3163528766891704
0,35.2666,3.778125,-0.3155695443895516
0,35.2666,3.78125,-0.314822921684289
0,35.2666,3.7843750000000003,-0.31411337818867213
0,35.2666,3.7875,-0.3134412988656451
0,35.2666,3.7906250000000004,-0.3128070845541874
0,35.2666,3.79375,-0.312211152509852
0,35.2666,3.796875,-0.3116539369577798
0,35.2666,3.8000000000000003,-0.3111358896584974
0,35.2666,3.803125,-0.31065748048677094
0,35.2666,3.8062500000000004,-0.3102191980237626
0,35.2666,3.809375,-0.30982155016270035
0,35.2666,3.8125,-0.30946506472823115
0,35.2666,3.8156250000000003,-0.3091502901095797
0,35.2666,3.81875,-0.30887779590758657
0,35.2666,3.8218750000000004,-0.30864817359563496
0,35.2666,3.825,-0.3084620371944094
0,35.2666,3.828125,-0.3083200239603537
0,35.2666,3.8312500000000003,-0.30822279508760675
0,35.2666,3.834375,-0.30817103642309945
0,35.2666,3.8375000000000004,-0.3081654591943829
0,35.2666,3.840625,-0.3082068007496402
0,35.2666,3.84375,-0.3082958253091907
0,35.2666,3.8468750000000003,-0.3084333247276468
0,35.2666,3.85,-0.3086201192657078
0,35.2666,3.8531250000000004,-0.3088570583703859
0,35.2666,3.85625,-0.30914502146224654
0,35.2666,3.859375,-0.3094849187280066
0,35.2666,3.8625000000000003,-0.3098776919165725
0,35.2666,3.865625,-0.31032431513630865
0,35.2666,3.8687500000000004,-0.31082579565100155
0,35.2666,3.871875,-0.3113831746716297
0,35.2666,3.875,-0.3119975281406519
0,35.2666,3.8781250000000003,-0.31266996750509196
0,35.2666,3.88125,-0.31340164047421215
0,35.2666,3.8843750000000004,-0.31419373175704335
0,35.2666,3.8875,-0.31504746377444776
0,35.2666,3.890625,-0.31596409733975345
0,35.2666,3.8937500000000003,-0.31694493230128995
0,35.2666,3.896875,-0.31799130813937915
0,35.2666,3.9000000000000004,-0.31910460450949224
0,35.2666,3.903125,-0.3202862417223409
0,35.2666,3.90625,-0.3215376811506681
0,35.2666,3.9093750000000003,-0.3228604255513811
0,35.2666,3.9125,-0.3242560192904626
0,35.2666,3.9156250000000004,-0.3257260484567777
0,35.2666,3.91875,-0.32727214084944894
0,35.2666,3.921875,-0.32889596582192504
0,35.2666,3.9250000000000003,-0.3305992339641652
0,35.2666,3.928125,-0.3323836966025368
0,35.2666,3.9312500000000004,-0.33425114509505116
0,35.2666,3.934375,-0.336203409897416
0,35.2666,3.9375,-0.33824235937311053
0,35.2666,3.9406250000000003,-0.34036989831821163
0,35.2666,3.94375,-0.34258796616907766
0,35.2666,3.9468750000000004,-0.3448985348581913
0,35.2666,3.95,-0.34730360628046486
0,35.2666,3.953125,-0.3498052093291692
0,35.2666,3.9562500000000003,-0.3524053964572922
0,35.2666,3.959375,-0.35510623971664484
0,35.2666,3.9625000000000004,-0.35790982622337547
0,35.2666,3.965625,-0.3608182529947436
0,35.2666,3.96875,-0.3638336210981181
0,35.2666,3.9718750000000003,-0.3669580290491447
0,35.2666,3.975,-0.37019356539200216
0,35.2666,3.9781250000000004,-0.3735423003906324
0,35.2666,3.98125,-0.37700627675583964
0,35.2666,3.984375,-0.3805874993293529
0,35.2666,3.9875000000000003,-0.3842879236423259
0,35.2666,3.990625,-0.3881094432625079
0,35.2666,3.9937500000000004,-0.39205387584154155
0,35.2666,3.996875,-0.39612294777167156
0,35.2666,4.0,-0.4003182773598195
0,35.2666,4.003125000000001,-0.40464135642661114
0,35.2666,4.00625,-0.4090935302388505
0,35.2666,4.009375,-0.41367597568636943
0,35.2666,4.0125,-0.4183896776183238
0,35.2666,4.015625,-0.4232354032604893
0,35.2666,4.018750000000001,-0.42821367464387433
0,35.2666,4.021875,-0.4333247389868431
0,35.2666,4.025,-0.43856853698810166
0,35.2666,4.028125,-0.4439446690068016
0,35.2666,4.03125,-0.4494523591294291
0,35.2666,4.034375000000001,-0.45509041715110377
0,35.2666,4.0375,-0.460857198532371
0,35.2666,4.040625,-0.46675056243173735
0,35.2666,4.04375,-0.47276782795947875
0,35.2666,4.046875,-0.47890572885036664
0,35.2666,4.050000000000001,-0.4851603668116501
0,35.2666,4.053125,-0.4915271638685839
0,35.2666,4.05625,-0.49800081410266256
0,35.2666,4.059375,-0.5045752352572365
0,35.2666,4.0625,-0.5112435207712003
0,35.2666,4.065625000000001,-0.5179978928925144
0,35.2666,4.06875,-0.5248296576187961
0,35.2666,4.071875,-0.5317291623100665
0,35.2666,4.075,-0.5386857569167453
0,35.2666,4.078125,-0.5456877598618679
0,35.2666,4.081250000000001,-0.5527224297062872
0,35.2666,4.084375,-0.5597759438061388
0,35.2666,4.0875,-0.5668333852382657
0,35.2666,4.090625,-0.5738787393167039
0,35.2666,4.09375,-0.5808949010468156
0,35.2666,4.096875000000001,-0.5878636948570005
0,35.2666,4.1,-0.5947659079061247
0,35.2666,4.103125,-0.6015813381820708
0,35.2666,4.10625,-0.6082888584781715
0,35.2666,4.109375,-0.6148664971561061
0,35.2666,4.112500000000001,-0.6212915363726278
0,35.2666,4.115625,-0.6275406281627811
0,35.2666,4.11875,-0.6335899284345771
0,35.2666,4.121875,-0.6394152485428669
0,35.2666,4.125,-0.644992223679851
0,35.2666,4.128125000000001,-0.6502964968548635
0,35.2666,4.13125,-0.6553039167494075
0,35.2666,4.134375,-0.6599907472395322
0,35.2666,4.1375,-0.6643338858940238
0,35.2666,4.140625,-0.6683110883032373
0,35.2666,4.143750000000001,-0.6719011946898601
0,35.2666,4.146875,-0.6750843549206343
0,35.2666,4.15,-0.6778422477965503
0,35.2666,4.153125,-0.680158290365851
0,35.2666,4.15625,-0.6820178329935747
0,35.2666,4.159375000000001,-0.6834083360425094
0,35.2666,4.1625,-0.684319524277568
0,35.2666,4.165625,-0.6847435154961784
0,35.2666,4.16875,-0.6846749204026616
0,35.2666,4.171875,-0.6841109113695202
0,35.2666,4.175000000000001,-0.6830512584420542
0,35.2666,4.178125,-0.6814983317189962
0,35.2666,4.18125,-0.6794570700515125
0,35.2666,4.184375,-0.676934916814867
0,35.2666,4.1875,-0.6739417242898093
0,35.2666,4.190625000000001,-0.6704896289148328
0,35.2666,4.19375,-0.6665929003092735
0,35.2666,4.196875,-0.6622677674991134
0,35.2666,4.2,-0.6575322261863394
0,35.2666,4.203125,-0.6524058311788351
0,35.2666,4.206250000000001,-0.6469094782381972
0,35.2666,4.209375,-0.641065179610301
0,35.2666,4.2125,-0.634895837386825
0,35.2666,4.215625,-0.628425018618855
0,35.2666,4.21875,-0.6216767357828624
0,35.2666,4.221875000000001,-0.6146752358048873
0,35.2666,4.225,-0.6074448004007347
0,35.2666,4.228125,-0.6000095600094456
0,35.2666,4.23125,-0.5923933231038775
0,35.2666,4.234375,-0.5846194221733125
0,35.2666,4.237500000000001,-0.576710577204633
0,35.2666,4.240625,-0.5686887770525733
0,35.2666,4.24375,-0.5605751786958658
0,35.2666,4.246875,-0.5523900240312897
0,35.2666,4.25,-0.5441525735650213
0,35.2666,4.253125000000001,-0.535881056122298
0,35.2666,4.25625,-0.5275926335106054
0,35.2666,4.259375,-0.5193033789362579
0,35.2666,4.2625,-0.5110282678854444
0,35.2666,4.265625,-0.5027811801332533
0,35.2666,4.268750000000001,-0.4945749115332677
0,35.2666,4.271875,-0.48642119425962344
0,35.2666,4.275,-0.4783307242178596
0,35.2666,4.278125,-0.47031319440506686
0,35.2666,4.28125,-0.4623773330783425
0,35.2666,4.284375000000001,-0.45453094567963986
0,35.2666,4.2875,-0.44678095956006536
0,35.2666,4.290625,-0.43913347064464653
0,35.2666,4.29375,-0.43159379127673014
0,35.2666,4.296875,-0.42416649857681904
0,35.2666,4.300000000000001,-0.41685548274275297
0,35.2666,4.303125,-0.4096639948046906
0,35.2666,4.30625,-0.4025946934288896
0,35.2666,4.309375,-0.39564969043823167
0,35.2666,4.3125,-0.38883059478411663
0,35.2666,4.315625000000001,-0.3821385547643578
0,35.2666,4.31875,-0.3755742983345222
0,35.2666,4.321875,-0.36913817140644856
0,35.2666,4.325,-0.3628301740677866
0,35.2666,4.328125,-0.3566499946904059
0,35.2666,4.331250000000001,-0.35059704192449265
0,35.2666,4.334375,-0.3446704745989828
0,35.2666,4.3375,-0.33886922956854304
0,35.2666,4.340625,-0.33319204756307164
0,35.2666,4.34375,-0.32763749710779194
0,35.2666,4.346875000000001,-0.3222039965914286
0,35.2666,4.35,-0.3168898345665657
0,35.2666,4.353125,-0.31169318837078636
0,35.2666,4.35625,-0.30661214115992647
0,35.2666,4.359375,-0.3016446974457297
0,35.2666,4.362500000000001,-0.29678879723014695
0,35.2666,4.365625,-0.29204232882721104
0,35.2666,4.36875,-0.2874031404613744
0,35.2666,4.371875,-0.28286905072856444
0,35.2666,4.375,-0.27843785800289805
0,35.2666,4.378125000000001,-0.2741073488685623
0,35.2666,4.38125,-0.26987530565249457
0,35.2666,4.384375,-0.26573951312954097
0,35.2666,4.3875,-0.26169776446781
0,35.2666,4.390625,-0.2577478664777839
0,35.2666,4.393750000000001,-0.25388764422485743
0,35.2666,4.396875,-0.25011494506098075
0,35.2666,4.4,-0.24642764212727553
0,35.2666,4.403125,-0.24282363737587404
0,35.2666,4.40625,-0.23930086415561144
0,35.2666,4.409375000000001,-0.2358572894029375
0,35.2666,4.4125,-0.23249091547617073
0,35.2666,4.415625,-0.22919978166821026
0,35.2666,4.41875,-0.2259819654300412
0,35.2666,4.421875,-0.22283558333462788
0,35.2666,4.425000000000001,-0.21975879180839164
0,35.2666,4.428125,-0.21674978765510358
0,35.2666,4.43125,-0.2138068083948689
0,35.2666,4.434375,-0.21092813243893208
0,35.2666,4.4375,-0.20811207911910162
0,35.2666,4.440625000000001,-0.20535700858896247
0,35.2666,4.44375,-0.20266132161241887
0,35.2666,4.446875,-0.200023459253661
0,35.2666,4.45,-0.19744190248135268
0,35.2666,4.453125,-0.194915171698547
0,35.2666,4.456250000000001,-0.1924418262087753
0,35.2666,4.459375,-0.19002046362768918
0,35.2666,4.4625,-0.1876497192486919
0,35.2666,4.465625,-0.18532826537017474
0,35.2666,4.46875,-0.1830548105911291
0,35.2666,4.471875000000001,-0.18082809908124944
0,35.2666,4.475,-0.1786469098309564
0,35.2666,4.478125,-0.17651005588617802
0,35.2666,4.48125,-0.17441638357222483
0,35.2666,4.484375,-0.17236477171055062
0,35.2666,4.487500000000001,-0.1703541308318042
0,35.2666,4.490625,-0.16838340238814634
0,35.2666,4.49375,-0.16645155796744068
0,35.2666,4.496875,-0.1645575985116375
0,35.2666,4.5,-0.16270055354131896
0,35.2666,4.503125000000001,-0.1608794803881614
0,35.2666,4.50625,-0.15909346343680125
0,35.2666,4.509375,-0.15734161337737468
0,35.2666,4.5125,-0.1556230664698383
0,35.2666,4.515625,-0.15393698382095855
0,35.2666,4.518750000000001,-0.15228255067474805
0,35.2666,4.521875,-0.15065897571696135
0,35.2666,4.525,-0.14906549039413988
0,35.2666,4.528125,-0.14750134824761094
0,35.2666,4.53125,-0.14596582426270743
0,35.2666,4.534375000000001,-0.14445821423342844
0,35.2666,4.5375,-0.1429778341426605
0,35.2666,4.540625,-0.1415240195580109
0,35.2666,4.54375,-0.14009612504327074
0,35.2666,4.546875,-0.13869352358543202
0,35.2666,4.550000000000001,-0.13731560603717993
0,35.2666,4.553125,-0.13596178057471464
0,35.2666,4.55625,-0.13463147217072707
0,35.2666,4.559375,-0.13332412208234312
0,35.2666,4.5625,-0.13203918735379197
0,35.2666,4.565625000000001,-0.13077614033356794
0,35.2666,4.56875,-0.12953446820581624
0,35.2666,4.571875,-0.12831367253565898
0,35.2666,4.575,-0.12711326882818635
0,35.2666,4.578125,-0.1259327861007964
0,35.2666,4.581250000000001,-0.12477176646859078
0,35.2666,4.584375,-0.12362976474251088
0,35.2666,4.5875,-0.12250634803989419
0,35.2666,4.590625,-0.12140109540714811
0,35.2666,4.59375,-0.12031359745420743
0,35.2666,4.596875000000001,-0.11924345600047238
0,35.2666,4.6,-0.11819028373190708
0,35.2666,4.603125,-0.11715370386898166
0,35.2666,4.60625,-0.11613334984516101
0,35.2666,4.609375,-0.11512886499561938
0,35.2666,4.612500000000001,-0.11413990225589245
0,35.2666,4.615625,-0.1131661238701659
0,35.2666,4.61875,-0.11220720110890563
0,35.2666,4.621875,-0.11126281399555592
0,35.2666,4.625,-0.11033265104201222
0,35.2666,4.628125000000001,-0.10941640899260671
0,35.2666,4.63125,-0.1085137925763354
0,35.2666,4.634375,-0.10762451426706254
0,35.2666,4.6375,-0.10674829405145884
0,35.2666,4.640625,-0.10588485920441304
0,35.2666,4.643750000000001,-0.1050339440716862
0,35.2666,4.646875,-0.10419528985957034
0,35.2666,4.65,-0.1033686444313205
0,35.2666,4.653125,-0.10255376211014763
0,35.2666,4.65625,-0.10175040348854629
0,35.2666,4.659375000000001,-0.1009583352437573
0,35.2666,4.6625,-0.10017732995915991
0,35.2666,4.665625,-0.09940716595139341
0,35.2666,4.66875,-0.0986476271030275
0,35.2666,4.671875,-0.09789850270058535
0,35.2666,4.675000000000001,-0.09715958727775029
0,35.2666,4.678125,-0.09643068046357957
0,35.2666,4.68125,-0.09571158683555502
0,35.2666,4.684375,-0.09500211577731693
0,35.2666,4.6875,-0.09430208134091433
0,35.2666,4.690625000000001,-0.09361130211342827
0,35.2666,4.69375,-0.09292960108781866
0,35.2666,4.696875,-0.09225680553785003
0,35.2666,4.7,-0.09159274689696738
0,35.2666,4.703125,-0.0909372606409797
0,35.2666,4.706250000000001,-0.09029018617443146
0,35.2666,4.709375,-0.08965136672053531
0,35.2666,4.7125,-0.08902064921454414
0,35.2666,4.715625,-0.08839788420045452
0,35.2666,4.71875,-0.08778292573092082
0,35.2666,4.721875000000001,-0.08717563127028036
0,35.2666,4.725,-0.08657586160058191
0,35.2666,4.728125,-0.08598348073051618
0,35.2666,4.73125,-0.08539835580715685
0,35.2666,4.734375,-0.08482035703041124
0,35.2666,4.737500000000001,-0.08424935757009655
0,35.2666,4.740625,-0.08368523348555224
0,35.2666,4.74375,-0.08312786364770172
0,35.2666,4.746875,-0.08257712966348908
0,35.2666,4.75,-0.08203291580260387
0,35.2666,4.753125000000001,-0.08149510892642507
0,35.2666,4.75625,-0.08096359841910855
0,35.2666,4.759375,-0.08043827612074536
0,35.2666,4.7625,-0.07991903626252858
0,35.2666,4.765625,-0.07940577540385588
0,35.2666,4.768750000000001,-0.07889839237130995
0,35.2666,4.771875,-0.07839678819945345
0,35.2666,4.775,-0.07790086607337732
0,35.2666,4.778125,-0.07741053127295078
0,35.2666,4.78125,-0.07692569111871118
0,35.2666,4.784375000000001,-0.0764462549193459
0,35.2666,4.7875,-0.07597213392071266
0,35.2666,4.790625,-0.07550324125634707
0,35.2666,4.79375,-0.07503949189941461
0,35.2666,4.796875,-0.07458080261605399
0,35.2666,4.800000000000001,-0.07412709192007282
0,35.2666,4.803125,-0.07367828002895048
0,35.2666,4.80625,-0.07323428882110418
0,35.2666,4.809375,-0.07279504179438377
0,35.2666,4.8125,-0.07236046402574954
0,35.2666,4.815625000000001,-0.07193048213210082
0,35.2666,4.81875,-0.07150502423221716
0,35.2666,4.821875,-0.07108401990977531
0,35.2666,4.825,-0.07066740017741283
0,35.2666,4.828125,-0.07025509744180003
0,35.2666,4.831250000000001,-0.06984704546969298
0,35.2666,4.834375,-0.0694431793549357
0,35.2666,4.8375,-0.06904343548637995
0,35.2666,4.840625,-0.06864775151669911
0,35.2666,4.84375,-0.0682560663320626
0,35.2666,4.846875000000001,-0.06786832002264892
0,35.2666,4.85,-0.06748445385396991
0,35.2666,4.853125,-0.06710441023897966
0,35.2666,4.85625,-0.06672813271094838
0,35.2666,4.859375,-0.06635556589707273
0,35.2666,4.862500000000001,-0.0659866554928042
0,35.2666,4.865625,-0.06562134823687252
0,35.2666,4.86875,-0.06525959188698126
0,35.2666,4.871875,-0.06490133519615957
0,35.2666,4.875,-0.06454652788974538
0,35.2666,4.878125000000001,-0.06419512064298495
0,35.2666,4.88125,-0.06384706505922892
0,35.2666,4.884375,-0.06350231364870565
0,35.2666,4.8875,-0.06316081980785869
0,35.2666,4.890625,-0.06282253779922656
0,35.2666,4.893750000000001,-0.0624874227318529
0,35.2666,4.896875,-0.06215543054220984
0,35.2666,4.9,-0.06182651797561806
0,35.2666,4.903125,-0.061500642568152804
0,35.2666,4.90625,-0.061177762629016995
0,35.2666,4.909375000000001,-0.06085783722337151
0,35.2666,4.9125,-0.060540826155607935
0,35.2666,4.915625,-0.060226689953049736
0,35.2666,4.91875,-0.05991538985007304
0,35.2666,4.921875,-0.05960688777263025
0,35.2666,4.925000000000001,-0.05930114632316898
0,35.2666,4.928125,-0.05899812876593311
0,35.2666,4.93125,-0.05869779901263419
0,35.2666,4.934375,-0.05840012160848578
0,35.2666,4.9375,-0.05810506171858649
0,35.2666,4.940625000000001,-0.057812585114644884
0,35.2666,4.94375,-0.05752265816203566
0,35.2666,4.946875,-0.05723524780717632
0,35.2666,4.95,-0.05695032156521878
0,35.2666,4.953125,-0.056667847508042955
0,35.2666,4.956250000000001,-0.05638779425254716
0,35.2666,4.959375,-0.056110130949225956
0,35.2666,4.9625,-0.0558348272710261
0,35.2666,4.965625,-0.05556185340247623
0,35.2666,4.96875,-0.055291180029078776
0,35.2666,4.971875000000001,-0.055022778326960065
0,35.2666,4.975,-0.0547566199527702
0,35.2666,4.978125,-0.054492677033825036
0,35.2666,4.98125,-0.05423092215848642
0,35.2666,4.984375,-0.05397132836677063
0,35.2666,4.987500000000001,-0.05371386914118183
0,35.2666,4.990625,-0.05345851839776326
0,35.2666,4.99375,-0.05320525047735923
0,35.2666,4.996875,-0.05295404013708522
0,35.2666,5.0,-0.05270486254199694
0,35.2666,5.003125,-0.05245769325695586
0,35.2666,5.0062500000000005,-0.052212508238684445
0,35.2666,5.009375,-0.051969283828006925
0,35.2666,5.0125,-0.05172799674226973
0,35.2666,5.015625,-0.051488624067937944
0,35.2666,5.01875,-0.05125114325336242
0,35.2666,5.0218750000000005,-0.05101553210171335
0,35.2666,5.025,-0.05078176876407602
0,35.2666,5.028125,-0.050549831732704026
0,35.2666,5.03125,-0.05031969983442668
0,35.2666,5.034375,-0.05009135222420596
0,35.2666,5.0375000000000005,-0.04986476837883926
0,35.2666,5.040625,-0.04963992809080476
0,35.2666,5.04375,-0.04941681146224445
0,35.2666,5.046875,-0.04919539889908294
0,35.2666,5.05,-0.04897567110527727
0,35.2666,5.0531250000000005,-0.048757609077195084
0,35.2666,5.05625,-0.04854119409811776
0,35.2666,5.059375,-0.04832640773286497
0,35.2666,5.0625,-0.0481132318225383
0,35.2666,5.065625,-0.04790164847938035
0,35.2666,5.0687500000000005,-0.04769164008174665
0,35.2666,5.071875,-0.047483189269187785
0,35.2666,5.075,-0.04727627893763825
0,35.2666,5.078125,-0.04707089223471033
0,35.2666,5.08125,-0.04686701255508978
0,35.2666,5.0843750000000005,-0.04666462353603093
0,35.2666,5.0875,-0.04646370905294902
0,35.2666,5.090625,-0.04626425321510666
0,35.2666,5.09375,-0.04606624036139317
0,35.2666,5.096875,-0.04586965505619355
0,35.2666,5.1000000000000005,-0.045674482085345545
0,35.2666,5.103125,-0.04548070645218242
0,35.2666,5.10625,-0.04528831337365907
0,35.2666,5.109375,-0.04509728827656019
0,35.2666,5.1125,-0.044907616793787825
0,35.2666,5.1156250000000005,-0.04471928476072673
0,35.2666,5.11875,-0.0445322782116858
0,35.2666,5.121875,-0.044346583376413125
0,35.2666,5.125,-0.044162186676683805
0,35.2666,5.128125,-0.043979074722958186
0,35.2666,5.1312500000000005,-0.043797234311108935
0,35.2666,5.134375,-0.04361665241921569
0,35.2666,5.1375,-0.04343731620442494
0,35.2666,5.140625,-0.04325921299987459
0,35.2666,5.14375,-0.04308233031168085
0,35.2666,5.1468750000000005,-0.042906655815986475
0,35.2666,5.15,-0.042732177356068844
0,35.2666,5.153125,-0.0425588829395062
0,35.2666,5.15625,-0.042386760735401124
0,35.2666,5.159375,-0.04221579907165973
0,35.2666,5.1625000000000005,-0.04204598643232519
0,35.2666,5.165625,-0.0418773114549647
0,35.2666,5.16875,-0.04170976292810796
0,35.2666,5.171875,-0.041543329788737
0,35.2666,5.175,-0.041378001119825224
0,35.2666,5.1781250000000005,-0.0412137661479251
0,35.2666,5.18125,-0.04105061424080349
0,35.2666,5.184375,-0.04088853490512283
0,35.2666,5.1875,-0.04072751778416804
0,35.2666,5.190625,-0.04056755265561754
0,35.2666,5.1937500000000005,-0.040408629429357544
0,35.2666,5.196875,-0.040250738145338874
0,35.2666,5.2,-0.040093868971474746
0,35.2666,5.203125,-0.03993801220157946
0,35.2666,5.20625,-0.03978315825334642
0,35.2666,5.2093750000000005,-0.039629297666364895
0,35.2666,5.2125,-0.039476421100174776
0,35.2666,5.215625,-0.039324519332357935
0,35.2666,5.21875,-0.03917358325666632
0,35.2666,5.221875,-0.039023603881185046
0,35.2666,5.2250000000000005,-0.03887457232653035
0,35.2666,5.228125,-0.038726479824081464
0,35.2666,5.23125,-0.03857931771424539
0,35.2666,5.234375,-0.038433077444754334
0,35.2666,5.2375,-0.03828775056899492
0,35.2666,5.2406250000000005,-0.038143328744368224
0,35.2666,5.24375,-0.0379998037306806
0,35.2666,5.246875,-0.037857167388563706
0,35.2666,5.25,-0.03771541167792415
0,35.2666,5.253125,-0.03757452865642136
0,35.2666,5.2562500000000005,-0.03743451047797341
0,35.2666,5.259375,-0.037295349391290214
0,35.2666,5.2625,-0.037157037738433256
0,35.2666,5.265625,-0.03701956795340172
0,35.2666,5.26875,-0.03688293256074404
0,35.2666,5.2718750000000005,-0.036747124174194686
0,35.2666,5.275,-0.03661213549533544
0,35.2666,5.278125,-0.03647795931228063
0,35.2666,5.28125,-0.03634458849838611
0,35.2666,5.284375,-0.03621201601098106
0,35.2666,5.2875000000000005,-0.03608023489012264
0,35.2666,5.290625,-0.03594923825737259
0,35.2666,5.29375,-0.03581901931459547
0,35.2666,5.296875,-0.03568957134277825
0,35.2666,5.3,-0.03556088770087059
0,35.2666,5.3031250000000005,-0.03543296182464553
0,35.2666,5.30625,-0.03530578722558029
0,35.2666,5.309375,-0.03517935748975617
0,35.2666,5.3125,-0.035053666276778125
0,35.2666,5.315625,-0.03492870731871281
0,35.2666,5.3187500000000005,-0.034804474419045044
0,35.2666,5.321875,-0.0346809614516525
0,35.2666,5.325,-0.03455816235979767
0,35.2666,5.328125,-0.03443607115513758
0,35.2666,5.33125,-0.034314681916750134
0,35.2666,5.3343750000000005,-0.03419398879017726
0,35.2666,5.3375,-0.03407398598648442
0,35.2666,5.340625,-0.03395466778133584
0,35.2666,5.34375,-0.033836028514085625
0,35.2666,5.346875,-0.03371806258688423
0,35.2666,5.3500000000000005,-0.03360076446379982
0,35.2666,5.353125,-0.0334841286699547
0,35.2666,5.35625,-0.033368149790675754
0,35.2666,5.359375,-0.03325282247065963
0,35.2666,5.3625,-0.03313814141315135
0,35.2666,5.3656250000000005,-0.03302410137913691
0,35.2666,5.36875,-0.03291069718654916
0,35.2666,5.371875,-0.03279792370948676
0,35.2666,5.375,-0.032685775877446
0,35.2666,5.378125,-0.03257424867456541
0,35.2666,5.3812500000000005,-0.032463337138882636
0,35.2666,5.384375,-0.03235303636160352
0,35.2666,5.3875,-0.032243341486383
0,35.2666,5.390625,-0.03213424770861786
0,35.2666,5.39375,-0.0320257502747509
0,35.2666,5.3968750000000005,-0.03191784448158628
0,35.2666,5.4,-0.03181052567561616
0,35.2666,5.403125,-0.03170378925235782
0,35.2666,5.40625,-0.031597630655701724
0,35.2666,5.409375,-0.03149204537726992
0,35.2666,5.4125000000000005,-0.03138702895578461
0,35.2666,5.415625,-0.03128257697644703
0,35.2666,5.41875,-0.03117868507032583
0,35.2666,5.421875,-0.03107534891375543
0,35.2666,5.425,-0.0309725642277438
0,35.2666,5.4281250000000005,-0.03087032677738954
0,35.2666,5.43125,-0.030768632371308245
0,35.2666,5.434375,-0.030667476861067657
0,35.2666,5.4375,-0.03056685614063184
0,35.2666,5.440625,-0.030466766145813944
0,35.2666,5.4437500000000005,-0.03036720285373751
0,35.2666,5.446875,-0.0302681622823062
0,35.2666,5.45,-0.03016964048968148
0,35.2666,5.453125,-0.030071633573768727
0,35.2666,5.45625,-0.029974137671710987
0,35.2666,5.4593750000000005,-0.02987714895939058
0,35.2666,5.4625,-0.0297806636509385
0,35.2666,5.465625,-0.02968467799825097
0,35.2666,5.46875,-0.029589188290513706
0,35.2666,5.471875,-0.02949419085373323
0,35.2666,5.4750000000000005,-0.0293996820502753
0,35.2666,5.478125,-0.02930565827841052
0,35.2666,5.48125,-0.029212115971866428
0,35.2666,5.484375,-0.029119051599386696
0,35.2666,5.4875,-0.029026461664296732
0,35.2666,5.4906250000000005,-0.028934342704075862
0,35.2666,5.49375,-0.028842691289935978
0,35.2666,5.496875,-0.02875150402640622
0,35.2666,5.5,-0.02866077755092413
0,35.2666,5.503125,-0.028570508533432654
0,35.2666,5.5062500000000005,-0.028480693675983177
0,35.2666,5.509375,-0.028391329712344524
0,35.2666,5.5125,-0.028302413407617435
0,35.2666,5.515625,-0.028213941557855008
0,35.2666,5.51875,-0.028125910989688474
0,35.2666,5.5218750000000005,-0.02803831855995858
0,35.2666,5.525,-0.02795116115535231
0,35.2666,5.528125,-0.02786443569204478
0,35.2666,5.53125,-0.027778139115346476
0,35.2666,5.534375,-0.02769226839935548
0,35.2666,5.5375000000000005,-0.02760682054661481
0,35.2666,5.540625,-0.02752179258777466
0,35.2666,5.54375,-0.027437181581259375
0,35.2666,5.546875,-0.02735298461293938
0,35.2666,5.55,-0.027269198795807664
0,35.2666,5.5531250000000005,-0.027185821269660904
0,35.2666,5.55625,-0.02710284920078525
0,35.2666,5.559375,-0.02702027978164629
0,35.2666,5.5625,-0.026938110230583675
0,35.2666,5.565625,-0.0268563377915099
0,35.2666,5.5687500000000005,-0.026774959733613362
0,35.2666,5.571875,-0.0266939733510657
0,35.2666,5.575,-0.026613375962732968
0,35.2666,5.578125,-0.026533164911891116
0,35.2666,5.58125,-0.02645333756594532
0,35.2666,5.5843750000000005,-0.026373891316153183
0,35.2666,5.5875,-0.026294823577351956
0,35.2666,5.590625,-0.026216131787689206
0,35.2666,5.59375,-0.026137813408357576
0,35.2666,5.596875,-0.026059865923332908
0,35.2666,5.6000000000000005,-0.025982286839116152
0,35.2666,5.603125,-0.025905073684478776
0,35.2666,5.60625,-0.02582822401021153
0,35.2666,5.609375,-0.025751735388876814
0,35.2666,5.6125,-0.025675605414564328
0,35.2666,5.6156250000000005,-0.02559983170265004
0,35.2666,5.61875,-0.025524411889558504
0,35.2666,5.621875,-0.025449343632528237
0,35.2666,5.625,-0.025374624609380413
0,35.2666,5.628125,-0.025300252518290586
0,35.2666,5.6312500000000005,-0.025226225077563485
0,35.2666,5.634375,-0.02515254002541094
0,35.2666,5.6375,-0.02507919511973253
0,35.2666,5.640625,-0.02500618813789941
0,35.2666,5.64375,-0.024933516876540867
0,35.2666,5.6468750000000005,-0.024861179151333748
0,35.2666,5.65,-0.02478917279679476
0,35.2666,5.653125,-0.0247174956660753
0,35.2666,5.65625,-0.02464614563075922
0,35.2666,5.659375,-0.024575120580663124
0,35.2666,5.6625000000000005,-0.02450441842363929
0,35.2666,5.665625,-0.024434037085381305
0,35.2666,5.66875,-0.024363974509231993
0,35.2666,5.671875,-0.024294228655994076
0,35.2666,5.675,-0.024224797503743158
0,35.2666,5.6781250000000005,-0.024155679047643226
0,35.2666,5.68125,-0.02408687129976449
0,35.2666,5.684375,-0.024018372288903564
0,35.2666,5.6875,-0.023950180060405977
0,35.2666,5.690625,-0.023882292675991002
0,35.2666,5.6937500000000005,-0.023814708213578662
0,35.2666,5.696875,-0.023747424767119073
0,35.2666,5.7,-0.023680440446423763
0,35.2666,5.703125,-0.023613753376999363
0,35.2666,5.70625,-0.023547361699883244
0,35.2666,5.7093750000000005,-0.023481263571481337
0,35.2666,5.7125,-0.023415457163408013
0,35.2666,5.715625,-0.023349940662327845
0,35.2666,5.71875,-0.02328471226979956
0,35.2666,5.721875,-0.02321977020212181
0,35.2666,5.7250000000000005,-0.023155112690180904
0,35.2666,5.728125,-0.0230907379793006
0,35.2666,5.73125,-0.023026644329093446
0,35.2666,5.734375,-0.022962830013314315
0,35.2666,5.7375,-0.02289929331971555
0,35.2666,5.7406250000000005,-0.022836032549903983
0,35.2666,5.74375,-0.02277304601919978
0,35.2666,5.746875,-0.022710332056496828
0,35.2666,5.75,-0.022647889004125107
0,35.2666,5.753125,-0.02258571521771454
0,35.2666,5.7562500000000005,-0.022523809066060642
0,35.2666,5.759375,-0.0224621689309918
0,35.2666,5.7625,-0.022400793207238083
0,35.2666,5.765625,-0.02233968030230175
0,35.2666,5.76875,-0.022278828636329302
0,35.2666,5.7718750000000005,-0.02221823664198507
0,35.2666,5.775,-0.02215790276432641
0,35.2666,5.778125,-0.02209782546068027
0,35.2666,5.78125,-0.02203800320052135
0,35.2666,5.784375,-0.02197843446535172
0,35.2666,5.7875000000000005,-0.021919117748581848
0,35.2666,5.790625,-0.021860051555413124
0,35.2666,5.79375,-0.02180123440272166
0,35.2666,5.796875,-0.021742664818943606
0,35.2666,5.800000000000001,-0.021684341343961747
0,35.2666,5.8031250000000005,-0.021626262528993575
0,35.2666,5.80625,-0.02156842693648046
0,35.2666,5.809375,-0.021510833139978376
0,35.2666,5.8125,-0.021453479724049776
0,35.2666,5.815625000000001,-0.021396365284156744
0,35.2666,5.8187500000000005,-0.021339488426555524
0,35.2666,5.821875,-0.021282847768192115
0,35.2666,5.825,-0.02122644193659921
0,35.2666,5.828125,-0.02117026956979431
0,35.2666,5.831250000000001,-0.02111432931617898
0,35.2666,5.8343750000000005,-0.021058619834439414
0,35.2666,5.8375,-0.02100313979344794
0,35.2666,5.840625,-0.020947887872165866
0,35.2666,5.84375,-0.020892862759547343
0,35.2666,5.846875000000001,-0.020838063154444357
0,35.2666,5.8500000000000005,-0.020783487765512886
0,35.2666,5.853125,-0.020729135311119976
0,35.2666,5.85625,-0.020675004519252048
0,35.2666,5.859375,-0.020621094127424182
0,35.2666,5.862500000000001,-0.020567402882590406
0,35.2666,5.8656250000000005,-0.020513929541055156
0,35.2666,5.86875,-0.020460672868385456
0,35.2666,5.871875,-0.02040763163932444
0,35.2666,5.875,-0.020354804637705597
0,35.2666,5.878125000000001,-0.020302190656368093
0,35.2666,5.8812500000000005,-0.020249788497073092
0,35.2666,5.884375,-0.020197596970420867
0,35.2666,5.8875,-0.020145614895768996
0,35.2666,5.890625,-0.020093841101151408
0,35.2666,5.893750000000001,-0.02004227442319834
0,35.2666,5.8968750000000005,-0.01999091370705723
0,35.2666,5.9,-0.019939757806314382
0,35.2666,5.903125,-0.019888805582917637
0,35.2666,5.90625,-0.019838055907099833
0,35.2666,5.909375000000001,-0.019787507657303104
0,35.2666,5.9125000000000005,-0.019737159720104088
0,35.2666,5.915625,-0.01968701099013985
0,35.2666,5.91875,-0.019637060370034706
0,35.2666,5.921875,-0.019587306770327845
0,35.2666,5.925000000000001,-0.019537749109401703
0,35.2666,5.9281250000000005,-0.01948838631341119
0,35.2666,5.93125,-0.01943921731621359
0,35.2666,5.934375,-0.019390241059299335
0,35.2666,5.9375,-0.019341456491723454
0,35.2666,5.940625000000001,-0.019292862570037806
0,35.2666,5.9437500000000005,-0.01924445825822408
0,35.2666,5.946875,-0.0191962425276274
0,35.2666,5.95,-0.019148214356890788
0,35.2666,5.953125,-0.01910037273189026
0,35.2666,5.956250000000001,-0.01905271664567063
0,35.2666,5.9593750000000005,-0.019005245098382025
0,35.2666,5.9625,-0.018957957097217048
0,35.2666,5.965625,-0.018910851656348628
0,35.2666,5.96875,-0.018863927796868553
0,35.2666,5.971875000000001,-0.018817184546726637
0,35.2666,5.9750000000000005,-0.018770620940670557
0,35.2666,5.978125,-0.018724236020186278
0,35.2666,5.98125,-0.01867802883343916
0,35.2666,5.984375,-0.0186319984352157
0,35.2666,5.987500000000001,-0.018586143886865806
0,35.2666,5.9906250000000005,-0.01854046425624582
0,35.2666,5.99375,-0.018494958617661972
0,35.2666,5.996875,-0.018449626051814563
0,35.2666,6.0,-0.018404465645742656
