"Current","Field","Frequency","Spectra"
0,44.134299999999996,1.0,-0.023486827439344847
0,44.134299999999996,1.003125,-0.02355353424117274
0,44.134299999999996,1.00625,-0.023620538593512035
0,44.134299999999996,1.009375,-0.023687842423552888
0,44.134299999999996,1.0125,-0.023755447676253604
0,44.134299999999996,1.015625,-0.023823356314569243
0,44.134299999999996,1.01875,-0.02389157031968427
0,44.134299999999996,1.021875,-0.023960091691249102
0,44.134299999999996,1.025,-0.02402892244762075
0,44.134299999999996,1.028125,-0.024098064626107703
0,44.134299999999996,1.03125,-0.02416752028321894
0,44.134299999999996,1.034375,-0.024237291494917414
0,44.134299999999996,1.0375,-0.02430738035687791
0,44.134299999999996,1.040625,-0.024377788984749408
0,44.134299999999996,1.04375,-0.024448519514422194
0,44.134299999999996,1.046875,-0.024519574102299584
0,44.134299999999996,1.05,-0.024590954925574598
0,44.134299999999996,1.053125,-0.024662664182511507
0,44.134299999999996,1.05625,-0.024734704092732457
0,44.134299999999996,1.059375,-0.024807076897509314
0,44.134299999999996,1.0625,-0.024879784860060705
0,44.134299999999996,1.065625,-0.02495283026585456
0,44.134299999999996,1.06875,-0.02502621542291611
0,44.134299999999996,1.071875,-0.02509994266214155
0,44.134299999999996,1.075,-0.025174014337617526
0,44.134299999999996,1.078125,-0.02524843282694646
0,44.134299999999996,1.08125,-0.02532320053157798
0,44.134299999999996,1.084375,-0.025398319877146518
0,44.134299999999996,1.0875,-0.025473793313815156
0,44.134299999999996,1.090625,-0.025549623316626125
0,44.134299999999996,1.09375,-0.025625812385857698
0,44.134299999999996,1.096875,-0.025702363047388044
0,44.134299999999996,1.1,-0.025779277853065895
0,44.134299999999996,1.103125,-0.025856559381088363
0,44.134299999999996,1.10625,-0.02593421023638601
0,44.134299999999996,1.109375,-0.026012233051015323
0,44.134299999999996,1.1125,-0.026090630484558845
0,44.134299999999996,1.115625,-0.026169405224533024
0,44.134299999999996,1.11875,-0.026248559986804105
0,44.134299999999996,1.121875,-0.02632809751601214
0,44.134299999999996,1.125,-0.026408020586003358
0,44.134299999999996,1.128125,-0.026488332000271144
0,44.134299999999996,1.13125,-0.026569034592405727
0,44.134299999999996,1.134375,-0.026650131226552815
0,44.134299999999996,1.1375,-0.026731624797881597
0,44.134299999999996,1.140625,-0.026813518233061932
0,44.134299999999996,1.14375,-0.026895814490751412
0,44.134299999999996,1.146875,-0.026978516562092148
0,44.134299999999996,1.15,-0.027061627471217767
0,44.134299999999996,1.153125,-0.027145150275770837
0,44.134299999999996,1.15625,-0.027229088067430816
0,44.134299999999996,1.159375,-0.027313443972453045
0,44.134299999999996,1.1625,-0.027398221152218846
0,44.134299999999996,1.165625,-0.027483422803797078
0,44.134299999999996,1.16875,-0.027569052160517506
0,44.134299999999996,1.171875,-0.027655112492556155
0,44.134299999999996,1.175,-0.027741607107533116
0,44.134299999999996,1.178125,-0.02782853935112291
0,44.134299999999996,1.18125,-0.027915912607677933
0,44.134299999999996,1.184375,-0.028003730300865223
0,44.134299999999996,1.1875,-0.028091995894316858
0,44.134299999999996,1.190625,-0.028180712892294454
0,44.134299999999996,1.19375,-0.028269884840368027
0,44.134299999999996,1.196875,-0.028359515326109558
0,44.134299999999996,1.2,-0.028449607979801887
0,44.134299999999996,1.203125,-0.02854016647516294
0,44.134299999999996,1.20625,-0.028631194530086137
0,44.134299999999996,1.209375,-0.028722695907397053
0,44.134299999999996,1.2125,-0.028814674415626882
0,44.134299999999996,1.215625,-0.028907133909803345
0,44.134299999999996,1.21875,-0.029000078292259104
0,44.134299999999996,1.221875,-0.029093511513458577
0,44.134299999999996,1.225,-0.02918743757284335
0,44.134299999999996,1.228125,-0.02928186051969676
0,44.134299999999996,1.23125,-0.02937678445402838
0,44.134299999999996,1.234375,-0.029472213527478534
0,44.134299999999996,1.2375,-0.029568151944243823
0,44.134299999999996,1.240625,-0.029664603962023913
0,44.134299999999996,1.24375,-0.029761573892990365
0,44.134299999999996,1.246875,-0.029859066104778065
0,44.134299999999996,1.25,-0.02995708502149976
0,44.134299999999996,1.253125,-0.030055635124784565
0,44.134299999999996,1.25625,-0.03015472095484091
0,44.134299999999996,1.259375,-0.03025434711154477
0,44.134299999999996,1.2625,-0.030354518255553742
0,44.134299999999996,1.265625,-0.030455239109447772
0,44.134299999999996,1.26875,-0.030556514458897347
0,44.134299999999996,1.271875,-0.03065834915385977
0,44.134299999999996,1.275,-0.030760748109804514
0,44.134299999999996,1.278125,-0.030863716308968347
0,44.134299999999996,1.28125,-0.03096725880164106
0,44.134299999999996,1.284375,-0.031071380707482863
0,44.134299999999996,1.2875,-0.031176087216874145
0,44.134299999999996,1.290625,-0.0312813835922987
0,44.134299999999996,1.29375,-0.031387275169761295
0,44.134299999999996,1.296875,-0.03149376736024061
0,44.134299999999996,1.3,-0.0316008656511786
0,44.134299999999996,1.303125,-0.0317085756080074
0,44.134299999999996,1.30625,-0.03181690287571469
0,44.134299999999996,1.309375,-0.031925853180448945
0,44.134299999999996,1.3125,-0.03203543233116549
0,44.134299999999996,1.315625,-0.032145646221314744
0,44.134299999999996,1.31875,-0.03225650083057379
0,44.134299999999996,1.321875,-0.03236800222662275
0,44.134299999999996,1.325,-0.032480156566967115
0,44.134299999999996,1.328125,-0.0325929701008075
0,44.134299999999996,1.33125,-0.032706449170958315
0,44.134299999999996,1.334375,-0.03282060021581676
0,44.134299999999996,1.3375,-0.032935429771383695
0,44.134299999999996,1.340625,-0.03305094447333805
0,44.134299999999996,1.34375,-0.033167151059166226
0,44.134299999999996,1.346875,-0.033284056370348473
0,44.134299999999996,1.35,-0.033401667354603676
0,44.134299999999996,1.353125,-0.03351999106819464
0,44.134299999999996,1.35625,-0.03363903467829563
0,44.134299999999996,1.359375,-0.03375880546542401
0,44.134299999999996,1.3625,-0.03387931082593817
0,44.134299999999996,1.365625,-0.0340005582746038
0,44.134299999999996,1.36875,-0.03412255544723049
0,44.134299999999996,1.371875,-0.034245310103381055
0,44.134299999999996,1.375,-0.03436883012915581
0,44.134299999999996,1.378125,-0.034493123540054155
0,44.134299999999996,1.38125,-0.034618198483916104
0,44.134299999999996,1.384375,-0.03474406324394593
0,44.134299999999996,1.3875,-0.03487072624182111
0,44.134299999999996,1.390625,-0.034998196040888704
0,44.134299999999996,1.39375,-0.03512648134945252
0,44.134299999999996,1.396875,-0.03525559102415361
0,44.134299999999996,1.4,-0.03538553407344742
0,44.134299999999996,1.403125,-0.035516319661180455
0,44.134299999999996,1.40625,-0.03564795711026994
0,44.134299999999996,1.409375,-0.035780455906489685
0,44.134299999999996,1.4125,-0.03591382570236573
0,44.134299999999996,1.415625,-0.03604807632118531
0,44.134299999999996,1.41875,-0.03618321776112299
0,44.134299999999996,1.421875,-0.03631926019948754
0,44.134299999999996,1.425,-0.036456213997094034
0,44.134299999999996,1.428125,-0.03659408970276481
0,44.134299999999996,1.43125,-0.03673289805796399
0,44.134299999999996,1.434375,-0.03687265000156972
0,44.134299999999996,1.4375,-0.037013356674788916
0,44.134299999999996,1.440625,-0.03715502942621918
0,44.134299999999996,1.44375,-0.03729767981706289
0,44.134299999999996,1.446875,-0.03744131962649864
0,44.134299999999996,1.45,-0.037585960857215
0,44.134299999999996,1.453125,-0.037731615741112695
0,44.134299999999996,1.45625,-0.03787829674518013
0,44.134299999999996,1.459375,-0.03802601657754888
0,44.134299999999996,1.4625,-0.038174788193734654
0,44.134299999999996,1.465625,-0.0383246248030705
0,44.134299999999996,1.46875,-0.0384755398753384
0,44.134299999999996,1.471875,-0.03862754714760632
0,44.134299999999996,1.475,-0.038780660631277636
0,44.134299999999996,1.478125,-0.038934894619360096
0,44.134299999999996,1.48125,-0.039090263693962
0,44.134299999999996,1.484375,-0.03924678273402325
0,44.134299999999996,1.4875,-0.039404466923289395
0,44.134299999999996,1.490625,-0.03956333175853697
0,44.134299999999996,1.49375,-0.03972339305805887
0,44.134299999999996,1.496875,-0.039884666970418516
0,44.134299999999996,1.5,-0.0400471699834821
0,44.134299999999996,1.503125,-0.04021091893373873
0,44.134299999999996,1.50625,-0.040375931015917896
0,44.134299999999996,1.509375,-0.04054222379291496
0,44.134299999999996,1.5125000000000002,-0.04070981520603491
0,44.134299999999996,1.515625,-0.0408787235855655
0,44.134299999999996,1.51875,-0.04104896766169104
0,44.134299999999996,1.521875,-0.04122056657575851
0,44.134299999999996,1.525,-0.04139353989190802
0,44.134299999999996,1.5281250000000002,-0.041567907609080225
0,44.134299999999996,1.53125,-0.041743690173413346
0,44.134299999999996,1.534375,-0.041920908491043435
0,44.134299999999996,1.5375,-0.042099583941321135
0,44.134299999999996,1.540625,-0.042279738390459426
0,44.134299999999996,1.5437500000000002,-0.04246139420562695
0,44.134299999999996,1.546875,-0.042644574269501495
0,44.134299999999996,1.55,-0.04282930199529976
0,44.134299999999996,1.553125,-0.04301560134229882
0,44.134299999999996,1.55625,-0.04320349683186582
0,44.134299999999996,1.5593750000000002,-0.04339301356401293
0,44.134299999999996,1.5625,-0.04358417723449446
0,44.134299999999996,1.565625,-0.04377701415246445
0,44.134299999999996,1.56875,-0.04397155125871244
0,44.134299999999996,1.571875,-0.044167816144496344
0,44.134299999999996,1.5750000000000002,-0.044365837070991704
0,44.134299999999996,1.578125,-0.04456564298937637
0,44.134299999999996,1.58125,-0.04476726356157135
0,44.134299999999996,1.584375,-0.044970729181657426
0,44.134299999999996,1.5875,-0.04517607099798883
0,44.134299999999996,1.5906250000000002,-0.045383320936024985
0,44.134299999999996,1.59375,-0.04559251172190149
0,44.134299999999996,1.596875,-0.04580367690676272
0,44.134299999999996,1.6,-0.046016850891877153
0,44.134299999999996,1.603125,-0.04623206895455843
0,44.134299999999996,1.6062500000000002,-0.04644936727491401
0,44.134299999999996,1.609375,-0.04666878296344373
0,44.134299999999996,1.6125,-0.04689035408951126
0,44.134299999999996,1.615625,-0.04711411971070982
0,44.134299999999996,1.61875,-0.04734011990314507
0,44.134299999999996,1.6218750000000002,-0.047568395792656634
0,44.134299999999996,1.625,-0.04779898958699918
0,44.134299999999996,1.628125,-0.04803194460900483
0,44.134299999999996,1.63125,-0.0482673053307458
0,44.134299999999996,1.634375,-0.048505117408716936
0,44.134299999999996,1.6375000000000002,-0.04874542772005618
0,44.134299999999996,1.640625,-0.04898828439981888
0,44.134299999999996,1.64375,-0.0492337368793217
0,44.134299999999996,1.646875,-0.049481835925568284
0,44.134299999999996,1.65,-0.049732633681768085
0,44.134299999999996,1.6531250000000002,-0.04998618370895606
0,44.134299999999996,1.65625,-0.050242541028718335
0,44.134299999999996,1.659375,-0.050501762167025975
0,44.134299999999996,1.6625,-0.05076390519917365
0,44.134299999999996,1.665625,-0.051029029795817325
0,44.134299999999996,1.6687500000000002,-0.051297197270098335
0,44.134299999999996,1.671875,-0.05156847062583616
0,44.134299999999996,1.675,-0.05184291460676614
0,44.134299999999996,1.678125,-0.05212059574678956
0,44.134299999999996,1.68125,-0.05240158242119684
0,44.134299999999996,1.6843750000000002,-0.0526859448988142
0,44.134299999999996,1.6875,-0.05297375539501388
0,44.134299999999996,1.690625,-0.0532650881255173
0,44.134299999999996,1.69375,-0.0535600193609056
0,44.134299999999996,1.696875,-0.05385862748173978
0,44.134299999999996,1.7000000000000002,-0.05416099303417486
0,44.134299999999996,1.703125,-0.05446719878593497
0,44.134299999999996,1.70625,-0.054777329782497275
0,44.134299999999996,1.709375,-0.05509147340330872
0,44.134299999999996,1.7125,-0.05540971941783718
0,44.134299999999996,1.7156250000000002,-0.055732160041230244
0,44.134299999999996,1.71875,-0.05605888998932494
0,44.134299999999996,1.721875,-0.05639000653272019
0,44.134299999999996,1.725,-0.056725609549584936
0,44.134299999999996,1.728125,-0.0570658015768376
0,44.134299999999996,1.7312500000000002,-0.057410687859286325
0,44.134299999999996,1.734375,-0.057760376396271684
0,44.134299999999996,1.7375,-0.058114977985301436
0,44.134299999999996,1.740625,-0.058474606262106286
0,44.134299999999996,1.74375,-0.0588393777364842
0,44.134299999999996,1.7468750000000002,-0.05920941182322939
0,44.134299999999996,1.75,-0.05958483086736577
0,44.134299999999996,1.753125,-0.05996576016282289
0,44.134299999999996,1.75625,-0.060352327963598906
0,44.134299999999996,1.759375,-0.060744665486359234
0,44.134299999999996,1.7625000000000002,-0.06114290690331023
0,44.134299999999996,1.765625,-0.061547189324071
0,44.134299999999996,1.76875,-0.06195765276514205
0,44.134299999999996,1.771875,-0.062374440105430556
0,44.134299999999996,1.775,-0.06279769702614768
0,44.134299999999996,1.7781250000000002,-0.06322757193323379
0,44.134299999999996,1.78125,-0.06366421586029776
0,44.134299999999996,1.784375,-0.06410778234987613
0,44.134299999999996,1.7875,-0.06455842731062215
0,44.134299999999996,1.790625,-0.06501630884782991
0,44.134299999999996,1.7937500000000002,-0.06548158706447962
0,44.134299999999996,1.796875,-0.0659544238297583
0,44.134299999999996,1.8,-0.06643498251176974
0,44.134299999999996,1.803125,-0.06692342767089104
0,44.134299999999996,1.80625,-0.06741992470997196
0,44.134299999999996,1.8093750000000002,-0.06792463947730007
0,44.134299999999996,1.8125,-0.06843773781797621
0,44.134299999999996,1.815625,-0.06895938506906438
0,44.134299999999996,1.81875,-0.06948974549359493
0,44.134299999999996,1.821875,-0.07002898164822396
0,44.134299999999996,1.8250000000000002,-0.07057725367908067
0,44.134299999999996,1.828125,-0.07113471854007902
0,44.134299999999996,1.83125,-0.07170152912773987
0,44.134299999999996,1.834375,-0.07227783332636568
0,44.134299999999996,1.8375,-0.07286377295725305
0,44.134299999999996,1.8406250000000002,-0.0734594826255215
0,44.134299999999996,1.84375,-0.07406508845809759
0,44.134299999999996,1.846875,-0.0746807067264424
0,44.134299999999996,1.85,-0.0753064423477538
0,44.134299999999996,1.853125,-0.07594238725864864
0,44.134299999999996,1.8562500000000002,-0.07658861865574437
0,44.134299999999996,1.859375,-0.07724519709814509
0,44.134299999999996,1.8625,-0.07791216446762603
0,44.134299999999996,1.865625,-0.07858954178332075
0,44.134299999999996,1.86875,-0.07927732686899436
0,44.134299999999996,1.8718750000000002,-0.07997549187255486
0,44.134299999999996,1.875,-0.08068398063935305
0,44.134299999999996,1.878125,-0.0814027059430884
0,44.134299999999996,1.88125,-0.08213154658079518
0,44.134299999999996,1.884375,-0.0828703443414771
0,44.134299999999996,1.8875000000000002,-0.08361890086150484
0,44.134299999999996,1.890625,-0.08437697438391326
0,44.134299999999996,1.89375,-0.08514427644325434
0,44.134299999999996,1.896875,-0.08592046850266122
0,44.134299999999996,1.9,-0.0867051585752659
0,44.134299999999996,1.9031250000000002,-0.0874978978680362
0,44.134299999999996,1.90625,-0.08829817749241275
0,44.134299999999996,1.909375,-0.08910542529275244
0,44.134299999999996,1.9125,-0.0899190028503995
0,44.134299999999996,1.915625,-0.09073820272808003
0,44.134299999999996,1.9187500000000002,-0.09156224602604965
0,44.134299999999996,1.921875,-0.09239028032780816
0,44.134299999999996,1.925,-0.093221378118963
0,44.134299999999996,1.928125,-0.09405453576766686
0,44.134299999999996,1.93125,-0.09488867315865138
0,44.134299999999996,1.9343750000000002,-0.09572263407484452
0,44.134299999999996,1.9375,-0.09655518742051838
0,44.134299999999996,1.940625,-0.09738502937747182
0,44.134299999999996,1.94375,-0.09821078658051376
0,44.134299999999996,1.946875,-0.09903102039014369
0,44.134299999999996,1.9500000000000002,-0.0998442323285102
0,44.134299999999996,1.953125,-0.10064887072926149
0,44.134299999999996,1.95625,-0.10144333863268379
0,44.134299999999996,1.959375,-0.10222600293457497
0,44.134299999999996,1.9625,-0.10299520477084964
0,44.134299999999996,1.9656250000000002,-0.1037492710902891
0,44.134299999999996,1.96875,-0.10448652733574695
0,44.134299999999996,1.971875,-0.10520531112030565
0,44.134299999999996,1.975,-0.10590398675035134
0,44.134299999999996,1.978125,-0.1065809604135035
0,44.134299999999996,1.9812500000000002,-0.10723469581712163
0,44.134299999999996,1.984375,-0.1078637300341538
0,44.134299999999996,1.9875,-0.10846668928884212
0,44.134299999999996,1.990625,-0.10904230439665094
0,44.134299999999996,1.99375,-0.10958942556200917
0,44.134299999999996,1.9968750000000002,-0.11010703623507867
0,44.134299999999996,2.0,-0.11059426573551306
0,44.134299999999996,2.003125,-0.11105040036740262
0,44.134299999999996,2.00625,-0.11147489277522837
0,44.134299999999996,2.0093750000000004,-0.11186736932514879
0,44.134299999999996,2.0125,-0.11222763533832764
0,44.134299999999996,2.015625,-0.11255567805188502
0,44.134299999999996,2.01875,-0.11285166723666822
0,44.134299999999996,2.021875,-0.11311595345737877
0,44.134299999999996,2.0250000000000004,-0.11334906401749213
0,44.134299999999996,2.028125,-0.11355169668666928
0,44.134299999999996,2.03125,-0.1137247113598801
0,44.134299999999996,2.034375,-0.11386911984333939
0,44.134299999999996,2.0375,-0.11398607400101264
0,44.134299999999996,2.0406250000000004,-0.1140768525256809
0,44.134299999999996,2.04375,-0.11414284661959748
0,44.134299999999996,2.046875,-0.11418554488132078
0,44.134299999999996,2.05,-0.11420651769750095
0,44.134299999999996,2.053125,-0.11420740143177749
0,44.134299999999996,2.0562500000000004,-0.11418988268839814
0,44.134299999999996,2.059375,-0.11415568290685403
0,44.134299999999996,2.0625,-0.11410654351707913
0,44.134299999999996,2.065625,-0.11404421185402353
0,44.134299999999996,2.06875,-0.11397042799712953
0,44.134299999999996,2.0718750000000004,-0.11388691266580553
0,44.134299999999996,2.075,-0.11379535626767964
0,44.134299999999996,2.078125,-0.11369740916332835
0,44.134299999999996,2.08125,-0.11359467318022781
0,44.134299999999996,2.084375,-0.1134886943805716
0,44.134299999999996,2.0875000000000004,-0.11338095706283684
0,44.134299999999996,2.090625,-0.11327287895585395
0,44.134299999999996,2.09375,-0.11316580754676908
0,44.134299999999996,2.096875,-0.11306101747064155
0,44.134299999999996,2.1,-0.1129597088793311
0,44.134299999999996,2.1031250000000004,-0.11286300670054565
0,44.134299999999996,2.10625,-0.11277196069410549
0,44.134299999999996,2.109375,-0.11268754621126977
0,44.134299999999996,2.1125,-0.11261066556397012
0,44.134299999999996,2.115625,-0.1125421499136129
0,44.134299999999996,2.1187500000000004,-0.11248276159336781
0,44.134299999999996,2.121875,-0.11243319678320299
0,44.134299999999996,2.125,-0.11239408846303321
0,44.134299999999996,2.128125,-0.11236600957593787
0,44.134299999999996,2.13125,-0.11234947634023544
0,44.134299999999996,2.1343750000000004,-0.1123449516560676
0,44.134299999999996,2.1375,-0.11235284855888761
0,44.134299999999996,2.140625,-0.1123735336787308
0,44.134299999999996,2.14375,-0.11240733067027939
0,44.134299999999996,2.146875,-0.11245452358444637
0,44.134299999999996,2.1500000000000004,-0.11251536015745361
0,44.134299999999996,2.153125,-0.11259005499814297
0,44.134299999999996,2.15625,-0.11267879265853062
0,44.134299999999996,2.159375,-0.11278173057639984
0,44.134299999999996,2.1625,-0.11289900188204299
0,44.134299999999996,2.1656250000000004,-0.11303071806413487
0,44.134299999999996,2.16875,-0.11317697149217518
0,44.134299999999996,2.171875,-0.1133378377950099
0,44.134299999999996,2.175,-0.11351337809666537
0,44.134299999999996,2.178125,-0.11370364111213807
0,44.134299999999996,2.1812500000000004,-0.11390866510691186
0,44.134299999999996,2.184375,-0.11412847972485633
0,44.134299999999996,2.1875,-0.11436310768982277
0,44.134299999999996,2.190625,-0.11461256638673105
0,44.134299999999996,2.19375,-0.11487686932825274
0,44.134299999999996,2.1968750000000004,-0.11515602751337156
0,44.134299999999996,2.2,-0.11545005068415862
0,44.134299999999996,2.203125,-0.11575894848705785
0,44.134299999999996,2.20625,-0.11608273154485359
0,44.134299999999996,2.209375,-0.11642141244529884
0,44.134299999999996,2.2125000000000004,-0.11677500665213464
0,44.134299999999996,2.215625,-0.11714353334393464
0,44.134299999999996,2.21875,-0.11752701618587733
0,44.134299999999996,2.221875,-0.11792548403918217
0,44.134299999999996,2.225,-0.11833897161255647
0,44.134299999999996,2.2281250000000004,-0.11876752005958761
0,44.134299999999996,2.23125,-0.11921117752558197
0,44.134299999999996,2.234375,-0.1196699996469029
0,44.134299999999996,2.2375,-0.12014405000539231
0,44.134299999999996,2.240625,-0.12063340053997687
0,44.134299999999996,2.2437500000000004,-0.12113813191705468
0,44.134299999999996,2.246875,-0.1216583338607378
0,44.134299999999996,2.25,-0.12219410544347672
0,44.134299999999996,2.253125,-0.12274555533702236
0,44.134299999999996,2.25625,-0.12331280202307965
0,44.134299999999996,2.2593750000000004,-0.123895973962371
0,44.134299999999996,2.2625,-0.12449520972015571
0,44.134299999999996,2.265625,-0.12511065804553448
0,44.134299999999996,2.26875,-0.1257424779011035
0,44.134299999999996,2.271875,-0.126390838438706
0,44.134299999999996,2.2750000000000004,-0.12705591891615073
0,44.134299999999996,2.278125,-0.12773790854882558
0,44.134299999999996,2.28125,-0.12843700628912305
0,44.134299999999996,2.284375,-0.1291534205255057
0,44.134299999999996,2.2875,-0.12988736869187667
0,44.134299999999996,2.2906250000000004,-0.1306390767766684
0,44.134299999999996,2.29375,-0.1314087787197334
0,44.134299999999996,2.296875,-0.13219671568370014
0,44.134299999999996,2.3,-0.13300313518495946
0,44.134299999999996,2.303125,-0.1338282900678712
0,44.134299999999996,2.3062500000000004,-0.13467243730413755
0,44.134299999999996,2.309375,-0.1355358365975976
0,44.134299999999996,2.3125,-0.13641874877297086
0,44.134299999999996,2.315625,-0.1373214339253521
0,44.134299999999996,2.31875,-0.1382441493055729
0,44.134299999999996,2.3218750000000004,-0.1391871469149387
0,44.134299999999996,2.325,-0.14015067078139995
0,44.134299999999996,2.328125,-0.1411349538879877
0,44.134299999999996,2.33125,-0.14214021472343913
0,44.134299999999996,2.334375,-0.14316665342447882
0,44.134299999999996,2.3375000000000004,-0.14421444747933276
0,44.134299999999996,2.340625,-0.14528374696291355
0,44.134299999999996,2.34375,-0.1463746692759046
0,44.134299999999996,2.346875,-0.14748729336291605
0,44.134299999999996,2.35,-0.14862165338923045
0,44.134299999999996,2.3531250000000004,-0.14977773186167256
0,44.134299999999996,2.35625,-0.15095545218712703
0,44.134299999999996,2.359375,-0.152154670672501
0,44.134299999999996,2.3625,-0.15337516798280676
0,44.134299999999996,2.365625,-0.15461664008984594
0,44.134299999999996,2.3687500000000004,-0.1558786887629869
0,44.134299999999996,2.371875,-0.15716081167599477
0,44.134299999999996,2.375,-0.15846239222994268
0,44.134299999999996,2.378125,-0.1597826892219423
0,44.134299999999996,2.38125,-0.16112082652265391
0,44.134299999999996,2.3843750000000004,-0.16247578296190135
0,44.134299999999996,2.3875,-0.16384638266061463
0,44.134299999999996,2.390625,-0.16523128608777327
0,44.134299999999996,2.39375,-0.1666289821616818
0,44.134299999999996,2.396875,-0.1680377817539928
0,44.134299999999996,2.4000000000000004,-0.1694558129901515
0,44.134299999999996,2.403125,-0.17088101876867554
0,44.134299999999996,2.40625,-0.17231115694077992
0,44.134299999999996,2.409375,-0.17374380359786734
0,44.134299999999996,2.4125,-0.17517635990371402
0,44.134299999999996,2.4156250000000004,-0.1766060628771983
0,44.134299999999996,2.41875,-0.17803000047691395
0,44.134299999999996,2.421875,-0.17944513125840128
0,44.134299999999996,2.425,-0.18084830876653643
0,44.134299999999996,2.428125,-0.1822363106898537
0,44.134299999999996,2.4312500000000004,-0.18360587264211395
0,44.134299999999996,2.434375,-0.1849537262533884
0,44.134299999999996,2.4375,-0.1862766410547635
0,44.134299999999996,2.440625,-0.18757146943635428
0,44.134299999999996,2.44375,-0.18883519375861063
0,44.134299999999996,2.4468750000000004,-0.19006497451446228
0,44.134299999999996,2.45,-0.1912581982880262
0,44.134299999999996,2.453125,-0.19241252414745744
0,44.134299999999996,2.45625,-0.19352592705667648
0,44.134299999999996,2.459375,-0.19459673690206597
0,44.134299999999996,2.4625000000000004,-0.19562367181085488
0,44.134299999999996,2.465625,-0.19660586458818421
0,44.134299999999996,2.46875,-0.19754288131496542
0,44.134299999999996,2.471875,-0.19843473141868423
0,44.134299999999996,2.475,-0.1992818688398028
0,44.134299999999996,2.4781250000000004,-0.20008518424944582
0,44.134299999999996,2.48125,-0.20084598860975375
0,44.134299999999996,2.484375,-0.20156598868653317
0,44.134299999999996,2.4875,-0.20224725540604313
0,44.134299999999996,2.490625,-0.2028921861784341
0,44.134299999999996,2.4937500000000004,-0.20350346247830375
0,44.134299999999996,2.496875,-0.2040840040718911
0,44.134299999999996,2.5,-0.20463692130963299
0,44.134299999999996,2.503125,-0.20516546686606682
0,44.134299999999996,2.50625,-0.20567298821438404
0,44.134299999999996,2.5093750000000004,-0.20616288198133612
0,44.134299999999996,2.5125,-0.2066385511524876
0,44.134299999999996,2.515625,-0.20710336590136605
0,44.134299999999996,2.51875,-0.2075606286117409
0,44.134299999999996,2.521875,-0.2080135434615125
0,44.134299999999996,2.5250000000000004,-0.20846519074895725
0,44.134299999999996,2.528125,-0.20891850597446743
0,44.134299999999996,2.53125,-0.20937626354815253
0,44.134299999999996,2.534375,-0.20984106487817716
0,44.134299999999996,2.5375,-0.2103153305069643
0,44.134299999999996,2.5406250000000004,-0.2108012959012531
0,44.134299999999996,2.54375,-0.21130101046514874
0,44.134299999999996,2.546875,-0.2118163393296276
0,44.134299999999996,2.55,-0.21234896747394738
0,44.134299999999996,2.553125,-0.2129004057504248
0,44.134299999999996,2.5562500000000004,-0.21347199841057057
0,44.134299999999996,2.559375,-0.21406493176440466
0,44.134299999999996,2.5625,-0.2146802436430912
0,44.134299999999996,2.565625,-0.2153188333754719
0,44.134299999999996,2.56875,-0.21598147202973303
0,44.134299999999996,2.5718750000000004,-0.21666881271085567
0,44.134299999999996,2.575,-0.21738140074160495
0,44.134299999999996,2.578125,-0.2181196835889096
0,44.134299999999996,2.58125,-0.21888402042813557
0,44.134299999999996,2.584375,-0.2196746912647932
0,44.134299999999996,2.5875000000000004,-0.22049190555662074
0,44.134299999999996,2.590625,-0.22133581029889351
0,44.134299999999996,2.59375,-0.22220649755243177
0,44.134299999999996,2.596875,-0.22310401140740682
0,44.134299999999996,2.6,-0.22402835438698032
0,44.134299999999996,2.6031250000000004,-0.224979493303377
0,44.134299999999996,2.60625,-0.2259573645855118
0,44.134299999999996,2.609375,-0.22696187910205876
0,44.134299999999996,2.6125,-0.22799292650715017
0,44.134299999999996,2.615625,-0.2290503791379865
0,44.134299999999996,2.6187500000000004,-0.23013409549473737
0,44.134299999999996,2.621875,-0.23124392333342908
0,44.134299999999996,2.625,-0.23237970240221262
0,44.134299999999996,2.628125,-0.23354126685062981
0,44.134299999999996,2.63125,-0.23472844734037626
0,44.134299999999996,2.6343750000000004,-0.2359410728846859
0,44.134299999999996,2.6375,-0.23717897244193042
0,44.134299999999996,2.640625,-0.2384419762873936
0,44.134299999999996,2.64375,-0.23972991718550163
0,44.134299999999996,2.646875,-0.2410426313831142
0,44.134299999999996,2.6500000000000004,-0.2423799594428269
0,44.134299999999996,2.653125,-0.24374174693363804
0,44.134299999999996,2.65625,-0.24512784499480128
0,44.134299999999996,2.659375,-0.2465381107872337
0,44.134299999999996,2.6625,-0.24797240784549077
0,44.134299999999996,2.6656250000000004,-0.24943060634204148
0,44.134299999999996,2.66875,-0.2509125832744037
0,44.134299999999996,2.671875,-0.2524182225846074
0,44.134299999999996,2.675,-0.2539474152194543
0,44.134299999999996,2.678125,-0.25550005913913093
0,44.134299999999996,2.6812500000000004,-0.2570760592808962
0,44.134299999999996,2.684375,-0.25867532748381133
0,44.134299999999996,2.6875,-0.2602977823797917
0,44.134299999999996,2.690625,-0.261943349255642
0,44.134299999999996,2.69375,-0.26361195989018266
0,44.134299999999996,2.6968750000000004,-0.2653035523700672
0,44.134299999999996,2.7,-0.2670180708874483
0,44.134299999999996,2.703125,-0.2687554655222449
0,44.134299999999996,2.70625,-0.27051569201139986
0,44.134299999999996,2.709375,-0.2722987115072038
0,44.134299999999996,2.7125000000000004,-0.2741044903264707
0,44.134299999999996,2.715625,-0.27593299969209983
0,44.134299999999996,2.71875,-0.2777842154683318
0,44.134299999999996,2.721875,-0.27965811789080636
0,44.134299999999996,2.725,-0.2815546912923581
0,44.134299999999996,2.7281250000000004,-0.28347392382532366
0,44.134299999999996,2.73125,-0.28541580718100346
0,44.134299999999996,2.734375,-0.28738033630679677
0,44.134299999999996,2.7375,-0.28936750912142173
0,44.134299999999996,2.740625,-0.2913773262285443
0,44.134299999999996,2.7437500000000004,-0.2934097906290521
0,44.134299999999996,2.746875,-0.29546490743214776
0,44.134299999999996,2.75,-0.29754268356536534
0,44.134299999999996,2.753125,-0.29964312748356475
0,44.134299999999996,2.75625,-0.3017662488769165
0,44.134299999999996,2.7593750000000004,-0.3039120583778417
0,44.134299999999996,2.7625,-0.3060805672668487
0,44.134299999999996,2.765625,-0.3082717871771713
0,44.134299999999996,2.76875,-0.3104857297980916
0,44.134299999999996,2.771875,-0.31272240657681455
0,44.134299999999996,2.7750000000000004,-0.31498182841873984
0,44.134299999999996,2.778125,-0.3172640053859686
0,44.134299999999996,2.78125,-0.3195689463938695
0,44.134299999999996,2.784375,-0.3218966589055199
0,44.134299999999996,2.7875,-0.324247148623838
0,44.134299999999996,2.7906250000000004,-0.32662041918121204
0,44.134299999999996,2.79375,-0.3290164718264388
0,44.134299999999996,2.796875,-0.3314353051087776
0,44.134299999999996,2.8,-0.3338769145589313
0,44.134299999999996,2.803125,-0.33634129236676863
0,44.134299999999996,2.8062500000000004,-0.33882842705560795
0,44.134299999999996,2.809375,-0.34133830315288843
0,44.134299999999996,2.8125,-0.3438709008570613
0,44.134299999999996,2.815625,-0.34642619570053984
0,44.134299999999996,2.81875,-0.34900415820856373
0,44.134299999999996,2.8218750000000004,-0.35160475355383347
0,44.134299999999996,2.825,-0.3542279412067926
0,44.134299999999996,2.828125,-0.3568736745814414
0,44.134299999999996,2.83125,-0.3595419006765774
0,44.134299999999996,2.834375,-0.36223255971238044
0,44.134299999999996,2.8375000000000004,-0.3649455847622672
0,44.134299999999996,2.840625,-0.3676809013799624
0,44.134299999999996,2.84375,-0.37043842722174836
0,44.134299999999996,2.846875,-0.3732180716638689
0,44.134299999999996,2.85,-0.3760197354150936
0,44.134299999999996,2.8531250000000004,-0.37884331012445577
0,44.134299999999996,2.85625,-0.3816886779842091
0,44.134299999999996,2.859375,-0.38455571132806715
0,44.134299999999996,2.8625,-0.387444272224805
0,44.134299999999996,2.865625,-0.3903542120673431
0,44.134299999999996,2.8687500000000004,-0.39328537115744205
0,44.134299999999996,2.871875,-0.3962375782861767
0,44.134299999999996,2.875,-0.39921065031037944
0,44.134299999999996,2.878125,-0.40220439172526784
0,44.134299999999996,2.88125,-0.4052185942335121
0,44.134299999999996,2.8843750000000004,-0.4082530363110193
0,44.134299999999996,2.8875,-0.4113074827697493
0,44.134299999999996,2.890625,-0.41438168431791106
0,44.134299999999996,2.89375,-0.4174753771179134
0,44.134299999999996,2.896875,-0.42058828234249696
0,44.134299999999996,2.9000000000000004,-0.4237201057294929
0,44.134299999999996,2.903125,-0.4268705371357061
0,44.134299999999996,2.90625,-0.4300392500904538
0,44.134299999999996,2.909375,-0.4332259013493261
0,44.134299999999996,2.9125,-0.43643013044878576
0,44.134299999999996,2.9156250000000004,-0.43965155926226035
0,44.134299999999996,2.91875,-0.4428897915584255
0,44.134299999999996,2.921875,-0.44614441256242005
0,44.134299999999996,2.925,-0.4494149885207781
0,44.134299999999996,2.928125,-0.4527010662709119
0,44.134299999999996,2.9312500000000004,-0.4560021728160206
0,44.134299999999996,2.934375,-0.4593178149063516
0,44.134299999999996,2.9375,-0.46264747862778227
0,44.134299999999996,2.940625,-0.465990628998739
0,44.134299999999996,2.94375,-0.4693467095765188
0,44.134299999999996,2.9468750000000004,-0.4727151420741229
0,44.134299999999996,2.95,-0.476095325988761
0,44.134299999999996,2.953125,-0.4794866382432286
0,44.134299999999996,2.95625,-0.48288843284140365
0,44.134299999999996,2.959375,-0.48630004053915765
0,44.134299999999996,2.9625000000000004,-0.48972076853201507
0,44.134299999999996,2.965625,-0.49314990016094
0,44.134299999999996,2.96875,-0.4965866946376695
0,44.134299999999996,2.971875,-0.5000303867910427
0,44.134299999999996,2.975,-0.5034801868358255
0,44.134299999999996,2.9781250000000004,-0.5069352801655511
0,44.134299999999996,2.98125,-0.5103948271709342
0,44.134299999999996,2.984375,-0.5138579630854453
0,44.134299999999996,2.9875,-0.5173237978596451
0,44.134299999999996,2.990625,-0.5207914160659136
0,44.134299999999996,2.9937500000000004,-0.5242598768352148
0,44.134299999999996,2.996875,-0.5277282138275515
0,44.134299999999996,3.0,-0.531195435237777
0,44.134299999999996,3.0031250000000003,-0.534660523838415
0,44.134299999999996,3.00625,-0.5381224370611571
0,44.134299999999996,3.009375,-0.5415801071186844
0,44.134299999999996,3.0125,-0.5450324411684351
0,44.134299999999996,3.015625,-0.5484783215199351
0,44.134299999999996,3.0187500000000003,-0.5519166058872664
0,44.134299999999996,3.021875,-0.555346127688203
0,44.134299999999996,3.025,-0.5587656963915211
0,44.134299999999996,3.028125,-0.5621740979139067
0,44.134299999999996,3.03125,-0.5655700950678454
0,44.134299999999996,3.0343750000000003,-0.5689524280617982
0,44.134299999999996,3.0375,-0.5723198150538809
0,44.134299999999996,3.040625,-0.5756709527601918
0,44.134299999999996,3.04375,-0.5790045171188176
0,44.134299999999996,3.046875,-0.5823191640104475
0,44.134299999999996,3.0500000000000003,-0.5856135300364144
0,44.134299999999996,3.053125,-0.5888862333548361
0,44.134299999999996,3.05625,-0.5921358745754217
0,44.134299999999996,3.059375,-0.5953610377133334
0,44.134299999999996,3.0625,-0.5985602912023588
0,44.134299999999996,3.0656250000000003,-0.6017321889674864
0,44.134299999999996,3.06875,-0.6048752715567814
0,44.134299999999996,3.071875,-0.607988067332315
0,44.134299999999996,3.075,-0.6110690937196724
0,44.134299999999996,3.078125,-0.6141168585153978
0,44.134299999999996,3.0812500000000003,-0.6171298612515219
0,44.134299999999996,3.084375,-0.6201065946160946
0,44.134299999999996,3.0875,-0.6230455459284595
0,44.134299999999996,3.090625,-0.625945198667751
0,44.134299999999996,3.09375,-0.6288040340529012
0,44.134299999999996,3.0968750000000003,-0.6316205326722011
0,44.134299999999996,3.1,-0.6343931761602267
0,44.134299999999996,3.103125,-0.6371204489197292
0,44.134299999999996,3.10625,-0.6398008398858338
0,44.134299999999996,3.109375,-0.6424328443296796
0,44.134299999999996,3.1125000000000003,-0.6450149656984061
0,44.134299999999996,3.115625,-0.647545717488148
0,44.134299999999996,3.11875,-0.6500236251465173
0,44.134299999999996,3.121875,-0.6524472280008025
0,44.134299999999996,3.125,-0.6548150812079361
0,44.134299999999996,3.1281250000000003,-0.6571257577220817
0,44.134299999999996,3.13125,-0.6593778502754957
0,44.134299999999996,3.134375,-0.6615699733681641
0,44.134299999999996,3.1375,-0.6637007652615412
0,44.134299999999996,3.140625,-0.6657688899715781
0,44.134299999999996,3.1437500000000003,-0.6677730392561059
0,44.134299999999996,3.146875,-0.6697119345915088
0,44.134299999999996,3.15,-0.6715843291335551
0,44.134299999999996,3.153125,-0.6733890096571515
0,44.134299999999996,3.15625,-0.6751247984697544
0,44.134299999999996,3.1593750000000003,-0.6767905552931298
0,44.134299999999996,3.1625,-0.6783851791081381
0,44.134299999999996,3.165625,-0.6799076099572442
0,44.134299999999996,3.16875,-0.6813568306994757
0,44.134299999999996,3.171875,-0.6827318687126196
0,44.134299999999996,3.1750000000000003,-0.684031797537526
0,44.134299999999996,3.178125,-0.6852557384594942
0,44.134299999999996,3.18125,-0.6864028620218487
0,44.134299999999996,3.184375,-0.6874723894669641
0,44.134299999999996,3.1875,-0.6884635941001753
0,44.134299999999996,3.1906250000000003,-0.689375802572213
0,44.134299999999996,3.19375,-0.6902083960760218
0,44.134299999999996,3.196875,-0.6909608114540636
0,44.134299999999996,3.2,-0.6916325422124715
0,44.134299999999996,3.203125,-0.6922231394387032
0,44.134299999999996,3.2062500000000003,-0.692732212619643
0,44.134299999999996,3.209375,-0.6931594303574116
0,44.134299999999996,3.2125,-0.6935045209804865
0,44.134299999999996,3.215625,-0.6937672730480635
0,44.134299999999996,3.21875,-0.6939475357459598
0,44.134299999999996,3.2218750000000003,-0.6940452191727122
0,44.134299999999996,3.225,-0.6940602945149015
0,44.134299999999996,3.228125,-0.6939927941111098
0,44.134299999999996,3.23125,-0.6938428114042966
0,44.134299999999996,3.234375,-0.6936105007827601
0,44.134299999999996,3.2375000000000003,-0.6932960773102345
0,44.134299999999996,3.240625,-0.6928998163460455
0,44.134299999999996,3.24375,-0.6924220530566249
0,44.134299999999996,3.246875,-0.6918631818200427
0,44.134299999999996,3.25,-0.6912236555255828
0,44.134299999999996,3.2531250000000003,-0.6905039847707173
0,44.134299999999996,3.25625,-0.6897047369581851
0,44.134299999999996,3.259375,-0.6888265352961843
0,44.134299999999996,3.2625,-0.6878700577049957
0,44.134299999999996,3.265625,-0.6868360356336426
0,44.134299999999996,3.2687500000000003,-0.6857252527904479
0,44.134299999999996,3.271875,-0.6845385437916096
0,44.134299999999996,3.275,-0.6832767927321219
0,44.134299999999996,3.278125,-0.6819409316835918
0,44.134299999999996,3.28125,-0.6805319391236667
0,44.134299999999996,3.2843750000000003,-0.6790508383019493
0,44.134299999999996,3.2875,-0.6774986955474137
0,44.134299999999996,3.290625,-0.6758766185224372
0,44.134299999999996,3.29375,-0.6741857544286586
0,44.134299999999996,3.296875,-0.6724272881699258
0,44.134299999999996,3.3000000000000003,-0.6706024404776364
0,44.134299999999996,3.303125,-0.6687124660037946
0,44.134299999999996,3.30625,-0.6667586513870902
0,44.134299999999996,3.309375,-0.6647423132972854
0,44.134299999999996,3.3125,-0.6626647964631367
0,44.134299999999996,3.3156250000000003,-0.6605274716890072
0,44.134299999999996,3.31875,-0.6583317338652431
0,44.134299999999996,3.321875,-0.6560789999772612
0,44.134299999999996,3.325,-0.6537707071181869
0,44.134299999999996,3.328125,-0.6514083105097246
0,44.134299999999996,3.3312500000000003,-0.6489932815357894
0,44.134299999999996,3.334375,-0.6465271057932642
0,44.134299999999996,3.3375,-0.6440112811640516
0,44.134299999999996,3.340625,-0.6414473159124071
0,44.134299999999996,3.34375,-0.6388367268113335
0,44.134299999999996,3.3468750000000003,-0.6361810373015979
0,44.134299999999996,3.35,-0.6334817756867347
0,44.134299999999996,3.353125,-0.6307404733671473
0,44.134299999999996,3.35625,-0.6279586631162258
0,44.134299999999996,3.359375,-0.6251378774011438
0,44.134299999999996,3.3625000000000003,-0.6222796467507767
0,44.134299999999996,3.365625,-0.6193854981729615
0,44.134299999999996,3.36875,-0.6164569536230667
0,44.134299999999996,3.371875,-0.6134955285256409
0,44.134299999999996,3.375,-0.6105027303506594
0,44.134299999999996,3.3781250000000003,-0.6074800572456768
0,44.134299999999996,3.38125,-0.60442899672499
0,44.134299999999996,3.384375,-0.6013510244166762
0,44.134299999999996,3.3875,-0.5982476028681996
0,44.134299999999996,3.390625,-0.5951201804110581
0,44.134299999999996,3.3937500000000003,-0.5919701900847627
0,44.134299999999996,3.396875,-0.5887990486202611
0,44.134299999999996,3.4000000000000004,-0.5856081554827357
0,44.134299999999996,3.403125,-0.5823988919735561
0,44.134299999999996,3.40625,-0.5791726203909878
0,44.134299999999996,3.4093750000000003,-0.5759306832491375
0,44.134299999999996,3.4125,-0.5726744025544624
0,44.134299999999996,3.4156250000000004,-0.5694050791390404
0,44.134299999999996,3.41875,-0.5661239920496981
0,44.134299999999996,3.421875,-0.5628323979919626
0,44.134299999999996,3.4250000000000003,-0.5595315308277191
0,44.134299999999996,3.428125,-0.5562226011253608
0,44.134299999999996,3.4312500000000004,-0.5529067957611303
0,44.134299999999996,3.434375,-0.5495852775702981
0,44.134299999999996,3.4375,-0.5462591850467294
0,44.134299999999996,3.4406250000000003,-0.5429296320893712
0,44.134299999999996,3.44375,-0.5395977077941174
0,44.134299999999996,3.4468750000000004,-0.5362644762894765
0,44.134299999999996,3.45,-0.5329309766144497
0,44.134299999999996,3.453125,-0.5295982226369764
0,44.134299999999996,3.4562500000000003,-0.5262672030113121
0,44.134299999999996,3.459375,-0.5229388811726767
0,44.134299999999996,3.4625000000000004,-0.519614195367505
0,44.134299999999996,3.465625,-0.5162940587176471
0,44.134299999999996,3.46875,-0.5129793593168505
0,44.134299999999996,3.4718750000000003,-0.5096709603578855
0,44.134299999999996,3.475,-0.5063697002886819
0,44.134299999999996,3.4781250000000004,-0.5030763929958553
0,44.134299999999996,3.48125,-0.4997918280140526
0,44.134299999999996,3.484375,-0.4965167707595373
0,44.134299999999996,3.4875000000000003,-0.4932519627864948
0,44.134299999999996,3.490625,-0.4899981220645565
0,44.134299999999996,3.4937500000000004,-0.48675594327607385
0,44.134299999999996,3.496875,-0.4835260981317286
0,44.134299999999996,3.5,-0.4803092357030804
0,44.134299999999996,3.5031250000000003,-0.47710598277071786
0,44.134299999999996,3.50625,-0.4739169441867083
0,44.134299999999996,3.5093750000000004,-0.4707427032500828
0,44.134299999999996,3.5125,-0.46758382209415456
0,44.134299999999996,3.515625,-0.4644408420844915
0,44.134299999999996,3.5187500000000003,-0.46131428422643067
0,44.134299999999996,3.521875,-0.4582046495810562
0,44.134299999999996,3.5250000000000004,-0.45511241968860716
0,44.134299999999996,3.528125,-0.45203805699834293
0,44.134299999999996,3.53125,-0.4489820053039197
0,44.134299999999996,3.5343750000000003,-0.4459446901833946
0,44.134299999999996,3.5375,-0.44292651944301026
0,44.134299999999996,3.5406250000000004,-0.4399278835639557
0,44.134299999999996,3.54375,-0.43694915615135715
0,44.134299999999996,3.546875,-0.43399069438477195
0,44.134299999999996,3.5500000000000003,-0.43105283946952894
0,44.134299999999996,3.553125,-0.42813591708827936
0,44.134299999999996,3.5562500000000004,-0.4252402378521675
0,44.134299999999996,3.559375,-0.4223660977510825
0,44.134299999999996,3.5625,-0.41951377860246813
0,44.134299999999996,3.5656250000000003,-0.41668354849822886
0,44.134299999999996,3.56875,-0.4138756622492916
0,44.134299999999996,3.5718750000000004,-0.41109036182741626
0,44.134299999999996,3.575,-0.4083278768038987
0,44.134299999999996,3.578125,-0.40558842478481955
0,44.134299999999996,3.5812500000000003,-0.40287221184254285
0,44.134299999999996,3.584375,-0.4001794329431912
0,44.134299999999996,3.5875000000000004,-0.3975102723698455
0,44.134299999999996,3.590625,-0.3948649041412655
0,44.134299999999996,3.59375,-0.3922434924259302
0,44.134299999999996,3.5968750000000003,-0.38964619195124195
0,44.134299999999996,3.6,-0.38707314840775314
0,44.134299999999996,3.6031250000000004,-0.3845244988482962
0,44.134299999999996,3.60625,-0.3820003720819307
0,44.134299999999996,3.609375,-0.37950088906262774
0,44.134299999999996,3.6125000000000003,-0.3770261632726447
0,44.134299999999996,3.615625,-0.3745763011005586
0,44.134299999999996,3.6187500000000004,-0.3721514022139377
0,44.134299999999996,3.621875,-0.36975155992666286
0,44.134299999999996,3.625,-0.367376861560911
0,44.134299999999996,3.6281250000000003,-0.3650273888038414
0,44.134299999999996,3.63125,-0.3627032180590339
0,44.134299999999996,3.6343750000000004,-0.3604044207927388
0,44.134299999999996,3.6375,-0.35813106387502497
0,44.134299999999996,3.640625,-0.35588320991590655
0,44.134299999999996,3.6437500000000003,-0.3536609175965581
0,44.134299999999996,3.646875,-0.3514642419957289
0,44.134299999999996,3.6500000000000004,-0.3492932349114768
0,44.134299999999996,3.653125,-0.34714794517836356
0,44.134299999999996,3.65625,-0.34502841898024733
0,44.134299999999996,3.6593750000000003,-0.3429347001588297
0,44.134299999999996,3.6625,-0.34086683051811845
0,44.134299999999996,3.6656250000000004,-0.3388248501249704
0,44.134299999999996,3.66875,-0.336808797605899
0,44.134299999999996,3.671875,-0.33481871044032213
0,44.134299999999996,3.6750000000000003,-0.3328546252504484
0,44.134299999999996,3.678125,-0.3309165780879953
0,44.134299999999996,3.6812500000000004,-0.3290046047179425
0,44.134299999999996,3.684375,-0.32711874089953463
0,44.134299999999996,3.6875,-0.32525902266474116
0,44.134299999999996,3.6906250000000003,-0.32342548659440157
0,44.134299999999996,3.69375,-0.3216181700922789
0,44.134299999999996,3.6968750000000004,-0.319837111657249
0,44.134299999999996,3.7,-0.3180823511538688
0,44.134299999999996,3.703125,-0.31635393008155543
0,44.134299999999996,3.7062500000000003,-0.3146518918426291
0,44.134299999999996,3.709375,-0.31297628200946304
0,44.134299999999996,3.7125000000000004,-0.31132714859099664
0,44.134299999999996,3.715625,-0.3097045422988699
0,44.134299999999996,3.71875,-0.3081085168134389
0,44.134299999999996,3.7218750000000003,-0.3065391290499396
0,44.134299999999996,3.725,-0.30499643942506965
0,44.134299999999996,3.7281250000000004,-0.3034805121242589
0,44.134299999999996,3.73125,-0.30199141536990987
0,44.134299999999996,3.734375,-0.3005292216908841
0,44.134299999999996,3.7375000000000003,-0.2990940081935212
0,44.134299999999996,3.740625,-0.2976858568344798
0,44.134299999999996,3.7437500000000004,-0.29630485469568396
0,44.134299999999996,3.746875,-0.29495109426168015
0,44.134299999999996,3.75,-0.29362467369969003
0,44.134299999999996,3.7531250000000003,-0.2923256971426685
0,44.134299999999996,3.75625,-0.2910542749756647
0,44.134299999999996,3.7593750000000004,-0.2898105241257917
0,44.134299999999996,3.7625,-0.2885945683561148
0,44.134299999999996,3.765625,-0.28740653856376425
0,44.134299999999996,3.7687500000000003,-0.28624657308258694
0,44.134299999999996,3.771875,-0.2851148179906493
0,44.134299999999996,3.7750000000000004,-0.2840114274229011
0,44.134299999999996,3.778125,-0.2829365638893193
0,44.134299999999996,3.78125,-0.2818903985988415
0,44.134299999999996,3.7843750000000003,-0.2808731117894034
0,44.134299999999996,3.7875,-0.27988489306439196
0,44.134299999999996,3.7906250000000004,-0.2789259417358204
0,44.134299999999996,3.79375,-0.27799646717453413
0,44.134299999999996,3.796875,-0.2770966891677436
0,44.134299999999996,3.8000000000000003,-0.2762268382841834
0,44.134299999999996,3.803125,-0.2753871562471822
0,44.134299999999996,3.8062500000000004,-0.27457789631592294
0,44.134299999999996,3.809375,-0.27379932367516263
0,44.134299999999996,3.8125,-0.2730517158336652
0,44.134299999999996,3.8156250000000003,-0.2723353630315893
0,44.134299999999996,3.81875,-0.27165056865705384
0,44.134299999999996,3.8218750000000004,-0.2709976496720839
0,44.134299999999996,3.825,-0.27037693704811566
0,44.134299999999996,3.828125,-0.2697887762112129
0,44.134299999999996,3.8312500000000003,-0.2692335274971166
0,44.134299999999996,3.834375,-0.2687115666162126
0,44.134299999999996,3.8375000000000004,-0.2682232851284623
0,44.134299999999996,3.840625,-0.26776909092829815
0,44.134299999999996,3.84375,-0.26734940873942864
0,44.134299999999996,3.8468750000000003,-0.2669646806194446
0,44.134299999999996,3.85,-0.2666153664740499
0,44.134299999999996,3.8531250000000004,-0.26630194458066453
0,44.134299999999996,3.85625,-0.26602491212106866
0,44.134299999999996,3.859375,-0.26578478572265896
0,44.134299999999996,3.8625000000000003,-0.26558210200778737
0,44.134299999999996,3.865625,-0.26541741815053477
0,44.134299999999996,3.8687500000000004,-0.26529131244014253
0,44.134299999999996,3.871875,-0.26520438485017994
0,44.134299999999996,3.875,-0.2651572576123659
0,44.134299999999996,3.8781250000000003,-0.265150575793784
0,44.134299999999996,3.88125,-0.2651850078760297
0,44.134299999999996,3.8843750000000004,-0.2652612463346146
0,44.134299999999996,3.8875,-0.2653800082167003
0,44.134299999999996,3.890625,-0.26554203571497437
0,44.134299999999996,3.8937500000000003,-0.26574809673517713
0,44.134299999999996,3.896875,-0.2659989854544615
0,44.134299999999996,3.9000000000000004,-0.2662955228674073
0,44.134299999999996,3.903125,-0.26663855731610936
0,44.134299999999996,3.90625,-0.26702896500032336
0,44.134299999999996,3.9093750000000003,-0.2674676504631667
0,44.134299999999996,3.9125,-0.26795554704734476
0,44.134299999999996,3.9156250000000004,-0.26849361731629034
0,44.134299999999996,3.91875,-0.26908285343396465
0,44.134299999999996,3.921875,-0.26972427749637523
0,44.134299999999996,3.9250000000000003,-0.2704189418070986
0,44.134299999999996,3.928125,-0.27116792908826737
0,44.134299999999996,3.9312500000000004,-0.2719723526175721
0,44.134299999999996,3.934375,-0.2728333562808368
0,44.134299999999996,3.9375,-0.2737521145286609
0,44.134299999999996,3.9406250000000003,-0.274729832224444
0,44.134299999999996,3.94375,-0.2757677443698541
0,44.134299999999996,3.9468750000000004,-0.27686711569242844
0,44.134299999999996,3.95,-0.27802924007852226
0,44.134299999999996,3.953125,-0.2792554398332318
0,44.134299999999996,3.9562500000000003,-0.280547064747207
0,44.134299999999996,3.959375,-0.28190549094844064
0,44.134299999999996,3.9625000000000004,-0.28333211951516374
0,44.134299999999996,3.965625,-0.284828374823886
0,44.134299999999996,3.96875,-0.2863957026044141
0,44.134299999999996,3.9718750000000003,-0.28803556767132493
0,44.134299999999996,3.975,-0.28974945129891355
0,44.134299999999996,3.9781250000000004,-0.29153884820404335
0,44.134299999999996,3.98125,-0.2934052630986261
0,44.134299999999996,3.984375,-0.2953502067706747
0,44.134299999999996,3.9875000000000003,-0.2973751916499933
0,44.134299999999996,3.990625,-0.29948172681165064
0,44.134299999999996,3.9937500000000004,-0.30167131236743966
0,44.134299999999996,3.996875,-0.3039454331925874
0,44.134299999999996,4.0,-0.30630555193213016
0,44.134299999999996,4.003125000000001,-0.3087531012286129
0,44.134299999999996,4.00625,-0.3112894751102335
0,44.134299999999996,4.009375,-0.3139160194762957
0,44.134299999999996,4.0125,-0.3166340216149054
0,44.134299999999996,4.015625,-0.31944469868651115
0,44.134299999999996,4.018750000000001,-0.32234918510606425
0,44.134299999999996,4.021875,-0.3253485187566337
0,44.134299999999996,4.025,-0.32844362596830234
0,44.134299999999996,4.028125,-0.3316353051982826
0,44.134299999999996,4.03125,-0.33492420935181433
0,44.134299999999996,4.034375000000001,-0.3383108266885328
0,44.134299999999996,4.0375,-0.34179546026616126
0,44.134299999999996,4.040625,-0.34537820588274215
0,44.134299999999996,4.04375,-0.3490589284904625
0,44.134299999999996,4.046875,-0.35283723706902176
0,44.134299999999996,4.050000000000001,-0.35671245796444484
0,44.134299999999996,4.053125,-0.3606836067209627
0,44.134299999999996,4.05625,-0.36474935845921896
0,44.134299999999996,4.059375,-0.3689080168839454
0,44.134299999999996,4.0625,-0.37315748203892096
0,44.134299999999996,4.065625000000001,-0.377495216966368
0,44.134299999999996,4.06875,-0.38191821347249966
0,44.134299999999996,4.071875,-0.38642295725055403
0,44.134299999999996,4.075,-0.3910053926672574
0,44.134299999999996,4.078125,-0.3956608875782729
0,44.134299999999996,4.081250000000001,-0.4003841986019316
0,44.134299999999996,4.084375,-0.4051694373481407
0,44.134299999999996,4.0875,-0.41001003816954035
0,44.134299999999996,4.090625,-0.4148987280734044
0,44.134299999999996,4.09375,-0.41982749950400916
0,44.134299999999996,4.096875000000001,-0.4247875867736788
0,44.134299999999996,4.1,-0.42976944698436637
0,44.134299999999996,4.103125,-0.43476274633723655
0,44.134299999999996,4.10625,-0.43975635277193914
0,44.134299999999996,4.109375,-0.44473833590669776
0,44.134299999999996,4.112500000000001,-0.44969597526058824
0,44.134299999999996,4.115625,-0.45461577772681844
0,44.134299999999996,4.11875,-0.45948350522607795
0,44.134299999999996,4.121875,-0.46428421339825293
0,44.134299999999996,4.125,-0.46900230208584864
0,44.134299999999996,4.128125000000001,-0.47362157822018974
0,44.134299999999996,4.13125,-0.4781253315406381
0,44.134299999999996,4.134375,-0.48249642335703413
0,44.134299999999996,4.1375,-0.48671738830757116
0,44.134299999999996,4.140625,-0.4907705487717165
0,44.134299999999996,4.143750000000001,-0.49463814127534916
0,44.134299999999996,4.146875,-0.4983024538807404
0,44.134299999999996,4.15,-0.5017459731966192
0,44.134299999999996,4.153125,-0.5049515392848724
0,44.134299999999996,4.15625,-0.5079025063938977
0,44.134299999999996,4.159375000000001,-0.5105829071283712
0,44.134299999999996,4.1625,-0.5129776173866887
0,44.134299999999996,4.165625,-0.5150725191753119
0,44.134299999999996,4.16875,-0.5168546582576928
0,44.134299999999996,4.171875,-0.51831239352655
0,44.134299999999996,4.175000000000001,-0.5194355350110362
0,44.134299999999996,4.178125,-0.5202154675506555
0,44.134299999999996,4.18125,-0.5206452573869338
0,44.134299999999996,4.184375,-0.5207197392386728
0,44.134299999999996,4.1875,-0.5204355818292086
0,44.134299999999996,4.190625000000001,-0.5197913303119094
0,44.134299999999996,4.19375,-0.5187874245767016
0,44.134299999999996,4.196875,-0.5174261929959427
0,44.134299999999996,4.2,-0.5157118217605533
0,44.134299999999996,4.203125,-0.5136503005440411
0,44.134299999999996,4.206250000000001,-0.511249345790441
0,44.134299999999996,4.209375,-0.5085183034311681
0,44.134299999999996,4.2125,-0.5054680332772011
0,44.134299999999996,4.215625,-0.5021107776923228
0,44.134299999999996,4.21875,-0.49846001742000223
0,44.134299999999996,4.221875000000001,-0.49453031760558697
0,44.134299999999996,4.225,-0.4903371671257435
0,44.134299999999996,4.228125,-0.48589681431231435
0,44.134299999999996,4.23125,-0.4812261020455643
0,44.134299999999996,4.234375,-0.4763423050026955
0,44.134299999999996,4.237500000000001,-0.47126297159504227
0,44.134299999999996,4.240625,-0.46600577282569233
0,44.134299999999996,4.24375,-0.46058835996380426
0,44.134299999999996,4.246875,-0.4550282325774994
0,44.134299999999996,4.25,-0.44934261810751785
0,44.134299999999996,4.253125000000001,-0.4435483638117545
0,44.134299999999996,4.25625,-0.4376618415763611
0,44.134299999999996,4.259375,-0.4316988657810369
0,44.134299999999996,4.2625,-0.4256746241306754
0,44.134299999999996,4.265625,-0.4196036211264466
0,44.134299999999996,4.268750000000001,-0.41349963364934333
0,44.134299999999996,4.271875,-0.40737567796805446
0,44.134299999999996,4.275,-0.4012439873599921
0,44.134299999999996,4.278125,-0.3951159994471761
0,44.134299999999996,4.28125,-0.3890023522940176
0,44.134299999999996,4.284375000000001,-0.3829128882887229
0,44.134299999999996,4.2875,-0.37685666482951996
0,44.134299999999996,4.290625,-0.3708419708574038
0,44.134299999999996,4.29375,-0.36487634831460264
0,44.134299999999996,4.296875,-0.35896661765829224
0,44.134299999999996,4.300000000000001,-0.3531189066192921
0,44.134299999999996,4.303125,-0.34733868146185254
0,44.134299999999996,4.30625,-0.34163078007081743
0,44.134299999999996,4.309375,-0.3359994462640696
0,44.134299999999996,4.3125,-0.33044836479904754
0,44.134299999999996,4.315625000000001,-0.32498069661123385
0,44.134299999999996,4.31875,-0.3195991138881983
0,44.134299999999996,4.321875,-0.31430583464449496
0,44.134299999999996,4.325,-0.30910265651988467
0,44.134299999999996,4.328125,-0.30399098957534626
0,44.134299999999996,4.331250000000001,-0.29897188790848883
0,44.134299999999996,4.334375,-0.29404607995180904
0,44.134299999999996,4.3375,-0.2892139973541771
0,44.134299999999996,4.340625,-0.28447580237819725
0,44.134299999999996,4.34375,-0.2798314137736798
0,44.134299999999996,4.346875000000001,-0.27528053111115486
0,44.134299999999996,4.35,-0.270822657579067
0,44.134299999999996,4.353125,-0.2664571212646428
0,44.134299999999996,4.35625,-0.26218309495177344
0,44.134299999999996,4.359375,-0.25799961447970954
0,44.134299999999996,4.362500000000001,-0.2539055957146557
0,44.134299999999996,4.365625,-0.2498998501923949
0,44.134299999999996,4.36875,-0.24598109949440203
0,44.134299999999996,4.371875,-0.24214798842278354
0,44.134299999999996,4.375,-0.23839909704081208
0,44.134299999999996,4.378125000000001,-0.23473295164640273
0,44.134299999999996,4.38125,-0.2311480347454167
0,44.134299999999996,4.384375,-0.22764279409057767
0,44.134299999999996,4.3875,-0.2242156508501816
0,44.134299999999996,4.390625,-0.22086500696859185
0,44.134299999999996,4.393750000000001,-0.21758925177818386
0,44.134299999999996,4.396875,-0.21438676791969158
0,44.134299999999996,4.4,-0.21125593662510125
0,44.134299999999996,4.403125,-0.2081951424143818
0,44.134299999999996,4.40625,-0.20520277725431976
0,44.134299999999996,4.409375000000001,-0.2022772442248685
0,44.134299999999996,4.4125,-0.19941696073547216
0,44.134299999999996,4.415625,-0.19662036133099464
0,44.134299999999996,4.41875,-0.19388590012418216
0,44.134299999999996,4.421875,-0.1912120528888736
0,44.134299999999996,4.425000000000001,-0.1885973188457167
0,44.134299999999996,4.428125,-0.18604022216969945
0,44.134299999999996,4.43125,-0.18353931324653025
0,44.134299999999996,4.434375,-0.1810931697027888
0,44.134299999999996,4.4375,-0.17870039723268732
0,44.134299999999996,4.440625000000001,-0.1763596302424517
0,44.134299999999996,4.44375,-0.174069532331526
0,44.134299999999996,4.446875,-0.17182879662815834
0,44.134299999999996,4.45,-0.16963614599543117
0,44.134299999999996,4.453125,-0.1674903331223204
0,44.134299999999996,4.456250000000001,-0.16539014051311504
0,44.134299999999996,4.459375,-0.163334380387278
0,44.134299999999996,4.4625,-0.16132189450071394
0,44.134299999999996,4.465625,-0.1593515538984111
0,44.134299999999996,4.46875,-0.1574222586074266
0,44.134299999999996,4.471875000000001,-0.15553293727836903
0,44.134299999999996,4.475,-0.15368254678270352
0,44.134299999999996,4.478125,-0.1518700717724793
0,44.134299999999996,4.48125,-0.15009452420844113
0,44.134299999999996,4.484375,-0.1483549428618329
0,44.134299999999996,4.487500000000001,-0.14665039279469327
0,44.134299999999996,4.490625,-0.14497996482291056
0,44.134299999999996,4.49375,-0.14334277496584566
0,44.134299999999996,4.496875,-0.14173796388594
0,44.134299999999996,4.5,-0.1401646963213046
0,44.134299999999996,4.503125000000001,-0.13862216051398427
0,44.134299999999996,4.50625,-0.13710956763625454
0,44.134299999999996,4.509375,-0.13562615121702684
0,44.134299999999996,4.5125,-0.1341711665702073
0,44.134299999999996,4.515625,-0.13274389022658528
0,44.134299999999996,4.518750000000001,-0.1313436193706584
0,44.134299999999996,4.521875,-0.12996967128359163
0,44.134299999999996,4.525,-0.1286213827933391
0,44.134299999999996,4.528125,-0.1272981097328283
0,44.134299999999996,4.53125,-0.12599922640693562
0,44.134299999999996,4.534375000000001,-0.12472412506889566
0,44.134299999999996,4.5375,-0.12347221540665634
0,44.134299999999996,4.540625,-0.12224292403959557
0,44.134299999999996,4.54375,-0.1210356940259485
0,44.134299999999996,4.546875,-0.11984998438118473
0,44.134299999999996,4.550000000000001,-0.11868526960753924
0,44.134299999999996,4.553125,-0.1175410392348195
0,44.134299999999996,4.55625,-0.11641679737256
0,44.134299999999996,4.559375,-0.11531206227356426
0,44.134299999999996,4.5625,-0.11422636590880551
0,44.134299999999996,4.565625000000001,-0.11315925355364873
0,44.134299999999996,4.56875,-0.11211028338530851
0,44.134299999999996,4.571875,-0.11107902609142989
0,44.134299999999996,4.575,-0.11006506448967174
0,44.134299999999996,4.578125,-0.10906799315812632
0,44.134299999999996,4.581250000000001,-0.10808741807641709
0,44.134299999999996,4.584375,-0.10712295627728692
0,44.134299999999996,4.5875,-0.1061742355084769
0,44.134299999999996,4.590625,-0.10524089390470123
0,44.134299999999996,4.59375,-0.10432257966949117
0,44.134299999999996,4.596875000000001,-0.1034189507666994
0,44.134299999999996,4.6,-0.10252967462143651
0,44.134299999999996,4.603125,-0.10165442783020834
0,44.134299999999996,4.60625,-0.1007928958800344
0,44.134299999999996,4.609375,-0.09994477287630468
0,44.134299999999996,4.612500000000001,-0.09910976127915351
0,44.134299999999996,4.615625,-0.09828757164811674
0,44.134299999999996,4.61875,-0.09747792239483996
0,44.134299999999996,4.621875,-0.09668053954362023
0,44.134299999999996,4.625,-0.09589515649954568
0,44.134299999999996,4.628125000000001,-0.09512151382402009
0,44.134299999999996,4.63125,-0.09435935901745217
0,44.134299999999996,4.634375,-0.09360844630889076
0,44.134299999999996,4.6375,-0.09286853645240493
0,44.134299999999996,4.640625,-0.0921393965299919
0,44.134299999999996,4.643750000000001,-0.09142079976081914
0,44.134299999999996,4.646875,-0.09071252531660032
0,44.134299999999996,4.65,-0.09001435814290902
0,44.134299999999996,4.653125,-0.08932608878625053
0,44.134299999999996,4.65625,-0.08864751322669785
0,44.134299999999996,4.659375000000001,-0.08797843271592141
0,44.134299999999996,4.6625,-0.08731865362043567
0,44.134299999999996,4.665625,-0.08666798726989074
0,44.134299999999996,4.66875,-0.08602624981025168
0,44.134299999999996,4.671875,-0.0853932620616972
0,44.134299999999996,4.675000000000001,-0.08476884938108956
0,44.134299999999996,4.678125,-0.08415284152886242
0,44.134299999999996,4.68125,-0.0835450725401787
0,44.134299999999996,4.684375,-0.08294538060022323
0,44.134299999999996,4.6875,-0.08235360792348478
0,44.134299999999996,4.690625000000001,-0.08176960063690163
0,44.134299999999996,4.69375,-0.08119320866673915
0,44.134299999999996,4.696875,-0.08062428562907265
0,44.134299999999996,4.7,-0.0800626887237613
0,44.134299999999996,4.703125,-0.07950827863178866
0,44.134299999999996,4.706250000000001,-0.07896091941586328
0,44.134299999999996,4.709375,-0.07842047842416743
0,44.134299999999996,4.7125,-0.07788682619714717
0,44.134299999999996,4.715625,-0.07735983637724689
0,44.134299999999996,4.71875,-0.07683938562148238
0,44.134299999999996,4.721875000000001,-0.07632535351676381
0,44.134299999999996,4.725,-0.0758176224978733
0,44.134299999999996,4.728125,-0.07531607776800656
0,44.134299999999996,4.73125,-0.07482060722179854
0,44.134299999999996,4.734375,-0.07433110137074232
0,44.134299999999996,4.737500000000001,-0.07384745327092754
0,44.134299999999996,4.740625,-0.07336955845301794
0,44.134299999999996,4.74375,-0.07289731485439199
0,44.134299999999996,4.746875,-0.07243062275337937
0,44.134299999999996,4.75,-0.07196938470551684
0,44.134299999999996,4.753125000000001,-0.07151350548176195
0,44.134299999999996,4.75625,-0.07106289200859696
0,44.134299999999996,4.759375,-0.07061745330995886
0,44.134299999999996,4.7625,-0.07017710045093983
0,44.134299999999996,4.765625,-0.06974174648319324
0,44.134299999999996,4.768750000000001,-0.06931130639199375
0,44.134299999999996,4.771875,-0.06888569704489536
0,44.134299999999996,4.775,-0.06846483714193287
0,44.134299999999996,4.778125,-0.06804864716732065
0,44.134299999999996,4.78125,-0.06763704934259383
0,44.134299999999996,4.784375000000001,-0.06722996758114949
0,44.134299999999996,4.7875,-0.06682732744414001
0,44.134299999999996,4.790625,-0.06642905609767318
0,44.134299999999996,4.79375,-0.06603508227128066
0,44.134299999999996,4.796875,-0.06564533621760836
0,44.134299999999996,4.800000000000001,-0.06525974967329336
0,44.134299999999996,4.803125,-0.0648782558209873
0,44.134299999999996,4.80625,-0.06450078925248788
0,44.134299999999996,4.809375,-0.06412728593294686
0,44.134299999999996,4.8125,-0.06375768316611466
0,44.134299999999996,4.815625000000001,-0.06339191956059276
0,44.134299999999996,4.81875,-0.06302993499706
0,44.134299999999996,4.821875,-0.06267167059644009
0,44.134299999999996,4.825,-0.062317068688984345
0,44.134299999999996,4.828125,-0.061966072784236326
0,44.134299999999996,4.831250000000001,-0.06161862754185323
0,44.134299999999996,4.834375,-0.06127467874325657
0,44.134299999999996,4.8375,-0.060934173264083964
0,44.134299999999996,4.840625,-0.06059705904742088
0,44.134299999999996,4.84375,-0.06026328507778325
0,44.134299999999996,4.846875000000001,-0.059932801355831074
0,44.134299999999996,4.85,-0.059605558873788864
0,44.134299999999996,4.853125,-0.05928150959154966
0,44.134299999999996,4.85625,-0.05896060641344502
0,44.134299999999996,4.859375,-0.058642803165655816
0,44.134299999999996,4.862500000000001,-0.05832805457424772
0,44.134299999999996,4.865625,-0.05801631624381088
0,44.134299999999996,4.86875,-0.05770754463668373
0,44.134299999999996,4.871875,-0.05740169705274685
0,44.134299999999996,4.875,-0.05709873160976487
0,44.134299999999996,4.878125000000001,-0.05679860722426337
0,44.134299999999996,4.88125,-0.05650128359292331
0,44.134299999999996,4.884375,-0.05620672117447568
0,44.134299999999996,4.8875,-0.055914881172085304
0,44.134299999999996,4.890625,-0.055625725516204226
0,44.134299999999996,4.893750000000001,-0.05533921684788436
0,44.134299999999996,4.896875,-0.055055318502534215
0,44.134299999999996,4.9,-0.05477399449410538
0,44.134299999999996,4.903125,-0.05449520949969908
0,44.134299999999996,4.90625,-0.054218928844576394
0,44.134299999999996,4.909375000000001,-0.05394511848756342
0,44.134299999999996,4.9125,-0.05367374500683843
0,44.134299999999996,4.915625,-0.05340477558608886
0,44.134299999999996,4.91875,-0.05313817800103008
0,44.134299999999996,4.921875,-0.052873920606271774
0,44.134299999999996,4.925000000000001,-0.05261197232252467
0,44.134299999999996,4.928125,-0.052352302624136794
0,44.134299999999996,4.93125,-0.0520948815269484
0,44.134299999999996,4.934375,-0.05183967957645939
0,44.134299999999996,4.9375,-0.05158666783629657
0,44.134299999999996,4.940625000000001,-0.051335817876975054
0,44.134299999999996,4.94375,-0.051087101764944284
0,44.134299999999996,4.946875,-0.05084049205190946
0,44.134299999999996,4.95,-0.05059596176442332
0,44.134299999999996,4.953125,-0.05035348439373734
0,44.134299999999996,4.956250000000001,-0.050113033885907404
0,44.134299999999996,4.959375,-0.04987458463214604
0,44.134299999999996,4.9625,-0.04963811145941312
0,44.134299999999996,4.965625,-0.049403589621241105
0,44.134299999999996,4.96875,-0.049170994788784866
0,44.134299999999996,4.971875000000001,-0.04894030304209248
0,44.134299999999996,4.975,-0.048711490861590004
0,44.134299999999996,4.978125,-0.048484535119773055
0,44.134299999999996,4.98125,-0.048259413073102345
0,44.134299999999996,4.984375,-0.04803610235409418
0,44.134299999999996,4.987500000000001,-0.047814580963603116
0,44.134299999999996,4.990625,-0.04759482726329066
0,44.134299999999996,4.99375,-0.047376819968273844
0,44.134299999999996,4.996875,-0.04716053813995152
0,44.134299999999996,5.0,-0.0469459611790001
0,44.134299999999996,5.003125,-0.046733068818537005
0,44.134299999999996,5.0062500000000005,-0.04652184111744566
0,44.134299999999996,5.009375,-0.04631225845385867
0,44.134299999999996,5.0125,-0.04610430151879379
0,44.134299999999996,5.015625,-0.04589795130993995
0,44.134299999999996,5.01875,-0.0456931891255883
0,44.134299999999996,5.0218750000000005,-0.04548999655870486
0,44.134299999999996,5.025,-0.04528835549114122
0,44.134299999999996,5.028125,-0.04508824808797877
0,44.134299999999996,5.03125,-0.04488965679200414
0,44.134299999999996,5.034375,-0.04469256431831154
0,44.134299999999996,5.0375000000000005,-0.044496953649028906
0,44.134299999999996,5.040625,-0.04430280802816495
0,44.134299999999996,5.04375,-0.04411011095657316
0,44.134299999999996,5.046875,-0.0439188461870307
0,44.134299999999996,5.05,-0.043728997719428515
0,44.134299999999996,5.0531250000000005,-0.0435405497960701
0,44.134299999999996,5.05625,-0.04335348689707619
0,44.134299999999996,5.059375,-0.04316779373589207
0,44.134299999999996,5.0625,-0.042983455254895865
0,44.134299999999996,5.065625,-0.04280045662110437
0,44.134299999999996,5.0687500000000005,-0.04261878322197433
0,44.134299999999996,5.071875,-0.042438420661296924
0,44.134299999999996,5.075,-0.04225935475518234
0,44.134299999999996,5.078125,-0.04208157152813325
0,44.134299999999996,5.08125,-0.04190505720920404
0,44.134299999999996,5.0843750000000005,-0.0417297982282441
0,44.134299999999996,5.0875,-0.04155578121222317
0,44.134299999999996,5.090625,-0.04138299298163601
0,44.134299999999996,5.09375,-0.04121142054698546
0,44.134299999999996,5.096875,-0.041041051105341037
0,44.134299999999996,5.1000000000000005,-0.040871872036971714
0,44.134299999999996,5.103125,-0.04070387090205106
0,44.134299999999996,5.10625,-0.040537035437432374
0,44.134299999999996,5.109375,-0.04037135355349299
0,44.134299999999996,5.1125,-0.040206813331045414
0,44.134299999999996,5.1156250000000005,-0.040043403018313876
0,44.134299999999996,5.11875,-0.03988111102797487
0,44.134299999999996,5.121875,-0.03971992593425958
0,44.134299999999996,5.125,-0.03955983647011756
0,44.134299999999996,5.128125,-0.03940083152443935
0,44.134299999999996,5.1312500000000005,-0.039242900139337206
0,44.134299999999996,5.134375,-0.03908603150748237
0,44.134299999999996,5.1375,-0.038930214969497154
0,44.134299999999996,5.140625,-0.03877544001140129
0,44.134299999999996,5.14375,-0.03862169626211064
0,44.134299999999996,5.1468750000000005,-0.03846897349098722
0,44.134299999999996,5.15,-0.03831726160543958
0,44.134299999999996,5.153125,-0.03816655064857165
0,44.134299999999996,5.15625,-0.03801683079687992
0,44.134299999999996,5.159375,-0.03786809235799693
0,44.134299999999996,5.1625000000000005,-0.03772032576848047
0,44.134299999999996,5.165625,-0.0375735215916475
0,44.134299999999996,5.16875,-0.03742767051545111
0,44.134299999999996,5.171875,-0.037282763350400386
0,44.134299999999996,5.175,-0.03713879102752171
0,44.134299999999996,5.1781250000000005,-0.03699574459636046
0,44.134299999999996,5.18125,-0.03685361522302262
0,44.134299999999996,5.184375,-0.03671239418825475
0,44.134299999999996,5.1875,-0.03657207288556212
0,44.134299999999996,5.190625,-0.036432642819363766
0,44.134299999999996,5.1937500000000005,-0.03629409560318349
0,44.134299999999996,5.196875,-0.03615642295787662
0,44.134299999999996,5.2,-0.036019616709890775
0,44.134299999999996,5.203125,-0.03588366878956078
0,44.134299999999996,5.20625,-0.035748571229436484
0,44.134299999999996,5.2093750000000005,-0.03561431616264278
0,44.134299999999996,5.2125,-0.03548089582127139
0,44.134299999999996,5.215625,-0.03534830253480308
0,44.134299999999996,5.21875,-0.03521652872856052
0,44.134299999999996,5.221875,-0.035085566922190364
0,44.134299999999996,5.2250000000000005,-0.03495540972817421
0,44.134299999999996,5.228125,-0.03482604985036796
0,44.134299999999996,5.23125,-0.03469748008256852
0,44.134299999999996,5.234375,-0.03456969330710761
0,44.134299999999996,5.2375,-0.03444268249347212
0,44.134299999999996,5.2406250000000005,-0.03431644069695008
0,44.134299999999996,5.24375,-0.03419096105730213
0,44.134299999999996,5.246875,-0.03406623679745747
0,44.134299999999996,5.25,-0.03394226122223425
0,44.134299999999996,5.253125,-0.0338190277170835
0,44.134299999999996,5.2562500000000005,-0.033696529746856274
0,44.134299999999996,5.259375,-0.03357476085459357
0,44.134299999999996,5.2625,-0.033453714660338196
0,44.134299999999996,5.265625,-0.033333384859968625
0,44.134299999999996,5.26875,-0.03321376522405398
0,44.134299999999996,5.2718750000000005,-0.03309484959672986
0,44.134299999999996,5.275,-0.032976631894594634
0,44.134299999999996,5.278125,-0.03285910610562544
0,44.134299999999996,5.28125,-0.03274226628811398
0,44.134299999999996,5.284375,-0.03262610656962138
0,44.134299999999996,5.2875000000000005,-0.032510621145951574
0,44.134299999999996,5.290625,-0.03239580428014341
0,44.134299999999996,5.29375,-0.032281650301480294
0,44.134299999999996,5.296875,-0.03216815360451767
0,44.134299999999996,5.3,-0.032055308648127716
0,44.134299999999996,5.3031250000000005,-0.031943109954560775
0,44.134299999999996,5.30625,-0.03183155210852359
0,44.134299999999996,5.309375,-0.03172062975627324
0,44.134299999999996,5.3125,-0.03161033760472745
0,44.134299999999996,5.315625,-0.031500670420590154
0,44.134299999999996,5.3187500000000005,-0.03139162302949226
0,44.134299999999996,5.321875,-0.03128319031514759
0,44.134299999999996,5.325,-0.031175367218523004
0,44.134299999999996,5.328125,-0.031068148737023245
0,44.134299999999996,5.33125,-0.03096152992368958
0,44.134299999999996,5.3343750000000005,-0.030855505886412275
0,44.134299999999996,5.3375,-0.030750071787156625
0,44.134299999999996,5.340625,-0.0306452228412019
0,44.134299999999996,5.34375,-0.030540954316393594
0,44.134299999999996,5.346875,-0.03043726153240814
0,44.134299999999996,5.3500000000000005,-0.030334139860030102
0,44.134299999999996,5.353125,-0.03023158472044172
0,44.134299999999996,5.35625,-0.030129591584524062
0,44.134299999999996,5.359375,-0.030028155972170272
0,44.134299999999996,5.3625,-0.02992727345161007
0,44.134299999999996,5.3656250000000005,-0.029826939638745577
0,44.134299999999996,5.36875,-0.029727150196498353
0,44.134299999999996,5.371875,-0.029627900834166908
0,44.134299999999996,5.375,-0.029529187306795174
0,44.134299999999996,5.378125,-0.02943100541455128
0,44.134299999999996,5.3812500000000005,-0.02933335100211647
0,44.134299999999996,5.384375,-0.02923621995808426
0,44.134299999999996,5.3875,-0.029139608214369096
0,44.134299999999996,5.390625,-0.02904351174562497
0,44.134299999999996,5.39375,-0.028947926568673336
0,44.134299999999996,5.3968750000000005,-0.028852848741940343
0,44.134299999999996,5.4,-0.028758274364903247
0,44.134299999999996,5.403125,-0.02866419957754553
0,44.134299999999996,5.40625,-0.02857062055982106
0,44.134299999999996,5.409375,-0.02847753353112673
0,44.134299999999996,5.4125000000000005,-0.028384934749783437
0,44.134299999999996,5.415625,-0.028292820512525643
0,44.134299999999996,5.41875,-0.028201187153998653
0,44.134299999999996,5.421875,-0.028110031046264188
0,44.134299999999996,5.425,-0.028019348598313683
0,44.134299999999996,5.4281250000000005,-0.027929136255589244
0,44.134299999999996,5.43125,-0.02783939049951224
0,44.134299999999996,5.434375,-0.027750107847019128
0,44.134299999999996,5.4375,-0.027661284850104707
0,44.134299999999996,5.440625,-0.027572918095372472
0,44.134299999999996,5.4437500000000005,-0.027485004203591873
0,44.134299999999996,5.446875,-0.027397539829262674
0,44.134299999999996,5.45,-0.02731052166018574
0,44.134299999999996,5.453125,-0.02722394641704075
0,44.134299999999996,5.45625,-0.027137810852970266
0,44.134299999999996,5.4593750000000005,-0.027052111753170224
0,44.134299999999996,5.4625,-0.026966845934486786
0,44.134299999999996,5.465625,-0.026882010245019145
0,44.134299999999996,5.46875,-0.026797601563728634
0,44.134299999999996,5.471875,-0.02671361680005361
0,44.134299999999996,5.4750000000000005,-0.026630052893530244
0,44.134299999999996,5.478125,-0.02654690681341913
0,44.134299999999996,5.48125,-0.02646417555833729
0,44.134299999999996,5.484375,-0.026381856155895965
0,44.134299999999996,5.4875,-0.026299945662343713
0,44.134299999999996,5.4906250000000005,-0.026218441162214886
0,44.134299999999996,5.49375,-0.026137339767983412
0,44.134299999999996,5.496875,-0.026056638619721566
0,44.134299999999996,5.5,-0.025976334884763967
0,44.134299999999996,5.503125,-0.02589642575737652
0,44.134299999999996,5.5062500000000005,-0.025816908458430196
0,44.134299999999996,5.509375,-0.025737780235079746
0,44.134299999999996,5.5125,-0.02565903836044691
0,44.134299999999996,5.515625,-0.0255806801333085
0,44.134299999999996,5.51875,-0.025502702877788972
0,44.134299999999996,5.5218750000000005,-0.02542510394305738
0,44.134299999999996,5.525,-0.02534788070302895
0,44.134299999999996,5.528125,-0.02527103055607074
0,44.134299999999996,5.53125,-0.025194550924711758
0,44.134299999999996,5.534375,-0.025118439255357145
0,44.134299999999996,5.5375000000000005,-0.02504269301800654
0,44.134299999999996,5.540625,-0.02496730970597653
0,44.134299999999996,5.54375,-0.024892286835626904
0,44.134299999999996,5.546875,-0.024817621946091002
0,44.134299999999996,5.55,-0.024743312599009835
0,44.134299999999996,5.5531250000000005,-0.024669356378269964
0,44.134299999999996,5.55625,-0.024595750889745208
0,44.134299999999996,5.559375,-0.024522493761041805
0,44.134299999999996,5.5625,-0.024449582641247372
0,44.134299999999996,5.565625,-0.02437701520068328
0,44.134299999999996,5.5687500000000005,-0.02430478913066054
0,44.134299999999996,5.571875,-0.0242329021432392
0,44.134299999999996,5.575,-0.02416135197099086
0,44.134299999999996,5.578125,-0.024090136366764787
0,44.134299999999996,5.58125,-0.024019253103457077
0,44.134299999999996,5.5843750000000005,-0.0239486999737831
0,44.134299999999996,5.5875,-0.02387847479005316
0,44.134299999999996,5.590625,-0.023808575383951053
0,44.134299999999996,5.59375,-0.023738999606315883
0,44.134299999999996,5.596875,-0.02366974532692676
0,44.134299999999996,5.6000000000000005,-0.023600810434290444
0,44.134299999999996,5.603125,-0.023532192835432043
0,44.134299999999996,5.60625,-0.02346389045568829
0,44.134299999999996,5.609375,-0.023395901238503873
0,44.134299999999996,5.6125,-0.023328223145230434
0,44.134299999999996,5.6156250000000005,-0.02326085415492827
0,44.134299999999996,5.61875,-0.023193792264170784
0,44.134299999999996,5.621875,-0.023127035486851483
0,44.134299999999996,5.625,-0.023060581853993622
0,44.134299999999996,5.628125,-0.02299442941356237
0,44.134299999999996,5.6312500000000005,-0.02292857623027953
0,44.134299999999996,5.634375,-0.02286302038544074
0,44.134299999999996,5.6375,-0.02279775997673498
0,44.134299999999996,5.640625,-0.022732793118066613
0,44.134299999999996,5.64375,-0.022668117939379777
0,44.134299999999996,5.6468750000000005,-0.022603732586484973
0,44.134299999999996,5.65,-0.02253963522088814
0,44.134299999999996,5.653125,-0.022475824019621723
0,44.134299999999996,5.65625,-0.022412297175078193
0,44.134299999999996,5.659375,-0.022349052894845615
0,44.134299999999996,5.6625000000000005,-0.022286089401545375
0,44.134299999999996,5.665625,-0.022223404932672122
0,44.134299999999996,5.66875,-0.02216099774043559
0,44.134299999999996,5.671875,-0.02209886609160466
0,44.134299999999996,5.675,-0.02203700826735338
0,44.134299999999996,5.6781250000000005,-0.0219754225631089
0,44.134299999999996,5.68125,-0.021914107288401527
0,44.134299999999996,5.684375,-0.021853060766716472
0,44.134299999999996,5.6875,-0.021792281335347725
0,44.134299999999996,5.690625,-0.021731767345253665
0,44.134299999999996,5.6937500000000005,-0.021671517160914547
0,44.134299999999996,5.696875,-0.02161152916019184
0,44.134299999999996,5.7,-0.021551801734189257
0,44.134299999999996,5.703125,-0.021492333287115632
0,44.134299999999996,5.70625,-0.021433122236149498
0,44.134299999999996,5.7093750000000005,-0.021374167011305366
0,44.134299999999996,5.7125,-0.021315466055301727
0,44.134299999999996,5.715625,-0.02125701782343063
0,44.134299999999996,5.71875,-0.02119882078342896
0,44.134299999999996,5.721875,-0.021140873415351324
0,44.134299999999996,5.7250000000000005,-0.02108317421144444
0,44.134299999999996,5.728125,-0.021025721676023283
0,44.134299999999996,5.73125,-0.020968514325348464
0,44.134299999999996,5.734375,-0.020911550687505418
0,44.134299999999996,5.7375,-0.020854829302284918
0,44.134299999999996,5.7406250000000005,-0.020798348721065108
0,44.134299999999996,5.74375,-0.020742107506695025
0,44.134299999999996,5.746875,-0.020686104233379465
0,44.134299999999996,5.75,-0.0206303374865653
0,44.134299999999996,5.753125,-0.02057480586282925
0,44.134299999999996,5.7562500000000005,-0.02051950796976686
0,44.134299999999996,5.759375,-0.02046444242588307
0,44.134299999999996,5.7625,-0.020409607860483805
0,44.134299999999996,5.765625,-0.020355002913569172
0,44.134299999999996,5.76875,-0.020300626235727755
0,44.134299999999996,5.7718750000000005,-0.02024647648803224
0,44.134299999999996,5.775,-0.020192552341936374
0,44.134299999999996,5.778125,-0.020138852479172988
0,44.134299999999996,5.78125,-0.02008537559165341
0,44.134299999999996,5.784375,-0.020032120381367972
0,44.134299999999996,5.7875000000000005,-0.019979085560287758
0,44.134299999999996,5.790625,-0.019926269850267533
0,44.134299999999996,5.79375,-0.01987367198294973
0,44.134299999999996,5.796875,-0.019821290699669685
0,44.134299999999996,5.800000000000001,-0.0197691247513619
0,44.134299999999996,5.8031250000000005,-0.019717172898467566
0,44.134299999999996,5.80625,-0.0196654339108429
0,44.134299999999996,5.809375,-0.019613906567668874
0,44.134299999999996,5.8125,-0.019562589657361733
0,44.134299999999996,5.815625000000001,-0.019511481977484747
0,44.134299999999996,5.8187500000000005,-0.01946058233466093
0,44.134299999999996,5.821875,-0.01940988954448669
0,44.134299999999996,5.825,-0.019359402431446637
0,44.134299999999996,5.828125,-0.01930911982882924
0,44.134299999999996,5.831250000000001,-0.01925904057864354
0,44.134299999999996,5.8343750000000005,-0.019209163531536858
0,44.134299999999996,5.8375,-0.01915948754671329
0,44.134299999999996,5.840625,-0.019110011491853304
0,44.134299999999996,5.84375,-0.019060734243034193
0,44.134299999999996,5.846875000000001,-0.019011654684651446
0,44.134299999999996,5.8500000000000005,-0.018962771709341016
0,44.134299999999996,5.853125,-0.018914084217902444
0,44.134299999999996,5.85625,-0.018865591119222907
0,44.134299999999996,5.859375,-0.018817291330202126
0,44.134299999999996,5.862500000000001,-0.018769183775678024
0,44.134299999999996,5.8656250000000005,-0.01872126738835344
0,44.134299999999996,5.86875,-0.018673541108723393
0,44.134299999999996,5.871875,-0.01862600388500339
0,44.134299999999996,5.875,-0.018578654673058408
0,44.134299999999996,5.878125000000001,-0.01853149243633274
0,44.134299999999996,5.8812500000000005,-0.018484516145780634
0,44.134299999999996,5.884375,-0.018437724779797594
0,44.134299999999996,5.8875,-0.018391117324152592
0,44.134299999999996,5.890625,-0.01834469277192095
0,44.134299999999996,5.893750000000001,-0.018298450123417957
0,44.134299999999996,5.8968750000000005,-0.01825238838613332
0,44.134299999999996,5.9,-0.018206506574666173
0,44.134299999999996,5.903125,-0.01816080371066096
0,44.134299999999996,5.90625,-0.018115278822743944
0,44.134299999999996,5.909375000000001,-0.018069930946460398
0,44.134299999999996,5.9125000000000005,-0.018024759124212593
0,44.134299999999996,5.915625,-0.01797976240519829
0,44.134299999999996,5.91875,-0.017934939845350065
0,44.134299999999996,5.921875,-0.017890290507275183
0,44.134299999999996,5.925000000000001,-0.017845813460196196
0,44.134299999999996,5.9281250000000005,-0.017801507779892197
0,44.134299999999996,5.93125,-0.017757372548640574
0,44.134299999999996,5.934375,-0.017713406855159583
0,44.134299999999996,5.9375,-0.017669609794551396
0,44.134299999999996,5.940625000000001,-0.01762598046824583
0,44.134299999999996,5.9437500000000005,-0.017582517983944702
0,44.134299999999996,5.946875,-0.017539221455566672
0,44.134299999999996,5.95,-0.01749609000319279
0,44.134299999999996,5.953125,-0.01745312275301258
0,44.134299999999996,5.956250000000001,-0.01741031883727067
0,44.134299999999996,5.9593750000000005,-0.017367677394214083
0,44.134299999999996,5.9625,-0.017325197568039945
0,44.134299999999996,5.965625,-0.017282878508843875
0,44.134299999999996,5.96875,-0.01724071937256883
0,44.134299999999996,5.971875000000001,-0.017198719320954584
0,44.134299999999996,5.9750000000000005,-0.01715687752148765
0,44.134299999999996,5.978125,-0.01711519314735176
0,44.134299999999996,5.98125,-0.017073665377378873
0,44.134299999999996,5.984375,-0.017032293396000688
0,44.134299999999996,5.987500000000001,-0.016991076393200667
0,44.134299999999996,5.9906250000000005,-0.016950013564466578
0,44.134299999999996,5.99375,-0.016909104110743468
0,44.134299999999996,5.996875,-0.016868347238387187
0,44.134299999999996,6.0,-0.01682774215911838
