"Current","Field","Frequency","Spectra"
0,8.9514,1.0,-0.028348242805672066
0,8.9514,1.003125,-0.028427071534660547
0,8.9514,1.00625,-0.02850624027560556
0,8.9514,1.009375,-0.02858575107488898
0,8.9514,1.0125,-0.028665605995244963
0,8.9514,1.015625,-0.02874580711592856
0,8.9514,1.01875,-0.028826356532886482
0,8.9514,1.021875,-0.028907256358930166
0,8.9514,1.025,-0.02898850872391109
0,8.9514,1.028125,-0.029070115774898285
0,8.9514,1.03125,-0.029152079676358324
0,8.9514,1.034375,-0.029234402610337544
0,8.9514,1.0375,-0.029317086776646753
0,8.9514,1.040625,-0.029400134393048432
0,8.9514,1.04375,-0.029483547695446276
0,8.9514,1.046875,-0.02956732893807739
0,8.9514,1.05,-0.02965148039370701
0,8.9514,1.053125,-0.0297360043538258
0,8.9514,1.05625,-0.029820903128849875
0,8.9514,1.059375,-0.02990617904832348
0,8.9514,1.0625,-0.029991834461124394
0,8.9514,1.065625,-0.03007787173567213
0,8.9514,1.06875,-0.030164293260138968
0,8.9514,1.071875,-0.030251101442663936
0,8.9514,1.075,-0.030338298711569584
0,8.9514,1.078125,-0.030425887515581874
0,8.9514,1.08125,-0.030513870324052964
0,8.9514,1.084375,-0.03060224962718718
0,8.9514,1.0875,-0.03069102793627007
0,8.9514,1.090625,-0.030780207783900677
0,8.9514,1.09375,-0.030869791724226978
0,8.9514,1.096875,-0.030959782333184638
0,8.9514,1.1,-0.031050182208739202
0,8.9514,1.103125,-0.031140993971131584
0,8.9514,1.10625,-0.031232220263127067
0,8.9514,1.109375,-0.03132386375026785
0,8.9514,1.1125,-0.031415927121129075
0,8.9514,1.115625,-0.03150841308757866
0,8.9514,1.11875,-0.03160132438504077
0,8.9514,1.121875,-0.031694663772763004
0,8.9514,1.125,-0.031788434034087536
0,8.9514,1.128125,-0.03188263797672609
0,8.9514,1.13125,-0.031977278433038867
0,8.9514,1.134375,-0.032072358260317714
0,8.9514,1.1375,-0.03216788034107313
0,8.9514,1.140625,-0.032263847583325726
0,8.9514,1.14375,-0.032360262920901744
0,8.9514,1.146875,-0.03245712931373311
0,8.9514,1.15,-0.03255444974816177
0,8.9514,1.153125,-0.032652227237248636
0,8.9514,1.15625,-0.03275046482108705
0,8.9514,1.159375,-0.032849165567120926
0,8.9514,1.1625,-0.03294833257046768
0,8.9514,1.165625,-0.033047968954245985
0,8.9514,1.16875,-0.033148077869908484
0,8.9514,1.171875,-0.03324866249757946
0,8.9514,1.175,-0.03334972604639768
0,8.9514,1.178125,-0.03345127175486442
0,8.9514,1.18125,-0.03355330289119681
0,8.9514,1.184375,-0.03365582275368664
0,8.9514,1.1875,-0.033758834671064525
0,8.9514,1.190625,-0.033862342002869805
0,8.9514,1.19375,-0.03396634813982611
0,8.9514,1.196875,-0.034070856504222834
0,8.9514,1.2,-0.03417587055030238
0,8.9514,1.203125,-0.03428139376465361
0,8.9514,1.20625,-0.03438742966661134
0,8.9514,1.209375,-0.0344939818086622
0,8.9514,1.2125,-0.03460105377685682
0,8.9514,1.215625,-0.03470864919122867
0,8.9514,1.21875,-0.034816771706219336
0,8.9514,1.221875,-0.034925425011110775
0,8.9514,1.225,-0.03503461283046437
0,8.9514,1.228125,-0.03514433892456707
0,8.9514,1.23125,-0.035254607089884746
0,8.9514,1.234375,-0.03536542115952273
0,8.9514,1.2375,-0.03547678500369401
0,8.9514,1.240625,-0.035588702530194916
0,8.9514,1.24375,-0.0357011776848886
0,8.9514,1.246875,-0.03581421445219647
0,8.9514,1.25,-0.035927816855597663
0,8.9514,1.253125,-0.03604198895813679
0,8.9514,1.25625,-0.036156734862940035
0,8.9514,1.259375,-0.03627205871373992
0,8.9514,1.2625,-0.03638796469540875
0,8.9514,1.265625,-0.03650445703450099
0,8.9514,1.26875,-0.03662153999980479
0,8.9514,1.271875,-0.03673921790290277
0,8.9514,1.275,-0.0368574950987423
0,8.9514,1.278125,-0.03697637598621551
0,8.9514,1.28125,-0.03709586500874907
0,8.9514,1.284375,-0.03721596665490418
0,8.9514,1.2875,-0.037336685458986794
0,8.9514,1.290625,-0.0374580260016683
0,8.9514,1.29375,-0.03757999291061715
0,8.9514,1.296875,-0.037702590861141104
0,8.9514,1.3,-0.03782582457684098
0,8.9514,1.303125,-0.03794969883027563
0,8.9514,1.30625,-0.038074218443638674
0,8.9514,1.309375,-0.03819938828944719
0,8.9514,1.3125,-0.038325213291242353
0,8.9514,1.315625,-0.03845169842430282
0,8.9514,1.31875,-0.03857884871637055
0,8.9514,1.321875,-0.03870666924838979
0,8.9514,1.325,-0.03883516515525911
0,8.9514,1.328125,-0.03896434162659722
0,8.9514,1.33125,-0.0390942039075224
0,8.9514,1.334375,-0.03922475729944621
0,8.9514,1.3375,-0.03935600716088161
0,8.9514,1.340625,-0.0394879589082659
0,8.9514,1.34375,-0.03962061801679853
0,8.9514,1.346875,-0.03975399002129473
0,8.9514,1.35,-0.03988808051705457
0,8.9514,1.353125,-0.04002289516074829
0,8.9514,1.35625,-0.04015843967131816
0,8.9514,1.359375,-0.04029471983089706
0,8.9514,1.3625,-0.04043174148574448
0,8.9514,1.365625,-0.040569510547199976
0,8.9514,1.36875,-0.04070803299265477
0,8.9514,1.371875,-0.04084731486654182
0,8.9514,1.375,-0.0409873622813446
0,8.9514,1.378125,-0.04112818141862535
0,8.9514,1.38125,-0.04126977853007299
0,8.9514,1.384375,-0.04141215993857124
0,8.9514,1.3875,-0.041555332039287476
0,8.9514,1.390625,-0.04169930130078258
0,8.9514,1.39375,-0.04184407426614267
0,8.9514,1.396875,-0.04198965755413277
0,8.9514,1.4,-0.04213605786037333
0,8.9514,1.403125,-0.04228328195853986
0,8.9514,1.40625,-0.04243133670158632
0,8.9514,1.409375,-0.04258022902299294
0,8.9514,1.4125,-0.0427299659380389
0,8.9514,1.415625,-0.042880554545100445
0,8.9514,1.41875,-0.04303200202697534
0,8.9514,1.421875,-0.04318431565223381
0,8.9514,1.425,-0.04333750277659709
0,8.9514,1.428125,-0.04349157084434401
0,8.9514,1.43125,-0.04364652738974624
0,8.9514,1.434375,-0.04380238003853312
0,8.9514,1.4375,-0.04395913650938666
0,8.9514,1.440625,-0.04411680461546738
0,8.9514,1.44375,-0.04427539226597196
0,8.9514,1.446875,-0.04443490746772333
0,8.9514,1.45,-0.044595358326794086
0,8.9514,1.453125,-0.044756753050163973
0,8.9514,1.45625,-0.044919099947412444
0,8.9514,1.459375,-0.0450824074324471
0,8.9514,1.4625,-0.04524668402526871
0,8.9514,1.465625,-0.04541193835377437
0,8.9514,1.46875,-0.045578179155598815
0,8.9514,1.471875,-0.04574541527999584
0,8.9514,1.475,-0.04591365568976015
0,8.9514,1.478125,-0.04608290946319109
0,8.9514,1.48125,-0.046253185796099085
0,8.9514,1.484375,-0.046424494003856065
0,8.9514,1.4875,-0.04659684352349097
0,8.9514,1.490625,-0.046770243915831504
0,8.9514,1.49375,-0.04694470486769329
0,8.9514,1.496875,-0.0471202361941179
0,8.9514,1.5,-0.04729684784066065
0,8.9514,1.503125,-0.04747454988572998
0,8.9514,1.50625,-0.04765335254297937
0,8.9514,1.509375,-0.04783326616375339
0,8.9514,1.5125000000000002,-0.04801430123958943
0,8.9514,1.515625,-0.04819646840477623
0,8.9514,1.51875,-0.048379778438971364
0,8.9514,1.521875,-0.048564242269878564
0,8.9514,1.525,-0.04874987097598711
0,8.9514,1.5281250000000002,-0.048936675789374634
0,8.9514,1.53125,-0.04912466809857518
0,8.9514,1.534375,-0.049313859451514404
0,8.9514,1.5375,-0.049504261558513576
0,8.9514,1.540625,-0.04969588629536442
0,8.9514,1.5437500000000002,-0.04988874570647693
0,8.9514,1.546875,-0.050082852008101586
0,8.9514,1.55,-0.050278217591629024
0,8.9514,1.553125,-0.050474855026968385
0,8.9514,1.55625,-0.050672777066007146
0,8.9514,1.5593750000000002,-0.05087199664615464
0,8.9514,1.5625,-0.0510725268939713
0,8.9514,1.565625,-0.051274381128886846
0,8.9514,1.56875,-0.051477572867008964
0,8.9514,1.571875,-0.05168211582502587
0,8.9514,1.5750000000000002,-0.051888023924205225
0,8.9514,1.578125,-0.05209531129449196
0,8.9514,1.58125,-0.052303992278708314
0,8.9514,1.584375,-0.05251408143685865
0,8.9514,1.5875,-0.05272559355054242
0,8.9514,1.5906250000000002,-0.052938543627478414
0,8.9514,1.59375,-0.05315294690614324
0,8.9514,1.596875,-0.05336881886052814
0,8.9514,1.6,-0.053586175205016726
0,8.9514,1.603125,-0.0538050318993881
0,8.9514,1.6062500000000002,-0.054025405153948665
0,8.9514,1.609375,-0.054247311434796316
0,8.9514,1.6125,-0.05447076746922176
0,8.9514,1.615625,-0.05469579025125016
0,8.9514,1.61875,-0.05492239704732805
0,8.9514,1.6218750000000002,-0.05515060540215985
0,8.9514,1.625,-0.05538043314469806
0,8.9514,1.628125,-0.05561189839429272
0,8.9514,1.63125,-0.05584501956700427
0,8.9514,1.634375,-0.05607981538208518
0,8.9514,1.6375000000000002,-0.05631630486863581
0,8.9514,1.640625,-0.05655450737243926
0,8.9514,1.64375,-0.05679444256298191
0,8.9514,1.646875,-0.05703613044066422
0,8.9514,1.65,-0.057279591344208666
0,8.9514,1.6531250000000002,-0.057524845958270884
0,8.9514,1.65625,-0.05777191532126006
0,8.9514,1.659375,-0.05802082083337599
0,8.9514,1.6625,-0.05827158426486878
0,8.9514,1.665625,-0.05852422776452925
0,8.9514,1.6687500000000002,-0.05877877386841699
0,8.9514,1.671875,-0.059035245508833586
0,8.9514,1.675,-0.05929366602354965
0,8.9514,1.678125,-0.05955405916529306
0,8.9514,1.68125,-0.05981644911150766
0,8.9514,1.6843750000000002,-0.060080860474390964
0,8.9514,1.6875,-0.06034731831121985
0,8.9514,1.690625,-0.06061584813497442
0,8.9514,1.69375,-0.06088647592526909
0,8.9514,1.696875,-0.0611592281396017
0,8.9514,1.7000000000000002,-0.06143413172493119
0,8.9514,1.703125,-0.061711214129594336
0,8.9514,1.70625,-0.061990503315574014
0,8.9514,1.709375,-0.06227202777112949
0,8.9514,1.7125,-0.06255581652380213
0,8.9514,1.7156250000000002,-0.0628418991538088
0,8.9514,1.71875,-0.06313030580783588
0,8.9514,1.721875,-0.06342106721324844
0,8.9514,1.725,-0.0637142146927279
0,8.9514,1.728125,-0.06400978017935341
0,8.9514,1.7312500000000002,-0.06430779623214251
0,8.9514,1.734375,-0.06460829605206617
0,8.9514,1.7375,-0.0649113134985558
0,8.9514,1.740625,-0.06521688310651838
0,8.9514,1.74375,-0.06552504010387815
0,8.9514,1.7468750000000002,-0.06583582042966334
0,8.9514,1.75,-0.06614926075265645
0,8.9514,1.753125,-0.06646539849062927
0,8.9514,1.75625,-0.06678427183018194
0,8.9514,1.759375,-0.06710591974720861
0,8.9514,1.7625000000000002,-0.06743038202801188
0,8.9514,1.765625,-0.06775769929108842
0,8.9514,1.76875,-0.06808791300961148
0,8.9514,1.771875,-0.06842106553463358
0,8.9514,1.775,-0.06875720011903683
0,8.9514,1.7781250000000002,-0.06909636094225732
0,8.9514,1.78125,-0.06943859313581156
0,8.9514,1.784375,-0.06978394280965515
0,8.9514,1.7875,-0.07013245707940262
0,8.9514,1.790625,-0.07048418409444157
0,8.9514,1.7937500000000002,-0.07083917306697302
0,8.9514,1.796875,-0.07119747430201212
0,8.9514,1.8,-0.07155913922838564
0,8.9514,1.803125,-0.07192422043076195
0,8.9514,1.80625,-0.07229277168275276
0,8.9514,1.8093750000000002,-0.07266484798112635
0,8.9514,1.8125,-0.07304050558117339
0,8.9514,1.815625,-0.0734198020332694
0,8.9514,1.81875,-0.07380279622067758
0,8.9514,1.821875,-0.07418954839863982
0,8.9514,1.8250000000000002,-0.07458012023480384
0,8.9514,1.828125,-0.07497457485103666
0,8.9514,1.83125,-0.07537297686667799
0,8.9514,1.834375,-0.07577539244328678
0,8.9514,1.8375,-0.07618188933093867
0,8.9514,1.8406250000000002,-0.07659253691613321
0,8.9514,1.84375,-0.0770074062713716
0,8.9514,1.846875,-0.07742657020646981
0,8.9514,1.85,-0.07785010332167251
0,8.9514,1.853125,-0.07827808206263728
0,8.9514,1.8562500000000002,-0.07871058477736093
0,8.9514,1.859375,-0.07914769177512174
0,8.9514,1.8625,-0.0795894853875163
0,8.9514,1.865625,-0.08003605003167019
0,8.9514,1.86875,-0.08048747227570709
0,8.9514,1.8718750000000002,-0.08094384090656301
0,8.9514,1.875,-0.0814052470002352
0,8.9514,1.878125,-0.08187178399456127
0,8.9514,1.88125,-0.08234354776462367
0,8.9514,1.884375,-0.08282063670088244
0,8.9514,1.8875000000000002,-0.08330315179014029
0,8.9514,1.890625,-0.08379119669944875
0,8.9514,1.89375,-0.08428487786306922
0,8.9514,1.896875,-0.0847843045726047
0,8.9514,1.9,-0.08528958907042478
0,8.9514,1.9031250000000002,-0.08580084664650914
0,8.9514,1.90625,-0.08631819573883937
0,8.9514,1.909375,-0.0868417580374755
0,8.9514,1.9125,-0.08737165859245462
0,8.9514,1.915625,-0.08790802592565783
0,8.9514,1.9187500000000002,-0.08845099214679394
0,8.9514,1.921875,-0.08900069307365319
0,8.9514,1.925,-0.08955726835679202
0,8.9514,1.928125,-0.09012086160881042
0,8.9514,1.93125,-0.09069162053839272
0,8.9514,1.9343750000000002,-0.0912696970892851
0,8.9514,1.9375,-0.09185524758438779
0,8.9514,1.940625,-0.09244843287514785
0,8.9514,1.94375,-0.09304941849643818
0,8.9514,1.946875,-0.09365837482711802
0,8.9514,1.9500000000000002,-0.09427547725647159
0,8.9514,1.953125,-0.09490090635672521
0,8.9514,1.95625,-0.09553484806185113
0,8.9514,1.959375,-0.09617749385286328
0,8.9514,1.9625,-0.09682904094981973
0,8.9514,1.9656250000000002,-0.09748969251074434
0,8.9514,1.96875,-0.09815965783768373
0,8.9514,1.971875,-0.09883915259011772
0,8.9514,1.975,-0.09952839900593848
0,8.9514,1.978125,-0.10022762613021584
0,8.9514,1.9812500000000002,-0.10093707005196281
0,8.9514,1.984375,-0.10165697414911047
0,8.9514,1.9875,-0.10238758934189998
0,8.9514,1.990625,-0.10312917435488769
0,8.9514,1.99375,-0.10388199598775472
0,8.9514,1.9968750000000002,-0.10464632939509907
0,8.9514,2.0,-0.10542245837537306
0,8.9514,2.003125,-0.1062106756691159
0,8.9514,2.00625,-0.10701128326660576
0,8.9514,2.0093750000000004,-0.10782459272503475
0,8.9514,2.0125,-0.10865092549528134
0,8.9514,2.015625,-0.10949061325831977
0,8.9514,2.01875,-0.11034399827126662
0,8.9514,2.021875,-0.11121143372302217
0,8.9514,2.0250000000000004,-0.11209328409940778
0,8.9514,2.028125,-0.11298992555764474
0,8.9514,2.03125,-0.11390174630994734
0,8.9514,2.034375,-0.11482914701592589
0,8.9514,2.0375,-0.11577254118340664
0,8.9514,2.0406250000000004,-0.1167323555771719
0,8.9514,2.04375,-0.11770903063500965
0,8.9514,2.046875,-0.11870302089033147
0,8.9514,2.05,-0.1197147954004674
0,8.9514,2.053125,-0.12074483817958512
0,8.9514,2.0562500000000004,-0.12179364863498837
0,8.9514,2.059375,-0.12286174200534426
0,8.9514,2.0625,-0.12394964979915027
0,8.9514,2.065625,-0.12505792023148732
0,8.9514,2.06875,-0.12618711865681378
0,8.9514,2.0718750000000004,-0.1273378279952197
0,8.9514,2.075,-0.12851064914919808
0,8.9514,2.078125,-0.12970620140757563
0,8.9514,2.08125,-0.13092512283278934
0,8.9514,2.084375,-0.13216807062719133
0,8.9514,2.0875000000000004,-0.1334357214734969
0,8.9514,2.090625,-0.13472877184387094
0,8.9514,2.09375,-0.13604793827145534
0,8.9514,2.096875,-0.13739395757737596
0,8.9514,2.1,-0.1387675870454308
0,8.9514,2.1031250000000004,-0.1401696045357277
0,8.9514,2.10625,-0.14160080852752727
0,8.9514,2.109375,-0.14306201808042276
0,8.9514,2.1125,-0.1445540727017645
0,8.9514,2.115625,-0.14607783210689934
0,8.9514,2.1187500000000004,-0.14763417585733046
0,8.9514,2.121875,-0.14922400286031878
0,8.9514,2.125,-0.15084823071171882
0,8.9514,2.128125,-0.1525077948619773
0,8.9514,2.13125,-0.15420364758321745
0,8.9514,2.1343750000000004,-0.15593675671316592
0,8.9514,2.1375,-0.15770810414937833
0,8.9514,2.140625,-0.15951868406475642
0,8.9514,2.14375,-0.16136950081274928
0,8.9514,2.146875,-0.1632615664878989
0,8.9514,2.1500000000000004,-0.16519589810452506
0,8.9514,2.153125,-0.16717351435339273
0,8.9514,2.15625,-0.16919543189316494
0,8.9514,2.159375,-0.1712626611303742
0,8.9514,2.1625,-0.17337620143858962
0,8.9514,2.1656250000000004,-0.17553703576445995
0,8.9514,2.16875,-0.17774612456547467
0,8.9514,2.171875,-0.18000439902167692
0,8.9514,2.175,-0.18231275346130477
0,8.9514,2.178125,-0.1846720369385765
0,8.9514,2.1812500000000004,-0.18708304390070563
0,8.9514,2.184375,-0.18954650388095298
0,8.9514,2.1875,-0.19206307015528784
0,8.9514,2.190625,-0.1946333073023062
0,8.9514,2.19375,-0.19725767760973498
0,8.9514,2.1968750000000004,-0.19993652627643665
0,8.9514,2.2,-0.20267006536671373
0,8.9514,2.203125,-0.20545835648425664
0,8.9514,2.20625,-0.20830129214673448
0,8.9514,2.209375,-0.2111985758592362
0,8.9514,2.2125000000000004,-0.21414970090598368
0,8.9514,2.215625,-0.2171539279054464
0,8.9514,2.21875,-0.2202102612046058
0,8.9514,2.221875,-0.22331742422406964
0,8.9514,2.225,-0.22647383390735332
0,8.9514,2.2281250000000004,-0.22967757447511405
0,8.9514,2.23125,-0.2329263707385446
0,8.9514,2.234375,-0.2362175612853127
0,8.9514,2.2375,-0.23954807191598038
0,8.9514,2.240625,-0.24291438977799618
0,8.9514,2.2437500000000004,-0.24631253871695363
0,8.9514,2.246875,-0.24973805643926994
0,8.9514,2.25,-0.2531859741545869
0,8.9514,2.253125,-0.2566507994373558
0,8.9514,2.25625,-0.2601265031119346
0,8.9514,2.2593750000000004,-0.2636065110201855
0,8.9514,2.2625,-0.26708370157062467
0,8.9514,2.265625,-0.27055040998869917
0,8.9514,2.26875,-0.273998440183606
0,8.9514,2.271875,-0.2774190851129438
0,8.9514,2.2750000000000004,-0.2808031564573312
0,8.9514,2.278125,-0.2841410243084913
0,8.9514,2.28125,-0.28742266742267625
0,8.9514,2.284375,-0.2906377343946913
0,8.9514,2.2875,-0.2937756158660896
0,8.9514,2.2906250000000004,-0.29682552759663866
0,8.9514,2.29375,-0.2997766039060249
0,8.9514,2.296875,-0.3026180006410426
0,8.9514,2.3,-0.3053390064534711
0,8.9514,2.303125,-0.3079291607996567
0,8.9514,2.3062500000000004,-0.31037837671119406
0,8.9514,2.309375,-0.3126770660556387
0,8.9514,2.3125,-0.31481626472624374
0,8.9514,2.315625,-0.31678775498935785
0,8.9514,2.31875,-0.3185841820946139
0,8.9514,2.3218750000000004,-0.3201991622304501
0,8.9514,2.325,-0.32162737899540095
0,8.9514,2.328125,-0.32286466575782324
0,8.9514,2.33125,-0.3239080715907159
0,8.9514,2.334375,-0.32475590888472206
0,8.9514,2.3375000000000004,-0.3254077812454171
0,8.9514,2.340625,-0.32586459084903996
0,8.9514,2.34375,-0.32612852503795253
0,8.9514,2.346875,-0.32620302255464284
0,8.9514,2.35,-0.32609272041166526
0,8.9514,2.3531250000000004,-0.32580338294644107
0,8.9514,2.35625,-0.32534181508951554
0,8.9514,2.359375,-0.32471576226266874
0,8.9514,2.3625,-0.32393379960521806
0,8.9514,2.365625,-0.3230052133955834
0,8.9514,2.3687500000000004,-0.3219398775900667
0,8.9514,2.371875,-0.32074812834745425
0,8.9514,2.375,-0.3194406392574932
0,8.9514,2.378125,-0.31802829975867475
0,8.9514,2.38125,-0.31652209893401895
0,8.9514,2.3843750000000004,-0.3149330165319768
0,8.9514,2.3875,-0.3132719226924115
0,8.9514,2.390625,-0.3115494874830153
0,8.9514,2.39375,-0.30977610098549857
0,8.9514,2.396875,-0.30796180432680254
0,8.9514,2.4000000000000004,-0.3061162317387758
0,8.9514,2.403125,-0.304248563457412
0,8.9514,2.40625,-0.302367489044125
0,8.9514,2.409375,-0.3004811805281985
0,8.9514,2.4125,-0.29859727463078883
0,8.9514,2.4156250000000004,-0.2967228632341935
0,8.9514,2.41875,-0.29486449120169295
0,8.9514,2.421875,-0.29302816062845816
0,8.9514,2.425,-0.291219340607628
0,8.9514,2.428125,-0.28944298162243143
0,8.9514,2.4312500000000004,-0.2877035337200531
0,8.9514,2.434375,-0.28600496768102457
0,8.9514,2.4375,-0.2843507984650079
0,8.9514,2.440625,-0.2827441102861877
0,8.9514,2.44375,-0.28118758274598166
0,8.9514,2.4468750000000004,-0.27968351752489057
0,8.9514,2.45,-0.2782338652070496
0,8.9514,2.453125,-0.27684025187894645
0,8.9514,2.45625,-0.2755040052068146
0,8.9514,2.459375,-0.27422617975473207
0,8.9514,2.4625000000000004,-0.27300758135713843
0,8.9514,2.465625,-0.2718487904052269
0,8.9514,2.46875,-0.2707501839465945
0,8.9514,2.471875,-0.2697119565318888
0,8.9514,2.475,-0.2687341397713259
0,8.9514,2.4781250000000004,-0.267816620588298
0,8.9514,2.48125,-0.2669591581772828
0,8.9514,2.484375,-0.2661613996893847
0,8.9514,2.4875,-0.2654228946815401
0,8.9514,2.490625,-0.26474310837513815
0,8.9514,2.4937500000000004,-0.2641214337769825
0,8.9514,2.496875,-0.2635572027205111
0,8.9514,2.5,-0.26304969588836813
0,8.9514,2.503125,-0.26259815187908664
0,8.9514,2.50625,-0.2622017753810737
0,8.9514,2.5093750000000004,-0.2618597445165427
0,8.9514,2.5125,-0.26157121741669975
0,8.9514,2.515625,-0.2613353380875731
0,8.9514,2.51875,-0.2611512416234961
0,8.9514,2.521875,-0.2610180588225733
0,8.9514,2.5250000000000004,-0.2609349202555572
0,8.9514,2.528125,-0.2609009598365513
0,8.9514,2.53125,-0.26091531794087697
0,8.9514,2.534375,-0.26097714411238465
0,8.9514,2.5375,-0.2610855993994668
0,8.9514,2.5406250000000004,-0.2612398583561
0,8.9514,2.54375,-0.26143911074141807
0,8.9514,2.546875,-0.2616825629486176
0,8.9514,2.55,-0.2619694391914369
0,8.9514,2.553125,-0.2622989824740366
0,8.9514,2.5562500000000004,-0.26267045536783945
0,8.9514,2.559375,-0.26308314061677596
0,8.9514,2.5625,-0.26353634159041095
0,8.9514,2.565625,-0.2640293826026032
0,8.9514,2.56875,-0.2645616091116652
0,8.9514,2.5718750000000004,-0.2651323878164363
0,8.9514,2.575,-0.26574110666126016
0,8.9514,2.578125,-0.2663871747615474
0,8.9514,2.58125,-0.26707002226041004
0,8.9514,2.584375,-0.2677891001257661
0,8.9514,2.5875000000000004,-0.2685438798963176
0,8.9514,2.590625,-0.26933385338390387
0,8.9514,2.59375,-0.2701585323389122
0,8.9514,2.596875,-0.27101744808468525
0,8.9514,2.6,-0.2719101511261938
0,8.9514,2.6031250000000004,-0.27283621073763425
0,8.9514,2.60625,-0.2737952145330669
0,8.9514,2.609375,-0.2747867680237128
0,8.9514,2.6125,-0.27581049416508535
0,8.9514,2.615625,-0.2768660328967328
0,8.9514,2.6187500000000004,-0.27795304067701143
0,8.9514,2.621875,-0.279071190014985
0,8.9514,2.625,-0.2802201690012604
0,8.9514,2.628125,-0.2813996808393112
0,8.9514,2.63125,-0.28260944337861227
0,8.9514,2.6343750000000004,-0.2838491886507015
0,8.9514,2.6375,-0.2851186624091047
0,8.9514,2.640625,-0.2864176236738967
0,8.9514,2.64375,-0.2877458442815242
0,8.9514,2.646875,-0.28910310844039366
0,8.9514,2.6500000000000004,-0.29048921229260904
0,8.9514,2.653125,-0.29190396348214837
0,8.9514,2.65625,-0.29334718072967736
0,8.9514,2.659375,-0.2948186934141196
0,8.9514,2.6625,-0.29631834116103845
0,8.9514,2.6656250000000004,-0.2978459734378224
0,8.9514,2.66875,-0.29940144915561506
0,8.9514,2.671875,-0.30098463627788746
0,8.9514,2.675,-0.30259541143550395
0,8.9514,2.678125,-0.3042336595481088
0,8.9514,2.6812500000000004,-0.30589927345162315
0,8.9514,2.684375,-0.30759215353162106
0,8.9514,2.6875,-0.3093122073623327
0,8.9514,2.690625,-0.31105934935099866
0,8.9514,2.69375,-0.3128335003872946
0,8.9514,2.6968750000000004,-0.31463458749752216
0,8.9514,2.7,-0.31646254350326175
0,8.9514,2.703125,-0.31831730668416797
0,8.9514,2.70625,-0.3201988204445845
0,8.9514,2.709375,-0.32210703298365223
0,8.9514,2.7125000000000004,-0.3240418969685788
0,8.9514,2.715625,-0.3260033692107388
0,8.9514,2.71875,-0.3279914103442695
0,8.9514,2.721875,-0.3300059845068303
0,8.9514,2.725,-0.33204705902219306
0,8.9514,2.7281250000000004,-0.3341146040843336
0,8.9514,2.73125,-0.3362085924426975
0,8.9514,2.734375,-0.3383289990883165
0,8.9514,2.7375,-0.3404758009404505
0,8.9514,2.740625,-0.34264897653344556
0,8.9514,2.7437500000000004,-0.3448485057034897
0,8.9514,2.746875,-0.3470743692749653
0,8.9514,2.75,-0.3493265487460944
0,8.9514,2.753125,-0.35160502597358156
0,8.9514,2.75625,-0.3539097828559664
0,8.9514,2.7593750000000004,-0.35624080101540423
0,8.9514,2.7625,-0.3585980614775986
0,8.9514,2.765625,-0.36098154434962043
0,8.9514,2.76875,-0.36339122849534955
0,8.9514,2.771875,-0.36582709120829104
0,8.9514,2.7750000000000004,-0.3682891078815207
0,8.9514,2.778125,-0.3707772516745264
0,8.9514,2.78125,-0.37329149317672133
0,8.9514,2.784375,-0.3758318000674097
0,8.9514,2.7875,-0.37839813677200457
0,8.9514,2.7906250000000004,-0.38099046411430026
0,8.9514,2.79375,-0.3836087389646181
0,8.9514,2.796875,-0.38625291388365407
0,8.9514,2.8,-0.38892293676186684
0,8.9514,2.803125,-0.39161875045426314
0,8.9514,2.8062500000000004,-0.39434029241044516
0,8.9514,2.809375,-0.3970874942998045
0,8.9514,2.8125,-0.3998602816317579
0,8.9514,2.815625,-0.402658573370935
0,8.9514,2.81875,-0.405482281547251
0,8.9514,2.8218750000000004,-0.408331310860805
0,8.9514,2.825,-0.41120555828157374
0,8.9514,2.828125,-0.41410491264388133
0,8.9514,2.83125,-0.4170292542356449
0,8.9514,2.834375,-0.41997845438242504
0,8.9514,2.8375000000000004,-0.4229523750263231
0,8.9514,2.840625,-0.42595086829979634
0,8.9514,2.84375,-0.4289737760944832
0,8.9514,2.846875,-0.4320209296251527
0,8.9514,2.85,-0.4350921489889269
0,8.9514,2.8531250000000004,-0.43818724271994214
0,8.9514,2.85625,-0.4413060073396526
0,8.9514,2.859375,-0.4444482269030047
0,8.9514,2.8625,-0.44761367254073686
0,8.9514,2.865625,-0.450802101998104
0,8.9514,2.8687500000000004,-0.4540132591703444
0,8.9514,2.871875,-0.45724687363525507
0,8.9514,2.875,-0.4605026601832674
0,8.9514,2.878125,-0.46378031834545297
0,8.9514,2.88125,-0.46707953191993495
0,8.9514,2.8843750000000004,-0.47039996849720933
0,8.9514,2.8875,-0.47374127898493046
0,8.9514,2.890625,-0.47710309713275134
0,8.9514,2.89375,-0.48048503905785034
0,8.9514,2.896875,-0.48388670277182555
0,8.9514,2.9000000000000004,-0.4873076677096776
0,8.9514,2.903125,-0.49074749426165276
0,8.9514,2.90625,-0.4942057233087588
0,8.9514,2.909375,-0.49768187576281453
0,8.9514,2.9125,-0.5011754521119477
0,8.9514,2.9156250000000004,-0.5046859319724943
0,8.9514,2.91875,-0.5082127736483127
0,8.9514,2.921875,-0.5117554136985677
0,8.9514,2.925,-0.5153132665150839
0,8.9514,2.928125,-0.5188857239104343
0,8.9514,2.9312500000000004,-0.5224721547179577
0,8.9514,2.934375,-0.5260719044049654
0,8.9514,2.9375,-0.5296842947004345
0,8.9514,2.940625,-0.5333086232385325
0,8.9514,2.94375,-0.5369441632193703
0,8.9514,2.9468750000000004,-0.540590163088419
0,8.9514,2.95,-0.5442458462360743
0,8.9514,2.953125,-0.547910410718887
0,8.9514,2.95625,-0.551583029004021
0,8.9514,2.959375,-0.5552628477385361
0,8.9514,2.9625000000000004,-0.5589489875451247
0,8.9514,2.965625,-0.5626405428459659
0,8.9514,2.96875,-0.5663365817163807
0,8.9514,2.971875,-0.570036145769998
0,8.9514,2.975,-0.5737382500771627
0,8.9514,2.9781250000000004,-0.5774418831183246
0,8.9514,2.98125,-0.5811460067741617
0,8.9514,2.984375,-0.5848495563541922
0,8.9514,2.9875,-0.5885514406656235
0,8.9514,2.990625,-0.5922505421241848
0,8.9514,2.9937500000000004,-0.595945716908668
0,8.9514,2.996875,-0.5996357951608869
0,8.9514,3.0,-0.6033195812327276
0,8.9514,3.0031250000000003,-0.6069958539819261
0,8.9514,3.00625,-0.6106633671181679
0,8.9514,3.009375,-0.6143208496010554
0,8.9514,3.0125,-0.6179670060914058
0,8.9514,3.015625,-0.6216005174572945
0,8.9514,3.0187500000000003,-0.6252200413361687
0,8.9514,3.021875,-0.6288242127542538
0,8.9514,3.025,-0.6324116448044002
0,8.9514,3.028125,-0.6359809293833829
0,8.9514,3.03125,-0.6395306379895613
0,8.9514,3.0343750000000003,-0.6430593225816771
0,8.9514,3.0375,-0.6465655164994147
0,8.9514,3.040625,-0.6500477354462207
0,8.9514,3.04375,-0.6535044785346968
0,8.9514,3.046875,-0.6569342293947248
0,8.9514,3.0500000000000003,-0.6603354573443082
0,8.9514,3.053125,-0.6637066186229073
0,8.9514,3.05625,-0.6670461576868748
0,8.9514,3.059375,-0.6703525085663714
0,8.9514,3.0625,-0.6736240962829436
0,8.9514,3.0656250000000003,-0.6768593383267255
0,8.9514,3.06875,-0.6800566461919897
0,8.9514,3.071875,-0.6832144269695631
0,8.9514,3.075,-0.6863310849943641
0,8.9514,3.078125,-0.6894050235460952
0,8.9514,3.0812500000000003,-0.6924346466008866
0,8.9514,3.084375,-0.6954183606314195
0,8.9514,3.0875,-0.6983545764528505
0,8.9514,3.090625,-0.7012417111115795
0,8.9514,3.09375,-0.7040781898136886
0,8.9514,3.0968750000000003,-0.7068624478896375
0,8.9514,3.1,-0.7095929327915519
0,8.9514,3.103125,-0.7122681061192455
0,8.9514,3.10625,-0.7148864456708688
0,8.9514,3.109375,-0.7174464475138818
0,8.9514,3.1125000000000003,-0.71994662807186
0,8.9514,3.115625,-0.7223855262224267
0,8.9514,3.11875,-0.724761705401465
0,8.9514,3.121875,-0.7270737557085796
0,8.9514,3.125,-0.7293202960086465
0,8.9514,3.1281250000000003,-0.7314999760241689
0,8.9514,3.13125,-0.7336114784130358
0,8.9514,3.134375,-0.7356535208262135
0,8.9514,3.1375,-0.737624857939818
0,8.9514,3.140625,-0.7395242834559849
0,8.9514,3.1437500000000003,-0.7413506320669292
0,8.9514,3.146875,-0.7431027813765876
0,8.9514,3.15,-0.7447796537742745
0,8.9514,3.153125,-0.7463802182548185
0,8.9514,3.15625,-0.7479034921797441
0,8.9514,3.1593750000000003,-0.7493485429741475
0,8.9514,3.1625,-0.7507144897540587
0,8.9514,3.165625,-0.7520005048792232
0,8.9514,3.16875,-0.7532058154264233
0,8.9514,3.171875,-0.7543297045786566
0,8.9514,3.1750000000000003,-0.7553715129257182
0,8.9514,3.178125,-0.7563306396719746
0,8.9514,3.18125,-0.7572065437473999
0,8.9514,3.184375,-0.7579987448182217
0,8.9514,3.1875,-0.7587068241938423
0,8.9514,3.1906250000000003,-0.7593304256270278
0,8.9514,3.19375,-0.7598692560046972
0,8.9514,3.196875,-0.7603230859270058
0,8.9514,3.2,-0.7606917501727842
0,8.9514,3.203125,-0.7609751480497768
0,8.9514,3.2062500000000003,-0.7611732436285155
0,8.9514,3.209375,-0.7612860658590509
0,8.9514,3.2125,-0.7613137085701804
0,8.9514,3.215625,-0.7612563303511932
0,8.9514,3.21875,-0.7611141543165714
0,8.9514,3.2218750000000003,-0.7608874677544801
0,8.9514,3.225,-0.7605766216602717
0,8.9514,3.228125,-0.7601820301566201
0,8.9514,3.23125,-0.7597041698022847
0,8.9514,3.234375,-0.7591435787918627
0,8.9514,3.2375000000000003,-0.7585008560492562
0,8.9514,3.240625,-0.757776660217911
0,8.9514,3.24375,-0.7569717085512192
0,8.9514,3.246875,-0.7560867757067761
0,8.9514,3.25,-0.7551226924484769
0,8.9514,3.2531250000000003,-0.7540803442607011
0,8.9514,3.25625,-0.7529606698790829
0,8.9514,3.259375,-0.7517646597425808
0,8.9514,3.2625,-0.750493354371769
0,8.9514,3.265625,-0.7491478426784384
0,8.9514,3.2687500000000003,-0.747729260211751
0,8.9514,3.271875,-0.7462387873463135
0,8.9514,3.275,-0.7446776474176365
0,8.9514,3.278125,-0.7430471048105197
0,8.9514,3.28125,-0.7413484630059551
0,8.9514,3.2843750000000003,-0.7395830625921586
0,8.9514,3.2875,-0.7377522792453509
0,8.9514,3.290625,-0.7358575216858755
0,8.9514,3.29375,-0.7339002296152017
0,8.9514,3.296875,-0.7318818716392943
0,8.9514,3.3000000000000003,-0.7298039431837336
0,8.9514,3.303125,-0.7276679644058772
0,8.9514,3.30625,-0.7254754781092072
0,8.9514,3.309375,-0.7232280476648841
0,8.9514,3.3125,-0.7209272549453523
0,8.9514,3.3156250000000003,-0.718574698274671
0,8.9514,3.31875,-0.7161719904000653
0,8.9514,3.321875,-0.7137207564889742
0,8.9514,3.325,-0.7112226321556816
0,8.9514,3.328125,-0.7086792615213867
0,8.9514,3.3312500000000003,-0.7060922953113373
0,8.9514,3.334375,-0.7034633889924361
0,8.9514,3.3375,-0.7007942009544724
0,8.9514,3.340625,-0.6980863907379043
0,8.9514,3.34375,-0.6953416173108717
0,8.9514,3.3468750000000003,-0.6925615373978669
0,8.9514,3.35,-0.6897478038622694
0,8.9514,3.353125,-0.6869020641446849
0,8.9514,3.35625,-0.684025958758809
0,8.9514,3.359375,-0.6811211198462974
0,8.9514,3.3625000000000003,-0.6781891697918857
0,8.9514,3.365625,-0.675231719899797
0,8.9514,3.36875,-0.6722503691322355
0,8.9514,3.371875,-0.6692467029105729
0,8.9514,3.375,-0.6662222919796242
0,8.9514,3.3781250000000003,-0.6631786913352063
0,8.9514,3.38125,-0.6601174392150095
0,8.9514,3.384375,-0.6570400561526074
0,8.9514,3.3875,-0.6539480440942885
0,8.9514,3.390625,-0.65084288557822
0,8.9514,3.3937500000000003,-0.6477260429753063
0,8.9514,3.396875,-0.6445989577909828
0,8.9514,3.4000000000000004,-0.6414630500270329
0,8.9514,3.403125,-0.638319717602424
0,8.9514,3.40625,-0.635170335832028
0,8.9514,3.4093750000000003,-0.6320162569620102
0,8.9514,3.4125,-0.6288588097605765
0,8.9514,3.4156250000000004,-0.6256992991626799
0,8.9514,3.41875,-0.6225390059672415
0,8.9514,3.421875,-0.6193791865853524
0,8.9514,3.4250000000000003,-0.6162210728378927
0,8.9514,3.428125,-0.6130658718009515
0,8.9514,3.4312500000000004,-0.6099147656973912
0,8.9514,3.434375,-0.6067689118328871
0,8.9514,3.4375,-0.6036294425747335
0,8.9514,3.4406250000000003,-0.6004974653717114
0,8.9514,3.44375,-0.597374062813297
0,8.9514,3.4468750000000004,-0.5942602927264842
0,8.9514,3.45,-0.5911571883085216
0,8.9514,3.453125,-0.5880657582938419
0,8.9514,3.4562500000000003,-0.5849869871535097
0,8.9514,3.459375,-0.5819218353255151
0,8.9514,3.4625000000000004,-0.5788712394742629
0,8.9514,3.465625,-0.5758361127776569
0,8.9514,3.46875,-0.5728173452401801
0,8.9514,3.4718750000000003,-0.5698158040304361
0,8.9514,3.475,-0.5668323338416352
0,8.9514,3.4781250000000004,-0.563867757273556
0,8.9514,3.48125,-0.5609228752345615
0,8.9514,3.484375,-0.5579984673622806
0,8.9514,3.4875000000000003,-0.555095292461626
0,8.9514,3.490625,-0.5522140889588618
0,8.9514,3.4937500000000004,-0.5493555753704731
0,8.9514,3.496875,-0.5465204507856636
0,8.9514,3.5,-0.5437093953613283
0,8.9514,3.5031250000000003,-0.540923070828426
0,8.9514,3.50625,-0.5381621210087104
0,8.9514,3.5093750000000004,-0.535427172340832
0,8.9514,3.5125,-0.5327188344148879
0,8.9514,3.515625,-0.5300377005145236
0,8.9514,3.5187500000000003,-0.5273843481657687
0,8.9514,3.521875,-0.5247593396918178
0,8.9514,3.5250000000000004,-0.5221632227730225
0,8.9514,3.528125,-0.5195965310114233
0,8.9514,3.53125,-0.5170597844991736
0,8.9514,3.5343750000000003,-0.5145534903902783
0,8.9514,3.5375,-0.5120781434751065
0,8.9514,3.5406250000000004,-0.5096342267571748
0,8.9514,3.54375,-0.507222212031764
0,8.9514,3.546875,-0.5048425604659517
0,8.9514,3.5500000000000003,-0.5024957231797026
0,8.9514,3.553125,-0.5001821418276948
0,8.9514,3.5562500000000004,-0.4979022491815929
0,8.9514,3.559375,-0.49565646971253435
0,8.9514,3.5625,-0.4934452201736156
0,8.9514,3.5656250000000003,-0.4912689101822159
0,8.9514,3.56875,-0.48912794280202543
0,8.9514,3.5718750000000004,-0.48702271512467676
0,8.9514,3.575,-0.48495361885092403
0,8.9514,3.578125,-0.48292104087133025
0,8.9514,3.5812500000000003,-0.4809253638464722
0,8.9514,3.584375,-0.47896696678669065
0,8.9514,3.5875000000000004,-0.47704622563144583
0,8.9514,3.590625,-0.4751635138283761
0,8.9514,3.59375,-0.4733192029121698
0,8.9514,3.5968750000000003,-0.4715136630834026
0,8.9514,3.6,-0.46974726378751236
0,8.9514,3.6031250000000004,-0.46802037429410387
0,8.9514,3.60625,-0.46633336427681465
0,8.9514,3.609375,-0.4646866043939815
0,8.9514,3.6125000000000003,-0.4630804668703832
0,8.9514,3.615625,-0.46151532608035123
0,8.9514,3.6187500000000004,-0.4599915591325636
0,8.9514,3.621875,-0.4585095464568619
0,8.9514,3.625,-0.4570696723934478
0,8.9514,3.6281250000000003,-0.4556723257848407
0,8.9514,3.63125,-0.4543179005709983
0,8.9514,3.6343750000000004,-0.453006796388016
0,8.9514,3.6375,-0.4517394191708513
0,8.9514,3.640625,-0.4505161817605272
0,8.9514,3.6437500000000003,-0.44933750451629767
0,8.9514,3.646875,-0.4482038159332702
0,8.9514,3.6500000000000004,-0.4471155532660024
0,8.9514,3.653125,-0.446073163158607
0,8.9514,3.65625,-0.4450771022819174
0,8.9514,3.6593750000000003,-0.4441278379782853
0,8.9514,3.6625,-0.44322584891459915
0,8.9514,3.6656250000000004,-0.4423716257441252
0,8.9514,3.66875,-0.44156567177780237
0,8.9514,3.671875,-0.4408085036656224
0,8.9514,3.6750000000000003,-0.44010065208876004
0,8.9514,3.678125,-0.43944266246312436
0,8.9514,3.6812500000000004,-0.43883509565502166
0,8.9514,3.684375,-0.4382785287096395
0,8.9514,3.6875,-0.4377735555930731
0,8.9514,3.6906250000000003,-0.43732078794863344
0,8.9514,3.69375,-0.4369208558681923
0,8.9514,3.6968750000000004,-0.43657440867933056
0,8.9514,3.7,-0.43628211574907516
0,8.9514,3.703125,-0.43604466730501884
0,8.9514,3.7062500000000003,-0.43586277527463335
0,8.9514,3.709375,-0.43573717414359486
0,8.9514,3.7125000000000004,-0.4356686218339548
0,8.9514,3.715625,-0.4356579006029945
0,8.9514,3.71875,-0.4357058179636147
0,8.9514,3.7218750000000003,-0.4358132076271129
0,8.9514,3.725,-0.43598093046920766
0,8.9514,3.7281250000000004,-0.4362098755201744
0,8.9514,3.73125,-0.4365009609799488
0,8.9514,3.734375,-0.43685513525906244
0,8.9514,3.7375000000000003,-0.4372733780462573
0,8.9514,3.740625,-0.43775670140362444
0,8.9514,3.7437500000000004,-0.4383061508900949
0,8.9514,3.746875,-0.43892280671409195
0,8.9514,3.75,-0.4396077849161321
0,8.9514,3.7531250000000003,-0.44036223858213064
0,8.9514,3.75625,-0.4411873590881328
0,8.9514,3.7593750000000004,-0.44208437737714906
0,8.9514,3.7625,-0.4430545652687183
0,8.9514,3.765625,-0.44409923680176605
0,8.9514,3.7687500000000003,-0.4452197496112519
0,8.9514,3.771875,-0.44641750633901467
0,8.9514,3.7750000000000004,-0.447693956079139
0,8.9514,3.778125,-0.4490505958580429
0,8.9514,3.78125,-0.45048897214937644
0,8.9514,3.7843750000000003,-0.45201068242366726
0,8.9514,3.7875,-0.4536173767324928
0,8.9514,3.7906250000000004,-0.45531075932677934
0,8.9514,3.79375,-0.45709259030860844
0,8.9514,3.796875,-0.458964687315697
0,8.9514,3.8000000000000003,-0.4609289272374375
0,8.9514,3.803125,-0.4629872479611
0,8.9514,3.8062500000000004,-0.4651416501464712
0,8.9514,3.809375,-0.4673941990268243
0,8.9514,3.8125,-0.4697470262337193
0,8.9514,3.8156250000000003,-0.47220233164265946
0,8.9514,3.81875,-0.4747623852361249
0,8.9514,3.8218750000000004,-0.4774295289799448
0,8.9514,3.825,-0.48020617870831606
0,8.9514,3.828125,-0.483094826012107
0,8.9514,3.8312500000000003,-0.4860980401242815
0,8.9514,3.834375,-0.4892184697954338
0,8.9514,3.8375000000000004,-0.4924588451514834
0,8.9514,3.840625,-0.49582197952450746
0,8.9514,3.84375,-0.49931077124656015
0,8.9514,3.8468750000000003,-0.5029282053950314
0,8.9514,3.85,-0.5066773554767066
0,8.9514,3.8531250000000004,-0.5105613850361491
0,8.9514,3.85625,-0.5145835491723153
0,8.9514,3.859375,-0.5187471959454772
0,8.9514,3.8625000000000003,-0.5230557676544664
0,8.9514,3.865625,-0.5275128019620307
0,8.9514,3.8687500000000004,-0.5321219328436638
0,8.9514,3.871875,-0.5368868913325785
0,8.9514,3.875,-0.5418115060306137
0,8.9514,3.8781250000000003,-0.5468997033516775
0,8.9514,3.88125,-0.5521555074608931
0,8.9514,3.8843750000000004,-0.5575830398688852
0,8.9514,3.8875,-0.5631865186365571
0,8.9514,3.890625,-0.5689702571413701
0,8.9514,3.8937500000000003,-0.5749386623513488
0,8.9514,3.896875,-0.5810962325479638
0,8.9514,3.9000000000000004,-0.5874475544335428
0,8.9514,3.903125,-0.5939972995529575
0,8.9514,3.90625,-0.6007502199530639
0,8.9514,3.9093750000000003,-0.6077111429966198
0,8.9514,3.9125,-0.6148849652402898
0,8.9514,3.9156250000000004,-0.6222766452787903
0,8.9514,3.91875,-0.6298911954492186
0,8.9514,3.921875,-0.6377336722813072
0,8.9514,3.9250000000000003,-0.6458091655705561
0,8.9514,3.928125,-0.6541227859421778
0,8.9514,3.9312500000000004,-0.6626796507644751
0,8.9514,3.934375,-0.6714848682607214
0,8.9514,3.9375,-0.6805435196590639
0,8.9514,3.9406250000000003,-0.6898606392103263
0,8.9514,3.94375,-0.6994411918942227
0,8.9514,3.9468750000000004,-0.7092900486254423
0,8.9514,3.95,-0.7194119587625558
0,8.9514,3.953125,-0.7298115197151427
0,8.9514,3.9562500000000003,-0.7404931434380034
0,8.9514,3.959375,-0.7514610195964341
0,8.9514,3.9625000000000004,-0.7627190751835742
0,8.9514,3.965625,-0.7742709303702596
0,8.9514,3.96875,-0.7861198503704037
0,8.9514,3.9718750000000003,-0.7982686931110061
0,8.9514,3.975,-0.8107198525065007
0,8.9514,3.9781250000000004,-0.8234751971529023
0,8.9514,3.98125,-0.8365360042789863
0,8.9514,3.984375,-0.8499028888207112
0,8.9514,3.9875000000000003,-0.8635757275219845
0,8.9514,3.990625,-0.8775535780111162
0,8.9514,3.9937500000000004,-0.8918345928588604
0,8.9514,3.996875,-0.9064159286919581
0,8.9514,4.0,-0.9212936505170264
0,8.9514,4.003125000000001,-0.9364626315041679
0,8.9514,4.00625,-0.9519164485892824
0,8.9514,4.009375,-0.9676472743794163
0,8.9514,4.0125,-0.9836457659869243
0,8.9514,4.015625,-0.9999009515769944
0,8.9514,4.018750000000001,-1.0164001155876945
0,8.9514,4.021875,-1.0331286837728684
0,8.9514,4.025,-1.0500701094237923
0,8.9514,4.028125,-1.0672057623433207
0,8.9514,4.03125,-1.0845148223742167
0,8.9514,4.034375000000001,-1.101974179515815
0,8.9514,4.0375,-1.1195583428963254
0,8.9514,4.040625,-1.1372393610944025
0,8.9514,4.04375,-1.1549867565151257
0,8.9514,4.046875,-1.172767476713883
0,8.9514,4.050000000000001,-1.1905458657146737
0,8.9514,4.053125,-1.2082836584767567
0,8.9514,4.05625,-1.2259400017117565
0,8.9514,4.059375,-1.2434715042289575
0,8.9514,4.0625,-1.2608323198772131
0,8.9514,4.065625000000001,-1.2779742659432454
0,8.9514,4.06875,-1.294846979548204
0,8.9514,4.071875,-1.3113981141467643
0,8.9514,4.075,-1.327573577669566
0,8.9514,4.078125,-1.3433178131591417
0,8.9514,4.081250000000001,-1.3585741219329295
0,8.9514,4.084375,-1.373285028374881
0,8.9514,4.0875,-1.3873926844239124
0,8.9514,4.090625,-1.4008393107155657
0,8.9514,4.09375,-1.413567670173053
0,8.9514,4.096875000000001,-1.4255215686703364
0,8.9514,4.1,-1.4366463762464852
0,8.9514,4.103125,-1.4468895612829933
0,8.9514,4.10625,-1.456201229113213
0,8.9514,4.109375,-1.464534655765286
0,8.9514,4.112500000000001,-1.4718468069924782
0,8.9514,4.115625,-1.4780988324595004
0,8.9514,4.11875,-1.4832565249619702
0,8.9514,4.121875,-1.4872907348799105
0,8.9514,4.125,-1.4901777307131556
0,8.9514,4.128125000000001,-1.4918994975090305
0,8.9514,4.13125,-1.4924439662485909
0,8.9514,4.134375,-1.491805168769032
0,8.9514,4.1375,-1.489983314515358
0,8.9514,4.140625,-1.4869847872716528
0,8.9514,4.143750000000001,-1.4828220619508226
0,8.9514,4.146875,-1.477513543447199
0,8.9514,4.15,-1.4710833314045846
0,8.9514,4.153125,-1.463560916453527
0,8.9514,4.15625,-1.4549808149637677
0,8.9514,4.159375000000001,-1.4453821505911528
0,8.9514,4.1625,-1.4348081918358202
0,8.9514,4.165625,-1.4233058554490323
0,8.9514,4.16875,-1.410925185823926
0,8.9514,4.171875,-1.3977188204888895
0,8.9514,4.175000000000001,-1.3837414515144546
0,8.9514,4.178125,-1.3690492920776047
0,8.9514,4.18125,-1.3536995566433936
0,8.9514,4.184375,-1.337749962269577
0,8.9514,4.1875,-1.3212582574640603
0,8.9514,4.190625000000001,-1.3042817838776168
0,8.9514,4.19375,-1.2868770749404574
0,8.9514,4.196875,-1.2690994943933718
0,8.9514,4.2,-1.2510029165581387
0,8.9514,4.203125,-1.232639449165681
0,8.9514,4.206250000000001,-1.214059198637508
0,8.9514,4.209375,-1.1953100769095177
0,8.9514,4.2125,-1.1764376482065066
0,8.9514,4.215625,-1.1574850136231738
0,8.9514,4.21875,-1.1384927309393444
0,8.9514,4.221875000000001,-1.119498766788759
0,8.9514,4.225,-1.1005384781007383
0,8.9514,4.228125,-1.0816446196317413
0,8.9514,4.23125,-1.0628473743864095
0,8.9514,4.234375,-1.0441744037806582
0,8.9514,4.237500000000001,-1.0256509145112573
0,8.9514,4.240625,-1.0072997392527254
0,8.9514,4.24375,-0.9891414284925895
0,8.9514,4.246875,-0.9711943510296701
0,8.9514,4.25,-0.9534748008866876
0,8.9514,4.253125000000001,-0.9359971086221012
0,8.9514,4.25625,-0.9187737552584151
0,8.9514,4.259375,-0.9018154872711172
0,8.9514,4.2625,-0.88513143129984
0,8.9514,4.265625,-0.8687292074473444
0,8.9514,4.268750000000001,-0.8526150402220489
0,8.9514,4.271875,-0.8367938663532078
0,8.9514,4.275,-0.8212694388648948
0,8.9514,4.278125,-0.8060444269355168
0,8.9514,4.28125,-0.7911205111931678
0,8.9514,4.284375000000001,-0.7764984742058324
0,8.9514,4.2875,-0.7621782860186751
0,8.9514,4.290625,-0.7481591846704124
0,8.9514,4.29375,-0.7344397516880804
0,8.9514,4.296875,-0.721017982614814
0,8.9514,4.300000000000001,-0.7078913526710143
0,8.9514,4.303125,-0.6950568776853369
0,8.9514,4.30625,-0.6825111704602213
0,8.9514,4.309375,-0.670250492758181
0,8.9514,4.3125,-0.6582708031100418
0,8.9514,4.315625000000001,-0.6465678006568081
0,8.9514,4.31875,-0.6351369652424895
0,8.9514,4.321875,-0.623973593977448
0,8.9514,4.325,-0.6130728344912766
0,8.9514,4.328125,-0.6024297150907748
0,8.9514,4.331250000000001,-0.5920391720338046
0,8.9514,4.334375,-0.5818960741230658
0,8.9514,4.3375,-0.57199524481614
0,8.9514,4.340625,-0.5623314820397791
0,8.9514,4.34375,-0.5528995758870772
0,8.9514,4.346875000000001,-0.5436943243669933
0,8.9514,4.35,-0.5347105473659451
0,8.9514,4.353125,-0.5259430989715966
0,8.9514,4.35625,-0.5173868782996105
0,8.9514,4.359375,-0.5090368389545962
0,8.9514,4.362500000000001,-0.5008879972477015
0,8.9514,4.365625,-0.4929354392844438
0,8.9514,4.36875,-0.4851743270280568
0,8.9514,4.371875,-0.47759990343582065
0,8.9514,4.375,-0.47020749675810436
0,8.9514,4.378125000000001,-0.46299252408296054
0,8.9514,4.38125,-0.45595049420229694
0,8.9514,4.384375,-0.4490770098693947
0,8.9514,4.3875,-0.4423677695117978
0,8.9514,4.390625,-0.4358185684579592
0,8.9514,4.393750000000001,-0.4294252997311364
0,8.9514,4.396875,-0.4231839544592094
0,8.9514,4.4,-0.417090621944744
0,8.9514,4.403125,-0.41114148943569384
0,8.9514,4.40625,-0.40533284163325956
0,8.9514,4.409375000000001,-0.3996610599701684
0,8.9514,4.4125,-0.3941226216893906
0,8.9514,4.415625,-0.3887140987504371
0,8.9514,4.41875,-0.38343215658781515
0,8.9514,4.421875,-0.3782735527436652
0,8.9514,4.425000000000001,-0.37323513539452385
0,8.9514,4.428125,-0.36831384179005267
0,8.9514,4.43125,-0.3635066966197341
0,8.9514,4.434375,-0.3588108103219319
0,8.9514,4.4375,-0.35422337734805887
0,8.9514,4.440625000000001,-0.34974167439333304
0,8.9514,4.44375,-0.3453630586042631
0,8.9514,4.446875,-0.3410849657718638
0,8.9514,4.45,-0.3369049085186367
0,8.9514,4.453125,-0.33282047448629404
0,8.9514,4.456250000000001,-0.32882932453047575
0,8.9514,4.459375,-0.3249291909278689
0,8.9514,4.4625,-0.3211178756004541
0,8.9514,4.465625,-0.3173932483610391
0,8.9514,4.46875,-0.31375324518358555
0,8.9514,4.471875000000001,-0.3101958665014217
0,8.9514,4.475,-0.30671917553593203
0,8.9514,4.478125,-0.30332129665790397
0,8.9514,4.48125,-0.30000041378340936
0,8.9514,4.484375,-0.29675476880568286
0,8.9514,4.487500000000001,-0.29358266006426215
0,8.9514,4.490625,-0.29048244085234076
0,8.9514,4.49375,-0.2874525179630624
0,8.9514,4.496875,-0.2844913502753279
0,8.9514,4.5,-0.2815974473794305
0,8.9514,4.503125000000001,-0.27876936824275556
0,8.9514,4.50625,-0.2760057199155935
0,8.9514,4.509375,-0.27330515627699403
0,8.9514,4.5125,-0.2706663768205298
0,8.9514,4.515625,-0.2680881254796677
0,8.9514,4.518750000000001,-0.26556918949244307
0,8.9514,4.521875,-0.2631083983050131
0,8.9514,4.525,-0.26070462251361015
0,8.9514,4.528125,-0.258356772844401
0,8.9514,4.53125,-0.2560637991706526
0,8.9514,4.534375000000001,-0.2538246895666255
0,8.9514,4.5375,-0.25163846939755086
0,8.9514,4.540625,-0.24950420044501567
0,8.9514,4.54375,-0.24742098006709537
0,8.9514,4.546875,-0.24538794039249417
0,8.9514,4.550000000000001,-0.24340424754799353
0,8.9514,4.553125,-0.24146910091845733
0,8.9514,4.55625,-0.23958173243863198
0,8.9514,4.559375,-0.2377414059159952
0,8.9514,4.5625,-0.23594741638384506
0,8.9514,4.565625000000001,-0.23419908948385723
0,8.9514,4.56875,-0.23249578087729444
0,8.9514,4.571875,-0.23083687568403893
0,8.9514,4.575,-0.22922178794862633
0,8.9514,4.578125,-0.22764996013240107
0,8.9514,4.581250000000001,-0.2261208626309297
0,8.9514,4.584375,-0.22463399331576184
0,8.9514,4.5875,-0.2231888770995968
0,8.9514,4.590625,-0.22178506552390678
0,8.9514,4.59375,-0.2204221363679885
0,8.9514,4.596875000000001,-0.2190996932784113
0,8.9514,4.6,-0.2178173654177539
0,8.9514,4.603125,-0.21657480713146715
0,8.9514,4.60625,-0.21537169763165412
0,8.9514,4.609375,-0.21420774069645288
0,8.9514,4.612500000000001,-0.21308266438365547
0,8.9514,4.615625,-0.21199622075708363
0,8.9514,4.61875,-0.2109481856241387
0,8.9514,4.621875,-0.20993835828284071
0,8.9514,4.625,-0.2089665612765153
0,8.9514,4.628125000000001,-0.20803264015416814
0,8.9514,4.63125,-0.20713646323440815
0,8.9514,4.634375,-0.2062779213706048
0,8.9514,4.6375,-0.20545692771478122
0,8.9514,4.640625,-0.20467341747750437
0,8.9514,4.643750000000001,-0.2039273476808203
0,8.9514,4.646875,-0.2032186969010044
0,8.9514,4.65,-0.20254746499761475
0,8.9514,4.653125,-0.2019136728250335
0,8.9514,4.65625,-0.20131736192232355
0,8.9514,4.659375000000001,-0.20075859417687686
0,8.9514,4.6625,-0.2002374514569175
0,8.9514,4.665625,-0.19975403520749074
0,8.9514,4.66875,-0.1993084660041085
0,8.9514,4.671875,-0.1989008830577048
0,8.9514,4.675000000000001,-0.19853144366402697
0,8.9514,4.678125,-0.19820032259000098
0,8.9514,4.68125,-0.19790771138899438
0,8.9514,4.684375,-0.19765381763625015
0,8.9514,4.6875,-0.1974388640750611
0,8.9514,4.690625000000001,-0.1972630876635374
0,8.9514,4.69375,-0.1971267385110457
0,8.9514,4.696875,-0.19703007869260838
0,8.9514,4.7,-0.19697338092872915
0,8.9514,4.703125,-0.19695692711726528
0,8.9514,4.706250000000001,-0.19698100670311694
0,8.9514,4.709375,-0.197045914870639
0,8.9514,4.7125,-0.19715195054283816
0,8.9514,4.715625,-0.19729941417058808
0,8.9514,4.71875,-0.19748860529431914
0,8.9514,4.721875000000001,-0.1977198198599192
0,8.9514,4.725,-0.1979933472699611
0,8.9514,4.728125,-0.19830946715087033
0,8.9514,4.73125,-0.1986684458163028
0,8.9514,4.734375,-0.1990705324068658
0,8.9514,4.737500000000001,-0.19951595468642053
0,8.9514,4.740625,-0.2000049144756198
0,8.9514,4.74375,-0.2005375827041175
0,8.9514,4.746875,-0.20111409406409553
0,8.9514,4.75,-0.20173454124949478
0,8.9514,4.753125000000001,-0.2023989687676525
0,8.9514,4.75625,-0.20310736631307094
0,8.9514,4.759375,-0.20385966169684502
0,8.9514,4.7625,-0.20465571332995552
0,8.9514,4.765625,-0.20549530226433657
0,8.9514,4.768750000000001,-0.20637812380239015
0,8.9514,4.771875,-0.2073037786936204
0,8.9514,4.775,-0.20827176394634703
0,8.9514,4.778125,-0.20928146329311678
0,8.9514,4.78125,-0.21033213736057788
0,8.9514,4.784375000000001,-0.21142291360817614
0,8.9514,4.7875,-0.21255277611516002
0,8.9514,4.790625,-0.2137205553119572
0,8.9514,4.79375,-0.2149249177699105
0,8.9514,4.796875,-0.2161643561825348
0,8.9514,4.800000000000001,-0.2174371796915433
0,8.9514,4.803125,-0.21874150473165155
0,8.9514,4.80625,-0.2200752465891175
0,8.9514,4.809375,-0.22143611188954931
0,8.9514,4.8125,-0.2228215922501265
0,8.9514,4.815625000000001,-0.22422895934911855
0,8.9514,4.81875,-0.2256552616806587
0,8.9514,4.821875,-0.22709732327404478
0,8.9514,4.825,-0.22855174466327013
0,8.9514,4.828125,-0.23001490639294478
0,8.9514,4.831250000000001,-0.23148297533990175
0,8.9514,4.834375,-0.23295191411455313
0,8.9514,4.8375,-0.2344174937812872
0,8.9514,4.840625,-0.235875310101947
0,8.9514,4.84375,-0.23732080346009485
0,8.9514,4.846875000000001,-0.23874928256586056
0,8.9514,4.85,-0.24015595197188166
0,8.9514,4.853125,-0.24153594335065975
0,8.9514,4.85625,-0.24288435039371792
0,8.9514,4.859375,-0.24419626709508854
0,8.9514,4.862500000000001,-0.24546682907816358
0,8.9514,4.865625,-0.24669125751895674
0,8.9514,4.86875,-0.2478649051138754
0,8.9514,4.871875,-0.24898330344022412
0,8.9514,4.875,-0.25004221096729007
0,8.9514,4.878125000000001,-0.2510376608993172
0,8.9514,4.88125,-0.25196600797339735
0,8.9514,4.884375,-0.25282397329912304
0,8.9514,4.8875,-0.25360868631602923
0,8.9514,4.890625,-0.2543177229617787
0,8.9514,4.893750000000001,-0.25494913918983625
0,8.9514,4.896875,-0.25550149905002223
0,8.9514,4.9,-0.25597389664731124
0,8.9514,4.903125,-0.2563659714206915
0,8.9514,4.90625,-0.2566779163307281
0,8.9514,4.909375000000001,-0.2569104787063653
0,8.9514,4.9125,-0.2570649536724569
0,8.9514,4.915625,-0.25714317025289285
0,8.9514,4.91875,-0.2571474704133135
0,8.9514,4.921875,-0.25708068146579854
0,8.9514,4.925000000000001,-0.25694608239971806
0,8.9514,4.928125,-0.2567473648232147
0,8.9514,4.93125,-0.2564885892947786
0,8.9514,4.934375,-0.2561741378916442
0,8.9514,4.9375,-0.25580866390024126
0,8.9514,4.940625000000001,-0.25539703952401155
0,8.9514,4.94375,-0.25494430248715866
0,8.9514,4.946875,-0.2544556023720003
0,8.9514,4.95,-0.2539361474661159
0,8.9514,4.953125,-0.2533911528175148
0,8.9514,4.956250000000001,-0.25282579010611655
0,8.9514,4.959375,-0.2522451398424281
0,8.9514,4.9625,-0.25165414630383187
0,8.9514,4.965625,-0.25105757551941804
0,8.9514,4.96875,-0.2504599765193088
0,8.9514,4.971875000000001,-0.24986564597695793
0,8.9514,4.975,-0.24927859629522608
0,8.9514,4.978125,-0.24870252712083477
0,8.9514,4.98125,-0.2481408002181354
0,8.9514,4.984375,-0.24759641759240775
0,8.9514,4.987500000000001,-0.24707200272513943
0,8.9514,4.990625,-0.24656978476836292
0,8.9514,4.99375,-0.24609158554133836
0,8.9514,4.996875,-0.24563880917950004
0,8.9514,5.0,-0.2452124343012541
0,8.9514,5.003125,-0.24481300858143967
0,8.9514,5.0062500000000005,-0.24444064564936144
0,8.9514,5.009375,-0.24409502426259438
0,8.9514,5.0125,-0.24377538974346824
0,8.9514,5.015625,-0.24348055770149704
0,8.9514,5.01875,-0.24320892010022327
0,8.9514,5.0218750000000005,-0.24295845375923608
0,8.9514,5.025,-0.24272673140973902
0,8.9514,5.028125,-0.24251093544329763
0,8.9514,5.03125,-0.24230787450667943
0,8.9514,5.034375,-0.2421140030995219
0,8.9514,5.0375000000000005,-0.2419254443246203
0,8.9514,5.040625,-0.24173801592184566
0,8.9514,5.04375,-0.24154725968531668
0,8.9514,5.046875,-0.24134847431908266
0,8.9514,5.05,-0.24113675172930152
0,8.9514,5.0531250000000005,-0.24090701668134087
0,8.9514,5.05625,-0.2406540696696026
0,8.9514,5.059375,-0.24037263275801662
0,8.9514,5.0625,-0.24005739805258716
0,8.9514,5.065625,-0.23970307836722096
0,8.9514,5.0687500000000005,-0.23930445954403745
0,8.9514,5.071875,-0.23885645379360365
0,8.9514,5.075,-0.2383541533335004
0,8.9514,5.078125,-0.23779288352986722
0,8.9514,5.08125,-0.23716825469047753
0,8.9514,5.0843750000000005,-0.23647621162347401
0,8.9514,5.0875,-0.2357130800664656
0,8.9514,5.090625,-0.2348756091086484
0,8.9514,5.09375,-0.23396100877524106
0,8.9514,5.096875,-0.23296698201874827
0,8.9514,5.1000000000000005,-0.23189175046398483
0,8.9514,5.103125,-0.2307340733805603
0,8.9514,5.10625,-0.22949325950353447
0,8.9514,5.109375,-0.22816917148499888
0,8.9514,5.1125,-0.2267622229303222
0,8.9514,5.1156250000000005,-0.22527336814618001
0,8.9514,5.11875,-0.22370408489654084
0,8.9514,5.121875,-0.22205635062101453
0,8.9514,5.125,-0.220332612711558
0,8.9514,5.128125,-0.21853575356345398
0,8.9514,5.1312500000000005,-0.21666905121100039
0,8.9514,5.134375,-0.21473613642495964
0,8.9514,5.1375,-0.21274094718643832
0,8.9514,5.140625,-0.21068768146081993
0,8.9514,5.14375,-0.20858074917713082
0,8.9514,5.1468750000000005,-0.20642472427546413
0,8.9514,5.15,-0.20422429762124444
0,8.9514,5.153125,-0.20198423150423875
0,8.9514,5.15625,-0.19970931634672398
0,8.9514,5.159375,-0.1974043301434827
0,8.9514,5.1625000000000005,-0.19507400105066774
0,8.9514,5.165625,-0.1927229734349477
0,8.9514,5.16875,-0.19035577759215525
0,8.9514,5.171875,-0.1879768032488211
0,8.9514,5.175,-0.18559027687261942
0,8.9514,5.1781250000000005,-0.18320024274055066
0,8.9514,5.18125,-0.18081054764755838
0,8.9514,5.184375,-0.1784248290836393
0,8.9514,5.1875,-0.17604650666434346
0,8.9514,5.190625,-0.17367877656733108
0,8.9514,5.1937500000000005,-0.17132460870567157
0,8.9514,5.196875,-0.1689867463558024
0,8.9514,5.2,-0.16666770795338284
0,8.9514,5.203125,-0.16436979077253763
0,8.9514,5.20625,-0.16209507621190064
0,8.9514,5.2093750000000005,-0.15984543642335233
0,8.9514,5.2125,-0.1576225420352616
0,8.9514,5.215625,-0.1554278707403949
0,8.9514,5.21875,-0.15326271653861534
0,8.9514,5.221875,-0.15112819944522743
0,8.9514,5.2250000000000005,-0.14902527549677355
0,8.9514,5.228125,-0.1469547469066915
0,8.9514,5.23125,-0.1449172722431002
0,8.9514,5.234375,-0.1429133765198269
0,8.9514,5.2375,-0.14094346110933495
0,8.9514,5.2406250000000005,-0.13900781340239338
0,8.9514,5.24375,-0.13710661615401917
0,8.9514,5.246875,-0.1352399564684044
0,8.9514,5.25,-0.13340783438726744
0,8.9514,5.253125,-0.1316101710563182
0,8.9514,5.2562500000000005,-0.12984681645344986
0,8.9514,5.259375,-0.128117556669902
0,8.9514,5.2625,-0.12642212074209164
0,8.9514,5.265625,-0.12476018703721532
0,8.9514,5.26875,-0.12313138920013289
0,8.9514,5.2718750000000005,-0.12153532167262114
0,8.9514,5.275,-0.11997154479889276
0,8.9514,5.278125,-0.11843958953341277
0,8.9514,5.28125,-0.11693896176863412
0,8.9514,5.284375,-0.11546914630133881
0,8.9514,5.2875000000000005,-0.11402961045694707
0,8.9514,5.290625,-0.11261980739147345
0,8.9514,5.29375,-0.11123917909082913
0,8.9514,5.296875,-0.10988715908697676
0,8.9514,5.3,-0.10856317491003446
0,8.9514,5.3031250000000005,-0.1072666502948884
0,8.9514,5.30625,-0.10599700716021453
0,8.9514,5.309375,-0.10475366737706099
0,8.9514,5.3125,-0.10353605434335225
0,8.9514,5.315625,-0.10234359437982538
0,8.9514,5.3187500000000005,-0.10117571796205546
0,8.9514,5.321875,-0.10003186080236118
0,8.9514,5.325,-0.09891146479451596
0,8.9514,5.328125,-0.09781397883335541
0,8.9514,5.33125,-0.09673885952053843
0,8.9514,5.3343750000000005,-0.09568557176693152
0,8.9514,5.3375,-0.09465358930132126
0,8.9514,5.340625,-0.09364239509442834
0,8.9514,5.34375,-0.09265148170651327
0,8.9514,5.346875,-0.09168035156620145
0,8.9514,5.3500000000000005,-0.09072851718754536
0,8.9514,5.353125,-0.08979550133176367
0,8.9514,5.35625,-0.08888083711955092
0,8.9514,5.359375,-0.08798406809935805
0,8.9514,5.3625,-0.08710474827656403
0,8.9514,5.3656250000000005,-0.08624244210802963
0,8.9514,5.36875,-0.08539672446612127
0,8.9514,5.371875,-0.08456718057591435
0,8.9514,5.375,-0.08375340592895085
0,8.9514,5.378125,-0.08295500617660025
0,8.9514,5.3812500000000005,-0.08217159700578663
0,8.9514,5.384375,-0.08140280399957706
0,8.9514,5.3875,-0.08064826248487694
0,8.9514,5.390625,-0.0799076173692612
0,8.9514,5.39375,-0.07918052296875695
0,8.9514,5.3968750000000005,-0.07846664282821085
0,8.9514,5.4,-0.07776564953570264
0,8.9514,5.403125,-0.07707722453230693
0,8.9514,5.40625,-0.07640105791837082
0,8.9514,5.409375,-0.0757368482573385
0,8.9514,5.4125000000000005,-0.07508430237804176
0,8.9514,5.415625,-0.07444313517626878
0,8.9514,5.41875,-0.07381306941632394
0,8.9514,5.421875,-0.07319383553321068
0,8.9514,5.425,-0.07258517143598534
0,8.9514,5.4281250000000005,-0.07198682231276127
0,8.9514,5.43125,-0.07139854043777984
0,8.9514,5.434375,-0.07082008498090334
0,8.9514,5.4375,-0.07025122181983894
0,8.9514,5.440625,-0.0696917233553507
0,8.9514,5.4437500000000005,-0.06914136832967843
0,8.9514,5.446875,-0.06859994164834432
0,8.9514,5.45,-0.06806723420549246
0,8.9514,5.453125,-0.06754304271288138
0,8.9514,5.45625,-0.0670271695326187
0,8.9514,5.4593750000000005,-0.06651942251370538
0,8.9514,5.4625,-0.06601961483243733
0,8.9514,5.465625,-0.06552756483669016
0,8.9514,5.46875,-0.0650430958941014
0,8.9514,5.471875,-0.06456603624414613
0,8.9514,5.4750000000000005,-0.06409621885409124
0,8.9514,5.478125,-0.06363348127880337
0,8.9514,5.48125,-0.06317766552437308
0,8.9514,5.484375,-0.06272861791551426
0,8.9514,5.4875,-0.06228618896668641
0,8.9514,5.4906250000000005,-0.06185023325688364
0,8.9514,5.49375,-0.061420609308029776
0,8.9514,5.496875,-0.06099717946691178
0,8.9514,5.5,-0.06057980979058451
0,8.9514,5.503125,-0.060168369935173445
0,8.9514,5.5062500000000005,-0.05976273304800122
0,8.9514,5.509375,-0.059362775662963184
0,8.9514,5.5125,-0.058968377599072766
0,8.9514,5.515625,-0.05857942186210122
0,8.9514,5.51875,-0.058195794549231766
0,8.9514,5.5218750000000005,-0.05781738475665009
0,8.9514,5.525,-0.0574440844899937
0,8.9514,5.528125,-0.05707578857758054
0,8.9514,5.53125,-0.056712394586341745
0,8.9514,5.534375,-0.056353802740380605
0,8.9514,5.5375000000000005,-0.05599991584208281
0,8.9514,5.540625,-0.05565063919570414
0,8.9514,5.54375,-0.05530588053336078
0,8.9514,5.546875,-0.054965549943352746
0,8.9514,5.55,-0.05462955980074814
0,8.9514,5.5531250000000005,-0.05429782470016011
0,8.9514,5.55625,-0.05397026139064908
0,8.9514,5.559375,-0.053646788712683316
0,8.9514,5.5625,-0.05332732753709495
0,8.9514,5.565625,-0.05301180070596772
0,8.9514,5.5687500000000005,-0.05270013297539515
0,8.9514,5.571875,-0.052392250960050686
0,8.9514,5.575,-0.052088083079509906
0,8.9514,5.578125,-0.051787559506270675
0,8.9514,5.58125,-0.051490612115414926
0,8.9514,5.5843750000000005,-0.051197174435859305
0,8.9514,5.5875,-0.05090718160314364
0,8.9514,5.590625,-0.05062057031370562
0,8.9514,5.59375,-0.050337278780595025
0,8.9514,5.596875,-0.050057246690578976
0,8.9514,5.6000000000000005,-0.04978041516259296
0,8.9514,5.603125,-0.04950672670749398
0,8.9514,5.60625,-0.04923612518907152
0,8.9514,5.609375,-0.04896855578627668
0,8.9514,5.6125,-0.04870396495662805
0,8.9514,5.6156250000000005,-0.048442300400755776
0,8.9514,5.61875,-0.048183511028046834
0,8.9514,5.621875,-0.0479275469233537
0,8.9514,5.625,-0.047674359314733135
0,8.9514,5.628125,-0.047423900542179584
0,8.9514,5.6312500000000005,-0.04717612402732095
0,8.9514,5.634375,-0.04693098424404523
0,8.9514,5.6375,-0.04668843669002614
0,8.9514,5.640625,-0.046448437859119646
0,8.9514,5.64375,-0.046210945214601534
0,8.9514,5.6468750000000005,-0.0459759171632186
0,8.9514,5.65,-0.045743313030027266
0,8.9514,5.653125,-0.04551309303399233
0,8.9514,5.65625,-0.04528521826432263
0,8.9514,5.659375,-0.04505965065751825
0,8.9514,5.6625000000000005,-0.04483635297510624
0,8.9514,5.665625,-0.04461528878204286
0,8.9514,5.66875,-0.04439642242575932
0,8.9514,5.671875,-0.044179719015831696
0,8.9514,5.675,-0.043965144404253295
0,8.9514,5.6781250000000005,-0.043752665166290686
0,8.9514,5.68125,-0.04354224858190427
0,8.9514,5.684375,-0.0433338626177148
0,8.9514,5.6875,-0.04312747590949863
0,8.9514,5.690625,-0.04292305774519461
0,8.9514,5.6937500000000005,-0.042720578048405726
0,8.9514,5.696875,-0.04252000736238035
0,8.9514,5.7,-0.042321316834456606
0,8.9514,5.703125,-0.04212447820095631
0,8.9514,5.70625,-0.041929463772513255
0,8.9514,5.7093750000000005,-0.04173624641982232
0,8.9514,5.7125,-0.041544799559796154
0,8.9514,5.715625,-0.04135509714211596
0,8.9514,5.71875,-0.041167113636164814
0,8.9514,5.721875,-0.040980824018330704
0,8.9514,5.7250000000000005,-0.040796203759667894
0,8.9514,5.728125,-0.040613228813905694
0,8.9514,5.73125,-0.040431875605792915
0,8.9514,5.734375,-0.040252121019768605
0,8.9514,5.7375,-0.04007394238894809
0,8.9514,5.7406250000000005,-0.03989731748441485
0,8.9514,5.74375,-0.039722224504808945
0,8.9514,5.746875,-0.03954864206620202
0,8.9514,5.75,-0.0393765491922513
0,8.9514,5.753125,-0.03920592530462291
0,8.9514,5.7562500000000005,-0.03903675021367682
0,8.9514,5.759375,-0.03886900410940543
0,8.9514,5.7625,-0.038702667552617497
0,8.9514,5.765625,-0.03853772146636089
0,8.9514,5.76875,-0.038374147127576065
0,8.9514,5.7718750000000005,-0.03821192615897373
0,8.9514,5.775,-0.038051040521130064
0,8.9514,5.778125,-0.03789147250479225
0,8.9514,5.78125,-0.037733204723388994
0,8.9514,5.784375,-0.03757622010573916
0,8.9514,5.7875000000000005,-0.03742050188895294
0,8.9514,5.790625,-0.0372660336115199
0,8.9514,5.79375,-0.03711279910657792
0,8.9514,5.796875,-0.03696078249535831
0,8.9514,5.800000000000001,-0.036809968180801456
0,8.9514,5.8031250000000005,-0.036660340841338415
0,8.9514,5.80625,-0.03651188542483277
0,8.9514,5.809375,-0.0363645871426792
0,8.9514,5.8125,-0.03621843146405331
0,8.9514,5.815625000000001,-0.03607340411030877
0,8.9514,5.8187500000000005,-0.035929491049517474
0,8.9514,5.821875,-0.035786678491148145
0,8.9514,5.825,-0.035644952880880196
0,8.9514,5.828125,-0.035504300895548326
0,8.9514,5.831250000000001,-0.035364709438214265
0,8.9514,5.8343750000000005,-0.035226165633362436
0,8.9514,5.8375,-0.035088656822215125
0,8.9514,5.840625,-0.03495217055816491
0,8.9514,5.84375,-0.03481669460232007
0,8.9514,5.846875000000001,-0.034682216919160375
0,8.9514,5.8500000000000005,-0.0345487256723
0,8.9514,5.853125,-0.034416209220354294
0,8.9514,5.85625,-0.03428465611290799
0,8.9514,5.859375,-0.034154055086581724
0,8.9514,5.862500000000001,-0.034024395061194146
0,8.9514,5.8656250000000005,-0.033895665136017196
0,8.9514,5.86875,-0.03376785458612158
0,8.9514,5.871875,-0.033640952858810386
0,8.9514,5.875,-0.033514949570138244
0,8.9514,5.878125000000001,-0.03338983450151362
0,8.9514,5.8812500000000005,-0.03326559759638222
0,8.9514,5.884375,-0.03314222895698889
0,8.9514,5.8875,-0.0330197188412163
0,8.9514,5.890625,-0.03289805765949832
0,8.9514,5.893750000000001,-0.03277723597180557
0,8.9514,5.8968750000000005,-0.0326572444847021
0,8.9514,5.9,-0.032538074048470186
0,8.9514,5.903125,-0.03241971565430254
0,8.9514,5.90625,-0.032302160431559306
0,8.9514,5.909375000000001,-0.032185399645088604
0,8.9514,5.9125000000000005,-0.03206942469260884
0,8.9514,5.915625,-0.03195422710215078
0,8.9514,5.91875,-0.03183979852955861
0,8.9514,5.921875,-0.03172613075604757
0,8.9514,5.925000000000001,-0.03161321568581734
0,8.9514,5.9281250000000005,-0.03150104534371946
0,8.9514,5.93125,-0.031389611872977216
0,8.9514,5.934375,-0.03127890753295701
0,8.9514,5.9375,-0.031168924696989668
0,8.9514,5.940625000000001,-0.03105965585024036
0,8.9514,5.9437500000000005,-0.030951093587626155
0,8.9514,5.946875,-0.030843230611779484
0,8.9514,5.95,-0.030736059731056954
0,8.9514,5.953125,-0.030629573857591966
0,8.9514,5.956250000000001,-0.030523766005390113
0,8.9514,5.9593750000000005,-0.03041862928846642
0,8.9514,5.9625,-0.03031415691902301
0,8.9514,5.965625,-0.030210342205666714
0,8.9514,5.96875,-0.030107178551665163
0,8.9514,5.971875000000001,-0.03000465945324063
0,8.9514,5.9750000000000005,-0.02990277849790073
0,8.9514,5.978125,-0.029801529362804755
0,8.9514,5.98125,-0.029700905813165198
0,8.9514,5.984375,-0.02960090170068328
0,8.9514,5.987500000000001,-0.02950151096201776
0,8.9514,5.9906250000000005,-0.02940272761728631
0,8.9514,5.99375,-0.029304545768598308
0,8.9514,5.996875,-0.029206959598618798
0,8.9514,6.0,-0.029109963369162453
