"Current","Field","Frequency","Spectra"
0,29.411700000000003,1.0,-0.015517233923899726
0,29.411700000000003,1.003125,-0.015554936528856016
0,29.411700000000003,1.00625,-0.015592779246400706
0,29.411700000000003,1.009375,-0.01563076278033937
0,29.411700000000003,1.0125,-0.015668887838936118
0,29.411700000000003,1.015625,-0.0157071551349477
0,29.411700000000003,1.01875,-0.015745565385657884
0,29.411700000000003,1.021875,-0.01578411931291216
0,29.411700000000003,1.025,-0.015822817643152763
0,29.411700000000003,1.028125,-0.01586166110745399
0,29.411700000000003,1.03125,-0.01590065044155784
0,29.411700000000003,1.034375,-0.015939786385909992
0,29.411700000000003,1.0375,-0.015979069685696096
0,29.411700000000003,1.040625,-0.016018501090878382
0,29.411700000000003,1.04375,-0.016058081356232632
0,29.411700000000003,1.046875,-0.016097811241385453
0,29.411700000000003,1.05,-0.016137691510851905
0,29.411700000000003,1.053125,-0.01617772293407346
0,29.411700000000003,1.05625,-0.01621790628545634
0,29.411700000000003,1.059375,-0.01625824234441017
0,29.411700000000003,1.0625,-0.016298731895386987
0,29.411700000000003,1.065625,-0.01633937572792061
0,29.411700000000003,1.06875,-0.01638017463666639
0,29.411700000000003,1.071875,-0.01642112942144131
0,29.411700000000003,1.075,-0.01646224088726443
0,29.411700000000003,1.078125,-0.016503509844397763
0,29.411700000000003,1.08125,-0.016544937108387447
0,29.411700000000003,1.084375,-0.01658652350010536
0,29.411700000000003,1.0875,-0.016628269845791115
0,29.411700000000003,1.090625,-0.01667017697709442
0,29.411700000000003,1.09375,-0.016712245731117823
0,29.411700000000003,1.096875,-0.01675447695045988
0,29.411700000000003,1.1,-0.016796871483258723
0,29.411700000000003,1.103125,-0.016839430183235995
0,29.411700000000003,1.10625,-0.016882153909741265
0,29.411700000000003,1.109375,-0.016925043527796793
0,29.411700000000003,1.1125,-0.016968099908142714
0,29.411700000000003,1.115625,-0.017011323927282704
0,29.411700000000003,1.11875,-0.01705471646753002
0,29.411700000000003,1.121875,-0.01709827841705398
0,29.411700000000003,1.125,-0.01714201066992691
0,29.411700000000003,1.128125,-0.017185914126171483
0,29.411700000000003,1.13125,-0.01722998969180855
0,29.411700000000003,1.134375,-0.01727423827890541
0,29.411700000000003,1.1375,-0.01731866080562452
0,29.411700000000003,1.140625,-0.017363258196272675
0,29.411700000000003,1.14375,-0.017408031381350664
0,29.411700000000003,1.146875,-0.017452981297603382
0,29.411700000000003,1.15,-0.01749810888807043
0,29.411700000000003,1.153125,-0.01754341510213721
0,29.411700000000003,1.15625,-0.017588900895586464
0,29.411700000000003,1.159375,-0.01763456723065034
0,29.411700000000003,1.1625,-0.017680415076062956
0,29.411700000000003,1.165625,-0.017726445407113458
0,29.411700000000003,1.16875,-0.017772659205699575
0,29.411700000000003,1.171875,-0.017819057460381742
0,29.411700000000003,1.175,-0.01786564116643764
0,29.411700000000003,1.178125,-0.017912411325917386
0,29.411700000000003,1.18125,-0.017959368947699172
0,29.411700000000003,1.184375,-0.018006515047545465
0,29.411700000000003,1.1875,-0.01805385064815975
0,29.411700000000003,1.190625,-0.01810137677924385
0,29.411700000000003,1.19375,-0.018149094477555732
0,29.411700000000003,1.196875,-0.018197004786967987
0,29.411700000000003,1.2,-0.018245108758526758
0,29.411700000000003,1.203125,-0.018293407450511334
0,29.411700000000003,1.20625,-0.018341901928494275
0,29.411700000000003,1.209375,-0.018390593265402162
0,29.411700000000003,1.2125,-0.018439482541576905
0,29.411700000000003,1.215625,-0.018488570844837716
0,29.411700000000003,1.21875,-0.018537859270543577
0,29.411700000000003,1.221875,-0.018587348921656477
0,29.411700000000003,1.225,-0.01863704090880513
0,29.411700000000003,1.228125,-0.01868693635034942
0,29.411700000000003,1.23125,-0.018737036372445448
0,29.411700000000003,1.234375,-0.018787342109111215
0,29.411700000000003,1.2375,-0.018837854702292975
0,29.411700000000003,1.240625,-0.018888575301932248
0,29.411700000000003,1.24375,-0.018939505066033483
0,29.411700000000003,1.246875,-0.018990645160732435
0,29.411700000000003,1.25,-0.019041996760365176
0,29.411700000000003,1.253125,-0.019093561047537844
0,29.411700000000003,1.25625,-0.019145339213197044
0,29.411700000000003,1.259375,-0.019197332456701025
0,29.411700000000003,1.2625,-0.019249541985891506
0,29.411700000000003,1.265625,-0.019301969017166246
0,29.411700000000003,1.26875,-0.019354614775552396
0,29.411700000000003,1.271875,-0.019407480494780503
0,29.411700000000003,1.275,-0.019460567417359364
0,29.411700000000003,1.278125,-0.01951387679465157
0,29.411700000000003,1.28125,-0.019567409886949837
0,29.411700000000003,1.284375,-0.019621167963554138
0,29.411700000000003,1.2875,-0.019675152302849584
0,29.411700000000003,1.290625,-0.019729364192385145
0,29.411700000000003,1.29375,-0.01978380492895316
0,29.411700000000003,1.296875,-0.01983847581866963
0,29.411700000000003,1.3,-0.019893378177055412
0,29.411700000000003,1.303125,-0.019948513329118178
0,29.411700000000003,1.30625,-0.020003882609435246
0,29.411700000000003,1.309375,-0.020059487362237317
0,29.411700000000003,1.3125,-0.020115328941492972
0,29.411700000000003,1.315625,-0.020171408710994168
0,29.411700000000003,1.31875,-0.020227728044442526
0,29.411700000000003,1.321875,-0.020284288325536578
0,29.411700000000003,1.325,-0.020341090948059925
0,29.411700000000003,1.328125,-0.020398137315970264
0,29.411700000000003,1.33125,-0.02045542884348942
0,29.411700000000003,1.334375,-0.020512966955194258
0,29.411700000000003,1.3375,-0.020570753086108614
0,29.411700000000003,1.340625,-0.020628788681796167
0,29.411700000000003,1.34375,-0.020687075198454252
0,29.411700000000003,1.346875,-0.02074561410300876
0,29.411700000000003,1.35,-0.020804406873209984
0,29.411700000000003,1.353125,-0.020863454997729444
0,29.411700000000003,1.35625,-0.020922759976257876
0,29.411700000000003,1.359375,-0.02098232331960413
0,29.411700000000003,1.3625,-0.021042146549795183
0,29.411700000000003,1.365625,-0.021102231200177277
0,29.411700000000003,1.36875,-0.02116257881551802
0,29.411700000000003,1.371875,-0.021223190952109734
0,29.411700000000003,1.375,-0.021284069177873798
0,29.411700000000003,1.378125,-0.02134521507246618
0,29.411700000000003,1.38125,-0.021406630227384097
0,29.411700000000003,1.384375,-0.02146831624607385
0,29.411700000000003,1.3875,-0.02153027474403981
0,29.411700000000003,1.390625,-0.021592507348954623
0,29.411700000000003,1.39375,-0.021655015700770577
0,29.411700000000003,1.396875,-0.021717801451832247
0,29.411700000000003,1.4,-0.021780866266990318
0,29.411700000000003,1.403125,-0.021844211823716726
0,29.411700000000003,1.40625,-0.021907839812221004
0,29.411700000000003,1.409375,-0.021971751935567985
0,29.411700000000003,1.4125,-0.022035949909796734
0,29.411700000000003,1.415625,-0.022100435464040877
0,29.411700000000003,1.41875,-0.022165210340650224
0,29.411700000000003,1.421875,-0.02223027629531378
0,29.411700000000003,1.425,-0.022295635097184085
0,29.411700000000003,1.428125,-0.022361288529003043
0,29.411700000000003,1.43125,-0.022427238387229036
0,29.411700000000003,1.434375,-0.02249348648216564
0,29.411700000000003,1.4375,-0.022560034638091624
0,29.411700000000003,1.440625,-0.02262688469339253
0,29.411700000000003,1.44375,-0.02269403850069376
0,29.411700000000003,1.446875,-0.022761497926995094
0,29.411700000000003,1.45,-0.022829264853806836
0,29.411700000000003,1.453125,-0.02289734117728747
0,29.411700000000003,1.45625,-0.022965728808382904
0,29.411700000000003,1.459375,-0.023034429672967354
0,29.411700000000003,1.4625,-0.023103445711985793
0,29.411700000000003,1.465625,-0.02317277888159814
0,29.411700000000003,1.46875,-0.023242431153325013
0,29.411700000000003,1.471875,-0.023312404514195306
0,29.411700000000003,1.475,-0.02338270096689537
0,29.411700000000003,1.478125,-0.023453322529920037
0,29.411700000000003,1.48125,-0.02352427123772539
0,29.411700000000003,1.484375,-0.02359554914088331
0,29.411700000000003,1.4875,-0.023667158306237862
0,29.411700000000003,1.490625,-0.023739100817063586
0,29.411700000000003,1.49375,-0.02381137877322558
0,29.411700000000003,1.496875,-0.023883994291341613
0,29.411700000000003,1.5,-0.02395694950494602
0,29.411700000000003,1.503125,-0.02403024656465578
0,29.411700000000003,1.50625,-0.024103887638338345
0,29.411700000000003,1.509375,-0.024177874911281733
0,29.411700000000003,1.5125000000000002,-0.02425221058636652
0,29.411700000000003,1.515625,-0.024326896884240008
0,29.411700000000003,1.51875,-0.0244019360434925
0,29.411700000000003,1.521875,-0.024477330320835718
0,29.411700000000003,1.525,-0.02455308199128343
0,29.411700000000003,1.5281250000000002,-0.024629193348334348
0,29.411700000000003,1.53125,-0.024705666704157157
0,29.411700000000003,1.534375,-0.024782504389778047
0,29.411700000000003,1.5375,-0.024859708755270375
0,29.411700000000003,1.540625,-0.024937282169946836
0,29.411700000000003,1.5437500000000002,-0.02501522702255405
0,29.411700000000003,1.546875,-0.025093545721469435
0,29.411700000000003,1.55,-0.025172240694900865
0,29.411700000000003,1.553125,-0.025251314391088565
0,29.411700000000003,1.55625,-0.025330769278509763
0,29.411700000000003,1.5593750000000002,-0.025410607846085925
0,29.411700000000003,1.5625,-0.025490832603392598
0,29.411700000000003,1.565625,-0.025571446080872053
0,29.411700000000003,1.56875,-0.02565245083004861
0,29.411700000000003,1.571875,-0.025733849423746766
0,29.411700000000003,1.5750000000000002,-0.025815644456312244
0,29.411700000000003,1.578125,-0.025897838543835847
0,29.411700000000003,1.58125,-0.02598043432438035
0,29.411700000000003,1.584375,-0.02606343445821033
0,29.411700000000003,1.5875,-0.026146841628025053
0,29.411700000000003,1.5906250000000002,-0.026230658539194547
0,29.411700000000003,1.59375,-0.026314887919998715
0,29.411700000000003,1.596875,-0.026399532521869794
0,29.411700000000003,1.6,-0.026484595119638014
0,29.411700000000003,1.603125,-0.026570078511780622
0,29.411700000000003,1.6062500000000002,-0.026655985520674327
0,29.411700000000003,1.609375,-0.026742318992851122
0,29.411700000000003,1.6125,-0.02682908179925782
0,29.411700000000003,1.615625,-0.02691627683551897
0,29.411700000000003,1.61875,-0.027003907022203556
0,29.411700000000003,1.6218750000000002,-0.02709197530509546
0,29.411700000000003,1.625,-0.02718048465546758
0,29.411700000000003,1.628125,-0.02726943807036003
0,29.411700000000003,1.63125,-0.027358838572862112
0,29.411700000000003,1.634375,-0.02744868921239842
0,29.411700000000003,1.6375000000000002,-0.027538993065019036
0,29.411700000000003,1.640625,-0.02762975323369387
0,29.411700000000003,1.64375,-0.027720972848611383
0,29.411700000000003,1.646875,-0.02781265506748155
0,29.411700000000003,1.65,-0.02790480307584332
0,29.411700000000003,1.6531250000000002,-0.027997420087376716
0,29.411700000000003,1.65625,-0.028090509344219344
0,29.411700000000003,1.659375,-0.028184074117287905
0,29.411700000000003,1.6625,-0.0282781177066043
0,29.411700000000003,1.665625,-0.028372643441626863
0,29.411700000000003,1.6687500000000002,-0.028467654681586487
0,29.411700000000003,1.671875,-0.028563154815827926
0,29.411700000000003,1.675,-0.028659147264156484
0,29.411700000000003,1.678125,-0.028755635477189866
0,29.411700000000003,1.68125,-0.02885262293671568
0,29.411700000000003,1.6843750000000002,-0.0289501131560545
0,29.411700000000003,1.6875,-0.029048109680428622
0,29.411700000000003,1.690625,-0.02914661608733679
0,29.411700000000003,1.69375,-0.029245635986934814
0,29.411700000000003,1.696875,-0.02934517302242234
0,29.411700000000003,1.7000000000000002,-0.029445230870436028
0,29.411700000000003,1.703125,-0.0295458132414489
0,29.411700000000003,1.70625,-0.029646923880176562
0,29.411700000000003,1.709375,-0.029748566565989905
0,29.411700000000003,1.7125,-0.02985074511333482
0,29.411700000000003,1.7156250000000002,-0.02995346337215897
0,29.411700000000003,1.71875,-0.03005672522834566
0,29.411700000000003,1.721875,-0.030160534604155336
0,29.411700000000003,1.725,-0.03026489545867442
0,29.411700000000003,1.728125,-0.030369811788272073
0,29.411700000000003,1.7312500000000002,-0.030475287627064886
0,29.411700000000003,1.734375,-0.03058132704738964
0,29.411700000000003,1.7375,-0.03068793416028463
0,29.411700000000003,1.740625,-0.03079511311597939
0,29.411700000000003,1.74375,-0.030902868104393275
0,29.411700000000003,1.7468750000000002,-0.03101120335564315
0,29.411700000000003,1.75,-0.031120123140560223
0,29.411700000000003,1.753125,-0.031229631771216515
0,29.411700000000003,1.75625,-0.03133973360146101
0,29.411700000000003,1.759375,-0.03145043302746583
0,29.411700000000003,1.7625000000000002,-0.03156173448828281
0,29.411700000000003,1.765625,-0.03167364246641049
0,29.411700000000003,1.76875,-0.031786161488372086
0,29.411700000000003,1.771875,-0.031899296125304635
0,29.411700000000003,1.775,-0.03201305099355949
0,29.411700000000003,1.7781250000000002,-0.032127430755314795
0,29.411700000000003,1.78125,-0.032242440119199835
0,29.411700000000003,1.784375,-0.03235808384093216
0,29.411700000000003,1.7875,-0.03247436672396727
0,29.411700000000003,1.790625,-0.03259129362016161
0,29.411700000000003,1.7937500000000002,-0.032708869430449164
0,29.411700000000003,1.796875,-0.03282709910553188
0,29.411700000000003,1.8,-0.032945987646584685
0,29.411700000000003,1.803125,-0.03306554010597508
0,29.411700000000003,1.80625,-0.03318576158799807
0,29.411700000000003,1.8093750000000002,-0.03330665724962683
0,29.411700000000003,1.8125,-0.03342823230127938
0,29.411700000000003,1.815625,-0.03355049200760207
0,29.411700000000003,1.81875,-0.0336734416882701
0,29.411700000000003,1.821875,-0.03379708671880568
0,29.411700000000003,1.8250000000000002,-0.03392143253141455
0,29.411700000000003,1.828125,-0.034046484615841
0,29.411700000000003,1.83125,-0.03417224852024253
0,29.411700000000003,1.834375,-0.03429872985208415
0,29.411700000000003,1.8375,-0.03442593427905343
0,29.411700000000003,1.8406250000000002,-0.03455386752999665
0,29.411700000000003,1.84375,-0.03468253539587673
0,29.411700000000003,1.846875,-0.034811943730753865
0,29.411700000000003,1.85,-0.034942098452789165
0,29.411700000000003,1.853125,-0.03507300554527241
0,29.411700000000003,1.8562500000000002,-0.035204671057674435
0,29.411700000000003,1.859375,-0.03533710110672493
0,29.411700000000003,1.8625,-0.03547030187751669
0,29.411700000000003,1.865625,-0.03560427962463671
0,29.411700000000003,1.86875,-0.03573904067332545
0,29.411700000000003,1.8718750000000002,-0.03587459142066475
0,29.411700000000003,1.875,-0.03601093833679543
0,29.411700000000003,1.878125,-0.03614808796616574
0,29.411700000000003,1.88125,-0.03628604692881105
0,29.411700000000003,1.884375,-0.0364248219216663
0,29.411700000000003,1.8875000000000002,-0.03656441971991193
0,29.411700000000003,1.890625,-0.036704847178354226
0,29.411700000000003,1.89375,-0.03684611123284145
0,29.411700000000003,1.896875,-0.03698821890171639
0,29.411700000000003,1.9,-0.03713117728730673
0,29.411700000000003,1.9031250000000002,-0.03727499357745421
0,29.411700000000003,1.90625,-0.037419675047083545
0,29.411700000000003,1.909375,-0.03756522905981259
0,29.411700000000003,1.9125,-0.03771166306960445
0,29.411700000000003,1.915625,-0.03785898462246286
0,29.411700000000003,1.9187500000000002,-0.03800720135817216
0,29.411700000000003,1.921875,-0.03815632101208248
0,29.411700000000003,1.925,-0.03830635141694185
0,29.411700000000003,1.928125,-0.03845730050477583
0,29.411700000000003,1.93125,-0.03860917630881602
0,29.411700000000003,1.9343750000000002,-0.038761986965478466
0,29.411700000000003,1.9375,-0.03891574071639263
0,29.411700000000003,1.940625,-0.03907044591048248
0,29.411700000000003,1.94375,-0.039226111006099934
0,29.411700000000003,1.946875,-0.03938274457321165
0,29.411700000000003,1.9500000000000002,-0.03954035529564017
0,29.411700000000003,1.953125,-0.039698951973359285
0,29.411700000000003,1.95625,-0.039858543524844844
0,29.411700000000003,1.959375,-0.0400191389894805
0,29.411700000000003,1.9625,-0.04018074753001893
0,29.411700000000003,1.9656250000000002,-0.040343378435098186
0,29.411700000000003,1.96875,-0.04050704112181272
0,29.411700000000003,1.971875,-0.04067174513833844
0,29.411700000000003,1.975,-0.04083750016661063
0,29.411700000000003,1.978125,-0.0410043160250532
0,29.411700000000003,1.9812500000000002,-0.04117220267135775
0,29.411700000000003,1.984375,-0.041341170205309356
0,29.411700000000003,1.9875,-0.04151122887165682
0,29.411700000000003,1.990625,-0.04168238906302326
0,29.411700000000003,1.99375,-0.04185466132285281
0,29.411700000000003,1.9968750000000002,-0.04202805634838842
0,29.411700000000003,2.0,-0.04220258499367434
0,29.411700000000003,2.003125,-0.04237825827257648
0,29.411700000000003,2.00625,-0.04255508736181217
0,29.411700000000003,2.0093750000000004,-0.042733083603979545
0,29.411700000000003,2.0125,-0.042912258510575924
0,29.411700000000003,2.015625,-0.0430926237649922
0,29.411700000000003,2.01875,-0.043274191225468654
0,29.411700000000003,2.021875,-0.043456972927996024
0,29.411700000000003,2.0250000000000004,-0.043640981089142605
0,29.411700000000003,2.028125,-0.04382622810878659
0,29.411700000000003,2.03125,-0.04401272657272936
0,29.411700000000003,2.034375,-0.04420048925516254
0,29.411700000000003,2.0375,-0.04438952912095857
0,29.411700000000003,2.0406250000000004,-0.044579859327750354
0,29.411700000000003,2.04375,-0.04477149322776185
0,29.411700000000003,2.046875,-0.0449644443693465
0,29.411700000000003,2.05,-0.045158726498185614
0,29.411700000000003,2.053125,-0.04535435355809339
0,29.411700000000003,2.0562500000000004,-0.04555133969136922
0,29.411700000000003,2.059375,-0.04574969923863119
0,29.411700000000003,2.0625,-0.04594944673805805
0,29.411700000000003,2.065625,-0.04615059692395832
0,29.411700000000003,2.06875,-0.04635316472457778
0,29.411700000000003,2.0718750000000004,-0.04655716525904666
0,29.411700000000003,2.075,-0.04676261383335882
0,29.411700000000003,2.078125,-0.04696952593526409
0,29.411700000000003,2.08125,-0.04717791722794396
0,29.411700000000003,2.084375,-0.047387803542329285
0,29.411700000000003,2.0875000000000004,-0.04759920086790532
0,29.411700000000003,2.090625,-0.04781212534183732
0,29.411700000000003,2.09375,-0.04802659323623508
0,29.411700000000003,2.096875,-0.04824262094336135
0,29.411700000000003,2.1,-0.04846022495857445
0,29.411700000000003,2.1031250000000004,-0.0486794218607807
0,29.411700000000003,2.10625,-0.04890022829015819
0,29.411700000000003,2.109375,-0.04912266092289929
0,29.411700000000003,2.1125,-0.04934673644270579
0,29.411700000000003,2.115625,-0.04957247150875992
0,29.411700000000003,2.1187500000000004,-0.0497998827198831
0,29.411700000000003,2.121875,-0.05002898657458835
0,29.411700000000003,2.125,-0.050259799426727585
0,29.411700000000003,2.128125,-0.05049233743643515
0,29.411700000000003,2.13125,-0.05072661651607572
0,29.411700000000003,2.1343750000000004,-0.050962652270916085
0,29.411700000000003,2.1375,-0.05120045993426196
0,29.411700000000003,2.140625,-0.05144005429683052
0,29.411700000000003,2.14375,-0.051681449630171086
0,29.411700000000003,2.146875,-0.051924659604002596
0,29.411700000000003,2.1500000000000004,-0.052169697197405614
0,29.411700000000003,2.153125,-0.052416574603896454
0,29.411700000000003,2.15625,-0.05266530313051798
0,29.411700000000003,2.159375,-0.05291589309121219
0,29.411700000000003,2.1625,-0.05316835369489393
0,29.411700000000003,2.1656250000000004,-0.05342269292882494
0,29.411700000000003,2.16875,-0.05367891743809501
0,29.411700000000003,2.171875,-0.05393703240225175
0,29.411700000000003,2.175,-0.05419704141038399
0,29.411700000000003,2.178125,-0.05445894633625394
0,29.411700000000003,2.1812500000000004,-0.05472274721538675
0,29.411700000000003,2.184375,-0.054988442126361406
0,29.411700000000003,2.1875,-0.0552560270788939
0,29.411700000000003,2.190625,-0.05552549591165698
0,29.411700000000003,2.19375,-0.05579684020312875
0,29.411700000000003,2.1968750000000004,-0.05607004919908929
0,29.411700000000003,2.2,-0.05634510976067665
0,29.411700000000003,2.203125,-0.05662200633714808
0,29.411700000000003,2.20625,-0.056900720967651024
0,29.411700000000003,2.209375,-0.05718123331636447
0,29.411700000000003,2.2125000000000004,-0.05746352074530167
0,29.411700000000003,2.215625,-0.05774755842884437
0,29.411700000000003,2.21875,-0.05803331951368393
0,29.411700000000003,2.221875,-0.058320775327255533
0,29.411700000000003,2.225,-0.05860989563695614
0,29.411700000000003,2.2281250000000004,-0.05890064896142474
0,29.411700000000003,2.23125,-0.05919300293394295
0,29.411700000000003,2.234375,-0.05948692471659655
0,29.411700000000003,2.2375,-0.05978238146225588
0,29.411700000000003,2.240625,-0.06007934081972981
0,29.411700000000003,2.2437500000000004,-0.0603777714756792
0,29.411700000000003,2.246875,-0.06067764372511801
0,29.411700000000003,2.25,-0.06097893006066216
0,29.411700000000003,2.253125,-0.06128160576920053
0,29.411700000000003,2.25625,-0.061585649523450685
0,29.411700000000003,2.2593750000000004,-0.06189104395501015
0,29.411700000000003,2.2625,-0.06219777619510172
0,29.411700000000003,2.265625,-0.06250583836929496
0,29.411700000000003,2.26875,-0.06281522803310405
0,29.411700000000003,2.271875,-0.06312594853652027
0,29.411700000000003,2.2750000000000004,-0.0634380093072114
0,29.411700000000003,2.278125,-0.06375142604425485
0,29.411700000000003,2.28125,-0.06406622081678129
0,29.411700000000003,2.284375,-0.06438242206467715
0,29.411700000000003,2.2875,-0.06470006450140522
0,29.411700000000003,2.2906250000000004,-0.06501918892190602
0,29.411700000000003,2.29375,-0.06533984192130972
0,29.411700000000003,2.296875,-0.06566207553268347
0,29.411700000000003,2.3,-0.06598594679415677
0,29.411700000000003,2.303125,-0.06631151725742346
0,29.411700000000003,2.3062500000000004,-0.06663885245075384
0,29.411700000000003,2.309375,-0.06696802131024814
0,29.411700000000003,2.3125,-0.0672990955931259
0,29.411700000000003,2.315625,-0.067632149286413
0,29.411700000000003,2.31875,-0.06796725802352341
0,29.411700000000003,2.3218750000000004,-0.06830449852000522
0,29.411700000000003,2.325,-0.06864394803822835
0,29.411700000000003,2.328125,-0.06898568388911602
0,29.411700000000003,2.33125,-0.06932978297726383
0,29.411700000000003,2.334375,-0.06967632139402201
0,29.411700000000003,2.3375000000000004,-0.07002537406141704
0,29.411700000000003,2.340625,-0.07037701442821209
0,29.411700000000003,2.34375,-0.0707313142179957
0,29.411700000000003,2.346875,-0.07108834322797475
0,29.411700000000003,2.35,-0.071448169176146
0,29.411700000000003,2.3531250000000004,-0.07181085759373128
0,29.411700000000003,2.35625,-0.07217647175918157
0,29.411700000000003,2.359375,-0.07254507266966718
0,29.411700000000003,2.3625,-0.07291671904575679
0,29.411700000000003,2.365625,-0.07329146736492399
0,29.411700000000003,2.3687500000000004,-0.07366937191958081
0,29.411700000000003,2.371875,-0.07405048489549913
0,29.411700000000003,2.375,-0.07443485646671885
0,29.411700000000003,2.378125,-0.0748225349033345
0,29.411700000000003,2.38125,-0.07521356668888123
0,29.411700000000003,2.3843750000000004,-0.07560799664438854
0,29.411700000000003,2.3875,-0.0760058680565233
0,29.411700000000003,2.390625,-0.07640722280759135
0,29.411700000000003,2.39375,-0.07681210150549975
0,29.411700000000003,2.396875,-0.07722054361209588
0,29.411700000000003,2.4000000000000004,-0.07763258756858786
0,29.411700000000003,2.403125,-0.07804827091701291
0,29.411700000000003,2.40625,-0.07846763041695458
0,29.411700000000003,2.409375,-0.0788907021569151
0,29.411700000000003,2.4125,-0.07931752165992895
0,29.411700000000003,2.4156250000000004,-0.07974812398315606
0,29.411700000000003,2.41875,-0.08018254381132305
0,29.411700000000003,2.421875,-0.08062081554398698
0,29.411700000000003,2.425,-0.08106297337668429
0,29.411700000000003,2.428125,-0.08150905137609749
0,29.411700000000003,2.4312500000000004,-0.08195908354942608
0,29.411700000000003,2.434375,-0.08241310390819043
0,29.411700000000003,2.4375,-0.08287114652672616
0,29.411700000000003,2.440625,-0.08333324559564652
0,29.411700000000003,2.44375,-0.08379943547056382
0,29.411700000000003,2.4468750000000004,-0.08426975071636429
0,29.411700000000003,2.45,-0.08474422614733314
0,29.411700000000003,2.453125,-0.0852228968634202
0,29.411700000000003,2.45625,-0.08570579828293011
0,29.411700000000003,2.459375,-0.08619296617191108
0,29.411700000000003,2.4625000000000004,-0.08668443667050296
0,29.411700000000003,2.465625,-0.08718024631649436
0,29.411700000000003,2.46875,-0.08768043206632142
0,29.411700000000003,2.471875,-0.08818503131372908
0,29.411700000000003,2.475,-0.08869408190629899
0,29.411700000000003,2.4781250000000004,-0.08920762216003447
0,29.411700000000003,2.48125,-0.08972569087217898
0,29.411700000000003,2.484375,-0.09024832733242964
0,29.411700000000003,2.4875,-0.09077557133269422
0,29.411700000000003,2.490625,-0.09130746317552839
0,29.411700000000003,2.4937500000000004,-0.09184404368137605
0,29.411700000000003,2.496875,-0.09238535419472639
0,29.411700000000003,2.5,-0.09293143658928868
0,29.411700000000003,2.503125,-0.09348233327227637
0,29.411700000000003,2.50625,-0.09403808718788415
0,29.411700000000003,2.5093750000000004,-0.09459874182003027
0,29.411700000000003,2.5125,-0.09516434119443166
0,29.411700000000003,2.515625,-0.09573492988006929
0,29.411700000000003,2.51875,-0.09631055299009544
0,29.411700000000003,2.521875,-0.09689125618222906
0,29.411700000000003,2.5250000000000004,-0.0974770856586777
0,29.411700000000003,2.528125,-0.09806808816562211
0,29.411700000000003,2.53125,-0.09866431099229145
0,29.411700000000003,2.534375,-0.09926580196965484
0,29.411700000000003,2.5375,-0.09987260946875051
0,29.411700000000003,2.5406250000000004,-0.10048478239866927
0,29.411700000000003,2.54375,-0.10110237020420695
0,29.411700000000003,2.546875,-0.10172542286319614
0,29.411700000000003,2.55,-0.10235399088352491
0,29.411700000000003,2.553125,-0.10298812529984851
0,29.411700000000003,2.5562500000000004,-0.1036278776699958
0,29.411700000000003,2.559375,-0.10427330007107258
0,29.411700000000003,2.5625,-0.10492444509525926
0,29.411700000000003,2.565625,-0.10558136584529991
0,29.411700000000003,2.56875,-0.1062441159296777
0,29.411700000000003,2.5718750000000004,-0.10691274945746995
0,29.411700000000003,2.575,-0.10758732103287519
0,29.411700000000003,2.578125,-0.10826788574940231
0,29.411700000000003,2.58125,-0.10895449918371036
0,29.411700000000003,2.584375,-0.10964721738908803
0,29.411700000000003,2.5875000000000004,-0.11034609688855837
0,29.411700000000003,2.590625,-0.11105119466759558
0,29.411700000000003,2.59375,-0.1117625681664378
0,29.411700000000003,2.596875,-0.11248027527197887
0,29.411700000000003,2.6,-0.11320437430922295
0,29.411700000000003,2.6031250000000004,-0.11393492403228246
0,29.411700000000003,2.60625,-0.1146719836149011
0,29.411700000000003,2.609375,-0.11541561264048139
0,29.411700000000003,2.6125,-0.11616587109159539
0,29.411700000000003,2.615625,-0.11692281933895748
0,29.411700000000003,2.6187500000000004,-0.11768651812983588
0,29.411700000000003,2.621875,-0.11845702857588034
0,29.411700000000003,2.625,-0.1192344121403412
0,29.411700000000003,2.628125,-0.12001873062465439
0,29.411700000000003,2.63125,-0.12081004615436745
0,29.411700000000003,2.6343750000000004,-0.12160842116437881
0,29.411700000000003,2.6375,-0.12241391838346431
0,29.411700000000003,2.640625,-0.12322660081806179
0,29.411700000000003,2.64375,-0.1240465317352845
0,29.411700000000003,2.646875,-0.12487377464513454
0,29.411700000000003,2.6500000000000004,-0.12570839328188438
0,29.411700000000003,2.653125,-0.12655045158459693
0,29.411700000000003,2.65625,-0.12740001367675036
0,29.411700000000003,2.659375,-0.12825714384493506
0,29.411700000000003,2.6625,-0.12912190651658956
0,29.411700000000003,2.6656250000000004,-0.12999436623674
0,29.411700000000003,2.66875,-0.13087458764370843
0,29.411700000000003,2.671875,-0.13176263544375394
0,29.411700000000003,2.675,-0.13265857438460818
0,29.411700000000003,2.678125,-0.13356246922786932
0,29.411700000000003,2.6812500000000004,-0.1344743847202143
0,29.411700000000003,2.684375,-0.13539438556339148
0,29.411700000000003,2.6875,-0.13632253638295222
0,29.411700000000003,2.690625,-0.1372589016956812
0,29.411700000000003,2.69375,-0.1382035458756832
0,29.411700000000003,2.6968750000000004,-0.1391565331190843
0,29.411700000000003,2.7,-0.14011792740730417
0,29.411700000000003,2.703125,-0.14108779246885605
0,29.411700000000003,2.70625,-0.1420661917396284
0,29.411700000000003,2.709375,-0.1430531883216041
0,29.411700000000003,2.7125000000000004,-0.14404884493997067
0,29.411700000000003,2.715625,-0.14505322389857522
0,29.411700000000003,2.71875,-0.14606638703367752
0,29.411700000000003,2.721875,-0.14708839566595133
0,29.411700000000003,2.725,-0.14811931055068836
0,29.411700000000003,2.7281250000000004,-0.14915919182615403
0,29.411700000000003,2.73125,-0.15020809896004747
0,29.411700000000003,2.734375,-0.15126609069401586
0,29.411700000000003,2.7375,-0.1523332249861719
0,29.411700000000003,2.740625,-0.153409558951567
0,29.411700000000003,2.7437500000000004,-0.15449514880056706
0,29.411700000000003,2.746875,-0.1555900497750836
0,29.411700000000003,2.75,-0.15669431608260823
0,29.411700000000003,2.753125,-0.15780800082799987
0,29.411700000000003,2.75625,-0.15893115594297635
0,29.411700000000003,2.7593750000000004,-0.16006383211325967
0,29.411700000000003,2.7625,-0.16120607870332612
0,29.411700000000003,2.765625,-0.16235794367871326
0,29.411700000000003,2.76875,-0.1635194735258341
0,29.411700000000003,2.771875,-0.1646907131692531
0,29.411700000000003,2.7750000000000004,-0.16587170588637656
0,29.411700000000003,2.778125,-0.16706249321951364
0,29.411700000000003,2.78125,-0.16826311488526383
0,29.411700000000003,2.784375,-0.16947360868118755
0,29.411700000000003,2.7875,-0.17069401038972135
0,29.411700000000003,2.7906250000000004,-0.1719243536792968
0,29.411700000000003,2.79375,-0.1731646700026294
0,29.411700000000003,2.796875,-0.17441498849214118
0,29.411700000000003,2.8,-0.17567533585248526
0,29.411700000000003,2.803125,-0.17694573625014554
0,29.411700000000003,2.8062500000000004,-0.17822621120008306
0,29.411700000000003,2.809375,-0.17951677944941002
0,29.411700000000003,2.8125,-0.18081745685807052
0,29.411700000000003,2.815625,-0.18212825627651333
0,29.411700000000003,2.81875,-0.18344918742034813
0,29.411700000000003,2.8218750000000004,-0.18478025674197693
0,29.411700000000003,2.825,-0.1861214672992028
0,29.411700000000003,2.828125,-0.18747281862081883
0,29.411700000000003,2.83125,-0.18883430656918743
0,29.411700000000003,2.834375,-0.19020592319982735
0,29.411700000000003,2.8375000000000004,-0.19158765661803037
0,29.411700000000003,2.840625,-0.1929794908325396
0,29.411700000000003,2.84375,-0.19438140560632433
0,29.411700000000003,2.846875,-0.19579337630449778
0,29.411700000000003,2.85,-0.19721537373943138
0,29.411700000000003,2.8531250000000004,-0.1986473640131263
0,29.411700000000003,2.85625,-0.20008930835691613
0,29.411700000000003,2.859375,-0.20154116296858035
0,29.411700000000003,2.8625,-0.20300287884695903
0,29.411700000000003,2.865625,-0.2044744016241734
0,29.411700000000003,2.8687500000000004,-0.2059556713955634
0,29.411700000000003,2.871875,-0.2074466225474694
0,29.411700000000003,2.875,-0.20894718358299494
0,29.411700000000003,2.878125,-0.21045727694590013
0,29.411700000000003,2.88125,-0.21197681884279124
0,29.411700000000003,2.8843750000000004,-0.2135057190637826
0,29.411700000000003,2.8875,-0.21504388080182543
0,29.411700000000003,2.890625,-0.21659120047090963
0,29.411700000000003,2.89375,-0.2181475675233606
0,29.411700000000003,2.896875,-0.21971286426647227
0,29.411700000000003,2.9000000000000004,-0.22128696567872977
0,29.411700000000003,2.903125,-0.2228697392258965
0,29.411700000000003,2.90625,-0.22446104467725475
0,29.411700000000003,2.909375,-0.22606073392230652
0,29.411700000000003,2.9125,-0.22766865078826368
0,29.411700000000003,2.9156250000000004,-0.22928463085866987
0,29.411700000000003,2.91875,-0.23090850129352117
0,29.411700000000003,2.921875,-0.23254008065126708
0,29.411700000000003,2.925,-0.23417917871309488
0,29.411700000000003,2.928125,-0.23582559630992211
0,29.411700000000003,2.9312500000000004,-0.23747912515253758
0,29.411700000000003,2.934375,-0.23913954766535708
0,29.411700000000003,2.9375,-0.24080663682427444
0,29.411700000000003,2.940625,-0.24248015599911127
0,29.411700000000003,2.94375,-0.24415985880118896
0,29.411700000000003,2.9468750000000004,-0.24584548893656463
0,29.411700000000003,2.95,-0.24753678006549446
0,29.411700000000003,2.953125,-0.24923345566870364
0,29.411700000000003,2.95625,-0.25093522892106146
0,29.411700000000003,2.959375,-0.25264180257328045
0,29.411700000000003,2.9625000000000004,-0.25435286884227065
0,29.411700000000003,2.965625,-0.2560681093108021
0,29.411700000000003,2.96875,-0.25778719483713847
0,29.411700000000003,2.971875,-0.2595097854753201
0,29.411700000000003,2.975,-0.2612355304067905
0,29.411700000000003,2.9781250000000004,-0.2629640678840667
0,29.411700000000003,2.98125,-0.26469502518716853
0,29.411700000000003,2.984375,-0.26642801859352677
0,29.411700000000003,2.9875,-0.26816265336209466
0,29.411700000000003,2.990625,-0.26989852373239687
0,29.411700000000003,2.9937500000000004,-0.27163521293924664
0,29.411700000000003,2.996875,-0.2733722932438637
0,29.411700000000003,3.0,-0.27510932598212345
0,29.411700000000003,3.0031250000000003,-0.276845861630658
0,29.411700000000003,3.00625,-0.2785814398915258
0,29.411700000000003,3.009375,-0.2803155897961547
0,29.411700000000003,3.0125,-0.2820478298292439
0,29.411700000000003,3.015625,-0.28377766807329624
0,29.411700000000003,3.0187500000000003,-0.2855046023744332
0,29.411700000000003,3.021875,-0.2872281205301107
0,29.411700000000003,3.025,-0.28894770049933766
0,29.411700000000003,3.028125,-0.2906628106359545
0,29.411700000000003,3.03125,-0.29237290994550025
0,29.411700000000003,3.0343750000000003,-0.29407744836615657
0,29.411700000000003,3.0375,-0.2957758670742035
0,29.411700000000003,3.040625,-0.29746759881438795
0,29.411700000000003,3.04375,-0.2991520682555376
0,29.411700000000003,3.046875,-0.3008286923717067
0,29.411700000000003,3.0500000000000003,-0.30249688084907883
0,29.411700000000003,3.053125,-0.3041560365187752
0,29.411700000000003,3.05625,-0.3058055558156675
0,29.411700000000003,3.059375,-0.3074448292632009
0,29.411700000000003,3.0625,-0.3090732419841706
0,29.411700000000003,3.0656250000000003,-0.3106901742373106
0,29.411700000000003,3.06875,-0.3122950019794644
0,29.411700000000003,3.071875,-0.31388709745303006
0,29.411700000000003,3.075,-0.3154658297982739
0,29.411700000000003,3.078125,-0.31703056569001725
0,29.411700000000003,3.0812500000000003,-0.31858066999810947
0,29.411700000000003,3.084375,-0.32011550647099435
0,29.411700000000003,3.0875,-0.321634438441591
0,29.411700000000003,3.090625,-0.3231368295545967
0,29.411700000000003,3.09375,-0.3246220445142296
0,29.411700000000003,3.0968750000000003,-0.32608944985132454
0,29.411700000000003,3.1,-0.32753841470859074
0,29.411700000000003,3.103125,-0.328968311642748
0,29.411700000000003,3.10625,-0.3303785174421514
0,29.411700000000003,3.109375,-0.3317684139584228
0,29.411700000000003,3.1125000000000003,-0.3331373889505137
0,29.411700000000003,3.115625,-0.33448483693952513
0,29.411700000000003,3.11875,-0.3358101600725349
0,29.411700000000003,3.121875,-0.33711276899358494
0,29.411700000000003,3.125,-0.33839208371991375
0,29.411700000000003,3.1281250000000003,-0.33964753452144203
0,29.411700000000003,3.13125,-0.3408785628014473
0,29.411700000000003,3.134375,-0.3420846219763127
0,29.411700000000003,3.1375,-0.34326517835216974
0,29.411700000000003,3.140625,-0.3444197119962193
0,29.411700000000003,3.1437500000000003,-0.3455477176004709
0,29.411700000000003,3.146875,-0.346648705335611
0,29.411700000000003,3.15,-0.34772220169269635
0,29.411700000000003,3.153125,-0.3487677503103499
0,29.411700000000003,3.15625,-0.3497849127851409
0,29.411700000000003,3.1593750000000003,-0.350773269462841
0,29.411700000000003,3.1625,-0.3517324202082578
0,29.411700000000003,3.165625,-0.35266198515139235
0,29.411700000000003,3.16875,-0.3535616054076892
0,29.411700000000003,3.171875,-0.354430943770213
0,29.411700000000003,3.1750000000000003,-0.355269685371638
0,29.411700000000003,3.178125,-0.35607753831400957
0,29.411700000000003,3.18125,-0.35685423426432
0,29.411700000000003,3.184375,-0.3575995290140294
0,29.411700000000003,3.1875,-0.3583132030007638
0,29.411700000000003,3.1906250000000003,-0.3589950617905346
0,29.411700000000003,3.19375,-0.3596449365189366
0,29.411700000000003,3.196875,-0.3602626842899148
0,29.411700000000003,3.2,-0.36084818853081785
0,29.411700000000003,3.203125,-0.3614013593026008
0,29.411700000000003,3.2062500000000003,-0.3619221335641865
0,29.411700000000003,3.209375,-0.3624104753901443
0,29.411700000000003,3.2125,-0.3628663761410061
0,29.411700000000003,3.215625,-0.36328985458569557
0,29.411700000000003,3.21875,-0.3636809569757149
0,29.411700000000003,3.2218750000000003,-0.3640397570708948
0,29.411700000000003,3.225,-0.3643663561166832
0,29.411700000000003,3.228125,-0.3646608827731129
0,29.411700000000003,3.23125,-0.3649234929957559
0,29.411700000000003,3.234375,-0.3651543698691361
0,29.411700000000003,3.2375000000000003,-0.36535372339323513
0,29.411700000000003,3.240625,-0.3655217902238814
0,29.411700000000003,3.24375,-0.3656588333679731
0,29.411700000000003,3.246875,-0.3657651418346275
0,29.411700000000003,3.25,-0.3658410302434985
0,29.411700000000003,3.2531250000000003,-0.3658868383916396
0,29.411700000000003,3.25625,-0.36590293078041647
0,29.411700000000003,3.259375,-0.36588969610409977
0,29.411700000000003,3.2625,-0.36584754670187825
0,29.411700000000003,3.265625,-0.36577691797513945
0,29.411700000000003,3.2687500000000003,-0.3656782677719588
0,29.411700000000003,3.271875,-0.36555207574082454
0,29.411700000000003,3.275,-0.3653988426557005
0,29.411700000000003,3.278125,-0.3652190897145947
0,29.411700000000003,3.28125,-0.3650133578138562
0,29.411700000000003,3.2843750000000003,-0.3647822068004674
0,29.411700000000003,3.2875,-0.36452621470463353
0,29.411700000000003,3.290625,-0.364245976954992
0,29.411700000000003,3.29375,-0.36394210557878337
0,29.411700000000003,3.296875,-0.36361522838932125
0,29.411700000000003,3.3000000000000003,-0.36326598816309924
0,29.411700000000003,3.303125,-0.36289504180885274
0,29.411700000000003,3.30625,-0.36250305953086837
0,29.411700000000003,3.309375,-0.3620907239888019
0,29.411700000000003,3.3125,-0.36165872945622274
0,29.411700000000003,3.3156250000000003,-0.3612077809800493
0,29.411700000000003,3.31875,-0.36073859354298904
0,29.411700000000003,3.321875,-0.36025189123102574
0,29.411700000000003,3.325,-0.35974840640793043
0,29.411700000000003,3.328125,-0.35922887889869626
0,29.411700000000003,3.3312500000000003,-0.35869405518371206
0,29.411700000000003,3.334375,-0.3581446876054111
0,29.411700000000003,3.3375,-0.35758153358903627
0,29.411700000000003,3.340625,-0.3570053548790708
0,29.411700000000003,3.34375,-0.3564169167927941
0,29.411700000000003,3.3468750000000003,-0.35581698749231605
0,29.411700000000003,3.35,-0.3552063372763536
0,29.411700000000003,3.353125,-0.3545857378929059
0,29.411700000000003,3.35625,-0.3539559618738896
0,29.411700000000003,3.359375,-0.35331778189269525
0,29.411700000000003,3.3625000000000003,-0.3526719701455214
0,29.411700000000003,3.365625,-0.3520192977572539
0,29.411700000000003,3.36875,-0.35136053421255165
0,29.411700000000003,3.371875,-0.35069644681271206
0,29.411700000000003,3.375,-0.3500278001587934
0,29.411700000000003,3.3781250000000003,-0.3493553556613821
0,29.411700000000003,3.38125,-0.34867987107730625
0,29.411700000000003,3.384375,-0.3480021000735122
0,29.411700000000003,3.3875,-0.34732279181824
0,29.411700000000003,3.390625,-0.34664269059955893
0,29.411700000000003,3.3937500000000003,-0.34596253547124595
0,29.411700000000003,3.396875,-0.34528305992592795
0,29.411700000000003,3.4000000000000004,-0.3446049915953349
0,29.411700000000003,3.403125,-0.3439290519774584
0,29.411700000000003,3.40625,-0.34325595619034466
0,29.411700000000003,3.4093750000000003,-0.34258641275220536
0,29.411700000000003,3.4125,-0.3419211233874766
0,29.411700000000003,3.4156250000000004,-0.34126078285841205
0,29.411700000000003,3.41875,-0.3406060788217586
0,29.411700000000003,3.421875,-0.3399576917100232
0,29.411700000000003,3.4250000000000003,-0.33931629463681007
0,29.411700000000003,3.428125,-0.338682553325677
0,29.411700000000003,3.4312500000000004,-0.33805712606193544
0,29.411700000000003,3.434375,-0.3374406636668002
0,29.411700000000003,3.4375,-0.3368338094932725
0,29.411700000000003,3.4406250000000003,-0.3362371994431322
0,29.411700000000003,3.44375,-0.3356514620044006
0,29.411700000000003,3.4468750000000004,-0.3350772183086275
0,29.411700000000003,3.45,-0.3345150822073552
0,29.411700000000003,3.453125,-0.33396566036710656
0,29.411700000000003,3.4562500000000003,-0.3334295523822486
0,29.411700000000003,3.459375,-0.33290735090508494
0,29.411700000000003,3.4625000000000004,-0.3323996417925363
0,29.411700000000003,3.465625,-0.3319070042687786
0,29.411700000000003,3.46875,-0.331430011103215
0,29.411700000000003,3.4718750000000003,-0.3309692288031744
0,29.411700000000003,3.475,-0.33052521782073996
0,29.411700000000003,3.4781250000000004,-0.3300985327731266
0,29.411700000000003,3.48125,-0.32968972267604785
0,29.411700000000003,3.484375,-0.32929933118952254
0,29.411700000000003,3.4875000000000003,-0.3289278968756014
0,29.411700000000003,3.490625,-0.32857595346750534
0,29.411700000000003,3.4937500000000004,-0.3282440301496932
0,29.411700000000003,3.496875,-0.327932651848401
0,29.411700000000003,3.5,-0.32764233953221056
0,29.411700000000003,3.5031250000000003,-0.32737361052223846
0,29.411700000000003,3.50625,-0.3271269788115524
0,29.411700000000003,3.5093750000000004,-0.3269029553934516
0,29.411700000000003,3.5125,-0.3267020485982723
0,29.411700000000003,3.515625,-0.3265247644384013
0,29.411700000000003,3.5187500000000003,-0.3263716069612114
0,29.411700000000003,3.521875,-0.32624307860965474
0,29.411700000000003,3.5250000000000004,-0.326139680590275
0,29.411700000000003,3.528125,-0.3260619132484297
0,29.411700000000003,3.53125,-0.3260102764505345
0,29.411700000000003,3.5343750000000003,-0.3259852699731708
0,29.411700000000003,3.5375,-0.3259873938989223
0,29.411700000000003,3.5406250000000004,-0.32601714901883116
0,29.411700000000003,3.54375,-0.32607503724139203
0,29.411700000000003,3.546875,-0.3261615620080237
0,29.411700000000003,3.5500000000000003,-0.3262772287149889
0,29.411700000000003,3.553125,-0.326422545141751
0,29.411700000000003,3.5562500000000004,-0.3265980218857877
0,29.411700000000003,3.559375,-0.3268041728039009
0,29.411700000000003,3.5625,-0.32704151546009025
0,29.411700000000003,3.5656250000000003,-0.32731057158008003
0,29.411700000000003,3.56875,-0.3276118675126124
0,29.411700000000003,3.5718750000000004,-0.32794593469764743
0,29.411700000000003,3.575,-0.32831331014162857
0,29.411700000000003,3.578125,-0.3287145369000008
0,29.411700000000003,3.5812500000000003,-0.3291501645671883
0,29.411700000000003,3.584375,-0.3296207497742642
0,29.411700000000003,3.5875000000000004,-0.33012685669456665
0,29.411700000000003,3.590625,-0.33066905755753834
0,29.411700000000003,3.59375,-0.33124793317109114
0,29.411700000000003,3.5968750000000003,-0.33186407345281793
0,29.411700000000003,3.6,-0.33251807797039845
0,29.411700000000003,3.6031250000000004,-0.33321055649156894
0,29.411700000000003,3.60625,-0.33394212954404584
0,29.411700000000003,3.609375,-0.3347134289858204
0,29.411700000000003,3.6125000000000003,-0.33552509858626
0,29.411700000000003,3.615625,-0.336377794618478
0,29.411700000000003,3.6187500000000004,-0.337272186463457
0,29.411700000000003,3.621875,-0.33820895722643063
0,29.411700000000003,3.625,-0.3391888043660571
0,29.411700000000003,3.6281250000000003,-0.3402124403369367
0,29.411700000000003,3.63125,-0.3412805932460537
0,29.411700000000003,3.6343750000000004,-0.3423940075237436
0,29.411700000000003,3.6375,-0.34355344460981274
0,29.411700000000003,3.640625,-0.3447596836554622
0,29.411700000000003,3.6437500000000003,-0.34601352224169185
0,29.411700000000003,3.646875,-0.3473157771148847
0,29.411700000000003,3.6500000000000004,-0.34866728494030164
0,29.411700000000003,3.653125,-0.3500689030742341
0,29.411700000000003,3.65625,-0.3515215103555988
0,29.411700000000003,3.6593750000000003,-0.35302600791777433
0,29.411700000000003,3.6625,-0.35458332002151344
0,29.411700000000003,3.6656250000000004,-0.3561943949097913
0,29.411700000000003,3.66875,-0.3578602056854698
0,29.411700000000003,3.671875,-0.35958175121269703
0,29.411700000000003,3.6750000000000003,-0.3613600570429774
0,29.411700000000003,3.678125,-0.36319617636688195
0,29.411700000000003,3.6812500000000004,-0.36509119099239756
0,29.411700000000003,3.684375,-0.3670462123509327
0,29.411700000000003,3.6875,-0.369062382532039
0,29.411700000000003,3.6906250000000003,-0.37114087534792045
0,29.411700000000003,3.69375,-0.37328289742884146
0,29.411700000000003,3.6968750000000004,-0.37548968935056853
0,29.411700000000003,3.7,-0.3777625267950003
0,29.411700000000003,3.703125,-0.3801027217451815
0,29.411700000000003,3.7062500000000003,-0.3825116237159047
0,29.411700000000003,3.709375,-0.3849906210211399
0,29.411700000000003,3.7125000000000004,-0.3875411420795549
0,29.411700000000003,3.715625,-0.3901646567593995
0,29.411700000000003,3.71875,-0.3928626777640646
0,29.411700000000003,3.7218750000000003,-0.3956367620596277
0,29.411700000000003,3.725,-0.3984885123457239
0,29.411700000000003,3.7281250000000004,-0.4014195785710911
0,29.411700000000003,3.73125,-0.4044316594951419
0,29.411700000000003,3.734375,-0.40752650429693366
0,29.411700000000003,3.7375000000000003,-0.4107059142328937
0,29.411700000000003,3.740625,-0.4139717443446655
0,29.411700000000003,3.7437500000000004,-0.4173259052184332
0,29.411700000000003,3.746875,-0.4207703647970519
0,29.411700000000003,3.75,-0.424307150246314
0,29.411700000000003,3.7531250000000003,-0.4279383498766254
0,29.411700000000003,3.75625,-0.4316661151213436
0,29.411700000000003,3.7593750000000004,-0.43549266257298
0,29.411700000000003,3.7625,-0.4394202760783905
0,29.411700000000003,3.765625,-0.44345130889403145
0,29.411700000000003,3.7687500000000003,-0.4475881859022443
0,29.411700000000003,3.771875,-0.4518334058894426
0,29.411700000000003,3.7750000000000004,-0.4561895438869557
0,29.411700000000003,3.778125,-0.46065925357511994
0,29.411700000000003,3.78125,-0.46524526975107716
0,29.411700000000003,3.7843750000000003,-0.4699504108605134
0,29.411700000000003,3.7875,-0.4747775815933825
0,29.411700000000003,3.7906250000000004,-0.4797297755434027
0,29.411700000000003,3.79375,-0.48481007793081743
0,29.411700000000003,3.796875,-0.4900216683876237
0,29.411700000000003,3.8000000000000003,-0.49536782380407385
0,29.411700000000003,3.803125,-0.5008519212348748
0,29.411700000000003,3.8062500000000004,-0.5064774408630482
0,29.411700000000003,3.809375,-0.5122479690188751
0,29.411700000000003,3.8125,-0.5181672012508144
0,29.411700000000003,3.8156250000000003,-0.5242389454445938
0,29.411700000000003,3.81875,-0.5304671249859784
0,29.411700000000003,3.8218750000000004,-0.5368557819619206
0,29.411700000000003,3.825,-0.5434090803938658
0,29.411700000000003,3.828125,-0.55013130949604
0,29.411700000000003,3.8312500000000003,-0.5570268869503918
0,29.411700000000003,3.834375,-0.5641003621886599
0,29.411700000000003,3.8375000000000004,-0.5713564196706811
0,29.411700000000003,3.840625,-0.5787998821465078
0,29.411700000000003,3.84375,-0.5864357138882966
0,29.411700000000003,3.8468750000000003,-0.5942690238760295
0,29.411700000000003,3.85,-0.6023050689191364
0,29.411700000000003,3.8531250000000004,-0.6105492566938489
0,29.411700000000003,3.85625,-0.6190071486736147
0,29.411700000000003,3.859375,-0.6276844629272482
0,29.411700000000003,3.8625000000000003,-0.6365870767564584
0,29.411700000000003,3.865625,-0.6457210291411642
0,29.411700000000003,3.8687500000000004,-0.6550925229574269
0,29.411700000000003,3.871875,-0.6647079269288657
0,29.411700000000003,3.875,-0.6745737772682027
0,29.411700000000003,3.8781250000000003,-0.6846967789608285
0,29.411700000000003,3.88125,-0.695083806637218
0,29.411700000000003,3.8843750000000004,-0.7057419049754616
0,29.411700000000003,3.8875,-0.7166782885690814
0,29.411700000000003,3.890625,-0.7279003411888009
0,29.411700000000003,3.8937500000000003,-0.7394156143597449
0,29.411700000000003,3.896875,-0.7512318251678832
0,29.411700000000003,3.9000000000000004,-0.7633568532012125
0,29.411700000000003,3.903125,-0.775798736522146
0,29.411700000000003,3.90625,-0.7885656665580245
0,29.411700000000003,3.9093750000000003,-0.8016659817862283
0,29.411700000000003,3.9125,-0.8151081600793681
0,29.411700000000003,3.9156250000000004,-0.8289008095642345
0,29.411700000000003,3.91875,-0.8430526578355918
0,29.411700000000003,3.921875,-0.857572539352729
0,29.411700000000003,3.9250000000000003,-0.872469380832593
0,29.411700000000003,3.928125,-0.8877521844387106
0,29.411700000000003,3.9312500000000004,-0.9034300085498028
0,29.411700000000003,3.934375,-0.9195119458760398
0,29.411700000000003,3.9375,-0.9360070986746564
0,29.411700000000003,3.9406250000000003,-0.9529245507998669
0,29.411700000000003,3.94375,-0.970273336305246
0,29.411700000000003,3.9468750000000004,-0.9880624042999726
0,29.411700000000003,3.95,-1.0063005797437805
0,29.411700000000003,3.953125,-1.0249965198497701
0,29.411700000000003,3.9562500000000003,-1.044158665749305
0,29.411700000000003,3.959375,-1.0637951890600212
0,29.411700000000003,3.9625000000000004,-1.0839139329867356
0,29.411700000000003,3.965625,-1.1045223475764199
0,29.411700000000003,3.96875,-1.1256274187434794
0,29.411700000000003,3.9718750000000003,-1.1472355906806937
0,29.411700000000003,3.975,-1.1693526812758575
0,29.411700000000003,3.9781250000000004,-1.1919837901652253
0,29.411700000000003,3.98125,-1.215133199073554
0,29.411700000000003,3.984375,-1.2388042641186365
0,29.411700000000003,3.9875000000000003,-1.2629992997967365
0,29.411700000000003,3.990625,-1.2877194544164996
0,29.411700000000003,3.9937500000000004,-1.3129645768142866
0,29.411700000000003,3.996875,-1.3387330742652659
0,29.411700000000003,4.0,-1.3650217616045752
0,29.411700000000003,4.003125000000001,-1.391825701692726
0,29.411700000000003,4.00625,-1.4191380375019271
0,29.411700000000003,4.009375,-1.446949816266902
0,29.411700000000003,4.0125,-1.475249806336186
0,29.411700000000003,4.015625,-1.5040243075811193
0,29.411700000000003,4.018750000000001,-1.533256956468339
0,29.411700000000003,4.021875,-1.5629285271805529
0,29.411700000000003,4.025,-1.5930167304780227
0,29.411700000000003,4.028125,-1.623496012328208
0,29.411700000000003,4.03125,-1.6543373546928157
0,29.411700000000003,4.034375000000001,-1.6855080812435224
0,29.411700000000003,4.0375,-1.7169716711772318
0,29.411700000000003,4.040625,-1.7486875847099426
0,29.411700000000003,4.04375,-1.7806111042356412
0,29.411700000000003,4.046875,-1.8126931955333203
0,29.411700000000003,4.050000000000001,-1.8448803937742626
0,29.411700000000003,4.053125,-1.8771147194096267
0,29.411700000000003,4.05625,-1.9093336292847125
0,29.411700000000003,4.059375,-1.9414700085101906
0,29.411700000000003,4.0625,-1.973452208701698
0,29.411700000000003,4.065625000000001,-2.005204138151158
0,29.411700000000003,4.06875,-2.036645409295612
0,29.411700000000003,4.071875,-2.0676915484779923
0,29.411700000000003,4.075,-2.0982542724290494
0,29.411700000000003,4.078125,-2.128241835126075
0,29.411700000000003,4.081250000000001,-2.157559447688477
0,29.411700000000003,4.084375,-2.1861097727519163
0,29.411700000000003,4.0875,-2.2137934933252263
0,29.411700000000003,4.090625,-2.2405099544934877
0,29.411700000000003,4.09375,-2.266157874515352
0,29.411700000000003,4.096875000000001,-2.2906361199103342
0,29.411700000000003,4.1,-2.3138445370968617
0,29.411700000000003,4.103125,-2.335684831086952
0,29.411700000000003,4.10625,-2.3560614797426696
0,29.411700000000003,4.109375,-2.374882670236056
0,29.411700000000003,4.112500000000001,-2.392061242712055
0,29.411700000000003,4.115625,-2.407515624821138
0,29.411700000000003,4.11875,-2.421170739844841
0,29.411700000000003,4.121875,-2.4329588706545326
0,29.411700000000003,4.125,-2.442820461778493
0,29.411700000000003,4.128125000000001,-2.4507048424395395
0,29.411700000000003,4.13125,-2.456570854579137
0,29.411700000000003,4.134375,-2.460387371589699
0,29.411700000000003,4.1375,-2.4621336956943307
0,29.411700000000003,4.140625,-2.4617998245758366
0,29.411700000000003,4.143750000000001,-2.4593865808732005
0,29.411700000000003,4.146875,-2.454905601424487
0,29.411700000000003,4.15,-2.4483791865160067
0,29.411700000000003,4.153125,-2.4398400127686104
0,29.411700000000003,4.15625,-2.429330716522936
0,29.411700000000003,4.159375000000001,-2.416903357554561
0,29.411700000000003,4.1625,-2.402618775549754
0,29.411700000000003,4.165625,-2.3865458539154085
0,29.411700000000003,4.16875,-2.36876070712036
0,29.411700000000003,4.171875,-2.349345808831964
0,29.411700000000003,4.175000000000001,-2.3283890786137094
0,29.411700000000003,4.178125,-2.3059829449017717
0,29.411700000000003,4.18125,-2.282223401421217
0,29.411700000000003,4.184375,-2.257209073194897
0,29.411700000000003,4.1875,-2.2310403069117255
0,29.411700000000003,4.190625000000001,-2.203818298740374
0,29.411700000000003,4.19375,-2.175644270783649
0,29.411700000000003,4.196875,-2.1466187053549484
0,29.411700000000003,4.2,-2.116840644202135
0,29.411700000000003,4.203125,-2.08640705777706
0,29.411700000000003,4.206250000000001,-2.055412287715647
0,29.411700000000003,4.209375,-2.0239475639016646
0,29.411700000000003,4.2125,-1.9921005958764113
0,29.411700000000003,4.215625,-1.9599552369522666
0,29.411700000000003,4.21875,-1.9275912182025936
0,29.411700000000003,4.221875000000001,-1.89508394854064
0,29.411700000000003,4.225,-1.8625043763581302
0,29.411700000000003,4.228125,-1.8299189076602669
0,29.411700000000003,4.23125,-1.797389375290894
0,29.411700000000003,4.234375,-1.7649730536672186
0,29.411700000000003,4.237500000000001,-1.7327227134181522
0,29.411700000000003,4.240625,-1.7006867104175052
0,29.411700000000003,4.24375,-1.6689091039016644
0,29.411700000000003,4.246875,-1.6374297986388167
0,29.411700000000003,4.25,-1.6062847064510497
0,29.411700000000003,4.253125000000001,-1.5755059227662949
0,29.411700000000003,4.25625,-1.5451219142751278
0,29.411700000000003,4.259375,-1.5151577141760615
0,29.411700000000003,4.2625,-1.485635121900785
0,29.411700000000003,4.265625,-1.4565729046070899
0,29.411700000000003,4.268750000000001,-1.4279869981077749
0,29.411700000000003,4.271875,-1.3998907052606522
0,29.411700000000003,4.275,-1.3722948901761727
0,29.411700000000003,4.278125,-1.3452081669028286
0,29.411700000000003,4.28125,-1.318637081523874
0,29.411700000000003,4.284375000000001,-1.2925862868444316
0,29.411700000000003,4.2875,-1.2670587090638494
0,29.411700000000003,4.290625,-1.2420557060169506
0,29.411700000000003,4.29375,-1.2175772167311212
0,29.411700000000003,4.296875,-1.193621902184405
0,29.411700000000003,4.300000000000001,-1.1701872772672337
0,29.411700000000003,4.303125,-1.1472698340468708
0,29.411700000000003,4.30625,-1.1248651565126047
0,29.411700000000003,4.309375,-1.1029680270430948
0,29.411700000000003,4.3125,-1.081572524885778
0,29.411700000000003,4.315625000000001,-1.0606721169757418
0,29.411700000000003,4.31875,-1.0402597414475472
0,29.411700000000003,4.321875,-1.0203278842110401
0,29.411700000000003,4.325,-1.0008686489724896
0,29.411700000000003,4.328125,-0.9818738210855746
0,29.411700000000003,4.331250000000001,-0.9633349256158042
0,29.411700000000003,4.334375,-0.9452432799959849
0,29.411700000000003,4.3375,-0.9275900416413689
0,29.411700000000003,4.340625,-0.910366250881811
0,29.411700000000003,4.34375,-0.8935628695542485
0,29.411700000000003,4.346875000000001,-0.8771708155843024
0,29.411700000000003,4.35,-0.8611809938695651
0,29.411700000000003,4.353125,-0.8455843237606345
0,29.411700000000003,4.35625,-0.8303717634193799
0,29.411700000000003,4.359375,-0.8155343313167117
0,29.411700000000003,4.362500000000001,-0.801063125115894
0,29.411700000000003,4.365625,-0.7869493381709094
0,29.411700000000003,4.36875,-0.7731842738536151
0,29.411700000000003,4.371875,-0.7597593579084106
0,29.411700000000003,4.375,-0.7466661490182241
0,29.411700000000003,4.378125000000001,-0.7338963477520846
0,29.411700000000003,4.38125,-0.7214418040511862
0,29.411700000000003,4.384375,-0.7092945233979312
0,29.411700000000003,4.3875,-0.6974466718009525
0,29.411700000000003,4.390625,-0.6858905797178538
0,29.411700000000003,4.393750000000001,-0.6746187450274832
0,29.411700000000003,4.396875,-0.6636238351538307
0,29.411700000000003,4.4,-0.6528986884347736
0,29.411700000000003,4.403125,-0.6424363148208528
0,29.411700000000003,4.40625,-0.6322298959813577
0,29.411700000000003,4.409375000000001,-0.6222727848882454
0,29.411700000000003,4.4125,-0.6125585049417728
0,29.411700000000003,4.415625,-0.6030807486957338
0,29.411700000000003,4.41875,-0.5938333762348819
0,29.411700000000003,4.421875,-0.5848104132518108
0,29.411700000000003,4.425000000000001,-0.5760060488662041
0,29.411700000000003,4.428125,-0.5674146332249833
0,29.411700000000003,4.43125,-0.5590306749180242
0,29.411700000000003,4.434375,-0.5508488382407215
0,29.411700000000003,4.4375,-0.5428639403312351
0,29.411700000000003,4.440625000000001,-0.5350709482075434
0,29.411700000000003,4.44375,-0.5274649757266259
0,29.411700000000003,4.446875,-0.5200412804856765
0,29.411700000000003,4.45,-0.5127952606831655
0,29.411700000000003,4.453125,-0.5057224519553796
0,29.411700000000003,4.456250000000001,-0.498818524202444
0,29.411700000000003,4.459375,-0.49207927841608967
0,29.411700000000003,4.4625,-0.48550064351993455
0,29.411700000000003,4.465625,-0.4790786732318323
0,29.411700000000003,4.46875,-0.4728095429564535
0,29.411700000000003,4.471875000000001,-0.46668954671535207
0,29.411700000000003,4.475,-0.4607150941206902
0,29.411700000000003,4.478125,-0.45488270739791686
0,29.411700000000003,4.48125,-0.44918901846200016
0,29.411700000000003,4.484375,-0.44363076605096236
0,29.411700000000003,4.487500000000001,-0.4382047929199731
0,29.411700000000003,4.490625,-0.43290804309861286
0,29.411700000000003,4.49375,-0.4277375592134089
0,29.411700000000003,4.496875,-0.4226904798773872
0,29.411700000000003,4.5,-0.4177640371478475
0,29.411700000000003,4.503125000000001,-0.41295555405335055
0,29.411700000000003,4.50625,-0.4082624421905143
0,29.411700000000003,4.509375,-0.40368219939094235
0,29.411700000000003,4.5125,-0.3992124074584398
0,29.411700000000003,4.515625,-0.394850729976338
0,29.411700000000003,4.518750000000001,-0.39059491018468706
0,29.411700000000003,4.521875,-0.3864427689268336
0,29.411700000000003,4.525,-0.38239220266477014
0,29.411700000000003,4.528125,-0.3784411815625806
0,29.411700000000003,4.53125,-0.3745877476370979
0,29.411700000000003,4.534375000000001,-0.3708300129749028
0,29.411700000000003,4.5375,-0.36716615801465347
0,29.411700000000003,4.540625,-0.3635944298936686
0,29.411700000000003,4.54375,-0.360113140857691
0,29.411700000000003,4.546875,-0.3567206667326156
0,29.411700000000003,4.550000000000001,-0.3534154454570152
0,29.411700000000003,4.553125,-0.3501959756742105
0,29.411700000000003,4.55625,-0.3470608153825981
0,29.411700000000003,4.559375,-0.3440085806429739
0,29.411700000000003,4.5625,-0.3410379443414861
0,29.411700000000003,4.565625000000001,-0.33814763500690465
0,29.411700000000003,4.56875,-0.3353364356808274
0,29.411700000000003,4.571875,-0.3326031828394172
0,29.411700000000003,4.575,-0.32994676536528944
0,29.411700000000003,4.578125,-0.3273661235680644
0,29.411700000000003,4.581250000000001,-0.32486024825214777
0,29.411700000000003,4.584375,-0.3224281798302214
0,29.411700000000003,4.5875,-0.320069007480889
0,29.411700000000003,4.590625,-0.3177818683489212
0,29.411700000000003,4.59375,-0.31556594678642313
0,29.411700000000003,4.596875000000001,-0.3134204736332579
0,29.411700000000003,4.6,-0.31134472553494885
0,29.411700000000003,4.603125,-0.30933802429621177
0,29.411700000000003,4.60625,-0.3073997362682069
0,29.411700000000003,4.609375,-0.3055292717674525
0,29.411700000000003,4.612500000000001,-0.303726084524273
0,29.411700000000003,4.615625,-0.30198967115849834
0,29.411700000000003,4.61875,-0.30031957067998144
0,29.411700000000003,4.621875,-0.2987153640113677
0,29.411700000000003,4.625,-0.29717667353031607
0,29.411700000000003,4.628125000000001,-0.295703162628214
0,29.411700000000003,4.63125,-0.294294535282169
0,29.411700000000003,4.634375,-0.29295053563680434
0,29.411700000000003,4.6375,-0.29167094759212936
0,29.411700000000003,4.640625,-0.2904555943934003
0,29.411700000000003,4.643750000000001,-0.28930433821858165
0,29.411700000000003,4.646875,-0.2882170797586106
0,29.411700000000003,4.65,-0.2871937577852553
0,29.411700000000003,4.653125,-0.28623434870091097
0,29.411700000000003,4.65625,-0.2853388660641502
0,29.411700000000003,4.659375000000001,-0.284507360084322
0,29.411700000000003,4.6625,-0.2837399170778794
0,29.411700000000003,4.665625,-0.2830366588784688
0,29.411700000000003,4.66875,-0.2823977421921194
0,29.411700000000003,4.671875,-0.2818233578880914
0,29.411700000000003,4.675000000000001,-0.28131373021513706
0,29.411700000000003,4.678125,-0.2808691159320319
0,29.411700000000003,4.68125,-0.2804898033402843
0,29.411700000000003,4.684375,-0.280176111205925
0,29.411700000000003,4.6875,-0.2799283875561789
0,29.411700000000003,4.690625000000001,-0.2797470083356872
0,29.411700000000003,4.69375,-0.27963237590572043
0,29.411700000000003,4.696875,-0.27958491736854546
0,29.411700000000003,4.7,-0.27960508269777284
0,29.411700000000003,4.703125,-0.2796933426541089
0,29.411700000000003,4.706250000000001,-0.2798501864645016
0,29.411700000000003,4.709375,-0.28007611924118725
0,29.411700000000003,4.7125,-0.2803716591156502
0,29.411700000000003,4.715625,-0.2807373340609979
0,29.411700000000003,4.71875,-0.2811736783747748
0,29.411700000000003,4.721875000000001,-0.281681228792789
0,29.411700000000003,4.725,-0.2822605202031644
0,29.411700000000003,4.728125,-0.28291208092858355
0,29.411700000000003,4.73125,-0.2836364275435917
0,29.411700000000003,4.734375,-0.2844340591929761
0,29.411700000000003,4.737500000000001,-0.2853054513766355
0,29.411700000000003,4.740625,-0.28625104916612526
0,29.411700000000003,4.74375,-0.2872712598182829
0,29.411700000000003,4.746875,-0.2883664447520611
0,29.411700000000003,4.75,-0.28953691085611827
0,29.411700000000003,4.753125000000001,-0.29078290109684957
0,29.411700000000003,4.75625,-0.29210458439962383
0,29.411700000000003,4.759375,-0.2935020447801103
0,29.411700000000003,4.7625,-0.29497526970788857
0,29.411700000000003,4.765625,-0.29652413769128144
0,29.411700000000003,4.768750000000001,-0.29814840508059404
0,29.411700000000003,4.771875,-0.2998476920969832
0,29.411700000000003,4.775,-0.30162146810614715
0,29.411700000000003,4.778125,-0.30346903617006404
0,29.411700000000003,4.78125,-0.3053895169264134
0,29.411700000000003,4.784375000000001,-0.307381831864056
0,29.411700000000003,4.7875,-0.309444686084308
0,29.411700000000003,4.790625,-0.31157655066170187
0,29.411700000000003,4.79375,-0.3137756447444624
0,29.411700000000003,4.796875,-0.3160399175641152
0,29.411700000000003,4.800000000000001,-0.31836703055510307
0,29.411700000000003,4.803125,-0.3207543398189342
0,29.411700000000003,4.80625,-0.32319887920267765
0,29.411700000000003,4.809375,-0.32569734429795993
0,29.411700000000003,4.8125,-0.3282460777033705
0,29.411700000000003,4.815625000000001,-0.3308410559291635
0,29.411700000000003,4.81875,-0.33347787835740017
0,29.411700000000003,4.821875,-0.33615175870167247
0,29.411700000000003,4.825,-0.338857519436677
0,29.411700000000003,4.828125,-0.34158958968752895
0,29.411700000000003,4.831250000000001,-0.3443420070796029
0,29.411700000000003,4.834375,-0.34710842405004483
0,29.411700000000003,4.8375,-0.34988211910964645
0,29.411700000000003,4.840625,-0.3526560135164374
0,29.411700000000003,4.84375,-0.3554226937783897
0,29.411700000000003,4.846875000000001,-0.3581744403401524
0,29.411700000000003,4.85,-0.3609032627268208
0,29.411700000000003,4.853125,-0.36360094131562154
0,29.411700000000003,4.85625,-0.36625907578421485
0,29.411700000000003,4.859375,-0.3688691401432451
0,29.411700000000003,4.862500000000001,-0.3714225441026014
0,29.411700000000003,4.865625,-0.3739107003489538
0,29.411700000000003,4.86875,-0.3763250971305993
0,29.411700000000003,4.871875,-0.3786573753598451
0,29.411700000000003,4.875,-0.3808994092595272
0,29.411700000000003,4.878125000000001,-0.3830433894057125
0,29.411700000000003,4.88125,-0.38508190686100957
0,29.411700000000003,4.884375,-0.3870080369598814
0,29.411700000000003,4.8875,-0.38881542120644713
0,29.411700000000003,4.890625,-0.3904983456834279
0,29.411700000000003,4.893750000000001,-0.39205181435359
0,29.411700000000003,4.896875,-0.39347161566647476
0,29.411700000000003,4.9,-0.39475438096529736
0,29.411700000000003,4.903125,-0.395897633321405
0,29.411700000000003,4.90625,-0.3968998256040266
0,29.411700000000003,4.909375000000001,-0.397760366815991
0,29.411700000000003,4.9125,-0.3984796359844453
0,29.411700000000003,4.915625,-0.3990589831800374
0,29.411700000000003,4.91875,-0.39950071753786187
0,29.411700000000003,4.921875,-0.3998080824572085
0,29.411700000000003,4.925000000000001,-0.39998521845296015
0,29.411700000000003,4.928125,-0.40003711440814016
0,29.411700000000003,4.93125,-0.399969548224338
0,29.411700000000003,4.934375,-0.39978901807599676
0,29.411700000000003,4.9375,-0.39950266563929443
0,29.411700000000003,4.940625000000001,-0.39911819278241956
0,29.411700000000003,4.94375,-0.3986437732696973
0,29.411700000000003,4.946875,-0.3980879610479337
0,29.411700000000003,4.95,-0.39745959665240277
0,29.411700000000003,4.953125,-0.3967677131968442
0,29.411700000000003,4.956250000000001,-0.39602144330295413
0,29.411700000000003,4.959375,-0.3952299281873794
0,29.411700000000003,4.9625,-0.3944022299660262
0,29.411700000000003,4.965625,-0.393547248064534
0,29.411700000000003,4.96875,-0.39267364044766634
0,29.411700000000003,4.971875000000001,-0.3917897502062541
0,29.411700000000003,4.975,-0.39090353787431276
0,29.411700000000003,4.978125,-0.39002251969623597
0,29.411700000000003,4.98125,-0.3891537119285702
0,29.411700000000003,4.984375,-0.3883035811456323
0,29.411700000000003,4.987500000000001,-0.3874780004250162
0,29.411700000000003,4.990625,-0.3866822112185204
0,29.411700000000003,4.99375,-0.38592079066615415
0,29.411700000000003,4.996875,-0.3851976240847333
0,29.411700000000003,5.0,-0.38451588235660106
0,29.411700000000003,5.003125,-0.38387800395624966
0,29.411700000000003,5.0062500000000005,-0.38328568138059554
0,29.411700000000003,5.009375,-0.38273985178976155
0,29.411700000000003,5.0125,-0.3822406917165189
0,29.411700000000003,5.015625,-0.3817876157610762
0,29.411700000000003,5.01875,-0.3813792792505584
0,29.411700000000003,5.0218750000000005,-0.38101358490619663
0,29.411700000000003,5.025,-0.38068769362280697
0,29.411700000000003,5.028125,-0.3803980395214628
0,29.411700000000003,5.03125,-0.38014034948430514
0,29.411700000000003,5.034375,-0.37990966741722093
0,29.411700000000003,5.0375000000000005,-0.3797003835088404
0,29.411700000000003,5.040625,-0.3795062687603649
0,29.411700000000003,5.04375,-0.37932051504785713
0,29.411700000000003,5.046875,-0.3791357809449492
0,29.411700000000003,5.05,-0.37894424347812494
0,29.411700000000003,5.0531250000000005,-0.3787376559081827
0,29.411700000000003,5.05625,-0.37850741153034434
0,29.411700000000003,5.059375,-0.3782446133628742
0,29.411700000000003,5.0625,-0.37794014945216264
0,29.411700000000003,5.065625,-0.3775847733643007
0,29.411700000000003,5.0687500000000005,-0.3771691892636583
0,29.411700000000003,5.071875,-0.3766841408033981
0,29.411700000000003,5.075,-0.3761205028777371
0,29.411700000000003,5.078125,-0.37546937511840645
0,29.411700000000003,5.08125,-0.3747221758659683
0,29.411700000000003,5.0843750000000005,-0.37387073521838765
0,29.411700000000003,5.0875,-0.3729073856622305
0,29.411700000000003,5.090625,-0.3718250487330154
0,29.411700000000003,5.09375,-0.3706173161363936
0,29.411700000000003,5.096875,-0.36927852379506976
0,29.411700000000003,5.1000000000000005,-0.36780381736987516
0,29.411700000000003,5.103125,-0.3661892079369786
0,29.411700000000003,5.10625,-0.3644316166842702
0,29.411700000000003,5.109375,-0.3625289077134828
0,29.411700000000003,5.1125,-0.36047990829329
0,29.411700000000003,5.1156250000000005,-0.3582844161932706
0,29.411700000000003,5.11875,-0.3559431940285759
0,29.411700000000003,5.121875,-0.3534579508488155
0,29.411700000000003,5.125,-0.35083131150039815
0,29.411700000000003,5.128125,-0.3480667745679183
0,29.411700000000003,5.1312500000000005,-0.34516865994701335
0,29.411700000000003,5.134375,-0.34214204730976083
0,29.411700000000003,5.1375,-0.3389927068875679
0,29.411700000000003,5.140625,-0.3357270241114423
0,29.411700000000003,5.14375,-0.33235191971361366
0,29.411700000000003,5.1468750000000005,-0.32887476690837975
0,29.411700000000003,5.15,-0.32530330723649475
0,29.411700000000003,5.153125,-0.32164556658103627
0,29.411700000000003,5.15625,-0.3179097727496676
0,29.411700000000003,5.159375,-0.31410427587557366
0,29.411700000000003,5.1625000000000005,-0.31023747272487157
0,29.411700000000003,5.165625,-0.3063177358197119
0,29.411700000000003,5.16875,-0.3023533481010589
0,29.411700000000003,5.171875,-0.2983524436702266
0,29.411700000000003,5.175,-0.29432295496950867
0,29.411700000000003,5.1781250000000005,-0.29027256659477585
0,29.411700000000003,5.18125,-0.28620867578050324
0,29.411700000000003,5.184375,-0.2821383594630497
0,29.411700000000003,5.1875,-0.27806834771291
0,29.411700000000003,5.190625,-0.2740050032316384
0,29.411700000000003,5.1937500000000005,-0.2699543065342077
0,29.411700000000003,5.196875,-0.2659218463818069
0,29.411700000000003,5.2,-0.2619128149921336
0,29.411700000000003,5.203125,-0.25793200753244877
0,29.411700000000003,5.20625,-0.2539838253929127
0,29.411700000000003,5.2093750000000005,-0.2500722827420549
0,29.411700000000003,5.2125,-0.24620101588045923
0,29.411700000000003,5.215625,-0.2423732949308189
0,29.411700000000003,5.21875,-0.23859203743062662
0,29.411700000000003,5.221875,-0.23485982342602424
0,29.411700000000003,5.2250000000000005,-0.23117891170036592
0,29.411700000000003,5.228125,-0.2275512568074398
0,29.411700000000003,5.23125,-0.223978526615949
0,29.411700000000003,5.234375,-0.22046212010795666
0,29.411700000000003,5.2375,-0.21700318520871317
0,29.411700000000003,5.2406250000000005,-0.21360263645821861
0,29.411700000000003,5.24375,-0.21026117236556544
0,29.411700000000003,5.246875,-0.20697929231532441
0,29.411700000000003,5.25,-0.2037573129209189
0,29.411700000000003,5.253125,-0.20059538374291502
0,29.411700000000003,5.2562500000000005,-0.19749350231059498
0,29.411700000000003,5.259375,-0.19445152840308966
0,29.411700000000003,5.2625,-0.19146919756185515
0,29.411700000000003,5.265625,-0.18854613381960805
0,29.411700000000003,5.26875,-0.18568186164205303
0,29.411700000000003,5.2718750000000005,-0.18287581708813103
0,29.411700000000003,5.275,-0.18012735820221493
0,29.411700000000003,5.278125,-0.17743577465785929
0,29.411700000000003,5.28125,-0.1748002966776172
0,29.411700000000003,5.284375,-0.17222010325712758
0,29.411700000000003,5.2875000000000005,-0.16969432972441686
0,29.411700000000003,5.290625,-0.16722207466722436
0,29.411700000000003,5.29375,-0.1648024062622905
0,29.411700000000003,5.296875,-0.16243436804110548
0,29.411700000000003,5.3,-0.16011698412662861
0,29.411700000000003,5.3031250000000005,-0.15784926397512183
0,29.411700000000003,5.30625,-0.1556302066565413
0,29.411700000000003,5.309375,-0.15345880470595075
0,29.411700000000003,5.3125,-0.15133404757728755
0,29.411700000000003,5.315625,-0.1492549247294788
0,29.411700000000003,5.3187500000000005,-0.14722042837351648
0,29.411700000000003,5.321875,-0.1452295559076217
0,29.411700000000003,5.325,-0.14328131206611344
0,29.411700000000003,5.328125,-0.14137471080609923
0,29.411700000000003,5.33125,-0.13950877695457864
0,29.411700000000003,5.3343750000000005,-0.1376825476370836
0,29.411700000000003,5.3375,-0.13589507350753924
0,29.411700000000003,5.340625,-0.13414541979762779
0,29.411700000000003,5.34375,-0.13243266720262198
0,29.411700000000003,5.346875,-0.13075591261936328
0,29.411700000000003,5.3500000000000005,-0.12911426975086177
0,29.411700000000003,5.353125,-0.12750686959085078
0,29.411700000000003,5.35625,-0.12593286080054472
0,29.411700000000003,5.359375,-0.12439140998885599
0,29.411700000000003,5.3625,-0.1228817019063632
0,29.411700000000003,5.3656250000000005,-0.12140293956245549
0,29.411700000000003,5.36875,-0.1199543442742535
0,29.411700000000003,5.371875,-0.11853515565514199
0,29.411700000000003,5.375,-0.11714463155005664
0,29.411700000000003,5.378125,-0.11578204792400298
0,29.411700000000003,5.3812500000000005,-0.11444669870969304
0,29.411700000000003,5.384375,-0.11313789561963036
0,29.411700000000003,5.3875,-0.1118549679274596
0,29.411700000000003,5.390625,-0.11059726222294153
0,29.411700000000003,5.39375,-0.10936414214447295
0,29.411700000000003,5.3968750000000005,-0.10815498809268802
0,29.411700000000003,5.4,-0.10696919692831627
0,29.411700000000003,5.403125,-0.10580618165714097
0,29.411700000000003,5.40625,-0.1046653711046135
0,29.411700000000003,5.409375,-0.10354620958239542
0,29.411700000000003,5.4125000000000005,-0.10244815654886044
0,29.411700000000003,5.415625,-0.101370686265362
0,29.411700000000003,5.41875,-0.10031328744986329
0,29.411700000000003,5.421875,-0.09927546292935056
0,29.411700000000003,5.425,-0.09825672929227386
0,29.411700000000003,5.4281250000000005,-0.0972566165421124
0,29.411700000000003,5.43125,-0.09627466775302504
0,29.411700000000003,5.434375,-0.09531043872841713
0,29.411700000000003,5.4375,-0.09436349766315305
0,29.411700000000003,5.440625,-0.09343342481003314
0,29.411700000000003,5.4437500000000005,-0.09251981215106989
0,29.411700000000003,5.446875,-0.09162226307401618
0,29.411700000000003,5.45,-0.09074039205452057
0,29.411700000000003,5.453125,-0.0898738243442295
0,29.411700000000003,5.45625,-0.08902219566508751
0,29.411700000000003,5.4593750000000005,-0.08818515191004135
0,29.411700000000003,5.4625,-0.08736234885030641
0,29.411700000000003,5.465625,-0.08655345184930888
0,29.411700000000003,5.46875,-0.08575813558338843
0,29.411700000000003,5.471875,-0.08497608376930607
0,29.411700000000003,5.4750000000000005,-0.08420698889857804
0,29.411700000000003,5.478125,-0.0834505519786317
0,29.411700000000003,5.48125,-0.08270648228075303
0,29.411700000000003,5.484375,-0.0819744970947843
0,29.411700000000003,5.4875,-0.08125432149050583
0,29.411700000000003,5.4906250000000005,-0.08054568808562651
0,29.411700000000003,5.49375,-0.07984833682029449
0,29.411700000000003,5.496875,-0.0791620147380266
0,29.411700000000003,5.5,-0.07848647577295124
0,29.411700000000003,5.503125,-0.07782148054324711
0,29.411700000000003,5.5062500000000005,-0.07716679615065697
0,29.411700000000003,5.509375,-0.076522195985951
0,29.411700000000003,5.5125,-0.07588745954020697
0,29.411700000000003,5.515625,-0.0752623722217777
0,29.411700000000003,5.51875,-0.07464672517880822
0,29.411700000000003,5.5218750000000005,-0.07404031512716658
0,29.411700000000003,5.525,-0.07344294418365263
0,29.411700000000003,5.528125,-0.07285441970434398
0,29.411700000000003,5.53125,-0.0722745541279461
0,29.411700000000003,5.534375,-0.07170316482400743
0,29.411700000000003,5.5375000000000005,-0.07114007394586495
0,29.411700000000003,5.540625,-0.07058510828818743
0,29.411700000000003,5.54375,-0.07003809914898164
0,29.411700000000003,5.546875,-0.0694988821959348
0,29.411700000000003,5.55,-0.06896729733696232
0,29.411700000000003,5.5531250000000005,-0.06844318859483642
0,29.411700000000003,5.55625,-0.06792640398577275
0,29.411700000000003,5.559375,-0.06741679540185194
0,29.411700000000003,5.5625,-0.06691421849716124
0,29.411700000000003,5.565625,-0.06641853257753827
0,29.411700000000003,5.5687500000000005,-0.06592960049380503
0,29.411700000000003,5.571875,-0.06544728853838305
0,29.411700000000003,5.575,-0.06497146634518065
0,29.411700000000003,5.578125,-0.06450200679265035
0,29.411700000000003,5.58125,-0.06403878590991349
0,29.411700000000003,5.5843750000000005,-0.0635816827858538
0,29.411700000000003,5.5875,-0.06313057948108469
0,29.411700000000003,5.590625,-0.06268536094269554
0,29.411700000000003,5.59375,-0.06224591492168864
0,29.411700000000003,5.596875,-0.061812131893017944
0,29.411700000000003,5.6000000000000005,-0.061383904978144437
0,29.411700000000003,5.603125,-0.06096112987002688
0,29.411700000000003,5.60625,-0.060543704760465916
0,29.411700000000003,5.609375,-0.06013153026972671
0,29.411700000000003,5.6125,-0.05972450937836311
0,29.411700000000003,5.6156250000000005,-0.05932254736117165
0,29.411700000000003,5.61875,-0.05892555172320564
0,29.411700000000003,5.621875,-0.058533432137779326
0,29.411700000000003,5.625,-0.058146100386399106
0,29.411700000000003,5.628125,-0.057763470300556126
0,29.411700000000003,5.6312500000000005,-0.0573854577053195
0,29.411700000000003,5.634375,-0.05701198036467085
0,29.411700000000003,5.6375,-0.056642957928521684
0,29.411700000000003,5.640625,-0.05627831188135925
0,29.411700000000003,5.64375,-0.055917965492466394
0,29.411700000000003,5.6468750000000005,-0.05556184376766337
0,29.411700000000003,5.65,-0.05520987340252228
0,29.411700000000003,5.653125,-0.054861982737003975
0,29.411700000000003,5.65625,-0.054518101711472616
0,29.411700000000003,5.659375,-0.054178161824041095
0,29.411700000000003,5.6625000000000005,-0.05384209608920413
0,29.411700000000003,5.665625,-0.05350983899771723
0,29.411700000000003,5.66875,-0.053181326477679376
0,29.411700000000003,5.671875,-0.052856495856781725
0,29.411700000000003,5.675,-0.052535285825683134
0,29.411700000000003,5.6781250000000005,-0.05221763640247597
0,29.411700000000003,5.68125,-0.05190348889820724
0,29.411700000000003,5.684375,-0.05159278588341947
0,29.411700000000003,5.6875,-0.051285471155679954
0,29.411700000000003,5.690625,-0.050981489708064924
0,29.411700000000003,5.6937500000000005,-0.0506807876985685
0,29.411700000000003,5.696875,-0.05038331242040673
0,29.411700000000003,5.7,-0.05008901227318681
0,29.411700000000003,5.703125,-0.049797836734915245
0,29.411700000000003,5.70625,-0.04950973633481689
0,29.411700000000003,5.7093750000000005,-0.049224662626939364
0,29.411700000000003,5.7125,-0.04894256816451803
0,29.411700000000003,5.715625,-0.048663406475076235
0,29.411700000000003,5.71875,-0.048387132036239136
0,29.411700000000003,5.721875,-0.04811370025223693
0,29.411700000000003,5.7250000000000005,-0.047843067431076615
0,29.411700000000003,5.728125,-0.0475751907623611
0,29.411700000000003,5.73125,-0.04731002829573439
0,29.411700000000003,5.734375,-0.04704753891993471
0,29.411700000000003,5.7375,-0.046787682342435244
0,29.411700000000003,5.7406250000000005,-0.04653041906965474
0,29.411700000000003,5.74375,-0.04627571038772035
0,29.411700000000003,5.746875,-0.04602351834376463
0,29.411700000000003,5.75,-0.045773805727741555
0,29.411700000000003,5.753125,-0.04552653605474436
0,29.411700000000003,5.7562500000000005,-0.04528167354781016
0,29.411700000000003,5.759375,-0.045039183121196716
0,29.411700000000003,5.7625,-0.04479903036411582
0,29.411700000000003,5.765625,-0.044561181524910745
0,29.411700000000003,5.76875,-0.044325603495663175
0,29.411700000000003,5.7718750000000005,-0.044092263797216855
0,29.411700000000003,5.775,-0.043861130564605694
0,29.411700000000003,5.778125,-0.043632172532873194
0,29.411700000000003,5.78125,-0.043405359023272486
0,29.411700000000003,5.784375,-0.04318065992983483
0,29.411700000000003,5.7875000000000005,-0.042958045706295606
0,29.411700000000003,5.790625,-0.04273748735336762
0,29.411700000000003,5.79375,-0.04251895640635027
0,29.411700000000003,5.796875,-0.042302424923065976
0,29.411700000000003,5.800000000000001,-0.04208786547211313
0,29.411700000000003,5.8031250000000005,-0.04187525112142685
0,29.411700000000003,5.80625,-0.041664555427137664
0,29.411700000000003,5.809375,-0.041455752422720545
0,29.411700000000003,5.8125,-0.041248816608424714
0,29.411700000000003,5.815625000000001,-0.04104372294097657
0,29.411700000000003,5.8187500000000005,-0.0408404468235479
0,29.411700000000003,5.821875,-0.04063896409598084
0,29.411700000000003,5.825,-0.04043925102526346
0,29.411700000000003,5.828125,-0.04024128429624753
0,29.411700000000003,5.831250000000001,-0.04004504100260218
0,29.411700000000003,5.8343750000000005,-0.03985049863799675
0,29.411700000000003,5.8375,-0.039657635087505395
0,29.411700000000003,5.840625,-0.039466428619228416
0,29.411700000000003,5.84375,-0.0392768578761232
0,29.411700000000003,5.846875000000001,-0.03908890186803907
0,29.411700000000003,5.8500000000000005,-0.03890253996395068
0,29.411700000000003,5.853125,-0.038717751884383464
0,29.411700000000003,5.85625,-0.038534517694026826
0,29.411700000000003,5.859375,-0.038352817794529065
0,29.411700000000003,5.862500000000001,-0.038172632917469085
0,29.411700000000003,5.8656250000000005,-0.03799394411750052
0,29.411700000000003,5.86875,-0.037816732765662275
0,29.411700000000003,5.871875,-0.03764098054285246
0,29.411700000000003,5.875,-0.03746666943345985
0,29.411700000000003,5.878125000000001,-0.03729378171914928
0,29.411700000000003,5.8812500000000005,-0.037122299972796764
0,29.411700000000003,5.884375,-0.036952207052569505
0,29.411700000000003,5.8875,-0.03678348609614793
0,29.411700000000003,5.890625,-0.036616120515085136
0,29.411700000000003,5.893750000000001,-0.03645009398930012
0,29.411700000000003,5.8968750000000005,-0.036285390461701685
0,29.411700000000003,5.9,-0.03612199413293858
0,29.411700000000003,5.903125,-0.035959889456273465
0,29.411700000000003,5.90625,-0.03579906113257678
0,29.411700000000003,5.909375000000001,-0.03563949410543752
0,29.411700000000003,5.9125000000000005,-0.035481173556387885
0,29.411700000000003,5.915625,-0.035324084900238355
0,29.411700000000003,5.91875,-0.03516821378052103
0,29.411700000000003,5.921875,-0.03501354606503761
0,29.411700000000003,5.925000000000001,-0.034860067841509794
0,29.411700000000003,5.9281250000000005,-0.03470776541332931
0,29.411700000000003,5.93125,-0.034556625295404535
0,29.411700000000003,5.934375,-0.03440663421010192
0,29.411700000000003,5.9375,-0.034257779083279274
0,29.411700000000003,5.940625000000001,-0.034110047040408494
0,29.411700000000003,5.9437500000000005,-0.033963425402786025
0,29.411700000000003,5.946875,-0.03381790168382771
0,29.411700000000003,5.95,-0.03367346358544706
0,29.411700000000003,5.953125,-0.03353009899451407
0,29.411700000000003,5.956250000000001,-0.033387795979392614
0,29.411700000000003,5.9593750000000005,-0.03324654278655492
0,29.411700000000003,5.9625,-0.03310632783727017
0,29.411700000000003,5.965625,-0.03296713972436654
0,29.411700000000003,5.96875,-0.03282896720906399
0,29.411700000000003,5.971875000000001,-0.03269179921787631
0,29.411700000000003,5.9750000000000005,-0.032555624839580875
0,29.411700000000003,5.978125,-0.03242043332225388
0,29.411700000000003,5.98125,-0.03228621407037006
0,29.411700000000003,5.984375,-0.032152956641964894
0,29.411700000000003,5.987500000000001,-0.03202065074585787
0,29.411700000000003,5.9906250000000005,-0.03188928623893542
0,29.411700000000003,5.99375,-0.03175885312349164
0,29.411700000000003,5.996875,-0.031629341544625926
0,29.411700000000003,6.0,-0.03150074178769587
