"Current","Field","Frequency","Spectra"
0,10.194699999999997,1.0,-0.02900375009840518
0,10.194699999999997,1.003125,-0.02908563755788522
0,10.194699999999997,1.00625,-0.029167885829605923
0,10.194699999999997,1.009375,-0.029250497148356546
0,10.194699999999997,1.0125,-0.029333473767424418
0,10.194699999999997,1.015625,-0.029416817958792904
0,10.194699999999997,1.01875,-0.02950053201334227
0,10.194699999999997,1.021875,-0.029584618241053177
0,10.194699999999997,1.025,-0.029669078971212813
0,10.194699999999997,1.028125,-0.029753916552624052
0,10.194699999999997,1.03125,-0.02983913335381722
0,10.194699999999997,1.034375,-0.029924731763264933
0,10.194699999999997,1.0375,-0.030010714189599788
0,10.194699999999997,1.040625,-0.03009708306183498
0,10.194699999999997,1.04375,-0.030183840829588145
0,10.194699999999997,1.046875,-0.03027098996330807
0,10.194699999999997,1.05,-0.03035853295450471
0,10.194699999999997,1.053125,-0.030446472315982298
0,10.194699999999997,1.05625,-0.030534810582075737
0,10.194699999999997,1.059375,-0.03062355030889033
0,10.194699999999997,1.0625,-0.03071269407454475
0,10.194699999999997,1.065625,-0.03080224447941758
0,10.194699999999997,1.06875,-0.03089220414639722
0,10.194699999999997,1.071875,-0.0309825757211353
0,10.194699999999997,1.075,-0.03107336187230383
0,10.194699999999997,1.078125,-0.031164565291855805
0,10.194699999999997,1.08125,-0.03125618869528975
0,10.194699999999997,1.084375,-0.03134823482191782
0,10.194699999999997,1.0875,-0.031440706435137904
0,10.194699999999997,1.090625,-0.03153360632270964
0,10.194699999999997,1.09375,-0.03162693729703424
0,10.194699999999997,1.096875,-0.03172070219543862
0,10.194699999999997,1.1,-0.03181490388046349
0,10.194699999999997,1.103125,-0.031909545240155636
0,10.194699999999997,1.10625,-0.03200462918836456
0,10.194699999999997,1.109375,-0.03210015866504338
0,10.194699999999997,1.1125,-0.03219613663655425
0,10.194699999999997,1.115625,-0.032292566095978165
0,10.194699999999997,1.11875,-0.032389450063429436
0,10.194699999999997,1.121875,-0.032486791586374825
0,10.194699999999997,1.125,-0.03258459373995732
0,10.194699999999997,1.128125,-0.03268285962732496
0,10.194699999999997,1.13125,-0.03278159237996433
0,10.194699999999997,1.134375,-0.03288079515803925
0,10.194699999999997,1.1375,-0.032980471150734554
0,10.194699999999997,1.140625,-0.03308062357660487
0,10.194699999999997,1.14375,-0.03318125568392899
0,10.194699999999997,1.146875,-0.03328237075106944
0,10.194699999999997,1.15,-0.033383972086837486
0,10.194699999999997,1.153125,-0.03348606303086395
0,10.194699999999997,1.15625,-0.03358864695397547
0,10.194699999999997,1.159375,-0.03369172725857679
0,10.194699999999997,1.1625,-0.03379530737903877
0,10.194699999999997,1.165625,-0.03389939078209247
0,10.194699999999997,1.16875,-0.03400398096722948
0,10.194699999999997,1.171875,-0.03410908146710829
0,10.194699999999997,1.175,-0.03421469584796721
0,10.194699999999997,1.178125,-0.03432082771004369
0,10.194699999999997,1.18125,-0.0344274806880002
0,10.194699999999997,1.184375,-0.034534658451357024
0,10.194699999999997,1.1875,-0.03464236470493165
0,10.194699999999997,1.190625,-0.03475060318928541
0,10.194699999999997,1.19375,-0.034859377681177126
0,10.194699999999997,1.196875,-0.03496869199402399
0,10.194699999999997,1.2,-0.035078549978369976
0,10.194699999999997,1.203125,-0.03518895552236166
0,10.194699999999997,1.20625,-0.03529991255223189
0,10.194699999999997,1.209375,-0.035411425032791155
0,10.194699999999997,1.2125,-0.0355234969679271
0,10.194699999999997,1.215625,-0.03563613240111208
0,10.194699999999997,1.21875,-0.03574933541591913
0,10.194699999999997,1.221875,-0.035863110136546396
0,10.194699999999997,1.225,-0.03597746072835017
0,10.194699999999997,1.228125,-0.036092391398386825
0,10.194699999999997,1.23125,-0.036207906395963774
0,10.194699999999997,1.234375,-0.036324010013199515
0,10.194699999999997,1.2375,-0.036440706585593105
0,10.194699999999997,1.240625,-0.03655800049260328
0,10.194699999999997,1.24375,-0.036675896158237103
0,10.194699999999997,1.246875,-0.03679439805164888
0,10.194699999999997,1.25,-0.036913510687748924
0,10.194699999999997,1.253125,-0.03703323862782293
0,10.194699999999997,1.25625,-0.0371535864801617
0,10.194699999999997,1.259375,-0.03727455890070189
0,10.194699999999997,1.2625,-0.03739616059367762
0,10.194699999999997,1.265625,-0.037518396312283375
0,10.194699999999997,1.26875,-0.037641270859348396
0,10.194699999999997,1.271875,-0.03776478908802277
0,10.194699999999997,1.275,-0.03788895590247549
0,10.194699999999997,1.278125,-0.0380137762586048
0,10.194699999999997,1.28125,-0.03813925516476084
0,10.194699999999997,1.284375,-0.038265397682481224
0,10.194699999999997,1.2875,-0.038392208927239505
0,10.194699999999997,1.290625,-0.03851969406920694
0,10.194699999999997,1.29375,-0.038647858334027896
0,10.194699999999997,1.296875,-0.038776707003608975
0,10.194699999999997,1.3,-0.03890624541692242
0,10.194699999999997,1.303125,-0.03903647897082393
0,10.194699999999997,1.30625,-0.039167413120885224
0,10.194699999999997,1.309375,-0.03929905338224181
0,10.194699999999997,1.3125,-0.03943140533045596
0,10.194699999999997,1.315625,-0.03956447460239565
0,10.194699999999997,1.31875,-0.039698266897129554
0,10.194699999999997,1.321875,-0.03983278797683842
0,10.194699999999997,1.325,-0.039968043667743314
0,10.194699999999997,1.328125,-0.04010403986105109
0,10.194699999999997,1.33125,-0.04024078251391739
0,10.194699999999997,1.334375,-0.040378277650427605
0,10.194699999999997,1.3375,-0.04051653136259625
0,10.194699999999997,1.340625,-0.0406555498113851
0,10.194699999999997,1.34375,-0.04079533922774047
0,10.194699999999997,1.346875,-0.04093590591365023
0,10.194699999999997,1.35,-0.04107725624322081
0,10.194699999999997,1.353125,-0.041219396663774825
0,10.194699999999997,1.35625,-0.04136233369696965
0,10.194699999999997,1.359375,-0.041506073939937466
0,10.194699999999997,1.3625,-0.04165062406644735
0,10.194699999999997,1.365625,-0.041795990828089824
0,10.194699999999997,1.36875,-0.041942181055484355
0,10.194699999999997,1.371875,-0.0420892016595105
0,10.194699999999997,1.375,-0.04223705963256305
0,10.194699999999997,1.378125,-0.042385762049831834
0,10.194699999999997,1.38125,-0.04253531607060683
0,10.194699999999997,1.384375,-0.04268572893960898
0,10.194699999999997,1.3875,-0.04283700798834756
0,10.194699999999997,1.390625,-0.04298916063650445
0,10.194699999999997,1.39375,-0.04314219439334629
0,10.194699999999997,1.396875,-0.04329611685916483
0,10.194699999999997,1.4,-0.04345093572674643
0,10.194699999999997,1.403125,-0.043606658782871205
0,10.194699999999997,1.40625,-0.043763293909842724
0,10.194699999999997,1.409375,-0.043920849087048755
0,10.194699999999997,1.4125,-0.04407933239255413
0,10.194699999999997,1.415625,-0.04423875200472614
0,10.194699999999997,1.41875,-0.044399116203893654
0,10.194699999999997,1.421875,-0.04456043337404035
0,10.194699999999997,1.425,-0.0447227120045333
0,10.194699999999997,1.428125,-0.04488596069188758
0,10.194699999999997,1.43125,-0.04505018814156772
0,10.194699999999997,1.434375,-0.04521540316982722
0,10.194699999999997,1.4375,-0.04538161470558661
0,10.194699999999997,1.440625,-0.045548831792351516
0,10.194699999999997,1.44375,-0.04571706359017138
0,10.194699999999997,1.446875,-0.045886319377639984
0,10.194699999999997,1.45,-0.04605660855393896
0,10.194699999999997,1.453125,-0.046227940640925023
0,10.194699999999997,1.45625,-0.04640032528526248
0,10.194699999999997,1.459375,-0.046573772260601845
0,10.194699999999997,1.4625,-0.04674829146980585
0,10.194699999999997,1.465625,-0.046923892947224204
0,10.194699999999997,1.46875,-0.04710058686101799
0,10.194699999999997,1.471875,-0.0472783835155355
0,10.194699999999997,1.475,-0.04745729335374034
0,10.194699999999997,1.478125,-0.04763732695969353
0,10.194699999999997,1.48125,-0.0478184950610909
0,10.194699999999997,1.484375,-0.04800080853185708
0,10.194699999999997,1.4875,-0.04818427839479782
0,10.194699999999997,1.490625,-0.04836891582431211
0,10.194699999999997,1.49375,-0.04855473214916547
0,10.194699999999997,1.496875,-0.04874173885532653
0,10.194699999999997,1.5,-0.048929947588867886
0,10.194699999999997,1.503125,-0.049119370158933744
0,10.194699999999997,1.50625,-0.04931001854077546
0,10.194699999999997,1.509375,-0.049501904878857333
0,10.194699999999997,1.5125000000000002,-0.049695041490034196
0,10.194699999999997,1.515625,-0.049889440866802894
0,10.194699999999997,1.51875,-0.05008511568062983
0,10.194699999999997,1.521875,-0.050282078785356295
0,10.194699999999997,1.525,-0.050480343220684024
0,10.194699999999997,1.5281250000000002,-0.05067992221574322
0,10.194699999999997,1.53125,-0.050880829192744864
0,10.194699999999997,1.534375,-0.05108307777072053
0,10.194699999999997,1.5375,-0.05128668176935099
0,10.194699999999997,1.540625,-0.05149165521288727
0,10.194699999999997,1.5437500000000002,-0.05169801233416591
0,10.194699999999997,1.546875,-0.05190576757872133
0,10.194699999999997,1.55,-0.052114935608998436
0,10.194699999999997,1.553125,-0.052325531308667524
0,10.194699999999997,1.55625,-0.05253756978704517
0,10.194699999999997,1.5593750000000002,-0.05275106638362384
0,10.194699999999997,1.5625,-0.05296603667271289
0,10.194699999999997,1.565625,-0.05318249646819524
0,10.194699999999997,1.56875,-0.05340046182840186
0,10.194699999999997,1.571875,-0.0536199490611083
0,10.194699999999997,1.5750000000000002,-0.05384097472865661
0,10.194699999999997,1.578125,-0.05406355565320599
0,10.194699999999997,1.58125,-0.05428770892211664
0,10.194699999999997,1.584375,-0.054513451893469886
0,10.194699999999997,1.5875,-0.05474080220172929
0,10.194699999999997,1.5906250000000002,-0.05496977776354664
0,10.194699999999997,1.59375,-0.055200396783716965
0,10.194699999999997,1.596875,-0.0554326777612876
0,10.194699999999997,1.6,-0.055666639495825
0,10.194699999999997,1.603125,-0.055902301093845065
0,10.194699999999997,1.6062500000000002,-0.05613968197541122
0,10.194699999999997,1.609375,-0.05637880188090534
0,10.194699999999997,1.6125,-0.056619680877977425
0,10.194699999999997,1.615625,-0.05686233936867853
0,10.194699999999997,1.61875,-0.05710679809678336
0,10.194699999999997,1.6218750000000002,-0.05735307815530802
0,10.194699999999997,1.625,-0.05760120099422866
0,10.194699999999997,1.628125,-0.0578511884284081
0,10.194699999999997,1.63125,-0.05810306264573564
0,10.194699999999997,1.634375,-0.05835684621548797
0,10.194699999999997,1.6375000000000002,-0.0586125620969172
0,10.194699999999997,1.640625,-0.05887023364807341
0,10.194699999999997,1.64375,-0.0591298846348694
0,10.194699999999997,1.646875,-0.059391539240394774
0,10.194699999999997,1.65,-0.05965522207448765
0,10.194699999999997,1.6531250000000002,-0.05992095818357211
0,10.194699999999997,1.65625,-0.06018877306076968
0,10.194699999999997,1.659375,-0.06045869265629409
0,10.194699999999997,1.6625,-0.06073074338813777
0,10.194699999999997,1.665625,-0.06100495215306011
0,10.194699999999997,1.6687500000000002,-0.06128134633788702
0,10.194699999999997,1.671875,-0.0615599538311316
0,10.194699999999997,1.675,-0.06184080303494724
0,10.194699999999997,1.678125,-0.06212392287742288
0,10.194699999999997,1.68125,-0.06240934282523274
0,10.194699999999997,1.6843750000000002,-0.06269709289665167
0,10.194699999999997,1.6875,-0.06298720367494795
0,10.194699999999997,1.690625,-0.06327970632216712
0,10.194699999999997,1.69375,-0.06357463259331841
0,10.194699999999997,1.696875,-0.06387201485097854
0,10.194699999999997,1.7000000000000002,-0.06417188608032616
0,10.194699999999997,1.703125,-0.06447427990462143
0,10.194699999999997,1.70625,-0.0647792306011464
0,10.194699999999997,1.709375,-0.06508677311762096
0,10.194699999999997,1.7125,-0.06539694308911104
0,10.194699999999997,1.7156250000000002,-0.06570977685544598
0,10.194699999999997,1.71875,-0.06602531147916194
0,10.194699999999997,1.721875,-0.06634358476399009
0,10.194699999999997,1.725,-0.06666463527390788
0,10.194699999999997,1.728125,-0.0669885023527729
0,10.194699999999997,1.7312500000000002,-0.06731522614456002
0,10.194699999999997,1.734375,-0.06764484761422201
0,10.194699999999997,1.7375,-0.06797740856919636
0,10.194699999999997,1.740625,-0.06831295168158004
0,10.194699999999997,1.74375,-0.06865152051099631
0,10.194699999999997,1.7468750000000002,-0.06899315952817782
0,10.194699999999997,1.75,-0.06933791413929095
0,10.194699999999997,1.753125,-0.06968583071102877
0,10.194699999999997,1.75625,-0.07003695659649833
0,10.194699999999997,1.759375,-0.07039134016193244
0,10.194699999999997,1.7625000000000002,-0.07074903081425422
0,10.194699999999997,1.765625,-0.07111007902952535
0,10.194699999999997,1.76875,-0.07147453638231047
0,10.194699999999997,1.771875,-0.07184245557598998
0,10.194699999999997,1.775,-0.07221389047405623
0,10.194699999999997,1.7781250000000002,-0.07258889613242875
0,10.194699999999997,1.78125,-0.07296752883282527
0,10.194699999999997,1.784375,-0.0733498461172282
0,10.194699999999997,1.7875,-0.07373590682348521
0,10.194699999999997,1.790625,-0.07412577112208713
0,10.194699999999997,1.7937500000000002,-0.0745195005541658
0,10.194699999999997,1.796875,-0.07491715807075675
0,10.194699999999997,1.8,-0.07531880807337472
0,10.194699999999997,1.803125,-0.07572451645594949
0,10.194699999999997,1.80625,-0.07613435064817359
0,10.194699999999997,1.8093750000000002,-0.07654837966031457
0,10.194699999999997,1.8125,-0.07696667412954598
0,10.194699999999997,1.815625,-0.07738930636785553
0,10.194699999999997,1.81875,-0.07781635041158783
0,10.194699999999997,1.821875,-0.07824788207268514
0,10.194699999999997,1.8250000000000002,-0.07868397899168941
0,10.194699999999997,1.828125,-0.07912472069257198
0,10.194699999999997,1.83125,-0.07957018863946157
0,10.194699999999997,1.834375,-0.08002046629534126
0,10.194699999999997,1.8375,-0.08047563918279045
0,10.194699999999997,1.8406250000000002,-0.08093579494684948
0,10.194699999999997,1.84375,-0.08140102342008769
0,10.194699999999997,1.846875,-0.08187141668996023
0,10.194699999999997,1.85,-0.08234706916853998
0,10.194699999999997,1.853125,-0.08282807766471684
0,10.194699999999997,1.8562500000000002,-0.08331454145895872
0,10.194699999999997,1.859375,-0.08380656238073227
0,10.194699999999997,1.8625,-0.084304244888687
0,10.194699999999997,1.865625,-0.08480769615370753
0,10.194699999999997,1.86875,-0.08531702614494581
0,10.194699999999997,1.8718750000000002,-0.08583234771894765
0,10.194699999999997,1.875,-0.08635377671199244
0,10.194699999999997,1.878125,-0.08688143203577112
0,10.194699999999997,1.88125,-0.08741543577652935
0,10.194699999999997,1.884375,-0.08795591329781093
0,10.194699999999997,1.8875000000000002,-0.08850299334693933
0,10.194699999999997,1.890625,-0.08905680816538061
0,10.194699999999997,1.89375,-0.08961749360313831
0,10.194699999999997,1.896875,-0.09018518923733305
0,10.194699999999997,1.9,-0.09076003849512843
0,10.194699999999997,1.9031250000000002,-0.09134218878116902
0,10.194699999999997,1.90625,-0.09193179160970136
0,10.194699999999997,1.909375,-0.09252900274155768
0,10.194699999999997,1.9125,-0.09313398232618447
0,10.194699999999997,1.915625,-0.09374689504890776
0,10.194699999999997,1.9187500000000002,-0.0943679102836312
0,10.194699999999997,1.921875,-0.09499720225116934
0,10.194699999999997,1.925,-0.09563495018342744
0,10.194699999999997,1.928125,-0.09628133849364154
0,10.194699999999997,1.93125,-0.09693655695290325
0,10.194699999999997,1.9343750000000002,-0.09760080087319714
0,10.194699999999997,1.9375,-0.09827427129718576
0,10.194699999999997,1.940625,-0.09895717519498576
0,10.194699999999997,1.94375,-0.09964972566817988
0,10.194699999999997,1.946875,-0.10035214216132096
0,10.194699999999997,1.9500000000000002,-0.10106465068118604
0,10.194699999999997,1.953125,-0.10178748402404424
0,10.194699999999997,1.95625,-0.10252088201120961
0,10.194699999999997,1.959375,-0.10326509173314996
0,10.194699999999997,1.9625,-0.10402036780243072
0,10.194699999999997,1.9656250000000002,-0.10478697261577269
0,10.194699999999997,1.96875,-0.1055651766255053
0,10.194699999999997,1.971875,-0.10635525862069953
0,10.194699999999997,1.975,-0.10715750601826092
0,10.194699999999997,1.978125,-0.10797221516426456
0,10.194699999999997,1.9812500000000002,-0.10879969164580938
0,10.194699999999997,1.984375,-0.10964025061366173
0,10.194699999999997,1.9875,-0.11049421711595575
0,10.194699999999997,1.990625,-0.11136192644320143
0,10.194699999999997,1.99375,-0.11224372448484435
0,10.194699999999997,1.9968750000000002,-0.11313996809760216
0,10.194699999999997,2.0,-0.1140510254857819
0,10.194699999999997,2.003125,-0.11497727659376339
0,10.194699999999997,2.00625,-0.1159191135107992
0,10.194699999999997,2.0093750000000004,-0.1168769408882518
0,10.194699999999997,2.0125,-0.11785117636934914
0,10.194699999999997,2.015625,-0.11884225103149093
0,10.194699999999997,2.01875,-0.11985060984108473
0,10.194699999999997,2.021875,-0.12087671212083045
0,10.194699999999997,2.0250000000000004,-0.12192103202929672
0,10.194699999999997,2.028125,-0.12298405905255318
0,10.194699999999997,2.03125,-0.1240662985075263
0,10.194699999999997,2.034375,-0.12516827205663797
0,10.194699999999997,2.0375,-0.12629051823316595
0,10.194699999999997,2.0406250000000004,-0.1274335929766236
0,10.194699999999997,2.04375,-0.12859807017730027
0,10.194699999999997,2.046875,-0.12978454222892505
0,10.194699999999997,2.05,-0.13099362058821343
0,10.194699999999997,2.053125,-0.13222593633983373
0,10.194699999999997,2.0562500000000004,-0.13348214076507123
0,10.194699999999997,2.059375,-0.1347629059121858
0,10.194699999999997,2.0625,-0.1360689251661344
0,10.194699999999997,2.065625,-0.13740091381497216
0,10.194699999999997,2.06875,-0.13875960960984488
0,10.194699999999997,2.0718750000000004,-0.14014577331503594
0,10.194699999999997,2.075,-0.1415601892440319
0,10.194699999999997,2.078125,-0.1430036657770137
0,10.194699999999997,2.08125,-0.14447703585455893
0,10.194699999999997,2.084375,-0.1459811574416575
0,10.194699999999997,2.0875000000000004,-0.1475169139553748
0,10.194699999999997,2.090625,-0.14908521464865618
0,10.194699999999997,2.09375,-0.15068699494182858
0,10.194699999999997,2.096875,-0.1523232166923236
0,10.194699999999997,2.1,-0.15399486839201015
0,10.194699999999997,2.1031250000000004,-0.15570296528026956
0,10.194699999999997,2.10625,-0.15744854935957225
0,10.194699999999997,2.109375,-0.1592326892988039
0,10.194699999999997,2.1125,-0.16105648020793456
0,10.194699999999997,2.115625,-0.16292104326582474
0,10.194699999999997,2.1187500000000004,-0.1648275251809913
0,10.194699999999997,2.121875,-0.16677709746302255
0,10.194699999999997,2.125,-0.16877095548001558
0,10.194699999999997,2.128125,-0.1708103172749047
0,10.194699999999997,2.13125,-0.1728964221108636
0,10.194699999999997,2.1343750000000004,-0.17503052871306957
0,10.194699999999997,2.1375,-0.17721391317104357
0,10.194699999999997,2.140625,-0.17944786646250002
0,10.194699999999997,2.14375,-0.18173369155618302
0,10.194699999999997,2.146875,-0.18407270004754206
0,10.194699999999997,2.1500000000000004,-0.18646620827731647
0,10.194699999999997,2.153125,-0.18891553287920707
0,10.194699999999997,2.15625,-0.19142198569883168
0,10.194699999999997,2.159375,-0.19398686802215837
0,10.194699999999997,2.1625,-0.19661146404765298
0,10.194699999999997,2.1656250000000004,-0.19929703353253786
0,10.194699999999997,2.16875,-0.20204480353996282
0,10.194699999999997,2.171875,-0.20485595921064986
0,10.194699999999997,2.175,-0.20773163347985601
0,10.194699999999997,2.178125,-0.21067289565849923
0,10.194699999999997,2.1812500000000004,-0.2136807387962118
0,10.194699999999997,2.184375,-0.21675606574421422
0,10.194699999999997,2.1875,-0.2198996738375129
0,10.194699999999997,2.190625,-0.22311223811938496
0,10.194699999999997,2.19375,-0.2263942930368154
0,10.194699999999997,2.1968750000000004,-0.22974621254391764
0,10.194699999999997,2.2,-0.2331681885619128
0,10.194699999999997,2.203125,-0.23666020775947222
0,10.194699999999997,2.20625,-0.24022202663671832
0,10.194699999999997,2.209375,-0.24385314492054214
0,10.194699999999997,2.2125000000000004,-0.24755277730870073
0,10.194699999999997,2.215625,-0.2513198236360486
0,10.194699999999997,2.21875,-0.2551528375787533
0,10.194699999999997,2.221875,-0.25904999406197193
0,10.194699999999997,2.225,-0.26300905559358956
0,10.194699999999997,2.2281250000000004,-0.26702733781143506
0,10.194699999999997,2.23125,-0.2711016746039093
0,10.194699999999997,2.234375,-0.2752283832438228
0,10.194699999999997,2.2375,-0.2794032300617689
0,10.194699999999997,2.240625,-0.28362139727738445
0,10.194699999999997,2.2437500000000004,-0.28787745170262624
0,10.194699999999997,2.246875,-0.2921653161284
0,10.194699999999997,2.25,-0.296478244301421
0,10.194699999999997,2.253125,-0.3008088004882627
0,10.194699999999997,2.25625,-0.30514884470357734
0,10.194699999999997,2.2593750000000004,-0.30948952474405694
0,10.194699999999997,2.2625,-0.3138212762128778
0,10.194699999999997,2.265625,-0.318133831734535
0,10.194699999999997,2.26875,-0.3224162405403289
0,10.194699999999997,2.271875,-0.3266568995435012
0,10.194699999999997,2.2750000000000004,-0.33084359691376536
0,10.194699999999997,2.278125,-0.33496356899835955
0,10.194699999999997,2.28125,-0.3390035712168733
0,10.194699999999997,2.284375,-0.34294996327823574
0,10.194699999999997,2.2875,-0.34678880873144924
0,10.194699999999997,2.2906250000000004,-0.3505059884712153
0,10.194699999999997,2.29375,-0.354087327383692
0,10.194699999999997,2.296875,-0.3575187328483425
0,10.194699999999997,2.3,-0.36078634332536386
0,10.194699999999997,2.303125,-0.36387668477435225
0,10.194699999999997,2.3062500000000004,-0.36677683219149587
0,10.194699999999997,2.309375,-0.3694745731444756
0,10.194699999999997,2.3125,-0.3719585698516625
0,10.194699999999997,2.315625,-0.37421851611927615
0,10.194699999999997,2.31875,-0.3762452853380278
0,10.194699999999997,2.3218750000000004,-0.3780310657656595
0,10.194699999999997,2.325,-0.37956947949347386
0,10.194699999999997,2.328125,-0.3808556818152953
0,10.194699999999997,2.33125,-0.3818864381795919
0,10.194699999999997,2.334375,-0.3826601764942224
0,10.194699999999997,2.3375000000000004,-0.38317701324478526
0,10.194699999999997,2.340625,-0.38343875265131955
0,10.194699999999997,2.34375,-0.3834488588886804
0,10.194699999999997,2.346875,-0.3832124021952732
0,10.194699999999997,2.35,-0.38273598045507157
0,10.194699999999997,2.3531250000000004,-0.3820276185237391
0,10.194699999999997,2.35625,-0.3810966481510788
0,10.194699999999997,2.359375,-0.3799535718057785
0,10.194699999999997,2.3625,-0.3786099140195373
0,10.194699999999997,2.365625,-0.37707806402997235
0,10.194699999999997,2.3687500000000004,-0.37537111351763436
0,10.194699999999997,2.371875,-0.3735026931121862
0,10.194699999999997,2.375,-0.371486811102955
0,10.194699999999997,2.378125,-0.3693376974510082
0,10.194699999999997,2.38125,-0.36706965578788
0,10.194699999999997,2.3843750000000004,-0.3646969256254048
0,10.194699999999997,2.3875,-0.3622335565164615
0,10.194699999999997,2.390625,-0.35969329542049633
0,10.194699999999997,2.39375,-0.3570894880600791
0,10.194699999999997,2.396875,-0.35443499462136974
0,10.194699999999997,2.4000000000000004,-0.3517421197641203
0,10.194699999999997,2.403125,-0.34902255657356623
0,10.194699999999997,2.40625,-0.346287343811411
0,10.194699999999997,2.409375,-0.34354683560690935
0,10.194699999999997,2.4125,-0.34081068256990776
0,10.194699999999997,2.4156250000000004,-0.33808782320165104
0,10.194699999999997,2.41875,-0.33538648442069047
0,10.194699999999997,2.421875,-0.33271419000397995
0,10.194699999999997,2.425,-0.3300777757603765
0,10.194699999999997,2.428125,-0.32748341029845107
0,10.194699999999997,2.4312500000000004,-0.3249366203162607
0,10.194699999999997,2.434375,-0.32244231942152424
0,10.194699999999997,2.4375,-0.32000483958119774
0,10.194699999999997,2.440625,-0.3176279643952042
0,10.194699999999997,2.44375,-0.315314963486258
0,10.194699999999997,2.4468750000000004,-0.3130686273933432
0,10.194699999999997,2.45,-0.31089130244811536
0,10.194699999999997,2.453125,-0.3087849251996415
0,10.194699999999997,2.45625,-0.3067510560323173
0,10.194699999999997,2.459375,-0.3047909116938252
0,10.194699999999997,2.4625000000000004,-0.3029053965143442
0,10.194699999999997,2.465625,-0.3010951321548525
0,10.194699999999997,2.46875,-0.2993604857715343
0,10.194699999999997,2.471875,-0.2977015965253753
0,10.194699999999997,2.475,-0.2961184004015077
0,10.194699999999997,2.4781250000000004,-0.29461065333232667
0,10.194699999999997,2.48125,-0.2931779526424246
0,10.194699999999997,2.484375,-0.2918197568526015
0,10.194699999999997,2.4875,-0.29053540389519494
0,10.194699999999997,2.490625,-0.28932412780429084
0,10.194699999999997,2.4937500000000004,-0.2881850739525723
0,10.194699999999997,2.496875,-0.2871173129121034
0,10.194699999999997,2.5,-0.2861198530196771
0,10.194699999999997,2.503125,-0.28519165172887256
0,10.194699999999997,2.50625,-0.2843316258309975
0,10.194699999999997,2.5093750000000004,-0.28353866062595673
0,10.194699999999997,2.5125,-0.2828116181220283
0,10.194699999999997,2.515625,-0.28214934434077654
0,10.194699999999997,2.51875,-0.2815506758000652
0,10.194699999999997,2.521875,-0.28101444524451513
0,10.194699999999997,2.5250000000000004,-0.28053948668890416
0,10.194699999999997,2.528125,-0.2801246398360405
0,10.194699999999997,2.53125,-0.27976875392663575
0,10.194699999999997,2.534375,-0.27947069107473044
0,10.194699999999997,2.5375,-0.27922932913833387
0,10.194699999999997,2.5406250000000004,-0.2790435641711674
0,10.194699999999997,2.54375,-0.27891231249778514
0,10.194699999999997,2.546875,-0.2788345124508958
0,10.194699999999997,2.55,-0.2788091258064467
0,10.194699999999997,2.553125,-0.2788351389489613
0,10.194699999999997,2.5562500000000004,-0.27891156379674487
0,10.194699999999997,2.559375,-0.2790374385138902
0,10.194699999999997,2.5625,-0.2792118280335282
0,10.194699999999997,2.565625,-0.27943382441445913
0,10.194699999999997,2.56875,-0.2797025470511766
0,10.194699999999997,2.5718750000000004,-0.28001714275533635
0,10.194699999999997,2.575,-0.28037678572492925
0,10.194699999999997,2.578125,-0.28078067741577045
0,10.194699999999997,2.58125,-0.2812280463284158
0,10.194699999999997,2.584375,-0.28171814772224724
0,10.194699999999997,2.5875000000000004,-0.28225026326722086
0,10.194699999999997,2.590625,-0.2828237006426403
0,10.194699999999997,2.59375,-0.28343779309129025
0,10.194699999999997,2.596875,-0.2840918989363341
0,10.194699999999997,2.6,-0.2847854010675397
0,10.194699999999997,2.6031250000000004,-0.28551770640263596
0,10.194699999999997,2.60625,-0.28628824532892205
0,10.194699999999997,2.609375,-0.2870964711296272
0,10.194699999999997,2.6125,-0.2879418593989715
0,10.194699999999997,2.615625,-0.2888239074493751
0,10.194699999999997,2.6187500000000004,-0.2897421337138184
0,10.194699999999997,2.621875,-0.2906960771459539
0,10.194699999999997,2.625,-0.2916852966202137
0,10.194699999999997,2.628125,-0.2927093703338334
0,10.194699999999997,2.63125,-0.2937678952124306
0,10.194699999999997,2.6343750000000004,-0.2948604863205186
0,10.194699999999997,2.6375,-0.2959867762781121
0,10.194699999999997,2.640625,-0.2971464146843765
0,10.194699999999997,2.64375,-0.29833906754909567
0,10.194699999999997,2.646875,-0.29956441673257606
0,10.194699999999997,2.6500000000000004,-0.3008221593944603
0,10.194699999999997,2.653125,-0.3021120074518066
0,10.194699999999997,2.65625,-0.3034336870466747
0,10.194699999999997,2.659375,-0.3047869380233661
0,10.194699999999997,2.6625,-0.3061715134153849
0,10.194699999999997,2.6656250000000004,-0.3075871789421077
0,10.194699999999997,2.66875,-0.30903371251509015
0,10.194699999999997,2.671875,-0.3105109037538834
0,10.194699999999997,2.675,-0.31201855351117885
0,10.194699999999997,2.678125,-0.31355647340706894
0,10.194699999999997,2.6812500000000004,-0.31512448537216564
0,10.194699999999997,2.684375,-0.3167224211992966
0,10.194699999999997,2.6875,-0.3183501221034694
0,10.194699999999997,2.690625,-0.3200074382897703
0,10.194699999999997,2.69375,-0.3216942285288545
0,10.194699999999997,2.6968750000000004,-0.32341035973966087
0,10.194699999999997,2.7,-0.325155706578981
0,10.194699999999997,2.703125,-0.3269301510374983
0,10.194699999999997,2.70625,-0.3287335820419052
0,10.194699999999997,2.709375,-0.33056589506270806
0,10.194699999999997,2.7125000000000004,-0.3324269917273181
0,10.194699999999997,2.715625,-0.33431677943803245
0,10.194699999999997,2.71875,-0.33623517099450506
0,10.194699999999997,2.721875,-0.3381820842203069
0,10.194699999999997,2.725,-0.340157441593181
0,10.194699999999997,2.7281250000000004,-0.3421611698785986
0,10.194699999999997,2.73125,-0.34419319976622637
0,10.194699999999997,2.734375,-0.34625346550891817
0,10.194699999999997,2.7375,-0.3483419045638528
0,10.194699999999997,2.740625,-0.35045845723543995
0,10.194699999999997,2.7437500000000004,-0.3526030663196284
0,10.194699999999997,2.746875,-0.3547756767492526
0,10.194699999999997,2.75,-0.3569762352400648
0,10.194699999999997,2.753125,-0.35920468993709975
0,10.194699999999997,2.75625,-0.36146099006103855
0,10.194699999999997,2.7593750000000004,-0.36374508555423324
0,10.194699999999997,2.7625,-0.3660569267260745
0,10.194699999999997,2.765625,-0.3683964638973853
0,10.194699999999997,2.76875,-0.3707636470435325
0,10.194699999999997,2.771875,-0.3731584254359655
0,10.194699999999997,2.7750000000000004,-0.37558074728189134
0,10.194699999999997,2.778125,-0.37803055936181423
0,10.194699999999997,2.78125,-0.3805078066646725
0,10.194699999999997,2.784375,-0.3830124320203177
0,10.194699999999997,2.7875,-0.38554437572909545
0,10.194699999999997,2.7906250000000004,-0.38810357518829525
0,10.194699999999997,2.79375,-0.3906899645152538
0,10.194699999999997,2.796875,-0.39330347416690364
0,10.194699999999997,2.8,-0.39594403055557603
0,10.194699999999997,2.803125,-0.3986115556608806
0,10.194699999999997,2.8062500000000004,-0.40130596663749624
0,10.194699999999997,2.809375,-0.40402717541873046
0,10.194699999999997,2.8125,-0.40677508831570935
0,10.194699999999997,2.815625,-0.40954960561208414
0,10.194699999999997,2.81875,-0.41235062115415894
0,10.194699999999997,2.8218750000000004,-0.41517802193635495
0,10.194699999999997,2.825,-0.4180316876819548
0,10.194699999999997,2.828125,-0.4209114904190847
0,10.194699999999997,2.83125,-0.42381729405191
0,10.194699999999997,2.834375,-0.42674895392705087
0,10.194699999999997,2.8375000000000004,-0.42970631639523704
0,10.194699999999997,2.840625,-0.4326892183682545
0,10.194699999999997,2.84375,-0.4356974868712521
0,10.194699999999997,2.846875,-0.4387309385905054
0,10.194699999999997,2.85,-0.44178937941676627
0,10.194699999999997,2.8531250000000004,-0.44487260398434614
0,10.194699999999997,2.85625,-0.4479803952061198
0,10.194699999999997,2.859375,-0.4511125238046578
0,10.194699999999997,2.8625,-0.4542687478397312
0,10.194699999999997,2.865625,-0.45744881223246675
0,10.194699999999997,2.8687500000000004,-0.46065244828645946
0,10.194699999999997,2.871875,-0.4638793732061914
0,10.194699999999997,2.875,-0.4671292896131363
0,10.194699999999997,2.878125,-0.47040188505996644
0,10.194699999999997,2.88125,-0.4736968315433236
0,10.194699999999997,2.8843750000000004,-0.47701378501564795
0,10.194699999999997,2.8875,-0.48035238489660775
0,10.194699999999997,2.890625,-0.483712253584709
0,10.194699999999997,2.89375,-0.4870929959697057
0,10.194699999999997,2.896875,-0.4904941989464865
0,10.194699999999997,2.9000000000000004,-0.4939154309311458
0,10.194699999999997,2.903125,-0.49735624138000445
0,10.194699999999997,2.90625,-0.5008161603123861
0,10.194699999999997,2.909375,-0.5042946978380024
0,10.194699999999997,2.9125,-0.5077913436898568
0,10.194699999999997,2.9156250000000004,-0.5113055667636139
0,10.194699999999997,2.91875,-0.5148368146644441
0,10.194699999999997,2.921875,-0.518384513262394
0,10.194699999999997,2.925,-0.5219480662573823
0,10.194699999999997,2.928125,-0.5255268547549797
0,10.194699999999997,2.9312500000000004,-0.5291202368541713
0,10.194699999999997,2.934375,-0.5327275472483572
0,10.194699999999997,2.9375,-0.5363480968408921
0,10.194699999999997,2.940625,-0.539981172376509
0,10.194699999999997,2.94375,-0.5436260360900274
0,10.194699999999997,2.9468750000000004,-0.5472819253737837
0,10.194699999999997,2.95,-0.550948052465275
0,10.194699999999997,2.953125,-0.5546236041565381
0,10.194699999999997,2.95625,-0.5583077415268317
0,10.194699999999997,2.959375,-0.5619995997002298
0,10.194699999999997,2.9625000000000004,-0.5656982876297625
0,10.194699999999997,2.965625,-0.569402887909776
0,10.194699999999997,2.96875,-0.5731124566182135
0,10.194699999999997,2.971875,-0.5768260231905304
0,10.194699999999997,2.975,-0.5805425903269984
0,10.194699999999997,2.9781250000000004,-0.5842611339351427
0,10.194699999999997,2.98125,-0.5879806031090921
0,10.194699999999997,2.984375,-0.5916999201476063
0,10.194699999999997,2.9875,-0.5954179806125516
0,10.194699999999997,2.990625,-0.59913365342959
0,10.194699999999997,2.9937500000000004,-0.6028457810328314
0,10.194699999999997,2.996875,-0.606553179555176
0,10.194699999999997,3.0,-0.6102546390660484
0,10.194699999999997,3.0031250000000003,-0.6139489238581843
0,10.194699999999997,3.00625,-0.6176347727850889
0,10.194699999999997,3.009375,-0.6213108996507408
0,10.194699999999997,3.0125,-0.6249759936530358
0,10.194699999999997,3.015625,-0.6286287198824118
0,10.194699999999997,3.0187500000000003,-0.6322677198770118
0,10.194699999999997,3.021875,-0.6358916122356398
0,10.194699999999997,3.025,-0.6394989932896891
0,10.194699999999997,3.028125,-0.6430884378350881
0,10.194699999999997,3.03125,-0.6466584999252057
0,10.194699999999997,3.0343750000000003,-0.6502077137255298
0,10.194699999999997,3.0375,-0.6537345944307749
0,10.194699999999997,3.040625,-0.6572376392449536
0,10.194699999999997,3.04375,-0.6607153284247592
0,10.194699999999997,3.046875,-0.6641661263864566
0,10.194699999999997,3.0500000000000003,-0.6675884828762949
0,10.194699999999997,3.053125,-0.6709808342042605
0,10.194699999999997,3.05625,-0.6743416045408042
0,10.194699999999997,3.059375,-0.6776692072759632
0,10.194699999999997,3.0625,-0.6809620464400826
0,10.194699999999997,3.0656250000000003,-0.6842185181851375
0,10.194699999999997,3.06875,-0.6874370123254058
0,10.194699999999997,3.071875,-0.6906159139360366
0,10.194699999999997,3.075,-0.6937536050077953
0,10.194699999999997,3.078125,-0.6968484661560451
0,10.194699999999997,3.0812500000000003,-0.6998988783817804
0,10.194699999999997,3.084375,-0.7029032248822588
0,10.194699999999997,3.0875,-0.7058598929085697
0,10.194699999999997,3.090625,-0.7087672756671963
0,10.194699999999997,3.09375,-0.7116237742624038
0,10.194699999999997,3.0968750000000003,-0.7144277996760459
0,10.194699999999997,3.1,-0.7171777747811341
0,10.194699999999997,3.103125,-0.7198721363852961
0,10.194699999999997,3.10625,-0.7225093373000209
0,10.194699999999997,3.109375,-0.7250878484313735
0,10.194699999999997,3.1125000000000003,-0.7276061608876684
0,10.194699999999997,3.115625,-0.7300627880993825
0,10.194699999999997,3.11875,-0.7324562679464298
0,10.194699999999997,3.121875,-0.7347851648877398
0,10.194699999999997,3.125,-0.737048072087944
0,10.194699999999997,3.1281250000000003,-0.7392436135358451
0,10.194699999999997,3.13125,-0.7413704461492234
0,10.194699999999997,3.134375,-0.7434272618604599
0,10.194699999999997,3.1375,-0.7454127896773649
0,10.194699999999997,3.140625,-0.7473257977135722
0,10.194699999999997,3.1437500000000003,-0.7491650951828254
0,10.194699999999997,3.146875,-0.7509295343514747
0,10.194699999999997,3.15,-0.7526180124435455
0,10.194699999999997,3.153125,-0.7542294734927659
0,10.194699999999997,3.15625,-0.755762910136028
0,10.194699999999997,3.1593750000000003,-0.7572173653428568
0,10.194699999999997,3.1625,-0.7585919340755725
0,10.194699999999997,3.165625,-0.7598857648750031
0,10.194699999999997,3.16875,-0.7610980613667562
0,10.194699999999997,3.171875,-0.762228083683275
0,10.194699999999997,3.1750000000000003,-0.7632751497971244
0,10.194699999999997,3.178125,-0.7642386367611902
0,10.194699999999997,3.18125,-0.7651179818517592
0,10.194699999999997,3.184375,-0.7659126836107243
0,10.194699999999997,3.1875,-0.7666223027834751
0,10.194699999999997,3.1906250000000003,-0.767246463149363
0,10.194699999999997,3.19375,-0.7677848522419685
0,10.194699999999997,3.196875,-0.7682372219567691
0,10.194699999999997,3.2,-0.7686033890441621
0,10.194699999999997,3.203125,-0.7688832354861974
0,10.194699999999997,3.2062500000000003,-0.7690767087557547
0,10.194699999999997,3.209375,-0.7691838219573092
0,10.194699999999997,3.2125,-0.7692046538488204
0,10.194699999999997,3.215625,-0.7691393487447074
0,10.194699999999997,3.21875,-0.7689881163002508
0,10.194699999999997,3.2218750000000003,-0.7687512311781988
0,10.194699999999997,3.225,-0.7684290325987286
0,10.194699999999997,3.228125,-0.7680219237743274
0,10.194699999999997,3.23125,-0.7675303712315326
0,10.194699999999997,3.234375,-0.7669549040218515
0,10.194699999999997,3.2375000000000003,-0.7662961128245427
0,10.194699999999997,3.240625,-0.7655546489442884
0,10.194699999999997,3.24375,-0.7647312232071222
0,10.194699999999997,3.246875,-0.7638266047582896
0,10.194699999999997,3.25,-0.7628416197660147
0,10.194699999999997,3.2531250000000003,-0.7617771500354196
0,10.194699999999997,3.25625,-0.7606341315370989
0,10.194699999999997,3.259375,-0.7594135528550816
0,10.194699999999997,3.2625,-0.7581164535591107
0,10.194699999999997,3.265625,-0.7567439225063711
0,10.194699999999997,3.2687500000000003,-0.7552970960779268
0,10.194699999999997,3.271875,-0.7537771563552873
0,10.194699999999997,3.275,-0.7521853292426073
0,10.194699999999997,3.278125,-0.7505228825401177
0,10.194699999999997,3.28125,-0.7487911239744341
0,10.194699999999997,3.2843750000000003,-0.7469913991914199
0,10.194699999999997,3.2875,-0.7451250897172906
0,10.194699999999997,3.290625,-0.7431936108936207
0,10.194699999999997,3.29375,-0.741198409791877
0,10.194699999999997,3.296875,-0.7391409631130423
0,10.194699999999997,3.3000000000000003,-0.7370227750777911
0,10.194699999999997,3.303125,-0.7348453753125992
0,10.194699999999997,3.30625,-0.7326103167370166
0,10.194699999999997,3.309375,-0.7303191734572154
0,10.194699999999997,3.3125,-0.7279735386707451
0,10.194699999999997,3.3156250000000003,-0.7255750225872637
0,10.194699999999997,3.31875,-0.7231252503698308
0,10.194699999999997,3.321875,-0.7206258601011271
0,10.194699999999997,3.325,-0.7180785007787842
0,10.194699999999997,3.328125,-0.7154848303437608
0,10.194699999999997,3.3312500000000003,-0.7128465137454887
0,10.194699999999997,3.334375,-0.7101652210472773
0,10.194699999999997,3.3375,-0.7074426255752156
0,10.194699999999997,3.340625,-0.7046804021135828
0,10.194699999999997,3.34375,-0.7018802251495222
0,10.194699999999997,3.3468750000000003,-0.6990437671694866
0,10.194699999999997,3.35,-0.6961726970097325
0,10.194699999999997,3.353125,-0.6932686782628749
0,10.194699999999997,3.35625,-0.6903333677422899
0,10.194699999999997,3.359375,-0.6873684140059113
0,10.194699999999997,3.3625000000000003,-0.6843754559407199
0,10.194699999999997,3.365625,-0.681356121409024
0,10.194699999999997,3.36875,-0.6783120259573772
0,10.194699999999997,3.371875,-0.6752447715887911
0,10.194699999999997,3.375,-0.6721559455986796
0,10.194699999999997,3.3781250000000003,-0.6690471194747688
0,10.194699999999997,3.38125,-0.6659198478610403
0,10.194699999999997,3.384375,-0.6627756675855612
0,10.194699999999997,3.3875,-0.6596160967519124
0,10.194699999999997,3.390625,-0.6564426338937525
0,10.194699999999997,3.3937500000000003,-0.6532567571918946
0,10.194699999999997,3.396875,-0.6500599237531555
0,10.194699999999997,3.4000000000000004,-0.646853568950077
0,10.194699999999997,3.403125,-0.6436391058205245
0,10.194699999999997,3.40625,-0.6404179245260326
0,10.194699999999997,3.4093750000000003,-0.6371913918676858
0,10.194699999999997,3.4125,-0.6339608508582217
0,10.194699999999997,3.4156250000000004,-0.6307276203489561
0,10.194699999999997,3.41875,-0.6274929947100784
0,10.194699999999997,3.421875,-0.6242582435627707
0,10.194699999999997,3.4250000000000003,-0.6210246115615844
0,10.194699999999997,3.428125,-0.6177933182254358
0,10.194699999999997,3.4312500000000004,-0.6145655578155526
0,10.194699999999997,3.434375,-0.6113424992586847
0,10.194699999999997,3.4375,-0.6081252861138504
0,10.194699999999997,3.4406250000000003,-0.6049150365808912
0,10.194699999999997,3.44375,-0.6017128435490937
0,10.194699999999997,3.4468750000000004,-0.5985197746841279
0,10.194699999999997,3.45,-0.5953368725515753
0,10.194699999999997,3.453125,-0.5921651547753014
0,10.194699999999997,3.4562500000000003,-0.5890056142289704
0,10.194699999999997,3.459375,-0.5858592192590016
0,10.194699999999997,3.4625000000000004,-0.5827269139372909
0,10.194699999999997,3.465625,-0.5796096183420644
0,10.194699999999997,3.46875,-0.5765082288652402
0,10.194699999999997,3.4718750000000003,-0.57342361854473
0,10.194699999999997,3.475,-0.5703566374201383
0,10.194699999999997,3.4781250000000004,-0.567308112910356
0,10.194699999999997,3.48125,-0.5642788502115997
0,10.194699999999997,3.484375,-0.5612696327144784
0,10.194699999999997,3.4875000000000003,-0.5582812224387272
0,10.194699999999997,3.490625,-0.5553143604842911
0,10.194699999999997,3.4937500000000004,-0.5523697674974843
0,10.194699999999997,3.496875,-0.5494481441510198
0,10.194699999999997,3.5,-0.5465501716367276
0,10.194699999999997,3.5031250000000003,-0.543676512169858
0,10.194699999999997,3.50625,-0.5408278095039023
0,10.194699999999997,3.5093750000000004,-0.5380046894549111
0,10.194699999999997,3.5125,-0.5352077604343656
0,10.194699999999997,3.515625,-0.5324376139896755
0,10.194699999999997,3.5187500000000003,-0.5296948253514581
0,10.194699999999997,3.521875,-0.5269799539867878
0,10.194699999999997,3.5250000000000004,-0.5242935441576547
0,10.194699999999997,3.528125,-0.5216361254839348
0,10.194699999999997,3.53125,-0.5190082135102005
0,10.194699999999997,3.5343750000000003,-0.5164103102757742
0,10.194699999999997,3.5375,-0.5138429048874505
0,10.194699999999997,3.5406250000000004,-0.5113064740943738
0,10.194699999999997,3.54375,-0.5088014828646017
0,10.194699999999997,3.546875,-0.506328384962917
0,10.194699999999997,3.5500000000000003,-0.5038876235295134
0,10.194699999999997,3.553125,-0.5014796316592032
0,10.194699999999997,3.5562500000000004,-0.4991048329808446
0,10.194699999999997,3.559375,-0.49676364223673086
0,10.194699999999997,3.5625,-0.4944564658617076
0,10.194699999999997,3.5656250000000003,-0.49218370256183747
0,10.194699999999997,3.56875,-0.48994574389245826
0,10.194699999999997,3.5718750000000004,-0.487742974835515
0,10.194699999999997,3.575,-0.4855757743760889
0,10.194699999999997,3.578125,-0.4834445160780691
0,10.194699999999997,3.5812500000000003,-0.48134956865895157
0,10.194699999999997,3.584375,-0.47929129656377956
0,10.194699999999997,3.5875000000000004,-0.47727006053826404
0,10.194699999999997,3.590625,-0.4752862182011644
0,10.194699999999997,3.59375,-0.4733401246160192
0,10.194699999999997,3.5968750000000003,-0.4714321328623645
0,10.194699999999997,3.6,-0.46956259460658634
0,10.194699999999997,3.6031250000000004,-0.4677318606725886
0,10.194699999999997,3.60625,-0.46594028161248335
0,10.194699999999997,3.609375,-0.46418820827752466
0,10.194699999999997,3.6125000000000003,-0.46247599238954473
0,10.194699999999997,3.615625,-0.4608039871131623
0,10.194699999999997,3.6187500000000004,-0.45917254762905796
0,10.194699999999997,3.621875,-0.45758203170863937
0,10.194699999999997,3.625,-0.4560328002904287
0,10.194699999999997,3.6281250000000003,-0.4545252180585355
0,10.194699999999997,3.63125,-0.45305965402359516
0,10.194699999999997,3.6343750000000004,-0.4516364821065648
0,10.194699999999997,3.6375,-0.45025608172580495
0,10.194699999999997,3.640625,-0.44891883838787383
0,10.194699999999997,3.6437500000000003,-0.44762514428249683
0,10.194699999999997,3.646875,-0.44637539888218264
0,10.194699999999997,3.6500000000000004,-0.4451700095469748
0,10.194699999999997,3.653125,-0.4440093921348546
0,10.194699999999997,3.65625,-0.4428939716183147
0,10.194699999999997,3.6593750000000003,-0.4418241827076546
0,10.194699999999997,3.6625,-0.4408004704815547
0,10.194699999999997,3.6656250000000004,-0.439823291025508
0,10.194699999999997,3.66875,-0.4388931120787076
0,10.194699999999997,3.671875,-0.4380104136899946
0,10.194699999999997,3.6750000000000003,-0.43717568888350195
0,10.194699999999997,3.678125,-0.4363894443346325
0,10.194699999999997,3.6812500000000004,-0.43565220105703034
0,10.194699999999997,3.684375,-0.43496449510122615
0,10.194699999999997,3.6875,-0.43432687826563915
0,10.194699999999997,3.6906250000000003,-0.4337399188206456
0,10.194699999999997,3.69375,-0.43320420224643297
0,10.194699999999997,3.6968750000000004,-0.4327203319853705
0,10.194699999999997,3.7,-0.432288930209645
0,10.194699999999997,3.703125,-0.4319106386049221
0,10.194699999999997,3.7062500000000003,-0.4315861191708017
0,10.194699999999997,3.709375,-0.4313160550388539
0,10.194699999999997,3.7125000000000004,-0.4311011513090244
0,10.194699999999997,3.715625,-0.43094213590521535
0,10.194699999999997,3.71875,-0.43083976045084654
0,10.194699999999997,3.7218750000000003,-0.43079480116521707
0,10.194699999999997,3.725,-0.4308080597814831
0,10.194699999999997,3.7281250000000004,-0.4308803644870767
0,10.194699999999997,3.73125,-0.43101257088738665
0,10.194699999999997,3.734375,-0.4312055629935209
0,10.194699999999997,3.7375000000000003,-0.4314602542349649
0,10.194699999999997,3.740625,-0.43177758849793985
0,10.194699999999997,3.7437500000000004,-0.4321585411902543
0,10.194699999999997,3.746875,-0.43260412033342294
0,10.194699999999997,3.75,-0.43311536768280684
0,10.194699999999997,3.7531250000000003,-0.4336933598765008
0,10.194699999999997,3.75625,-0.43433920961365896
0,10.194699999999997,3.7593750000000004,-0.4350540668629138
0,10.194699999999997,3.7625,-0.4358391201014892
0,10.194699999999997,3.765625,-0.4366955975855584
0,10.194699999999997,3.7687500000000003,-0.43762476865232797
0,10.194699999999997,3.771875,-0.4386279450542504
0,10.194699999999997,3.7750000000000004,-0.4397064823256871
0,10.194699999999997,3.778125,-0.440861781182231
0,10.194699999999997,3.78125,-0.44209528895279243
0,10.194699999999997,3.7843750000000003,-0.443408501044411
0,10.194699999999997,3.7875,-0.44480296243960865
0,10.194699999999997,3.7906250000000004,-0.4462802692259324
0,10.194699999999997,3.79375,-0.4478420701571319
0,10.194699999999997,3.796875,-0.44949006824521337
0,10.194699999999997,3.8000000000000003,-0.4512260223823535
0,10.194699999999997,3.803125,-0.4530517489913908
0,10.194699999999997,3.8062500000000004,-0.4549691237033052
0,10.194699999999997,3.809375,-0.4569800830597429
0,10.194699999999997,3.8125,-0.45908662623827334
0,10.194699999999997,3.8156250000000003,-0.4612908167976235
0,10.194699999999997,3.81875,-0.4635947844396666
0,10.194699999999997,3.8218750000000004,-0.4660007267844095
0,10.194699999999997,3.825,-0.468510911153628
0,10.194699999999997,3.828125,-0.4711276763581581
0,10.194699999999997,3.8312500000000003,-0.4738534344831105
0,10.194699999999997,3.834375,-0.47669067266448706
0,10.194699999999997,3.8375000000000004,-0.4796419548497856
0,10.194699999999997,3.840625,-0.48270992353419545
0,10.194699999999997,3.84375,-0.4858973014629189
0,10.194699999999997,3.8468750000000003,-0.48920689328894285
0,10.194699999999997,3.85,-0.4926415871742897
0,10.194699999999997,3.8531250000000004,-0.49620435632133064
0,10.194699999999997,3.85625,-0.49989826041914687
0,10.194699999999997,3.859375,-0.5037264469882059
0,10.194699999999997,3.8625000000000003,-0.5076921526046914
0,10.194699999999997,3.865625,-0.51179870398375
0,10.194699999999997,3.8687500000000004,-0.5160495188986363
0,10.194699999999997,3.871875,-0.5204481069102221
0,10.194699999999997,3.875,-0.5249980698786493
0,10.194699999999997,3.8781250000000003,-0.5297031022258997
0,10.194699999999997,3.88125,-0.534566990914863
0,10.194699999999997,3.8843750000000004,-0.539593615106971
0,10.194699999999997,3.8875,-0.544786945456648
0,10.194699999999997,3.890625,-0.5501510429967601
0,10.194699999999997,3.8937500000000003,-0.5556900575647551
0,10.194699999999997,3.896875,-0.5614082257144319
0,10.194699999999997,3.9000000000000004,-0.5673098680531253
0,10.194699999999997,3.903125,-0.5733993859385408
0,10.194699999999997,3.90625,-0.5796812574636062
0,10.194699999999997,3.9093750000000003,-0.5861600326513576
0,10.194699999999997,3.9125,-0.5928403277751979
0,10.194699999999997,3.9156250000000004,-0.5997268187127661
0,10.194699999999997,3.91875,-0.6068242332341303
0,10.194699999999997,3.921875,-0.6141373421172014
0,10.194699999999997,3.9250000000000003,-0.6216709489749954
0,10.194699999999997,3.928125,-0.6294298786708791
0,10.194699999999997,3.9312500000000004,-0.6374189641891462
0,10.194699999999997,3.934375,-0.6456430318192597
0,10.194699999999997,3.9375,-0.6541068845030678
0,10.194699999999997,3.9406250000000003,-0.662815283185171
0,10.194699999999997,3.94375,-0.6717729259977337
0,10.194699999999997,3.9468750000000004,-0.6809844251024166
0,10.194699999999997,3.95,-0.690454281003989
0,10.194699999999997,3.953125,-0.7001868541429187
0,10.194699999999997,3.9562500000000003,-0.7101863335679155
0,10.194699999999997,3.959375,-0.7204567024845846
0,10.194699999999997,3.9625000000000004,-0.7310017004732993
0,10.194699999999997,3.965625,-0.7418247821685505
0,10.194699999999997,3.96875,-0.7529290721941053
0,10.194699999999997,3.9718750000000003,-0.7643173161536138
0,10.194699999999997,3.975,-0.775991827485797
0,10.194699999999997,3.9781250000000004,-0.7879544300076238
0,10.194699999999997,3.98125,-0.800206395988734
0,10.194699999999997,3.984375,-0.8127483796269331
0,10.194699999999997,3.9875000000000003,-0.8255803458285008
0,10.194699999999997,3.990625,-0.8387014942396969
0,10.194699999999997,3.9937500000000004,-0.8521101785281084
0,10.194699999999997,3.996875,-0.865803820975457
0,10.194699999999997,4.0,-0.8797788225185088
0,10.194699999999997,4.003125000000001,-0.8940304684625536
0,10.194699999999997,4.00625,-0.908552830193824
0,10.194699999999997,4.009375,-0.9233386633339905
0,10.194699999999997,4.0125,-0.9383793029117531
0,10.194699999999997,4.015625,-0.953664556274836
0,10.194699999999997,4.018750000000001,-0.9691825946289743
0,10.194699999999997,4.021875,-0.9849198442695419
0,10.194699999999997,4.025,-1.000860878764344
0,10.194699999999997,4.028125,-1.0169883135508246
0,10.194699999999997,4.03125,-1.033282704625664
0,10.194699999999997,4.034375000000001,-1.0497224532242306
0,10.194699999999997,4.0375,-1.0662837186081662
0,10.194699999999997,4.040625,-1.0829403412945533
0,10.194699999999997,4.04375,-1.0996637792622297
0,10.194699999999997,4.046875,-1.1164230598521683
0,10.194699999999997,4.050000000000001,-1.133184750228005
0,10.194699999999997,4.053125,-1.149912949370241
0,10.194699999999997,4.05625,-1.166569304630529
0,10.194699999999997,4.059375,-1.1831130558582161
0,10.194699999999997,4.0625,-1.1995011100182553
0,10.194699999999997,4.065625000000001,-1.2156881490340008
0,10.194699999999997,4.06875,-1.2316267733006245
0,10.194699999999997,4.071875,-1.2472676829149127
0,10.194699999999997,4.075,-1.2625598981486426
0,10.194699999999997,4.078125,-1.2774510200539164
0,10.194699999999997,4.081250000000001,-1.291887531330363
0,10.194699999999997,4.084375,-1.3058151367150233
0,10.194699999999997,4.0875,-1.3191791411889402
0,10.194699999999997,4.090625,-1.3319248632503422
0,10.194699999999997,4.09375,-1.3439980794109039
0,10.194699999999997,4.096875000000001,-1.355345494961055
0,10.194699999999997,4.1,-1.3659152349633368
0,10.194699999999997,4.103125,-1.3756573484121186
0,10.194699999999997,4.10625,-1.3845243175899553
0,10.194699999999997,4.109375,-1.3924715639026746
0,10.194699999999997,4.112500000000001,-1.3994579409303782
0,10.194699999999997,4.115625,-1.4054462051303656
0,10.194699999999997,4.11875,-1.4104034546016089
0,10.194699999999997,4.121875,-1.4143015265903656
0,10.194699999999997,4.125,-1.4171173449920262
0,10.194699999999997,4.128125000000001,-1.4188332099797767
0,10.194699999999997,4.13125,-1.4194370230470144
0,10.194699999999997,4.134375,-1.4189224421532847
0,10.194699999999997,4.1375,-1.4172889632658745
0,10.194699999999997,4.140625,-1.4145419263331345
0,10.194699999999997,4.143750000000001,-1.4106924455451708
0,10.194699999999997,4.146875,-1.4057572655627542
0,10.194699999999997,4.15,-1.399758547155585
0,10.194699999999997,4.153125,-1.392723587319877
0,10.194699999999997,4.15625,-1.384684480382805
0,10.194699999999997,4.159375000000001,-1.3756777277991423
0,10.194699999999997,4.1625,-1.365743805266854
0,10.194699999999997,4.165625,-1.3549266964116722
0,10.194699999999997,4.16875,-1.3432734026087012
0,10.194699999999997,4.171875,-1.3308334385280185
0,10.194699999999997,4.175000000000001,-1.317658322731564
0,10.194699999999997,4.178125,-1.3038010721396633
0,10.194699999999997,4.18125,-1.2893157084662625
0,10.194699999999997,4.184375,-1.2742567838363204
0,10.194699999999997,4.1875,-1.258678931792458
0,10.194699999999997,4.190625000000001,-1.2426364488185782
0,10.194699999999997,4.19375,-1.226182910398716
0,10.194699999999997,4.196875,-1.2093708245306085
0,10.194699999999997,4.2,-1.1922513245600166
0,10.194699999999997,4.203125,-1.1748739022209602
0,10.194699999999997,4.206250000000001,-1.1572861808816903
0,10.194699999999997,4.209375,-1.1395337282197255
0,10.194699999999997,4.2125,-1.1216599068910986
0,10.194699999999997,4.215625,-1.1037057612219285
0,10.194699999999997,4.21875,-1.0857099375317332
0,10.194699999999997,4.221875000000001,-1.0677086353932508
0,10.194699999999997,4.225,-1.0497355869325755
0,10.194699999999997,4.228125,-1.0318220611663083
0,10.194699999999997,4.23125,-1.0139968903470284
0,10.194699999999997,4.234375,-0.9962865153311579
0,10.194699999999997,4.237500000000001,-0.9787150470831699
0,10.194699999999997,4.240625,-0.9613043415735122
0,10.194699999999997,4.24375,-0.9440740855042846
0,10.194699999999997,4.246875,-0.927041890496602
0,10.194699999999997,4.25,-0.9102233935867949
0,10.194699999999997,4.253125000000001,-0.893632362099205
0,10.194699999999997,4.25625,-0.8772808011834093
0,10.194699999999997,4.259375,-0.8611790625191947
0,10.194699999999997,4.2625,-0.8453359528995062
0,10.194699999999997,4.265625,-0.8297588415961029
0,10.194699999999997,4.268750000000001,-0.814453765594201
0,10.194699999999997,4.271875,-0.7994255319482275
0,10.194699999999997,4.275,-0.7846778166612203
0,10.194699999999997,4.278125,-0.7702132596252466
0,10.194699999999997,4.28125,-0.7560335552789056
0,10.194699999999997,4.284375000000001,-0.7421395387425131
0,10.194699999999997,4.2875,-0.7285312672813787
0,10.194699999999997,4.290625,-0.7152080970244972
0,10.194699999999997,4.29375,-0.7021687549310247
0,10.194699999999997,4.296875,-0.6894114060504419
0,10.194699999999997,4.300000000000001,-0.6769337161666881
0,10.194699999999997,4.303125,-0.6647329099516234
0,10.194699999999997,4.30625,-0.6528058247807826
0,10.194699999999997,4.309375,-0.6411489603854564
0,10.194699999999997,4.3125,-0.6297585245299183
0,10.194699999999997,4.315625000000001,-0.6186304749130895
0,10.194699999999997,4.31875,-0.6077605574997151
0,10.194699999999997,4.321875,-0.5971443414886196
0,10.194699999999997,4.325,-0.5867772511253906
0,10.194699999999997,4.328125,-0.576654594563826
0,10.194699999999997,4.331250000000001,-0.5667715899761564
0,10.194699999999997,4.334375,-0.5571233891058244
0,10.194699999999997,4.3375,-0.5477050984494344
0,10.194699999999997,4.340625,-0.5385117982466578
0,10.194699999999997,4.34375,-0.5295385594480916
0,10.194699999999997,4.346875000000001,-0.5207804588224217
0,10.194699999999997,4.35,-0.5122325923550424
0,10.194699999999997,4.353125,-0.5038900870811922
0,10.194699999999997,4.35625,-0.49574811148780906
0,10.194699999999997,4.359375,-0.48780188460926166
0,10.194699999999997,4.362500000000001,-0.4800466839337646
0,10.194699999999997,4.365625,-0.4724778522288808
0,10.194699999999997,4.36875,-0.4650908033866037
0,10.194699999999997,4.371875,-0.457881027381071
0,10.194699999999997,4.375,-0.45084409442461104
0,10.194699999999997,4.378125000000001,-0.4439756584012449
0,10.194699999999997,4.38125,-0.43727145965028247
0,10.194699999999997,4.384375,-0.43072732716668777
0,10.194699999999997,4.3875,-0.424339180279405
0,10.194699999999997,4.390625,-0.4181030298634638
0,10.194699999999997,4.393750000000001,-0.4120149791370091
0,10.194699999999997,4.396875,-0.40607122408980495
0,10.194699999999997,4.4,-0.40026805358560624
0,10.194699999999997,4.403125,-0.3946018491770384
0,10.194699999999997,4.40625,-0.38906908466793255
0,10.194699999999997,4.409375000000001,-0.38366632545494156
0,10.194699999999997,4.4125,-0.37839022767717384
0,10.194699999999997,4.415625,-0.37323753719982533
0,10.194699999999997,4.41875,-0.3682050884553456
0,10.194699999999997,4.421875,-0.3632898031632263
0,10.194699999999997,4.425000000000001,-0.3584886889475177
0,10.194699999999997,4.428125,-0.35379883786916405
0,10.194699999999997,4.43125,-0.34921742488849167
0,10.194699999999997,4.434375,-0.34474170627164685
0,10.194699999999997,4.4375,-0.34036901795320273
0,10.194699999999997,4.440625000000001,-0.336096773865943
0,10.194699999999997,4.44375,-0.33192246424754956
0,10.194699999999997,4.446875,-0.327843653932832
0,10.194699999999997,4.45,-0.3238579806392076
0,10.194699999999997,4.453125,-0.31996315325213637
0,10.194699999999997,4.456250000000001,-0.31615695011650985
0,10.194699999999997,4.459375,-0.31243721733919594
0,10.194699999999997,4.4625,-0.3088018671072793
0,10.194699999999997,4.465625,-0.3052488760260026
0,10.194699999999997,4.46875,-0.3017762834797796
0,10.194699999999997,4.471875000000001,-0.29838219001926586
0,10.194699999999997,4.475,-0.29506475577698
0,10.194699999999997,4.478125,-0.2918221989135854
0,10.194699999999997,4.48125,-0.2886527940966438
0,10.194699999999997,4.484375,-0.28555487101326144
0,10.194699999999997,4.487500000000001,-0.2825268129178513
0,10.194699999999997,4.490625,-0.2795670552159427
0,10.194699999999997,4.49375,-0.27667408408474736
0,10.194699999999997,4.496875,-0.2738464351310468
0,10.194699999999997,4.5,-0.2710826920867181
0,10.194699999999997,4.503125000000001,-0.26838148554213725
0,10.194699999999997,4.50625,-0.26574149171752137
0,10.194699999999997,4.509375,-0.26316143127215585
0,10.194699999999997,4.5125,-0.2606400681513909
0,10.194699999999997,4.515625,-0.258176208471134
0,10.194699999999997,4.518750000000001,-0.25576869943955743
0,10.194699999999997,4.521875,-0.2534164283156273
0,10.194699999999997,4.525,-0.25111832140400747
0,10.194699999999997,4.528125,-0.2488733430858785
0,10.194699999999997,4.53125,-0.24668049488510435
0,10.194699999999997,4.534375000000001,-0.24453881456920995
0,10.194699999999997,4.5375,-0.24244737528455781
0,10.194699999999997,4.540625,-0.2404052847250923
0,10.194699999999997,4.54375,-0.23841168433402615
0,10.194699999999997,4.546875,-0.23646574853777333
0,10.194699999999997,4.550000000000001,-0.2345666840114677
0,10.194699999999997,4.553125,-0.23271372897535905
0,10.194699999999997,4.55625,-0.23090615252136662
0,10.194699999999997,4.559375,-0.22914325396908722
0,10.194699999999997,4.5625,-0.2274243622504931
0,10.194699999999997,4.565625000000001,-0.22574883532259205
0,10.194699999999997,4.56875,-0.22411605960727946
0,10.194699999999997,4.571875,-0.2225254494575988
0,10.194699999999997,4.575,-0.2209764466496376
0,10.194699999999997,4.578125,-0.21946851989922572
0,10.194699999999997,4.581250000000001,-0.2180011644026259
0,10.194699999999997,4.584375,-0.21657390140035454
0,10.194699999999997,4.5875,-0.21518627776324797
0,10.194699999999997,4.590625,-0.21383786559987983
0,10.194699999999997,4.59375,-0.21252826188436139
0,10.194699999999997,4.596875000000001,-0.21125708810355448
0,10.194699999999997,4.6,-0.21002398992265495
0,10.194699999999997,4.603125,-0.20882863686805436
0,10.194699999999997,4.60625,-0.20767072202634446
0,10.194699999999997,4.609375,-0.20654996175822882
0,10.194699999999997,4.612500000000001,-0.20546609542606087
0,10.194699999999997,4.615625,-0.20441888513361905
0,10.194699999999997,4.61875,-0.20340811547663476
0,10.194699999999997,4.621875,-0.2024335933024938
0,10.194699999999997,4.625,-0.2014951474773848
0,10.194699999999997,4.628125000000001,-0.2005926286590584
0,10.194699999999997,4.63125,-0.19972590907319238
0,10.194699999999997,4.634375,-0.1988948822911959
0,10.194699999999997,4.6375,-0.1980994630071115
0,10.194699999999997,4.640625,-0.19733958681105226
0,10.194699999999997,4.643750000000001,-0.1966152099564077
0,10.194699999999997,4.646875,-0.19592630911779638
0,10.194699999999997,4.65,-0.19527288113647567
0,10.194699999999997,4.653125,-0.19465494274963782
0,10.194699999999997,4.65625,-0.19407253029968558
0,10.194699999999997,4.659375000000001,-0.1935256994192519
0,10.194699999999997,4.6625,-0.19301452468734148
0,10.194699999999997,4.665625,-0.19253909925156754
0,10.194699999999997,4.66875,-0.19209953441102423
0,10.194699999999997,4.671875,-0.1916959591538516
0,10.194699999999997,4.675000000000001,-0.19132851964305386
0,10.194699999999997,4.678125,-0.19099737864358224
0,10.194699999999997,4.68125,-0.19070271488311397
0,10.194699999999997,4.684375,-0.1904447223383501
0,10.194699999999997,4.6875,-0.19022360943799457
0,10.194699999999997,4.690625000000001,-0.19003959817289864
0,10.194699999999997,4.69375,-0.1898929231031318
0,10.194699999999997,4.696875,-0.18978383025099227
0,10.194699999999997,4.7,-0.18971257586819731
0,10.194699999999997,4.703125,-0.1896794250646951
0,10.194699999999997,4.706250000000001,-0.18968465028573608
0,10.194699999999997,4.709375,-0.18972852962302633
0,10.194699999999997,4.7125,-0.18981134494498217
0,10.194699999999997,4.715625,-0.1899333798303208
0,10.194699999999997,4.71875,-0.19009491728848008
0,10.194699999999997,4.721875000000001,-0.19029623724966946
0,10.194699999999997,4.725,-0.1905376138067583
0,10.194699999999997,4.728125,-0.1908193121907142
0,10.194699999999997,4.73125,-0.19114158546096113
0,10.194699999999997,4.734375,-0.19150467089187154
0,10.194699999999997,4.737500000000001,-0.19190878603667602
0,10.194699999999997,4.740625,-0.19235412445042963
0,10.194699999999997,4.74375,-0.19284085105436874
0,10.194699999999997,4.746875,-0.19336909712508474
0,10.194699999999997,4.75,-0.19393895489352303
0,10.194699999999997,4.753125000000001,-0.19455047174093698
0,10.194699999999997,4.75625,-0.1952036439816997
0,10.194699999999997,4.759375,-0.19589841022638155
0,10.194699999999997,4.7625,-0.1966346443228213
0,10.194699999999997,4.765625,-0.19741214787819086
0,10.194699999999997,4.768750000000001,-0.19823064237132731
0,10.194699999999997,4.771875,-0.1990897608720249
0,10.194699999999997,4.775,-0.1999890393926168
0,10.194699999999997,4.778125,-0.2009279079070948
0,10.194699999999997,4.78125,-0.2019056810843378
0,10.194699999999997,4.784375000000001,-0.20292154879470606
0,10.194699999999997,4.7875,-0.20397456646339923
0,10.194699999999997,4.790625,-0.20506364535949137
0,10.194699999999997,4.79375,-0.20618754292636138
0,10.194699999999997,4.796875,-0.20734485327724686
0,10.194699999999997,4.800000000000001,-0.20853399799855063
0,10.194699999999997,4.803125,-0.20975321742311512
0,10.194699999999997,4.80625,-0.21100056255549296
0,10.194699999999997,4.809375,-0.21227388785077253
0,10.194699999999997,4.8125,-0.21357084506721952
0,10.194699999999997,4.815625000000001,-0.21488887843001725
0,10.194699999999997,4.81875,-0.2162252213580046
0,10.194699999999997,4.821875,-0.21757689501648228
0,10.194699999999997,4.825,-0.2189407089658523
0,10.194699999999997,4.828125,-0.22031326417702427
0,10.194699999999997,4.831250000000001,-0.22169095867890967
0,10.194699999999997,4.834375,-0.2230699960899284
0,10.194699999999997,4.8375,-0.22444639726314453
0,10.194699999999997,4.840625,-0.22581601524253037
0,10.194699999999997,4.84375,-0.2271745536853163
0,10.194699999999997,4.846875000000001,-0.22851758885191928
0,10.194699999999997,4.85,-0.22984059520068467
0,10.194699999999997,4.853125,-0.2311389745500204
0,10.194699999999997,4.85625,-0.2324080886864635
0,10.194699999999997,4.859375,-0.23364329520546018
0,10.194699999999997,4.862500000000001,-0.2348399862742449
0,10.194699999999997,4.865625,-0.23599362990608724
0,10.194699999999997,4.86875,-0.23709981323559662
0,10.194699999999997,4.871875,-0.23815428718953272
0,10.194699999999997,4.875,-0.23915301186080307
0,10.194699999999997,4.878125000000001,-0.24009220181915417
0,10.194699999999997,4.88125,-0.24096837053467882
0,10.194699999999997,4.884375,-0.24177837305337035
0,10.194699999999997,4.8875,-0.24251944605072334
0,10.194699999999997,4.890625,-0.24318924440217826
0,10.194699999999997,4.893750000000001,-0.24378587344923314
0,10.194699999999997,4.896875,-0.2443079162074381
0,10.194699999999997,4.9,-0.2447544548559619
0,10.194699999999997,4.903125,-0.245125085965438
0,10.194699999999997,4.90625,-0.24541992905760388
0,10.194699999999997,4.909375000000001,-0.24563962824195348
0,10.194699999999997,4.9125,-0.24578534683560105
0,10.194699999999997,4.915625,-0.2458587550366005
0,10.194699999999997,4.91875,-0.2458620108817224
0,10.194699999999997,4.921875,-0.24579773487101814
0,10.194699999999997,4.925000000000001,-0.24566897877775007
0,10.194699999999997,4.928125,-0.24547918927866702
0,10.194699999999997,4.93125,-0.24523216713244841
0,10.194699999999997,4.934375,-0.24493202270096687
0,10.194699999999997,4.9375,-0.24458312864769122
0,10.194699999999997,4.940625000000001,-0.24419007066023696
0,10.194699999999997,4.94375,-0.24375759703114336
0,10.194699999999997,4.946875,-0.2432905678948457
0,10.194699999999997,4.95,-0.2427939048627894
0,10.194699999999997,4.953125,-0.24227254172653767
0,10.194699999999997,4.956250000000001,-0.24173137681479154
0,10.194699999999997,4.959375,-0.24117522749873388
0,10.194699999999997,4.9625,-0.24060878724522497
0,10.194699999999997,4.965625,-0.24003658552299167
0,10.194699999999997,4.96875,-0.23946295077644814
0,10.194699999999997,4.971875000000001,-0.2388919765980902
0,10.194699999999997,4.975,-0.23832749115573215
0,10.194699999999997,4.978125,-0.23777302986689003
0,10.194699999999997,4.98125,-0.23723181126040724
0,10.194699999999997,4.984375,-0.23670671592544068
0,10.194699999999997,4.987500000000001,-0.23620026842021827
0,10.194699999999997,4.990625,-0.23571462199707977
0,10.194699999999997,4.99375,-0.23525154599546988
0,10.194699999999997,4.996875,-0.2348124157597152
0,10.194699999999997,5.0,-0.23439820495228533
0,10.194699999999997,5.003125,-0.23400948015443476
0,10.194699999999997,5.0062500000000005,-0.2336463976730586
0,10.194699999999997,5.009375,-0.23330870250369729
0,10.194699999999997,5.0125,-0.23299572943321203
0,10.194699999999997,5.015625,-0.23270640630005407
0,10.194699999999997,5.01875,-0.23243925946356614
0,10.194699999999997,5.0218750000000005,-0.2321924215647093
0,10.194699999999997,5.025,-0.23196364168734104
0,10.194699999999997,5.028125,-0.23175029805007222
0,10.194699999999997,5.03125,-0.23154941337226953
0,10.194699999999997,5.034375,-0.2313576730625227
0,10.194699999999997,5.0375000000000005,-0.23117144637260142
0,10.194699999999997,5.040625,-0.23098681064354476
0,10.194699999999997,5.04375,-0.23079957874229143
0,10.194699999999997,5.046875,-0.2306053297467661
0,10.194699999999997,5.05,-0.230399442884609
0,10.194699999999997,5.0531250000000005,-0.23017713466628725
0,10.194699999999997,5.05625,-0.22993349907823912
0,10.194699999999997,5.059375,-0.2296635506176512
0,10.194699999999997,5.0625,-0.2293622698597521
0,10.194699999999997,5.065625,-0.22902465115401352
0,10.194699999999997,5.0687500000000005,-0.2286457519508321
0,10.194699999999997,5.071875,-0.22822074316899837
0,10.194699999999997,5.075,-0.22774495993073157
0,10.194699999999997,5.078125,-0.22721395191957716
0,10.194699999999997,5.08125,-0.22662353256120646
0,10.194699999999997,5.0843750000000005,-0.2259698261919755
0,10.194699999999997,5.0875,-0.22524931236822374
0,10.194699999999997,5.090625,-0.22445886648310226
0,10.194699999999997,5.09375,-0.22359579589856177
0,10.194699999999997,5.096875,-0.22265787086809474
0,10.194699999999997,5.1000000000000005,-0.22164334961973328
0,10.194699999999997,5.103125,-0.2205509970861355
0,10.194699999999997,5.10625,-0.2193800969055868
0,10.194699999999997,5.109375,-0.21813045646959445
0,10.194699999999997,5.1125,-0.21680240495377562
0,10.194699999999997,5.1156250000000005,-0.21539678443278767
0,10.194699999999997,5.11875,-0.21391493434075137
0,10.194699999999997,5.121875,-0.212358669689801
0,10.194699999999997,5.125,-0.21073025359545322
0,10.194699999999997,5.128125,-0.20903236477356119
0,10.194699999999997,5.1312500000000005,-0.2072680607660355
0,10.194699999999997,5.134375,-0.2054407377187429
0,10.194699999999997,5.1375,-0.20355408757385773
0,10.194699999999997,5.140625,-0.2016120535505918
0,10.194699999999997,5.14375,-0.19961878477392994
0,10.194699999999997,5.1468750000000005,-0.1975785908731719
0,10.194699999999997,5.15,-0.1954958973138884
0,10.194699999999997,5.153125,-0.1933752021521124
0,10.194699999999997,5.15625,-0.19122103481236938
0,10.194699999999997,5.159375,-0.18903791739563414
0,10.194699999999997,5.1625000000000005,-0.1868303289236384
0,10.194699999999997,5.165625,-0.18460267282586806
0,10.194699999999997,5.16875,-0.18235924787839733
0,10.194699999999997,5.171875,-0.18010422271222776
0,10.194699999999997,5.175,-0.17784161392512668
0,10.194699999999997,5.1781250000000005,-0.17557526775674387
0,10.194699999999997,5.18125,-0.17330884522295886
0,10.194699999999997,5.184375,-0.17104581055243406
0,10.194699999999997,5.1875,-0.16878942272624917
0,10.194699999999997,5.190625,-0.16654272988980645
0,10.194699999999997,5.1937500000000005,-0.1643085663842973
0,10.194699999999997,5.196875,-0.162089552131959
0,10.194699999999997,5.2,-0.1598880941040653
0,10.194699999999997,5.203125,-0.15770638960201377
0,10.194699999999997,5.20625,-0.15554643108877272
0,10.194699999999997,5.2093750000000005,-0.15341001231930237
0,10.194699999999997,5.2125,-0.15129873553328138
0,10.194699999999997,5.215625,-0.14921401949059573
0,10.194699999999997,5.21875,-0.1471571081487879
0,10.194699999999997,5.221875,-0.1451290798012143
0,10.194699999999997,5.2250000000000005,-0.14313085651447965
0,10.194699999999997,5.228125,-0.14116321372326468
0,10.194699999999997,5.23125,-0.1392267898595436
0,10.194699999999997,5.234375,-0.1373220959111412
0,10.194699999999997,5.2375,-0.13544952482132708
0,10.194699999999997,5.2406250000000005,-0.133609360656609
0,10.194699999999997,5.24375,-0.13180178748395122
0,10.194699999999997,5.246875,-0.1300268979112798
0,10.194699999999997,5.25,-0.12828470125639135
0,10.194699999999997,5.253125,-0.1265751313192392
0,10.194699999999997,5.2562500000000005,-0.12489805374115517
0,10.194699999999997,5.259375,-0.12325327294192732
0,10.194699999999997,5.2625,-0.12164053863187868
0,10.194699999999997,5.265625,-0.12005955190132465
0,10.194699999999997,5.26875,-0.11850997089405761
0,10.194699999999997,5.2718750000000005,-0.11699141607498188
0,10.194699999999997,5.275,-0.11550347510475951
0,10.194699999999997,5.278125,-0.11404570733641732
0,10.194699999999997,5.28125,-0.11261764795042949
0,10.194699999999997,5.284375,-0.11121881174584959
0,10.194699999999997,5.2875000000000005,-0.10984869660574753
0,10.194699999999997,5.290625,-0.10850678665554304
0,10.194699999999997,5.29375,-0.10719255513287644
0,10.194699999999997,5.296875,-0.10590546698749913
0,10.194699999999997,5.3,-0.10464498122929766
0,10.194699999999997,5.3031250000000005,-0.10341055304207222
0,10.194699999999997,5.30625,-0.10220163568007914
0,10.194699999999997,5.309375,-0.1010176821636454
0,10.194699999999997,5.3125,-0.09985814678942272
0,10.194699999999997,5.315625,-0.09872248647004617
0,10.194699999999997,5.3187500000000005,-0.09761016191715755
0,10.194699999999997,5.321875,-0.09652063868093447
0,10.194699999999997,5.325,-0.0954533880584459
0,10.194699999999997,5.328125,-0.09440788788236422
0,10.194699999999997,5.33125,-0.09338362320077224
0,10.194699999999997,5.3343750000000005,-0.092380086858055
0,10.194699999999997,5.3375,-0.09139677998614007
0,10.194699999999997,5.340625,-0.09043321241465302
0,10.194699999999997,5.34375,-0.0894889030079054
0,10.194699999999997,5.346875,-0.08856337993600097
0,10.194699999999997,5.3500000000000005,-0.08765618088676529
0,10.194699999999997,5.353125,-0.08676685322465187
0,10.194699999999997,5.35625,-0.08589495410225981
0,10.194699999999997,5.359375,-0.08504005052962357
0,10.194699999999997,5.3625,-0.08420171940598102
0,10.194699999999997,5.3656250000000005,-0.08337954751831443
0,10.194699999999997,5.36875,-0.08257313151057447
0,10.194699999999997,5.371875,-0.08178207782713633
0,10.194699999999997,5.375,-0.0810060026337173
0,10.194699999999997,5.378125,-0.08024453171867367
0,10.194699999999997,5.3812500000000005,-0.0794973003773222
0,10.194699999999997,5.384375,-0.07876395328167438
0,10.194699999999997,5.3875,-0.07804414433773477
0,10.194699999999997,5.390625,-0.0773375365323059
0,10.194699999999997,5.39375,-0.07664380177103998
0,10.194699999999997,5.3968750000000005,-0.0759626207093015
0,10.194699999999997,5.4,-0.0752936825772424
0,10.194699999999997,5.403125,-0.07463668500033742
0,10.194699999999997,5.40625,-0.07399133381649968
0,10.194699999999997,5.409375,-0.07335734289076554
0,10.194699999999997,5.4125000000000005,-0.07273443392843036
0,10.194699999999997,5.415625,-0.07212233628741516
0,10.194699999999997,5.41875,-0.0715207867905484
0,10.194699999999997,5.421875,-0.07092952953837044
0,10.194699999999997,5.425,-0.07034831572298676
0,10.194699999999997,5.4281250000000005,-0.06977690344343147
0,10.194699999999997,5.43125,-0.06921505752294183
0,10.194699999999997,5.434375,-0.06866254932848537
0,10.194699999999997,5.4375,-0.06811915659283826
0,10.194699999999997,5.440625,-0.06758466323946262
0,10.194699999999997,5.4437500000000005,-0.06705885921039384
0,10.194699999999997,5.446875,-0.06654154029731384
0,10.194699999999997,5.45,-0.06603250797595035
0,10.194699999999997,5.453125,-0.06553156924391948
0,10.194699999999997,5.45625,-0.06503853646209838
0,10.194699999999997,5.4593750000000005,-0.06455322719959454
0,10.194699999999997,5.4625,-0.06407546408235916
0,10.194699999999997,5.465625,-0.06360507464547058
0,10.194699999999997,5.46875,-0.0631418911891036
0,10.194699999999997,5.471875,-0.06268575063818196
0,10.194699999999997,5.4750000000000005,-0.06223649440570143
0,10.194699999999997,5.478125,-0.06179396825970116
0,10.194699999999997,5.48125,-0.06135802219384881
0,10.194699999999997,5.484375,-0.06092851030160155
0,10.194699999999997,5.4875,-0.06050529065389401
0,10.194699999999997,5.4906250000000005,-0.06008822518030124
0,10.194699999999997,5.49375,-0.059677179553618946
0,10.194699999999997,5.496875,-0.059272023077798136
0,10.194699999999997,5.5,-0.05887262857917093
0,10.194699999999997,5.503125,-0.058478872300898266
0,10.194699999999997,5.5062500000000005,-0.05809063380056977
0,10.194699999999997,5.509375,-0.05770779585088516
0,10.194699999999997,5.5125,-0.05733024434334231
0,10.194699999999997,5.515625,-0.056957868194860935
0,10.194699999999997,5.51875,-0.056590559257265936
0,10.194699999999997,5.5218750000000005,-0.05622821222955698
0,10.194699999999997,5.525,-0.05587072457289059
0,10.194699999999997,5.528125,-0.055517996428199726
0,10.194699999999997,5.53125,-0.05516993053637953
0,10.194699999999997,5.534375,-0.05482643216096566
0,10.194699999999997,5.5375000000000005,-0.05448740901323388
0,10.194699999999997,5.540625,-0.054152771179651185
0,10.194699999999997,5.54375,-0.05382243105160767
0,10.194699999999997,5.546875,-0.053496303257362876
0,10.194699999999997,5.55,-0.05317430459613841
0,10.194699999999997,5.5531250000000005,-0.05285635397429206
0,10.194699999999997,5.55625,-0.052542372343509704
0,10.194699999999997,5.559375,-0.052232282640951054
0,10.194699999999997,5.5625,-0.051926009731290176
0,10.194699999999997,5.565625,-0.051623480350589813
0,10.194699999999997,5.5687500000000005,-0.05132462305195177
0,10.194699999999997,5.571875,-0.051029368152887444
0,10.194699999999997,5.575,-0.05073764768435228
0,10.194699999999997,5.578125,-0.05044939534139208
0,10.194699999999997,5.58125,-0.050164546435348206
0,10.194699999999997,5.5843750000000005,-0.04988303784757152
0,10.194699999999997,5.5875,-0.04960480798459644
0,10.194699999999997,5.590625,-0.04932979673472624
0,10.194699999999997,5.59375,-0.049057945425985454
0,10.194699999999997,5.596875,-0.048789196785392834
0,10.194699999999997,5.6000000000000005,-0.048523494899512604
0,10.194699999999997,5.603125,-0.04826078517624183
0,10.194699999999997,5.60625,-0.0480010143077925
0,10.194699999999997,5.609375,-0.047744130234830214
0,10.194699999999997,5.6125,-0.04749008211173024
0,10.194699999999997,5.6156250000000005,-0.04723882027291462
0,10.194699999999997,5.61875,-0.046990296200234746
0,10.194699999999997,5.621875,-0.046744462491363915
0,10.194699999999997,5.625,-0.04650127282916801
0,10.194699999999997,5.628125,-0.04626068195202065
0,10.194699999999997,5.6312500000000005,-0.0460226456250323
0,10.194699999999997,5.634375,-0.04578712061216323
0,10.194699999999997,5.6375,-0.04555406464919026
0,10.194699999999997,5.640625,-0.045323436417500466
0,10.194699999999997,5.64375,-0.04509519551868348
0,10.194699999999997,5.6468750000000005,-0.044869302449896536
0,10.194699999999997,5.65,-0.044645718579977074
0,10.194699999999997,5.653125,-0.04442440612627739
0,10.194699999999997,5.65625,-0.04420532813219883
0,10.194699999999997,5.659375,-0.04398844844540175
0,10.194699999999997,5.6625000000000005,-0.043773731696669274
0,10.194699999999997,5.665625,-0.04356114327940394
0,10.194699999999997,5.66875,-0.043350649329735445
0,10.194699999999997,5.671875,-0.043142216707220966
0,10.194699999999997,5.675,-0.04293581297611772
0,10.194699999999997,5.6781250000000005,-0.04273140638720947
0,10.194699999999997,5.68125,-0.042528965860169514
0,10.194699999999997,5.684375,-0.0423284609664415
0,10.194699999999997,5.6875,-0.04212986191262289
0,10.194699999999997,5.690625,-0.04193313952433376
0,10.194699999999997,5.6937500000000005,-0.04173826523055565
0,10.194699999999997,5.696875,-0.0415452110484257
0,10.194699999999997,5.7,-0.04135394956847054
0,10.194699999999997,5.703125,-0.04116445394026709
0,10.194699999999997,5.70625,-0.040976697858515654
0,10.194699999999997,5.7093750000000005,-0.04079065554951264
0,10.194699999999997,5.7125,-0.04060630175801039
0,10.194699999999997,5.715625,-0.04042361173445095
0,10.194699999999997,5.71875,-0.040242561222563235
0,10.194699999999997,5.721875,-0.040063126447311095
0,10.194699999999997,5.7250000000000005,-0.03988528410318172
0,10.194699999999997,5.728125,-0.03970901134280375
0,10.194699999999997,5.73125,-0.03953428576588421
0,10.194699999999997,5.734375,-0.03936108540845515
0,10.194699999999997,5.7375,-0.0391893887324196
0,10.194699999999997,5.7406250000000005,-0.03901917461538807
0,10.194699999999997,5.74375,-0.03885042234079632
0,10.194699999999997,5.746875,-0.03868311158829547
0,10.194699999999997,5.75,-0.03851722242440677
0,10.194699999999997,5.753125,-0.03835273529343218
0,10.194699999999997,5.7562500000000005,-0.038189631008613285
0,10.194699999999997,5.759375,-0.03802789074353098
0,10.194699999999997,5.7625,-0.03786749602373819
0,10.194699999999997,5.765625,-0.037708428718619076
0,10.194699999999997,5.76875,-0.0375506710334675
0,10.194699999999997,5.7718750000000005,-0.03739420550177828
0,10.194699999999997,5.775,-0.037239014977744796
0,10.194699999999997,5.778125,-0.03708508262895648
0,10.194699999999997,5.78125,-0.03693239192929076
0,10.194699999999997,5.784375,-0.03678092665199309
0,10.194699999999997,5.7875000000000005,-0.03663067086293977
0,10.194699999999997,5.790625,-0.03648160891407816
0,10.194699999999997,5.79375,-0.03633372543703856
0,10.194699999999997,5.796875,-0.036187005336913464
0,10.194699999999997,5.800000000000001,-0.03604143378619847
0,10.194699999999997,5.8031250000000005,-0.035896996218890906
0,10.194699999999997,5.80625,-0.035753678324740495
0,10.194699999999997,5.809375,-0.035611466043648766
0,10.194699999999997,5.8125,-0.035470345560212085
0,10.194699999999997,5.815625000000001,-0.03533030329840447
0,10.194699999999997,5.8187500000000005,-0.0351913259163962
0,10.194699999999997,5.821875,-0.03505340030150379
0,10.194699999999997,5.825,-0.0349165135652684
0,10.194699999999997,5.828125,-0.03478065303865826
0,10.194699999999997,5.831250000000001,-0.034645806267391846
0,10.194699999999997,5.8343750000000005,-0.034511961007378654
0,10.194699999999997,5.8375,-0.03437910522027342
0,10.194699999999997,5.840625,-0.0342472270691415
0,10.194699999999997,5.84375,-0.034116314914231775
0,10.194699999999997,5.846875000000001,-0.033986357308853965
0,10.194699999999997,5.8500000000000005,-0.03385734299535789
0,10.194699999999997,5.853125,-0.03372926090121118
0,10.194699999999997,5.85625,-0.033602100135173285
0,10.194699999999997,5.859375,-0.03347584998356275
0,10.194699999999997,5.862500000000001,-0.03335049990661529
0,10.194699999999997,5.8656250000000005,-0.033226039534930245
0,10.194699999999997,5.86875,-0.033102458666002595
0,10.194699999999997,5.871875,-0.032979747260838736
0,10.194699999999997,5.875,-0.03285789544065332
0,10.194699999999997,5.878125000000001,-0.03273689348364507
0,10.194699999999997,5.8812500000000005,-0.032616731821849564
0,10.194699999999997,5.884375,-0.03249740103806647
0,10.194699999999997,5.8875,-0.03237889186285973
0,10.194699999999997,5.890625,-0.03226119517162845
0,10.194699999999997,5.893750000000001,-0.03214430198174662
0,10.194699999999997,5.8968750000000005,-0.032028203449769956
0,10.194699999999997,5.9,-0.031912890868707584
0,10.194699999999997,5.903125,-0.031798355665357735
0,10.194699999999997,5.90625,-0.03168458939770481
0,10.194699999999997,5.909375000000001,-0.0315715837523768
0,10.194699999999997,5.9125000000000005,-0.031459330542161296
0,10.194699999999997,5.915625,-0.03134782170357831
0,10.194699999999997,5.91875,-0.03123704929450886
0,10.194699999999997,5.921875,-0.03112700549187752
0,10.194699999999997,5.925000000000001,-0.031017682589387623
0,10.194699999999997,5.9281250000000005,-0.03090907299530791
0,10.194699999999997,5.93125,-0.03080116923030884
0,10.194699999999997,5.934375,-0.030693963925347886
0,10.194699999999997,5.9375,-0.030587449819602087
0,10.194699999999997,5.940625000000001,-0.03048161975844682
0,10.194699999999997,5.9437500000000005,-0.030376466691479732
0,10.194699999999997,5.946875,-0.03027198367058823
0,10.194699999999997,5.95,-0.030168163848060064
0,10.194699999999997,5.953125,-0.03006500047473538
0,10.194699999999997,5.956250000000001,-0.02996248689819942
0,10.194699999999997,5.9593750000000005,-0.02986061656101497
0,10.194699999999997,5.9625,-0.029759382998993042
0,10.194699999999997,5.965625,-0.029658779839501596
0,10.194699999999997,5.96875,-0.029558800799810683
0,10.194699999999997,5.971875000000001,-0.02945943968547344
0,10.194699999999997,5.9750000000000005,-0.029360690388742065
0,10.194699999999997,5.978125,-0.029262546887017588
0,10.194699999999997,5.98125,-0.02916500324133302
0,10.194699999999997,5.984375,-0.029068053594868838
0,10.194699999999997,5.987500000000001,-0.028971692171499905
0,10.194699999999997,5.9906250000000005,-0.02887591327437348
0,10.194699999999997,5.99375,-0.02878071128451686
0,10.194699999999997,5.996875,-0.02868608065947469
0,10.194699999999997,6.0,-0.028592015931974746
