"Current","Field","Frequency","Spectra"
0,24.098999999999997,1.0,-0.03152131745545161
0,24.098999999999997,1.003125,-0.03161759517713378
0,24.098999999999997,1.00625,-0.03171434453151537
0,24.098999999999997,1.009375,-0.03181156884734501
0,24.098999999999997,1.0125,-0.03190927148513646
0,24.098999999999997,1.015625,-0.032007455837558055
0,24.098999999999997,1.01875,-0.03210612532982811
0,24.098999999999997,1.021875,-0.03220528342011618
0,24.098999999999997,1.025,-0.03230493359995048
0,24.098999999999997,1.028125,-0.032405079394631484
0,24.098999999999997,1.03125,-0.03250572436365173
0,24.098999999999997,1.034375,-0.03260687210112222
0,24.098999999999997,1.0375,-0.03270852623620513
0,24.098999999999997,1.040625,-0.03281069043355333
0,24.098999999999997,1.04375,-0.03291336839375664
0,24.098999999999997,1.046875,-0.033016563853794846
0,24.098999999999997,1.05,-0.033120280587497955
0,24.098999999999997,1.053125,-0.03322452240601338
0,24.098999999999997,1.05625,-0.03332929315828053
0,24.098999999999997,1.059375,-0.03343459673151277
0,24.098999999999997,1.0625,-0.03354043705168689
0,24.098999999999997,1.065625,-0.03364681808404034
0,24.098999999999997,1.06875,-0.03375374383357621
0,24.098999999999997,1.071875,-0.03386121834557622
0,24.098999999999997,1.075,-0.03396924570612184
0,24.098999999999997,1.078125,-0.034077830042623644
0,24.098999999999997,1.08125,-0.034186975524359155
0,24.098999999999997,1.084375,-0.03429668636301922
0,24.098999999999997,1.0875,-0.034406966813263086
0,24.098999999999997,1.090625,-0.034517821173282594
0,24.098999999999997,1.09375,-0.034629253785375166
0,24.098999999999997,1.096875,-0.03474126903652629
0,24.098999999999997,1.1,-0.03485387135900131
0,24.098999999999997,1.103125,-0.03496706523094682
0,24.098999999999997,1.10625,-0.035080855177001984
0,24.098999999999997,1.109375,-0.035195245768919615
0,24.098999999999997,1.1125,-0.03531024162619767
0,24.098999999999997,1.115625,-0.035425847416720946
0,24.098999999999997,1.11875,-0.035542067857413415
0,24.098999999999997,1.121875,-0.035658907714901336
0,24.098999999999997,1.125,-0.03577637180618732
0,24.098999999999997,1.128125,-0.03589446499933568
0,24.098999999999997,1.13125,-0.03601319221416908
0,24.098999999999997,1.134375,-0.03613255842297691
0,24.098999999999997,1.1375,-0.03625256865123557
0,24.098999999999997,1.140625,-0.03637322797834072
0,24.098999999999997,1.14375,-0.03649454153835206
0,24.098999999999997,1.146875,-0.03661651452075057
0,24.098999999999997,1.15,-0.03673915217120858
0,24.098999999999997,1.153125,-0.03686245979237315
0,24.098999999999997,1.15625,-0.0369864427446625
0,24.098999999999997,1.159375,-0.03711110644707632
0,24.098999999999997,1.1625,-0.03723645637801987
0,24.098999999999997,1.165625,-0.037362498076142295
0,24.098999999999997,1.16875,-0.03748923714118942
0,24.098999999999997,1.171875,-0.03761667923487127
0,24.098999999999997,1.175,-0.0377448300817447
0,24.098999999999997,1.178125,-0.03787369547011145
0,24.098999999999997,1.18125,-0.03800328125293167
0,24.098999999999997,1.184375,-0.038133593348753825
0,24.098999999999997,1.1875,-0.03826463774266052
0,24.098999999999997,1.190625,-0.03839642048723137
0,24.098999999999997,1.19375,-0.03852894770352265
0,24.098999999999997,1.196875,-0.038662225582064405
0,24.098999999999997,1.2,-0.03879626038387538
0,24.098999999999997,1.203125,-0.03893105844149587
0,24.098999999999997,1.20625,-0.03906662616003925
0,24.098999999999997,1.209375,-0.039202970018262256
0,24.098999999999997,1.2125,-0.03934009656965459
0,24.098999999999997,1.215625,-0.03947801244354823
0,24.098999999999997,1.21875,-0.03961672434624676
0,24.098999999999997,1.221875,-0.039756239062175305
0,24.098999999999997,1.225,-0.03989656345505139
0,24.098999999999997,1.228125,-0.04003770446907716
0,24.098999999999997,1.23125,-0.040179669130153646
0,24.098999999999997,1.234375,-0.040322464547117104
0,24.098999999999997,1.2375,-0.04046609791299842
0,24.098999999999997,1.240625,-0.04061057650630567
0,24.098999999999997,1.24375,-0.04075590769233057
0,24.098999999999997,1.246875,-0.040902098924479255
0,24.098999999999997,1.25,-0.04104915774562791
0,24.098999999999997,1.253125,-0.0411970917895038
0,24.098999999999997,1.25625,-0.04134590878209234
0,24.098999999999997,1.259375,-0.04149561654307058
0,24.098999999999997,1.2625,-0.04164622298726797
0,24.098999999999997,1.265625,-0.04179773612615471
0,24.098999999999997,1.26875,-0.041950164069358475
0,24.098999999999997,1.271875,-0.042103515026210264
0,24.098999999999997,1.275,-0.04225779730731961
0,24.098999999999997,1.278125,-0.04241301932618025
0,24.098999999999997,1.28125,-0.042569189600806745
0,24.098999999999997,1.284375,-0.042726316755402685
0,24.098999999999997,1.2875,-0.042884409522061316
0,24.098999999999997,1.290625,-0.04304347674249927
0,24.098999999999997,1.29375,-0.04320352736982422
0,24.098999999999997,1.296875,-0.043364570470337
0,24.098999999999997,1.3,-0.04352661522536932
0,24.098999999999997,1.303125,-0.04368967093315766
0,24.098999999999997,1.30625,-0.04385374701075423
0,24.098999999999997,1.309375,-0.04401885299597581
0,24.098999999999997,1.3125,-0.04418499854939151
0,24.098999999999997,1.315625,-0.04435219345635014
0,24.098999999999997,1.31875,-0.044520447629048235
0,24.098999999999997,1.321875,-0.044689771108639656
0,24.098999999999997,1.325,-0.0448601740673878
0,24.098999999999997,1.328125,-0.04503166681086126
0,24.098999999999997,1.33125,-0.045204259780174144
0,24.098999999999997,1.334375,-0.04537796355427201
0,24.098999999999997,1.3375,-0.045552788852264534
0,24.098999999999997,1.340625,-0.04572874653580594
0,24.098999999999997,1.34375,-0.04590584761152447
0,24.098999999999997,1.346875,-0.046084103233501955
0,24.098999999999997,1.35,-0.04626352470580474
0,24.098999999999997,1.353125,-0.04644412348506725
0,24.098999999999997,1.35625,-0.046625911183129275
0,24.098999999999997,1.359375,-0.04680889956972852
0,24.098999999999997,1.3625,-0.046993100575249656
0,24.098999999999997,1.365625,-0.047178526293531135
0,24.098999999999997,1.36875,-0.04736518898473144
0,24.098999999999997,1.371875,-0.04755310107825599
0,24.098999999999997,1.375,-0.047742275175746286
0,24.098999999999997,1.378125,-0.04793272405413289
0,24.098999999999997,1.38125,-0.04812446066875368
0,24.098999999999997,1.384375,-0.04831749815653919
0,24.098999999999997,1.3875,-0.0485118498392665
0,24.098999999999997,1.390625,-0.048707529226883546
0,24.098999999999997,1.39375,-0.048904550020905546
0,24.098999999999997,1.396875,-0.049102926117885345
0,24.098999999999997,1.4,-0.04930267161295966
0,24.098999999999997,1.403125,-0.04950380080347297
0,24.098999999999997,1.40625,-0.049706328192681115
0,24.098999999999997,1.409375,-0.049910268493536664
0,24.098999999999997,1.4125,-0.05011563663255816
0,24.098999999999997,1.415625,-0.05032244775378515
0,24.098999999999997,1.41875,-0.05053071722282174
0,24.098999999999997,1.421875,-0.05074046063097017
0,24.098999999999997,1.425,-0.050951693799457604
0,24.098999999999997,1.428125,-0.05116443278375789
0,24.098999999999997,1.43125,-0.051378693878011084
0,24.098999999999997,1.434375,-0.0515944936195433
0,24.098999999999997,1.4375,-0.051811848793489275
0,24.098999999999997,1.440625,-0.05203077643752066
0,24.098999999999997,1.44375,-0.05225129384668266
0,24.098999999999997,1.446875,-0.05247341857834181
0,24.098999999999997,1.45,-0.05269716845724818
0,24.098999999999997,1.453125,-0.052922561580714504
0,24.098999999999997,1.45625,-0.05314961632391596
0,24.098999999999997,1.459375,-0.05337835134531341
0,24.098999999999997,1.4625,-0.0536087855922036
0,24.098999999999997,1.465625,-0.05384093830639979
0,24.098999999999997,1.46875,-0.05407482903004614
0,24.098999999999997,1.471875,-0.05431047761156968
0,24.098999999999997,1.475,-0.05454790421177365
0,24.098999999999997,1.478125,-0.0547871293100758
0,24.098999999999997,1.48125,-0.055028173710896064
0,24.098999999999997,1.484375,-0.05527105855019715
0,24.098999999999997,1.4875,-0.05551580530218285
0,24.098999999999997,1.490625,-0.0557624357861581
0,24.098999999999997,1.49375,-0.056010972173555315
0,24.098999999999997,1.496875,-0.05626143699513183
0,24.098999999999997,1.5,-0.05651385314834285
0,24.098999999999997,1.503125,-0.05676824390489538
0,24.098999999999997,1.50625,-0.05702463291848775
0,24.098999999999997,1.509375,-0.05728304423274021
0,24.098999999999997,1.5125000000000002,-0.05754350228932207
0,24.098999999999997,1.515625,-0.057806031936280665
0,24.098999999999997,1.51875,-0.058070658436578465
0,24.098999999999997,1.521875,-0.0583374074768436
0,24.098999999999997,1.525,-0.05860630517634052
0,24.098999999999997,1.5281250000000002,-0.05887737809616697
0,24.098999999999997,1.53125,-0.05915065324868336
0,24.098999999999997,1.534375,-0.0594261581071823
0,24.098999999999997,1.5375,-0.059703920615804165
0,24.098999999999997,1.540625,-0.059983969199706604
0,24.098999999999997,1.5437500000000002,-0.060266332775495396
0,24.098999999999997,1.546875,-0.060551040761923705
0,24.098999999999997,1.55,-0.06083812309086883
0,24.098999999999997,1.553125,-0.06112761021859325
0,24.098999999999997,1.55625,-0.0614195331372997
0,24.098999999999997,1.5593750000000002,-0.06171392338698825
0,24.098999999999997,1.5625,-0.06201081306762456
0,24.098999999999997,1.565625,-0.06231023485162905
0,24.098999999999997,1.56875,-0.06261222199669611
0,24.098999999999997,1.571875,-0.06291680835895366
0,24.098999999999997,1.5750000000000002,-0.06322402840647338
0,24.098999999999997,1.578125,-0.06353391723314196
0,24.098999999999997,1.58125,-0.06384651057290502
0,24.098999999999997,1.584375,-0.06416184481439438
0,24.098999999999997,1.5875,-0.06447995701595094
0,24.098999999999997,1.5906250000000002,-0.06480088492105542
0,24.098999999999997,1.59375,-0.06512466697417897
0,24.098999999999997,1.596875,-0.06545134233706788
0,24.098999999999997,1.6,-0.06578095090547426
0,24.098999999999997,1.603125,-0.06611353332634831
0,24.098999999999997,1.6062500000000002,-0.06644913101550559
0,24.098999999999997,1.609375,-0.06678778617578432
0,24.098999999999997,1.6125,-0.06712954181570907
0,24.098999999999997,1.615625,-0.06747444176867547
0,24.098999999999997,1.61875,-0.06782253071267381
0,24.098999999999997,1.6218750000000002,-0.06817385419056814
0,24.098999999999997,1.625,-0.06852845863094827
0,24.098999999999997,1.628125,-0.0688863913695742
0,24.098999999999997,1.63125,-0.06924770067143082
0,24.098999999999997,1.634375,-0.0696124357534134
0,24.098999999999997,1.6375000000000002,-0.06998064680766425
0,24.098999999999997,1.640625,-0.0703523850255812
0,24.098999999999997,1.64375,-0.07072770262252095
0,24.098999999999997,1.646875,-0.07110665286321867
0,24.098999999999997,1.65,-0.0714892900879486
0,24.098999999999997,1.6531250000000002,-0.0718756697394496
0,24.098999999999997,1.65625,-0.07226584839064056
0,24.098999999999997,1.659375,-0.07265988377315308
0,24.098999999999997,1.6625,-0.07305783480670734
0,24.098999999999997,1.665625,-0.07345976162936017
0,24.098999999999997,1.6687500000000002,-0.07386572562865454
0,24.098999999999997,1.671875,-0.07427578947370012
0,24.098999999999997,1.675,-0.0746900171482178
0,24.098999999999997,1.678125,-0.07510847398457887
0,24.098999999999997,1.68125,-0.0755312266988745
0,24.098999999999997,1.6843750000000002,-0.07595834342704973
0,24.098999999999997,1.6875,-0.07638989376213806
0,24.098999999999997,1.690625,-0.07682594879263593
0,24.098999999999997,1.69375,-0.07726658114205438
0,24.098999999999997,1.696875,-0.07771186500969007
0,24.098999999999997,1.7000000000000002,-0.07816187621265752
0,24.098999999999997,1.703125,-0.0786166922292257
0,24.098999999999997,1.70625,-0.07907639224350609
0,24.098999999999997,1.709375,-0.07954105719153756
0,24.098999999999997,1.7125,-0.08001076980881873
0,24.098999999999997,1.7156250000000002,-0.0804856146793381
0,24.098999999999997,1.71875,-0.08096567828615439
0,24.098999999999997,1.721875,-0.08145104906358361
0,24.098999999999997,1.725,-0.08194181745104782
0,24.098999999999997,1.728125,-0.0824380759486468
0,24.098999999999997,1.7312500000000002,-0.08293991917451318
0,24.098999999999997,1.734375,-0.08344744392401494
0,24.098999999999997,1.7375,-0.08396074923087293
0,24.098999999999997,1.740625,-0.08447993643026072
0,24.098999999999997,1.74375,-0.08500510922396019
0,24.098999999999997,1.7468750000000002,-0.08553637374764675
0,24.098999999999997,1.75,-0.08607383864038126
0,24.098999999999997,1.753125,-0.0866176151163908
0,24.098999999999997,1.75625,-0.08716781703921982
0,24.098999999999997,1.759375,-0.08772456099834099
0,24.098999999999997,1.7625000000000002,-0.08828796638831482
0,24.098999999999997,1.765625,-0.08885815549059237
0,24.098999999999997,1.76875,-0.08943525355805977
0,24.098999999999997,1.771875,-0.09001938890242497
0,24.098999999999997,1.775,-0.09061069298455354
0,24.098999999999997,1.7781250000000002,-0.09120930050786309
0,24.098999999999997,1.78125,-0.09181534951489034
0,24.098999999999997,1.784375,-0.09242898148715095
0,24.098999999999997,1.7875,-0.09305034144841401
0,24.098999999999997,1.790625,-0.09367957807152147
0,24.098999999999997,1.7937500000000002,-0.09431684378888544
0,24.098999999999997,1.796875,-0.09496229490680214
0,24.098999999999997,1.8,-0.09561609172372854
0,24.098999999999997,1.803125,-0.09627839865267022
0,24.098999999999997,1.80625,-0.09694938434783859
0,24.098999999999997,1.8093750000000002,-0.09762922183573941
0,24.098999999999997,1.8125,-0.09831808865086135
0,24.098999999999997,1.815625,-0.09901616697614218
0,24.098999999999997,1.81875,-0.09972364378839343
0,24.098999999999997,1.821875,-0.10044071100887539
0,24.098999999999997,1.8250000000000002,-0.10116756565921992
0,24.098999999999997,1.828125,-0.10190441002290565
0,24.098999999999997,1.83125,-0.10265145181250171
0,24.098999999999997,1.834375,-0.10340890434289926
0,24.098999999999997,1.8375,-0.10417698671076447
0,24.098999999999997,1.8406250000000002,-0.10495592398045173
0,24.098999999999997,1.84375,-0.10574594737662599
0,24.098999999999997,1.846875,-0.10654729448385557
0,24.098999999999997,1.85,-0.10736020945344202
0,24.098999999999997,1.853125,-0.10818494321776864
0,24.098999999999997,1.8562500000000002,-0.10902175371245734
0,24.098999999999997,1.859375,-0.10987090610663458
0,24.098999999999997,1.8625,-0.11073267304162121
0,24.098999999999997,1.865625,-0.11160733487836817
0,24.098999999999997,1.86875,-0.11249517995397712
0,24.098999999999997,1.8718750000000002,-0.11339650484765415
0,24.098999999999997,1.875,-0.11431161465645777
0,24.098999999999997,1.878125,-0.11524082328121839
0,24.098999999999997,1.88125,-0.11618445372301509
0,24.098999999999997,1.884375,-0.11714283839061351
0,24.098999999999997,1.8875000000000002,-0.118116319419281
0,24.098999999999997,1.890625,-0.1191052490014072
0,24.098999999999997,1.89375,-0.12010998972937811
0,24.098999999999997,1.896875,-0.12113091495115905
0,24.098999999999997,1.9,-0.12216840913906352
0,24.098999999999997,1.9031250000000002,-0.12322286827219506
0,24.098999999999997,1.90625,-0.12429470023306502
0,24.098999999999997,1.909375,-0.12538432521890688
0,24.098999999999997,1.9125,-0.12649217616821654
0,24.098999999999997,1.915625,-0.12761869920306826
0,24.098999999999997,1.9187500000000002,-0.12876435408776668
0,24.098999999999997,1.921875,-0.12992961470440806
0,24.098999999999997,1.925,-0.13111496954594135
0,24.098999999999997,1.928125,-0.13232092222732533
0,24.098999999999997,1.93125,-0.13354799201539513
0,24.098999999999997,1.9343750000000002,-0.13479671437805857
0,24.098999999999997,1.9375,-0.1360676415534497
0,24.098999999999997,1.940625,-0.1373613431396804
0,24.098999999999997,1.94375,-0.13867840670582585
0,24.098999999999997,1.946875,-0.14001943842479236
0,24.098999999999997,1.9500000000000002,-0.14138506372870932
0,24.098999999999997,1.953125,-0.14277592798748484
0,24.098999999999997,1.95625,-0.1441926972111625
0,24.098999999999997,1.959375,-0.14563605877669727
0,24.098999999999997,1.9625,-0.14710672217976017
0,24.098999999999997,1.9656250000000002,-0.14860541981215764
0,24.098999999999997,1.96875,-0.15013290776541957
0,24.098999999999997,1.971875,-0.1516899666610851
0,24.098999999999997,1.975,-0.15327740250815994
0,24.098999999999997,1.978125,-0.15489604758817796
0,24.098999999999997,1.9812500000000002,-0.1565467613682322
0,24.098999999999997,1.984375,-0.15823043144226387
0,24.098999999999997,1.9875,-0.15994797450081982
0,24.098999999999997,1.990625,-0.16170033732937433
0,24.098999999999997,1.99375,-0.16348849783520347
0,24.098999999999997,1.9968750000000002,-0.16531346610265685
0,24.098999999999997,2.0,-0.16717628547651067
0,24.098999999999997,2.003125,-0.16907803367291369
0,24.098999999999997,2.00625,-0.1710198239172148
0,24.098999999999997,2.0093750000000004,-0.1730028061077341
0,24.098999999999997,2.0125,-0.17502816800426424
0,24.098999999999997,2.015625,-0.17709713643977912
0,24.098999999999997,2.01875,-0.17921097855347812
0,24.098999999999997,2.021875,-0.18137100304290266
0,24.098999999999997,2.0250000000000004,-0.18357856143240991
0,24.098999999999997,2.028125,-0.18583504935479378
0,24.098999999999997,2.03125,-0.18814190784227108
0,24.098999999999997,2.034375,-0.1905006246224181
0,24.098999999999997,2.0375,-0.1929127354139334
0,24.098999999999997,2.0406250000000004,-0.19537982521630076
0,24.098999999999997,2.04375,-0.19790352958653892
0,24.098999999999997,2.046875,-0.2004855358952246
0,24.098999999999997,2.05,-0.2031275845528635
0,24.098999999999997,2.053125,-0.20583147019645093
0,24.098999999999997,2.0562500000000004,-0.20859904282468014
0,24.098999999999997,2.059375,-0.21143220886873249
0,24.098999999999997,2.0625,-0.21433293218388122
0,24.098999999999997,2.065625,-0.21730323494525894
0,24.098999999999997,2.06875,-0.22034519842906386
0,24.098999999999997,2.0718750000000004,-0.22346096365817222
0,24.098999999999997,2.075,-0.22665273188859722
0,24.098999999999997,2.078125,-0.22992276491043617
0,24.098999999999997,2.08125,-0.23327338513387577
0,24.098999999999997,2.084375,-0.2367069754274659
0,24.098999999999997,2.0875000000000004,-0.2402259786721727
0,24.098999999999997,2.090625,-0.24383289699070163
0,24.098999999999997,2.09375,-0.24753029060717877
0,24.098999999999997,2.096875,-0.25132077628750116
0,24.098999999999997,2.1,-0.2552070253054922
0,24.098999999999997,2.1031250000000004,-0.25919176087438595
0,24.098999999999997,2.10625,-0.263277754977141
0,24.098999999999997,2.109375,-0.26746782452259765
0,24.098999999999997,2.1125,-0.27176482674756963
0,24.098999999999997,2.115625,-0.27617165377760766
0,24.098999999999997,2.1187500000000004,-0.2806912262513737
0,24.098999999999997,2.121875,-0.2853264859053907
0,24.098999999999997,2.125,-0.290080387007388
0,24.098999999999997,2.128125,-0.29495588651763127
0,24.098999999999997,2.13125,-0.2999559328486042
0,24.098999999999997,2.1343750000000004,-0.3050834530842673
0,24.098999999999997,2.1375,-0.31034133851106416
0,24.098999999999997,2.140625,-0.31573242830400494
0,24.098999999999997,2.14375,-0.32125949120279457
0,24.098999999999997,2.146875,-0.3269252050053807
0,24.098999999999997,2.1500000000000004,-0.33273213369977395
0,24.098999999999997,2.153125,-0.3386827020500116
0,24.098999999999997,2.15625,-0.34477916744912585
0,24.098999999999997,2.159375,-0.3510235888515521
0,24.098999999999997,2.1625,-0.3574177926002405
0,24.098999999999997,2.1656250000000004,-0.3639633349705368
0,24.098999999999997,2.16875,-0.3706614612646147
0,24.098999999999997,2.171875,-0.37751306130778556
0,24.098999999999997,2.175,-0.3845186212225083
0,24.098999999999997,2.178125,-0.3916781713885684
0,24.098999999999997,2.1812500000000004,-0.39899123053991237
0,24.098999999999997,2.184375,-0.40645674600143117
0,24.098999999999997,2.1875,-0.4140730301338945
0,24.098999999999997,2.190625,-0.4218376931336602
0,24.098999999999997,2.19375,-0.42974757242704487
0,24.098999999999997,2.1968750000000004,-0.4377986590084482
0,24.098999999999997,2.2,-0.4459860211974855
0,24.098999999999997,2.203125,-0.45430372643401035
0,24.098999999999997,2.20625,-0.4627447618911339
0,24.098999999999997,2.209375,-0.4713009548646227
0,24.098999999999997,2.2125000000000004,-0.4799628940909394
0,24.098999999999997,2.215625,-0.4887198533533701
0,24.098999999999997,2.21875,-0.4975597189524611
0,24.098999999999997,2.221875,-0.5064689228384054
0,24.098999999999997,2.225,-0.5154323834225035
0,24.098999999999997,2.2281250000000004,-0.524433456293994
0,24.098999999999997,2.23125,-0.5334538972574641
0,24.098999999999997,2.234375,-0.5424738402627874
0,24.098999999999997,2.2375,-0.5514717929107782
0,24.098999999999997,2.240625,-0.5604246522687979
0,24.098999999999997,2.2437500000000004,-0.5693077437058713
0,24.098999999999997,2.246875,-0.5780948853409247
0,24.098999999999997,2.25,-0.5867584804756649
0,24.098999999999997,2.253125,-0.5952696400424771
0,24.098999999999997,2.25625,-0.6035983366277548
0,24.098999999999997,2.2593750000000004,-0.611713591027012
0,24.098999999999997,2.2625,-0.6195836915507603
0,24.098999999999997,2.265625,-0.6271764454374315
0,24.098999999999997,2.26875,-0.63445946075803
0,24.098999999999997,2.271875,-0.6414004561422241
0,24.098999999999997,2.2750000000000004,-0.6479675945518479
0,24.098999999999997,2.278125,-0.6541298362187786
0,24.098999999999997,2.28125,-0.6598573048003952
0,24.098999999999997,2.284375,-0.6651216598430928
0,24.098999999999997,2.2875,-0.6698964678403267
0,24.098999999999997,2.2906250000000004,-0.6741575635823138
0,24.098999999999997,2.29375,-0.6778833931701097
0,24.098999999999997,2.296875,-0.6810553300472396
0,24.098999999999997,2.3,-0.6836579557134985
0,24.098999999999997,2.303125,-0.6856792974366572
0,24.098999999999997,2.3062500000000004,-0.6871110162579713
0,24.098999999999997,2.309375,-0.6879485398659593
0,24.098999999999997,2.3125,-0.6881911364400642
0,24.098999999999997,2.315625,-0.6878419272753379
0,24.098999999999997,2.31875,-0.6869078378125113
0,24.098999999999997,2.3218750000000004,-0.6853994885289143
0,24.098999999999997,2.325,-0.6833310289076593
0,24.098999999999997,2.328125,-0.6807199193130193
0,24.098999999999997,2.33125,-0.677586666987126
0,24.098999999999997,2.334375,-0.6739545234900819
0,24.098999999999997,2.3375000000000004,-0.6698491516936242
0,24.098999999999997,2.340625,-0.6652982708887553
0,24.098999999999997,2.34375,-0.6603312886812946
0,24.098999999999997,2.346875,-0.6549789281453733
0,24.098999999999997,2.35,-0.6492728582182583
0,24.098999999999997,2.3531250000000004,-0.643245334597111
0,24.098999999999997,2.35625,-0.636928857493444
0,24.098999999999997,2.359375,-0.6303558515716802
0,24.098999999999997,2.3625,-0.6235583723012307
0,24.098999999999997,2.365625,-0.6165678418399172
0,24.098999999999997,2.3687500000000004,-0.6094148164869686
0,24.098999999999997,2.371875,-0.6021287867345093
0,24.098999999999997,2.375,-0.5947380100367823
0,24.098999999999997,2.378125,-0.5872693756263198
0,24.098999999999997,2.38125,-0.5797483000472415
0,24.098999999999997,2.3843750000000004,-0.5721986515514239
0,24.098999999999997,2.3875,-0.5646427011104149
0,24.098999999999997,2.390625,-0.5571010975266573
0,24.098999999999997,2.39375,-0.5495928639699508
0,24.098999999999997,2.396875,-0.5421354132049576
0,24.098999999999997,2.4000000000000004,-0.5347445787975591
0,24.098999999999997,2.403125,-0.5274346596763194
0,24.098999999999997,2.40625,-0.5202184755651745
0,24.098999999999997,2.409375,-0.5131074309807466
0,24.098999999999997,2.4125,-0.506111585689875
0,24.098999999999997,2.4156250000000004,-0.4992397297393514
0,24.098999999999997,2.41875,-0.4924994613913301
0,24.098999999999997,2.421875,-0.48589726651728277
0,24.098999999999997,2.425,-0.47943859821496904
0,24.098999999999997,2.428125,-0.4731279556125606
0,24.098999999999997,2.4312500000000004,-0.46696896100894636
0,24.098999999999997,2.434375,-0.4609644346675243
0,24.098999999999997,2.4375,-0.4551164667316542
0,24.098999999999997,2.440625,-0.44942648586319045
0,24.098999999999997,2.44375,-0.44389532432154843
0,24.098999999999997,2.4468750000000004,-0.43852327930042284
0,24.098999999999997,2.45,-0.43331017042358644
0,24.098999999999997,2.453125,-0.4282553933714922
0,24.098999999999997,2.45625,-0.4233579696679757
0,24.098999999999997,2.459375,-0.4186165927026122
0,24.098999999999997,2.4625000000000004,-0.4140296701006133
0,24.098999999999997,2.465625,-0.4095953625798079
0,24.098999999999997,2.46875,-0.4053116194545176
0,24.098999999999997,2.471875,-0.4011762109601057
0,24.098999999999997,2.475,-0.3971867575806711
0,24.098999999999997,2.4781250000000004,-0.39334075656672407
0,24.098999999999997,2.48125,-0.38963560583048107
0,24.098999999999997,2.484375,-0.386068625404405
0,24.098999999999997,2.4875,-0.38263707664436974
0,24.098999999999997,2.490625,-0.3793381793528785
0,24.098999999999997,2.4937500000000004,-0.3761691269905722
0,24.098999999999997,2.496875,-0.3731271001361641
0,24.098999999999997,2.5,-0.37020927834627804
0,24.098999999999997,2.503125,-0.36741285055766504
0,24.098999999999997,2.50625,-0.36473502416514536
0,24.098999999999997,2.5093750000000004,-0.3621730328995442
0,24.098999999999997,2.5125,-0.3597241436209548
0,24.098999999999997,2.515625,-0.3573856621340033
0,24.098999999999997,2.51875,-0.3551549381234537
0,24.098999999999997,2.521875,-0.3530293693005307
0,24.098999999999997,2.5250000000000004,-0.35100640484280665
0,24.098999999999997,2.528125,-0.3490835482033864
0,24.098999999999997,2.53125,-0.34725835935847105
0,24.098999999999997,2.534375,-0.3455284565561608
0,24.098999999999997,2.5375,-0.3438915176235805
0,24.098999999999997,2.5406250000000004,-0.3423452808840579
0,24.098999999999997,2.54375,-0.3408875457311449
0,24.098999999999997,2.546875,-0.3395161729017192
0,24.098999999999997,2.55,-0.33822908448623146
0,24.098999999999997,2.553125,-0.3370242637103283
0,24.098999999999997,2.5562500000000004,-0.335899754518592
0,24.098999999999997,2.559375,-0.3348536609879412
0,24.098999999999997,2.5625,-0.3338841465953343
0,24.098999999999997,2.565625,-0.33298943336178066
0,24.098999999999997,2.56875,-0.33216780089226494
0,24.098999999999997,2.5718750000000004,-0.33141758532902454
0,24.098999999999997,2.575,-0.33073717823365556
0,24.098999999999997,2.578125,-0.33012502541175265
0,24.098999999999997,2.58125,-0.3295796256921905
0,24.098999999999997,2.584375,-0.32909952967171185
0,24.098999999999997,2.5875000000000004,-0.32868333843419667
0,24.098999999999997,2.590625,-0.328329702252821
0,24.098999999999997,2.59375,-0.3280373192822718
0,24.098999999999997,2.596875,-0.32780493424724955
0,24.098999999999997,2.6,-0.3276313371326536
0,24.098999999999997,2.6031250000000004,-0.3275153618800969
0,24.098999999999997,2.60625,-0.3274558850947318
0,24.098999999999997,2.609375,-0.3274518247657713
0,24.098999999999997,2.6125,-0.32750213900356484
0,24.098999999999997,2.615625,-0.32760582479561456
0,24.098999999999997,2.6187500000000004,-0.3277619167835026
0,24.098999999999997,2.621875,-0.3279694860623318
0,24.098999999999997,2.625,-0.3282276390039554
0,24.098999999999997,2.628125,-0.32853551610498116
0,24.098999999999997,2.63125,-0.3288922908602886
0,24.098999999999997,2.6343750000000004,-0.329297168662568
0,24.098999999999997,2.6375,-0.3297493857282012
0,24.098999999999997,2.640625,-0.33024820804963245
0,24.098999999999997,2.64375,-0.33079293037422675
0,24.098999999999997,2.646875,-0.33138287520949156
0,24.098999999999997,2.6500000000000004,-0.3320173918544198
0,24.098999999999997,2.653125,-0.33269585545662206
0,24.098999999999997,2.65625,-0.33341766609483303
0,24.098999999999997,2.659375,-0.334182247886307
0,24.098999999999997,2.6625,-0.33498904811856206
0,24.098999999999997,2.6656250000000004,-0.33583753640488
0,24.098999999999997,2.66875,-0.3367272038629353
0,24.098999999999997,2.671875,-0.33765756231588634
0,24.098999999999997,2.675,-0.33862814351524284
0,24.098999999999997,2.678125,-0.33963849838479937
0,24.098999999999997,2.6812500000000004,-0.3406881962849125
0,24.098999999999997,2.684375,-0.3417768242963859
0,24.098999999999997,2.6875,-0.34290398652322485
0,24.098999999999997,2.690625,-0.3440693034135128
0,24.098999999999997,2.69375,-0.3452724110976687
0,24.098999999999997,2.6968750000000004,-0.3465129607433405
0,24.098999999999997,2.7,-0.34779061792619825
0,24.098999999999997,2.703125,-0.34910506201589475
0,24.098999999999997,2.70625,-0.35045598557646757
0,24.098999999999997,2.709375,-0.35184309378047074
0,24.098999999999997,2.7125000000000004,-0.35326610383612816
0,24.098999999999997,2.715625,-0.3547247444268161
0,24.098999999999997,2.71875,-0.356218755162194
0,24.098999999999997,2.721875,-0.35774788604031166
0,24.098999999999997,2.725,-0.3593118969200375
0,24.098999999999997,2.7281250000000004,-0.3609105570031651
0,24.098999999999997,2.73125,-0.3625436443255685
0,24.098999999999997,2.734375,-0.36421094525679126
0,24.098999999999997,2.7375,-0.36591225400746585
0,24.098999999999997,2.740625,-0.3676473721439801
0,24.098999999999997,2.7437500000000004,-0.3694161081098134
0,24.098999999999997,2.746875,-0.3712182767529892
0,24.098999999999997,2.75,-0.37305369885909745
0,24.098999999999997,2.753125,-0.3749222006893569
0,24.098999999999997,2.75625,-0.3768236135232039
0,24.098999999999997,2.7593750000000004,-0.3787577732049068
0,24.098999999999997,2.7625,-0.38072451969371984
0,24.098999999999997,2.765625,-0.3827236966171067
0,24.098999999999997,2.76875,-0.38475515082657274
0,24.098999999999997,2.771875,-0.3868187319556678
0,24.098999999999997,2.7750000000000004,-0.38891429197972804
0,24.098999999999997,2.778125,-0.39104168477694773
0,24.098999999999997,2.78125,-0.3932007656903795
0,24.098999999999997,2.784375,-0.39539139109047894
0,24.098999999999997,2.7875,-0.3976134179378277
0,24.098999999999997,2.7906250000000004,-0.3998667033456794
0,24.098999999999997,2.79375,-0.4021511041419928
0,24.098999999999997,2.796875,-0.404466476430628
0,24.098999999999997,2.8,-0.4068126751514004
0,24.098999999999997,2.803125,-0.40918955363870324
0,24.098999999999997,2.8062500000000004,-0.41159696317842254
0,24.098999999999997,2.809375,-0.41403475256289407
0,24.098999999999997,2.8125,-0.41650276764365896
0,24.098999999999997,2.815625,-0.4190008508817991
0,24.098999999999997,2.81875,-0.42152884089565035
0,24.098999999999997,2.8218750000000004,-0.4240865720057107
0,24.098999999999997,2.825,-0.4266738737765823
0,24.098999999999997,2.828125,-0.4292905705558027
0,24.098999999999997,2.83125,-0.43193648100944393
0,24.098999999999997,2.834375,-0.4346114176543817
0,24.098999999999997,2.8375000000000004,-0.43731518638715505
0,24.098999999999997,2.840625,-0.44004758600936794
0,24.098999999999997,2.84375,-0.44280840774960023
0,24.098999999999997,2.846875,-0.44559743478182434
0,24.098999999999997,2.85,-0.4484144417403528
0,24.098999999999997,2.8531250000000004,-0.45125919423136335
0,24.098999999999997,2.85625,-0.4541314483410851
0,24.098999999999997,2.859375,-0.4570309501407476
0,24.098999999999997,2.8625,-0.4599574351884343
0,24.098999999999997,2.865625,-0.4629106280280081
0,24.098999999999997,2.8687500000000004,-0.4658902416853118
0,24.098999999999997,2.871875,-0.4688959771618802
0,24.098999999999997,2.875,-0.47192752292643475
0,24.098999999999997,2.878125,-0.4749845544044646
0,24.098999999999997,2.88125,-0.4780667334662425
0,24.098999999999997,2.8843750000000004,-0.4811737079136549
0,24.098999999999997,2.8875,-0.4843051109662721
0,24.098999999999997,2.890625,-0.4874605607471199
0,24.098999999999997,2.89375,-0.4906396597686568
0,24.098999999999997,2.896875,-0.4938419944195067
0,24.098999999999997,2.9000000000000004,-0.49706713445253886
0,24.098999999999997,2.903125,-0.5003146324749335
0,24.098999999999997,2.90625,-0.5035840234409178
0,24.098999999999997,2.909375,-0.5068748241478992
0,24.098999999999997,2.9125,-0.510186532736778
0,24.098999999999997,2.9156250000000004,-0.5135186281972666
0,24.098999999999997,2.91875,-0.516870569879091
0,24.098999999999997,2.921875,-0.5202417970100035
0,24.098999999999997,2.925,-0.5236317282215798
0,24.098999999999997,2.928125,-0.5270397610838308
0,24.098999999999997,2.9312500000000004,-0.5304652716497071
0,24.098999999999997,2.934375,-0.5339076140106245
0,24.098999999999997,2.9375,-0.5373661198641935
0,24.098999999999997,2.940625,-0.5408400980953753
0,24.098999999999997,2.94375,-0.5443288343723532
0,24.098999999999997,2.9468750000000004,-0.5478315907584379
0,24.098999999999997,2.95,-0.5513476053413917
0,24.098999999999997,2.953125,-0.5548760918815896
0,24.098999999999997,2.95625,-0.558416239480483
0,24.098999999999997,2.959375,-0.5619672122708799
0,24.098999999999997,2.9625000000000004,-0.565528149130591
0,24.098999999999997,2.965625,-0.5690981634210327
0,24.098999999999997,2.96875,-0.5726763427524132
0,24.098999999999997,2.971875,-0.5762617487771555
0,24.098999999999997,2.975,-0.5798534170132499
0,24.098999999999997,2.9781250000000004,-0.5834503566992446
0,24.098999999999997,2.98125,-0.5870515506826103
0,24.098999999999997,2.984375,-0.5906559553432298
0,24.098999999999997,2.9875,-0.5942625005537694
0,24.098999999999997,2.990625,-0.5978700896787044
0,24.098999999999997,2.9937500000000004,-0.6014775996137653
0,24.098999999999997,2.996875,-0.605083880867568
0,24.098999999999997,3.0,-0.6086877576871781
0,24.098999999999997,3.0031250000000003,-0.612288028229338
0,24.098999999999997,3.00625,-0.6158834647790634
0,24.098999999999997,3.009375,-0.6194728140172802
0,24.098999999999997,3.0125,-0.6230547973391283
0,24.098999999999997,3.015625,-0.6266281112245052
0,24.098999999999997,3.0187500000000003,-0.6301914276623799
0,24.098999999999997,3.021875,-0.6337433946303054
0,24.098999999999997,3.025,-0.637282636630526
0,24.098999999999997,3.028125,-0.6408077552839403
0,24.098999999999997,3.03125,-0.6443173299831205
0,24.098999999999997,3.0343750000000003,-0.6478099186054658
0,24.098999999999997,3.0375,-0.6512840582874455
0,24.098999999999997,3.040625,-0.6547382662607784
0,24.098999999999997,3.04375,-0.6581710407512343
0,24.098999999999997,3.046875,-0.6615808619406167
0,24.098999999999997,3.0500000000000003,-0.6649661929923195
0,24.098999999999997,3.053125,-0.6683254811406742
0,24.098999999999997,3.05625,-0.6716571588441529
0,24.098999999999997,3.059375,-0.6749596450022715
0,24.098999999999997,3.0625,-0.6782313462358724
0,24.098999999999997,3.0656250000000003,-0.6814706582302508
0,24.098999999999997,3.06875,-0.6846759671403659
0,24.098999999999997,3.071875,-0.6878456510571853
0,24.098999999999997,3.075,-0.6909780815339573
0,24.098999999999997,3.078125,-0.6940716251709933
0,24.098999999999997,3.0812500000000003,-0.6971246452573018
0,24.098999999999997,3.084375,-0.7001355034671647
0,24.098999999999997,3.0875,-0.7031025616095209
0,24.098999999999997,3.090625,-0.7060241834277573
0,24.098999999999997,3.09375,-0.708898736447274
0,24.098999999999997,3.0968750000000003,-0.7117245938679407
0,24.098999999999997,3.1,-0.7145001364983085
0,24.098999999999997,3.103125,-0.7172237547282143
0,24.098999999999997,3.10625,-0.7198938505361626
0,24.098999999999997,3.109375,-0.7225088395276424
0,24.098999999999997,3.1125000000000003,-0.7250671530003243
0,24.098999999999997,3.115625,-0.727567240031836
0,24.098999999999997,3.11875,-0.7300075695856502
0,24.098999999999997,3.121875,-0.7323866326303811
0,24.098999999999997,3.125,-0.7347029442676367
0,24.098999999999997,3.1281250000000003,-0.7369550458633939
0,24.098999999999997,3.13125,-0.7391415071777035
0,24.098999999999997,3.134375,-0.7412609284874195
0,24.098999999999997,3.1375,-0.7433119426965097
0,24.098999999999997,3.140625,-0.745293217428421
0,24.098999999999997,3.1437500000000003,-0.7472034570949001
0,24.098999999999997,3.146875,-0.7490414049355991
0,24.098999999999997,3.15,-0.7508058450227952
0,24.098999999999997,3.153125,-0.7524956042255159
0,24.098999999999997,3.15625,-0.7541095541273981
0,24.098999999999997,3.1593750000000003,-0.7556466128926539
0,24.098999999999997,3.1625,-0.7571057470745636
0,24.098999999999997,3.165625,-0.7584859733610394
0,24.098999999999997,3.16875,-0.759786360251895
0,24.098999999999997,3.171875,-0.761006029662619
0,24.098999999999997,3.1750000000000003,-0.7621441584496152
0,24.098999999999997,3.178125,-0.7631999798520609
0,24.098999999999997,3.18125,-0.7641727848457671
0,24.098999999999997,3.184375,-0.7650619234046522
0,24.098999999999997,3.1875,-0.7658668056657171
0,24.098999999999997,3.1906250000000003,-0.7665869029936906
0,24.098999999999997,3.19375,-0.7672217489418187
0,24.098999999999997,3.196875,-0.7677709401056019
0,24.098999999999997,3.2,-0.7682341368666241
0,24.098999999999997,3.203125,-0.7686110640239673
0,24.098999999999997,3.2062500000000003,-0.7689015113110921
0,24.098999999999997,3.209375,-0.7691053337964283
0,24.098999999999997,3.2125,-0.7692224521663282
0,24.098999999999997,3.215625,-0.7692528528894202
0,24.098999999999997,3.21875,-0.7691965882618174
0,24.098999999999997,3.2218750000000003,-0.7690537763330316
0,24.098999999999997,3.225,-0.7688246007128614
0,24.098999999999997,3.228125,-0.7685093102599235
0,24.098999999999997,3.23125,-0.7681082186529009
0,24.098999999999997,3.234375,-0.7676217038459817
0,24.098999999999997,3.2375000000000003,-0.7670502074103464
0,24.098999999999997,3.240625,-0.7663942337639462
0,24.098999999999997,3.24375,-0.7656543492921786
0,24.098999999999997,3.246875,-0.7648311813624179
0,24.098999999999997,3.25,-0.7639254172357028
0,24.098999999999997,3.2531250000000003,-0.7629378028791931
0,24.098999999999997,3.25625,-0.7618691416833157
0,24.098999999999997,3.259375,-0.760720293087798
0,24.098999999999997,3.2625,-0.7594921711210448
0,24.098999999999997,3.265625,-0.7581857428575502
0,24.098999999999997,3.2687500000000003,-0.7568020267982498
0,24.098999999999997,3.271875,-0.7553420911789075
0,24.098999999999997,3.275,-0.7538070522117878
0,24.098999999999997,3.278125,-0.7521980722660105
0,24.098999999999997,3.28125,-0.7505163579920913
0,24.098999999999997,3.2843750000000003,-0.7487631583962561
0,24.098999999999997,3.2875,-0.7469397628701865
0,24.098999999999997,3.290625,-0.7450474991818777
0,24.098999999999997,3.29375,-0.7430877314333122
0,24.098999999999997,3.296875,-0.7410618579906307
0,24.098999999999997,3.3000000000000003,-0.7389713093924475
0,24.098999999999997,3.303125,-0.7368175462419037
0,24.098999999999997,3.30625,-0.7346020570879587
0,24.098999999999997,3.309375,-0.7323263563013324
0,24.098999999999997,3.3125,-0.7299919819503782
0,24.098999999999997,3.3156250000000003,-0.7276004936820324
0,24.098999999999997,3.31875,-0.7251534706128343
0,24.098999999999997,3.321875,-0.722652509234827
0,24.098999999999997,3.325,-0.7200992213409784
0,24.098999999999997,3.328125,-0.717495231974554
0,24.098999999999997,3.3312500000000003,-0.7148421774066628
0,24.098999999999997,3.334375,-0.7121417031459915
0,24.098999999999997,3.3375,-0.7093954619844939
0,24.098999999999997,3.340625,-0.7066051120825926
0,24.098999999999997,3.34375,-0.7037723150971923
0,24.098999999999997,3.3468750000000003,-0.7008987343555665
0,24.098999999999997,3.35,-0.697986033077945
0,24.098999999999997,3.353125,-0.6950358726513597
0,24.098999999999997,3.35625,-0.6920499109570865
0,24.098999999999997,3.359375,-0.6890298007537553
0,24.098999999999997,3.3625000000000003,-0.6859771881179644
0,24.098999999999997,3.365625,-0.6828937109440011
0,24.098999999999997,3.36875,-0.6797809975040245
0,24.098999999999997,3.371875,-0.6766406650698469
0,24.098999999999997,3.375,-0.6734743185972218
0,24.098999999999997,3.3781250000000003,-0.6702835494733241
0,24.098999999999997,3.38125,-0.6670699343279175
0,24.098999999999997,3.384375,-0.6638350339084724
0,24.098999999999997,3.3875,-0.6605803920193425
0,24.098999999999997,3.390625,-0.6573075345248915
0,24.098999999999997,3.3937500000000003,-0.654017968416304
0,24.098999999999997,3.396875,-0.6507131809416543
0,24.098999999999997,3.4000000000000004,-0.6473946387986355
0,24.098999999999997,3.403125,-0.6440637873892274
0,24.098999999999997,3.40625,-0.6407220501354269
0,24.098999999999997,3.4093750000000003,-0.6373708278550588
0,24.098999999999997,3.4125,-0.6340114981965617
0,24.098999999999997,3.4156250000000004,-0.6306454151315324
0,24.098999999999997,3.41875,-0.6272739085037417
0,24.098999999999997,3.421875,-0.6238982836332179
0,24.098999999999997,3.4250000000000003,-0.6205198209739513
0,24.098999999999997,3.428125,-0.6171397758236834
0,24.098999999999997,3.4312500000000004,-0.6137593780841977
0,24.098999999999997,3.434375,-0.610379832070487
0,24.098999999999997,3.4375,-0.6070023163671138
0,24.098999999999997,3.4406250000000003,-0.6036279837300719
0,24.098999999999997,3.44375,-0.6002579610324169
0,24.098999999999997,3.4468750000000004,-0.5968933492519154
0,24.098999999999997,3.45,-0.5935352234989713
0,24.098999999999997,3.453125,-0.5901846330830567
0,24.098999999999997,3.4562500000000003,-0.5868426016159018
0,24.098999999999997,3.459375,-0.5835101271496942
0,24.098999999999997,3.4625000000000004,-0.5801881823485451
0,24.098999999999997,3.465625,-0.5768777146915199
0,24.098999999999997,3.46875,-0.573579646705527
0,24.098999999999997,3.4718750000000003,-0.5702948762264042
0,24.098999999999997,3.475,-0.5670242766865695
0,24.098999999999997,3.4781250000000004,-0.5637686974276211
0,24.098999999999997,3.48125,-0.5605289640363391
0,24.098999999999997,3.484375,-0.5573058787025456
0,24.098999999999997,3.4875000000000003,-0.5541002205973508
0,24.098999999999997,3.490625,-0.5509127462703423
0,24.098999999999997,3.4937500000000004,-0.5477441900643168
0,24.098999999999997,3.496875,-0.54459526454622
0,24.098999999999997,3.5,-0.5414666609529813
0,24.098999999999997,3.5031250000000003,-0.5383590496510076
0,24.098999999999997,3.50625,-0.5352730806081303
0,24.098999999999997,3.5093750000000004,-0.5322093838768562
0,24.098999999999997,3.5125,-0.5291685700878332
0,24.098999999999997,3.515625,-0.5261512309524752
0,24.098999999999997,3.5187500000000003,-0.5231579397737606
0,24.098999999999997,3.521875,-0.5201892519642571
0,24.098999999999997,3.5250000000000004,-0.5172457055704776
0,24.098999999999997,3.528125,-0.5143278218027321
0,24.098999999999997,3.53125,-0.5114361055696744
0,24.098999999999997,3.5343750000000003,-0.5085710460168087
0,24.098999999999997,3.5375,-0.505733117068254
0,24.098999999999997,3.5406250000000004,-0.502922777971119
0,24.098999999999997,3.54375,-0.500140473841894
0,24.098999999999997,3.546875,-0.4973866362142893
0,24.098999999999997,3.5500000000000003,-0.4946616835880242
0,24.098999999999997,3.553125,-0.49196602197808853
0,24.098999999999997,3.5562500000000004,-0.4893000454640505
0,24.098999999999997,3.559375,-0.48666413673903536
0,24.098999999999997,3.5625,-0.48405866765801775
0,24.098999999999997,3.5656250000000003,-0.4814839997851317
0,24.098999999999997,3.56875,-0.4789404849397258
0,24.098999999999997,3.5718750000000004,-0.47642846574092884
0,24.098999999999997,3.575,-0.47394827615053786
0,24.098999999999997,3.578125,-0.4715002420140551
0,24.098999999999997,3.5812500000000003,-0.4690846815997542
0,24.098999999999997,3.584375,-0.46670190613567347
0,24.098999999999997,3.5875000000000004,-0.46435222034446727
0,24.098999999999997,3.590625,-0.46203592297608564
0,24.098999999999997,3.59375,-0.45975330733826425
0,24.098999999999997,3.5968750000000003,-0.45750466182485366
0,24.098999999999997,3.6,-0.4552902704420266
0,24.098999999999997,3.6031250000000004,-0.45311041333243635
0,24.098999999999997,3.60625,-0.45096536729742753
0,24.098999999999997,3.609375,-0.44885540631740983
0,24.098999999999997,3.6125000000000003,-0.44678080207054954
0,24.098999999999997,3.615625,-0.4447418244499358
0,24.098999999999997,3.6187500000000004,-0.4427387420794111
0,24.098999999999997,3.621875,-0.4407718228282778
0,24.098999999999997,3.625,-0.4388413343251014
0,24.098999999999997,3.6281250000000003,-0.43694754447086576
0,24.098999999999997,3.63125,-0.4350907219517416
0,24.098999999999997,3.6343750000000004,-0.43327113675175244
0,24.098999999999997,3.6375,-0.4314890606656463
0,24.098999999999997,3.640625,-0.4297447678122836
0,24.098999999999997,3.6437500000000003,-0.4280385351488861
0,24.098999999999997,3.646875,-0.4263706429864944
0,24.098999999999997,3.6500000000000004,-0.4247413755070025
0,24.098999999999997,3.653125,-0.4231510212821577
0,24.098999999999997,3.65625,-0.4215998737949184
0,24.098999999999997,3.6593750000000003,-0.4200882319635896
0,24.098999999999997,3.6625,-0.41861640066916234
0,24.098999999999997,3.6656250000000004,-0.41718469128629715
0,24.098999999999997,3.66875,-0.41579342221841337
0,24.098999999999997,3.671875,-0.4144429194373489
0,24.098999999999997,3.6750000000000003,-0.41313351702807877
0,24.098999999999997,3.678125,-0.4118655577389857
0,24.098999999999997,3.6812500000000004,-0.41063939353819323
0,24.098999999999997,3.684375,-0.40945538617648514
0,24.098999999999997,3.6875,-0.408313907757341
0,24.098999999999997,3.6906250000000003,-0.40721534131464043
0,24.098999999999997,3.69375,-0.40616008139858795
0,24.098999999999997,3.6968750000000004,-0.4051485346704302
0,24.098999999999997,3.7,-0.404181120506547
0,24.098999999999997,3.703125,-0.40325827161250144
0,24.098999999999997,3.7062500000000003,-0.40238043464765605
0,24.098999999999997,3.709375,-0.4015480708609579
0,24.098999999999997,3.7125000000000004,-0.4007616567385137
0,24.098999999999997,3.715625,-0.4000216846635822
0,24.098999999999997,3.71875,-0.39932866358961094
0,24.098999999999997,3.7218750000000003,-0.3986831197269627
0,24.098999999999997,3.725,-0.3980855972439693
0,24.098999999999997,3.7281250000000004,-0.3975366589829628
0,24.098999999999997,3.73125,-0.3970368871919317
0,24.098999999999997,3.734375,-0.3965868842724494
0,24.098999999999997,3.7375000000000003,-0.3961872735445268
0,24.098999999999997,3.740625,-0.3958387000290267
0,24.098999999999997,3.7437500000000004,-0.3955418312482815
0,24.098999999999997,3.746875,-0.39529735804554117
0,24.098999999999997,3.75,-0.39510599542386643
0,24.098999999999997,3.7531250000000003,-0.3949684834050685
0,24.098999999999997,3.75625,-0.3948855879092766
0,24.098999999999997,3.7593750000000004,-0.3948581016556879
0,24.098999999999997,3.7625,-0.39488684508503
0,24.098999999999997,3.765625,-0.39497266730422653
0,24.098999999999997,3.7687500000000003,-0.3951164470537194
0,24.098999999999997,3.771875,-0.39531909369785223
0,24.098999999999997,3.7750000000000004,-0.39558154823866254
0,24.098999999999997,3.778125,-0.39590478435336907
0,24.098999999999997,3.78125,-0.39628980945576375
0,24.098999999999997,3.7843750000000003,-0.39673766578163605
0,24.098999999999997,3.7875,-0.39724943149825886
0,24.098999999999997,3.7906250000000004,-0.3978262218378593
0,24.098999999999997,3.79375,-0.39846919025486766
0,24.098999999999997,3.796875,-0.3991795296066044
0,24.098999999999997,3.8000000000000003,-0.3999584733569039
0,24.098999999999997,3.803125,-0.40080729680199245
0,24.098999999999997,3.8062500000000004,-0.4017273183177485
0,24.098999999999997,3.809375,-0.4027199006272349
0,24.098999999999997,3.8125,-0.40378645208715835
0,24.098999999999997,3.8156250000000003,-0.4049284279916176
0,24.098999999999997,3.81875,-0.4061473318911994
0,24.098999999999997,3.8218750000000004,-0.4074447169251316
0,24.098999999999997,3.825,-0.40882218716381097
0,24.098999999999997,3.828125,-0.4102813989586033
0,24.098999999999997,3.8312500000000003,-0.4118240622953277
0,24.098999999999997,3.834375,-0.41345194214731307
0,24.098999999999997,3.8375000000000004,-0.41516685982333246
0,24.098999999999997,3.840625,-0.41697069430506506
0,24.098999999999997,3.84375,-0.4188653835680328
0,24.098999999999997,3.8468750000000003,-0.42085292587915746
0,24.098999999999997,3.85,-0.4229353810632225
0,24.098999999999997,3.8531250000000004,-0.4251148717295666
0,24.098999999999997,3.85625,-0.4273935844492698
0,24.098999999999997,3.859375,-0.4297737708719541
0,24.098999999999997,3.8625000000000003,-0.43225774877002865
0,24.098999999999997,3.865625,-0.4348479029968267
0,24.098999999999997,3.8687500000000004,-0.43754668634355515
0,24.098999999999997,3.871875,-0.44035662027829214
0,24.098999999999997,3.875,-0.4432802955484603
0,24.098999999999997,3.8781250000000003,-0.4463203726261909
0,24.098999999999997,3.88125,-0.4494795819738347
0,24.098999999999997,3.8843750000000004,-0.45276072410450874
0,24.098999999999997,3.8875,-0.4561666694099851
0,24.098999999999997,3.890625,-0.4597003577254646
0,24.098999999999997,3.8937500000000003,-0.4633647975977319
0,24.098999999999997,3.896875,-0.4671630652199445
0,24.098999999999997,3.9000000000000004,-0.47109830299278344
0,24.098999999999997,3.903125,-0.4751737176678885
0,24.098999999999997,3.90625,-0.47939257802546187
0,24.098999999999997,3.9093750000000003,-0.4837582120335271
0,24.098999999999997,3.9125,-0.48827400343170874
0,24.098999999999997,3.9156250000000004,-0.49294338767743084
0,24.098999999999997,3.91875,-0.49776984718716283
0,24.098999999999997,3.921875,-0.5027569057998227
0,24.098999999999997,3.9250000000000003,-0.507908122383572
0,24.098999999999997,3.928125,-0.513227083501151
0,24.098999999999997,3.9312500000000004,-0.5187173950425507
0,24.098999999999997,3.934375,-0.5243826727272236
0,24.098999999999997,3.9375,-0.5302265313713551
0,24.098999999999997,3.9406250000000003,-0.5362525728088381
0,24.098999999999997,3.94375,-0.5424643723477732
0,24.098999999999997,3.9468750000000004,-0.5488654636375382
0,24.098999999999997,3.95,-0.5554593218148443
0,24.098999999999997,3.953125,-0.5622493447910141
0,24.098999999999997,3.9562500000000003,-0.5692388325369134
0,24.098999999999997,3.959375,-0.5764309642170008
0,24.098999999999997,3.9625000000000004,-0.5838287730199074
0,24.098999999999997,3.965625,-0.5914351185301265
0,24.098999999999997,3.96875,-0.5992526564842404
0,24.098999999999997,3.9718750000000003,-0.6072838057558048
0,24.098999999999997,3.975,-0.6155307124161935
0,24.098999999999997,3.9781250000000004,-0.6239952107247545
0,24.098999999999997,3.98125,-0.6326787809110451
0,24.098999999999997,3.984375,-0.6415825036255087
0,24.098999999999997,3.9875000000000003,-0.6507070109531029
0,24.098999999999997,3.990625,-0.6600524339080854
0,24.098999999999997,3.9937500000000004,-0.6696183463580231
0,24.098999999999997,3.996875,-0.6794037053618985
0,24.098999999999997,4.0,-0.6894067879519765
0,24.098999999999997,4.003125000000001,-0.6996251244424202
0,24.098999999999997,4.00625,-0.7100554284105908
0,24.098999999999997,4.009375,-0.7206935235702263
0,24.098999999999997,4.0125,-0.7315342678396859
0,24.098999999999997,4.015625,-0.7425714750043914
0,24.098999999999997,4.018750000000001,-0.7537978344798556
0,24.098999999999997,4.021875,-0.7652048298012784
0,24.098999999999997,4.025,-0.7767826565967765
0,24.098999999999997,4.028125,-0.7885201409431282
0,24.098999999999997,4.03125,-0.8004046591548791
0,24.098999999999997,4.034375000000001,-0.8124220602168777
0,24.098999999999997,4.0375,-0.8245565922352179
0,24.098999999999997,4.040625,-0.8367908344481777
0,24.098999999999997,4.04375,-0.8491056365026883
0,24.098999999999997,4.046875,-0.8614800668586816
0,24.098999999999997,4.050000000000001,-0.8738913723259495
0,24.098999999999997,4.053125,-0.8863149508599227
0,24.098999999999997,4.05625,-0.8987243398352671
0,24.098999999999997,4.059375,-0.911091222070608
0,24.098999999999997,4.0625,-0.9233854518854189
0,24.098999999999997,4.065625000000001,-0.9355751034204361
0,24.098999999999997,4.06875,-0.9476265433376722
0,24.098999999999997,4.071875,-0.9595045298257572
0,24.098999999999997,4.075,-0.9711723395635096
0,24.098999999999997,4.078125,-0.9825919239344053
0,24.098999999999997,4.081250000000001,-0.9937240953329184
0,24.098999999999997,4.084375,-1.0045287438619304
0,24.098999999999997,4.0875,-1.0149650840921596
0,24.098999999999997,4.090625,-1.0249919308486157
0,24.098999999999997,4.09375,-1.034568002219778
0,24.098999999999997,4.096875000000001,-1.043652247170272
0,24.098999999999997,4.1,-1.0522041943020528
0,24.098999999999997,4.103125,-1.060184317480088
0,24.098999999999997,4.10625,-1.067554413248281
0,24.098999999999997,4.109375,-1.0742779842447052
0,24.098999999999997,4.112500000000001,-1.0803206222166184
0,24.098999999999997,4.115625,-1.0856503837702558
0,24.098999999999997,4.11875,-1.0902381516987603
0,24.098999999999997,4.121875,-1.0940579746400472
0,24.098999999999997,4.125,-1.0970873779440575
0,24.098999999999997,4.128125000000001,-1.099307638985327
0,24.098999999999997,4.13125,-1.1007040207423575
0,24.098999999999997,4.134375,-1.1012659582684836
0,24.098999999999997,4.1375,-1.1009871936778344
0,24.098999999999997,4.140625,-1.0998658564322463
0,24.098999999999997,4.143750000000001,-1.0979044869993075
0,24.098999999999997,4.146875,-1.095110003310283
0,24.098999999999997,4.15,-1.0914936108272553
0,24.098999999999997,4.153125,-1.0870706583782201
0,24.098999999999997,4.15625,-1.0818604431853065
0,24.098999999999997,4.159375000000001,-1.0758859696480605
0,24.098999999999997,4.1625,-1.0691736674108
0,24.098999999999997,4.165625,-1.0617530750098654
0,24.098999999999997,4.16875,-1.053656495943063
0,24.098999999999997,4.171875,-1.0449186343201229
0,24.098999999999997,4.175000000000001,-1.0355762173418144
0,24.098999999999997,4.178125,-1.025667611727567
0,24.098999999999997,4.18125,-1.0152324408876923
0,24.098999999999997,4.184375,-1.0043112091437831
0,24.098999999999997,4.1875,-0.9929449386709679
0,24.098999999999997,4.190625000000001,-0.9811748241038759
0,24.098999999999997,4.19375,-0.969041908948751
0,24.098999999999997,4.196875,-0.9565867871117569
0,24.098999999999997,4.2,-0.9438493320195342
0,24.098999999999997,4.203125,-0.9308684549993614
0,24.098999999999997,4.206250000000001,-0.917681893826821
0,24.098999999999997,4.209375,-0.9043260316554914
0,24.098999999999997,4.2125,-0.8908357459293642
0,24.098999999999997,4.215625,-0.877244286352415
0,24.098999999999997,4.21875,-0.8635831805538177
0,24.098999999999997,4.221875000000001,-0.8498821657426057
0,24.098999999999997,4.225,-0.8361691443874126
0,24.098999999999997,4.228125,-0.8224701617801338
0,24.098999999999997,4.23125,-0.8088094032391443
0,24.098999999999997,4.234375,-0.795209208668524
0,24.098999999999997,4.237500000000001,-0.7816901022063323
0,24.098999999999997,4.240625,-0.7682708347565806
0,24.098999999999997,4.24375,-0.7549684372976893
0,24.098999999999997,4.246875,-0.7417982829861897
0,24.098999999999997,4.25,-0.7287741562195865
0,24.098999999999997,4.253125000000001,-0.7159083269808678
0,24.098999999999997,4.25625,-0.7032116289518615
0,24.098999999999997,4.259375,-0.6906935400491973
0,24.098999999999997,4.2625,-0.6783622642008854
0,24.098999999999997,4.265625,-0.6662248133395119
0,24.098999999999997,4.268750000000001,-0.6542870887384966
0,24.098999999999997,4.271875,-0.6425539609578368
0,24.098999999999997,4.275,-0.6310293477948675
0,24.098999999999997,4.278125,-0.6197162897531269
0,24.098999999999997,4.28125,-0.6086170226475867
0,24.098999999999997,4.284375000000001,-0.5977330470584564
0,24.098999999999997,4.2875,-0.5870651944278135
0,24.098999999999997,4.290625,-0.5766136896646994
0,24.098999999999997,4.29375,-0.5663782101856861
0,24.098999999999997,4.296875,-0.5563579413694923
0,24.098999999999997,4.300000000000001,-0.546551628447791
0,24.098999999999997,4.303125,-0.5369576248897656
0,24.098999999999997,4.30625,-0.5275739373667195
0,24.098999999999997,4.309375,-0.5183982674058336
0,24.098999999999997,4.3125,-0.5094280498592938
0,24.098999999999997,4.315625000000001,-0.5006604883280231
0,24.098999999999997,4.31875,-0.4920925876879312
0,24.098999999999997,4.321875,-0.483721183872114
0,24.098999999999997,4.325,-0.47554297106526094
0,24.098999999999997,4.328125,-0.46755452646669693
0,24.098999999999997,4.331250000000001,-0.45975233277718985
0,24.098999999999997,4.334375,-0.45213279856149
0,24.098999999999997,4.3375,-0.44469227663433897
0,24.098999999999997,4.340625,-0.43742708061264757
0,24.098999999999997,4.34375,-0.43033349977051694
0,24.098999999999997,4.346875000000001,-0.4234078123276479
0,24.098999999999997,4.35,-0.4166462972949389
0,24.098999999999997,4.353125,-0.41004524499428086
0,24.098999999999997,4.35625,-0.4036009663628007
0,24.098999999999997,4.359375,-0.397309801144826
0,24.098999999999997,4.362500000000001,-0.3911681250683042
0,24.098999999999997,4.365625,-0.3851723560957815
0,24.098999999999997,4.36875,-0.3793189598337324
0,24.098999999999997,4.371875,-0.37360445417806465
0,24.098999999999997,4.375,-0.36802541326768035
0,24.098999999999997,4.378125000000001,-0.3625784708126299
0,24.098999999999997,4.38125,-0.3572603228580945
0,24.098999999999997,4.384375,-0.35206773004054137
0,24.098999999999997,4.3875,-0.3469975193878733
0,24.098999999999997,4.390625,-0.3420465857109527
0,24.098999999999997,4.393750000000001,-0.3372118926299987
0,24.098999999999997,4.396875,-0.3324904732755276
0,24.098999999999997,4.4,-0.3278794307000419
0,24.098999999999997,4.403125,-0.32337593803352377
0,24.098999999999997,4.40625,-0.3189772384126925
0,24.098999999999997,4.409375000000001,-0.3146806447113615
0,24.098999999999997,4.4125,-0.3104835390966192
0,24.098999999999997,4.415625,-0.3063833724332395
0,24.098999999999997,4.41875,-0.3023776635566476
0,24.098999999999997,4.421875,-0.29846399843270227
0,24.098999999999997,4.425000000000001,-0.29464002922086246
0,24.098999999999997,4.428125,-0.2909034732555996
0,24.098999999999997,4.43125,-0.28725211195941375
0,24.098999999999997,4.434375,-0.2836837896995037
0,24.098999999999997,4.4375,-0.2801964125987932
0,24.098999999999997,4.440625000000001,-0.27678794731097445
0,24.098999999999997,4.44375,-0.2734564197681361
0,24.098999999999997,4.446875,-0.27019991390860837
0,24.098999999999997,4.45,-0.26701657039185206
0,24.098999999999997,4.453125,-0.263904585306366
0,24.098999999999997,4.456250000000001,-0.2608622088759665
0,24.098999999999997,4.459375,-0.25788774416911125
0,24.098999999999997,4.4625,-0.25497954581536786
0,24.098999999999997,4.465625,-0.2521360187326586
0,24.098999999999997,4.46875,-0.2493556168683704
0,24.098999999999997,4.471875000000001,-0.2466368419570758
0,24.098999999999997,4.475,-0.24397824229718942
0,24.098999999999997,4.478125,-0.24137841154854525
0,24.098999999999997,4.48125,-0.2388359875526197
0,24.098999999999997,4.484375,-0.23634965117678616
0,24.098999999999997,4.487500000000001,-0.23391812518381047
0,24.098999999999997,4.490625,-0.23154017312753897
0,24.098999999999997,4.49375,-0.22921459827554097
0,24.098999999999997,4.496875,-0.22694024255932946
0,24.098999999999997,4.5,-0.22471598555257474
0,24.098999999999997,4.503125000000001,-0.2225407434776487
0,24.098999999999997,4.50625,-0.22041346824068164
0,24.098999999999997,4.509375,-0.21833314649521124
0,24.098999999999997,4.5125,-0.21629879873444313
0,24.098999999999997,4.515625,-0.21430947841200798
0,24.098999999999997,4.518750000000001,-0.2123642710910828
0,24.098999999999997,4.521875,-0.21046229362165078
0,24.098999999999997,4.525,-0.20860269334562095
0,24.098999999999997,4.528125,-0.20678464732951374
0,24.098999999999997,4.53125,-0.20500736162432837
0,24.098999999999997,4.534375000000001,-0.203270070552225
0,24.098999999999997,4.5375,-0.2015720360195935
0,24.098999999999997,4.540625,-0.1999125468560578
0,24.098999999999997,4.54375,-0.19829091817897163
0,24.098999999999997,4.546875,-0.19670649078289676
0,24.098999999999997,4.550000000000001,-0.19515863055358623
0,24.098999999999997,4.553125,-0.1936467279059524
0,24.098999999999997,4.55625,-0.1921701972454903
0,24.098999999999997,4.559375,-0.1907284764526406
0,24.098999999999997,4.5625,-0.18932102638952597
0,24.098999999999997,4.565625000000001,-0.18794733042852607
0,24.098999999999997,4.56875,-0.18660689400212283
0,24.098999999999997,4.571875,-0.185299244173438
0,24.098999999999997,4.575,-0.18402392922689784
0,24.098999999999997,4.578125,-0.18278051827841207
0,24.098999999999997,4.581250000000001,-0.18156860090447688
0,24.098999999999997,4.584375,-0.1803877867895757
0,24.098999999999997,4.5875,-0.179237705391236
0,24.098999999999997,4.590625,-0.17811800562209884
0,24.098999999999997,4.59375,-0.17702835554830615
0,24.098999999999997,4.596875000000001,-0.17596844210351445
0,24.098999999999997,4.6,-0.17493797081779597
0,24.098999999999997,4.603125,-0.17393666556065554
0,24.098999999999997,4.60625,-0.17296426829736772
0,24.098999999999997,4.609375,-0.17202053885777038
0,24.098999999999997,4.612500000000001,-0.17110525471662538
0,24.098999999999997,4.615625,-0.17021821078458554
0,24.098999999999997,4.61875,-0.16935921920874486
0,24.098999999999997,4.621875,-0.16852810918169106
0,24.098999999999997,4.625,-0.16772472675787697
0,24.098999999999997,4.628125000000001,-0.16694893467606273
0,24.098999999999997,4.63125,-0.16620061218646554
0,24.098999999999997,4.634375,-0.16547965488114724
0,24.098999999999997,4.6375,-0.1647859745260589
0,24.098999999999997,4.640625,-0.16411949889300786
0,24.098999999999997,4.643750000000001,-0.1634801715896857
0,24.098999999999997,4.646875,-0.1628679518857183
0,24.098999999999997,4.65,-0.16228281453252377
0,24.098999999999997,4.653125,-0.1617247495745768
0,24.098999999999997,4.65625,-0.16119376214944806
0,24.098999999999997,4.659375000000001,-0.1606898722737707
0,24.098999999999997,4.6625,-0.16021311461202126
0,24.098999999999997,4.665625,-0.1597635382247282
0,24.098999999999997,4.66875,-0.1593412062924304
0,24.098999999999997,4.671875,-0.15894619581137215
0,24.098999999999997,4.675000000000001,-0.15857859725658602
0,24.098999999999997,4.678125,-0.1582385142076348
0,24.098999999999997,4.68125,-0.157926062931882
0,24.098999999999997,4.684375,-0.1576413719197408
0,24.098999999999997,4.6875,-0.15738458136588585
0,24.098999999999997,4.690625000000001,-0.15715584258993928
0,24.098999999999997,4.69375,-0.15695531738962973
0,24.098999999999997,4.696875,-0.15678317731888752
0,24.098999999999997,4.7,-0.15663960288278803
0,24.098999999999997,4.703125,-0.15652478264066935
0,24.098999999999997,4.706250000000001,-0.15643891220816358
0,24.098999999999997,4.709375,-0.1563821931482675
0,24.098999999999997,4.7125,-0.15635483174097187
0,24.098999999999997,4.715625,-0.15635703762035474
0,24.098999999999997,4.71875,-0.1563890222674496
0,24.098999999999997,4.721875000000001,-0.15645099734662493
0,24.098999999999997,4.725,-0.15654317287267824
0,24.098999999999997,4.728125,-0.1566657551953717
0,24.098999999999997,4.73125,-0.15681894478773362
0,24.098999999999997,4.734375,-0.15700293382415487
0,24.098999999999997,4.737500000000001,-0.15721790353413656
0,24.098999999999997,4.740625,-0.15746402131753964
0,24.098999999999997,4.74375,-0.15774143760737847
0,24.098999999999997,4.746875,-0.15805028246662914
0,24.098999999999997,4.75,-0.15839066190624926
0,24.098999999999997,4.753125000000001,-0.1587626539126584
0,24.098999999999997,4.75625,-0.15916630417439243
0,24.098999999999997,4.759375,-0.15960162149956308
0,24.098999999999997,4.7625,-0.16006857291819543
0,24.098999999999997,4.765625,-0.1605670784665745
0,24.098999999999997,4.768750000000001,-0.1610970056544424
0,24.098999999999997,4.771875,-0.16165816362036442
0,24.098999999999997,4.775,-0.16225029698588292
0,24.098999999999997,4.778125,-0.16287307942525853
0,24.098999999999997,4.78125,-0.16352610697477027
0,24.098999999999997,4.784375000000001,-0.16420889111370007
0,24.098999999999997,4.7875,-0.1649208516583601
0,24.098999999999997,4.790625,-0.16566130952081654
0,24.098999999999997,4.79375,-0.16642947939530325
0,24.098999999999997,4.796875,-0.16722446244769854
0,24.098999999999997,4.800000000000001,-0.1680452390967011
0,24.098999999999997,4.803125,-0.16889066198940555
0,24.098999999999997,4.80625,-0.1697594492886008
0,24.098999999999997,4.809375,-0.170650178404016
0,24.098999999999997,4.8125,-0.17156128031461282
0,24.098999999999997,4.815625000000001,-0.17249103464335705
0,24.098999999999997,4.81875,-0.17343756565924823
0,24.098999999999997,4.821875,-0.17439883939308806
0,24.098999999999997,4.825,-0.17537266206282529
0,24.098999999999997,4.828125,-0.17635668001061844
0,24.098999999999997,4.831250000000001,-0.1773483813560916
0,24.098999999999997,4.834375,-0.17834509956785988
0,24.098999999999997,4.8375,-0.17934401914735387
0,24.098999999999997,4.840625,-0.18034218360446708
0,24.098999999999997,4.84375,-0.1813365058829127
0,24.098999999999997,4.846875000000001,-0.18232378136374303
0,24.098999999999997,4.85,-0.1833007035379705
0,24.098999999999997,4.853125,-0.1842638823934861
0,24.098999999999997,4.85625,-0.18520986550772345
0,24.098999999999997,4.859375,-0.1861351617764518
0,24.098999999999997,4.862500000000001,-0.18703626764164924
0,24.098999999999997,4.865625,-0.18790969560921125
0,24.098999999999997,4.86875,-0.18875200477219245
0,24.098999999999997,4.871875,-0.18955983297974455
0,24.098999999999997,4.875,-0.19032993021871167
0,24.098999999999997,4.878125000000001,-0.19105919270690103
0,24.098999999999997,4.88125,-0.19174469713761746
0,24.098999999999997,4.884375,-0.19238373446721072
0,24.098999999999997,4.8875,-0.19297384260409092
0,24.098999999999997,4.890625,-0.19351283734151636
0,24.098999999999997,4.893750000000001,-0.19399884087936034
0,24.098999999999997,4.896875,-0.1944303073033317
0,24.098999999999997,4.9,-0.19480604443407665
0,24.098999999999997,4.903125,-0.19512523152263592
0,24.098999999999997,4.90625,-0.19538743235130043
0,24.098999999999997,4.909375000000001,-0.19559260339741197
0,24.098999999999997,4.9125,-0.19574109682872953
0,24.098999999999997,4.915625,-0.19583365821851326
0,24.098999999999997,4.91875,-0.19587141899191032
0,24.098999999999997,4.921875,-0.19585588373779622
0,24.098999999999997,4.925000000000001,-0.19578891263718717
0,24.098999999999997,4.928125,-0.19567269936631101
0,24.098999999999997,4.93125,-0.19550974492554374
0,24.098999999999997,4.934375,-0.19530282792162112
0,24.098999999999997,4.9375,-0.19505497188762846
0,24.098999999999997,4.940625000000001,-0.1947694102620708
0,24.098999999999997,4.94375,-0.19444954966463143
0,24.098999999999997,4.946875,-0.19409893210277182
0,24.098999999999997,4.95,-0.19372119672171698
0,24.098999999999997,4.953125,-0.19332004167283892
0,24.098999999999997,4.956250000000001,-0.1928991866248249
0,24.098999999999997,4.959375,-0.19246233638135402
0,24.098999999999997,4.9625,-0.1920131460015697
0,24.098999999999997,4.965625,-0.19155518774862232
0,24.098999999999997,4.96875,-0.19109192011994652
0,24.098999999999997,4.971875000000001,-0.1906266591434803
0,24.098999999999997,4.975,-0.1901625520589859
0,24.098999999999997,4.978125,-0.1897025534448981
0,24.098999999999997,4.98125,-0.18924940380009345
0,24.098999999999997,4.984375,-0.1888056105475695
0,24.098999999999997,4.987500000000001,-0.18837343139379265
0,24.098999999999997,4.990625,-0.1879548599534966
0,24.098999999999997,4.99375,-0.1875516135348008
0,24.098999999999997,4.996875,-0.18716512297316326
0,24.098999999999997,5.0,-0.18679652440413325
0,24.098999999999997,5.003125,-0.18644665287325807
0,24.098999999999997,5.0062500000000005,-0.1861160376957442
0,24.098999999999997,5.009375,-0.18580489949747034
0,24.098999999999997,5.0125,-0.18551314889148265
0,24.098999999999997,5.015625,-0.18524038676894117
0,24.098999999999997,5.01875,-0.18498590620935573
0,24.098999999999997,5.0218750000000005,-0.18474869604058616
0,24.098999999999997,5.025,-0.18452744610320423
0,24.098999999999997,5.028125,-0.18432055429517383
0,24.098999999999997,5.03125,-0.18412613549016865
0,24.098999999999997,5.034375,-0.18394203243503535
0,24.098999999999997,5.0375000000000005,-0.18376582873782554
0,24.098999999999997,5.040625,-0.18359486405646067
0,24.098999999999997,5.04375,-0.18342625158861647
0,24.098999999999997,5.046875,-0.1832568979451687
0,24.098999999999997,5.05,-0.1830835254621206
0,24.098999999999997,5.0531250000000005,-0.18290269696924472
0,24.098999999999997,5.05625,-0.1827108429879714
0,24.098999999999997,5.059375,-0.18250429127701118
0,24.098999999999997,5.0625,-0.18227929858292521
0,24.098999999999997,5.065625,-0.18203208438592125
0,24.098999999999997,5.0687500000000005,-0.18175886636059754
0,24.098999999999997,5.071875,-0.1814558971996403
0,24.098999999999997,5.075,-0.1811195023784303
0,24.098999999999997,5.078125,-0.18074611837322938
0,24.098999999999997,5.08125,-0.180332330788322
0,24.098999999999997,5.0843750000000005,-0.17987491180139173
0,24.098999999999997,5.0875,-0.17937085630452376
0,24.098999999999997,5.090625,-0.17881741610314855
0,24.098999999999997,5.09375,-0.17821213153901894
0,24.098999999999997,5.096875,-0.1775528599272209
0,24.098999999999997,5.1000000000000005,-0.17683780024166307
0,24.098999999999997,5.103125,-0.17606551354790692
0,24.098999999999997,5.10625,-0.17523493876501098
0,24.098999999999997,5.109375,-0.17434540343676103
0,24.098999999999997,5.1125,-0.1733966293038338
0,24.098999999999997,5.1156250000000005,-0.1723887325880361
0,24.098999999999997,5.11875,-0.17132221902321243
0,24.098999999999997,5.121875,-0.1701979737899408
0,24.098999999999997,5.125,-0.16901724662803344
0,24.098999999999997,5.128125,-0.16778163250768052
0,24.098999999999997,5.1312500000000005,-0.16649304833299725
0,24.098999999999997,5.134375,-0.16515370622763925
0,24.098999999999997,5.1375,-0.16376608400883338
0,24.098999999999997,5.140625,-0.16233289349243427
0,24.098999999999997,5.14375,-0.1608570472871841
0,24.098999999999997,5.1468750000000005,-0.15934162473197133
0,24.098999999999997,5.15,-0.15778983760706466
0,24.098999999999997,5.153125,-0.15620499621125322
0,24.098999999999997,5.15625,-0.15459047634431536
0,24.098999999999997,5.159375,-0.1529496876712404
0,24.098999999999997,5.1625000000000005,-0.1512860438743764
0,24.098999999999997,5.165625,-0.1496029349252506
0,24.098999999999997,5.16875,-0.14790370173214976
0,24.098999999999997,5.171875,-0.14619161334530875
0,24.098999999999997,5.175,-0.1444698468309147
0,24.098999999999997,5.1781250000000005,-0.14274146985994063
0,24.098999999999997,5.18125,-0.14100942599937558
0,24.098999999999997,5.184375,-0.139276522642606
0,24.098999999999997,5.1875,-0.13754542147303023
0,24.098999999999997,5.190625,-0.13581863132049787
0,24.098999999999997,5.1937500000000005,-0.1340985032437105
0,24.098999999999997,5.196875,-0.13238722765280891
0,24.098999999999997,5.2,-0.13068683327436506
0,24.098999999999997,5.203125,-0.1289991877551649
0,24.098999999999997,5.20625,-0.1273259997006174
0,24.098999999999997,5.2093750000000005,-0.1256688219475528
0,24.098999999999997,5.2125,-0.12402905587869993
0,24.098999999999997,5.215625,-0.12240795659644617
0,24.098999999999997,5.21875,-0.12080663878588752
0,24.098999999999997,5.221875,-0.11922608311093805
0,24.098999999999997,5.2250000000000005,-0.11766714300187425
0,24.098999999999997,5.228125,-0.11613055170761019
0,24.098999999999997,5.23125,-0.1146169295008311
0,24.098999999999997,5.234375,-0.11312679093856536
0,24.098999999999997,5.2375,-0.11166055209454354
0,24.098999999999997,5.2406250000000005,-0.11021853769265197
0,24.098999999999997,5.24375,-0.10880098808277908
0,24.098999999999997,5.246875,-0.10740806601130325
0,24.098999999999997,5.25,-0.10603986314837814
0,24.098999999999997,5.253125,-0.10469640634298141
0,24.098999999999997,5.2562500000000005,-0.1033776635844859
0,24.098999999999997,5.259375,-0.10208354965629822
0,24.098999999999997,5.2625,-0.10081393147295084
0,24.098999999999997,5.265625,-0.09956863309702456
0,24.098999999999997,5.26875,-0.09834744043644589
0,24.098999999999997,5.2718750000000005,-0.09715010562616914
0,24.098999999999997,5.275,-0.09597635110106627
0,24.098999999999997,5.278125,-0.09482587336907825
0,24.098999999999997,5.28125,-0.09369834649543231
0,24.098999999999997,5.284375,-0.09259342531001476
0,24.098999999999997,5.2875000000000005,-0.09151074835092088
0,24.098999999999997,5.290625,-0.09044994055780628
0,24.098999999999997,5.29375,-0.08941061572899045
0,24.098999999999997,5.296875,-0.08839237875638417
0,24.098999999999997,5.3,-0.08739482765222513
0,24.098999999999997,5.3031250000000005,-0.08641755538138725
0,24.098999999999997,5.30625,-0.08546015151268603
0,24.098999999999997,5.309375,-0.08452220370216007
0,24.098999999999997,5.3125,-0.08360329902081523
0,24.098999999999997,5.315625,-0.08270302513875245
0,24.098999999999997,5.3187500000000005,-0.08182097137701828
0,24.098999999999997,5.321875,-0.08095672963790919
0,24.098999999999997,5.325,-0.08010989522383893
0,24.098999999999997,5.328125,-0.07928006755427117
0,24.098999999999997,5.33125,-0.07846685078960289
0,24.098999999999997,5.3343750000000005,-0.07766985437029415
0,24.098999999999997,5.3375,-0.07688869347896446
0,24.098999999999997,5.340625,-0.0761229894326158
0,24.098999999999997,5.34375,-0.07537237001162062
0,24.098999999999997,5.346875,-0.07463646973159957
0,24.098999999999997,5.3500000000000005,-0.07391493006384053
0,24.098999999999997,5.353125,-0.07320739960945857
0,24.098999999999997,5.35625,-0.07251353423206888
0,24.098999999999997,5.359375,-0.07183299715335378
0,24.098999999999997,5.3625,-0.0711654590155278
0,24.098999999999997,5.3656250000000005,-0.07051059791436169
0,24.098999999999997,5.36875,-0.0698680994061065
0,24.098999999999997,5.371875,-0.06923765649135594
0,24.098999999999997,5.375,-0.06861896957861724
0,24.098999999999997,5.378125,-0.06801174643009922
0,24.098999999999997,5.3812500000000005,-0.06741570209199543
0,24.098999999999997,5.384375,-0.06683055881132491
0,24.098999999999997,5.3875,-0.06625604594119071
0,24.098999999999997,5.390625,-0.06569189983614068
0,24.098999999999997,5.39375,-0.06513786373914282
0,24.098999999999997,5.3968750000000005,-0.06459368766153752
0,24.098999999999997,5.4,-0.06405912825719069
0,24.098999999999997,5.403125,-0.06353394869194068
0,24.098999999999997,5.40625,-0.06301791850932187
0,24.098999999999997,5.409375,-0.06251081349343715
0,24.098999999999997,5.4125000000000005,-0.06201241552975782
0,24.098999999999997,5.415625,-0.0615225124645433
0,24.098999999999997,5.41875,-0.06104089796349037
0,24.098999999999997,5.421875,-0.060567371370155186
0,24.098999999999997,5.425,-0.060101737564621775
0,24.098999999999997,5.4281250000000005,-0.05964380682283438
0,24.098999999999997,5.43125,-0.05919339467695854
0,24.098999999999997,5.434375,-0.05875032177708505
0,24.098999999999997,5.4375,-0.05831441375455239
0,24.098999999999997,5.440625,-0.057885501087120345
0,24.098999999999997,5.4437500000000005,-0.05746341896619495
0,24.098999999999997,5.446875,-0.05704800716627371
0,24.098999999999997,5.45,-0.05663910991674965
0,24.098999999999997,5.453125,-0.056236575776192205
0,24.098999999999997,5.45625,-0.05584025750919588
0,24.098999999999997,5.4593750000000005,-0.055450011965870585
0,24.098999999999997,5.4625,-0.05506569996402954
0,24.098999999999997,5.465625,-0.054687186174112834
0,24.098999999999997,5.46875,-0.05431433900687452
0,24.098999999999997,5.471875,-0.05394703050384524
0,24.098999999999997,5.4750000000000005,-0.05358513623057344
0,24.098999999999997,5.478125,-0.053228535172639084
0,24.098999999999997,5.48125,-0.052877109634423144
0,24.098999999999997,5.484375,-0.05253074514061259
0,24.098999999999997,5.4875,-0.05218933034041094
0,24.098999999999997,5.4906250000000005,-0.05185275691442098
0,24.098999999999997,5.49375,-0.051520919484161536
0,24.098999999999997,5.496875,-0.051193715524174656
0,24.098999999999997,5.5,-0.05087104527667946
0,24.098999999999997,5.503125,-0.05055281166872289
0,24.098999999999997,5.5062500000000005,-0.05023892023177736
0,24.098999999999997,5.509375,-0.04992927902373341
0,24.098999999999997,5.5125,-0.04962379855323264
0,24.098999999999997,5.515625,-0.04932239170628774
0,24.098999999999997,5.51875,-0.049024973675133296
0,24.098999999999997,5.5218750000000005,-0.04873146188925187
0,24.098999999999997,5.525,-0.04844177594851993
0,24.098999999999997,5.528125,-0.04815583755841647
0,24.098999999999997,5.53125,-0.04787357046724035
0,24.098999999999997,5.534375,-0.047594900405279826
0,24.098999999999997,5.5375000000000005,-0.04731975502587984
0,24.098999999999997,5.540625,-0.047048063848353375
0,24.098999999999997,5.54375,-0.04677975820268246
0,24.098999999999997,5.546875,-0.046514771175957495
0,24.098999999999997,5.55,-0.04625303756050247
0,24.098999999999997,5.5531250000000005,-0.04599449380363541
0,24.098999999999997,5.55625,-0.045739077959015086
0,24.098999999999997,5.559375,-0.045486729639523986
0,24.098999999999997,5.5625,-0.045237389971641694
0,24.098999999999997,5.565625,-0.04499100155126102
0,24.098999999999997,5.5687500000000005,-0.04474750840090211
0,24.098999999999997,5.571875,-0.04450685592828059
0,24.098999999999997,5.575,-0.04426899088618578
0,24.098999999999997,5.578125,-0.04403386133362863
0,24.098999999999997,5.58125,-0.043801416598217326
0,24.098999999999997,5.5843750000000005,-0.0435716072397217
0,24.098999999999997,5.5875,-0.04334438501478813
0,24.098999999999997,5.590625,-0.0431197028427666
0,24.098999999999997,5.59375,-0.04289751477261524
0,24.098999999999997,5.596875,-0.04267777595084586
0,24.098999999999997,5.6000000000000005,-0.04246044259047711
0,24.098999999999997,5.603125,-0.04224547194096227
0,24.098999999999997,5.60625,-0.04203282225905895
0,24.098999999999997,5.609375,-0.041822452780610725
0,24.098999999999997,5.6125,-0.04161432369320998
0,24.098999999999997,5.6156250000000005,-0.04140839610971309
0,24.098999999999997,5.61875,-0.041204632042580125
0,24.098999999999997,5.621875,-0.041002994379011004
0,24.098999999999997,5.625,-0.04080344685685291
0,24.098999999999997,5.628125,-0.04060595404125277
0,24.098999999999997,5.6312500000000005,-0.040410481302030204
0,24.098999999999997,5.634375,-0.04021699479174771
0,24.098999999999997,5.6375,-0.04002546142445396
0,24.098999999999997,5.640625,-0.03983584885507941
0,24.098999999999997,5.64375,-0.039648125459461454
0,24.098999999999997,5.6468750000000005,-0.039462260314979035
0,24.098999999999997,5.65,-0.0392782231817767
0,24.098999999999997,5.653125,-0.03909598448455783
0,24.098999999999997,5.65625,-0.03891551529492964
0,24.098999999999997,5.659375,-0.03873678731428069
0,24.098999999999997,5.6625000000000005,-0.03855977285717409
0,24.098999999999997,5.665625,-0.03838444483523929
0,24.098999999999997,5.66875,-0.03821077674154588
0,24.098999999999997,5.671875,-0.03803874263544425
0,24.098999999999997,5.675,-0.037868317127857314
0,24.098999999999997,5.6781250000000005,-0.03769947536700885
0,24.098999999999997,5.68125,-0.0375321930245745
0,24.098999999999997,5.684375,-0.03736644628224087
0,24.098999999999997,5.6875,-0.037202211818660645
0,24.098999999999997,5.690625,-0.03703946679679007
0,24.098999999999997,5.6937500000000005,-0.03687818885159674
0,24.098999999999997,5.696875,-0.03671835607812597
0,24.098999999999997,5.7,-0.03655994701991359
0,24.098999999999997,5.703125,-0.03640294065773491
0,24.098999999999997,5.70625,-0.0362473163986784
0,24.098999999999997,5.7093750000000005,-0.03609305406553401
0,24.098999999999997,5.7125,-0.03594013388648625
0,24.098999999999997,5.715625,-0.0357885364851018
0,24.098999999999997,5.71875,-0.03563824287060292
0,24.098999999999997,5.721875,-0.03548923442841731
0,24.098999999999997,5.7250000000000005,-0.03534149291099574
0,24.098999999999997,5.728125,-0.03519500042888906
0,24.098999999999997,5.73125,-0.03504973944207616
0,24.098999999999997,5.734375,-0.03490569275153559
0,24.098999999999997,5.7375,-0.034762843491052735
0,24.098999999999997,5.7406250000000005,-0.03462117511925526
0,24.098999999999997,5.74375,-0.034480671411870153
0,24.098999999999997,5.746875,-0.03434131645419467
0,24.098999999999997,5.75,-0.03420309463377556
0,24.098999999999997,5.753125,-0.034065990633289314
0,24.098999999999997,5.7562500000000005,-0.03392998942361775
0,24.098999999999997,5.759375,-0.03379507625711283
0,24.098999999999997,5.7625,-0.033661236661044584
0,24.098999999999997,5.765625,-0.033528456431227205
0,24.098999999999997,5.76875,-0.03339672162581728
0,24.098999999999997,5.7718750000000005,-0.03326601855927926
0,24.098999999999997,5.775,-0.0331363337965132
0,24.098999999999997,5.778125,-0.03300765414713928
0,24.098999999999997,5.78125,-0.03287996665993528
0,24.098999999999997,5.784375,-0.03275325861742172
0,24.098999999999997,5.7875000000000005,-0.03262751753059048
0,24.098999999999997,5.790625,-0.03250273113377282
0,24.098999999999997,5.79375,-0.032378887379642125
0,24.098999999999997,5.796875,-0.032255974434348036
0,24.098999999999997,5.800000000000001,-0.0321339806727776
0,24.098999999999997,5.8031250000000005,-0.03201289467393998
0,24.098999999999997,5.80625,-0.03189270521647077
0,24.098999999999997,5.809375,-0.031773401274252815
0,24.098999999999997,5.8125,-0.031654972012149805
0,24.098999999999997,5.815625000000001,-0.031537406781849554
0,24.098999999999997,5.8187500000000005,-0.03142069511781376
0,24.098999999999997,5.821875,-0.03130482673333084
0,24.098999999999997,5.825,-0.031189791516669507
0,24.098999999999997,5.828125,-0.031075579527329533
0,24.098999999999997,5.831250000000001,-0.0309621809923873
0,24.098999999999997,5.8343750000000005,-0.03084958630293344
0,24.098999999999997,5.8375,-0.030737786010599507
0,24.098999999999997,5.840625,-0.030626770824171742
0,24.098999999999997,5.84375,-0.03051653160628911
0,24.098999999999997,5.846875000000001,-0.030407059370223165
0,24.098999999999997,5.8500000000000005,-0.030298345276737863
0,24.098999999999997,5.853125,-0.030190380631026383
0,24.098999999999997,5.85625,-0.030083156879723533
0,24.098999999999997,5.859375,-0.029976665607991154
0,24.098999999999997,5.862500000000001,-0.02987089853667462
0,24.098999999999997,5.8656250000000005,-0.02976584751952865
0,24.098999999999997,5.86875,-0.029661504540509993
0,24.098999999999997,5.871875,-0.029557861711135842
0,24.098999999999997,5.875,-0.029454911267905615
0,24.098999999999997,5.878125000000001,-0.02935264556978463
0,24.098999999999997,5.8812500000000005,-0.029251057095747976
0,24.098999999999997,5.884375,-0.0291501384423827
0,24.098999999999997,5.8875,-0.029049882321547097
0,24.098999999999997,5.890625,-0.02895028155808533
0,24.098999999999997,5.893750000000001,-0.028851329087595787
0,24.098999999999997,5.8968750000000005,-0.028753017954252193
0,24.098999999999997,5.9,-0.028655341308675267
0,24.098999999999997,5.903125,-0.02855829240585448
0,24.098999999999997,5.90625,-0.02846186460311789
0,24.098999999999997,5.909375000000001,-0.028366051358149083
0,24.098999999999997,5.9125000000000005,-0.028270846227050055
0,24.098999999999997,5.915625,-0.028176242862448377
0,24.098999999999997,5.91875,-0.028082235011648075
0,24.098999999999997,5.921875,-0.02798881651482266
0,24.098999999999997,5.925000000000001,-0.027895981303249297
0,24.098999999999997,5.9281250000000005,-0.027803723397583236
0,24.098999999999997,5.93125,-0.027712036906171023
0,24.098999999999997,5.934375,-0.02762091602340199
0,24.098999999999997,5.9375,-0.02753035502809672
0,24.098999999999997,5.940625000000001,-0.027440348281931568
0,24.098999999999997,5.9437500000000005,-0.02735089022789852
0,24.098999999999997,5.946875,-0.027261975388799046
0,24.098999999999997,5.95,-0.02717359836577163
0,24.098999999999997,5.953125,-0.02708575383685168
0,24.098999999999997,5.956250000000001,-0.02699843655556322
0,24.098999999999997,5.9593750000000005,-0.026911641349541587
0,24.098999999999997,5.9625,-0.02682536311918601
0,24.098999999999997,5.965625,-0.026739596836341858
0,24.098999999999997,5.96875,-0.026654337543011372
0,24.098999999999997,5.971875000000001,-0.02656958035009236
0,24.098999999999997,5.9750000000000005,-0.02648532043614421
0,24.098999999999997,5.978125,-0.02640155304618025
0,24.098999999999997,5.98125,-0.02631827349048622
0,24.098999999999997,5.984375,-0.026235477143463925
0,24.098999999999997,5.987500000000001,-0.026153159442499473
0,24.098999999999997,5.9906250000000005,-0.026071315886855705
0,24.098999999999997,5.99375,-0.025989942036587808
0,24.098999999999997,5.996875,-0.025909033511482066
0,24.098999999999997,6.0,-0.02582858599001678
