"Current","Field","Frequency","Spectra"
0,13.9728,1.0,-0.029964811819913593
0,13.9728,1.003125,-0.030051598122217256
0,13.9728,1.00625,-0.030138780559260878
0,13.9728,1.009375,-0.030226361699498022
0,13.9728,1.0125,-0.030314344133799992
0,13.9728,1.015625,-0.03040273047570913
0,13.9728,1.01875,-0.03049152336169563
0,13.9728,1.021875,-0.030580725451418034
0,13.9728,1.025,-0.03067033942798742
0,13.9728,1.028125,-0.030760367998235307
0,13.9728,1.03125,-0.030850813892985385
0,13.9728,1.034375,-0.03094167986732916
0,13.9728,1.0375,-0.031032968700905498
0,13.9728,1.040625,-0.03112468319818425
0,13.9728,1.04375,-0.031216826188753943
0,13.9728,1.046875,-0.03130940052761357
0,13.9728,1.05,-0.03140240909546869
0,13.9728,1.053125,-0.031495854799031775
0,13.9728,1.05625,-0.03158974057132702
0,13.9728,1.059375,-0.03168406937199951
0,13.9728,1.0625,-0.03177884418762897
0,13.9728,1.065625,-0.0318740680320481
0,13.9728,1.06875,-0.03196974394666568
0,13.9728,1.071875,-0.032065875000794365
0,13.9728,1.075,-0.032162464291983425
0,13.9728,1.078125,-0.03225951494635633
0,13.9728,1.08125,-0.032357030118953495
0,13.9728,1.084375,-0.032455012994080046
0,13.9728,1.0875,-0.03255346678565891
0,13.9728,1.090625,-0.03265239473758916
0,13.9728,1.09375,-0.032751800124109755
0,13.9728,1.096875,-0.03285168625016883
0,13.9728,1.1,-0.03295205645179856
0,13.9728,1.103125,-0.033052914096495814
0,13.9728,1.10625,-0.03315426258360853
0,13.9728,1.109375,-0.033256105344728074
0,13.9728,1.1125,-0.03335844584408757
0,13.9728,1.115625,-0.03346128757896645
0,13.9728,1.11875,-0.033564634080101206
0,13.9728,1.121875,-0.03366848891210259
0,13.9728,1.125,-0.03377285567387917
0,13.9728,1.128125,-0.03387773799906762
0,13.9728,1.13125,-0.033983139556469664
0,13.9728,1.134375,-0.03408906405049602
0,13.9728,1.1375,-0.03419551522161712
0,13.9728,1.140625,-0.034302496846821184
0,13.9728,1.14375,-0.03441001274007931
0,13.9728,1.146875,-0.03451806675281821
0,13.9728,1.15,-0.03462666277440032
0,13.9728,1.153125,-0.03473580473261162
0,13.9728,1.15625,-0.03484549659415734
0,13.9728,1.159375,-0.034955742365165514
0,13.9728,1.1625,-0.03506654609169886
0,13.9728,1.165625,-0.03517791186027476
0,13.9728,1.16875,-0.03528984379839385
0,13.9728,1.171875,-0.03540234607507707
0,13.9728,1.175,-0.0355154229014116
0,13.9728,1.178125,-0.0356290785311057
0,13.9728,1.18125,-0.03574331726105279
0,13.9728,1.184375,-0.03585814343190461
0,13.9728,1.1875,-0.035973561428654134
0,13.9728,1.190625,-0.03608957568122795
0,13.9728,1.19375,-0.036206190665088636
0,13.9728,1.196875,-0.03632341090184719
0,13.9728,1.2,-0.036441240959885685
0,13.9728,1.203125,-0.03655968545499045
0,13.9728,1.20625,-0.03667874905099584
0,13.9728,1.209375,-0.03679843646043905
0,13.9728,1.2125,-0.03691875244522596
0,13.9728,1.215625,-0.03703970181730832
0,13.9728,1.21875,-0.03716128943937254
0,13.9728,1.221875,-0.0372835202255403
0,13.9728,1.225,-0.03740639914208118
0,13.9728,1.228125,-0.03752993120813762
0,13.9728,1.23125,-0.03765412149646246
0,13.9728,1.234375,-0.03777897513416918
0,13.9728,1.2375,-0.0379044973034954
0,13.9728,1.240625,-0.03803069324257952
0,13.9728,1.24375,-0.038157568246251196
0,13.9728,1.246875,-0.038285127666835596
0,13.9728,1.25,-0.038413376914971854
0,13.9728,1.253125,-0.038542321460446144
0,13.9728,1.25625,-0.038671966833039445
0,13.9728,1.259375,-0.03880231862339046
0,13.9728,1.2625,-0.038933382483874054
0,13.9728,1.265625,-0.03906516412949533
0,13.9728,1.26875,-0.03919766933879993
0,13.9728,1.271875,-0.03933090395480073
0,13.9728,1.275,-0.03946487388592136
0,13.9728,1.278125,-0.03959958510695692
0,13.9728,1.28125,-0.03973504366005214
0,13.9728,1.284375,-0.039871255655697616
0,13.9728,1.2875,-0.04000822727374419
0,13.9728,1.290625,-0.040145964764436166
0,13.9728,1.29375,-0.04028447444946365
0,13.9728,1.296875,-0.04042376272303423
0,13.9728,1.3,-0.04056383605296497
0,13.9728,1.303125,-0.04070470098179446
0,13.9728,1.30625,-0.04084636412791598
0,13.9728,1.309375,-0.04098883218673192
0,13.9728,1.3125,-0.041132111931829904
0,13.9728,1.315625,-0.041276210216181386
0,13.9728,1.31875,-0.04142113397336289
0,13.9728,1.321875,-0.04156689021880061
0,13.9728,1.325,-0.04171348605103889
0,13.9728,1.328125,-0.041860928653032974
0,13.9728,1.33125,-0.042009225293466755
0,13.9728,1.334375,-0.04215838332809599
0,13.9728,1.3375,-0.04230841020111765
0,13.9728,1.340625,-0.042459313446565866
0,13.9728,1.34375,-0.0426111006897352
0,13.9728,1.346875,-0.042763779648631844
0,13.9728,1.35,-0.042917358135453415
0,13.9728,1.353125,-0.04307184405809793
0,13.9728,1.35625,-0.043227245421702705
0,13.9728,1.359375,-0.043383570330213936
0,13.9728,1.3625,-0.04354082698798754
0,13.9728,1.365625,-0.04369902370142208
0,13.9728,1.36875,-0.04385816888062455
0,13.9728,1.371875,-0.0440182710411098
0,13.9728,1.375,-0.044179338805534284
0,13.9728,1.378125,-0.04434138090546507
0,13.9728,1.38125,-0.04450440618318497
0,13.9728,1.384375,-0.04466842359353456
0,13.9728,1.3875,-0.0448334422057921
0,13.9728,1.390625,-0.044999471205592056
0,13.9728,1.39375,-0.04516651989688348
0,13.9728,1.396875,-0.04533459770392893
0,13.9728,1.4,-0.04550371417334508
0,13.9728,1.403125,-0.04567387897618599
0,13.9728,1.40625,-0.04584510191007005
0,13.9728,1.409375,-0.0460173929013518
0,13.9728,1.4125,-0.04619076200733954
0,13.9728,1.415625,-0.04636521941856008
0,13.9728,1.41875,-0.04654077546107169
0,13.9728,1.421875,-0.04671744059882631
0,13.9728,1.425,-0.04689522543608271
0,13.9728,1.428125,-0.04707414071987129
0,13.9728,1.43125,-0.047254197342512266
0,13.9728,1.434375,-0.047435406344188476
0,13.9728,1.4375,-0.04761777891557403
0,13.9728,1.440625,-0.047801326400520504
0,13.9728,1.44375,-0.04798606029880186
0,13.9728,1.446875,-0.048171992268919925
0,13.9728,1.45,-0.048359134130971655
0,13.9728,1.453125,-0.048547497869580014
0,13.9728,1.45625,-0.048737095636889965
0,13.9728,1.459375,-0.04892793975563149
0,13.9728,1.4625,-0.04912004272225107
0,13.9728,1.465625,-0.04931341721011369
0,13.9728,1.46875,-0.04950807607277706
0,13.9728,1.471875,-0.04970403234734009
0,13.9728,1.475,-0.049901299257867425
0,13.9728,1.478125,-0.05009989021889216
0,13.9728,1.48125,-0.05029981883899896
0,13.9728,1.484375,-0.05050109892448923
0,13.9728,1.4875,-0.050703744483131245
0,13.9728,1.490625,-0.05090776972799694
0,13.9728,1.49375,-0.05111318908138795
0,13.9728,1.496875,-0.051320017178853455
0,13.9728,1.5,-0.05152826887330187
0,13.9728,1.503125,-0.051737959239209444
0,13.9728,1.50625,-0.05194910357692821
0,13.9728,1.509375,-0.052161717417095826
0,13.9728,1.5125000000000002,-0.05237581652515061
0,13.9728,1.515625,-0.05259141690595389
0,13.9728,1.51875,-0.05280853480852377
0,13.9728,1.521875,-0.053027186730882137
0,13.9728,1.525,-0.05324738942501908
0,13.9728,1.5281250000000002,-0.05346915990197762
0,13.9728,1.53125,-0.05369251543706188
0,13.9728,1.534375,-0.0539174735751729
0,13.9728,1.5375,-0.054144052136274774
0,13.9728,1.540625,-0.054372269220995695
0,13.9728,1.5437500000000002,-0.054602143216367215
0,13.9728,1.546875,-0.054833692801705684
0,13.9728,1.55,-0.055066936954640475
0,13.9728,1.553125,-0.0553018949572924
0,13.9728,1.55625,-0.055538586402607434
0,13.9728,1.5593750000000002,-0.055777031200849814
0,13.9728,1.5625,-0.056017249586259144
0,13.9728,1.565625,-0.05625926212387673
0,13.9728,1.56875,-0.056503089716545475
0,13.9728,1.571875,-0.056748753612088886
0,13.9728,1.5750000000000002,-0.05699627541067455
0,13.9728,1.578125,-0.057245677072366906
0,13.9728,1.58125,-0.05749698092487596
0,13.9728,1.584375,-0.05775020967150671
0,13.9728,1.5875,-0.058005386399316114
0,13.9728,1.5906250000000002,-0.0582625345874835
0,13.9728,1.59375,-0.05852167811590058
0,13.9728,1.596875,-0.05878284127398855
0,13.9728,1.6,-0.05904604876974807
0,13.9728,1.603125,-0.059311325739050125
0,13.9728,1.6062500000000002,-0.059578697755174756
0,13.9728,1.609375,-0.05984819083860505
0,13.9728,1.6125,-0.06011983146708491
0,13.9728,1.615625,-0.06039364658594793
0,13.9728,1.61875,-0.060669663618726374
0,13.9728,1.6218750000000002,-0.06094791047804891
0,13.9728,1.625,-0.06122841557683559
0,13.9728,1.628125,-0.061511207839800366
0,13.9728,1.63125,-0.06179631671526967
0,13.9728,1.634375,-0.06208377218732786
0,13.9728,1.6375000000000002,-0.06237360478829974
0,13.9728,1.640625,-0.06266584561158027
0,13.9728,1.64375,-0.06296052632482362
0,13.9728,1.646875,-0.0632576791835018
0,13.9728,1.65,-0.06355733704484579
0,13.9728,1.6531250000000002,-0.06385953338218095
0,13.9728,1.65625,-0.06416430229966938
0,13.9728,1.659375,-0.06447167854747292
0,13.9728,1.6625,-0.06478169753734989
0,13.9728,1.665625,-0.06509439535870012
0,13.9728,1.6687500000000002,-0.06540980879507292
0,13.9728,1.671875,-0.06572797534115293
0,13.9728,1.675,-0.0660489332202401
0,13.9728,1.678125,-0.06637272140223957
0,13.9728,1.68125,-0.066699379622179
0,13.9728,1.6843750000000002,-0.06702894839927043
0,13.9728,1.6875,-0.067361469056535
0,13.9728,1.690625,-0.06769698374100988
0,13.9728,1.69375,-0.06803553544455614
0,13.9728,1.696875,-0.0683771680252886
0,13.9728,1.7000000000000002,-0.06872192622964869
0,13.9728,1.703125,-0.0690698557151414
0,13.9728,1.70625,-0.06942100307376031
0,13.9728,1.709375,-0.06977541585612285
0,13.9728,1.7125,-0.07013314259634126
0,13.9728,1.7156250000000002,-0.07049423283765428
0,13.9728,1.71875,-0.07085873715884515
0,13.9728,1.721875,-0.0712267072014748
0,13.9728,1.725,-0.07159819569795682
0,13.9728,1.728125,-0.07197325650050483
0,13.9728,1.7312500000000002,-0.07235194461098246
0,13.9728,1.734375,-0.07273431621168716
0,13.9728,1.7375,-0.07312042869710186
0,13.9728,1.740625,-0.07351034070664744
0,13.9728,1.74375,-0.07390411215847249
0,13.9728,1.7468750000000002,-0.07430180428431692
0,13.9728,1.75,-0.07470347966548725
0,13.9728,1.753125,-0.07510920226998477
0,13.9728,1.75625,-0.07551903749082617
0,13.9728,1.759375,-0.07593305218560102
0,13.9728,1.7625000000000002,-0.07635131471731033
0,13.9728,1.765625,-0.076773894996532
0,13.9728,1.76875,-0.07720086452496283
0,13.9728,1.771875,-0.0776322964403855
0,13.9728,1.775,-0.078068265563114
0,13.9728,1.7781250000000002,-0.07850884844397125
0,13.9728,1.78125,-0.0789541234138546
0,13.9728,1.784375,-0.07940417063494917
0,13.9728,1.7875,-0.07985907215364815
0,13.9728,1.790625,-0.08031891195524497
0,13.9728,1.7937500000000002,-0.0807837760204621
0,13.9728,1.796875,-0.08125375238388496
0,13.9728,1.8,-0.08172893119437313
0,13.9728,1.803125,-0.08220940477752106
0,13.9728,1.80625,-0.08269526770024696
0,13.9728,1.8093750000000002,-0.08318661683758882
0,13.9728,1.8125,-0.08368355144179088
0,13.9728,1.815625,-0.08418617321376778
0,13.9728,1.81875,-0.08469458637703517
0,13.9728,1.821875,-0.08520889775420146
0,13.9728,1.8250000000000002,-0.08572921684611756
0,13.9728,1.828125,-0.08625565591378541
0,13.9728,1.83125,-0.08678833006313166
0,13.9728,1.834375,-0.08732735733275443
0,13.9728,1.8375,-0.08787285878475828
0,13.9728,1.8406250000000002,-0.08842495859879504
0,13.9728,1.84375,-0.08898378416943317
0,13.9728,1.846875,-0.08954946620698497
0,13.9728,1.85,-0.0901221388419224
0,13.9728,1.853125,-0.09070193973302187
0,13.9728,1.8562500000000002,-0.09128901017938039
0,13.9728,1.859375,-0.09188349523645206
0,13.9728,1.8625,-0.09248554383626176
0,13.9728,1.865625,-0.09309530891195475
0,13.9728,1.86875,-0.09371294752685143
0,13.9728,1.8718750000000002,-0.09433862100818062
0,13.9728,1.875,-0.09497249508567071
0,13.9728,1.878125,-0.09561474003518833
0,13.9728,1.88125,-0.09626553082761641
0,13.9728,1.884375,-0.09692504728317534
0,13.9728,1.8875000000000002,-0.09759347423139564
0,13.9728,1.890625,-0.09827100167695865
0,13.9728,1.89375,-0.0989578249716317
0,13.9728,1.896875,-0.09965414499252866
0,13.9728,1.9,-0.10036016832693881
0,13.9728,1.9031250000000002,-0.10107610746397327
0,13.9728,1.90625,-0.10180218099328667
0,13.9728,1.909375,-0.10253861381114267
0,13.9728,1.9125,-0.10328563733409789
0,13.9728,1.915625,-0.10404348972059038
0,13.9728,1.9187500000000002,-0.10481241610072661
0,13.9728,1.921875,-0.10559266881456922
0,13.9728,1.925,-0.10638450765923993
0,13.9728,1.928125,-0.10718820014515693
0,13.9728,1.93125,-0.1080040217617384
0,13.9728,1.9343750000000002,-0.10883225625291167
0,13.9728,1.9375,-0.10967319590277397
0,13.9728,1.940625,-0.11052714183176396
0,13.9728,1.94375,-0.11139440430370474
0,13.9728,1.946875,-0.11227530304409211
0,13.9728,1.9500000000000002,-0.11317016757000543
0,13.9728,1.953125,-0.11407933753202414
0,13.9728,1.95625,-0.11500316306854202
0,13.9728,1.959375,-0.1159420051728692
0,13.9728,1.9625,-0.11689623607352041
0,13.9728,1.9656250000000002,-0.11786623962808623
0,13.9728,1.96875,-0.11885241173108325
0,13.9728,1.971875,-0.11985516073618062
0,13.9728,1.975,-0.12087490789318886
0,13.9728,1.978125,-0.12191208780019712
0,13.9728,1.9812500000000002,-0.12296714887122936
0,13.9728,1.984375,-0.12404055381977666
0,13.9728,1.9875,-0.12513278015854928
0,13.9728,1.990625,-0.12624432071576286
0,13.9728,1.99375,-0.1273756841682518
0,13.9728,1.9968750000000002,-0.1285273955916673
0,13.9728,2.0,-0.12969999702797488
0,13.9728,2.003125,-0.13089404807042668
0,13.9728,2.00625,-0.1321101264661187
0,13.9728,2.0093750000000004,-0.13334882873618523
0,13.9728,2.0125,-0.13461077081360584
0,13.9728,2.015625,-0.13589658869851143
0,13.9728,2.01875,-0.1372069391307748
0,13.9728,2.021875,-0.1385425002795597
0,13.9728,2.0250000000000004,-0.13990397244936528
0,13.9728,2.028125,-0.14129207880195618
0,13.9728,2.03125,-0.142707566093395
0,13.9728,2.034375,-0.14415120542519758
0,13.9728,2.0375,-0.14562379300841577
0,13.9728,2.0406250000000004,-0.1471261509391971
0,13.9728,2.04375,-0.148659127984095
0,13.9728,2.046875,-0.1502236003730823
0,13.9728,2.05,-0.15182047259786396
0,13.9728,2.053125,-0.15345067821268898
0,13.9728,2.0562500000000004,-0.15511518063440652
0,13.9728,2.059375,-0.1568149739380146
0,13.9728,2.0625,-0.15855108364338322
0,13.9728,2.065625,-0.16032456748820678
0,13.9728,2.06875,-0.16213651618154393
0,13.9728,2.0718750000000004,-0.16398805413151857
0,13.9728,2.075,-0.1658803401398948
0,13.9728,2.078125,-0.16781456805527006
0,13.9728,2.08125,-0.16979196737556473
0,13.9728,2.084375,-0.17181380378930533
0,13.9728,2.0875000000000004,-0.17388137964388603
0,13.9728,2.090625,-0.17599603432755226
0,13.9728,2.09375,-0.17815914455025414
0,13.9728,2.096875,-0.1803721245067604
0,13.9728,2.1,-0.18263642590350315
0,13.9728,2.1031250000000004,-0.18495353782850024
0,13.9728,2.10625,-0.18732498644139683
0,13.9728,2.109375,-0.18975233445813156
0,13.9728,2.1125,-0.1922371804019801
0,13.9728,2.115625,-0.1947811575897393
0,13.9728,2.1187500000000004,-0.19738593281856248
0,13.9728,2.121875,-0.20005320471545845
0,13.9728,2.125,-0.20278470170768736
0,13.9728,2.128125,-0.20558217956823693
0,13.9728,2.13125,-0.20844741848624754
0,13.9728,2.1343750000000004,-0.2113822196076537
0,13.9728,2.1375,-0.21438840098646514
0,13.9728,2.140625,-0.217467792882014
0,13.9728,2.14375,-0.22062223233218833
0,13.9728,2.146875,-0.22385355692720643
0,13.9728,2.1500000000000004,-0.22716359770288685
0,13.9728,2.153125,-0.23055417106675008
0,13.9728,2.15625,-0.23402706966470338
0,13.9728,2.159375,-0.23758405209065817
0,13.9728,2.1625,-0.24122683133635486
0,13.9728,2.1656250000000004,-0.24495706187408176
0,13.9728,2.16875,-0.24877632526112897
0,13.9728,2.171875,-0.2526861141519403
0,13.9728,2.175,-0.2566878146023527
0,13.9728,2.178125,-0.26078268655040737
0,13.9728,2.1812500000000004,-0.26497184236037924
0,13.9728,2.184375,-0.2692562233214223
0,13.9728,2.1875,-0.2736365740000802
0,13.9728,2.190625,-0.2781134143575078
0,13.9728,2.19375,-0.28268700955827536
0,13.9728,2.1968750000000004,-0.28735733741878844
0,13.9728,2.2,-0.29212405347051007
0,13.9728,2.203125,-0.2969864536470872
0,13.9728,2.20625,-0.3019434346460642
0,13.9728,2.209375,-0.3069934520659394
0,13.9728,2.2125000000000004,-0.31213447647866177
0,13.9728,2.215625,-0.31736394766701215
0,13.9728,2.21875,-0.32267872733615993
0,13.9728,2.221875,-0.3280750506993696
0,13.9728,2.225,-0.33354847743934635
0,13.9728,2.2281250000000004,-0.33909384265857556
0,13.9728,2.23125,-0.3447052085533343
0,13.9728,2.234375,-0.35037581767515025
0,13.9728,2.2375,-0.35609804877801626
0,13.9728,2.240625,-0.3618633763863697
0,13.9728,2.2437500000000004,-0.36766233535339954
0,13.9728,2.246875,-0.3734844918064094
0,13.9728,2.25,-0.3793184219892421
0,13.9728,2.253125,-0.385151700603739
0,13.9728,2.25625,-0.39097090031442416
0,13.9728,2.2593750000000004,-0.39676160410384687
0,13.9728,2.2625,-0.4025084321407503
0,13.9728,2.265625,-0.4081950847398158
0,13.9728,2.26875,-0.4138044028412226
0,13.9728,2.271875,-0.4193184472130017
0,13.9728,2.2750000000000004,-0.424718597273538
0,13.9728,2.278125,-0.42998567004306765
0,13.9728,2.28125,-0.43510005926282136
0,13.9728,2.284375,-0.4400418941745126
0,13.9728,2.2875,-0.44479121684234335
0,13.9728,2.2906250000000004,-0.4493281762413667
0,13.9728,2.29375,-0.4536332366524496
0,13.9728,2.296875,-0.4576873972228469
0,13.9728,2.3,-0.46147241890452473
0,13.9728,2.303125,-0.4649710544046133
0,13.9728,2.3062500000000004,-0.4681672763092626
0,13.9728,2.309375,-0.4710464982078302
0,13.9728,2.3125,-0.47359578347863807
0,13.9728,2.315625,-0.4758040364237529
0,13.9728,2.31875,-0.4776621706724986
0,13.9728,2.3218750000000004,-0.4791632502148668
0,13.9728,2.325,-0.4803025990677352
0,13.9728,2.328125,-0.4810778763975695
0,13.9728,2.33125,-0.4814891148902577
0,13.9728,2.334375,-0.48153872122937924
0,13.9728,2.3375000000000004,-0.4812314386688772
0,13.9728,2.340625,-0.4805742728114508
0,13.9728,2.34375,-0.4795763827765852
0,13.9728,2.346875,-0.4782489409122258
0,13.9728,2.35,-0.47660496502893135
0,13.9728,2.3531250000000004,-0.47465912778180985
0,13.9728,2.35625,-0.4724275482721231
0,13.9728,2.359375,-0.46992757117787465
0,13.9728,2.3625,-0.4671775387538867
0,13.9728,2.365625,-0.4641965608806792
0,13.9728,2.3687500000000004,-0.4610042880109514
0,13.9728,2.371875,-0.4576206913923945
0,13.9728,2.375,-0.45406585436996694
0,13.9728,2.378125,-0.45035977792516857
0,13.9728,2.38125,-0.44652220292907685
0,13.9728,2.3843750000000004,-0.44257245090200537
0,13.9728,2.3875,-0.4385292844134032
0,13.9728,2.390625,-0.4344107876436699
0,13.9728,2.39375,-0.4302342670818579
0,13.9728,2.396875,-0.4260161718610721
0,13.9728,2.4000000000000004,-0.421772032842814
0,13.9728,2.403125,-0.4175164192538624
0,13.9728,2.40625,-0.41326291145208693
0,13.9728,2.409375,-0.4090240882453178
0,13.9728,2.4125,-0.40481152710242596
0,13.9728,2.4156250000000004,-0.4006358155691693
0,13.9728,2.41875,-0.3965065722235286
0,13.9728,2.421875,-0.39243247556662036
0,13.9728,2.425,-0.3884212993366048
0,13.9728,2.428125,-0.3844799528458618
0,13.9728,2.4312500000000004,-0.3806145250686006
0,13.9728,2.434375,-0.3768303313405186
0,13.9728,2.4375,-0.3731319616688188
0,13.9728,2.440625,-0.36952332978552926
0,13.9728,2.44375,-0.36600772220633326
0,13.9728,2.4468750000000004,-0.3625878466786508
0,13.9728,2.45,-0.3592658795148328
0,13.9728,2.453125,-0.35604351140810064
0,13.9728,2.45625,-0.35292199141981895
0,13.9728,2.459375,-0.3499021689068015
0,13.9728,2.4625000000000004,-0.34698453322695133
0,13.9728,2.465625,-0.34416925112111435
0,13.9728,2.46875,-0.341456201719322
0,13.9728,2.471875,-0.3388450091613735
0,13.9728,2.475,-0.3363350728558094
0,13.9728,2.4781250000000004,-0.3339255954286313
0,13.9728,2.48125,-0.3316156084344281
0,13.9728,2.484375,-0.32940399591870806
0,13.9728,2.4875,-0.3272895159319339
0,13.9728,2.490625,-0.32527082010369607
0,13.9728,2.4937500000000004,-0.3233464713902765
0,13.9728,2.496875,-0.32151496011107894
0,13.9728,2.5,-0.31977471838953786
0,13.9728,2.503125,-0.3181241331125816
0,13.9728,2.50625,-0.3165615575198776
0,13.9728,2.5093750000000004,-0.3150853215302571
0,13.9728,2.5125,-0.31369374090814883
0,13.9728,2.515625,-0.31238512536778223
0,13.9728,2.51875,-0.3111577857075214
0,13.9728,2.521875,-0.3100100400611172
0,13.9728,2.5250000000000004,-0.3089402193470349
0,13.9728,2.528125,-0.30794667199142134
0,13.9728,2.53125,-0.3070277679947998
0,13.9728,2.534375,-0.3061819024072689
0,13.9728,2.5375,-0.3054074982718833
0,13.9728,2.5406250000000004,-0.30470300909103676
0,13.9728,2.54375,-0.3040669208660647
0,13.9728,2.546875,-0.3034977537559571
0,13.9728,2.55,-0.3029940633970154
0,13.9728,2.553125,-0.30255444192150305
0,13.9728,2.5562500000000004,-0.30217751870982834
0,13.9728,2.559375,-0.30186196090754547
0,13.9728,2.5625,-0.3016064737354561
0,13.9728,2.565625,-0.3014098006183358
0,13.9728,2.56875,-0.30127072315527087
0,13.9728,2.5718750000000004,-0.3011880609522739
0,13.9728,2.575,-0.3011606713357225
0,13.9728,2.578125,-0.30118744896323435
0,13.9728,2.58125,-0.3012673253468312
0,13.9728,2.584375,-0.30139926830164543
0,13.9728,2.5875000000000004,-0.30158228133197285
0,13.9728,2.590625,-0.30181540296516296
0,13.9728,2.59375,-0.3020977060426486
0,13.9728,2.596875,-0.3024282969763466
0,13.9728,2.6,-0.3028063149776926
0,13.9728,2.6031250000000004,-0.3032309312657032
0,13.9728,2.60625,-0.30370134825967604
0,13.9728,2.609375,-0.30421679876143326
0,13.9728,2.6125,-0.30477654513138497
0,13.9728,2.615625,-0.30537987846212267
0,13.9728,2.6187500000000004,-0.30602611775274596
0,13.9728,2.621875,-0.30671460908667836
0,13.9728,2.625,-0.3074447248153179
0,13.9728,2.628125,-0.30821586274951485
0,13.9728,2.63125,-0.30902744536054605
0,13.9728,2.6343750000000004,-0.3098789189919718
0,13.9728,2.6375,-0.31076975308350946
0,13.9728,2.640625,-0.3116994394078362
0,13.9728,2.64375,-0.312667491321031
0,13.9728,2.646875,-0.3136734430272001
0,13.9728,2.6500000000000004,-0.3147168488576685
0,13.9728,2.653125,-0.315797282564992
0,13.9728,2.65625,-0.31691433663192364
0,13.9728,2.659375,-0.3180676215953639
0,13.9728,2.6625,-0.31925676538523867
0,13.9728,2.6656250000000004,-0.32048141267816754
0,13.9728,2.66875,-0.3217412242657194
0,13.9728,2.671875,-0.32303587643699494
0,13.9728,2.675,-0.3243650603752243
0,13.9728,2.678125,-0.32572848156802897
0,13.9728,2.6812500000000004,-0.32712585923095844
0,13.9728,2.684375,-0.3285569257438869
0,13.9728,2.6875,-0.3300214260998259
0,13.9728,2.690625,-0.33151911736569195
0,13.9728,2.69375,-0.3330497681545525
0,13.9728,2.6968750000000004,-0.33461315810885944
0,13.9728,2.7,-0.33620907739417216
0,13.9728,2.703125,-0.33783732620286505
0,13.9728,2.70625,-0.33949771426730746
0,13.9728,2.709375,-0.3411900603820083
0,13.9728,2.7125000000000004,-0.3429141919342093
0,13.9728,2.715625,-0.3446699444424208
0,13.9728,2.71875,-0.3464571611023899
0,13.9728,2.721875,-0.3482756923399966
0,13.9728,2.725,-0.3501253953705822
0,13.9728,2.7281250000000004,-0.35200613376421275
0,13.9728,2.73125,-0.35391777701639604
0,13.9728,2.734375,-0.35586020012377145
0,13.9728,2.7375,-0.35783328316429885
0,13.9728,2.740625,-0.35983691088148917
0,13.9728,2.7437500000000004,-0.3618709722722183
0,13.9728,2.746875,-0.3639353601776838
0,13.9728,2.75,-0.36602997087706823
0,13.9728,2.753125,-0.36815470368348246
0,13.9728,2.75625,-0.370309460541778
0,13.9728,2.7593750000000004,-0.37249414562782124
0,13.9728,2.7625,-0.3747086649488388
0,13.9728,2.765625,-0.3769529259444522
0,13.9728,2.76875,-0.3792268370880274
0,13.9728,2.771875,-0.38153030748798494
0,13.9728,2.7750000000000004,-0.3838632464887193
0,13.9728,2.778125,-0.38622556327079566
0,13.9728,2.78125,-0.38861716645010114
0,13.9728,2.784375,-0.3910379636756366
0,13.9728,2.7875,-0.39348786122565793
0,13.9728,2.7906250000000004,-0.3959667636018795
0,13.9728,2.79375,-0.398474573121473
0,13.9728,2.796875,-0.4010111895066067
0,13.9728,2.8,-0.403576509471282
0,13.9728,2.803125,-0.4061704263052461
0,13.9728,2.8062500000000004,-0.4087928294547698
0,13.9728,2.809375,-0.41144360410009795
0,13.9728,2.8125,-0.41412263072939937
0,13.9728,2.815625,-0.4168297847090532
0,13.9728,2.81875,-0.4195649358501375
0,13.9728,2.8218750000000004,-0.4223279479709944
0,13.9728,2.825,-0.4251186784557759
0,13.9728,2.828125,-0.4279369778088883
0,13.9728,2.83125,-0.4307826892052723
0,13.9728,2.834375,-0.4336556480364897
0,13.9728,2.8375000000000004,-0.4365556814525964
0,13.9728,2.840625,-0.43948260789981763
0,13.9728,2.84375,-0.4424362366540604
0,13.9728,2.846875,-0.44541636735032164
0,13.9728,2.85,-0.44842278950808695
0,13.9728,2.8531250000000004,-0.45145528205283286
0,13.9728,2.85625,-0.4545136128337842
0,13.9728,2.859375,-0.45759753813810267
0,13.9728,2.8625,-0.4607068022017131
0,13.9728,2.865625,-0.46384113671701543
0,13.9728,2.8687500000000004,-0.46700026033775327
0,13.9728,2.871875,-0.47018387818135676
0,13.9728,2.875,-0.4733916813291044
0,13.9728,2.878125,-0.47662334632449044
0,13.9728,2.88125,-0.4798785346702235
0,13.9728,2.8843750000000004,-0.483156892324322
0,13.9728,2.8875,-0.4864580491958133
0,13.9728,2.890625,-0.4897816186405868
0,13.9728,2.89375,-0.49312719695798984
0,13.9728,2.896875,-0.49649436288880855
0,13.9728,2.9000000000000004,-0.49988267711531326
0,13.9728,2.903125,-0.5032916817641012
0,13.9728,2.90625,-0.5067208999125146
0,13.9728,2.909375,-0.5101698350994542
0,13.9728,2.9125,-0.5136379708414718
0,13.9728,2.9156250000000004,-0.5171247701550568
0,13.9728,2.91875,-0.5206296750861024
0,13.9728,2.921875,-0.5241521062475695
0,13.9728,2.925,-0.5276914623664252
0,13.9728,2.928125,-0.5312471198409874
0,13.9728,2.9312500000000004,-0.534818432309846
0,13.9728,2.934375,-0.5384047302336002
0,13.9728,2.9375,-0.5420053204906795
0,13.9728,2.940625,-0.5456194859885816
0,13.9728,2.94375,-0.5492464852919017
0,13.9728,2.9468750000000004,-0.5528855522685764
0,13.9728,2.95,-0.5565358957558117
0,13.9728,2.953125,-0.5601966992472084
0,13.9728,2.95625,-0.5638671206026337
0,13.9728,2.959375,-0.5675462917824431
0,13.9728,2.9625000000000004,-0.571233318607672
0,13.9728,2.965625,-0.5749272805478717
0,13.9728,2.96875,-0.5786272305382812
0,13.9728,2.971875,-0.5823321948280533
0,13.9728,2.975,-0.5860411728612869
0,13.9728,2.9781250000000004,-0.5897531371926209
0,13.9728,2.98125,-0.5934670334391748
0,13.9728,2.984375,-0.5971817802706141
0,13.9728,2.9875,-0.6008962694391298
0,13.9728,2.990625,-0.6046093658511157
0,13.9728,2.9937500000000004,-0.6083199076823164
0,13.9728,2.996875,-0.6120267065382059
0,13.9728,3.0,-0.615728547661328
0,13.9728,3.0031250000000003,-0.6194241901872962
0,13.9728,3.00625,-0.6231123674511182
0,13.9728,3.009375,-0.6267917873454627
0,13.9728,3.0125,-0.630461132732416
0,13.9728,3.015625,-0.6341190619102244
0,13.9728,3.0187500000000003,-0.6377642091364436
0,13.9728,3.021875,-0.6413951852088156
0,13.9728,3.025,-0.6450105781051234
0,13.9728,3.028125,-0.6486089536831469
0,13.9728,3.03125,-0.652188856441741
0,13.9728,3.0343750000000003,-0.65574881034394
0,13.9728,3.0375,-0.659287319702831
0,13.9728,3.040625,-0.6628028701308317
0,13.9728,3.04375,-0.6662939295528149
0,13.9728,3.046875,-0.669758949283384
0,13.9728,3.0500000000000003,-0.673196365168425
0,13.9728,3.053125,-0.676604598790856
0,13.9728,3.05625,-0.6799820587403361
0,13.9728,3.059375,-0.6833271419464579
0,13.9728,3.0625,-0.6866382350747638
0,13.9728,3.0656250000000003,-0.6899137159846995
0,13.9728,3.06875,-0.6931519552483817
0,13.9728,3.071875,-0.6963513177288526
0,13.9728,3.075,-0.6995101642162248
0,13.9728,3.078125,-0.7026268531199044
0,13.9728,3.0812500000000003,-0.7056997422148266
0,13.9728,3.084375,-0.7087271904393814
0,13.9728,3.0875,-0.7117075597424815
0,13.9728,3.090625,-0.714639216976946
0,13.9728,3.09375,-0.7175205358361524
0,13.9728,3.0968750000000003,-0.7203498988306515
0,13.9728,3.1,-0.7231256993011937
0,13.9728,3.103125,-0.7258463434643958
0,13.9728,3.10625,-0.7285102524870257
0,13.9728,3.109375,-0.7311158645846807
0,13.9728,3.1125000000000003,-0.7336616371404151
0,13.9728,3.115625,-0.7361460488386616
0,13.9728,3.11875,-0.7385676018096292
0,13.9728,3.121875,-0.7409248237791534
0,13.9728,3.125,-0.7432162702188407
0,13.9728,3.1281250000000003,-0.7454405264912015
0,13.9728,3.13125,-0.747596209984325
0,13.9728,3.134375,-0.7496819722305781
0,13.9728,3.1375,-0.7516965010036909
0,13.9728,3.140625,-0.7536385223885542
0,13.9728,3.1437500000000003,-0.7555068028180071
0,13.9728,3.146875,-0.757300151070873
0,13.9728,3.15,-0.7590174202255187
0,13.9728,3.153125,-0.7606575095632373
0,13.9728,3.15625,-0.7622193664158199
0,13.9728,3.1593750000000003,-0.7637019879517651
0,13.9728,3.1625,-0.7651044228956803
0,13.9728,3.165625,-0.7664257731755739
0,13.9728,3.16875,-0.7676651954928895
0,13.9728,3.171875,-0.7688219028103281
0,13.9728,3.1750000000000003,-0.7698951657527133
0,13.9728,3.178125,-0.7708843139163855
0,13.9728,3.18125,-0.7717887370828783
0,13.9728,3.184375,-0.7726078863329024
0,13.9728,3.1875,-0.7733412750569699
0,13.9728,3.1906250000000003,-0.7739884798593076
0,13.9728,3.19375,-0.7745491413520492
0,13.9728,3.196875,-0.775022964837051
0,13.9728,3.2,-0.7754097208730396
0,13.9728,3.203125,-0.7757092457261892
0,13.9728,3.2062500000000003,-0.7759214417026091
0,13.9728,3.209375,-0.7760462773616295
0,13.9728,3.2125,-0.7760837876091717
0,13.9728,3.215625,-0.7760340736709067
0,13.9728,3.21875,-0.7758973029453088
0,13.9728,3.2218750000000003,-0.7756737087371323
0,13.9728,3.225,-0.7753635898722344
0,13.9728,3.228125,-0.7749673101950841
0,13.9728,3.23125,-0.7744852979506803
0,13.9728,3.234375,-0.7739180450529959
0,13.9728,3.2375000000000003,-0.7732661062424387
0,13.9728,3.240625,-0.7725300981351789
0,13.9728,3.24375,-0.7717106981675389
0,13.9728,3.246875,-0.7708086434389745
0,13.9728,3.25,-0.7698247294574828
0,13.9728,3.2531250000000003,-0.7687598087915631
0,13.9728,3.25625,-0.7676147896331293
0,13.9728,3.259375,-0.7663906342760142
0,13.9728,3.2625,-0.7650883575149335
0,13.9728,3.265625,-0.7637090249699738
0,13.9728,3.2687500000000003,-0.7622537513418395
0,13.9728,3.271875,-0.7607236986032521
0,13.9728,3.275,-0.7591200741320047
0,13.9728,3.278125,-0.7574441287912778
0,13.9728,3.28125,-0.755697154962902
0,13.9728,3.2843750000000003,-0.7538804845392755
0,13.9728,3.2875,-0.7519954868796945
0,13.9728,3.290625,-0.7500435667368236
0,13.9728,3.29375,-0.7480261621590225
0,13.9728,3.296875,-0.7459447423741874
0,13.9728,3.3000000000000003,-0.7438008056606893
0,13.9728,3.303125,-0.7415958772109061
0,13.9728,3.30625,-0.739331506992716
0,13.9728,3.309375,-0.7370092676142046
0,13.9728,3.3125,-0.7346307521966713
0,13.9728,3.3156250000000003,-0.7321975722608579
0,13.9728,3.31875,-0.7297113556311513
0,13.9728,3.321875,-0.7271737443622971
0,13.9728,3.325,-0.7245863926929725
0,13.9728,3.328125,-0.7219509650303436
0,13.9728,3.3312500000000003,-0.7192691339694959
0,13.9728,3.334375,-0.716542578351418
0,13.9728,3.3375,-0.7137729813629493
0,13.9728,3.340625,-0.7109620286818853
0,13.9728,3.34375,-0.708111406670174
0,13.9728,3.3468750000000003,-0.7052228006178854
0,13.9728,3.35,-0.7022978930404061
0,13.9728,3.353125,-0.6993383620310355
0,13.9728,3.35625,-0.696345879670942
0,13.9728,3.359375,-0.6933221104981768
0,13.9728,3.3625000000000003,-0.6902687100372088
0,13.9728,3.365625,-0.6871873233902138
0,13.9728,3.36875,-0.6840795838911197
0,13.9728,3.371875,-0.6809471118231895
0,13.9728,3.375,-0.6777915132007135
0,13.9728,3.3781250000000003,-0.6746143786151647
0,13.9728,3.38125,-0.6714172821459939
0,13.9728,3.384375,-0.6682017803360304
0,13.9728,3.3875,-0.6649694112312934
0,13.9728,3.390625,-0.6617216934848417
0,13.9728,3.3937500000000003,-0.6584601255241255
0,13.9728,3.396875,-0.6551861847811699
0,13.9728,3.4000000000000004,-0.6519013269847593
0,13.9728,3.403125,-0.6486069855136882
0,13.9728,3.40625,-0.6453045708099981
0,13.9728,3.4093750000000003,-0.6419954698510355
0,13.9728,3.4125,-0.6386810456790555
0,13.9728,3.4156250000000004,-0.6353626369870018
0,13.9728,3.41875,-0.6320415577590347
0,13.9728,3.421875,-0.6287190969642824
0,13.9728,3.4250000000000003,-0.6253965183022551
0,13.9728,3.428125,-0.6220750599982966
0,13.9728,3.4312500000000004,-0.6187559346474021
0,13.9728,3.434375,-0.6154403291047118
0,13.9728,3.4375,-0.6121294044209421
0,13.9728,3.4406250000000003,-0.6088242958210159
0,13.9728,3.44375,-0.6055261127241288
0,13.9728,3.4468750000000004,-0.6022359388034821
0,13.9728,3.45,-0.5989548320839261
0,13.9728,3.453125,-0.5956838250757432
0,13.9728,3.4562500000000003,-0.5924239249428355
0,13.9728,3.459375,-0.5891761137035773
0,13.9728,3.4625000000000004,-0.5859413484626245
0,13.9728,3.465625,-0.5827205616720038
0,13.9728,3.46875,-0.5795146614198178
0,13.9728,3.4718750000000003,-0.5763245317449526
0,13.9728,3.475,-0.5731510329762025
0,13.9728,3.4781250000000004,-0.5699950020942594
0,13.9728,3.48125,-0.566857253115075
0,13.9728,3.484375,-0.5637385774931225
0,13.9728,3.4875000000000003,-0.5606397445431568
0,13.9728,3.490625,-0.5575615018790967
0,13.9728,3.4937500000000004,-0.5545045758687136
0,13.9728,3.496875,-0.5514696721028655
0,13.9728,3.5,-0.5484574758780447
0,13.9728,3.5031250000000003,-0.5454686526910895
0,13.9728,3.50625,-0.5425038487449343
0,13.9728,3.5093750000000004,-0.5395636914643376
0,13.9728,3.5125,-0.5366487900205849
0,13.9728,3.515625,-0.5337597358641953
0,13.9728,3.5187500000000003,-0.5308971032647406
0,13.9728,3.521875,-0.5280614498569082
0,13.9728,3.5250000000000004,-0.52525331719201
0,13.9728,3.528125,-0.5224732312941835
0,13.9728,3.53125,-0.5197217032205758
0,13.9728,3.5343750000000003,-0.5169992296248569
0,13.9728,3.5375,-0.5143062933234575
0,13.9728,3.5406250000000004,-0.5116433638639571
0,13.9728,3.54375,-0.5090108980951237
0,13.9728,3.546875,-0.5064093407381157
0,13.9728,3.5500000000000003,-0.5038391249584332
0,13.9728,3.553125,-0.5013006729382248
0,13.9728,3.5562500000000004,-0.4987943964486068
0,13.9728,3.559375,-0.4963206974216954
0,13.9728,3.5625,-0.4938799685220816
0,13.9728,3.5656250000000003,-0.49147259371752716
0,13.9728,3.56875,-0.4890989488486889
0,13.9728,3.5718750000000004,-0.48675940219771596
0,13.9728,3.575,-0.48445431505560477
0,13.9728,3.578125,-0.4821840422882192
0,13.9728,3.5812500000000003,-0.47994893290092655
0,13.9728,3.584375,-0.47774933060182634
0,13.9728,3.5875000000000004,-0.47558557436357324
0,13.9728,3.590625,-0.47345799898384
0,13.9728,3.59375,-0.47136693564447607
0,13.9728,3.5968750000000003,-0.4693127124694602
0,13.9728,3.6,-0.46729565508176396
0,13.9728,3.6031250000000004,-0.4653160871592658
0,13.9728,3.60625,-0.4633743309898919
0,13.9728,3.609375,-0.46147070802616896
0,13.9728,3.6125000000000003,-0.45960553943941
0,13.9728,3.615625,-0.4577791466737695
0,13.9728,3.6187500000000004,-0.45599185200042536
0,13.9728,3.621875,-0.45424397907217445
0,13.9728,3.625,-0.4525358534787377
0,13.9728,3.6281250000000003,-0.4508678033031009
0,13.9728,3.63125,-0.4492401596792308
0,13.9728,3.6343750000000004,-0.4476532573515258
0,13.9728,3.6375,-0.4461074352363839
0,13.9728,3.640625,-0.44460303698628023
0,13.9728,3.6437500000000003,-0.44314041155677414
0,13.9728,3.646875,-0.44171991377687586
0,13.9728,3.6500000000000004,-0.44034190492322106
0,13.9728,3.653125,-0.439006753298525
0,13.9728,3.65625,-0.43771483481479295
0,13.9728,3.6593750000000003,-0.43646653358179144
0,13.9728,3.6625,-0.4352622425012951
0,13.9728,3.6656250000000004,-0.4341023638676365
0,13.9728,3.66875,-0.43298730997511287
0,13.9728,3.671875,-0.43191750373280585
0,13.9728,3.6750000000000003,-0.43089337928739524
0,13.9728,3.678125,-0.4299153826545596
0,13.9728,3.6812500000000004,-0.4289839723595677
0,13.9728,3.684375,-0.4280996200876866
0,13.9728,3.6875,-0.4272628113450385
0,13.9728,3.6906250000000003,-0.4264740461305579
0,13.9728,3.69375,-0.425733839619711
0,13.9728,3.6968750000000004,-0.4250427228606532
0,13.9728,3.7,-0.4244012434835127
0,13.9728,3.703125,-0.42380996642350033
0,13.9728,3.7062500000000003,-0.42326947465855635
0,13.9728,3.709375,-0.4227803699622575
0,13.9728,3.7125000000000004,-0.42234327367271124
0,13.9728,3.715625,-0.42195882747818286
0,13.9728,3.71875,-0.42162769422019536
0,13.9728,3.7218750000000003,-0.421350558714861
0,13.9728,3.725,-0.4211281285931982
0,13.9728,3.7281250000000004,-0.42096113516119454
0,13.9728,3.73125,-0.42085033428037694
0,13.9728,3.734375,-0.4207965072696469
0,13.9728,3.7375000000000003,-0.42080046182913683
0,13.9728,3.740625,-0.42086303298683364
0,13.9728,3.7437500000000004,-0.42098508406870755
0,13.9728,3.746875,-0.42116750769306804
0,13.9728,3.75,-0.42141122678985227
0,13.9728,3.7531250000000003,-0.4217171956455256
0,13.9728,3.75625,-0.4220864009742488
0,13.9728,3.7593750000000004,-0.42251986301592753
0,13.9728,3.7625,-0.42301863666172274
0,13.9728,3.765625,-0.42358381260754946
0,13.9728,3.7687500000000003,-0.42421651853603476
0,13.9728,3.771875,-0.42491792032733944
0,13.9728,3.7750000000000004,-0.4256892232991723
0,13.9728,3.778125,-0.4265316734762349
0,13.9728,3.78125,-0.4274465588892366
0,13.9728,3.7843750000000003,-0.4284352109035028
0,13.9728,3.7875,-0.42949900557706505
0,13.9728,3.7906250000000004,-0.4306393650479811
0,13.9728,3.79375,-0.43185775895045314
0,13.9728,3.796875,-0.43315570585913415
0,13.9728,3.8000000000000003,-0.43453477476078933
0,13.9728,3.803125,-0.43599658655224416
0,13.9728,3.8062500000000004,-0.437542815563284
0,13.9728,3.809375,-0.43917519110285924
0,13.9728,3.8125,-0.44089549902662856
0,13.9728,3.8156250000000003,-0.442705583323482
0,13.9728,3.81875,-0.44460734771827626
0,13.9728,3.8218750000000004,-0.44660275728755294
0,13.9728,3.825,-0.4486938400844775
0,13.9728,3.828125,-0.45088268876868537
0,13.9728,3.8312500000000003,-0.4531714622360639
0,13.9728,3.834375,-0.45556238724280734
0,13.9728,3.8375000000000004,-0.4580577600173042
0,13.9728,3.840625,-0.4606599478525406
0,13.9728,3.84375,-0.4633713906707742
0,13.9728,3.8468750000000003,-0.4661946025511656
0,13.9728,3.85,-0.46913217320991113
0,13.9728,3.8531250000000004,-0.4721867694211539
0,13.9728,3.85625,-0.47536113636553773
0,13.9728,3.859375,-0.47865809889175964
0,13.9728,3.8625000000000003,-0.4820805626747746
0,13.9728,3.865625,-0.4856315152524742
0,13.9728,3.8687500000000004,-0.4893140269206554
0,13.9728,3.871875,-0.4931312514638702
0,13.9728,3.875,-0.49708642669737374
0,13.9728,3.8781250000000003,-0.5011828747927433
0,13.9728,3.88125,-0.5054240023569049
0,13.9728,3.8843750000000004,-0.5098133002312122
0,13.9728,3.8875,-0.5143543429738354
0,13.9728,3.890625,-0.5190507879851183
0,13.9728,3.8937500000000003,-0.523906374231586
0,13.9728,3.896875,-0.5289249205200681
0,13.9728,3.9000000000000004,-0.5341103232688312
0,13.9728,3.903125,-0.5394665537176836
0,13.9728,3.90625,-0.5449976545137966
0,13.9728,3.9093750000000003,-0.5507077356043368
0,13.9728,3.9125,-0.5566009693610496
0,13.9728,3.9156250000000004,-0.5626815848555979
0,13.9728,3.91875,-0.5689538611977355
0,13.9728,3.921875,-0.57542211984139
0,13.9728,3.9250000000000003,-0.5820907157563165
0,13.9728,3.928125,-0.5889640273553419
0,13.9728,3.9312500000000004,-0.5960464450592932
0,13.9728,3.934375,-0.6033423583735512
0,13.9728,3.9375,-0.6108561413419725
0,13.9728,3.9406250000000003,-0.6185921362355837
0,13.9728,3.94375,-0.6265546353253005
0,13.9728,3.9468750000000004,-0.6347478605799497
0,13.9728,3.95,-0.643175941123276
0,13.9728,3.953125,-0.6518428882767282
0,13.9728,3.9562500000000003,-0.6607525680086663
0,13.9728,3.959375,-0.6699086706057514
0,13.9728,3.9625000000000004,-0.6793146773788513
0,13.9728,3.965625,-0.6889738242142263
0,13.9728,3.96875,-0.6988890617816709
0,13.9728,3.9718750000000003,-0.709063012214926
0,13.9728,3.975,-0.719497922086913
0,13.9728,3.9781250000000004,-0.730195611513662
0,13.9728,3.98125,-0.7411574192369368
0,13.9728,3.984375,-0.7523841435574872
0,13.9728,3.9875000000000003,-0.7638759790191605
0,13.9728,3.990625,-0.7756324487800004
0,13.9728,3.9937500000000004,-0.7876523326507489
0,13.9728,3.996875,-0.7999335908348588
0,13.9728,4.0,-0.8124732834684152
0,13.9728,4.003125000000001,-0.8252674861339591
0,13.9728,4.00625,-0.8383112016103351
0,13.9728,4.009375,-0.8515982682220634
0,13.9728,4.0125,-0.8651212652667207
0,13.9728,4.015625,-0.878871416128657
0,13.9728,4.018750000000001,-0.8928384898309423
0,13.9728,4.021875,-0.9070107019356207
0,13.9728,4.025,-0.9213746158735617
0,13.9728,4.028125,-0.9359150459679352
0,13.9728,4.03125,-0.9506149636081938
0,13.9728,4.034375000000001,-0.9654554082299879
0,13.9728,4.0375,-0.9804154049579491
0,13.9728,4.040625,-0.9954718909667694
0,13.9728,4.04375,-1.0105996528051915
0,13.9728,4.046875,-1.0257712771007899
0,13.9728,4.050000000000001,-1.040957117210761
0,13.9728,4.053125,-1.0561252784970434
0,13.9728,4.05625,-1.0712416249714976
0,13.9728,4.059375,-1.086269810067326
0,13.9728,4.0625,-1.1011713342357485
0,13.9728,4.065625000000001,-1.1159056319293912
0,13.9728,4.06875,-1.1304301903067917
0,13.9728,4.071875,-1.1447007016658723
0,13.9728,4.075,-1.1586712511814354
0,13.9728,4.078125,-1.1722945409798233
0,13.9728,4.081250000000001,-1.185522150931705
0,13.9728,4.084375,-1.1983048357879433
0,13.9728,4.0875,-1.2105928574331777
0,13.9728,4.090625,-1.222336350103618
0,13.9728,4.09375,-1.2334857154327843
0,13.9728,4.096875000000001,-1.2439920431788722
0,13.9728,4.1,-1.2538075524853296
0,13.9728,4.103125,-1.2628860475696886
0,13.9728,4.10625,-1.271183380866381
0,13.9728,4.109375,-1.2786579159102298
0,13.9728,4.112500000000001,-1.285270981679166
0,13.9728,4.115625,-1.290987309756236
0,13.9728,4.11875,-1.2957754455532913
0,13.9728,4.121875,-1.2996081249851552
0,13.9728,4.125,-1.3024626084062818
0,13.9728,4.128125000000001,-1.3043209643215476
0,13.9728,4.13125,-1.305170296346357
0,13.9728,4.134375,-1.305002908091969
0,13.9728,4.1375,-1.3038164020512855
0,13.9728,4.140625,-1.3016137101087577
0,13.9728,4.143750000000001,-1.29840305493776
0,13.9728,4.146875,-1.2941978432170211
0,13.9728,4.15,-1.2890164932298362
0,13.9728,4.153125,-1.2828822009436571
0,13.9728,4.15625,-1.275822650045975
0,13.9728,4.159375000000001,-1.2678696725872436
0,13.9728,4.1625,-1.2590588678151653
0,13.9728,4.165625,-1.2494291874524102
0,13.9728,4.16875,-1.2390224960603415
0,13.9728,4.171875,-1.2278831152457916
0,13.9728,4.175000000000001,-1.2160573603208469
0,13.9728,4.178125,-1.2035930776405417
0,13.9728,4.18125,-1.1905391902532743
0,13.9728,4.184375,-1.1769452587422726
0,13.9728,4.1875,-1.162861063254505
0,13.9728,4.190625000000001,-1.1483362117497593
0,13.9728,4.19375,-1.1334197784973494
0,13.9728,4.196875,-1.1181599758395995
0,13.9728,4.2,-1.102603861263539
0,13.9728,4.203125,-1.0867970809019452
0,13.9728,4.206250000000001,-1.0707836497452567
0,13.9728,4.209375,-1.0546057681012173
0,13.9728,4.2125,-1.0383036731999777
0,13.9728,4.215625,-1.0219155243132754
0,13.9728,4.21875,-1.005477319336022
0,13.9728,4.221875000000001,-0.9890228404645325
0,13.9728,4.225,-0.9725836263891566
0,13.9728,4.228125,-0.9561889682917919
0,13.9728,4.23125,-0.9398659268900709
0,13.9728,4.234375,-0.9236393677875192
0,13.9728,4.237500000000001,-0.907532012462711
0,13.9728,4.240625,-0.8915645023476821
0,13.9728,4.24375,-0.875755473597016
0,13.9728,4.246875,-0.8601216403245083
0,13.9728,4.25,-0.8446778842747656
0,13.9728,4.253125000000001,-0.8294373490966115
0,13.9728,4.25625,-0.8144115375861786
0,13.9728,4.259375,-0.7996104104659235
0,13.9728,4.2625,-0.7850424854575451
0,13.9728,4.265625,-0.7707149355880906
0,13.9728,4.268750000000001,-0.7566336858386349
0,13.9728,4.271875,-0.742803507401044
0,13.9728,4.275,-0.7292281089505624
0,13.9728,4.278125,-0.7159102244700067
0,13.9728,4.28125,-0.7028516972745287
0,13.9728,4.284375000000001,-0.6900535599860032
0,13.9728,4.2875,-0.6775161102924548
0,13.9728,4.290625,-0.6652389824022379
0,13.9728,4.29375,-0.6532212141658066
0,13.9728,4.296875,-0.6414613098901758
0,13.9728,4.300000000000001,-0.6299572989147362
0,13.9728,4.303125,-0.6187067900518148
0,13.9728,4.30625,-0.6077070220229488
0,13.9728,4.309375,-0.5969549100431558
0,13.9728,4.3125,-0.5864470887207673
0,13.9728,4.315625000000001,-0.5761799514514814
0,13.9728,4.31875,-0.566149686491858
0,13.9728,4.321875,-0.5563523099008447
0,13.9728,4.325,-0.5467836955386044
0,13.9728,4.328125,-0.5374396023098983
0,13.9728,4.331250000000001,-0.5283156988359058
0,13.9728,4.334375,-0.5194075857331343
0,13.9728,4.3375,-0.5107108156718728
0,13.9728,4.340625,-0.5022209113797563
0,13.9728,4.34375,-0.4939333817481526
0,13.9728,4.346875000000001,-0.4858437361913175
0,13.9728,4.35,-0.47794749739990805
0,13.9728,4.353125,-0.4702402126221733
0,13.9728,4.35625,-0.4627174635980206
0,13.9728,4.359375,-0.4553748752628585
0,13.9728,4.362500000000001,-0.44820812333041643
0,13.9728,4.365625,-0.4412129408559837
0,13.9728,4.36875,-0.43438512387418654
0,13.9728,4.371875,-0.42772053619851846
0,13.9728,4.375,-0.4212151134630153
0,13.9728,4.378125000000001,-0.4148648664803402
0,13.9728,4.38125,-0.4086658839845093
0,13.9728,4.384375,-0.4026143348209218
0,13.9728,4.3875,-0.39670646964124023
0,13.9728,4.390625,-0.3909386221556453
0,13.9728,4.393750000000001,-0.38530720999061757
0,13.9728,4.396875,-0.3798087351960945
0,13.9728,4.4,-0.3744397844419602
0,13.9728,4.403125,-0.36919702894030665
0,13.9728,4.40625,-0.364077224126435
0,13.9728,4.409375000000001,-0.35907720912864216
0,13.9728,4.4125,-0.3541939060539329
0,13.9728,4.415625,-0.3494243191142088
0,13.9728,4.41875,-0.3447655336151845
0,13.9728,4.421875,-0.34021471482798443
0,13.9728,4.425000000000001,-0.335769106761501
0,13.9728,4.428125,-0.3314260308517041
0,13.9728,4.43125,-0.3271828845824316
0,13.9728,4.434375,-0.32303714005074863
0,13.9728,4.4375,-0.3189863424884682
0,13.9728,4.440625000000001,-0.31502810875029136
0,13.9728,4.44375,-0.3111601257778102
0,13.9728,4.446875,-0.30738014904759403
0,13.9728,4.45,-0.3036860010106981
0,13.9728,4.453125,-0.30007556952998743
0,13.9728,4.456250000000001,-0.2965468063210033
0,13.9728,4.459375,-0.2930977254013402
0,13.9728,4.4625,-0.289726401552885
0,13.9728,4.465625,-0.28643096880075314
0,13.9728,4.46875,-0.2832096189121667
0,13.9728,4.471875000000001,-0.28006059991814514
0,13.9728,4.475,-0.27698221466041945
0,13.9728,4.478125,-0.2739728193656144
0,13.9728,4.48125,-0.2710308222484604
0,13.9728,4.484375,-0.2681546821454258
0,13.9728,4.487500000000001,-0.26534290717997466
0,13.9728,4.490625,-0.26259405346037445
0,13.9728,4.49375,-0.25990672381077007
0,13.9728,4.496875,-0.2572795665361011
0,13.9728,4.5,-0.2547112742212034
0,13.9728,4.503125000000001,-0.2522005825643625
0,13.9728,4.50625,-0.24974626924541748
0,13.9728,4.509375,-0.24734715282840103
0,13.9728,4.5125,-0.2450020916986443
0,13.9728,4.515625,-0.242709983034126
0,13.9728,4.518750000000001,-0.24046976181083257
0,13.9728,4.521875,-0.23828039984179433
0,13.9728,4.525,-0.2361409048494075
0,13.9728,4.528125,-0.23405031957063885
0,13.9728,4.53125,-0.2320077208946113
0,13.9728,4.534375000000001,-0.23001221903209032
0,13.9728,4.5375,-0.22806295671632645
0,13.9728,4.540625,-0.22615910843468412
0,13.9728,4.54375,-0.22429987969049683
0,13.9728,4.546875,-0.22248450629451952
0,13.9728,4.550000000000001,-0.2207122536853813
0,13.9728,4.553125,-0.21898241627839976
0,13.9728,4.55625,-0.21729431684210349
0,13.9728,4.559375,-0.21564730590182768
0,13.9728,4.5625,-0.21404076116968945
0,13.9728,4.565625000000001,-0.21247408700028586
0,13.9728,4.56875,-0.21094671387141428
0,13.9728,4.571875,-0.20945809788910935
0,13.9728,4.575,-0.20800772031629616
0,13.9728,4.578125,-0.20659508712430646
0,13.9728,4.581250000000001,-0.20521972856652795
0,13.9728,4.584375,-0.20388119877340893
0,13.9728,4.5875,-0.20257907536802192
0,13.9728,4.590625,-0.2013129591013818
0,13.9728,4.59375,-0.2000824735066495
0,13.9728,4.596875000000001,-0.19888726457135078
0,13.9728,4.6,-0.1977270004266779
0,13.9728,4.603125,-0.1966013710528966
0,13.9728,4.60625,-0.19551008799984573
0,13.9728,4.609375,-0.19445288412142758
0,13.9728,4.612500000000001,-0.1934295133229481
0,13.9728,4.615625,-0.19243975032007274
0,13.9728,4.61875,-0.19148339040807755
0,13.9728,4.621875,-0.19056024923999698
0,13.9728,4.625,-0.18967016261213443
0,13.9728,4.628125000000001,-0.18881298625531104
0,13.9728,4.63125,-0.18798859563007836
0,13.9728,4.634375,-0.18719688572397575
0,13.9728,4.6375,-0.18643777084876506
0,13.9728,4.640625,-0.18571118443537477
0,13.9728,4.643750000000001,-0.1850170788241118
0,13.9728,4.646875,-0.18435542504746943
0,13.9728,4.65,-0.18372621260262634
0,13.9728,4.653125,-0.18312944921048402
0,13.9728,4.65625,-0.1825651605577905
0,13.9728,4.659375000000001,-0.18203339001861077
0,13.9728,4.6625,-0.1815341983510606
0,13.9728,4.665625,-0.18106766336486171
0,13.9728,4.66875,-0.180633879554895
0,13.9728,4.671875,-0.18023295769549674
0,13.9728,4.675000000000001,-0.17986502438980484
0,13.9728,4.678125,-0.17953022156797038
0,13.9728,4.68125,-0.17922870592753742
0,13.9728,4.684375,-0.17896064830874864
0,13.9728,4.6875,-0.17872623299694446
0,13.9728,4.690625000000001,-0.17852565694362016
0,13.9728,4.69375,-0.1783591288970527
0,13.9728,4.696875,-0.17822686843274083
0,13.9728,4.7,-0.17812910487320474
0,13.9728,4.703125,-0.17806607608597022
0,13.9728,4.706250000000001,-0.17803802714783298
0,13.9728,4.709375,-0.17804520886275796
0,13.9728,4.7125,-0.1780878761200308
0,13.9728,4.715625,-0.17816628607855847
0,13.9728,4.71875,-0.17828069616252015
0,13.9728,4.721875000000001,-0.17843136185292613
0,13.9728,4.725,-0.1786185342590606
0,13.9728,4.728125,-0.17884245745330157
0,13.9728,4.73125,-0.179103365552441
0,13.9728,4.734375,-0.17940147952842495
0,13.9728,4.737500000000001,-0.17973700373141352
0,13.9728,4.740625,-0.1801101221082846
0,13.9728,4.74375,-0.18052099410022293
0,13.9728,4.746875,-0.18096975020388611
0,13.9728,4.75,-0.18145648718191892
0,13.9728,4.753125000000001,-0.18198126291032418
0,13.9728,4.75625,-0.18254409085250617
0,13.9728,4.759375,-0.18314493415274175
0,13.9728,4.7625,-0.18378369934548572
0,13.9728,4.765625,-0.18446022968140396
0,13.9728,4.768750000000001,-0.18517429807638824
0,13.9728,4.771875,-0.18592559969618816
0,13.9728,4.775,-0.18671374419674458
0,13.9728,4.778125,-0.18753824764891172
0,13.9728,4.78125,-0.18839852418610772
0,13.9728,4.784375000000001,-0.1892938774245238
0,13.9728,4.7875,-0.19022349171793396
0,13.9728,4.790625,-0.19118642332282904
0,13.9728,4.79375,-0.19218159156448594
0,13.9728,4.796875,-0.19320777011062387
0,13.9728,4.800000000000001,-0.1942635784762318
0,13.9728,4.803125,-0.1953474739008174
0,13.9728,4.80625,-0.1964577437573438
0,13.9728,4.809375,-0.197592498670057
0,13.9728,4.8125,-0.19874966653580348
0,13.9728,4.815625000000001,-0.199926987659564
0,13.9728,4.81875,-0.20112201122914755
0,13.9728,4.821875,-0.20233209336540559
0,13.9728,4.825,-0.2035543969920114
0,13.9728,4.828125,-0.20478589377187514
0,13.9728,4.831250000000001,-0.20602336835449372
0,13.9728,4.834375,-0.20726342516903407
0,13.9728,4.8375,-0.2085024979806704
0,13.9728,4.840625,-0.20973686240175748
0,13.9728,4.84375,-0.21096265151418983
0,13.9728,4.846875000000001,-0.21217587471419966
0,13.9728,4.85,-0.21337243983587312
0,13.9728,4.853125,-0.2145481785450074
0,13.9728,4.85625,-0.21569887492133538
0,13.9728,4.859375,-0.21682029706592543
0,13.9728,4.862500000000001,-0.21790823148342092
0,13.9728,4.865625,-0.21895851989817644
0,13.9728,4.86875,-0.21996709807207626
0,13.9728,4.871875,-0.2209300361032078
0,13.9728,4.875,-0.22184357960230006
0,13.9728,4.878125000000001,-0.22270419107165004
0,13.9728,4.88125,-0.2235085907530397
0,13.9728,4.884375,-0.22425379617039828
0,13.9728,4.8875,-0.2249371595728009
0,13.9728,4.890625,-0.2255564024862786
0,13.9728,4.893750000000001,-0.22610964661029453
0,13.9728,4.896875,-0.22659544034716925
0,13.9728,4.9,-0.22701278032946495
0,13.9728,4.903125,-0.22736112740949435
0,13.9728,4.90625,-0.22764041669366808
0,13.9728,4.909375000000001,-0.22785106133821603
0,13.9728,4.9125,-0.22799394996703184
0,13.9728,4.915625,-0.2280704377214686
0,13.9728,4.91875,-0.22808233110010126
0,13.9728,4.921875,-0.2280318668880582
0,13.9728,4.925000000000001,-0.2279216856051619
0,13.9728,4.928125,-0.2277548000151542
0,13.9728,4.93125,-0.22753455933095632
0,13.9728,4.934375,-0.22726460982056512
0,13.9728,4.9375,-0.22694885256333977
0,13.9728,4.940625000000001,-0.22659139912681478
0,13.9728,4.94375,-0.22619652593065293
0,13.9728,4.946875,-0.22576862803880535
0,13.9728,4.95,-0.2253121730761183
0,13.9728,4.953125,-0.22483165590482435
0,13.9728,4.956250000000001,-0.22433155462336926
0,13.9728,4.959375,-0.2238162883687173
0,13.9728,4.9625,-0.22329017731754
0,13.9728,4.965625,-0.22275740519517187
0,13.9728,4.96875,-0.22222198451715694
0,13.9728,4.971875000000001,-0.22168772470946138
0,13.9728,4.975,-0.2211582031822167
0,13.9728,4.978125,-0.2206367393699177
0,13.9728,4.98125,-0.22012637169948432
0,13.9728,4.984375,-0.2196298374071084
0,13.9728,4.987500000000001,-0.21914955509555112
0,13.9728,4.990625,-0.21868760990522965
0,13.9728,4.99375,-0.2182457411644704
0,13.9728,4.996875,-0.2178253323858302
0,13.9728,5.0,-0.21742740348528017
0,13.9728,5.003125,-0.21705260511809935
0,13.9728,5.0062500000000005,-0.2167012150481263
0,13.9728,5.009375,-0.21637313649414636
0,13.9728,5.0125,-0.2160678984271427
0,13.9728,5.015625,-0.21578465782338385
0,13.9728,5.01875,-0.21552220390931898
0,13.9728,5.0218750000000005,-0.21527896446347342
0,13.9728,5.025,-0.21505301426645265
0,13.9728,5.028125,-0.21484208581129557
0,13.9728,5.03125,-0.21464358240134082
0,13.9728,5.034375,-0.21445459377013862
0,13.9728,5.0375000000000005,-0.21427191435656434
0,13.9728,5.040625,-0.21409206435712194
0,13.9728,5.04375,-0.2139113136556849
0,13.9728,5.046875,-0.21372570869810661
0,13.9728,5.05,-0.21353110233511471
0,13.9728,5.0531250000000005,-0.21332318660198296
0,13.9728,5.05625,-0.21309752833844667
0,13.9728,5.059375,-0.21284960747851098
0,13.9728,5.0625,-0.21257485775909685
0,13.9728,5.065625,-0.21226870951130125
0,13.9728,5.0687500000000005,-0.21192663411139984
0,13.9728,5.071875,-0.21154418958397836
0,13.9728,5.075,-0.21111706677048805
0,13.9728,5.078125,-0.21064113540697524
0,13.9728,5.08125,-0.2101124893986145
0,13.9728,5.0843750000000005,-0.2095274905396207
0,13.9728,5.0875,-0.20888280990830155
0,13.9728,5.090625,-0.20817546617090774
0,13.9728,5.09375,-0.20740286005614195
0,13.9728,5.096875,-0.20656280431519108
0,13.9728,5.1000000000000005,-0.20565354855932347
0,13.9728,5.103125,-0.20467379846656722
0,13.9728,5.10625,-0.20362272896773773
0,13.9728,5.109375,-0.2024999911560606
0,13.9728,5.1125,-0.20130571280891005
0,13.9728,5.1156250000000005,-0.20004049255928613
0,13.9728,5.11875,-0.19870538790280698
0,13.9728,5.121875,-0.1973018973674753
0,13.9728,5.125,-0.19583193730296702
0,13.9728,5.128125,-0.19429781385896588
0,13.9728,5.1312500000000005,-0.1927021908143952
0,13.9728,5.134375,-0.19104805398856478
0,13.9728,5.1375,-0.1893386730097364
0,13.9728,5.140625,-0.18757756123614153
0,13.9728,5.14375,-0.18576843461981848
0,13.9728,5.1468750000000005,-0.18391517027666052
0,13.9728,5.15,-0.18202176547940982
0,13.9728,5.153125,-0.1800922977272649
0,13.9728,5.15625,-0.17813088646999606
0,13.9728,5.159375,-0.17614165697974735
0,13.9728,5.1625000000000005,-0.17412870677388417
0,13.9728,5.165625,-0.17209607490084233
0,13.9728,5.16875,-0.17004771431112045
0,13.9728,5.171875,-0.167987467450096
0,13.9728,5.175,-0.1659190451303396
0,13.9728,5.1781250000000005,-0.16384600867025398
0,13.9728,5.18125,-0.1617717552242165
0,13.9728,5.184375,-0.15969950617753814
0,13.9728,5.1875,-0.1576322984376461
0,13.9728,5.190625,-0.15557297842063988
0,13.9728,5.1937500000000005,-0.15352419850928703
0,13.9728,5.196875,-0.1514884157438095
0,13.9728,5.2,-0.1494678924995396
0,13.9728,5.203125,-0.14746469890473474
0,13.9728,5.20625,-0.14548071675641766
0,13.9728,5.2093750000000005,-0.1435176447011055
0,13.9728,5.2125,-0.14157700445968316
0,13.9728,5.215625,-0.13966014789057277
0,13.9728,5.21875,-0.1377682647019799
0,13.9728,5.221875,-0.13590239064159582
0,13.9728,5.2250000000000005,-0.13406341601016888
0,13.9728,5.228125,-0.13225209436329557
0,13.9728,5.23125,-0.13046905128323474
0,13.9728,5.234375,-0.12871479311924275
0,13.9728,5.2375,-0.1269897156105884
0,13.9728,5.2406250000000005,-0.1252941123209364
0,13.9728,5.24375,-0.12362818282606493
0,13.9728,5.246875,-0.12199204060886056
0,13.9728,5.25,-0.12038572062624933
0,13.9728,5.253125,-0.11880918652214506
0,13.9728,5.2562500000000005,-0.1172623374687373
0,13.9728,5.259375,-0.11574501462553871
0,13.9728,5.2625,-0.11425700721164447
0,13.9728,5.265625,-0.11279805819174787
0,13.9728,5.26875,-0.11136786958064364
0,13.9728,5.2718750000000005,-0.10996610737437647
0,13.9728,5.275,-0.10859240611891612
0,13.9728,5.278125,-0.10724637312934628
0,13.9728,5.28125,-0.10592759237415209
0,13.9728,5.284375,-0.10463562804030478
0,13.9728,5.2875000000000005,-0.10337002779558828
0,13.9728,5.290625,-0.10213032576502439
0,13.9728,5.29375,-0.10091604523838361
0,13.9728,5.296875,-0.09972670112569568
0,13.9728,5.3,-0.09856180217739408
0,13.9728,5.3031250000000005,-0.09742085298532399
0,13.9728,5.30625,-0.09630335578031998
0,13.9728,5.309375,-0.09520881204144445
0,13.9728,5.3125,-0.09413672393132189
0,13.9728,5.315625,-0.09308659557128181
0,13.9728,5.3187500000000005,-0.0920579341692967
0,13.9728,5.321875,-0.09105025101295539
0,13.9728,5.325,-0.09006306233896318
0,13.9728,5.328125,-0.0890958900899345
0,13.9728,5.33125,-0.08814826256851478
0,13.9728,5.3343750000000005,-0.08721971499817813
0,13.9728,5.3375,-0.08630978999937583
0,13.9728,5.340625,-0.08541803798906324
0,13.9728,5.34375,-0.08454401751103197
0,13.9728,5.346875,-0.083687295503885
0,13.9728,5.3500000000000005,-0.08284744751295244
0,13.9728,5.353125,-0.08202405785193179
0,13.9728,5.35625,-0.08121671971955087
0,13.9728,5.359375,-0.08042503527611092
0,13.9728,5.3625,-0.07964861568434012
0,13.9728,5.3656250000000005,-0.07888708111860408
0,13.9728,5.36875,-0.07814006074615885
0,13.9728,5.371875,-0.07740719268379398
0,13.9728,5.375,-0.076688123932913
0,13.9728,5.378125,-0.07598251029580666
0,13.9728,5.3812500000000005,-0.07529001627561756
0,13.9728,5.384375,-0.07461031496225458
0,13.9728,5.3875,-0.07394308790629067
0,13.9728,5.390625,-0.07328802498268386
0,13.9728,5.39375,-0.07264482424596834
0,13.9728,5.3968750000000005,-0.07201319177839868
0,13.9728,5.4,-0.07139284153237598
0,13.9728,5.403125,-0.07078349516834032
0,13.9728,5.40625,-0.07018488188919318
0,13.9728,5.409375,-0.0695967382721902
0,13.9728,5.4125000000000005,-0.06901880809914318
0,13.9728,5.415625,-0.06845084218567435
0,13.9728,5.41875,-0.06789259821017549
0,13.9728,5.421875,-0.06734384054305217
0,13.9728,5.425,-0.06680434007675584
0,13.9728,5.4281250000000005,-0.06627387405704671
0,13.9728,5.43125,-0.06575222591587095
0,13.9728,5.434375,-0.06523918510618203
0,13.9728,5.4375,-0.06473454693899326
0,13.9728,5.440625,-0.06423811242290164
0,13.9728,5.4437500000000005,-0.06374968810628825
0,13.9728,5.446875,-0.06326908592236645
0,13.9728,5.45,-0.06279612303721571
0,13.9728,5.453125,-0.06233062170091752
0,13.9728,5.45625,-0.06187240910187954
0,13.9728,5.4593750000000005,-0.06142131722441688
0,13.9728,5.4625,-0.06097718270963911
0,13.9728,5.465625,-0.06053984671967297
0,13.9728,5.46875,-0.06010915480523991
0,13.9728,5.471875,-0.05968495677659007
0,13.9728,5.4750000000000005,-0.059267106577785646
0,13.9728,5.478125,-0.058855462164316016
0,13.9728,5.48125,-0.05844988538401641
0,13.9728,5.484375,-0.05805024186125804
0,13.9728,5.4875,-0.05765640088436718
0,13.9728,5.4906250000000005,-0.05726823529622763
0,13.9728,5.49375,-0.056885621388015756
0,13.9728,5.496875,-0.05650843879601175
0,13.9728,5.5,-0.05613657040143084
0,13.9728,5.503125,-0.05576990223321182
0,13.9728,5.5062500000000005,-0.0554083233737007
0,13.9728,5.509375,-0.055051725867164655
0,13.9728,5.5125,-0.054700004631069395
0,13.9728,5.515625,-0.05435305737005481
0,13.9728,5.51875,-0.05401078449254006
0,13.9728,5.5218750000000005,-0.05367308902989122
0,13.9728,5.525,-0.05333987655808438
0,13.9728,5.528125,-0.0530110551217953
0,13.9728,5.53125,-0.05268653516085108
0,13.9728,5.534375,-0.052366229438975884
0,13.9728,5.5375000000000005,-0.05205005297476597
0,13.9728,5.540625,-0.05173792297482993
0,13.9728,5.54375,-0.05142975876902915
0,13.9728,5.546875,-0.05112548174775801
0,13.9728,5.55,-0.05082501530120106
0,13.9728,5.5531250000000005,-0.050528284760507684
0,13.9728,5.55625,-0.05023521734082587
0,13.9728,5.559375,-0.049945742086136294
0,13.9728,5.5625,-0.049659789815832446
0,13.9728,5.565625,-0.04937729307299058
0,13.9728,5.5687500000000005,-0.04909818607427682
0,13.9728,5.571875,-0.048822404661439466
0,13.9728,5.575,-0.04854988625433507
0,13.9728,5.578125,-0.04828056980544043
0,13.9728,5.58125,-0.04801439575580155
0,13.9728,5.5843750000000005,-0.04775130599237343
0,13.9728,5.5875,-0.04749124380670607
0,13.9728,5.590625,-0.04723415385493158
0,13.9728,5.59375,-0.04697998211901152
0,13.9728,5.596875,-0.04672867586920213
0,13.9728,5.6000000000000005,-0.046480183627697874
0,13.9728,5.603125,-0.046234455133415
0,13.9728,5.60625,-0.04599144130787647
0,13.9728,5.609375,-0.04575109422216351
0,13.9728,5.6125,-0.04551336706489747
0,13.9728,5.6156250000000005,-0.04527821411121845
0,13.9728,5.61875,-0.04504559069272796
0,13.9728,5.621875,-0.04481545316836299
0,13.9728,5.625,-0.04458775889617187
0,13.9728,5.628125,-0.04436246620596118
0,13.9728,5.6312500000000005,-0.04413953437278528
0,13.9728,5.634375,-0.043918923591251005
0,13.9728,5.6375,-0.0437005949506095
0,13.9728,5.640625,-0.04348451041061064
0,13.9728,5.64375,-0.043270632778093884
0,13.9728,5.6468750000000005,-0.04305892568429158
0,13.9728,5.65,-0.04284935356282158
0,13.9728,5.653125,-0.04264188162834565
0,13.9728,5.65625,-0.042436475855872936
0,13.9728,5.659375,-0.042233102960686365
0,13.9728,5.6625000000000005,-0.042031730378872055
0,13.9728,5.665625,-0.041832326248432083
0,13.9728,5.66875,-0.041634859390960746
0,13.9728,5.671875,-0.04143929929386721
0,13.9728,5.675,-0.0412456160931256
0,13.9728,5.6781250000000005,-0.041053780556536
0,13.9728,5.68125,-0.04086376406747983
0,13.9728,5.684375,-0.040675538609152705
0,13.9728,5.6875,-0.040489076749260715
0,13.9728,5.690625,-0.04030435162516405
0,13.9728,5.6937500000000005,-0.04012133692945396
0,13.9728,5.696875,-0.03994000689594936
0,13.9728,5.7,-0.03976033628609892
0,13.9728,5.703125,-0.039582300375776466
0,13.9728,5.70625,-0.03940587494245661
0,13.9728,5.7093750000000005,-0.03923103625275866
0,13.9728,5.7125,-0.03905776105034719
0,13.9728,5.715625,-0.03888602654417752
0,13.9728,5.71875,-0.038715810397075896
0,13.9728,5.721875,-0.038547090714643156
0,13.9728,5.7250000000000005,-0.03837984603447208
0,13.9728,5.728125,-0.03821405531566853
0,13.9728,5.73125,-0.03804969792866647
0,13.9728,5.734375,-0.03788675364532823
0,13.9728,5.7375,-0.037725202629320914
0,13.9728,5.7406250000000005,-0.03756502542676007
0,13.9728,5.74375,-0.037406202957112986
0,13.9728,5.746875,-0.03724871650435265
0,13.9728,5.75,-0.03709254770835566
0,13.9728,5.753125,-0.03693767855653578
0,13.9728,5.7562500000000005,-0.036784091375706374
0,13.9728,5.759375,-0.03663176882416463
0,13.9728,5.7625,-0.03648069388399041
0,13.9728,5.765625,-0.03633084985355381
0,13.9728,5.76875,-0.03618222034022483
0,13.9728,5.7718750000000005,-0.03603478925327873
0,13.9728,5.775,-0.035888540796991886
0,13.9728,5.778125,-0.03574345946392145
0,13.9728,5.78125,-0.03559953002836425
0,13.9728,5.784375,-0.03545673753998899
0,13.9728,5.7875000000000005,-0.03531506731763671
0,13.9728,5.790625,-0.03517450494328465
0,13.9728,5.79375,-0.03503503625616828
0,13.9728,5.796875,-0.03489664734705742
0,13.9728,5.800000000000001,-0.034759324552681325
0,13.9728,5.8031250000000005,-0.034623054450298826
0,13.9728,5.80625,-0.03448782385240873
0,13.9728,5.809375,-0.03435361980159702
0,13.9728,5.8125,-0.03422042956551638
0,13.9728,5.815625000000001,-0.03408824063199442
0,13.9728,5.8187500000000005,-0.033957040704266944
0,13.9728,5.821875,-0.03382681769633215
0,13.9728,5.825,-0.03369755972842313
0,13.9728,5.828125,-0.03356925512259452
0,13.9728,5.831250000000001,-0.03344189239842042
0,13.9728,5.8343750000000005,-0.03331546026880033
0,13.9728,5.8375,-0.03318994763586981
0,13.9728,5.840625,-0.03306534358701339
0,13.9728,5.84375,-0.032941637390976344
0,13.9728,5.846875000000001,-0.03281881849407272
0,13.9728,5.8500000000000005,-0.032696876516487235
0,13.9728,5.853125,-0.03257580124866756
0,13.9728,5.85625,-0.0324555826478056
0,13.9728,5.859375,-0.03233621083440431
0,13.9728,5.862500000000001,-0.03221767608892826
0,13.9728,5.8656250000000005,-0.03209996884853551
0,13.9728,5.86875,-0.03198307970388817
0,13.9728,5.871875,-0.03186699939604014
0,13.9728,5.875,-0.031751718813399415
0,13.9728,5.878125000000001,-0.03163722898876306
0,13.9728,5.8812500000000005,-0.031523521096423035
0,13.9728,5.884375,-0.031410586449340486
0,13.9728,5.8875,-0.0312984164963873
0,13.9728,5.890625,-0.03118700281965258
0,13.9728,5.893750000000001,-0.03107633713181249
0,13.9728,5.8968750000000005,-0.03096641127356189
0,13.9728,5.9,-0.03085721721110572
0,13.9728,5.903125,-0.03074874703370903
0,13.9728,5.90625,-0.030640992951303774
0,13.9728,5.909375000000001,-0.030533947292150924
0,13.9728,5.9125000000000005,-0.030427602500556584
0,13.9728,5.915625,-0.03032195113464034
0,13.9728,5.91875,-0.030216985864154933
0,13.9728,5.921875,-0.03011269946835556
0,13.9728,5.925000000000001,-0.030009084833917628
0,13.9728,5.9281250000000005,-0.029906134952901817
0,13.9728,5.93125,-0.029803842920764847
0,13.9728,5.934375,-0.029702201934415293
0,13.9728,5.9375,-0.029601205290312876
0,13.9728,5.940625000000001,-0.029500846382610257
0,13.9728,5.9437500000000005,-0.029401118701336406
0,13.9728,5.946875,-0.02930201583061999
0,13.9728,5.95,-0.02920353144695239
0,13.9728,5.953125,-0.029105659317488958
0,13.9728,5.956250000000001,-0.029008393298387523
0,13.9728,5.9593750000000005,-0.028911727333183545
0,13.9728,5.9625,-0.028815655451200427
0,13.9728,5.965625,-0.028720171765994743
0,13.9728,5.96875,-0.028625270473835056
0,13.9728,5.971875000000001,-0.02853094585221363
0,13.9728,5.9750000000000005,-0.028437192258390375
0,13.9728,5.978125,-0.028344004127967788
0,13.9728,5.98125,-0.02825137597349669
0,13.9728,5.984375,-0.028159302383111595
0,13.9728,5.987500000000001,-0.028067778019195095
0,13.9728,5.9906250000000005,-0.027976797617070687
0,13.9728,5.99375,-0.027886355983723014
0,13.9728,5.996875,-0.027796447996545293
0,13.9728,6.0,-0.027707068602112857
