"Current","Field","Frequency","Spectra"
0,35.9175,1.0,-0.035064544776851496
0,35.9175,1.003125,-0.03518322766260293
0,35.9175,1.00625,-0.03530256253993733
0,35.9175,1.009375,-0.035422554562180505
0,35.9175,1.0125,-0.035543208936897
0,35.9175,1.015625,-0.035664530926607214
0,35.9175,1.01875,-0.035786525849516145
0,35.9175,1.021875,-0.035909199080253584
0,35.9175,1.025,-0.03603255605062619
0,35.9175,1.028125,-0.03615660225038167
0,35.9175,1.03125,-0.03628134322798511
0,35.9175,1.034375,-0.03640678459140793
0,35.9175,1.0375,-0.03653293200892948
0,35.9175,1.040625,-0.036659791209951643
0,35.9175,1.04375,-0.03678736798582673
0,35.9175,1.046875,-0.03691566819069865
0,35.9175,1.05,-0.03704469774235803
0,35.9175,1.053125,-0.037174462623111186
0,35.9175,1.05625,-0.03730496888066327
0,35.9175,1.059375,-0.037436222629016226
0,35.9175,1.0625,-0.0375682300493811
0,35.9175,1.065625,-0.0377009973911059
0,35.9175,1.06875,-0.03783453097261846
0,35.9175,1.071875,-0.03796883718238516
0,35.9175,1.075,-0.03810392247988559
0,35.9175,1.078125,-0.038239793396603376
0,35.9175,1.08125,-0.03837645653703377
0,35.9175,1.084375,-0.038513918579708026
0,35.9175,1.0875,-0.03865218627823505
0,35.9175,1.090625,-0.03879126646236071
0,35.9175,1.09375,-0.038931166039044895
0,35.9175,1.096875,-0.03907189199355703
0,35.9175,1.1,-0.03921345139059017
0,35.9175,1.103125,-0.03935585137539399
0,35.9175,1.10625,-0.0394990991749274
0,35.9175,1.109375,-0.03964320209903061
0,35.9175,1.1125,-0.03978816754161764
0,35.9175,1.115625,-0.03993400298188924
0,35.9175,1.11875,-0.04008071598556676
0,35.9175,1.121875,-0.04022831420614758
0,35.9175,1.125,-0.04037680538618209
0,35.9175,1.128125,-0.04052619735857324
0,35.9175,1.13125,-0.04067649804789858
0,35.9175,1.134375,-0.040827715471755524
0,35.9175,1.1375,-0.040979857742130366
0,35.9175,1.140625,-0.04113293306679123
0,35.9175,1.14375,-0.0412869497507058
0,35.9175,1.146875,-0.04144191619748415
0,35.9175,1.15,-0.04159784091084705
0,35.9175,1.153125,-0.04175473249612073
0,35.9175,1.15625,-0.041912599661758025
0,35.9175,1.159375,-0.042071451220887054
0,35.9175,1.1625,-0.042231296092887546
0,35.9175,1.165625,-0.04239214330499559
0,35.9175,1.16875,-0.042554001993937544
0,35.9175,1.171875,-0.042716881407593256
0,35.9175,1.175,-0.0428807909066898
0,35.9175,1.178125,-0.0430457399665259
0,35.9175,1.18125,-0.043211738178727824
0,35.9175,1.184375,-0.043378795253037686
0,35.9175,1.1875,-0.043546921019134294
0,35.9175,1.190625,-0.04371612542848782
0,35.9175,1.19375,-0.0438864185562486
0,35.9175,1.196875,-0.044057810603170905
0,35.9175,1.2,-0.04423031189757268
0,35.9175,1.203125,-0.044403932897331425
0,35.9175,1.20625,-0.044578684191917864
0,35.9175,1.209375,-0.04475457650446732
0,35.9175,1.2125,-0.04493162069389021
0,35.9175,1.215625,-0.04510982775702238
0,35.9175,1.21875,-0.04528920883081592
0,35.9175,1.221875,-0.045469775194571724
0,35.9175,1.225,-0.045651538272214326
0,35.9175,1.228125,-0.045834509634610214
0,35.9175,1.23125,-0.04601870100193053
0,35.9175,1.234375,-0.04620412424605892
0,35.9175,1.2375,-0.046390791393045916
0,35.9175,1.240625,-0.04657871462561053
0,35.9175,1.24375,-0.04676790628569027
0,35.9175,1.246875,-0.046958378877040755
0,35.9175,1.25,-0.04715014506788577
0,35.9175,1.253125,-0.047343217693619204
0,35.9175,1.25625,-0.04753760975955977
0,35.9175,1.259375,-0.04773333444375985
0,35.9175,1.2625,-0.047930405099869816
0,35.9175,1.265625,-0.04812883526005866
0,35.9175,1.26875,-0.048328638637992666
0,35.9175,1.271875,-0.04852982913187328
0,35.9175,1.275,-0.04873242082753544
0,35.9175,1.278125,-0.04893642800160794
0,35.9175,1.28125,-0.04914186512473705
0,35.9175,1.284375,-0.04934874686487503
0,35.9175,1.2875,-0.04955708809063505
0,35.9175,1.290625,-0.049766903874713775
0,35.9175,1.29375,-0.04997820949738371
0,35.9175,1.296875,-0.0501910204500563
0,35.9175,1.3,-0.050405352438918014
0,35.9175,1.303125,-0.05062122138864078
0,35.9175,1.30625,-0.050838643446168674
0,35.9175,1.309375,-0.051057634984582684
0,35.9175,1.3125,-0.051278212607045126
0,35.9175,1.315625,-0.05150039315082612
0,35.9175,1.31875,-0.05172419369141357
0,35.9175,1.321875,-0.051949631546708924
0,35.9175,1.325,-0.05217672428131086
0,35.9175,1.328125,-0.05240548971088857
0,35.9175,1.33125,-0.0526359459066474
0,35.9175,1.334375,-0.05286811119988856
0,35.9175,1.3375,-0.05310200418666563
0,35.9175,1.340625,-0.053337643732539824
0,35.9175,1.34375,-0.05357504897743669
0,35.9175,1.346875,-0.053814239340606584
0,35.9175,1.35,-0.054055234525691685
0,35.9175,1.353125,-0.05429805452590181
0,35.9175,1.35625,-0.054542719629302114
0,35.9175,1.359375,-0.05478925042421514
0,35.9175,1.3625,-0.055037667804740315
0,35.9175,1.365625,-0.055287992976393543
0,35.9175,1.36875,-0.05554024746187021
0,35.9175,1.371875,-0.05579445310693447
0,35.9175,1.375,-0.05605063208643803
0,35.9175,1.378125,-0.05630880691047181
0,35.9175,1.38125,-0.05656900043065374
0,35.9175,1.384375,-0.056831235846556194
0,35.9175,1.3875,-0.05709553671227659
0,35.9175,1.390625,-0.05736192694315484
0,35.9175,1.39375,-0.05763043082264144
0,35.9175,1.396875,-0.05790107300931997
0,35.9175,1.4,-0.05817387854408819
0,35.9175,1.403125,-0.05844887285750158
0,35.9175,1.40625,-0.0587260817772837
0,35.9175,1.409375,-0.05900553153600771
0,35.9175,1.4125,-0.05928724877895346
0,35.9175,1.415625,-0.05957126057214481
0,35.9175,1.41875,-0.05985759441057188
0,35.9175,1.421875,-0.06014627822660301
0,35.9175,1.425,-0.06043734039859171
0,35.9175,1.428125,-0.06073080975968348
0,35.9175,1.43125,-0.061026715606827944
0,35.9175,1.434375,-0.06132508771000199
0,35.9175,1.4375,-0.06162595632164891
0,35.9175,1.440625,-0.06192935218634032
0,35.9175,1.44375,-0.062235306550665864
0,35.9175,1.446875,-0.06254385117335762
0,35.9175,1.45,-0.06285501833565513
0,35.9175,1.453125,-0.06316884085191782
0,35.9175,1.45625,-0.0634853520804913
0,35.9175,1.459375,-0.06380458593483501
0,35.9175,1.4625,-0.06412657689491762
0,35.9175,1.465625,-0.0644513600188884
0,35.9175,1.46875,-0.0647789709550315
0,35.9175,1.471875,-0.06510944595401127
0,35.9175,1.475,-0.06544282188141687
0,35.9175,1.478125,-0.06577913623061422
0,35.9175,1.48125,-0.06611842713591405
0,35.9175,1.484375,-0.06646073338606484
0,35.9175,1.4875,-0.06680609443807993
0,35.9175,1.490625,-0.06715455043140814
0,35.9175,1.49375,-0.06750614220245771
0,35.9175,1.496875,-0.06786091129948349
0,35.9175,1.5,-0.0682188999978478
0,35.9175,1.503125,-0.06858015131566582
0,35.9175,1.50625,-0.06894470902984623
0,35.9175,1.509375,-0.06931261769253884
0,35.9175,1.5125000000000002,-0.06968392264800068
0,35.9175,1.515625,-0.07005867004989268
0,35.9175,1.51875,-0.07043690687902006
0,35.9175,1.521875,-0.07081868096152832
0,35.9175,1.525,-0.07120404098756908
0,35.9175,1.5281250000000002,-0.07159303653044943
0,35.9175,1.53125,-0.07198571806627832
0,35.9175,1.534375,-0.07238213699412584
0,35.9175,1.5375,-0.07278234565670959
0,35.9175,1.540625,-0.07318639736162441
0,35.9175,1.5437500000000002,-0.07359434640313164
0,35.9175,1.546875,-0.07400624808452407
0,35.9175,1.55,-0.07442215874108521
0,35.9175,1.553125,-0.07484213576365915
0,35.9175,1.55625,-0.07526623762285076
0,35.9175,1.5593750000000002,-0.07569452389387499
0,35.9175,1.5625,-0.07612705528207436
0,35.9175,1.565625,-0.07656389364912672
0,35.9175,1.56875,-0.07700510203996222
0,35.9175,1.571875,-0.07745074471041341
0,35.9175,1.5750000000000002,-0.07790088715561973
0,35.9175,1.578125,-0.07835559613921
0,35.9175,1.58125,-0.07881493972328804
0,35.9175,1.584375,-0.07927898729924476
0,35.9175,1.5875,-0.07974780961942411
0,35.9175,1.5906250000000002,-0.08022147882966899
0,35.9175,1.59375,-0.08070006850277453
0,35.9175,1.596875,-0.0811836536728785
0,35.9175,1.6,-0.08167231087081699
0,35.9175,1.603125,-0.0821661181604776
0,35.9175,1.6062500000000002,-0.082665155176181
0,35.9175,1.609375,-0.08316950316112379
0,35.9175,1.6125,-0.08367924500691751
0,35.9175,1.615625,-0.08419446529425832
0,35.9175,1.61875,-0.0847152503347641
0,35.9175,1.6218750000000002,-0.08524168821401734
0,35.9175,1.625,-0.08577386883585211
0,35.9175,1.628125,-0.08631188396792691
0,35.9175,1.63125,-0.08685582728862434
0,35.9175,1.634375,-0.08740579443532218
0,35.9175,1.6375000000000002,-0.08796188305408062
0,35.9175,1.640625,-0.0885241928507921
0,35.9175,1.64375,-0.0890928256438438
0,35.9175,1.646875,-0.08966788541834107
0,35.9175,1.65,-0.09024947838194564
0,35.9175,1.6531250000000002,-0.09083771302238222
0,35.9175,1.65625,-0.09143270016666892
0,35.9175,1.659375,-0.09203455304213115
0,35.9175,1.6625,-0.09264338733925773
0,35.9175,1.665625,-0.09325932127646283
0,35.9175,1.6687500000000002,-0.09388247566681879
0,35.9175,1.671875,-0.09451297398682579
0,35.9175,1.675,-0.09515094244729064
0,35.9175,1.678125,-0.09579651006638454
0,35.9175,1.68125,-0.09644980874495712
0,35.9175,1.6843750000000002,-0.09711097334418403
0,35.9175,1.6875,-0.09778014176562862
0,35.9175,1.690625,-0.09845745503380346
0,35.9175,1.69375,-0.09914305738131696
0,35.9175,1.696875,-0.09983709633669755
0,35.9175,1.7000000000000002,-0.10053972281498887
0,35.9175,1.703125,-0.10125109121121292
0,35.9175,1.70625,-0.10197135949680493
0,35.9175,1.709375,-0.10270068931912268
0,35.9175,1.7125,-0.10343924610414189
0,35.9175,1.7156250000000002,-0.10418719916245073
0,35.9175,1.71875,-0.10494472179866075
0,35.9175,1.721875,-0.10571199142435941
0,35.9175,1.725,-0.10648918967472869
0,35.9175,1.728125,-0.10727650252896484
0,35.9175,1.7312500000000002,-0.10807412043463625
0,35.9175,1.734375,-0.10888223843612138
0,35.9175,1.7375,-0.10970105630727824
0,35.9175,1.740625,-0.11053077868849703
0,35.9175,1.74375,-0.11137161522829886
0,35.9175,1.7468750000000002,-0.11222378072964706
0,35.9175,1.75,-0.11308749530114369
0,35.9175,1.753125,-0.11396298451329433
0,35.9175,1.75625,-0.11485047956002578
0,35.9175,1.759375,-0.11575021742565472
0,35.9175,1.7625000000000002,-0.1166624410575087
0,35.9175,1.765625,-0.1175873995444103
0,35.9175,1.76875,-0.11852534830124617
0,35.9175,1.771875,-0.11947654925984581
0,35.9175,1.775,-0.12044127106641055
0,35.9175,1.7781250000000002,-0.12141978928573798
0,35.9175,1.78125,-0.12241238661249819
0,35.9175,1.784375,-0.12341935308983085
0,35.9175,1.7875,-0.12444098633553802
0,35.9175,1.790625,-0.12547759177616347
0,35.9175,1.7937500000000002,-0.12652948288925864
0,35.9175,1.796875,-0.1275969814541457
0,35.9175,1.8,-0.12868041781150572
0,35.9175,1.803125,-0.1297801311321264
0,35.9175,1.80625,-0.13089646969516253
0,35.9175,1.8093750000000002,-0.13202979117627453
0,35.9175,1.8125,-0.13318046294602265
0,35.9175,1.815625,-0.13434886237891513
0,35.9175,1.81875,-0.13553537717351713
0,35.9175,1.821875,-0.1367404056840494
0,35.9175,1.8250000000000002,-0.13796435726392
0,35.9175,1.828125,-0.13920765262164797
0,35.9175,1.83125,-0.1404707241896615
0,35.9175,1.834375,-0.14175401650646413
0,35.9175,1.8375,-0.14305798661268876
0,35.9175,1.8406250000000002,-0.14438310446157607
0,35.9175,1.84375,-0.14572985334443217
0,35.9175,1.846875,-0.14709873033164927
0,35.9175,1.85,-0.14849024672988448
0,35.9175,1.853125,-0.14990492855602422
0,35.9175,1.8562500000000002,-0.1513433170285798
0,35.9175,1.859375,-0.15280596907718247
0,35.9175,1.8625,-0.15429345787087734
0,35.9175,1.865625,-0.1558063733659321
0,35.9175,1.86875,-0.157345322873909
0,35.9175,1.8718750000000002,-0.15891093165077275
0,35.9175,1.875,-0.16050384350783037
0,35.9175,1.878125,-0.1621247214453348
0,35.9175,1.88125,-0.16377424830960016
0,35.9175,1.884375,-0.1654531274745163
0,35.9175,1.8875000000000002,-0.16716208354837037
0,35.9175,1.890625,-0.16890186310691357
0,35.9175,1.89375,-0.17067323545364477
0,35.9175,1.896875,-0.17247699340830117
0,35.9175,1.9,-0.1743139541245846
0,35.9175,1.9031250000000002,-0.17618495993817376
0,35.9175,1.90625,-0.17809087924609862
0,35.9175,1.909375,-0.18003260741858812
0,35.9175,1.9125,-0.18201106774451326
0,35.9175,1.915625,-0.18402721241158582
0,35.9175,1.9187500000000002,-0.18608202352248499
0,35.9175,1.921875,-0.18817651414810513
0,35.9175,1.925,-0.19031172941914176
0,35.9175,1.928125,-0.19248874765723417
0,35.9175,1.93125,-0.19470868154690518
0,35.9175,1.9343750000000002,-0.1969726793495377
0,35.9175,1.9375,-0.19928192616062512
0,35.9175,1.940625,-0.20163764521153915
0,35.9175,1.94375,-0.2040410992170284
0,35.9175,1.946875,-0.2064935917696574
0,35.9175,1.9500000000000002,-0.20899646878235606
0,35.9175,1.953125,-0.21155111998020967
0,35.9175,1.95625,-0.21415898044257659
0,35.9175,1.959375,-0.2168215321965405
0,35.9175,1.9625,-0.2195403058626379
0,35.9175,1.9656250000000002,-0.22231688235369398
0,35.9175,1.96875,-0.22515289462748092
0,35.9175,1.971875,-0.22805002949378433
0,35.9175,1.975,-0.23101002947627813
0,35.9175,1.978125,-0.23403469472943356
0,35.9175,1.9812500000000002,-0.2371258850104509
0,35.9175,1.984375,-0.24028552170594
0,35.9175,1.9875,-0.2435155899127865
0,35.9175,1.990625,-0.24681814057227303
0,35.9175,1.99375,-0.2501952926561489
0,35.9175,1.9968750000000002,-0.2536492354028746
0,35.9175,2.0,-0.25718223060175033
0,35.9175,2.003125,-0.2607966149220662
0,35.9175,2.00625,-0.26449480228372324
0,35.9175,2.0093750000000004,-0.2682792862650408
0,35.9175,2.0125,-0.27215264254260957
0,35.9175,2.015625,-0.2761175313570924
0,35.9175,2.01875,-0.2801766999977923
0,35.9175,2.021875,-0.2843329852976087
0,35.9175,2.0250000000000004,-0.2885893161286315
0,35.9175,2.028125,-0.2929487158871149
0,35.9175,2.03125,-0.29741430495486265
0,35.9175,2.034375,-0.3019893031221539
0,35.9175,2.0375,-0.30667703195523066
0,35.9175,2.0406250000000004,-0.31148091708899256
0,35.9175,2.04375,-0.31640449042292684
0,35.9175,2.046875,-0.32145139219537716
0,35.9175,2.05,-0.3266253729080068
0,35.9175,2.053125,-0.33193029506873906
0,35.9175,2.0562500000000004,-0.33737013471746335
0,35.9175,2.059375,-0.3429489826944254
0,35.9175,2.0625,-0.34867104560636214
0,35.9175,2.065625,-0.35454064644010974
0,35.9175,2.06875,-0.36056222476755917
0,35.9175,2.0718750000000004,-0.36674033647938054
0,35.9175,2.075,-0.37307965297790746
0,35.9175,2.078125,-0.3795849597518522
0,35.9175,2.08125,-0.38626115424712115
0,35.9175,2.084375,-0.39311324293887767
0,35.9175,2.0875000000000004,-0.4001463375000638
0,35.9175,2.090625,-0.4073656499508975
0,35.9175,2.09375,-0.4147764866622928
0,35.9175,2.096875,-0.42238424107374306
0,35.9175,2.1,-0.4301943849729661
0,35.9175,2.1031250000000004,-0.4382124581704711
0,35.9175,2.10625,-0.44644405638729895
0,35.9175,2.109375,-0.4548948171584614
0,35.9175,2.1125,-0.4635704035382088
0,35.9175,2.115625,-0.4724764853763016
0,35.9175,2.1187500000000004,-0.4816187179170526
0,35.9175,2.121875,-0.4910027174553452
0,35.9175,2.125,-0.5006340337663077
0,35.9175,2.128125,-0.5105181190082336
0,35.9175,2.13125,-0.5206602927821415
0,35.9175,2.1343750000000004,-0.5310657030165044
0,35.9175,2.1375,-0.5417392823329406
0,35.9175,2.140625,-0.5526856995386777
0,35.9175,2.14375,-0.563909305885411
0,35.9175,2.146875,-0.5754140757328513
0,35.9175,2.1500000000000004,-0.5872035412599943
0,35.9175,2.153125,-0.5992807208795136
0,35.9175,2.15625,-0.611648041032223
0,35.9175,2.159375,-0.6243072510712316
0,35.9175,2.1625,-0.6372593309912803
0,35.9175,2.1656250000000004,-0.650504391820013
0,35.9175,2.16875,-0.6640415685671563
0,35.9175,2.171875,-0.6778689057272059
0,35.9175,2.175,-0.6919832354540101
0,35.9175,2.178125,-0.7063800486742359
0,35.9175,2.1812500000000004,-0.7210533595835714
0,35.9175,2.184375,-0.735995564177063
0,35.9175,2.1875,-0.7511972937049327
0,35.9175,2.190625,-0.7666472642188539
0,35.9175,2.19375,-0.7823321236812534
0,35.9175,2.1968750000000004,-0.7982362984507305
0,35.9175,2.2,-0.8143418413277799
0,35.9175,2.203125,-0.8306282837421078
0,35.9175,2.20625,-0.847072495079337
0,35.9175,2.209375,-0.8636485525713794
0,35.9175,2.2125000000000004,-0.8803276255987728
0,35.9175,2.215625,-0.8970778786592515
0,35.9175,2.21875,-0.9138643976255879
0,35.9175,2.221875,-0.9306491442249167
0,35.9175,2.225,-0.9473909438958222
0,35.9175,2.2281250000000004,-0.96404551229019
0,35.9175,2.23125,-0.980565525654624
0,35.9175,2.234375,-0.996900740120804
0,35.9175,2.2375,-1.0129981645268211
0,35.9175,2.240625,-1.0288022907568863
0,35.9175,2.2437500000000004,-1.0442553847052096
0,35.9175,2.246875,-1.0592978398304016
0,35.9175,2.25,-1.0738685938695078
0,35.9175,2.253125,-1.087905607639865
0,35.9175,2.25625,-1.101346403002397
0,35.9175,2.2593750000000004,-1.1141286550390346
0,35.9175,2.2625,-1.1261908313750832
0,35.9175,2.265625,-1.137472869436422
0,35.9175,2.26875,-1.1479168803680542
0,35.9175,2.271875,-1.157467866461252
0,35.9175,2.2750000000000004,-1.166074437352561
0,35.9175,2.278125,-1.1736895090778856
0,35.9175,2.28125,-1.1802709693868065
0,35.9175,2.284375,-1.1857822926257082
0,35.9175,2.2875,-1.1901930880361957
0,35.9175,2.2906250000000004,-1.1934795665079314
0,35.9175,2.29375,-1.1956249126556369
0,35.9175,2.296875,-1.1966195515030689
0,35.9175,2.3,-1.1964613019597867
0,35.9175,2.303125,-1.1951554125444337
0,35.9175,2.3062500000000004,-1.192714478291379
0,35.9175,2.309375,-1.1891582413112967
0,35.9175,2.3125,-1.1845132808925345
0,35.9175,2.315625,-1.1788126021689933
0,35.9175,2.31875,-1.1720951351007551
0,35.9175,2.3218750000000004,-1.1644051577031242
0,35.9175,2.325,-1.1557916590398865
0,35.9175,2.328125,-1.1463076584274736
0,35.9175,2.33125,-1.1360094975766888
0,35.9175,2.334375,-1.1249561220616722
0,35.9175,2.3375000000000004,-1.1132083676163873
0,35.9175,2.340625,-1.1008282654048789
0,35.9175,2.34375,-1.087878378696235
0,35.9175,2.346875,-1.0744211814091242
0,35.9175,2.35,-1.0605184868840496
0,35.9175,2.3531250000000004,-1.046230933097339
0,35.9175,2.35625,-1.0316175284403963
0,35.9175,2.359375,-1.0167352602264685
0,35.9175,2.3625,-1.0016387663132997
0,35.9175,2.365625,-0.9863800686838122
0,35.9175,2.3687500000000004,-0.9710083665319202
0,35.9175,2.371875,-0.9555698853648044
0,35.9175,2.375,-0.9401077778519611
0,35.9175,2.378125,-0.9246620716102554
0,35.9175,2.38125,-0.9092696587908179
0,35.9175,2.3843750000000004,-0.8939643222010469
0,35.9175,2.3875,-0.8787767927234684
0,35.9175,2.390625,-0.8637348329527622
0,35.9175,2.39375,-0.8488633422335786
0,35.9175,2.396875,-0.8341844786176277
0,35.9175,2.4000000000000004,-0.8197177936447209
0,35.9175,2.403125,-0.8054803762676692
0,35.9175,2.40625,-0.7914870026676766
0,35.9175,2.409375,-0.7777502891306655
0,35.9175,2.4125,-0.7642808455646656
0,35.9175,2.4156250000000004,-0.751087427625823
0,35.9175,2.41875,-0.738177085779828
0,35.9175,2.421875,-0.7255553099531699
0,35.9175,2.425,-0.7132261687226635
0,35.9175,2.428125,-0.7011924422517607
0,35.9175,2.4312500000000004,-0.689455748408998
0,35.9175,2.434375,-0.6780166616989466
0,35.9175,2.4375,-0.6668748248013205
0,35.9175,2.440625,-0.6560290526518682
0,35.9175,2.44375,-0.6454774291118623
0,35.9175,2.4468750000000004,-0.635217396364196
0,35.9175,2.45,-0.6252458372457963
0,35.9175,2.453125,-0.6155591507809207
0,35.9175,2.45625,-0.6061533212202274
0,35.9175,2.459375,-0.597023980918481
0,35.9175,2.4625000000000004,-0.5881664674014552
0,35.9175,2.465625,-0.579575874981693
0,35.9175,2.46875,-0.5712471012849585
0,35.9175,2.471875,-0.5631748890457915
0,35.9175,2.475,-0.5553538635227407
0,35.9175,2.4781250000000004,-0.547778565872691
0,35.9175,2.48125,-0.5404434828099937
0,35.9175,2.484375,-0.5333430728606721
0,35.9175,2.4875,-0.5264717895053455
0,35.9175,2.490625,-0.5198241014871965
0,35.9175,2.4937500000000004,-0.5133945105437505
0,35.9175,2.496875,-0.5071775668036829
0,35.9175,2.5,-0.5011678820726365
0,35.9175,2.503125,-0.49536014121528066
0,35.9175,2.50625,-0.4897491118246857
0,35.9175,2.5093750000000004,-0.4843296523547079
0,35.9175,2.5125,-0.47909671887644567
0,35.9175,2.515625,-0.47404537060606666
0,35.9175,2.51875,-0.46917077433838494
0,35.9175,2.521875,-0.4644682079084935
0,35.9175,2.5250000000000004,-0.45993306279255297
0,35.9175,2.528125,-0.4555608459484307
0,35.9175,2.53125,-0.4513471809872971
0,35.9175,2.534375,-0.44728780875844
0,35.9175,2.5375,-0.44337858742143715
0,35.9175,2.5406250000000004,-0.4396154920723925
0,35.9175,2.54375,-0.435994613984137
0,35.9175,2.546875,-0.43251215951409483
0,35.9175,2.55,-0.42916444872786863
0,35.9175,2.553125,-0.42594791378145536
0,35.9175,2.5562500000000004,-0.4228590971003564
0,35.9175,2.559375,-0.41989464938961385
0,35.9175,2.5625,-0.4170513275049975
0,35.9175,2.565625,-0.4143259922121162
0,35.9175,2.56875,-0.41171560585711103
0,35.9175,2.5718750000000004,-0.40921722996979737
0,35.9175,2.575,-0.4068280228175922
0,35.9175,2.578125,-0.4045452369263059
0,35.9175,2.58125,-0.4023662165818487
0,35.9175,2.584375,-0.40028839532507404
0,35.9175,2.5875000000000004,-0.39830929345036126
0,35.9175,2.590625,-0.39642651551707997
0,35.9175,2.59375,-0.39463774788178124
0,35.9175,2.596875,-0.3929407562578079
0,35.9175,2.6,-0.39133338330797884
0,35.9175,2.6031250000000004,-0.3898135462750969
0,35.9175,2.60625,-0.3883792346542099
0,35.9175,2.609375,-0.3870285079098448
0,35.9175,2.6125,-0.38575949324079556
0,35.9175,2.615625,-0.38457038339448757
0,35.9175,2.6187500000000004,-0.3834594345324484
0,35.9175,2.621875,-0.38242496414798466
0,35.9175,2.625,-0.3814653490367834
0,35.9175,2.628125,-0.3805790233208321
0,35.9175,2.63125,-0.3797644765257575
0,35.9175,2.6343750000000004,-0.37902025171144116
0,35.9175,2.6375,-0.37834494365555055
0,35.9175,2.640625,-0.3777371970894433
0,35.9175,2.64375,-0.37719570498574573
0,35.9175,2.646875,-0.3767192068967694
0,35.9175,2.6500000000000004,-0.37630648734282435
0,35.9175,2.653125,-0.3759563742493869
0,35.9175,2.65625,-0.37566773743201143
0,35.9175,2.659375,-0.3754394871278065
0,35.9175,2.6625,-0.3752705725722524
0,35.9175,2.6656250000000004,-0.3751599806200958
0,35.9175,2.66875,-0.3751067344090313
0,35.9175,2.671875,-0.3751098920648595
0,35.9175,2.675,-0.37516854544680134
0,35.9175,2.678125,-0.3752818189316404
0,35.9175,2.6812500000000004,-0.37544886823536905
0,35.9175,2.684375,-0.3756688792710156
0,35.9175,2.6875,-0.37594106704134433
0,35.9175,2.690625,-0.3762646745651267
0,35.9175,2.69375,-0.3766389718357059
0,35.9175,2.6968750000000004,-0.37706325481058794
0,35.9175,2.7,-0.3775368444308195
0,35.9175,2.703125,-0.3780590856689292
0,35.9175,2.70625,-0.37862934660423964
0,35.9175,2.709375,-0.3792470175243744
0,35.9175,2.7125000000000004,-0.37991151005181734
0,35.9175,2.715625,-0.3806222562944023
0,35.9175,2.71875,-0.3813787080186418
0,35.9175,2.721875,-0.3821803358448273
0,35.9175,2.725,-0.3830266284628635
0,35.9175,2.7281250000000004,-0.3839170918678231
0,35.9175,2.73125,-0.3848512486142397
0,35.9175,2.734375,-0.3858286370881797
0,35.9175,2.7375,-0.38684881079616157
0,35.9175,2.740625,-0.387911337670019
0,35.9175,2.7437500000000004,-0.38901579938682723
0,35.9175,2.746875,-0.39016179070304263
0,35.9175,2.75,-0.39134891880202494
0,35.9175,2.753125,-0.3925768026541394
0,35.9175,2.75625,-0.39384507238866256
0,35.9175,2.7593750000000004,-0.395153368676734
0,35.9175,2.7625,-0.39650134212462734
0,35.9175,2.765625,-0.3978886526766294
0,35.9175,2.76875,-0.39931496902684555
0,35.9175,2.771875,-0.40077996803926796
0,35.9175,2.7750000000000004,-0.40228333417546686
0,35.9175,2.778125,-0.4038247589292894
0,35.9175,2.78125,-0.40540394026796744
0,35.9175,2.784375,-0.4070205820790609
0,35.9175,2.7875,-0.40867439362268343
0,35.9175,2.7906250000000004,-0.41036508898847684
0,35.9175,2.79375,-0.41209238655682545
0,35.9175,2.796875,-0.413856008463819
0,35.9175,2.8,-0.4156556800694923
0,35.9175,2.803125,-0.41749112942889677
0,35.9175,2.8062500000000004,-0.41936208676557307
0,35.9175,2.809375,-0.4212682839470196
0,35.9175,2.8125,-0.423209453961773
0,35.9175,2.815625,-0.42518533039773126
0,35.9175,2.81875,-0.42719564692138245
0,35.9175,2.8218750000000004,-0.42924013675761463
0,35.9175,2.825,-0.43131853216981075
0,35.9175,2.828125,-0.43343056393995183
0,35.9175,2.83125,-0.43557596084847505
0,35.9175,2.834375,-0.4377544491536579
0,35.9175,2.8375000000000004,-0.4399657520703223
0,35.9175,2.840625,-0.44220958924768083
0,35.9175,2.84375,-0.44448567624616786
0,35.9175,2.846875,-0.4467937240131237
0,35.9175,2.85,-0.4491334383572352
0,35.9175,2.8531250000000004,-0.45150451942165
0,35.9175,2.85625,-0.45390666115572476
0,35.9175,2.859375,-0.456339550785385
0,35.9175,2.8625,-0.4588028682821086
0,35.9175,2.865625,-0.46129628583057697
0,35.9175,2.8687500000000004,-0.4638194672950673
0,35.9175,2.871875,-0.4663720676846958
0,35.9175,2.875,-0.468953732617651
0,35.9175,2.878125,-0.4715640977845913
0,35.9175,2.88125,-0.4742027884114231
0,35.9175,2.8843750000000004,-0.4768694187217032
0,35.9175,2.8875,-0.4795635913989561
0,35.9175,2.890625,-0.4822848970492311
0,35.9175,2.89375,-0.4850329136642608
0,35.9175,2.896875,-0.4878072060856333
0,35.9175,2.9000000000000004,-0.4906073254704231
0,35.9175,2.903125,-0.4934328087587741
0,35.9175,2.90625,-0.4962831781439737
0,35.9175,2.909375,-0.4991579405455916
0,35.9175,2.9125,-0.5020565870863185
0,35.9175,2.9156250000000004,-0.5049785925731735
0,35.9175,2.91875,-0.5079234149838027
0,35.9175,2.921875,-0.5108904949586431
0,35.9175,2.925,-0.51387925529976
0,35.9175,2.928125,-0.5168891004772349
0,35.9175,2.9312500000000004,-0.5199194161440162
0,35.9175,2.934375,-0.5229695686602004
0,35.9175,2.9375,-0.5260389046277637
0,35.9175,2.940625,-0.5291267504368029
0,35.9175,2.94375,-0.5322324118244106
0,35.9175,2.9468750000000004,-0.5353551734473434
0,35.9175,2.95,-0.5384942984697009
0,35.9175,2.953125,-0.5416490281668774
0,35.9175,2.95625,-0.5448185815470897
0,35.9175,2.959375,-0.5480021549918402
0,35.9175,2.9625000000000004,-0.551198921916709
0,35.9175,2.965625,-0.5544080324539178
0,35.9175,2.96875,-0.5576286131581422
0,35.9175,2.971875,-0.5608597667370886
0,35.9175,2.975,-0.5641005718083906
0,35.9175,2.9781250000000004,-0.5673500826844019
0,35.9175,2.98125,-0.5706073291865045
0,35.9175,2.984375,-0.5738713164905628
0,35.9175,2.9875,-0.5771410250051799
0,35.9175,2.990625,-0.5804154102844301
0,35.9175,2.9937500000000004,-0.5836934029767483
0,35.9175,2.996875,-0.586973908811669
0,35.9175,3.0,-0.5902558086261012
0,35.9175,3.0031250000000003,-0.5935379584318218
0,35.9175,3.00625,-0.5968191895258593
0,35.9175,3.009375,-0.6000983086454262
0,35.9175,3.0125,-0.603374098169015
0,35.9175,3.015625,-0.6066453163652601
0,35.9175,3.0187500000000003,-0.6099106976911172
0,35.9175,3.021875,-0.6131689531408531
0,35.9175,3.025,-0.6164187706473048
0,35.9175,3.028125,-0.6196588155367715
0,35.9175,3.03125,-0.6228877310388502
0,35.9175,3.0343750000000003,-0.6261041388524329
0,35.9175,3.0375,-0.6293066397689788
0,35.9175,3.040625,-0.6324938143540957
0,35.9175,3.04375,-0.6356642236883203
0,35.9175,3.046875,-0.6388164101678896
0,35.9175,3.0500000000000003,-0.6419488983661528
0,35.9175,3.053125,-0.64506019595612
0,35.9175,3.05625,-0.6481487946945161
0,35.9175,3.059375,-0.6512131714675187
0,35.9175,3.0625,-0.6542517893982045
0,35.9175,3.0656250000000003,-0.6572630990155532
0,35.9175,3.06875,-0.6602455394846447
0,35.9175,3.071875,-0.6631975398975193
0,35.9175,3.075,-0.6661175206239437
0,35.9175,3.078125,-0.6690038947211208
0,35.9175,3.0812500000000003,-0.671855069401173
0,35.9175,3.084375,-0.674669447554984
0,35.9175,3.0875,-0.6774454293307831
0,35.9175,3.090625,-0.6801814137655958
0,35.9175,3.09375,-0.6828758004674729
0,35.9175,3.0968750000000003,-0.6855269913461609
0,35.9175,3.1,-0.6881333923896371
0,35.9175,3.103125,-0.6906934154837111
0,35.9175,3.10625,-0.693205480271634
0,35.9175,3.109375,-0.6956680160504494
0,35.9175,3.1125000000000003,-0.6980794637005766
0,35.9175,3.115625,-0.7004382776448931
0,35.9175,3.11875,-0.7027429278333818
0,35.9175,3.121875,-0.7049919017491812
0,35.9175,3.125,-0.7071837064316965
0,35.9175,3.1281250000000003,-0.709316870512236
0,35.9175,3.13125,-0.7113899462574587
0,35.9175,3.134375,-0.7134015116157735
0,35.9175,3.1375,-0.7153501722616713
0,35.9175,3.140625,-0.7172345636328528
0,35.9175,3.1437500000000003,-0.7190533529549066
0,35.9175,3.146875,-0.7208052412481922
0,35.9175,3.15,-0.7224889653115282
0,35.9175,3.153125,-0.7241032996772183
0,35.9175,3.15625,-0.7256470585319401
0,35.9175,3.1593750000000003,-0.7271190975980046
0,35.9175,3.1625,-0.7285183159695179
0,35.9175,3.165625,-0.7298436578980249
0,35.9175,3.16875,-0.731094114522277
0,35.9175,3.171875,-0.7322687255368602
0,35.9175,3.1750000000000003,-0.7333665807945423
0,35.9175,3.178125,-0.7343868218373327
0,35.9175,3.18125,-0.7353286433514201
0,35.9175,3.184375,-0.7361912945413422
0,35.9175,3.1875,-0.7369740804189548
0,35.9175,3.1906250000000003,-0.7376763630030024
0,35.9175,3.19375,-0.7382975624253529
0,35.9175,3.196875,-0.7388371579402366
0,35.9175,3.2,-0.7392946888331206
0,35.9175,3.203125,-0.7396697552261746
0,35.9175,3.2062500000000003,-0.7399620187776093
0,35.9175,3.209375,-0.7401712032725103
0,35.9175,3.2125,-0.7402970951031613
0,35.9175,3.215625,-0.7403395436372032
0,35.9175,3.21875,-0.7402984614723713
0,35.9175,3.2218750000000003,-0.7401738245769214
0,35.9175,3.225,-0.7399656723152598
0,35.9175,3.228125,-0.7396741073586748
0,35.9175,3.23125,-0.7392992954814646
0,35.9175,3.234375,-0.7388414652431498
0,35.9175,3.2375000000000003,-0.7383009075578414
0,35.9175,3.240625,-0.7376779751522221
0,35.9175,3.24375,-0.7369730819139707
0,35.9175,3.246875,-0.7361867021328199
0,35.9175,3.25,-0.7353193696367999
0,35.9175,3.2531250000000003,-0.7343716768265443
0,35.9175,3.25625,-0.7333442736108726
0,35.9175,3.259375,-0.732237866247158
0,35.9175,3.2625,-0.7310532160902824
0,35.9175,3.265625,-0.72979113825425
0,35.9175,3.2687500000000003,-0.7284525001907706
0,35.9175,3.271875,-0.7270382201893545
0,35.9175,3.275,-0.7255492658036626
0,35.9175,3.278125,-0.7239866522090277
0,35.9175,3.28125,-0.7223514404962265
0,35.9175,3.2843750000000003,-0.7206447359066986
0,35.9175,3.2875,-0.7188676860145325
0,35.9175,3.290625,-0.7170214788605942
0,35.9175,3.29375,-0.7151073410442567
0,35.9175,3.296875,-0.7131265357781995
0,35.9175,3.3000000000000003,-0.711080360911763
0,35.9175,3.303125,-0.7089701469283308
0,35.9175,3.30625,-0.7067972549221668
0,35.9175,3.309375,-0.7045630745600813
0,35.9175,3.3125,-0.7022690220332175
0,35.9175,3.3156250000000003,-0.6999165380041458
0,35.9175,3.31875,-0.697507085554343
0,35.9175,3.321875,-0.6950421481369894
0,35.9175,3.325,-0.6925232275398685
0,35.9175,3.328125,-0.6899518418629912
0,35.9175,3.3312500000000003,-0.6873295235153718
0,35.9175,3.334375,-0.6846578172352137
0,35.9175,3.3375,-0.6819382781375345
0,35.9175,3.340625,-0.6791724697930711
0,35.9175,3.34375,-0.6763619623420721
0,35.9175,3.3468750000000003,-0.6735083306463563
0,35.9175,3.35,-0.6706131524828051
0,35.9175,3.353125,-0.6676780067811924
0,35.9175,3.35625,-0.6647044719090492
0,35.9175,3.359375,-0.6616941240060005
0,35.9175,3.3625000000000003,-0.6586485353697803
0,35.9175,3.365625,-0.6555692728959047
0,35.9175,3.36875,-0.6524578965727318
0,35.9175,3.371875,-0.6493159580334199
0,35.9175,3.375,-0.6461449991660676
0,35.9175,3.3781250000000003,-0.6429465507830865
0,35.9175,3.38125,-0.6397221313506654
0,35.9175,3.384375,-0.6364732457789478
0,35.9175,3.3875,-0.6332013842733732
0,35.9175,3.390625,-0.6299080212474154
0,35.9175,3.3937500000000003,-0.6265946142967767
0,35.9175,3.396875,-0.6232626032349298
0,35.9175,3.4000000000000004,-0.6199134091897075
0,35.9175,3.403125,-0.6165484337605157
0,35.9175,3.40625,-0.6131690582355634
0,35.9175,3.4093750000000003,-0.6097766428683945
0,35.9175,3.4125,-0.6063725262128586
0,35.9175,3.4156250000000004,-0.6029580245155433
0,35.9175,3.41875,-0.5995344311645927
0,35.9175,3.421875,-0.5961030161937161
0,35.9175,3.4250000000000003,-0.5926650258401235
0,35.9175,3.428125,-0.5892216821550298
0,35.9175,3.4312500000000004,-0.5857741826652972
0,35.9175,3.434375,-0.5823237000847394
0,35.9175,3.4375,-0.5788713820735286
0,35.9175,3.4406250000000003,-0.5754183510441327
0,35.9175,3.44375,-0.5719657040121499
0,35.9175,3.4468750000000004,-0.5685145124903781
0,35.9175,3.45,-0.5650658224244562
0,35.9175,3.453125,-0.5616206541683645
0,35.9175,3.4562500000000003,-0.5581800024980917
0,35.9175,3.459375,-0.5547448366617584
0,35.9175,3.4625000000000004,-0.5513161004644848
0,35.9175,3.465625,-0.5478947123863176
0,35.9175,3.46875,-0.5444815657315183
0,35.9175,3.4718750000000003,-0.5410775288075544
0,35.9175,3.475,-0.5376834451321484
0,35.9175,3.4781250000000004,-0.534300133666755
0,35.9175,3.48125,-0.5309283890748909
0,35.9175,3.484375,-0.5275689820037436
0,35.9175,3.4875000000000003,-0.5242226593875484
0,35.9175,3.490625,-0.5208901447712422
0,35.9175,3.4937500000000004,-0.517572138652946
0,35.9175,3.496875,-0.5142693188438832
0,35.9175,3.5,-0.5109823408443592
0,35.9175,3.5031250000000003,-0.5077118382345006
0,35.9175,3.50625,-0.5044584230784785
0,35.9175,3.5093750000000004,-0.5012226863409909
0,35.9175,3.5125,-0.4980051983148394
0,35.9175,3.515625,-0.49480650905846346
0,35.9175,3.5187500000000003,-0.49162714884236086
0,35.9175,3.521875,-0.4884676286033647
0,35.9175,3.5250000000000004,-0.48532844040578876
0,35.9175,3.528125,-0.4822100579085202
0,35.9175,3.53125,-0.479112936837161
0,35.9175,3.5343750000000003,-0.47603751546039047
0,35.9175,3.5375,-0.4729842150697546
0,35.9175,3.5406250000000004,-0.4699534404621309
0,35.9175,3.54375,-0.46694558042418
0,35.9175,3.546875,-0.46396100821811614
0,35.9175,3.5500000000000003,-0.4610000820681934
0,35.9175,3.553125,-0.45806314564733325
0,35.9175,3.5562500000000004,-0.45515052856336213
0,35.9175,3.559375,-0.4522625468443781
0,35.9175,3.5625,-0.44939950342278806
0,35.9175,3.5656250000000003,-0.4465616886176095
0,35.9175,3.56875,-0.4437493806146635
0,35.9175,3.5718750000000004,-0.4409628459443104
0,35.9175,3.575,-0.438202339956437
0,35.9175,3.578125,-0.4354681072924088
0,35.9175,3.5812500000000003,-0.43276038235376124
0,35.9175,3.584375,-0.43007938976741183
0,35.9175,3.5875000000000004,-0.4274253448472154
0,35.9175,3.590625,-0.4247984540517178
0,35.9175,3.59375,-0.42219891543797533
0,35.9175,3.5968750000000003,-0.4196269191113506
0,35.9175,3.6,-0.4170826476712112
0,35.9175,3.6031250000000004,-0.41456627665247814
0,35.9175,3.60625,-0.41207797496300924
0,35.9175,3.609375,-0.4096179053168044
0,35.9175,3.6125000000000003,-0.40718622466305987
0,35.9175,3.615625,-0.4047830846111069
0,35.9175,3.6187500000000004,-0.4024086318512904
0,35.9175,3.621875,-0.40006300857187116
0,35.9175,3.625,-0.39774635287203775
0,35.9175,3.6281250000000003,-0.39545879917114574
0,35.9175,3.63125,-0.39320047861431
0,35.9175,3.6343750000000004,-0.3909715194744881
0,35.9175,3.6375,-0.3887720475512205
0,35.9175,3.640625,-0.38660218656619016
0,35.9175,3.6437500000000003,-0.3844620585557925
0,35.9175,3.646875,-0.3823517842609125
0,35.9175,3.6500000000000004,-0.3802714835141132
0,35.9175,3.653125,-0.3782212756244674
0,35.9175,3.65625,-0.37620127976025397
0,35.9175,3.6593750000000003,-0.3742116153297717
0,35.9175,3.6625,-0.3722524023605214
0,35.9175,3.6656250000000004,-0.3703237618770161
0,35.9175,3.66875,-0.3684258162775021
0,35.9175,3.671875,-0.366558689709863
0,35.9175,3.6750000000000003,-0.3647225084470067
0,35.9175,3.678125,-0.3629174012620313
0,35.9175,3.6812500000000004,-0.36114349980347626
0,35.9175,3.684375,-0.35940093897098074
0,35.9175,3.6875,-0.3576898572916652
0,35.9175,3.6906250000000003,-0.3560103972975719
0,35.9175,3.69375,-0.3543627059045013
0,35.9175,3.6968750000000004,-0.3527469347925842
0,35.9175,3.7,-0.3511632407889465
0,35.9175,3.703125,-0.3496117862528159
0,35.9175,3.7062500000000003,-0.34809273946343794
0,35.9175,3.709375,-0.34660627501116553
0,35.9175,3.7125000000000004,-0.34515257419209294
0,35.9175,3.715625,-0.3437318254066135
0,35.9175,3.71875,-0.3423442245622776
0,35.9175,3.7218750000000003,-0.340989975481336
0,35.9175,3.725,-0.3396692903133566
0,35.9175,3.7281250000000004,-0.33838238995329667
0,35.9175,3.73125,-0.33712950446542916
0,35.9175,3.734375,-0.33591087351350335
0,35.9175,3.7375000000000003,-0.33472674679753855
0,35.9175,3.740625,-0.33357738449763413
0,35.9175,3.7437500000000004,-0.33246305772518253
0,35.9175,3.746875,-0.33138404898186913
0,35.9175,3.75,-0.3303406526268341
0,35.9175,3.7531250000000003,-0.3293331753523674
0,35.9175,3.75625,-0.3283619366684971
0,35.9175,3.7593750000000004,-0.327427269396822
0,35.9175,3.7625,-0.32652952017392656
0,35.9175,3.765625,-0.3256690499646978
0,35.9175,3.7687500000000003,-0.32484623458584927
0,35.9175,3.771875,-0.32406146523993323
0,35.9175,3.7750000000000004,-0.3233151490600951
0,35.9175,3.778125,-0.3226077096657999
0,35.9175,3.78125,-0.32193958772972064
0,35.9175,3.7843750000000003,-0.32131124155594526
0,35.9175,3.7875,-0.3207231476696109
0,35.9175,3.7906250000000004,-0.32017580141802443
0,35.9175,3.79375,-0.3196697175832742
0,35.9175,3.796875,-0.3192054310062684
0,35.9175,3.8000000000000003,-0.3187834972220658
0,35.9175,3.803125,-0.31840449310628366
0,35.9175,3.8062500000000004,-0.3180690175322698
0,35.9175,3.809375,-0.317777692038629
0,35.9175,3.8125,-0.31753116150657285
0,35.9175,3.8156250000000003,-0.3173300948464353
0,35.9175,3.81875,-0.31717518569254916
0,35.9175,3.8218750000000004,-0.31706715310551936
0,35.9175,3.825,-0.3170067422807493
0,35.9175,3.828125,-0.31699472526187134
0,35.9175,3.8312500000000003,-0.31703190165751927
0,35.9175,3.834375,-0.31711909935962646
0,35.9175,3.8375000000000004,-0.3172571752611638
0,35.9175,3.840625,-0.31744701597092867
0,35.9175,3.84375,-0.3176895385226615
0,35.9175,3.8468750000000003,-0.3179856910753975
0,35.9175,3.85,-0.3183364536015528
0,35.9175,3.8531250000000004,-0.31874283855879565
0,35.9175,3.85625,-0.31920589154125667
0,35.9175,3.859375,-0.3197266919050912
0,35.9175,3.8625000000000003,-0.3203063533628016
0,35.9175,3.865625,-0.32094602454007876
0,35.9175,3.8687500000000004,-0.3216468894881926
0,35.9175,3.871875,-0.32241016814417855
0,35.9175,3.875,-0.32323711673019967
0,35.9175,3.8781250000000003,-0.3241290280825191
0,35.9175,3.88125,-0.32508723189949007
0,35.9175,3.8843750000000004,-0.3261130948968452
0,35.9175,3.8875,-0.3272080208573429
0,35.9175,3.890625,-0.32837345056050365
0,35.9175,3.8937500000000003,-0.3296108615767222
0,35.9175,3.896875,-0.33092176790848254
0,35.9175,3.9000000000000004,-0.33230771945971505
0,35.9175,3.903125,-0.3337703013125063
0,35.9175,3.90625,-0.3353111327884197
0,35.9175,3.9093750000000003,-0.33693186626956617
0,35.9175,3.9125,-0.33863418575231485
0,35.9175,3.9156250000000004,-0.3404198051041189
0,35.9175,3.91875,-0.3422904659913564
0,35.9175,3.921875,-0.34424793544337046
0,35.9175,3.9250000000000003,-0.346294003015002
0,35.9175,3.928125,-0.3484304775068775
0,35.9175,3.9312500000000004,-0.35065918319954587
0,35.9175,3.934375,-0.3529819555542382
0,35.9175,3.9375,-0.3554006363296252
0,35.9175,3.9406250000000003,-0.35791706806041873
0,35.9175,3.94375,-0.3605330878401144
0,35.9175,3.9468750000000004,-0.36325052034658595
0,35.9175,3.95,-0.36607117004567663
0,35.9175,3.953125,-0.36899681250449257
0,35.9175,3.9562500000000003,-0.37202918474278873
0,35.9175,3.959375,-0.3751699745478076
0,35.9175,3.9625000000000004,-0.3784208086752578
0,35.9175,3.965625,-0.38178323985690726
0,35.9175,3.96875,-0.3852587325337342
0,35.9175,3.9718750000000003,-0.3888486472327967
0,35.9175,3.975,-0.392554223506239
0,35.9175,3.9781250000000004,-0.3963765613523174
0,35.9175,3.98125,-0.4003166010412476
0,35.9175,3.984375,-0.4043751012733938
0,35.9175,3.9875000000000003,-0.40855261560405354
0,35.9175,3.990625,-0.4128494670782815
0,35.9175,3.9937500000000004,-0.41726572103115883
0,35.9175,3.996875,-0.42180115602403456
0,35.9175,4.0,-0.4264552329060515
0,35.9175,4.003125000000001,-0.4312270620130299
0,35.9175,4.00625,-0.436115368543073
0,35.9175,4.009375,-0.44111845618048096
0,35.9175,4.0125,-0.44623416907699237
0,35.9175,4.015625,-0.45145985234271296
0,35.9175,4.018750000000001,-0.4567923112481508
0,35.9175,4.021875,-0.4622277693942233
0,35.9175,4.025,-0.4677618261687057
0,35.9175,4.028125,-0.47338941387521405
0,35.9175,4.03125,-0.47910475499444705
0,35.9175,4.034375000000001,-0.48490132011592946
0,35.9175,4.0375,-0.49077178716147585
0,35.9175,4.040625,-0.4967080026074471
0,35.9175,4.04375,-0.5027009454998452
0,35.9175,4.046875,-0.5087406951425777
0,35.9175,4.050000000000001,-0.5148164034215833
0,35.9175,4.053125,-0.5209162728033402
0,35.9175,4.05625,-0.5270275411115415
0,35.9175,4.059375,-0.5331364742362846
0,35.9175,4.0625,-0.5392283679617647
0,35.9175,4.065625000000001,-0.5452875601057915
0,35.9175,4.06875,-0.5512974541430244
0,35.9175,4.071875,-0.5572405554283808
0,35.9175,4.075,-0.5630985210429906
0,35.9175,4.078125,-0.5688522241486937
0,35.9175,4.081250000000001,-0.5744818335547572
0,35.9175,4.084375,-0.5799669089710534
0,35.9175,4.0875,-0.585286512144922
0,35.9175,4.090625,-0.5904193337563078
0,35.9175,4.09375,-0.595343835582063
0,35.9175,4.096875000000001,-0.6000384070418535
0,35.9175,4.1,-0.6044815348148472
0,35.9175,4.103125,-0.6086519837800721
0,35.9175,4.10625,-0.6125289870984831
0,35.9175,4.109375,-0.616092442838113
0,35.9175,4.112500000000001,-0.6193231141625951
0,35.9175,4.115625,-0.6222028297766968
0,35.9175,4.11875,-0.6247146810680594
0,35.9175,4.121875,-0.6268432122187503
0,35.9175,4.125,-0.628574599497746
0,35.9175,4.128125000000001,-0.6298968159962195
0,35.9175,4.13125,-0.6307997782377374
0,35.9175,4.134375,-0.6312754713856127
0,35.9175,4.1375,-0.6313180501747648
0,35.9175,4.140625,-0.630923913204727
0,35.9175,4.143750000000001,-0.6300917488276452
0,35.9175,4.146875,-0.6288225515292998
0,35.9175,4.15,-0.6271196084076703
0,35.9175,4.153125,-0.6249884560753487
0,35.9175,4.15625,-0.6224368090212451
0,35.9175,4.159375000000001,-0.6194744611364298
0,35.9175,4.1625,-0.6161131627135732
0,35.9175,4.165625,-0.6123664757479439
0,35.9175,4.16875,-0.608249610783675
0,35.9175,4.171875,-0.6037792488504384
0,35.9175,4.175000000000001,-0.5989733522175332
0,35.9175,4.178125,-0.593850967754478
0,35.9175,4.18125,-0.5884320266351297
0,35.9175,4.184375,-0.5827371439662343
0,35.9175,4.1875,-0.5767874216746075
0,35.9175,4.190625000000001,-0.5706042576667355
0,35.9175,4.19375,-0.5642091638979498
0,35.9175,4.196875,-0.5576235955741942
0,35.9175,4.2,-0.5508687932757104
0,35.9175,4.203125,-0.5439656393550087
0,35.9175,4.206250000000001,-0.5369345295364886
0,35.9175,4.209375,-0.5297952602438096
0,35.9175,4.2125,-0.5225669318136148
0,35.9175,4.215625,-0.5152678674275726
0,35.9175,4.21875,-0.50791554731302
0,35.9175,4.221875000000001,-0.5005265575285387
0,35.9175,4.225,-0.4931165524640278
0,35.9175,4.228125,-0.48570023004402463
0,35.9175,4.23125,-0.47829131852522694
0,35.9175,4.234375,-0.47090257372002803
0,35.9175,4.237500000000001,-0.4635457854534953
0,35.9175,4.240625,-0.45623179206602077
0,35.9175,4.24375,-0.44897050180326653
0,35.9175,4.246875,-0.44177091998415696
0,35.9175,4.25,-0.4346411809015369
0,35.9175,4.253125000000001,-0.4275885834851868
0,35.9175,4.25625,-0.4206196298387895
0,35.9175,4.259375,-0.4137400658483486
0,35.9175,4.2625,-0.4069549231467498
0,35.9175,4.265625,-0.40026856180502546
0,35.9175,4.268750000000001,-0.39368471320429993
0,35.9175,4.271875,-0.3872065226213957
0,35.9175,4.275,-0.3808365911351033
0,35.9175,4.278125,-0.3745770165285016
0,35.9175,4.28125,-0.3684294329247491
0,35.9175,4.284375000000001,-0.36239504894989805
0,35.9175,4.2875,-0.35647468426595863
0,35.9175,4.290625,-0.3506688043612194
0,35.9175,4.29375,-0.34497755352297244
0,35.9175,4.296875,-0.3394007859503302
0,35.9175,4.300000000000001,-0.33393809499270505
0,35.9175,4.303125,-0.328588840522632
0,35.9175,4.30625,-0.32335217447074543
0,35.9175,4.309375,-0.31822706456627
0,35.9175,4.3125,-0.31321231633850494
0,35.9175,4.315625000000001,-0.3083065934443348
0,35.9175,4.31875,-0.30350843639369884
0,35.9175,4.321875,-0.2988162797498297
0,35.9175,4.325,-0.2942284678842398
0,35.9175,4.328125,-0.28974326936790573
0,35.9175,4.331250000000001,-0.2853588900805723
0,35.9175,4.334375,-0.28107348511935515
0,35.9175,4.3375,-0.2768851695863348
0,35.9175,4.340625,-0.2727920283327621
0,35.9175,4.34375,-0.268792124734753
0,35.9175,4.346875000000001,-0.26488350857244397
0,35.9175,4.35,-0.26106422308124594
0,35.9175,4.353125,-0.25733231124038225
0,35.9175,4.35625,-0.2536858213604153
0,35.9175,4.359375,-0.25012281202778347
0,35.9175,4.362500000000001,-0.2466413564609003
0,35.9175,4.365625,-0.24323954632879305
0,35.9175,4.36875,-0.2399154950798373
0,35.9175,4.371875,-0.2366673408248742
0,35.9175,4.375,-0.2334932488157287
0,35.9175,4.378125000000001,-0.230391413557184
0,35.9175,4.38125,-0.2273600605875199
0,35.9175,4.384375,-0.22439744795998495
0,35.9175,4.3875,-0.22150186745503464
0,35.9175,4.390625,-0.21867164555066693
0,35.9175,4.393750000000001,-0.21590514417598808
0,35.9175,4.396875,-0.21320076127097784
0,35.9175,4.4,-0.21055693117344548
0,35.9175,4.403125,-0.2079721248523814
0,35.9175,4.40625,-0.2054448500051343
0,35.9175,4.409375000000001,-0.2029736510343438
0,35.9175,4.4125,-0.20055710891906445
0,35.9175,4.415625,-0.1981938409931767
0,35.9175,4.41875,-0.1958825006429926
0,35.9175,4.421875,-0.19362177693476665
0,35.9175,4.425000000000001,-0.19141039418184788
0,35.9175,4.428125,-0.1892471114602209
0,35.9175,4.43125,-0.18713072208031517
0,35.9175,4.434375,-0.18506005302220052
0,35.9175,4.4375,-0.18303396434050645
0,35.9175,4.440625000000001,-0.18105134854479685
0,35.9175,4.44375,-0.1791111299604943
0,35.9175,4.446875,-0.17721226407490442
0,35.9175,4.45,-0.17535373687242026
0,35.9175,4.453125,-0.1735345641624879
0,35.9175,4.456250000000001,-0.1717537909035522
0,35.9175,4.459375,-0.17001049052580272
0,35.9175,4.4625,-0.16830376425520296
0,35.9175,4.465625,-0.16663274044101248
0,35.9175,4.46875,-0.16499657388869113
0,35.9175,4.471875000000001,-0.16339444519987395
0,35.9175,4.475,-0.16182556012085464
0,35.9175,4.478125,-0.16028914890081752
0,35.9175,4.48125,-0.15878446566090323
0,35.9175,4.484375,-0.15731078777499044
0,35.9175,4.487500000000001,-0.15586741526297493
0,35.9175,4.490625,-0.15445367019717063
0,35.9175,4.49375,-0.15306889612234562
0,35.9175,4.496875,-0.15171245748982454
0,35.9175,4.5,-0.15038373910596115
0,35.9175,4.503125000000001,-0.14908214559524136
0,35.9175,4.50625,-0.14780710087818172
0,35.9175,4.509375,-0.1465580476641266
0,35.9175,4.5125,-0.1453344469590118
0,35.9175,4.515625,-0.14413577758807936
0,35.9175,4.518750000000001,-0.14296153573351986
0,35.9175,4.521875,-0.14181123448695826
0,35.9175,4.525,-0.14068440341667057
0,35.9175,4.528125,-0.13958058814940547
0,35.9175,4.53125,-0.1384993499666323
0,35.9175,4.534375000000001,-0.1374402654150457
0,35.9175,4.5375,-0.13640292593111875
0,35.9175,4.540625,-0.13538693747948435
0,35.9175,4.54375,-0.13439192020492585
0,35.9175,4.546875,-0.13341750809771988
0,35.9175,4.550000000000001,-0.13246334867209256
0,35.9175,4.553125,-0.13152910265752457
0,35.9175,4.55625,-0.13061444370263456
0,35.9175,4.559375,-0.12971905809137843
0,35.9175,4.5625,-0.12884264447127333
0,35.9175,4.565625000000001,-0.1279849135933728
0,35.9175,4.56875,-0.12714558806370094
0,35.9175,4.571875,-0.12632440210584903
0,35.9175,4.575,-0.1255211013344458
0,35.9175,4.578125,-0.1247354425391863
0,35.9175,4.581250000000001,-0.12396719347911923
0,35.9175,4.584375,-0.12321613268687398
0,35.9175,4.5875,-0.12248204928250007
0,35.9175,4.590625,-0.12176474279659671
0,35.9175,4.59375,-0.12106402300237921
0,35.9175,4.596875000000001,-0.12037970975633804
0,35.9175,4.6,-0.1197116328471209
0,35.9175,4.603125,-0.11905963185225314
0,35.9175,4.60625,-0.1184235560023057
0,35.9175,4.609375,-0.117803264052082
0,35.9175,4.612500000000001,-0.11719862415839041
0,35.9175,4.615625,-0.11660951376393187
0,35.9175,4.61875,-0.11603581948680489
0,35.9175,4.621875,-0.1154774370151061
0,35.9175,4.625,-0.1149342710060526
0,35.9175,4.628125000000001,-0.11440623498902716
0,35.9175,4.63125,-0.11389325127189161
0,35.9175,4.634375,-0.11339525084986384
0,35.9175,4.6375,-0.11291217331620504
0,35.9175,4.640625,-0.11244396677388782
0,35.9175,4.643750000000001,-0.11199058774736027
0,35.9175,4.646875,-0.111552001093436
0,35.9175,4.65,-0.1111281799102573
0,35.9175,4.653125,-0.11071910544319216
0,35.9175,4.65625,-0.1103247669864152
0,35.9175,4.659375000000001,-0.1099451617788212
0,35.9175,4.6625,-0.10958029489279432
0,35.9175,4.665625,-0.10923017911422439
0,35.9175,4.66875,-0.10889483481202487
0,35.9175,4.671875,-0.1085742897952435
0,35.9175,4.675000000000001,-0.10826857915569897
0,35.9175,4.678125,-0.10797774509389121
0,35.9175,4.68125,-0.10770183672573999
0,35.9175,4.684375,-0.10744090986750329
0,35.9175,4.6875,-0.1071950267959987
0,35.9175,4.690625000000001,-0.1069642559810216
0,35.9175,4.69375,-0.10674867178660026
0,35.9175,4.696875,-0.10654835413746375
0,35.9175,4.7,-0.1063633881468246
0,35.9175,4.703125,-0.1061938637012838
0,35.9175,4.706250000000001,-0.10603987499836853
0,35.9175,4.709375,-0.10590152003190235
0,35.9175,4.7125,-0.10577890002008905
0,35.9175,4.715625,-0.10567211877087558
0,35.9175,4.71875,-0.10558128197883565
0,35.9175,4.721875000000001,-0.10550649644750629
0,35.9175,4.725,-0.1054478692308052
0,35.9175,4.728125,-0.10540550668687604
0,35.9175,4.73125,-0.10537951343745419
0,35.9175,4.734375,-0.10536999122563043
0,35.9175,4.737500000000001,-0.10537703766472582
0,35.9175,4.740625,-0.10540074487089245
0,35.9175,4.74375,-0.10544119797203806
0,35.9175,4.746875,-0.10549847348575814
0,35.9175,4.75,-0.10557263755916499
0,35.9175,4.753125000000001,-0.10566374406385959
0,35.9175,4.75625,-0.10577183253981871
0,35.9175,4.759375,-0.10589692598270409
0,35.9175,4.7625,-0.10603902847006687
0,35.9175,4.765625,-0.1061981226231628
0,35.9175,4.768750000000001,-0.10637416690264072
0,35.9175,4.771875,-0.10656709273826241
0,35.9175,4.775,-0.10677680149509626
0,35.9175,4.778125,-0.10700316128133175
0,35.9175,4.78125,-0.1072460036060393
0,35.9175,4.784375000000001,-0.10750511989886535
0,35.9175,4.7875,-0.10778025790785403
0,35.9175,4.790625,-0.10807111799633348
0,35.9175,4.79375,-0.10837734936510637
0,35.9175,4.796875,-0.10869854623205177
0,35.9175,4.800000000000001,-0.10903424400763155
0,35.9175,4.803125,-0.10938391551167964
0,35.9175,4.80625,-0.10974696728415148
0,35.9175,4.809375,-0.1101227360501151
0,35.9175,4.8125,-0.1105104854070611
0,35.9175,4.815625000000001,-0.11090940281037971
0,35.9175,4.81875,-0.11131859694041324
0,35.9175,4.821875,-0.11173709554155103
0,35.9175,4.825,-0.11216384383008028
0,35.9175,4.828125,-0.11259770357260059
0,35.9175,4.831250000000001,-0.11303745294032584
0,35.9175,4.834375,-0.11348178724613646
0,35.9175,4.8375,-0.11392932067034621
0,35.9175,4.840625,-0.11437858907735607
0,35.9175,4.84375,-0.11482805401828054
0,35.9175,4.846875000000001,-0.1152761080038217
0,35.9175,4.85,-0.11572108111685807
0,35.9175,4.853125,-0.11616124901517708
0,35.9175,4.85625,-0.11659484235143348
0,35.9175,4.859375,-0.11702005760989062
0,35.9175,4.862500000000001,-0.11743506932804368
0,35.9175,4.865625,-0.1178380436364013
0,35.9175,4.86875,-0.1182271530122363
0,35.9175,4.871875,-0.11860059210400709
0,35.9175,4.875,-0.11895659444363775
0,35.9175,4.878125000000001,-0.119293449825305
0,35.9175,4.88125,-0.11960952209341508
0,35.9175,4.884375,-0.1199032670506852
0,35.9175,4.8875,-0.1201732501713241
0,35.9175,4.890625,-0.12041816378580876
0,35.9175,4.893750000000001,-0.12063684339402202
0,35.9175,4.896875,-0.12082828276365784
0,35.9175,4.9,-0.12099164748150469
0,35.9175,4.903125,-0.12112628664674195
0,35.9175,4.90625,-0.1212317424274956
0,35.9175,4.909375000000001,-0.12130775724381601
0,35.9175,4.9125,-0.12135427839071229
0,35.9175,4.915625,-0.12137145997217073
0,35.9175,4.91875,-0.12135966207910721
0,35.9175,4.921875,-0.12131944720859879
0,35.9175,4.925000000000001,-0.12125157398601454
0,35.9175,4.928125,-0.12115698831334254
0,35.9175,4.93125,-0.12103681212375232
0,35.9175,4.934375,-0.12089232997219099
0,35.9175,4.9375,-0.12072497373290805
0,35.9175,4.940625000000001,-0.12053630570604469
0,35.9175,4.94375,-0.12032800045610283
0,35.9175,4.946875,-0.12010182571506106
0,35.9175,4.95,-0.11985962268245465
0,35.9175,4.953125,-0.11960328604464675
0,35.9175,4.956250000000001,-0.11933474401695038
0,35.9175,4.959375,-0.11905593868661728
0,35.9175,4.9625,-0.11876880690360969
0,35.9175,4.965625,-0.11847526193120275
0,35.9175,4.96875,-0.11817717603148986
0,35.9175,4.971875000000001,-0.1178763641233994
0,35.9175,4.975,-0.11757456861428596
0,35.9175,4.978125,-0.11727344547178888
0,35.9175,4.98125,-0.11697455157145928
0,35.9175,4.984375,-0.11667933332839542
0,35.9175,4.987500000000001,-0.11638911659834426
0,35.9175,4.990625,-0.11610509781569371
0,35.9175,4.99375,-0.11582833632260231
0,35.9175,4.996875,-0.11555974783509575
0,35.9175,5.0,-0.11530009898804625
0,35.9175,5.003125,-0.11505000290119749
0,35.9175,5.0062500000000005,-0.11480991571231612
0,35.9175,5.009375,-0.1145801340306243
0,35.9175,5.0125,-0.11436079327329723
0,35.9175,5.015625,-0.11415186685938009
0,35.9175,5.01875,-0.11395316624833558
0,35.9175,5.0218750000000005,-0.11376434182392463
0,35.9175,5.025,-0.11358488463757836
0,35.9175,5.028125,-0.11341412903817386
0,35.9175,5.03125,-0.11325125622652515
0,35.9175,5.034375,-0.1130952987822922
0,35.9175,5.0375000000000005,-0.11294514621778333
0,35.9175,5.040625,-0.11279955161669032
0,35.9175,5.04375,-0.11265713941562361
0,35.9175,5.046875,-0.11251641438195735
0,35.9175,5.05,-0.11237577183258486
0,35.9175,5.0531250000000005,-0.11223350912450664
0,35.9175,5.05625,-0.11208783842964148
0,35.9175,5.059375,-0.11193690078298126
0,35.9175,5.0625,-0.11177878136551701
0,35.9175,5.065625,-0.11161152595180063
0,35.9175,5.0687500000000005,-0.1114331584173566
0,35.9175,5.071875,-0.11124169916446262
0,35.9175,5.075,-0.11103518428732614
0,35.9175,5.078125,-0.11081168526085929
0,35.9175,5.08125,-0.11056932890269394
0,35.9175,5.0843750000000005,-0.11030631732746674
0,35.9175,5.0875,-0.11002094758742746
0,35.9175,5.090625,-0.10971163067566736
0,35.9175,5.09375,-0.10937690955913446
0,35.9175,5.096875,-0.10901547590919951
0,35.9175,5.1000000000000005,-0.10862618520859611
0,35.9175,5.103125,-0.10820806993535309
0,35.9175,5.10625,-0.10776035055663875
0,35.9175,5.109375,-0.10728244410750226
0,35.9175,5.1125,-0.10677397018006225
0,35.9175,5.1156250000000005,-0.10623475420604993
0,35.9175,5.11875,-0.10566482797767435
0,35.9175,5.121875,-0.10506442741617704
0,35.9175,5.125,-0.10443398766171272
0,35.9175,5.128125,-0.10377413561982402
0,35.9175,5.1312500000000005,-0.10308568015645908
0,35.9175,5.134375,-0.10236960018313403
0,35.9175,5.1375,-0.10162703091479204
0,35.9175,5.140625,-0.10085924861395044
0,35.9175,5.14375,-0.10006765415512747
0,35.9175,5.1468750000000005,-0.09925375575312995
0,35.9175,5.15,-0.09841915119785717
0,35.9175,5.153125,-0.09756550992757826
0,35.9175,5.15625,-0.09669455525330556
0,35.9175,5.159375,-0.09580804702028055
0,35.9175,5.1625000000000005,-0.09490776496031125
0,35.9175,5.165625,-0.09399549295238654
0,35.9175,5.16875,-0.09307300437028435
0,35.9175,5.171875,-0.09214204865635627
0,35.9175,5.175,-0.09120433922167508
0,35.9175,5.1781250000000005,-0.09026154273550384
0,35.9175,5.18125,-0.08931526983253377
0,35.9175,5.184375,-0.08836706723527352
0,35.9175,5.1875,-0.08741841126186835
0,35.9175,5.190625,-0.08647070266672545
0,35.9175,5.1937500000000005,-0.08552526274273109
0,35.9175,5.196875,-0.08458333059945977
0,35.9175,5.2,-0.08364606152137065
0,35.9175,5.203125,-0.0827145263032593
0,35.9175,5.20625,-0.08178971145676014
0,35.9175,5.2093750000000005,-0.08087252018107174
0,35.9175,5.2125,-0.07996377399283901
0,35.9175,5.215625,-0.07906421491382672
0,35.9175,5.21875,-0.07817450812025098
0,35.9175,5.221875,-0.07729524496397729
0,35.9175,5.2250000000000005,-0.07642694628292233
0,35.9175,5.228125,-0.07557006592558554
0,35.9175,5.23125,-0.07472499442242057
0,35.9175,5.234375,-0.07389206274454124
0,35.9175,5.2375,-0.07307154609782958
0,35.9175,5.2406250000000005,-0.07226366770777745
0,35.9175,5.24375,-0.07146860255722483
0,35.9175,5.246875,-0.07068648104549233
0,35.9175,5.25,-0.06991739254321556
0,35.9175,5.253125,-0.06916138882242769
0,35.9175,5.2562500000000005,-0.068418487346129
0,35.9175,5.259375,-0.0676886744057232
0,35.9175,5.2625,-0.0669719080983119
0,35.9175,5.265625,-0.06626812113896773
0,35.9175,5.26875,-0.06557722350575987
0,35.9175,5.2718750000000005,-0.06489910491754944
0,35.9175,5.275,-0.06423363714642809
0,35.9175,5.278125,-0.06358067616818291
0,35.9175,5.28125,-0.06294006415538587
0,35.9175,5.284375,-0.06231163131864045
0,35.9175,5.2875000000000005,-0.06169519760223008
0,35.9175,5.290625,-0.061090574240920424
0,35.9175,5.29375,-0.06049756518500004
0,35.9175,5.296875,-0.05991596840084225
0,35.9175,5.3,-0.05934557705433622
0,35.9175,5.3031250000000005,-0.058786180584511044
0,35.9175,5.30625,-0.05823756567456825
0,35.9175,5.309375,-0.05769951712736324
0,35.9175,5.3125,-0.057171818652159305
0,35.9175,5.315625,-0.056654253569213095
0,35.9175,5.3187500000000005,-0.05614660543846635
0,35.9175,5.321875,-0.055648658618313515
0,35.9175,5.325,-0.05516019876009471
0,35.9175,5.328125,-0.054681013243647235
0,35.9175,5.33125,-0.054210891558920886
0,35.9175,5.3343750000000005,-0.053749625638346954
0,35.9175,5.3375,-0.053297010144338984
0,35.9175,5.340625,-0.05285284271599764
0,35.9175,5.34375,-0.05241692417880586
0,35.9175,5.346875,-0.051989058720816196
0,35.9175,5.3500000000000005,-0.05156905403856928
0,35.9175,5.353125,-0.05115672145573053
0,35.9175,5.35625,-0.05075187601719162
0,35.9175,5.359375,-0.050354336561164316
0,35.9175,5.3625,-0.04996392577158016
0,35.9175,5.3656250000000005,-0.049580470212916235
0,35.9175,5.36875,-0.04920380034938466
0,35.9175,5.371875,-0.04883375055025171
0,35.9175,5.375,-0.04847015908289898
0,35.9175,5.378125,-0.048112868095089495
0,35.9175,5.3812500000000005,-0.0477617235877698
0,35.9175,5.384375,-0.047416575379614384
0,35.9175,5.3875,-0.04707727706440337
0,35.9175,5.390625,-0.04674368596222276
0,35.9175,5.39375,-0.04641566306537659
0,35.9175,5.3968750000000005,-0.04609307297981477
0,35.9175,5.4,-0.04577578386279915
0,35.9175,5.403125,-0.045463667357455
0,35.9175,5.40625,-0.04515659852479115
0,35.9175,5.409375,-0.04485445577370723
0,35.9175,5.4125000000000005,-0.04455712078945275
0,35.9175,5.415625,-0.044264478460951544
0,35.9175,5.41875,-0.04397641680735768
0,35.9175,5.421875,-0.043692826904169715
0,35.9175,5.425,-0.0434136028091894
0,35.9175,5.4281250000000005,-0.04313864148857816
0,35.9175,5.43125,-0.04286784274323385
0,35.9175,5.434375,-0.04260110913568011
0,35.9175,5.4375,-0.04233834591763873
0,35.9175,5.440625,-0.04207946095842919
0,35.9175,5.4437500000000005,-0.041824364674321206
0,35.9175,5.446875,-0.041572969958947145
0,35.9175,5.45,-0.04132519211486327
0,35.9175,5.453125,-0.04108094878633668
0,35.9175,5.45625,-0.040840159893418854
0,35.9175,5.4593750000000005,-0.040602747567356066
0,35.9175,5.4625,-0.040368636087376814
0,35.9175,5.465625,-0.04013775181888522
0,35.9175,5.46875,-0.03991002315308366
0,35.9175,5.471875,-0.0396853804480379
0,35.9175,5.4750000000000005,-0.03946375597119302
0,35.9175,5.478125,-0.039245083843342625
0,35.9175,5.48125,-0.03902929998404724
0,35.9175,5.484375,-0.038816342058496156
0,35.9175,5.4875,-0.03860614942580024
0,35.9175,5.4906250000000005,-0.03839866308870185
0,35.9175,5.49375,-0.03819382564468459
0,35.9175,5.496875,-0.037991581238462246
0,35.9175,5.5,-0.037791875515826225
0,35.9175,5.503125,-0.037594655578827005
0,35.9175,5.5062500000000005,-0.037399869942264706
0,35.9175,5.509375,-0.03720746849146292
0,35.9175,5.5125,-0.03701740244129765
0,35.9175,5.515625,-0.03682962429645461
0,35.9175,5.51875,-0.036644087812885535
0,35.9175,5.5218750000000005,-0.0364607479604348
0,35.9175,5.525,-0.03627956088660772
0,35.9175,5.528125,-0.03610048388145026
0,35.9175,5.53125,-0.03592347534351216
0,35.9175,5.534375,-0.035748494746863486
0,35.9175,5.5375000000000005,-0.035575502609135994
0,35.9175,5.540625,-0.03540446046056078
0,35.9175,5.54375,-0.03523533081397325
0,35.9175,5.546875,-0.03506807713575835
0,35.9175,5.55,-0.03490266381770783
0,35.9175,5.5531250000000005,-0.03473905614976265
0,35.9175,5.55625,-0.034577220293614284
0,35.9175,5.559375,-0.034417123257138145
0,35.9175,5.5625,-0.03425873286963455
0,35.9175,5.565625,-0.03410201775785162
0,35.9175,5.5687500000000005,-0.03394694732276601
0,35.9175,5.571875,-0.03379349171709799
0,35.9175,5.575,-0.0336416218235369
0,35.9175,5.578125,-0.0334913092336555
0,35.9175,5.58125,-0.0333425262274905
0,35.9175,5.5843750000000005,-0.033195245753768025
0,35.9175,5.5875,-0.03304944141075374
0,35.9175,5.590625,-0.032905087427706536
0,35.9175,5.59375,-0.032762158646917165
0,35.9175,5.596875,-0.03262063050631224
0,35.9175,5.6000000000000005,-0.0324804790226052
0,35.9175,5.603125,-0.032341680774976775
0,35.9175,5.60625,-0.032204212889266726
0,35.9175,5.609375,-0.03206805302266114
0,35.9175,5.6125,-0.03193317934885826
0,35.9175,5.6156250000000005,-0.0317995705436973
0,35.9175,5.61875,-0.03166720577123516
0,35.9175,5.621875,-0.03153606467025585
0,35.9175,5.625,-0.03140612734119884
0,35.9175,5.628125,-0.031277374333492196
0,35.9175,5.6312500000000005,-0.031149786633277145
0,35.9175,5.634375,-0.031023345651511415
0,35.9175,5.6375,-0.030898033212438263
0,35.9175,5.640625,-0.030773831542409855
0,35.9175,5.64375,-0.030650723259052694
0,35.9175,5.6468750000000005,-0.03052869136076416
0,35.9175,5.65,-0.03040771921652918
0,35.9175,5.653125,-0.030287790556046214
0,35.9175,5.65625,-0.030168889460152844
0,35.9175,5.659375,-0.03005100035154075
0,35.9175,5.6625000000000005,-0.02993410798575067
0,35.9175,5.665625,-0.029818197442438396
0,35.9175,5.66875,-0.02970325411690226
0,35.9175,5.671875,-0.029589263711864447
0,35.9175,5.675,-0.029476212229497194
0,35.9175,5.6781250000000005,-0.029364085963686032
0,35.9175,5.68125,-0.02925287149252267
0,35.9175,5.684375,-0.0291425556710194
0,35.9175,5.6875,-0.029033125624038557
0,35.9175,5.690625,-0.02892456873942961
0,35.9175,5.6937500000000005,-0.028816872661367246
0,35.9175,5.696875,-0.028710025283884232
0,35.9175,5.7,-0.02860401474459218
0,35.9175,5.703125,-0.028498829418584917
0,35.9175,5.70625,-0.02839445791251809
0,35.9175,5.7093750000000005,-0.02829088905885948
0,35.9175,5.7125,-0.02818811191030481
0,35.9175,5.715625,-0.028086115734353247
0,35.9175,5.71875,-0.027984890008038176
0,35.9175,5.721875,-0.02788442441280785
0,35.9175,5.7250000000000005,-0.027784708829551277
0,35.9175,5.728125,-0.027685733333765044
0,35.9175,5.73125,-0.02758748819085602
0,35.9175,5.734375,-0.027489963851576413
0,35.9175,5.7375,-0.027393150947586493
0,35.9175,5.7406250000000005,-0.027297040287141226
0,35.9175,5.74375,-0.027201622850896973
0,35.9175,5.746875,-0.02710688978783424
0,35.9175,5.75,-0.02701283241129339
0,35.9175,5.753125,-0.02691944219511931
0,35.9175,5.7562500000000005,-0.02682671076991201
0,35.9175,5.759375,-0.026734629919379804
0,35.9175,5.7625,-0.02664319157679176
0,35.9175,5.765625,-0.026552387821526666
0,35.9175,5.76875,-0.026462210875715424
0,35.9175,5.7718750000000005,-0.02637265310097395
0,35.9175,5.775,-0.026283706995224084
0,35.9175,5.778125,-0.026195365189599466
0,35.9175,5.78125,-0.026107620445434215
0,35.9175,5.784375,-0.026020465651331707
0,35.9175,5.7875000000000005,-0.02593389382031102
0,35.9175,5.790625,-0.025847898087028955
0,35.9175,5.79375,-0.025762471705074952
0,35.9175,5.796875,-0.025677608044337268
0,35.9175,5.800000000000001,-0.025593300588437843
0,35.9175,5.8031250000000005,-0.025509542932234258
0,35.9175,5.80625,-0.025426328779386193
0,35.9175,5.809375,-0.025343651939985248
0,35.9175,5.8125,-0.025261506328245663
0,35.9175,5.815625000000001,-0.02517988596025445
0,35.9175,5.8187500000000005,-0.02509878495177923
0,35.9175,5.821875,-0.02501819751613181
0,35.9175,5.825,-0.02493811796208627
0,35.9175,5.828125,-0.02485854069184977
0,35.9175,5.831250000000001,-0.02477946019908453
0,35.9175,5.8343750000000005,-0.024700871066979747
0,35.9175,5.8375,-0.024622767966371594
0,35.9175,5.840625,-0.024545145653910465
0,35.9175,5.84375,-0.024467998970273717
0,35.9175,5.846875000000001,-0.024391322838422748
0,35.9175,5.8500000000000005,-0.024315112261903315
0,35.9175,5.853125,-0.024239362323187495
0,35.9175,5.85625,-0.02416406818205654
0,35.9175,5.859375,-0.02408922507402326
0,35.9175,5.862500000000001,-0.0240148283087928
0,35.9175,5.8656250000000005,-0.023940873268760952
0,35.9175,5.86875,-0.02386735540754861
0,35.9175,5.871875,-0.02379427024857178
0,35.9175,5.875,-0.023721613383645864
0,35.9175,5.878125000000001,-0.023649380471623398
0,35.9175,5.8812500000000005,-0.02357756723706437
0,35.9175,5.884375,-0.023506169468938007
0,35.9175,5.8875,-0.023435183019355522
0,35.9175,5.890625,-0.0233646038023327
0,35.9175,5.893750000000001,-0.023294427792581573
0,35.9175,5.8968750000000005,-0.023224651024330606
0,35.9175,5.9,-0.0231552695901722
0,35.9175,5.903125,-0.02308627963993728
0,35.9175,5.90625,-0.023017677379595883
0,35.9175,5.909375000000001,-0.02294945907018317
0,35.9175,5.9125000000000005,-0.022881621026750322
0,35.9175,5.915625,-0.0228141596173393
0,35.9175,5.91875,-0.0227470712619813
0,35.9175,5.921875,-0.02268035243171793
0,35.9175,5.925000000000001,-0.022613999647644642
0,35.9175,5.9281250000000005,-0.02254800947997595
0,35.9175,5.93125,-0.022482378547131504
0,35.9175,5.934375,-0.022417103514842995
0,35.9175,5.9375,-0.02235218109528088
0,35.9175,5.940625000000001,-0.022287608046200707
0,35.9175,5.9437500000000005,-0.022223381170108487
0,35.9175,5.946875,-0.022159497313444406
0,35.9175,5.95,-0.022095953365784776
0,35.9175,5.953125,-0.02203274625906146
0,35.9175,5.956250000000001,-0.02196987296679844
0,35.9175,5.9593750000000005,-0.021907330503365203
0,35.9175,5.9625,-0.021845115923246162
0,35.9175,5.965625,-0.02178322632032622
0,35.9175,5.96875,-0.02172165882719163
0,35.9175,5.971875000000001,-0.021660410614445996
0,35.9175,5.9750000000000005,-0.021599478890041046
0,35.9175,5.978125,-0.021538860898621587
0,35.9175,5.98125,-0.02147855392088461
0,35.9175,5.984375,-0.021418555272951955
0,35.9175,5.987500000000001,-0.0213588623057563
0,35.9175,5.9906250000000005,-0.02129947240444018
0,35.9175,5.99375,-0.021240382987767537
0,35.9175,5.996875,-0.021181591507547757
0,35.9175,6.0,-0.02112309544807169
