"Current","Field","Frequency","Spectra"
0,38.6767,1.0,-0.03546278584994844
0,38.6767,1.003125,-0.035584849386025595
0,38.6767,1.00625,-0.03570759542271758
0,38.6767,1.009375,-0.035831029443066716
0,38.6767,1.0125,-0.03595515698860429
0,38.6767,1.015625,-0.036079983660131855
0,38.6767,1.01875,-0.03620551511851525
0,38.6767,1.021875,-0.03633175708549127
0,38.6767,1.025,-0.03645871534448737
0,38.6767,1.028125,-0.03658639574145463
0,38.6767,1.03125,-0.03671480418571402
0,38.6767,1.034375,-0.03684394665081667
0,38.6767,1.0375,-0.03697382917541794
0,38.6767,1.040625,-0.03710445786416573
0,38.6767,1.04375,-0.03723583888860352
0,38.6767,1.046875,-0.03736797848808787
0,38.6767,1.05,-0.0375008829707214
0,38.6767,1.053125,-0.03763455871430078
0,38.6767,1.05625,-0.03776901216728059
0,38.6767,1.059375,-0.03790424984975315
0,38.6767,1.0625,-0.03804027835444444
0,38.6767,1.065625,-0.038177104347726795
0,38.6767,1.06875,-0.03831473457064842
0,38.6767,1.071875,-0.038453175839980105
0,38.6767,1.075,-0.03859243504927959
0,38.6767,1.078125,-0.03873251916997371
0,38.6767,1.08125,-0.038873435252458954
0,38.6767,1.084375,-0.039015190427220486
0,38.6767,1.0875,-0.039157791905970185
0,38.6767,1.090625,-0.03930124698280415
0,38.6767,1.09375,-0.03944556303537972
0,38.6767,1.096875,-0.03959074752611281
0,38.6767,1.1,-0.03973680800339568
0,38.6767,1.103125,-0.03988375210283553
0,38.6767,1.10625,-0.04003158754851474
0,38.6767,1.109375,-0.04018032215427247
0,38.6767,1.1125,-0.04032996382500879
0,38.6767,1.115625,-0.040480520558011324
0,38.6767,1.11875,-0.04063200044430498
0,38.6767,1.121875,-0.04078441167002534
0,38.6767,1.125,-0.04093776251781596
0,38.6767,1.128125,-0.04109206136825034
0,38.6767,1.13125,-0.04124731670127886
0,38.6767,1.134375,-0.041403537097701226
0,38.6767,1.1375,-0.041560731240665096
0,38.6767,1.140625,-0.04171890791719112
0,38.6767,1.14375,-0.04187807601972533
0,38.6767,1.146875,-0.0420382445477191
0,38.6767,1.15,-0.04219942260923734
0,38.6767,1.153125,-0.04236161942259575
0,38.6767,1.15625,-0.04252484431802728
0,38.6767,1.159375,-0.04268910673937887
0,38.6767,1.1625,-0.04285441624583876
0,38.6767,1.165625,-0.04302078251369517
0,38.6767,1.16875,-0.04318821533812707
0,38.6767,1.171875,-0.043356724635027405
0,38.6767,1.175,-0.04352632044285995
0,38.6767,1.178125,-0.04369701292455003
0,38.6767,1.18125,-0.043868812369410065
0,38.6767,1.184375,-0.04404172919510076
0,38.6767,1.1875,-0.04421577394962836
0,38.6767,1.190625,-0.04439095731337923
0,38.6767,1.19375,-0.044567290101192064
0,38.6767,1.196875,-0.044744783264468804
0,38.6767,1.2,-0.044923447893325266
0,38.6767,1.203125,-0.045103295218781744
0,38.6767,1.20625,-0.0452843366149952
0,38.6767,1.209375,-0.0454665836015334
0,38.6767,1.2125,-0.04565004784569205
0,38.6767,1.215625,-0.04583474116485607
0,38.6767,1.21875,-0.04602067552890565
0,38.6767,1.221875,-0.04620786306266836
0,38.6767,1.225,-0.046396316048418096
0,38.6767,1.228125,-0.04658604692842212
0,38.6767,1.23125,-0.046777068307537056
0,38.6767,1.234375,-0.046969392955855005
0,38.6767,1.2375,-0.047163033811400995
0,38.6767,1.240625,-0.04735800398288276
0,38.6767,1.24375,-0.047554316752494004
0,38.6767,1.246875,-0.04775198557877272
0,38.6767,1.25,-0.04795102409951511
0,38.6767,1.253125,-0.04815144613474705
0,38.6767,1.25625,-0.04835326568975405
0,38.6767,1.259375,-0.04855649695817106
0,38.6767,1.2625,-0.04876115432513361
0,38.6767,1.265625,-0.0489672523704915
0,38.6767,1.26875,-0.04917480587208669
0,38.6767,1.271875,-0.04938382980909664
0,38.6767,1.275,-0.04959433936544483
0,38.6767,1.278125,-0.04980634993327984
0,38.6767,1.28125,-0.050019877116524655
0,38.6767,1.284375,-0.05023493673449775
0,38.6767,1.2875,-0.05045154482560783
0,38.6767,1.290625,-0.050669717651123644
0,38.6767,1.29375,-0.05088947169902096
0,38.6767,1.296875,-0.05111082368790815
0,38.6767,1.3,-0.05133379057103257
0,38.6767,1.303125,-0.05155838954036955
0,38.6767,1.30625,-0.05178463803079571
0,38.6767,1.309375,-0.052012553724349084
0,38.6767,1.3125,-0.05224215455457755
0,38.6767,1.315625,-0.05247345871097823
0,38.6767,1.31875,-0.05270648464352959
0,38.6767,1.321875,-0.052941251067318826
0,38.6767,1.325,-0.053177776967266555
0,38.6767,1.328125,-0.053416081602951304
0,38.6767,1.33125,-0.05365618451353622
0,38.6767,1.334375,-0.0538981055228005
0,38.6767,1.3375,-0.05414186474427796
0,38.6767,1.340625,-0.05438748258650561
0,38.6767,1.34375,-0.05463497975838462
0,38.6767,1.346875,-0.054884377274656754
0,38.6767,1.35,-0.05513569646149897
0,38.6767,1.353125,-0.055388958962239054
0,38.6767,1.35625,-0.05564418674319551
0,38.6767,1.359375,-0.05590140209964449
0,38.6767,1.3625,-0.05616062766191725
0,38.6767,1.365625,-0.05642188640163123
0,38.6767,1.36875,-0.05668520163805813
0,38.6767,1.371875,-0.05695059704463256
0,38.6767,1.375,-0.05721809665560453
0,38.6767,1.378125,-0.05748772487283986
0,38.6767,1.38125,-0.05775950647277184
0,38.6767,1.384375,-0.05803346661350833
0,38.6767,1.3875,-0.05830963084209821
0,38.6767,1.390625,-0.05858802510196089
0,38.6767,1.39375,-0.058868675740483795
0,38.6767,1.396875,-0.05915160951679156
0,38.6767,1.4,-0.059436853609691635
0,38.6767,1.403125,-0.059724435625800945
0,38.6767,1.40625,-0.06001438360785804
0,38.6767,1.409375,-0.06030672604322597
0,38.6767,1.4125,-0.06060149187259067
0,38.6767,1.415625,-0.060898710498859865
0,38.6767,1.41875,-0.06119841179626831
0,38.6767,1.421875,-0.06150062611969405
0,38.6767,1.425,-0.06180538431419207
0,38.6767,1.428125,-0.062112717724750646
0,38.6767,1.43125,-0.062422658206276516
0,38.6767,1.434375,-0.06273523813381507
0,38.6767,1.4375,-0.06305049041301163
0,38.6767,1.440625,-0.06336844849082067
0,38.6767,1.44375,-0.06368914636646948
0,38.6767,1.446875,-0.06401261860268313
0,38.6767,1.45,-0.06433890033717815
0,38.6767,1.453125,-0.06466802729443172
0,38.6767,1.45625,-0.0650000357977346
0,38.6767,1.459375,-0.0653349627815352
0,38.6767,1.4625,-0.06567284580408266
0,38.6767,1.465625,-0.06601372306037785
0,38.6767,1.46875,-0.06635763339544003
0,38.6767,1.471875,-0.0667046163178986
0,38.6767,1.475,-0.06705471201391885
0,38.6767,1.478125,-0.06740796136147073
0,38.6767,1.48125,-0.067764405944951
0,38.6767,1.484375,-0.06812408807016787
0,38.6767,1.4875,-0.06848705077969905
0,38.6767,1.490625,-0.0688533378686336
0,38.6767,1.49375,-0.06922299390070842
0,38.6767,1.496875,-0.06959606422485083
0,38.6767,1.5,-0.06997259499213859
0,38.6767,1.503125,-0.07035263317318977
0,38.6767,1.50625,-0.07073622657599463
0,38.6767,1.509375,-0.07112342386420212
0,38.6767,1.5125000000000002,-0.071514274575875
0,38.6767,1.515625,-0.0719088291427257
0,38.6767,1.51875,-0.07230713890984908
0,38.6767,1.521875,-0.07270925615596455
0,38.6767,1.525,-0.073115234114184
0,38.6767,1.5281250000000002,-0.0735251269933206
0,38.6767,1.53125,-0.07393898999975403
0,38.6767,1.534375,-0.07435687935986968
0,38.6767,1.5375,-0.07477885234308784
0,38.6767,1.540625,-0.07520496728550125
0,38.6767,1.5437500000000002,-0.07563528361413926
0,38.6767,1.546875,-0.07606986187187659
0,38.6767,1.55,-0.07650876374300776
0,38.6767,1.553125,-0.0769520520795055
0,38.6767,1.55625,-0.0773997909279855
0,38.6767,1.5593750000000002,-0.07785204555739825
0,38.6767,1.5625,-0.07830888248746987
0,38.6767,1.565625,-0.07877036951791654
0,38.6767,1.56875,-0.07923657575845401
0,38.6767,1.571875,-0.07970757165962883
0,38.6767,1.5750000000000002,-0.08018342904449588
0,38.6767,1.578125,-0.080664221141168
0,38.6767,1.58125,-0.08115002261626653
0,38.6767,1.584375,-0.0816409096092992
0,38.6767,1.5875,-0.08213695976799566
0,38.6767,1.5906250000000002,-0.08263825228463063
0,38.6767,1.59375,-0.08314486793336523
0,38.6767,1.596875,-0.08365688910864025
0,38.6767,1.6,-0.08417439986465305
0,38.6767,1.603125,-0.08469748595595422
0,38.6767,1.6062500000000002,-0.08522623487919914
0,38.6767,1.609375,-0.08576073591609146
0,38.6767,1.6125,-0.08630108017755793
0,38.6767,1.615625,-0.08684736064919293
0,38.6767,1.61875,-0.08739967223801531
0,38.6767,1.6218750000000002,-0.08795811182057982
0,38.6767,1.625,-0.08852277829248663
0,38.6767,1.628125,-0.08909377261933676
0,38.6767,1.63125,-0.08967119788917854
0,38.6767,1.634375,-0.09025515936649643
0,38.6767,1.6375000000000002,-0.09084576454779222
0,38.6767,1.640625,-0.09144312321881135
0,38.6767,1.64375,-0.09204734751347057
0,38.6767,1.646875,-0.09265855197454194
0,38.6767,1.65,-0.09327685361615362
0,38.6767,1.6531250000000002,-0.09390237198816835
0,38.6767,1.65625,-0.094535229242502
0,38.6767,1.659375,-0.09517555020144991
0,38.6767,1.6625,-0.09582346242808717
0,38.6767,1.665625,-0.09647909629881521
0,38.6767,1.6687500000000002,-0.09714258507812754
0,38.6767,1.671875,-0.09781406499567016
0,38.6767,1.675,-0.09849367532567765
0,38.6767,1.678125,-0.09918155846886444
0,38.6767,1.68125,-0.09987786003685847
0,38.6767,1.6843750000000002,-0.10058272893926497
0,38.6767,1.6875,-0.10129631747345122
0,38.6767,1.690625,-0.10201878141714948
0,38.6767,1.69375,-0.10275028012397491
0,38.6767,1.696875,-0.1034909766219625
0,38.6767,1.7000000000000002,-0.10424103771522952
0,38.6767,1.703125,-0.10500063408887313
0,38.6767,1.70625,-0.10576994041722028
0,38.6767,1.709375,-0.10654913547554673
0,38.6767,1.7125,-0.10733840225539151
0,38.6767,1.7156250000000002,-0.10813792808359485
0,38.6767,1.71875,-0.10894790474519271
0,38.6767,1.721875,-0.10976852861030931
0,38.6767,1.725,-0.11060000076518947
0,38.6767,1.728125,-0.11144252714752323
0,38.6767,1.7312500000000002,-0.11229631868621828
0,38.6767,1.734375,-0.11316159144578125
0,38.6767,1.7375,-0.11403856677547947
0,38.6767,1.740625,-0.11492747146345501
0,38.6767,1.74375,-0.11582853789597626
0,38.6767,1.7468750000000002,-0.11674200422201517
0,38.6767,1.75,-0.11766811452334663
0,38.6767,1.753125,-0.11860711899037718
0,38.6767,1.75625,-0.11955927410391284
0,38.6767,1.759375,-0.12052484282309031
0,38.6767,1.7625000000000002,-0.12150409477970062
0,38.6767,1.765625,-0.12249730647914386
0,38.6767,1.76875,-0.12350476150826682
0,38.6767,1.771875,-0.12452675075033877
0,38.6767,1.775,-0.125563572607438
0,38.6767,1.7781250000000002,-0.1266155332305277
0,38.6767,1.78125,-0.1276829467575117
0,38.6767,1.784375,-0.12876613555957597
0,38.6767,1.7875,-0.12986543049612684
0,38.6767,1.790625,-0.13098117117865732
0,38.6767,1.7937500000000002,-0.13211370624388064
0,38.6767,1.796875,-0.1332633936364841
0,38.6767,1.8,-0.13443060090187556
0,38.6767,1.803125,-0.1356157054893012
0,38.6767,1.80625,-0.13681909506573642
0,38.6767,1.8093750000000002,-0.13804116784096304
0,38.6767,1.8125,-0.1392823329042623
0,38.6767,1.815625,-0.14054301057317478
0,38.6767,1.81875,-0.14182363275478826
0,38.6767,1.821875,-0.14312464332004132
0,38.6767,1.8250000000000002,-0.14444649849154356
0,38.6767,1.828125,-0.14578966724543366
0,38.6767,1.83125,-0.1471546317278223
0,38.6767,1.834375,-0.14854188768637835
0,38.6767,1.8375,-0.14995194491764796
0,38.6767,1.8406250000000002,-0.1513853277307135
0,38.6767,1.84375,-0.15284257542782143
0,38.6767,1.846875,-0.15432424280263865
0,38.6767,1.85,-0.15583090065681193
0,38.6767,1.853125,-0.15736313633553903
0,38.6767,1.8562500000000002,-0.1589215542828815
0,38.6767,1.859375,-0.1605067766175748
0,38.6767,1.8625,-0.16211944373012535
0,38.6767,1.865625,-0.16376021490200177
0,38.6767,1.86875,-0.165429768947766
0,38.6767,1.8718750000000002,-0.16712880488101411
0,38.6767,1.875,-0.16885804260502396
0,38.6767,1.878125,-0.17061822362904563
0,38.6767,1.88125,-0.1724101118111886
0,38.6767,1.884375,-0.17423449412890168
0,38.6767,1.8875000000000002,-0.17609218147806607
0,38.6767,1.890625,-0.1779840095017514
0,38.6767,1.89375,-0.17991083944972353
0,38.6767,1.896875,-0.1818735590698108
0,38.6767,1.9,-0.18387308353227658
0,38.6767,1.9031250000000002,-0.1859103563883688
0,38.6767,1.90625,-0.1879863505642429
0,38.6767,1.909375,-0.19010206939149138
0,38.6767,1.9125,-0.19225854767552322
0,38.6767,1.915625,-0.19445685280307312
0,38.6767,1.9187500000000002,-0.1966980858901322
0,38.6767,1.921875,-0.1989833829716097
0,38.6767,1.925,-0.20131391623405595
0,38.6767,1.928125,-0.2036908952927743
0,38.6767,1.93125,-0.2061155685146649
0,38.6767,1.9343750000000002,-0.20858922438813715
0,38.6767,1.9375,-0.21111319294141503
0,38.6767,1.940625,-0.2136888472105561
0,38.6767,1.94375,-0.21631760475846298
0,38.6767,1.946875,-0.21900092924614645
0,38.6767,1.9500000000000002,-0.22174033205744326
0,38.6767,1.953125,-0.22453737397833112
0,38.6767,1.95625,-0.2273936669319179
0,38.6767,1.959375,-0.23031087577007184
0,38.6767,1.9625,-0.2332907201225662
0,38.6767,1.9656250000000002,-0.23633497630446373
0,38.6767,1.96875,-0.23944547928230975
0,38.6767,1.971875,-0.2426241246995245
0,38.6767,1.975,-0.24587287096114835
0,38.6767,1.978125,-0.24919374137785635
0,38.6767,1.9812500000000002,-0.2525888263688547
0,38.6767,1.984375,-0.25606028572292805
0,38.6767,1.9875,-0.25961035091653273
0,38.6767,1.990625,-0.26324132748736184
0,38.6767,1.99375,-0.26695559746132114
0,38.6767,1.9968750000000002,-0.2707556218302615
0,38.6767,2.0,-0.27464394307715745
0,38.6767,2.003125,-0.2786231877446887
0,38.6767,2.00625,-0.282696069042319
0,38.6767,2.0093750000000004,-0.2868653894860325
0,38.6767,2.0125,-0.291134043563815
0,38.6767,2.015625,-0.2955050204187578
0,38.6767,2.01875,-0.29998140654031075
0,38.6767,2.021875,-0.3045663884527031
0,38.6767,2.0250000000000004,-0.30926325538784305
0,38.6767,2.028125,-0.3140754019281191
0,38.6767,2.03125,-0.319006330602402
0,38.6767,2.034375,-0.32405965441617857
0,38.6767,2.0375,-0.32923909929413
0,38.6767,2.0406250000000004,-0.3345485064105269
0,38.6767,2.04375,-0.33999183437957525
0,38.6767,2.046875,-0.34557316127423215
0,38.6767,2.05,-0.3512966864380168
0,38.6767,2.053125,-0.3571667320499352
0,38.6767,2.0562500000000004,-0.36318774439774265
0,38.6767,2.059375,-0.3693642948094084
0,38.6767,2.0625,-0.37570108018670906
0,38.6767,2.065625,-0.38220292307837306
0,38.6767,2.06875,-0.38887477122307434
0,38.6767,2.0718750000000004,-0.3957216964847422
0,38.6767,2.075,-0.40274889309414375
0,38.6767,2.078125,-0.40996167510138154
0,38.6767,2.08125,-0.41736547293384657
0,38.6767,2.084375,-0.4249658289432325
0,38.6767,2.0875000000000004,-0.4327683918133646
0,38.6767,2.090625,-0.44077890968788874
0,38.6767,2.09375,-0.4490032218631854
0,38.6767,2.096875,-0.4574472488772995
0,38.6767,2.1,-0.46611698081019826
0,38.6767,2.1031250000000004,-0.4750184635942826
0,38.6767,2.10625,-0.4841577831169317
0,38.6767,2.109375,-0.4935410468789534
0,38.6767,2.1125,-0.5031743629543604
0,38.6767,2.115625,-0.5130638159780743
0,38.6767,2.1187500000000004,-0.5232154398691549
0,38.6767,2.121875,-0.5336351869784101
0,38.6767,2.125,-0.5443288933310113
0,38.6767,2.128125,-0.5553022396176551
0,38.6767,2.13125,-0.5665607075724304
0,38.6767,2.1343750000000004,-0.5781095313625801
0,38.6767,2.1375,-0.5899536436057742
0,38.6767,2.140625,-0.6020976156252631
0,38.6767,2.14375,-0.614545591553693
0,38.6767,2.146875,-0.627301215903833
0,38.6767,2.1500000000000004,-0.6403675542405786
0,38.6767,2.153125,-0.6537470066153148
0,38.6767,2.15625,-0.667441213463005
0,38.6767,2.159375,-0.6814509537166271
0,38.6767,2.1625,-0.6957760349652822
0,38.6767,2.1656250000000004,-0.7104151755740841
0,38.6767,2.16875,-0.7253658787987274
0,38.6767,2.171875,-0.7406242990681763
0,38.6767,2.175,-0.7561851007781519
0,38.6767,2.178125,-0.7720413101386822
0,38.6767,2.1812500000000004,-0.7881841608531839
0,38.6767,2.184375,-0.8046029346763073
0,38.6767,2.1875,-0.8212847982039574
0,38.6767,2.190625,-0.8382146375915698
0,38.6767,2.19375,-0.855374893274345
0,38.6767,2.1968750000000004,-0.8727453971723841
0,38.6767,2.2,-0.8903032152991728
0,38.6767,2.203125,-0.9080224991454069
0,38.6767,2.20625,-0.925874349670749
0,38.6767,2.209375,-0.9438266981893682
0,38.6767,2.2125000000000004,-0.9618442088628941
0,38.6767,2.215625,-0.9798882078952229
0,38.6767,2.21875,-0.9979166448320005
0,38.6767,2.221875,-1.0158840915752214
0,38.6767,2.225,-1.0337417847992605
0,38.6767,2.2281250000000004,-1.0514377173663032
0,38.6767,2.23125,-1.0689167840544664
0,38.6767,2.234375,-1.0861209864005559
0,38.6767,2.2375,-1.1029897006957352
0,38.6767,2.240625,-1.1194600121378238
0,38.6767,2.2437500000000004,-1.1354671168298327
0,38.6767,2.246875,-1.1509447917253603
0,38.6767,2.25,-1.165825930777582
0,38.6767,2.253125,-1.180043143487892
0,38.6767,2.25625,-1.19352940982973
0,38.6767,2.2593750000000004,-1.2062187832188045
0,38.6767,2.2625,-1.2180471309064238
0,38.6767,2.265625,-1.2289528989958558
0,38.6767,2.26875,-1.2388778873397257
0,38.6767,2.271875,-1.247768017989427
0,38.6767,2.2750000000000004,-1.255574079749772
0,38.6767,2.278125,-1.2622524308444074
0,38.6767,2.28125,-1.2677656417974927
0,38.6767,2.284375,-1.272083061431982
0,38.6767,2.2875,-1.2751812903844766
0,38.6767,2.2906250000000004,-1.2770445487102755
0,38.6767,2.29375,-1.277664926927569
0,38.6767,2.296875,-1.2770425131155385
0,38.6767,2.3,-1.2751853922935512
0,38.6767,2.303125,-1.2721095181001185
0,38.6767,2.3062500000000004,-1.2678384605808612
0,38.6767,2.309375,-1.2624030375045443
0,38.6767,2.3125,-1.2558408398879253
0,38.6767,2.315625,-1.2481956651800896
0,38.6767,2.31875,-1.2395168737242832
0,38.6767,2.3218750000000004,-1.2298586856081093
0,38.6767,2.325,-1.2192794358008472
0,38.6767,2.328125,-1.207840805570073
0,38.6767,2.33125,-1.1956070476160292
0,38.6767,2.334375,-1.1826442212393753
0,38.6767,2.3375000000000004,-1.1690194522668491
0,38.6767,2.340625,-1.1548002305145912
0,38.6767,2.34375,-1.1400537553903998
0,38.6767,2.346875,-1.1248463379410856
0,38.6767,2.35,-1.1092428653471458
0,38.6767,2.3531250000000004,-1.09330633164771
0,38.6767,2.35625,-1.0770974364198471
0,38.6767,2.359375,-1.0606742512948455
0,38.6767,2.3625,-1.044091952607659
0,38.6767,2.365625,-1.0274026171643507
0,38.6767,2.3687500000000004,-1.010655077080518
0,38.6767,2.371875,-0.9938948288825434
0,38.6767,2.375,-0.9771639915545761
0,38.6767,2.378125,-0.9605013079315086
0,38.6767,2.38125,-0.9439421837516281
0,38.6767,2.3843750000000004,-0.9275187587599548
0,38.6767,2.3875,-0.9112600044619769
0,38.6767,2.390625,-0.895191843436795
0,38.6767,2.39375,-0.8793372855000131
0,38.6767,2.396875,-0.8637165764348651
0,38.6767,2.4000000000000004,-0.848347355463478
0,38.6767,2.403125,-0.8332448180907304
0,38.6767,2.40625,-0.8184218814066445
0,38.6767,2.409375,-0.8038893493684931
0,38.6767,2.4125,-0.7896560759927539
0,38.6767,2.4156250000000004,-0.7757291247643701
0,38.6767,2.41875,-0.7621139229130258
0,38.6767,2.421875,-0.7488144095120499
0,38.6767,2.425,-0.7358331766249195
0,38.6767,2.428125,-0.7231716029582101
0,38.6767,2.4312500000000004,-0.7108299796801217
0,38.6767,2.434375,-0.6988076282326121
0,38.6767,2.4375,-0.6871030101055013
0,38.6767,2.440625,-0.6757138286554323
0,38.6767,2.44375,-0.6646371231441409
0,38.6767,2.4468750000000004,-0.6538693552420343
0,38.6767,2.45,-0.6434064882971271
0,38.6767,2.453125,-0.6332440597085884
0,38.6767,2.45625,-0.6233772467707297
0,38.6767,2.459375,-0.6138009263692814
0,38.6767,2.4625000000000004,-0.604509728919217
0,38.6767,2.465625,-0.5954980869336967
0,38.6767,2.46875,-0.5867602786084529
0,38.6767,2.471875,-0.5782904667963034
0,38.6767,2.475,-0.5700827337334778
0,38.6767,2.4781250000000004,-0.5621311118640607
0,38.6767,2.48125,-0.5544296110917164
0,38.6767,2.484375,-0.5469722427696738
0,38.6767,2.4875,-0.5397530407211675
0,38.6767,2.490625,-0.5327660795635374
0,38.6767,2.4937500000000004,-0.526005490590379
0,38.6767,2.496875,-0.5194654754476626
0,38.6767,2.5,-0.5131403178218776
0,38.6767,2.503125,-0.50702439334109
0,38.6767,2.50625,-0.5011121778734327
0,38.6767,2.5093750000000004,-0.49539825439208207
0,38.6767,2.5125,-0.48987731856118627
0,38.6767,2.515625,-0.4845441831835716
0,38.6767,2.51875,-0.47939378163833113
0,38.6767,2.521875,-0.4744211704245622
0,38.6767,2.5250000000000004,-0.46962153091659675
0,38.6767,2.528125,-0.46499017042595403
0,38.6767,2.53125,-0.4605225226559698
0,38.6767,2.534375,-0.4562141476265271
0,38.6767,2.5375,-0.45206073113849987
0,38.6767,2.5406250000000004,-0.448058083840402
0,38.6767,2.54375,-0.4442021399532207
0,38.6767,2.546875,-0.44048895570350466
0,38.6767,2.55,-0.43691470750940375
0,38.6767,2.553125,-0.4334756899594723
0,38.6767,2.5562500000000004,-0.4301683136196481
0,38.6767,2.559375,-0.42698910269981327
0,38.6767,2.5625,-0.4239346926077546
0,38.6767,2.565625,-0.4210018274150851
0,38.6767,2.56875,-0.4181873572567625
0,38.6767,2.5718750000000004,-0.4154882356832177
0,38.6767,2.575,-0.41290151698173483
0,38.6767,2.578125,-0.4104243534816152
0,38.6767,2.58125,-0.4080539928557608
0,38.6767,2.584375,-0.40578777542960776
0,38.6767,2.5875000000000004,-0.40362313150683593
0,38.6767,2.590625,-0.40155757871992037
0,38.6767,2.59375,-0.3995887194123928
0,38.6767,2.596875,-0.3977142380586083
0,38.6767,2.6,-0.39593189872586126
0,38.6767,2.6031250000000004,-0.3942395425828543
0,38.6767,2.60625,-0.39263508545777537
0,38.6767,2.609375,-0.39111651544858317
0,38.6767,2.6125,-0.38968189058752123
0,38.6767,2.615625,-0.38832933656136714
0,38.6767,2.6187500000000004,-0.387057044488482
0,38.6767,2.621875,-0.3858632687533278
0,38.6767,2.625,-0.38474632489878646
0,38.6767,2.628125,-0.383704587576313
0,38.6767,2.63125,-0.3827364885537021
0,38.6767,2.6343750000000004,-0.38184051478002534
0,38.6767,2.6375,-0.38101520650710785
0,38.6767,2.640625,-0.3802591554667525
0,38.6767,2.64375,-0.37957100310278435
0,38.6767,2.646875,-0.37894943885687193
0,38.6767,2.6500000000000004,-0.3783931985069914
0,38.6767,2.653125,-0.3779010625573169
0,38.6767,2.65625,-0.3774718546782656
0,38.6767,2.659375,-0.37710444019536893
0,38.6767,2.6625,-0.3767977246256136
0,38.6767,2.6656250000000004,-0.37655065225985995
0,38.6767,2.66875,-0.376362204789935
0,38.6767,2.671875,-0.3762313999789836
0,38.6767,2.675,-0.37615729037365725
0,38.6767,2.678125,-0.37613896205672676
0,38.6767,2.6812500000000004,-0.37617553343870624
0,38.6767,2.684375,-0.3762661540870932
0,38.6767,2.6875,-0.3764100035918415
0,38.6767,2.690625,-0.37660629046570415
0,38.6767,2.69375,-0.37685425107810205
0,38.6767,2.6968750000000004,-0.3771531486211994
0,38.6767,2.7,-0.37750227210689047
0,38.6767,2.703125,-0.3779009353934289
0,38.6767,2.70625,-0.3783484762404569
0,38.6767,2.709375,-0.37884425539122135
0,38.6767,2.7125000000000004,-0.3793876556807906
0,38.6767,2.715625,-0.3799780811691157
0,38.6767,2.71875,-0.3806149562978103
0,38.6767,2.721875,-0.3812977250695475
0,38.6767,2.725,-0.38202585024901015
0,38.6767,2.7281250000000004,-0.3827988125843486
0,38.6767,2.73125,-0.38361611004814083
0,38.6767,2.734375,-0.384477257096869
0,38.6767,2.7375,-0.38538178394795797
0,38.6767,2.740625,-0.3863292358734518
0,38.6767,2.7437500000000004,-0.3873191725094259
0,38.6767,2.746875,-0.3883511671802637
0,38.6767,2.75,-0.3894248062369534
0,38.6767,2.753125,-0.3905396884085805
0,38.6767,2.75625,-0.3916954241662254
0,38.6767,2.7593750000000004,-0.3928916350984926
0,38.6767,2.7625,-0.3941279532979288
0,38.6767,2.765625,-0.3954040207576074
0,38.6767,2.76875,-0.39671948877717855
0,38.6767,2.771875,-0.3980740173777151
0,38.6767,2.7750000000000004,-0.3994672747246968
0,38.6767,2.778125,-0.40089893655850717
0,38.6767,2.78125,-0.40236868563183315
0,38.6767,2.784375,-0.40387621115338096
0,38.6767,2.7875,-0.4054212082373456
0,38.6767,2.7906250000000004,-0.40700337735808895
0,38.6767,2.79375,-0.40862242380950603
0,38.6767,2.796875,-0.4102780571685782
0,38.6767,2.8,-0.4119699907626312
0,38.6767,2.803125,-0.413697941139842
0,38.6767,2.8062500000000004,-0.4154616275425532
0,38.6767,2.809375,-0.4172607713829809
0,38.6767,2.8125,-0.41909509572091674
0,38.6767,2.815625,-0.42096432474305134
0,38.6767,2.81875,-0.4228681832435641
0,38.6767,2.8218750000000004,-0.42480639610564763
0,38.6767,2.825,-0.42677868778365846
0,38.6767,2.828125,-0.4287847817856049
0,38.6767,2.83125,-0.43082440015570656
0,38.6767,2.834375,-0.43289726295678443
0,38.6767,2.8375000000000004,-0.4350030877522641
0,38.6767,2.840625,-0.4371415890875967
0,38.6767,2.84375,-0.43931247797092954
0,38.6767,2.846875,-0.441515461352881
0,38.6767,2.85,-0.4437502416053032
0,38.6767,2.8531250000000004,-0.44601651599893916
0,38.6767,2.85625,-0.4483139761799151
0,38.6767,2.859375,-0.45064230764502833
0,38.6767,2.8625,-0.4530011892158262
0,38.6767,2.865625,-0.4553902925115004
0,38.6767,2.8687500000000004,-0.4578092814206509
0,38.6767,2.871875,-0.46025781157200685
0,38.6767,2.875,-0.4627355298042249
0,38.6767,2.878125,-0.46524207363491554
0,38.6767,2.88125,-0.4677770707290883
0,38.6767,2.8843750000000004,-0.47034013836723937
0,38.6767,2.8875,-0.4729308829133421
0,38.6767,2.890625,-0.4755488992830414
0,38.6767,2.89375,-0.4781937704123865
0,38.6767,2.896875,-0.48086506672748286
0,38.6767,2.9000000000000004,-0.48356234561548095
0,38.6767,2.903125,-0.48628515089736357
0,38.6767,2.90625,-0.48903301230303675
0,38.6767,2.909375,-0.49180544494926737
0,38.6767,2.9125,-0.49460194882106634
0,38.6767,2.9156250000000004,-0.49742200825715066
0,38.6767,2.91875,-0.5002650914401726
0,38.6767,2.921875,-0.5031306498924455
0,38.6767,2.925,-0.5060181179779457
0,38.6767,2.928125,-0.5089269124114187
0,38.6767,2.9312500000000004,-0.5118564317754656
0,38.6767,2.934375,-0.5148060560465338
0,38.6767,2.9375,-0.5177751461307915
0,38.6767,2.940625,-0.5207630434108967
0,38.6767,2.94375,-0.5237690693047479
0,38.6767,2.9468750000000004,-0.5267925248373233
0,38.6767,2.95,-0.529832690226787
0,38.6767,2.953125,-0.5328888244860739
0,38.6767,2.95625,-0.5359601650412118
0,38.6767,2.959375,-0.5390459273676951
0,38.6767,2.9625000000000004,-0.5421453046462534
0,38.6767,2.965625,-0.5452574674394162
0,38.6767,2.96875,-0.5483815633902994
0,38.6767,2.971875,-0.5515167169450885
0,38.6767,2.975,-0.5546620291007234
0,38.6767,2.9781250000000004,-0.5578165771793231
0,38.6767,2.98125,-0.5609794146309212
0,38.6767,2.984375,-0.564149570866103
0,38.6767,2.9875,-0.5673260511201587
0,38.6767,2.990625,-0.5705078363503908
0,38.6767,2.9937500000000004,-0.5736938831682147
0,38.6767,2.996875,-0.5768831238077156
0,38.6767,3.0,-0.5800744661323127
0,38.6767,3.0031250000000003,-0.5832667936811848
0,38.6767,3.00625,-0.5864589657571034
0,38.6767,3.009375,-0.5896498175573077
0,38.6767,3.0125,-0.59283816034902
0,38.6767,3.015625,-0.5960227816911835
0,38.6767,3.0187500000000003,-0.599202445703967
0,38.6767,3.021875,-0.6023758933875222
0,38.6767,3.025,-0.60554184299145
0,38.6767,3.028125,-0.6086989904363423
0,38.6767,3.03125,-0.6118460097887196
0,38.6767,3.0343750000000003,-0.6149815537905966
0,38.6767,3.0375,-0.6181042544448093
0,38.6767,3.040625,-0.6212127236571633
0,38.6767,3.04375,-0.624305553936328
0,38.6767,3.046875,-0.6273813191523047
0,38.6767,3.0500000000000003,-0.6304385753541668
0,38.6767,3.053125,-0.633475861647622
0,38.6767,3.05625,-0.6364917011328188
0,38.6767,3.059375,-0.6394846019026521
0,38.6767,3.0625,-0.6424530581016599
0,38.6767,3.0656250000000003,-0.6453955510454418
0,38.6767,3.06875,-0.6483105504003294
0,38.6767,3.071875,-0.6511965154228666
0,38.6767,3.075,-0.6540518962584496
0,38.6767,3.078125,-0.6568751352982748
0,38.6767,3.0812500000000003,-0.6596646685935383
0,38.6767,3.084375,-0.6624189273255976
0,38.6767,3.0875,-0.6651363393306041
0,38.6767,3.090625,-0.667815330676874
0,38.6767,3.09375,-0.6704543272930391
0,38.6767,3.0968750000000003,-0.6730517566447963
0,38.6767,3.1,-0.6756060494578245
0,38.6767,3.103125,-0.678115641484223
0,38.6767,3.10625,-0.6805789753095783
0,38.6767,3.109375,-0.6829945021975459
0,38.6767,3.1125000000000003,-0.6853606839686066
0,38.6767,3.115625,-0.6876759949094264
0,38.6767,3.11875,-0.6899389237090515
0,38.6767,3.121875,-0.6921479754179444
0,38.6767,3.125,-0.6943016734256788
0,38.6767,3.1281250000000003,-0.6963985614529272
0,38.6767,3.13125,-0.6984372055531843
0,38.6767,3.134375,-0.7004161961195249
0,38.6767,3.1375,-0.7023341498915309
0,38.6767,3.140625,-0.7041897119573994
0,38.6767,3.1437500000000003,-0.7059815577461298
0,38.6767,3.146875,-0.707708395004577
0,38.6767,3.15,-0.7093689657541024
0,38.6767,3.153125,-0.710962048221476
0,38.6767,3.15625,-0.71248645873866
0,38.6767,3.1593750000000003,-0.7139410536060896
0,38.6767,3.1625,-0.7153247309140663
0,38.6767,3.165625,-0.7166364323169273
0,38.6767,3.16875,-0.7178751447546952
0,38.6767,3.171875,-0.7190399021170035
0,38.6767,3.1750000000000003,-0.7201297868441966
0,38.6767,3.178125,-0.7211439314606227
0,38.6767,3.18125,-0.7220815200353065
0,38.6767,3.184375,-0.7229417895653512
0,38.6767,3.1875,-0.7237240312776245
0,38.6767,3.1906250000000003,-0.7244275918445107
0,38.6767,3.19375,-0.7250518745097387
0,38.6767,3.196875,-0.7255963401205819
0,38.6767,3.2,-0.7260605080629875
0,38.6767,3.203125,-0.726443957096509
0,38.6767,3.2062500000000003,-0.7267463260862299
0,38.6767,3.209375,-0.7269673146291952
0,38.6767,3.2125,-0.7271066835732185
0,38.6767,3.215625,-0.7271642554262923
0,38.6767,3.21875,-0.7271399146551865
0,38.6767,3.2218750000000003,-0.7270336078722116
0,38.6767,3.225,-0.7268453439094857
0,38.6767,3.228125,-0.7265751937804439
0,38.6767,3.23125,-0.7262232905287058
0,38.6767,3.234375,-0.7257898289648067
0,38.6767,3.2375000000000003,-0.7252750652916743
0,38.6767,3.240625,-0.7246793166201219
0,38.6767,3.24375,-0.7240029603759829
0,38.6767,3.246875,-0.7232464336008932
0,38.6767,3.25,-0.7224102321490585
0,38.6767,3.2531250000000003,-0.7214949097826989
0,38.6767,3.25625,-0.7205010771691779
0,38.6767,3.259375,-0.7194294007831306
0,38.6767,3.2625,-0.7182806017172023
0,38.6767,3.265625,-0.7170554544052741
0,38.6767,3.2687500000000003,-0.7157547852623045
0,38.6767,3.271875,-0.7143794712451528
0,38.6767,3.275,-0.7129304383389432
0,38.6767,3.278125,-0.711408659973735
0,38.6767,3.28125,-0.7098151553764036
0,38.6767,3.2843750000000003,-0.7081509878627918
0,38.6767,3.2875,-0.7064172630752978
0,38.6767,3.290625,-0.7046151271711532
0,38.6767,3.29375,-0.7027457649667166
0,38.6767,3.296875,-0.700810398043146
0,38.6767,3.3000000000000003,-0.6988102828188278
0,38.6767,3.303125,-0.696746708593944
0,38.6767,3.30625,-0.6946209955725194
0,38.6767,3.309375,-0.692434492867256
0,38.6767,3.3125,-0.6901885764923782
0,38.6767,3.3156250000000003,-0.6878846473496286
0,38.6767,3.31875,-0.6855241292124488
0,38.6767,3.321875,-0.683108466713246
0,38.6767,3.325,-0.6806391233385101
0,38.6767,3.328125,-0.6781175794363874
0,38.6767,3.3312500000000003,-0.6755453302411379
0,38.6767,3.334375,-0.6729238839187374
0,38.6767,3.3375,-0.6702547596376663
0,38.6767,3.340625,-0.6675394856687501
0,38.6767,3.34375,-0.6647795975176803
0,38.6767,3.3468750000000003,-0.6619766360936393
0,38.6767,3.35,-0.6591321459172265
0,38.6767,3.353125,-0.6562476733706477
0,38.6767,3.35625,-0.6533247649929077
0,38.6767,3.359375,-0.650364965822505
0,38.6767,3.3625000000000003,-0.6473698177898966
0,38.6767,3.365625,-0.6443408581617746
0,38.6767,3.36875,-0.6412796180389506
0,38.6767,3.371875,-0.6381876209094366
0,38.6767,3.375,-0.6350663812580678
0,38.6767,3.3781250000000003,-0.6319174032338036
0,38.6767,3.38125,-0.6287421793756346
0,38.6767,3.384375,-0.6255421893977965
0,38.6767,3.3875,-0.622318899034816
0,38.6767,3.390625,-0.6190737589467066
0,38.6767,3.3937500000000003,-0.6158082036844401
0,38.6767,3.396875,-0.6125236507156693
0,38.6767,3.4000000000000004,-0.6092214995104747
0,38.6767,3.403125,-0.6059031306867863
0,38.6767,3.40625,-0.6025699052149461
0,38.6767,3.4093750000000003,-0.5992231636807686
0,38.6767,3.4125,-0.5958642256063036
0,38.6767,3.4156250000000004,-0.5924943888273959
0,38.6767,3.41875,-0.5891149289270258
0,38.6767,3.421875,-0.5857270987233024
0,38.6767,3.4250000000000003,-0.582332127810904
0,38.6767,3.428125,-0.5789312221546669
0,38.6767,3.4312500000000004,-0.5755255637339441
0,38.6767,3.434375,-0.5721163102363165
0,38.6767,3.4375,-0.56870459479914
0,38.6767,3.4406250000000003,-0.5652915257974092
0,38.6767,3.44375,-0.5618781866763441
0,38.6767,3.4468750000000004,-0.558465635827085
0,38.6767,3.45,-0.5550549065038644
0,38.6767,3.453125,-0.5516470067809848
0,38.6767,3.4562500000000003,-0.5482429195479421
0,38.6767,3.459375,-0.5448436025410147
0,38.6767,3.4625000000000004,-0.5414499884096333
0,38.6767,3.465625,-0.5380629848158762
0,38.6767,3.46875,-0.5346834745654115
0,38.6767,3.4718750000000003,-0.531312315768252
0,38.6767,3.475,-0.5279503420276942
0,38.6767,3.4781250000000004,-0.5245983626558306
0,38.6767,3.48125,-0.5212571629140738
0,38.6767,3.484375,-0.5179275042771291
0,38.6767,3.4875000000000003,-0.5146101247189191
0,38.6767,3.490625,-0.5113057390189766
0,38.6767,3.4937500000000004,-0.5080150390878614
0,38.6767,3.496875,-0.5047386943102193
0,38.6767,3.5,-0.5014773519041091
0,38.6767,3.5031250000000003,-0.49823163729529724
0,38.6767,3.50625,-0.49500215450524937
0,38.6767,3.5093750000000004,-0.49178948655159005
0,38.6767,3.5125,-0.4885941958598669
0,38.6767,3.515625,-0.48541682468547553
0,38.6767,3.5187500000000003,-0.4822578955446763
0,38.6767,3.521875,-0.4791179116536619
0,38.6767,3.5250000000000004,-0.4759973573746868
0,38.6767,3.528125,-0.47289669866832684
0,38.6767,3.53125,-0.46981638355096617
0,38.6767,3.5343750000000003,-0.46675684255667294
0,38.6767,3.5375,-0.46371848920266157
0,38.6767,3.5406250000000004,-0.4607017204575806
0,38.6767,3.54375,-0.4577069172119273
0,38.6767,3.546875,-0.4547344447499083
0,38.6767,3.5500000000000003,-0.45178465322213424
0,38.6767,3.553125,-0.44885787811856076
0,38.6767,3.5562500000000004,-0.445954440741131
0,38.6767,3.559375,-0.4430746486756286
0,38.6767,3.5625,-0.44021879626226584
0,38.6767,3.5656250000000003,-0.4373871650645909
0,38.6767,3.56875,-0.4345800243363238
0,38.6767,3.5718750000000004,-0.43179763148575956
0,38.6767,3.575,-0.4290402325374334
0,38.6767,3.578125,-0.4263080625907451
0,38.6767,3.5812500000000003,-0.4236013462753008
0,38.6767,3.584375,-0.42092029820274185
0,38.6767,3.5875000000000004,-0.4182651234148626
0,38.6767,3.590625,-0.41563601782785986
0,38.6767,3.59375,-0.4130331686725627
0,38.6767,3.5968750000000003,-0.41045675493053935
0,38.6767,3.6,-0.4079069477659862
0,38.6767,3.6031250000000004,-0.405383910953334
0,38.6767,3.60625,-0.4028878013005353
0,38.6767,3.609375,-0.40041876906800383
0,38.6767,3.6125000000000003,-0.39797695838321434
0,38.6767,3.615625,-0.3955625076509813
0,38.6767,3.6187500000000004,-0.3931755499594517
0,38.6767,3.621875,-0.3908162134818784
0,38.6767,3.625,-0.3884846218742394
0,38.6767,3.6281250000000003,-0.3861808946688033
0,38.6767,3.63125,-0.3839051476637447
0,38.6767,3.6343750000000004,-0.3816574933089284
0,38.6767,3.6375,-0.37943804108800794
0,38.6767,3.640625,-0.37724689789697996
0,38.6767,3.6437500000000003,-0.37508416841936326
0,38.6767,3.646875,-0.37294995549817944
0,38.6767,3.6500000000000004,-0.37084436050491465
0,38.6767,3.653125,-0.3687674837056747
0,38.6767,3.65625,-0.36671942462472973
0,38.6767,3.6593750000000003,-0.36470028240567953
0,38.6767,3.6625,-0.3627101561704637
0,38.6767,3.6656250000000004,-0.36074914537645636
0,38.6767,3.66875,-0.35881735017189875
0,38.6767,3.671875,-0.35691487174991954
0,38.6767,3.6750000000000003,-0.3550418127014152
0,38.6767,3.678125,-0.35319827736706116
0,38.6767,3.6812500000000004,-0.3513843721887318
0,38.6767,3.684375,-0.3496002060606245
0,38.6767,3.6875,-0.34784589068037486
0,38.6767,3.6906250000000003,-0.3461215409004722
0,38.6767,3.69375,-0.3444272750802795
0,38.6767,3.6968750000000004,-0.3427632154389707
0,38.6767,3.7,-0.34112948840971213
0,38.6767,3.703125,-0.33952622499540364
0,38.6767,3.7062500000000003,-0.33795356112631897
0,38.6767,3.709375,-0.3364116380199752
0,38.6767,3.7125000000000004,-0.3349006025435713
0,38.6767,3.715625,-0.3334206075793422
0,38.6767,3.71875,-0.3319718123931711
0,38.6767,3.7218750000000003,-0.33055438300681345
0,38.6767,3.725,-0.32916849257408476
0,38.6767,3.7281250000000004,-0.3278143217613635
0,38.6767,3.73125,-0.3264920591327703
0,38.6767,3.734375,-0.32520190154037404
0,38.6767,3.7375000000000003,-0.32394405451978653
0,38.6767,3.740625,-0.3227187326914975
0,38.6767,3.7437500000000004,-0.32152616016830243
0,38.6767,3.746875,-0.3203665709691772
0,38.6767,3.75,-0.3192402094399396
0,38.6767,3.7531250000000003,-0.3181473306810414
0,38.6767,3.75625,-0.3170882009828217
0,38.6767,3.7593750000000004,-0.31606309826854206
0,38.6767,3.7625,-0.31507231254551993
0,38.6767,3.765625,-0.3141161463646532
0,38.6767,3.7687500000000003,-0.3131949152886219
0,38.6767,3.771875,-0.3123089483690302
0,38.6767,3.7750000000000004,-0.31145858863272735
0,38.6767,3.778125,-0.3106441935775295
0,38.6767,3.78125,-0.30986613567752497
0,38.6767,3.7843750000000003,-0.3091248028981209
0,38.6767,3.7875,-0.3084205992209464
0,38.6767,3.7906250000000004,-0.30775394517868404
0,38.6767,3.79375,-0.30712527839985626
0,38.6767,3.796875,-0.30653505416353233
0,38.6767,3.8000000000000003,-0.305983745963864
0,38.6767,3.803125,-0.305471846084283
0,38.6767,3.8062500000000004,-0.30499986618111574
0,38.6767,3.809375,-0.3045683378762829
0,38.6767,3.8125,-0.3041778133586494
0,38.6767,3.8156250000000003,-0.30382886599347825
0,38.6767,3.81875,-0.3035220909393202
0,38.6767,3.8218750000000004,-0.30325810577152756
0,38.6767,3.825,-0.30303755111143027
0,38.6767,3.828125,-0.3028610912600341
0,38.6767,3.8312500000000003,-0.30272941483491567
0,38.6767,3.834375,-0.3026432354087724
0,38.6767,3.8375000000000004,-0.3026032921478494
0,38.6767,3.840625,-0.30261035044820817
0,38.6767,3.84375,-0.3026652025675087
0,38.6767,3.8468750000000003,-0.3027686682496627
0,38.6767,3.85,-0.3029215953393583
0,38.6767,3.8531250000000004,-0.3031248603830728
0,38.6767,3.85625,-0.30337936921276004
0,38.6767,3.859375,-0.3036860575079293
0,38.6767,3.8625000000000003,-0.3040458913313152
0,38.6767,3.865625,-0.30445986763276833
0,38.6767,3.8687500000000004,-0.3049290147153772
0,38.6767,3.871875,-0.3054543926571434
0,38.6767,3.875,-0.30603709368078946
0,38.6767,3.8781250000000003,-0.30667824246345865
0,38.6767,3.88125,-0.3073789963771746
0,38.6767,3.8843750000000004,-0.30814054564995597
0,38.6767,3.8875,-0.30896411343642227
0,38.6767,3.890625,-0.30985095578557326
0,38.6767,3.8937500000000003,-0.31080236149217644
0,38.6767,3.896875,-0.31181965181684007
0,38.6767,3.9000000000000004,-0.31290418005838583
0,38.6767,3.903125,-0.31405733096054766
0,38.6767,3.90625,-0.31528051993332573
0,38.6767,3.9093750000000003,-0.316575192067484
0,38.6767,3.9125,-0.3179428209187202
0,38.6767,3.9156250000000004,-0.3193849070359362
0,38.6767,3.91875,-0.32090297620579245
0,38.6767,3.921875,-0.3224985773833603
0,38.6767,3.9250000000000003,-0.3241732802761608
0,38.6767,3.928125,-0.3259286725462304
0,38.6767,3.9312500000000004,-0.3277663565920776
0,38.6767,3.934375,-0.3296879458694857
0,38.6767,3.9375,-0.3316950607071236
0,38.6767,3.9406250000000003,-0.33378932356983093
0,38.6767,3.94375,-0.3359723537192966
0,38.6767,3.9468750000000004,-0.33824576121868405
0,38.6767,3.95,-0.34061114022457994
0,38.6767,3.953125,-0.3430700615065716
0,38.6767,3.9562500000000003,-0.34562406413177166
0,38.6767,3.959375,-0.3482746462488629
0,38.6767,3.9625000000000004,-0.3510232549037644
0,38.6767,3.965625,-0.3538712748169423
0,38.6767,3.96875,-0.35682001605086455
0,38.6767,3.9718750000000003,-0.3598707004952032
0,38.6767,3.975,-0.3630244470973638
0,38.6767,3.9781250000000004,-0.36628225576691104
0,38.6767,3.98125,-0.36964498988467454
0,38.6767,3.984375,-0.3731133573510669
0,38.6767,3.9875000000000003,-0.37668789011358855
0,38.6767,3.990625,-0.3803689221210447
0,38.6767,3.9937500000000004,-0.3841565656619047
0,38.6767,3.996875,-0.38805068605684695
0,38.6767,4.0,-0.39205087469129135
0,38.6767,4.003125000000001,-0.3961564203928946
0,38.6767,4.00625,-0.4003662791820724
0,38.6767,4.009375,-0.40467904245096104
0,38.6767,4.0125,-0.4090929036581165
0,38.6767,4.015625,-0.413605623663267
0,38.6767,4.018750000000001,-0.4182144948684784
0,38.6767,4.021875,-0.42291630437974775
0,38.6767,4.025,-0.4277072964561446
0,38.6767,4.028125,-0.43258313457212355
0,38.6767,4.03125,-0.4375388634825287
0,38.6767,4.034375000000001,-0.44256887174823006
0,38.6767,4.0375,-0.4476668552529379
0,38.6767,4.040625,-0.4528257823172269
0,38.6767,4.04375,-0.45803786109273925
0,38.6767,4.046875,-0.4632945099963928
0,38.6767,4.050000000000001,-0.4685863320184934
0,38.6767,4.053125,-0.4739030938077039
0,38.6767,4.05625,-0.4792337104964393
0,38.6767,4.059375,-0.4845662372788547
0,38.6767,4.0625,-0.4898878687865273
0,38.6767,4.065625000000001,-0.49518494731948837
0,38.6767,4.06875,-0.5004429809785205
0,38.6767,4.071875,-0.5056466727038924
0,38.6767,4.075,-0.5107799611517883
0,38.6767,4.078125,-0.5158260742291567
0,38.6767,4.081250000000001,-0.52076759595712
0,38.6767,4.084375,-0.5255865471410254
0,38.6767,4.0875,-0.5302644800908802
0,38.6767,4.090625,-0.5347825873605127
0,38.6767,4.09375,-0.5391218241608268
0,38.6767,4.096875000000001,-0.543263043756913
0,38.6767,4.1,-0.5471871447887686
0,38.6767,4.103125,-0.5508752290707601
0,38.6767,4.10625,-0.5543087680380525
0,38.6767,4.109375,-0.5574697756333977
0,38.6767,4.112500000000001,-0.5603409850801175
0,38.6767,4.115625,-0.5629060266834348
0,38.6767,4.11875,-0.5651496035584475
0,38.6767,4.121875,-0.5670576620141747
0,38.6767,4.125,-0.5686175532425358
0,38.6767,4.128125000000001,-0.5698181829787883
0,38.6767,4.13125,-0.5706501459224889
0,38.6767,4.134375,-0.5711058419371335
0,38.6767,4.1375,-0.571179571379234
0,38.6767,4.140625,-0.5708676073355214
0,38.6767,4.143750000000001,-0.5701682430569945
0,38.6767,4.146875,-0.5690818134532089
0,38.6767,4.15,-0.567610690128367
0,38.6767,4.153125,-0.5657592500789853
0,38.6767,4.15625,-0.5635338188064387
0,38.6767,4.159375000000001,-0.5609425892022679
0,38.6767,4.1625,-0.5579955181169107
0,38.6767,4.165625,-0.5547042030036592
0,38.6767,4.16875,-0.551081741423241
0,38.6767,4.171875,-0.5471425764889289
0,38.6767,4.175000000000001,-0.5429023315214727
0,38.6767,4.178125,-0.538377637265936
0,38.6767,4.18125,-0.5335859550024806
0,38.6767,4.184375,-0.5285453987682089
0,38.6767,4.1875,-0.5232745597085072
0,38.6767,4.190625000000001,-0.5177923353083432
0,38.6767,4.19375,-0.5121177659318882
0,38.6767,4.196875,-0.5062698807392093
0,38.6767,4.2,-0.5002675546677251
0,38.6767,4.203125,-0.49412937777838467
0,38.6767,4.206250000000001,-0.4878735378861806
0,38.6767,4.209375,-0.48151771703257124
0,38.6767,4.2125,-0.47507900202323866
0,38.6767,4.215625,-0.46857380895522677
0,38.6767,4.21875,-0.46201782139708886
0,38.6767,4.221875000000001,-0.45542594166724004
0,38.6767,4.225,-0.4488122544792066
0,38.6767,4.228125,-0.44219000208718096
0,38.6767,4.23125,-0.4355715699689016
0,38.6767,4.234375,-0.4289684820217184
0,38.6767,4.237500000000001,-0.4223914042184602
0,38.6767,4.240625,-0.41585015566747635
0,38.6767,4.24375,-0.409353726041953
0,38.6767,4.246875,-0.40291029838292525
0,38.6767,4.25,-0.39652727633383167
0,38.6767,4.253125000000001,-0.3902113149287575
0,38.6767,4.25625,-0.3839683541276898
0,38.6767,4.259375,-0.37780365436754526
0,38.6767,4.2625,-0.3717218334749055
0,38.6767,4.265625,-0.3657269043628668
0,38.6767,4.268750000000001,-0.3598223130090986
0,38.6767,4.271875,-0.35401097628325123
0,38.6767,4.275,-0.3482953192586859
0,38.6767,4.278125,-0.3426773117054652
0,38.6767,4.28125,-0.33715850351794135
0,38.6767,4.284375000000001,-0.3317400588814646
0,38.6767,4.2875,-0.3264227890281857
0,38.6767,4.290625,-0.32120718347208854
0,38.6767,4.29375,-0.3160934396484961
0,38.6767,4.296875,-0.3110814909133384
0,38.6767,4.300000000000001,-0.30617103288329894
0,38.6767,4.303125,-0.3013615481194561
0,38.6767,4.30625,-0.29665232917489254
0,38.6767,4.309375,-0.29204250004135357
0,38.6767,4.3125,-0.28753103604147634
0,38.6767,4.315625000000001,-0.2831167822222169
0,38.6767,4.31875,-0.2787984703117494
0,38.6767,4.321875,-0.2745747343069004
0,38.6767,4.325,-0.27044412476138013
0,38.6767,4.328125,-0.2664051218467044
0,38.6767,4.331250000000001,-0.26245614725839117
0,38.6767,4.334375,-0.2585955750395768
0,38.6767,4.3375,-0.2548217413930583
0,38.6767,4.340625,-0.25113295355107307
0,38.6767,4.34375,-0.2475274977697964
0,38.6767,4.346875000000001,-0.24400364651304976
0,38.6767,4.35,-0.24055966488680397
0,38.6767,4.353125,-0.2371938163830446
0,38.6767,4.35625,-0.23390436798849526
0,38.6767,4.359375,-0.230689594710439
0,38.6767,4.362500000000001,-0.22754778356879515
0,38.6767,4.365625,-0.22447723710042855
0,38.6767,4.36875,-0.22147627641861192
0,38.6767,4.371875,-0.21854324386764318
0,38.6767,4.375,-0.21567650530968646
0,38.6767,4.378125000000001,-0.21287445207825167
0,38.6767,4.38125,-0.21013550263007777
0,38.6767,4.384375,-0.2074581039247244
0,38.6767,4.3875,-0.20484073255889018
0,38.6767,4.390625,-0.20228189568022567
0,38.6767,4.393750000000001,-0.1997801317034245
0,38.6767,4.396875,-0.19733401084942329
0,38.6767,4.4,-0.19494213552675882
0,38.6767,4.403125,-0.1926031405725105
0,38.6767,4.40625,-0.19031569336865872
0,38.6767,4.409375000000001,-0.18807849384832714
0,38.6767,4.4125,-0.18589027440502712
0,38.6767,4.415625,-0.18374979971681127
0,38.6767,4.41875,-0.18165586649616253
0,38.6767,4.421875,-0.17960730317536444
0,38.6767,4.425000000000001,-0.1776029695362131
0,38.6767,4.428125,-0.17564175629203543
0,38.6767,4.43125,-0.1737225846291907
0,38.6767,4.434375,-0.17184440571454193
0,38.6767,4.4375,-0.1700062001746744
0,38.6767,4.440625000000001,-0.1682069775520895
0,38.6767,4.44375,-0.16644577574302272
0,38.6767,4.446875,-0.16472166042104003
0,38.6767,4.45,-0.16303372445014094
0,38.6767,4.453125,-0.16138108729064113
0,38.6767,4.456250000000001,-0.15976289440078048
0,38.6767,4.459375,-0.15817831663663653
0,38.6767,4.4625,-0.1566265496526207
0,38.6767,4.465625,-0.1551068133045814
0,38.6767,4.46875,-0.15361835105725075
0,38.6767,4.471875000000001,-0.15216042939758564
0,38.6767,4.475,-0.1507323372553266
0,38.6767,4.478125,-0.14933338543191912
0,38.6767,4.48125,-0.14796290603879755
0,38.6767,4.484375,-0.14662025194585132
0,38.6767,4.487500000000001,-0.1453047962407958
0,38.6767,4.490625,-0.1440159317000322
0,38.6767,4.49375,-0.14275307027147507
0,38.6767,4.496875,-0.14151564256975374
0,38.6767,4.5,-0.14030309738407676
0,38.6767,4.503125000000001,-0.13911490119900793
0,38.6767,4.50625,-0.1379505377283164
0,38.6767,4.509375,-0.13680950746200615
0,38.6767,4.5125,-0.1356913272265977
0,38.6767,4.515625,-0.13459552975865935
0,38.6767,4.518750000000001,-0.13352166329157564
0,38.6767,4.521875,-0.13246929115548908
0,38.6767,4.525,-0.1314379913903201
0,38.6767,4.528125,-0.13042735637176192
0,38.6767,4.53125,-0.12943699245009666
0,38.6767,4.534375000000001,-0.12846651960168654
0,38.6767,4.5375,-0.12751557109296177
0,38.6767,4.540625,-0.12658379315671064
0,38.6767,4.54375,-0.1256708446804829
0,38.6767,4.546875,-0.12477639690688032
0,38.6767,4.550000000000001,-0.12390013314552525
0,38.6767,4.553125,-0.12304174849647417
0,38.6767,4.55625,-0.12220094958483849
0,38.6767,4.559375,-0.12137745430638207
0,38.6767,4.5625,-0.12057099158383736
0,38.6767,4.565625000000001,-0.11978130113370043
0,38.6767,4.56875,-0.11900813324324615
0,38.6767,4.571875,-0.11825124855750246
0,38.6767,4.575,-0.11751041787592909
0,38.6767,4.578125,-0.11678542195852236
0,38.6767,4.581250000000001,-0.11607605134108256
0,38.6767,4.584375,-0.1153821061593619
0,38.6767,4.5875,-0.11470339598180598
0,38.6767,4.590625,-0.11403973965060495
0,38.6767,4.59375,-0.11339096513074354
0,38.6767,4.596875000000001,-0.11275690936674886
0,38.6767,4.6,-0.11213741814681025
0,38.6767,4.603125,-0.1115323459739356
0,38.6767,4.60625,-0.1109415559438015
0,38.6767,4.609375,-0.11036491962892235
0,38.6767,4.612500000000001,-0.10980231696876018
0,38.6767,4.615625,-0.10925363616536521
0,38.6767,4.61875,-0.10871877358411233
0,38.6767,4.621875,-0.10819763365908021
0,38.6767,4.625,-0.10769012880257273
0,38.6767,4.628125000000001,-0.10719617931826313
0,38.6767,4.63125,-0.1067157133173913
0,38.6767,4.634375,-0.10624866663740305
0,38.6767,4.6375,-0.10579498276237713
0,38.6767,4.640625,-0.1053546127445214
0,38.6767,4.643750000000001,-0.10492751512597012
0,38.6767,4.646875,-0.10451365586004244
0,38.6767,4.65,-0.10411300823104913
0,38.6767,4.653125,-0.10372555277166158
0,38.6767,4.65625,-0.10335127717675913
0,38.6767,4.659375000000001,-0.10299017621258566
0,38.6767,4.6625,-0.1026422516199355
0,38.6767,4.665625,-0.10230751200997547
0,38.6767,4.66875,-0.10198597275119178
0,38.6767,4.671875,-0.1016776558458076
0,38.6767,4.675000000000001,-0.10138258979388082
0,38.6767,4.678125,-0.10110080944313052
0,38.6767,4.68125,-0.10083235582237184
0,38.6767,4.684375,-0.10057727595626381
0,38.6767,4.6875,-0.10033562265887407
0,38.6767,4.690625000000001,-0.10010745430336612
0,38.6767,4.69375,-0.09989283456489235
0,38.6767,4.696875,-0.09969183213354547
0,38.6767,4.7,-0.09950452039398204
0,38.6767,4.703125,-0.09933097706807197
0,38.6767,4.706250000000001,-0.09917128381667026
0,38.6767,4.709375,-0.09902552579632999
0,38.6767,4.7125,-0.09889379116649845
0,38.6767,4.715625,-0.09877617054245622
0,38.6767,4.71875,-0.09867275638897346
0,38.6767,4.721875000000001,-0.0985836423493807
0,38.6767,4.725,-0.09850892250447903
0,38.6767,4.728125,-0.09844869055546013
0,38.6767,4.73125,-0.09840303892477452
0,38.6767,4.734375,-0.09837205776868421
0,38.6767,4.737500000000001,-0.09835583389507903
0,38.6767,4.740625,-0.09835444958003067
0,38.6767,4.74375,-0.09836798127652377
0,38.6767,4.746875,-0.09839649820885236
0,38.6767,4.75,-0.09844006084632342
0,38.6767,4.753125000000001,-0.09849871925018648
0,38.6767,4.75625,-0.09857251128813273
0,38.6767,4.759375,-0.0986614607113061
0,38.6767,4.7625,-0.09876557508956708
0,38.6767,4.765625,-0.09888484360178364
0,38.6767,4.768750000000001,-0.09901923467921792
0,38.6767,4.771875,-0.09916869350167241
0,38.6767,4.775,-0.09933313934798793
0,38.6767,4.778125,-0.09951246280477909
0,38.6767,4.78125,-0.09970652283999488
0,38.6767,4.784375000000001,-0.0999151437510201
0,38.6767,4.7875,-0.10013811200062848
0,38.6767,4.790625,-0.10037517295817362
0,38.6767,4.79375,-0.10062602756796911
0,38.6767,4.796875,-0.10089032897187641
0,38.6767,4.800000000000001,-0.10116767911865639
0,38.6767,4.803125,-0.10145762539862824
0,38.6767,4.80625,-0.10175965734855554
0,38.6767,4.809375,-0.10207320347835394
0,38.6767,4.8125,-0.10239762827809143
0,38.6767,4.815625000000001,-0.10273222947065631
0,38.6767,4.81875,-0.10307623558223884
0,38.6767,4.821875,-0.10342880390916791
0,38.6767,4.825,-0.10378901896539469
0,38.6767,4.828125,-0.10415589149973621
0,38.6767,4.831250000000001,-0.10452835817550682
0,38.6767,4.834375,-0.10490528200703554
0,38.6767,4.8375,-0.10528545364738001
0,38.6767,4.840625,-0.1056675936189051
0,38.6767,4.84375,-0.10605035557292772
0,38.6767,4.846875000000001,-0.10643233065595327
0,38.6767,4.85,-0.10681205304787522
0,38.6767,4.853125,-0.10718800672164758
0,38.6767,4.85625,-0.10755863345426628
0,38.6767,4.859375,-0.10792234209547936
0,38.6767,4.862500000000001,-0.10827751907365976
0,38.6767,4.865625,-0.1086225400881657
0,38.6767,4.86875,-0.10895578290486489
0,38.6767,4.871875,-0.10927564113714267
0,38.6767,4.875,-0.10958053885969335
0,38.6767,4.878125000000001,-0.10986894586789121
0,38.6767,4.88125,-0.11013939336293718
0,38.6767,4.884375,-0.11039048981370572
0,38.6767,4.8875,-0.11062093672174293
0,38.6767,4.890625,-0.11082954399761594
0,38.6767,4.893750000000001,-0.11101524464602597
0,38.6767,4.896875,-0.11117710845483479
0,38.6767,4.9,-0.11131435439011528
0,38.6767,4.903125,-0.11142636141586876
0,38.6767,4.90625,-0.11151267748306101
0,38.6767,4.909375000000001,-0.11157302646754845
0,38.6767,4.9125,-0.11160731287930495
0,38.6767,4.915625,-0.11161562421467729
0,38.6767,4.91875,-0.11159823087742819
0,38.6767,4.921875,-0.11155558365102307
0,38.6767,4.925000000000001,-0.1114883087618
0,38.6767,4.928125,-0.11139720062811687
0,38.6767,4.93125,-0.11128321244218023
0,38.6767,4.934375,-0.11114744477713918
0,38.6767,4.9375,-0.1109911324505847
0,38.6767,4.940625000000001,-0.11081562990566278
0,38.6767,4.94375,-0.1106223953918399
0,38.6767,4.946875,-0.11041297423868088
0,38.6767,4.95,-0.11018898151799127
0,38.6767,4.953125,-0.10995208438291246
0,38.6767,4.956250000000001,-0.10970398435798624
0,38.6767,4.959375,-0.10944639983301524
0,38.6767,4.9625,-0.1091810489871324
0,38.6767,4.965625,-0.10890963333934382
0,38.6767,4.96875,-0.10863382208940525
0,38.6767,4.971875000000001,-0.10835523737969312
0,38.6767,4.975,-0.10807544057602422
0,38.6767,4.978125,-0.10779591963432762
0,38.6767,4.98125,-0.10751807759162123
0,38.6767,4.984375,-0.10724322219461693
0,38.6767,4.987500000000001,-0.10697255665801722
0,38.6767,4.990625,-0.10670717152745822
0,38.6767,4.99375,-0.10644803760924491
0,38.6767,4.996875,-0.10619599992046787
0,38.6767,5.0,-0.10595177260859173
0,38.6767,5.003125,-0.1057159347888894
0,38.6767,5.0062500000000005,-0.10548892725074469
0,38.6767,5.009375,-0.10527104998942499
0,38.6767,5.0125,-0.10506246052790488
0,38.6767,5.015625,-0.10486317300317453
0,38.6767,5.01875,-0.10467305800260714
0,38.6767,5.0218750000000005,-0.10449184314782162
0,38.6767,5.025,-0.10431911443546157
0,38.6767,5.028125,-0.10415431835583042
0,38.6767,5.03125,-0.10399676482079666
0,38.6767,5.034375,-0.10384563094122617
0,38.6767,5.0375000000000005,-0.10369996570086538
0,38.6767,5.040625,-0.10355869557755645
0,38.6767,5.04375,-0.10342063116343267
0,38.6767,5.046875,-0.10328447483289833
0,38.6767,5.05,-0.10314882950039851
0,38.6767,5.0531250000000005,-0.10301220849899861
0,38.6767,5.05625,-0.10287304659551448
0,38.6767,5.059375,-0.10272971213841098
0,38.6767,5.0625,-0.10258052031115775
0,38.6767,5.065625,-0.10242374743661532
0,38.6767,5.0687500000000005,-0.10225764624797838
0,38.6767,5.071875,-0.1020804620096733
0,38.6767,5.075,-0.10189044933846338
0,38.6767,5.078125,-0.10168588954210563
0,38.6767,5.08125,-0.10146510826161087
0,38.6767,5.0843750000000005,-0.1012264931749697
0,38.6767,5.0875,-0.10096851149661742
0,38.6767,5.090625,-0.10068972698935678
0,38.6767,5.09375,-0.10038881619523977
0,38.6767,5.096875,-0.10006458359007642
0,38.6767,5.1000000000000005,-0.09971597537354027
0,38.6767,5.103125,-0.09934209162362943
0,38.6767,5.10625,-0.09894219657043375
0,38.6767,5.109375,-0.09851572677922538
0,38.6767,5.1125,-0.09806229707581642
0,38.6767,5.1156250000000005,-0.0975817040965142
0,38.6767,5.11875,-0.09707392739907039
0,38.6767,5.121875,-0.09653912812773131
0,38.6767,5.125,-0.09597764528267798
0,38.6767,5.128125,-0.09538998969956577
0,38.6767,5.1312500000000005,-0.0947768358964367
0,38.6767,5.134375,-0.0941390119910716
0,38.6767,5.1375,-0.09347748793028715
0,38.6767,5.140625,-0.09279336230258861
0,38.6767,5.14375,-0.09208784802618716
0,38.6767,5.1468750000000005,-0.09136225721541716
0,38.6767,5.15,-0.09061798553018532
0,38.6767,5.153125,-0.08985649630581391
0,38.6767,5.15625,-0.08907930474543135
0,38.6767,5.159375,-0.08828796243506598
0,38.6767,5.1625000000000005,-0.0874840424141987
0,38.6767,5.165625,-0.08666912500316508
0,38.6767,5.16875,-0.08584478455493008
0,38.6767,5.171875,-0.08501257726380795
0,38.6767,5.175,-0.08417403012891335
0,38.6767,5.1781250000000005,-0.08333063113664882
0,38.6767,5.18125,-0.08248382069525088
0,38.6767,5.184375,-0.08163498432603851
0,38.6767,5.1875,-0.0807854465910399
0,38.6767,5.190625,-0.07993646621538203
0,38.6767,5.1937500000000005,-0.07908923234535377
0,38.6767,5.196875,-0.0782448618693357
0,38.6767,5.2,-0.07740439771866288
0,38.6767,5.203125,-0.07656880805870023
0,38.6767,5.20625,-0.07573898627660096
0,38.6767,5.2093750000000005,-0.07491575167104102
0,38.6767,5.2125,-0.07409985075026056
0,38.6767,5.215625,-0.07329195904760281
0,38.6767,5.21875,-0.0724926833680552
0,38.6767,5.221875,-0.07170256438468242
0,38.6767,5.2250000000000005,-0.07092207951000323
0,38.6767,5.228125,-0.07015164597400028
0,38.6767,5.23125,-0.06939162404732137
0,38.6767,5.234375,-0.0686423203551458
0,38.6767,5.2375,-0.06790399123395673
0,38.6767,5.2406250000000005,-0.06717684608998051
0,38.6767,5.24375,-0.0664610507242132
0,38.6767,5.246875,-0.0657567305946853
0,38.6767,5.25,-0.06506397399189197
0,38.6767,5.253125,-0.0643828351080867
0,38.6767,5.2562500000000005,-0.06371333698542468
0,38.6767,5.259375,-0.06305547433173647
0,38.6767,5.2625,-0.06240921619603313
0,38.6767,5.265625,-0.06177450849872883
0,38.6767,5.26875,-0.06115127641402244
0,38.6767,5.2718750000000005,-0.06053942660396225
0,38.6767,5.275,-0.05993884930544928
0,38.6767,5.278125,-0.05934942027284807
0,38.6767,5.28125,-0.058771002580019535
0,38.6767,5.284375,-0.05820344828647707
0,38.6767,5.2875000000000005,-0.05764659997305024
0,38.6767,5.290625,-0.05710029215293375
0,38.6767,5.29375,-0.056564352564332135
0,38.6767,5.296875,-0.056038603351117745
0,38.6767,5.3,-0.05552286213800375
0,38.6767,5.3031250000000005,-0.055016943006733814
0,38.6767,5.30625,-0.05452065737971202
0,38.6767,5.309375,-0.05403381481735437
0,38.6767,5.3125,-0.05355622373526296
0,38.6767,5.315625,-0.053087692047095944
0,38.6767,5.3187500000000005,-0.052628027738761546
0,38.6767,5.321875,-0.052177039379296755
0,38.6767,5.325,-0.051734536573510424
0,38.6767,5.328125,-0.051300330361190805
0,38.6767,5.33125,-0.05087423356738685
0,38.6767,5.3343750000000005,-0.05045606110799212
0,38.6767,5.3375,-0.05004563025458174
0,38.6767,5.340625,-0.04964276086218043
0,38.6767,5.34375,-0.04924727556338258
0,38.6767,5.346875,-0.04885899993199083
0,38.6767,5.3500000000000005,-0.04847776261910401
0,38.6767,5.353125,-0.048103395464357726
0,38.6767,5.35625,-0.04773573358480583
0,38.6767,5.359375,-0.047374615443732705
0,38.6767,5.3625,-0.04701988290149365
0,38.6767,5.3656250000000005,-0.04667138125030674
0,38.6767,5.36875,-0.04632895923475384
0,38.6767,5.371875,-0.04599246905959409
0,38.6767,5.375,-0.045661766386353976
0,38.6767,5.378125,-0.04533671032002311
0,38.6767,5.3812500000000005,-0.04501716338706528
0,38.6767,5.384375,-0.044702991505841845
0,38.6767,5.3875,-0.04439406395043974
0,38.6767,5.390625,-0.04409025330880402
0,38.6767,5.39375,-0.043791435435985245
0,38.6767,5.3968750000000005,-0.04349748940323292
0,38.6767,5.4,-0.04320829744359411
0,38.6767,5.403125,-0.042923744894606805
0,38.6767,5.40625,-0.04264372013862006
0,38.6767,5.409375,-0.04236811454121422
0,38.6767,5.4125000000000005,-0.04209682238814528
0,38.6767,5.415625,-0.041829740821191515
0,38.6767,5.41875,-0.0415667697732369
0,38.6767,5.421875,-0.041307811902890415
0,38.6767,5.425,-0.04105277252890339
0,38.6767,5.4281250000000005,-0.04080155956461685
0,38.6767,5.43125,-0.04055408345264319
0,38.6767,5.434375,-0.04031025709995875
0,38.6767,5.4375,-0.04006999581356398
0,38.6767,5.440625,-0.03983321723684419
0,38.6767,5.4437500000000005,-0.03959984128674675
0,38.6767,5.446875,-0.03936979009187374
0,38.6767,5.45,-0.03914298793157258
0,38.6767,5.453125,-0.038919361176096026
0,38.6767,5.45625,-0.03869883822788839
0,38.6767,5.4593750000000005,-0.03848134946404536
0,38.6767,5.4625,-0.03826682717998529
0,38.6767,5.465625,-0.03805520553435957
0,38.6767,5.46875,-0.03784642049522483
0,38.6767,5.471875,-0.03764040978749013
0,38.6767,5.4750000000000005,-0.03743711284164816
0,38.6767,5.478125,-0.03723647074379375
0,38.6767,5.48125,-0.03703842618692728
0,38.6767,5.484375,-0.03684292342353894
0,38.6767,5.4875,-0.03664990821946356
0,38.6767,5.4906250000000005,-0.03645932780899446
0,38.6767,5.49375,-0.036271130851241666
0,38.6767,5.496875,-0.03608526738771686
0,38.6767,5.5,-0.03590168880112703
0,38.6767,5.503125,-0.035720347775355495
0,38.6767,5.5062500000000005,-0.03554119825660886
0,38.6767,5.509375,-0.035364195415706796
0,38.6767,5.5125,-0.035189295611490354
0,38.6767,5.515625,-0.03501645635532496
0,38.6767,5.51875,-0.0348456362766723
0,38.6767,5.5218750000000005,-0.03467679508970591
0,38.6767,5.525,-0.03450989356094479
0,38.6767,5.528125,-0.034344893477878675
0,38.6767,5.53125,-0.03418175761855979
0,38.6767,5.534375,-0.0340204497221347
0,38.6767,5.5375000000000005,-0.033860934460290794
0,38.6767,5.540625,-0.03370317740959208
0,38.6767,5.54375,-0.03354714502467849
0,38.6767,5.546875,-0.03339280461230471
0,38.6767,5.55,-0.03324012430619344
0,38.6767,5.5531250000000005,-0.03308907304267898
0,38.6767,5.55625,-0.03293962053711806
0,38.6767,5.559375,-0.032791737261043744
0,38.6767,5.5625,-0.032645394420040746
0,38.6767,5.565625,-0.03250056393231928
0,38.6767,5.5687500000000005,-0.03235721840796587
0,38.6767,5.571875,-0.03221533112885025
0,38.6767,5.575,-0.032074876029167025
0,38.6767,5.578125,-0.031935827676592796
0,38.6767,5.58125,-0.03179816125403856
0,38.6767,5.5843750000000005,-0.03166185254197853
0,38.6767,5.5875,-0.03152687790133697
0,38.6767,5.590625,-0.03139321425691458
0,38.6767,5.59375,-0.03126083908133761
0,38.6767,5.596875,-0.031129730379512117
0,38.6767,5.6000000000000005,-0.030999866673567293
0,38.6767,5.603125,-0.030871226988271768
0,38.6767,5.60625,-0.03074379083690713
0,38.6767,5.609375,-0.030617538207584193
0,38.6767,5.6125,-0.030492449549987033
0,38.6767,5.6156250000000005,-0.03036850576253084
0,38.6767,5.61875,-0.030245688179920183
0,38.6767,5.621875,-0.03012397856109389
0,38.6767,5.625,-0.030003359077544554
0,38.6767,5.628125,-0.0298838123019997
0,38.6767,5.6312500000000005,-0.029765321197452944
0,38.6767,5.634375,-0.029647869106533668
0,38.6767,5.6375,-0.029531439741203536
0,38.6767,5.640625,-0.029416017172769815
0,38.6767,5.64375,-0.02930158582220441
0,38.6767,5.6468750000000005,-0.0291881304507588
0,38.6767,5.65,-0.02907563615086524
0,38.6767,5.653125,-0.02896408833731431
0,38.6767,5.65625,-0.028853472738700356
0,38.6767,5.659375,-0.028743775389125564
0,38.6767,5.6625000000000005,-0.028634982620154285
0,38.6767,5.665625,-0.02852708105300957
0,38.6767,5.66875,-0.028420057591003557
0,38.6767,5.671875,-0.02831389941219455
0,38.6767,5.675,-0.028208593962263117
0,38.6767,5.6781250000000005,-0.02810412894760003
0,38.6767,5.68125,-0.02800049232859935
0,38.6767,5.684375,-0.027897672313149633
0,38.6767,5.6875,-0.027795657350317242
0,38.6767,5.690625,-0.02769443612421529
0,38.6767,5.6937500000000005,-0.02759399754805217
0,38.6767,5.696875,-0.027494330758354193
0,38.6767,5.7,-0.027395425109356122
0,38.6767,5.703125,-0.02729727016755495
0,38.6767,5.70625,-0.02719985570642109
0,38.6767,5.7093750000000005,-0.027103171701262217
0,38.6767,5.7125,-0.02700720832423492
0,38.6767,5.715625,-0.026911955939499146
0,38.6767,5.71875,-0.026817405098511302
0,38.6767,5.721875,-0.026723546535451337
0,38.6767,5.7250000000000005,-0.026630371162779654
0,38.6767,5.728125,-0.026537870066919843
0,38.6767,5.73125,-0.026446034504062955
0,38.6767,5.734375,-0.02635485589608993
0,38.6767,5.7375,-0.026264325826608193
0,38.6767,5.7406250000000005,-0.026174436037098882
0,38.6767,5.74375,-0.026085178423171432
0,38.6767,5.746875,-0.025996545030921785
0,38.6767,5.75,-0.025908528053391555
0,38.6767,5.753125,-0.025821119827124567
0,38.6767,5.7562500000000005,-0.025734312828817954
0,38.6767,5.759375,-0.02564809967206503
0,38.6767,5.7625,-0.025562473104186703
0,38.6767,5.765625,-0.025477426003149273
0,38.6767,5.76875,-0.02539295137456554
0,38.6767,5.7718750000000005,-0.025309042348776883
0,38.6767,5.775,-0.025225692178013914
0,38.6767,5.778125,-0.02514289423363303
0,38.6767,5.78125,-0.025060642003426944
0,38.6767,5.784375,-0.024978929089006795
0,38.6767,5.7875000000000005,-0.024897749203253564
0,38.6767,5.790625,-0.02481709616783709
0,38.6767,5.79375,-0.024736963910800127
0,38.6767,5.796875,-0.024657346464206108
0,38.6767,5.800000000000001,-0.024578237961848205
0,38.6767,5.8031250000000005,-0.02449963263701837
0,38.6767,5.80625,-0.02442152482033397
0,38.6767,5.809375,-0.024343908937620996
0,38.6767,5.8125,-0.0242667795078517
0,38.6767,5.815625000000001,-0.024190131141135256
0,38.6767,5.8187500000000005,-0.024113958536759995
0,38.6767,5.821875,-0.024038256481285398
0,38.6767,5.825,-0.0239630198466828
0,38.6767,5.828125,-0.023888243588523126
0,38.6767,5.831250000000001,-0.023813922744210392
0,38.6767,5.8343750000000005,-0.023740052431259765
0,38.6767,5.8375,-0.02366662784561856
0,38.6767,5.840625,-0.023593644260029457
0,38.6767,5.84375,-0.023521097022434316
0,38.6767,5.846875000000001,-0.023448981554417603
0,38.6767,5.8500000000000005,-0.02337729334968845
0,38.6767,5.853125,-0.023306027972599813
0,38.6767,5.85625,-0.02323518105670431
0,38.6767,5.859375,-0.023164748303345147
0,38.6767,5.862500000000001,-0.023094725480281526
0,38.6767,5.8656250000000005,-0.02302510842034745
0,38.6767,5.86875,-0.02295589302014282
0,38.6767,5.871875,-0.022887075238756303
0,38.6767,5.875,-0.02281865109651881
0,38.6767,5.878125000000001,-0.02275061667378678
0,38.6767,5.8812500000000005,-0.02268296810975467
0,38.6767,5.884375,-0.022615701601295408
0,38.6767,5.8875,-0.022548813401828603
0,38.6767,5.890625,-0.022482299820215303
0,38.6767,5.893750000000001,-0.022416157219678823
0,38.6767,5.8968750000000005,-0.02235038201675093
0,38.6767,5.9,-0.022284970680242492
0,38.6767,5.903125,-0.022219919730238263
0,38.6767,5.90625,-0.022155225737114894
0,38.6767,5.909375000000001,-0.02209088532058166
0,38.6767,5.9125000000000005,-0.02202689514874339
0,38.6767,5.915625,-0.02196325193718468
0,38.6767,5.91875,-0.021899952448075296
0,38.6767,5.921875,-0.021836993489295832
0,38.6767,5.925000000000001,-0.02177437191358328
0,38.6767,5.9281250000000005,-0.021712084617695984
0,38.6767,5.93125,-0.02165012854159728
0,38.6767,5.934375,-0.021588500667657655
0,38.6767,5.9375,-0.021527198019874707
0,38.6767,5.940625000000001,-0.021466217663110486
0,38.6767,5.9437500000000005,-0.02140555670234593
0,38.6767,5.946875,-0.021345212281951617
0,38.6767,5.95,-0.021285181584974805
0,38.6767,5.953125,-0.021225461832442116
0,38.6767,5.956250000000001,-0.02116605028267747
0,38.6767,5.9593750000000005,-0.021106944230635045
0,38.6767,5.9625,-0.021048141007246585
0,38.6767,5.965625,-0.020989637978783053
0,38.6767,5.96875,-0.020931432546230005
0,38.6767,5.971875000000001,-0.020873522144676457
0,38.6767,5.9750000000000005,-0.020815904242716895
0,38.6767,5.978125,-0.020758576341866015
0,38.6767,5.98125,-0.020701535975986052
0,38.6767,5.984375,-0.020644780710726222
0,38.6767,5.987500000000001,-0.020588308142974042
0,38.6767,5.9906250000000005,-0.02053211590031832
0,38.6767,5.99375,-0.020476201640523287
0,38.6767,5.996875,-0.0204205630510139
0,38.6767,6.0,-0.020365197848371853
