"Current","Field","Frequency","Spectra"
0,16.4925,1.0,-0.006433420719541633
0,16.4925,1.003125,-0.0064552013749253545
0,16.4925,1.00625,-0.006477110859619134
0,16.4925,1.009375,-0.006499150286522272
0,16.4925,1.0125,-0.006521320781102085
0,16.4925,1.015625,-0.006543623481567574
0,16.4925,1.01875,-0.006566059539045923
0,16.4925,1.021875,-0.006588630117761868
0,16.4925,1.025,-0.006611336395219976
0,16.4925,1.028125,-0.00663417956238995
0,16.4925,1.03125,-0.00665716082389492
0,16.4925,1.034375,-0.006680281398202861
0,16.4925,1.0375,-0.006703542517821159
0,16.4925,1.040625,-0.006726945429494376
0,16.4925,1.04375,-0.0067504913944053165
0,16.4925,1.046875,-0.006774181688379392
0,16.4925,1.05,-0.006798017602092415
0,16.4925,1.053125,-0.006822000441281843
0,16.4925,1.05625,-0.006846131526961549
0,16.4925,1.059375,-0.00687041219564021
0,16.4925,1.0625,-0.0068948437995433225
0,16.4925,1.065625,-0.006919427706838996
0,16.4925,1.06875,-0.006944165301867529
0,16.4925,1.071875,-0.006969057985374873
0,16.4925,1.075,-0.006994107174750062
0,16.4925,1.078125,-0.007019314304266663
0,16.4925,1.08125,-0.0070446808253283415
0,16.4925,1.084375,-0.007070208206718634
0,16.4925,1.0875,-0.007095897934854968
0,16.4925,1.090625,-0.007121751514047071
0,16.4925,1.09375,-0.007147770466759795
0,16.4925,1.096875,-0.00717395633388049
0,16.4925,1.1,-0.00720031067499099
0,16.4925,1.103125,-0.007226835068644312
0,16.4925,1.10625,-0.007253531112646167
0,16.4925,1.109375,-0.007280400424341356
0,16.4925,1.1125,-0.00730744464090518
0,16.4925,1.115625,-0.007334665419639942
0,16.4925,1.11875,-0.007362064438276638
0,16.4925,1.121875,-0.007389643395281978
0,16.4925,1.125,-0.0074174040101707885
0,16.4925,1.128125,-0.0074453480238239516
0,16.4925,1.13125,-0.007473477198811983
0,16.4925,1.134375,-0.0075017933197243265
0,16.4925,1.1375,-0.007530298193504549
0,16.4925,1.140625,-0.007558993649791476
0,16.4925,1.14375,-0.007587881541266471
0,16.4925,1.146875,-0.007616963744006911
0,16.4925,1.15,-0.007646242157846031
0,16.4925,1.153125,-0.0076757187067392684
0,16.4925,1.15625,-0.007705395339137194
0,16.4925,1.159375,-0.007735274028365239
0,16.4925,1.1625,-0.007765356773010289
0,16.4925,1.165625,-0.0077956455973143286
0,16.4925,1.16875,-0.007826142551575292
0,16.4925,1.171875,-0.007856849712555201
0,16.4925,1.175,-0.00788776918389586
0,16.4925,1.178125,-0.00791890309654213
0,16.4925,1.18125,-0.007950253609173064
0,16.4925,1.184375,-0.007981822908640994
0,16.4925,1.1875,-0.008013613210418742
0,16.4925,1.190625,-0.008045626759055187
0,16.4925,1.19375,-0.008077865828639277
0,16.4925,1.196875,-0.008110332723272733
0,16.4925,1.2,-0.008143029777551627
0,16.4925,1.203125,-0.008175959357056959
0,16.4925,1.20625,-0.008209123858854521
0,16.4925,1.209375,-0.008242525712004173
0,16.4925,1.2125,-0.008276167378078757
0,16.4925,1.215625,-0.008310051351692892
0,16.4925,1.21875,-0.00834418016104179
0,16.4925,1.221875,-0.008378556368450387
0,16.4925,1.225,-0.008413182570932971
0,16.4925,1.228125,-0.008448061400763537
0,16.4925,1.23125,-0.008483195526057133
0,16.4925,1.234375,-0.00851858765136239
0,16.4925,1.2375,-0.008554240518265548
0,16.4925,1.240625,-0.008590156906006154
0,16.4925,1.24375,-0.008626339632104761
0,16.4925,1.246875,-0.008662791553002853
0,16.4925,1.25,-0.00869951556471528
0,16.4925,1.253125,-0.008736514603495475
0,16.4925,1.25625,-0.008773791646513764
0,16.4925,1.259375,-0.008811349712549012
0,16.4925,1.2625,-0.008849191862693987
0,16.4925,1.265625,-0.008887321201074634
0,16.4925,1.26875,-0.008925740875583708
0,16.4925,1.271875,-0.008964454078628975
0,16.4925,1.275,-0.009003464047896384
0,16.4925,1.278125,-0.009042774067128534
0,16.4925,1.28125,-0.009082387466918756
0,16.4925,1.284375,-0.009122307625521214
0,16.4925,1.2875,-0.009162537969677365
0,16.4925,1.290625,-0.009203081975459151
0,16.4925,1.29375,-0.009243943169129347
0,16.4925,1.296875,-0.009285125128019382
0,16.4925,1.3,-0.009326631481425166
0,16.4925,1.303125,-0.009368465911521196
0,16.4925,1.30625,-0.00941063215429349
0,16.4925,1.309375,-0.009453134000491711
0,16.4925,1.3125,-0.009495975296600982
0,16.4925,1.315625,-0.009539159945833818
0,16.4925,1.31875,-0.009582691909142675
0,16.4925,1.321875,-0.009626575206253589
0,16.4925,1.325,-0.00967081391672144
0,16.4925,1.328125,-0.00971541218100727
0,16.4925,1.33125,-0.00976037420157831
0,16.4925,1.334375,-0.00980570424403114
0,16.4925,1.3375,-0.009851406638238604
0,16.4925,1.340625,-0.009897485779521058
0,16.4925,1.34375,-0.009943946129842462
0,16.4925,1.346875,-0.009990792219032034
0,16.4925,1.35,-0.010038028646031986
0,16.4925,1.353125,-0.01008566008017201
0,16.4925,1.35625,-0.010133691262471229
0,16.4925,1.359375,-0.010182127006968156
0,16.4925,1.3625,-0.010230972202079469
0,16.4925,1.365625,-0.010280231811988264
0,16.4925,1.36875,-0.010329910878062495
0,16.4925,1.371875,-0.010380014520304402
0,16.4925,1.375,-0.010430547938831624
0,16.4925,1.378125,-0.010481516415390867
0,16.4925,1.38125,-0.010532925314904882
0,16.4925,1.384375,-0.010584780087053604
0,16.4925,1.3875,-0.010637086267890335
0,16.4925,1.390625,-0.010689849481493804
0,16.4925,1.39375,-0.010743075441657063
0,16.4925,1.396875,-0.010796769953614121
0,16.4925,1.4,-0.010850938915805292
0,16.4925,1.403125,-0.010905588321682234
0,16.4925,1.40625,-0.010960724261553688
0,16.4925,1.409375,-0.011016352924472993
0,16.4925,1.4125,-0.011072480600168416
0,16.4925,1.415625,-0.011129113681017405
0,16.4925,1.41875,-0.011186258664065966
0,16.4925,1.421875,-0.011243922153094188
0,16.4925,1.425,-0.011302110860729315
0,16.4925,1.428125,-0.011360831610607441
0,16.4925,1.43125,-0.011420091339585176
0,16.4925,1.434375,-0.011479897100002604
0,16.4925,1.4375,-0.011540256061998842
0,16.4925,1.440625,-0.01160117551588163
0,16.4925,1.44375,-0.01166266287455236
0,16.4925,1.446875,-0.01172472567598802
0,16.4925,1.45,-0.011787371585781617
0,16.4925,1.453125,-0.011850608399742531
0,16.4925,1.45625,-0.011914444046558555
0,16.4925,1.459375,-0.011978886590521164
0,16.4925,1.4625,-0.012043944234315773
0,16.4925,1.465625,-0.012109625321878752
0,16.4925,1.46875,-0.012175938341322957
0,16.4925,1.471875,-0.012242891927933718
0,16.4925,1.475,-0.012310494867237155
0,16.4925,1.478125,-0.01237875609814281
0,16.4925,1.48125,-0.012447684716162692
0,16.4925,1.484375,-0.012517289976708743
0,16.4925,1.4875,-0.012587581298470995
0,16.4925,1.490625,-0.012658568266878624
0,16.4925,1.49375,-0.012730260637646141
0,16.4925,1.496875,-0.012802668340407245
0,16.4925,1.5,-0.01287580148243862
0,16.4925,1.503125,-0.01294967035247635
0,16.4925,1.50625,-0.013024285424627486
0,16.4925,1.509375,-0.013099657362379441
0,16.4925,1.5125000000000002,-0.013175797022710108
0,16.4925,1.515625,-0.013252715460301327
0,16.4925,1.51875,-0.013330423931859004
0,16.4925,1.521875,-0.013408933900542548
0,16.4925,1.525,-0.01348825704050706
0,16.4925,1.5281250000000002,-0.013568405241561419
0,16.4925,1.53125,-0.013649390613945524
0,16.4925,1.534375,-0.013731225493230376
0,16.4925,1.5375,-0.013813922445344316
0,16.4925,1.540625,-0.013897494271729262
0,16.4925,1.5437500000000002,-0.013981954014630755
0,16.4925,1.546875,-0.014067314962525591
0,16.4925,1.55,-0.01415359065569136
0,16.4925,1.553125,-0.01424079489192176
0,16.4925,1.55625,-0.014328941732392284
0,16.4925,1.5593750000000002,-0.014418045507680662
0,16.4925,1.5625,-0.01450812082394653
0,16.4925,1.565625,-0.014599182569275424
0,16.4925,1.56875,-0.014691245920191665
0,16.4925,1.571875,-0.014784326348345476
0,16.4925,1.5750000000000002,-0.014878439627379563
0,16.4925,1.578125,-0.014973601839980413
0,16.4925,1.58125,-0.015069829385120297
0,16.4925,1.584375,-0.01516713898549537
0,16.4925,1.5875,-0.015265547695166207
0,16.4925,1.5906250000000002,-0.01536507290740689
0,16.4925,1.59375,-0.01546573236276892
0,16.4925,1.596875,-0.015567544157366945
0,16.4925,1.6,-0.0156705267513928
0,16.4925,1.603125,-0.015774698977865216
0,16.4925,1.6062500000000002,-0.015880080051622555
0,16.4925,1.609375,-0.015986689578565944
0,16.4925,1.6125,-0.016094547565161082
0,16.4925,1.615625,-0.016203674428206458
0,16.4925,1.61875,-0.0163140910048767
0,16.4925,1.6218750000000002,-0.016425818563049692
0,16.4925,1.625,-0.01653887881192643
0,16.4925,1.628125,-0.016653293912953143
0,16.4925,1.63125,-0.016769086491055157
0,16.4925,1.634375,-0.0168862796461927
0,16.4925,1.6375000000000002,-0.017004896965248987
0,16.4925,1.640625,-0.0171249625342612
0,16.4925,1.64375,-0.01724650095100584
0,16.4925,1.646875,-0.017369537337949575
0,16.4925,1.65,-0.017494097355577852
0,16.4925,1.6531250000000002,-0.017620207216113567
0,16.4925,1.65625,-0.017747893697638482
0,16.4925,1.659375,-0.017877184158631033
0,16.4925,1.6625,-0.018008106552933882
0,16.4925,1.665625,-0.018140689445165843
0,16.4925,1.6687500000000002,-0.01827496202659285
0,16.4925,1.671875,-0.018410954131473246
0,16.4925,1.675,-0.01854869625389356
0,16.4925,1.678125,-0.01868821956511094
0,16.4925,1.68125,-0.018829555931419627
0,16.4925,1.6843750000000002,-0.01897273793255914
0,16.4925,1.6875,-0.019117798880682452
0,16.4925,1.690625,-0.019264772839903542
0,16.4925,1.69375,-0.019413694646443772
0,16.4925,1.696875,-0.019564599929397963
0,16.4925,1.7000000000000002,-0.01971752513214136
0,16.4925,1.703125,-0.019872507534399463
0,16.4925,1.70625,-0.020029585275004133
0,16.4925,1.709375,-0.02018879737535924
0,16.4925,1.7125,-0.020350183763641082
0,16.4925,1.7156250000000002,-0.020513785299759023
0,16.4925,1.71875,-0.020679643801102904
0,16.4925,1.721875,-0.02084780206910542
0,16.4925,1.725,-0.021018303916647493
0,16.4925,1.728125,-0.021191194196337054
0,16.4925,1.7312500000000002,-0.02136651882969215
0,16.4925,1.734375,-0.021544324837260202
0,16.4925,1.7375,-0.021724660369707525
0,16.4925,1.740625,-0.021907574739913182
0,16.4925,1.74375,-0.02209311845610375
0,16.4925,1.7468750000000002,-0.022281343256066365
0,16.4925,1.75,-0.022472302142478834
0,16.4925,1.753125,-0.02266604941939778
0,16.4925,1.75625,-0.022862640729946336
0,16.4925,1.759375,-0.02306213309524554
0,16.4925,1.7625000000000002,-0.02326458495463489
0,16.4925,1.765625,-0.023470056207228897
0,16.4925,1.76875,-0.023678608254859464
0,16.4925,1.771875,-0.02389030404645443
0,16.4925,1.775,-0.024105208123905885
0,16.4925,1.7781250000000002,-0.024323386669483305
0,16.4925,1.78125,-0.024544907554848637
0,16.4925,1.784375,-0.024769840391733654
0,16.4925,1.7875,-0.024998256584340805
0,16.4925,1.790625,-0.025230229383532764
0,16.4925,1.7937500000000002,-0.02546583394287752
0,16.4925,1.796875,-0.02570514737661853
0,16.4925,1.8,-0.025948248819643194
0,16.4925,1.803125,-0.026195219489524267
0,16.4925,1.80625,-0.02644614275071336
0,16.4925,1.8093750000000002,-0.026701104180967897
0,16.4925,1.8125,-0.02696019164009627
0,16.4925,1.815625,-0.027223495341109946
0,16.4925,1.81875,-0.02749110792387375
0,16.4925,1.821875,-0.027763124531350245
0,16.4925,1.8250000000000002,-0.028039642888537535
0,16.4925,1.828125,-0.028320763384203154
0,16.4925,1.83125,-0.028606589155522496
0,16.4925,1.834375,-0.02889722617573227
0,16.4925,1.8375,-0.029192783344915887
0,16.4925,1.8406250000000002,-0.029493372584041312
0,16.4925,1.84375,-0.02979910893237636
0,16.4925,1.846875,-0.030110110648412843
0,16.4925,1.85,-0.030426499314434023
0,16.4925,1.853125,-0.030748399944867034
0,16.4925,1.8562500000000002,-0.031075941098566467
0,16.4925,1.859375,-0.03140925499518075
0,16.4925,1.8625,-0.031748477635760226
0,16.4925,1.865625,-0.03209374892776984
0,16.4925,1.86875,-0.032445212814677674
0,16.4925,1.8718750000000002,-0.032803017410295836
0,16.4925,1.875,-0.03316731513805673
0,16.4925,1.878125,-0.03353826287541623
0,16.4925,1.88125,-0.03391602210357977
0,16.4925,1.884375,-0.03430075906275713
0,16.4925,1.8875000000000002,-0.034692644913157863
0,16.4925,1.890625,-0.03509185590194636
0,16.4925,1.89375,-0.03549857353638573
0,16.4925,1.896875,-0.03591298476340428
0,16.4925,1.9,-0.03633528215582953
0,16.4925,1.9031250000000002,-0.03676566410554141
0,16.4925,1.90625,-0.037204335023804144
0,16.4925,1.909375,-0.03765150554904713
0,16.4925,1.9125,-0.03810739276237014
0,16.4925,1.915625,-0.038572220411060204
0,16.4925,1.9187500000000002,-0.03904621914041361
0,16.4925,1.921875,-0.039529626734165685
0,16.4925,1.925,-0.040022688363840445
0,16.4925,1.928125,-0.040525656847337936
0,16.4925,1.93125,-0.0410387929170879
0,16.4925,1.9343750000000002,-0.04156236549810417
0,16.4925,1.9375,-0.04209665199628139
0,16.4925,1.940625,-0.042641938597284705
0,16.4925,1.94375,-0.04319852057638558
0,16.4925,1.946875,-0.043766702619605864
0,16.4925,1.9500000000000002,-0.04434679915653464
0,16.4925,1.953125,-0.04493913470518612
0,16.4925,1.95625,-0.045544044229270844
0,16.4925,1.959375,-0.046161873508250045
0,16.4925,1.9625,-0.04679297952054584
0,16.4925,1.9656250000000002,-0.04743773084027464
0,16.4925,1.96875,-0.04809650804786632
0,16.4925,1.971875,-0.04876970415492663
0,16.4925,1.975,-0.04945772504368534
0,16.4925,1.978125,-0.05016098992136356
0,16.4925,1.9812500000000002,-0.05087993178977258
0,16.4925,1.984375,-0.051614997930435294
0,16.4925,1.9875,-0.052366650405496366
0,16.4925,1.990625,-0.05313536657465052
0,16.4925,1.99375,-0.05392163962828394
0,16.4925,1.9968750000000002,-0.054725979136975064
0,16.4925,2.0,-0.05554891161744652
0,16.4925,2.003125,-0.05639098111500018
0,16.4925,2.00625,-0.05725274980238949
0,16.4925,2.0093750000000004,-0.05813479859500176
0,16.4925,2.0125,-0.05903772778212524
0,16.4925,2.015625,-0.05996215767396279
0,16.4925,2.01875,-0.06090872926392621
0,16.4925,2.021875,-0.06187810490560121
0,16.4925,2.0250000000000004,-0.06287096900360471
0,16.4925,2.028125,-0.06388802871737082
0,16.4925,2.03125,-0.06493001467668663
0,16.4925,2.034375,-0.0659976817075585
0,16.4925,2.0375,-0.0670918095667198
0,16.4925,2.0406250000000004,-0.06821320368278308
0,16.4925,2.04375,-0.06936269590169827
0,16.4925,2.046875,-0.07054114523379115
0,16.4925,2.05,-0.07174943859922349
0,16.4925,2.053125,-0.07298849156823452
0,16.4925,2.0562500000000004,-0.07425924909197996
0,16.4925,2.059375,-0.07556268621918331
0,16.4925,2.0625,-0.07689980879313921
0,16.4925,2.065625,-0.07827165412285854
0,16.4925,2.06875,-0.07967929162131479
0,16.4925,2.0718750000000004,-0.08112382340282204
0,16.4925,2.075,-0.08260638483055277
0,16.4925,2.078125,-0.08412814500406525
0,16.4925,2.08125,-0.08569030717545316
0,16.4925,2.084375,-0.0872941090813479
0,16.4925,2.0875000000000004,-0.0889408231764703
0,16.4925,2.090625,-0.09063175675275156
0,16.4925,2.09375,-0.092368251926193
0,16.4925,2.096875,-0.09415168547160782
0,16.4925,2.1,-0.09598346848317758
0,16.4925,2.1031250000000004,-0.09786504583633104
0,16.4925,2.10625,-0.09979789542382556
0,16.4925,2.109375,-0.10178352713604594
0,16.4925,2.1125,-0.10382348155243791
0,16.4925,2.115625,-0.10591932830765353
0,16.4925,2.1187500000000004,-0.10807266409238275
0,16.4925,2.121875,-0.11028511024499797
0,16.4925,2.125,-0.1125583098860241
0,16.4925,2.128125,-0.11489392454308517
0,16.4925,2.13125,-0.11729363020938427
0,16.4925,2.1343750000000004,-0.11975911277394696
0,16.4925,2.1375,-0.12229206275685729
0,16.4925,2.140625,-0.12489416927755362
0,16.4925,2.14375,-0.12756711317900338
0,16.4925,2.146875,-0.13031255922531568
0,16.4925,2.1500000000000004,-0.1331321472851532
0,16.4925,2.153125,-0.13602748240831775
0,16.4925,2.15625,-0.1390001236982228
0,16.4925,2.159375,-0.14205157187883036
0,16.4925,2.1625,-0.14518325545123562
0,16.4925,2.1656250000000004,-0.1483965153326621
0,16.4925,2.16875,-0.1516925878695261
0,16.4925,2.171875,-0.15507258611675573
0,16.4925,2.175,-0.15853747927814255
0,16.4925,2.178125,-0.16208807020763488
0,16.4925,2.1812500000000004,-0.16572497087965227
0,16.4925,2.184375,-0.16944857574834463
0,16.4925,2.1875,-0.1732590329318546
0,16.4925,2.190625,-0.17715621317879168
0,16.4925,2.19375,-0.18113967660106725
0,16.4925,2.1968750000000004,-0.1852086371907099
0,16.4925,2.2,-0.18936192517913855
0,16.4925,2.203125,-0.19359794734634678
0,16.4925,2.20625,-0.19791464544529966
0,16.4925,2.209375,-0.20230945297419367
0,16.4925,2.2125000000000004,-0.2067792506064969
0,16.4925,2.215625,-0.21132032067614528
0,16.4925,2.21875,-0.21592830121276987
0,16.4925,2.221875,-0.22059814012887838
0,16.4925,2.225,-0.22532405027647198
0,16.4925,2.2281250000000004,-0.230099466212932
0,16.4925,2.23125,-0.2349170036427724
0,16.4925,2.234375,-0.23976842262969641
0,16.4925,2.2375,-0.2446445957981093
0,16.4925,2.240625,-0.24953548285959018
0,16.4925,2.2437500000000004,-0.25443011290152096
0,16.4925,2.246875,-0.2593165759549105
0,16.4925,2.25,-0.26418202540831187
0,16.4925,2.253125,-0.2690126928459021
0,16.4925,2.25625,-0.2737939168512596
0,16.4925,2.2593750000000004,-0.2785101872252218
0,16.4925,2.2625,-0.2831452059083197
0,16.4925,2.265625,-0.2876819656688667
0,16.4925,2.26875,-0.29210284731228153
0,16.4925,2.271875,-0.2963897357840482
0,16.4925,2.2750000000000004,-0.3005241550800459
0,16.4925,2.278125,-0.30448742135057
0,16.4925,2.28125,-0.3082608129999426
0,16.4925,2.284375,-0.3118257559592917
0,16.4925,2.2875,-0.3151640216681919
0,16.4925,2.2906250000000004,-0.3182579346683975
0,16.4925,2.29375,-0.32109058612062613
0,16.4925,2.296875,-0.3236460490361431
0,16.4925,2.3,-0.3259095906019284
0,16.4925,2.303125,-0.32786787670262996
0,16.4925,2.3062500000000004,-0.329509163630942
0,16.4925,2.309375,-0.3308234720503367
0,16.4925,2.3125,-0.3318027385409588
0,16.4925,2.315625,-0.33244094052118917
0,16.4925,2.31875,-0.3327341909825934
0,16.4925,2.3218750000000004,-0.33268080028196595
0,16.4925,2.325,-0.3322813031677692
0,16.4925,2.328125,-0.33153845023767575
0,16.4925,2.33125,-0.3304571640815183
0,16.4925,2.334375,-0.3290444614094324
0,16.4925,2.3375000000000004,-0.3273093434488997
0,16.4925,2.340625,-0.3252626577715592
0,16.4925,2.34375,-0.32291693544310196
0,16.4925,2.346875,-0.3202862079489475
0,16.4925,2.35,-0.3173858087173883
0,16.4925,2.3531250000000004,-0.31423216423478756
0,16.4925,2.35625,-0.31084257972961327
0,16.4925,2.359375,-0.3072350242089618
0,16.4925,2.3625,-0.3034279192861177
0,16.4925,2.365625,-0.29943993576972844
0,16.4925,2.3687500000000004,-0.2952898014267751
0,16.4925,2.371875,-0.2909961227159544
0,16.4925,2.375,-0.28657722264748625
0,16.4925,2.378125,-0.28205099628878716
0,16.4925,2.38125,-0.2774347848277824
0,16.4925,2.3843750000000004,-0.27274526854674763
0,16.4925,2.3875,-0.26799837856394854
0,16.4925,2.390625,-0.2632092267773394
0,16.4925,2.39375,-0.2583920530986097
0,16.4925,2.396875,-0.25356018879724285
0,16.4925,2.4000000000000004,-0.24872603457985684
0,16.4925,2.403125,-0.2439010519041787
0,16.4925,2.40625,-0.23909576596208204
0,16.4925,2.409375,-0.2343197787535777
0,16.4925,2.4125,-0.22958179070447648
0,16.4925,2.4156250000000004,-0.22488962934574427
0,16.4925,2.41875,-0.22025028366383376
0,16.4925,2.421875,-0.21566994284085547
0,16.4925,2.425,-0.21115403822452475
0,16.4925,2.428125,-0.20670728749461909
0,16.4925,2.4312500000000004,-0.20233374012048713
0,16.4925,2.434375,-0.1980368233291377
0,16.4925,2.4375,-0.19381938792280182
0,16.4925,2.440625,-0.1896837533965
0,16.4925,2.44375,-0.1856317519087095
0,16.4925,2.4468750000000004,-0.18166477075095971
0,16.4925,2.45,-0.17778379304473374
0,16.4925,2.453125,-0.17398943646653603
0,16.4925,2.45625,-0.17028198986470283
0,16.4925,2.459375,-0.1666614476850426
0,16.4925,2.4625000000000004,-0.16312754216738767
0,16.4925,2.465625,-0.15967977331234826
0,16.4925,2.46875,-0.15631743664780848
0,16.4925,2.471875,-0.15303964884876603
0,16.4925,2.475,-0.14984537128277134
0,16.4925,2.4781250000000004,-0.14673343156721974
0,16.4925,2.48125,-0.14370254323474754
0,16.4925,2.484375,-0.14075132360963463
0,16.4925,2.4875,-0.1378783100019625
0,16.4925,2.490625,-0.1350819743278228
0,16.4925,2.4937500000000004,-0.1323607362635756
0,16.4925,2.496875,-0.12971297504037085
0,16.4925,2.5,-0.127137039982234
0,16.4925,2.503125,-0.12463125988723142
0,16.4925,2.50625,-0.12219395134681979
0,16.4925,2.5093750000000004,-0.11982342609364938
0,16.4925,2.5125,-0.11751799746298171
0,16.4925,2.515625,-0.11527598604764712
0,16.4925,2.51875,-0.11309572462119899
0,16.4925,2.521875,-0.11097556239870643
0,16.4925,2.5250000000000004,-0.10891386869953971
0,16.4925,2.528125,-0.10690903607157629
0,16.4925,2.53125,-0.10495948293154164
0,16.4925,2.534375,-0.10306365577171198
0,16.4925,2.5375,-0.10122003097896046
0,16.4925,2.5406250000000004,-0.09942711630814621
0,16.4925,2.54375,-0.09768345204811003
0,16.4925,2.546875,-0.09598761191506952
0,16.4925,2.55,-0.09433820370498079
0,16.4925,2.553125,-0.09273386973344781
0,16.4925,2.5562500000000004,-0.09117328708901434
0,16.4925,2.559375,-0.08965516772313968
0,16.4925,2.5625,-0.08817825839784349
0,16.4925,2.565625,-0.08674134050988157
0,16.4925,2.56875,-0.08534322980837347
0,16.4925,2.5718750000000004,-0.0839827760210401
0,16.4925,2.575,-0.08265886240259908
0,16.4925,2.578125,-0.08137040521740974
0,16.4925,2.58125,-0.08011635316713617
0,16.4925,2.584375,-0.07889568677299749
0,16.4925,2.5875000000000004,-0.07770741772109604
0,16.4925,2.590625,-0.07655058817833338
0,16.4925,2.59375,-0.07542427008554778
0,16.4925,2.596875,-0.07432756443371338
0,16.4925,2.6,-0.07325960052832767
0,16.4925,2.6031250000000004,-0.07221953524647746
0,16.4925,2.60625,-0.07120655229049802
0,16.4925,2.609375,-0.07021986144162878
0,16.4925,2.6125,-0.06925869781661097
0,16.4925,2.615625,-0.06832232112976037
0,16.4925,2.6187500000000004,-0.06741001496268675
0,16.4925,2.621875,-0.06652108604350329
0,16.4925,2.625,-0.06565486353708297
0,16.4925,2.628125,-0.0648106983476623
0,16.4925,2.63125,-0.06398796243486378
0,16.4925,2.6343750000000004,-0.06318604814401052
0,16.4925,2.6375,-0.062404367551426705
0,16.4925,2.640625,-0.0616423518252635
0,16.4925,2.64375,-0.060899450602253186
0,16.4925,2.646875,-0.06017513138067229
0,16.4925,2.6500000000000004,-0.059468878929692506
0,16.4925,2.653125,-0.058780194715204355
0,16.4925,2.65625,-0.05810859634212141
0,16.4925,2.659375,-0.0574536170131044
0,16.4925,2.6625,-0.056814805003584504
0,16.4925,2.6656250000000004,-0.05619172315291709
0,16.4925,2.66875,-0.05558394837145231
0,16.4925,2.671875,-0.0549910711632753
0,16.4925,2.675,-0.05441269516433819
0,16.4925,2.678125,-0.05384843669568063
0,16.4925,2.6812500000000004,-0.05329792433141742
0,16.4925,2.684375,-0.052760798481154066
0,16.4925,2.6875,-0.05223671098648042
0,16.4925,2.690625,-0.05172532473118322
0,16.4925,2.69375,-0.05122631326481113
0,16.4925,2.6968750000000004,-0.05073936043922314
0,16.4925,2.7,-0.050264160057748454
0,16.4925,2.703125,-0.04980041553658657
0,16.4925,2.70625,-0.04934783957807804
0,16.4925,2.709375,-0.04890615385547829
0,16.4925,2.7125000000000004,-0.048475088708871995
0,16.4925,2.715625,-0.04805438285186962
0,16.4925,2.71875,-0.047643783088734216
0,16.4925,2.721875,-0.04724304404159291
0,16.4925,2.725,-0.046851927887394056
0,16.4925,2.7281250000000004,-0.04647020410427926
0,16.4925,2.73125,-0.04609764922704638
0,16.4925,2.734375,-0.04573404661138854
0,16.4925,2.7375,-0.04537918620660244
0,16.4925,2.740625,-0.045032864336466735
0,16.4925,2.7437500000000004,-0.044694883488001096
0,16.4925,2.746875,-0.04436505210782375
0,16.4925,2.75,-0.044043184405834906
0,16.4925,2.753125,-0.04372910016596168
0,16.4925,2.75625,-0.0434226245637079
0,16.4925,2.7593750000000004,-0.04312358799026152
0,16.4925,2.7625,-0.04283182588291955
0,16.4925,2.765625,-0.04254717856159908
0,16.4925,2.76875,-0.0422694910712111
0,16.4925,2.771875,-0.04199861302968048
0,16.4925,2.7750000000000004,-0.04173439848140434
0,16.4925,2.778125,-0.041476705755947335
0,16.4925,2.78125,-0.041225397331779996
0,16.4925,2.784375,-0.040980339704873775
0,16.4925,2.7875,-0.04074140326197198
0,16.4925,2.7906250000000004,-0.04050846215836376
0,16.4925,2.79375,-0.04028139419999334
0,16.4925,2.796875,-0.04006008072974415
0,16.4925,2.8,-0.039844406517742736
0,16.4925,2.803125,-0.03963425965553318
0,16.4925,2.8062500000000004,-0.039429531453978754
0,16.4925,2.809375,-0.0392301163447524
0,16.4925,2.8125,-0.0390359117852834
0,16.4925,2.815625,-0.03884681816703236
0,16.4925,2.81875,-0.0386627387269715
0,16.4925,2.8218750000000004,-0.03848357946215203
0,16.4925,2.825,-0.03830924904724488
0,16.4925,2.828125,-0.03813965875494524
0,16.4925,2.83125,-0.03797472237913625
0,16.4925,2.834375,-0.037814356160710064
0,16.4925,2.8375000000000004,-0.03765847871594959
0,16.4925,2.840625,-0.03750701096737718
0,16.4925,2.84375,-0.03735987607698031
0,16.4925,2.846875,-0.03721699938172828
0,16.4925,2.85,-0.03707830833129639
0,16.4925,2.8531250000000004,-0.036943732427918055
0,16.4925,2.85625,-0.03681320316828803
0,16.4925,2.859375,-0.036686653987442724
0,16.4925,2.8625,-0.03656402020454716
0,16.4925,2.865625,-0.036445238970519885
0,16.4925,2.8687500000000004,-0.036330249217430576
0,16.4925,2.871875,-0.036218991609607135
0,16.4925,2.875,-0.03611140849639173
0,16.4925,2.878125,-0.03600744386648766
0,16.4925,2.88125,-0.0359070433038407
0,16.4925,2.8843750000000004,-0.035810153945001505
0,16.4925,2.8875,-0.035716724437916875
0,16.4925,2.890625,-0.03562670490210027
0,16.4925,2.89375,-0.03554004689013385
0,16.4925,2.896875,-0.03545670335045561
0,16.4925,2.9000000000000004,-0.03537662859138782
0,16.4925,2.903125,-0.03529977824636373
0,16.4925,2.90625,-0.035226109240311845
0,16.4925,2.909375,-0.03515557975715841
0,16.4925,2.9125,-0.03508814920841011
0,16.4925,2.9156250000000004,-0.03502377820278056
0,16.4925,2.91875,-0.03496242851682571
0,16.4925,2.921875,-0.03490406306655413
0,16.4925,2.925,-0.03484864587998012
0,16.4925,2.928125,-0.03479614207058821
0,16.4925,2.9312500000000004,-0.03474651781167914
0,16.4925,2.934375,-0.03469974031156839
0,16.4925,2.9375,-0.03465577778960955
0,16.4925,2.940625,-0.03461459945301579
0,16.4925,2.94375,-0.03457617547445367
0,16.4925,2.9468750000000004,-0.034540476970384704
0,16.4925,2.95,-0.034507475980130604
0,16.4925,2.953125,-0.034477145445639665
0,16.4925,2.95625,-0.034449459191931917
0,16.4925,2.959375,-0.03442439190820208
0,16.4925,2.9625000000000004,-0.034401919129559776
0,16.4925,2.965625,-0.03438201721938753
0,16.4925,2.96875,-0.03436466335229742
0,16.4925,2.971875,-0.03434983549766846
0,16.4925,2.975,-0.03433751240374714
0,16.4925,2.9781250000000004,-0.03432767358229423
0,16.4925,2.98125,-0.034320299293761736
0,16.4925,2.984375,-0.034315370532984384
0,16.4925,2.9875,-0.03431286901537079
0,16.4925,2.990625,-0.03431277716357968
0,16.4925,2.9937500000000004,-0.034315078094667495
0,16.4925,2.996875,-0.034319755607693916
0,16.4925,3.0,-0.0343267941717726
0,16.4925,3.0031250000000003,-0.034336178914554705
0,16.4925,3.00625,-0.034347895611133356
0,16.4925,3.009375,-0.034361930673357716
0,16.4925,3.0125,-0.03437827113954568
0,16.4925,3.015625,-0.03439690466458457
0,16.4925,3.0187500000000003,-0.03441781951040986
0,16.4925,3.021875,-0.03444100453685212
0,16.4925,3.025,-0.03446644919284284
0,16.4925,3.028125,-0.0344941435079702
0,16.4925,3.03125,-0.03452407808437611
0,16.4925,3.0343750000000003,-0.03455624408898644
0,16.4925,3.0375,-0.03459063324606617
0,16.4925,3.040625,-0.034627237830092306
0,16.4925,3.04375,-0.03466605065893684
0,16.4925,3.046875,-0.03470706508735303
0,16.4925,3.0500000000000003,-0.0347502750007583
0,16.4925,3.053125,-0.03479567480930717
0,16.4925,3.05625,-0.034843259442248364
0,16.4925,3.059375,-0.03489302434255994
0,16.4925,3.0625,-0.03494496546185706
0,16.4925,3.0656250000000003,-0.034999079255566966
0,16.4925,3.06875,-0.03505536267836604
0,16.4925,3.071875,-0.035113813179874165
0,16.4925,3.075,-0.03517442870060164
0,16.4925,3.078125,-0.035237207668144324
0,16.4925,3.0812500000000003,-0.03530214899362281
0,16.4925,3.084375,-0.03536925206836161
0,16.4925,3.0875,-0.035438516760804666
0,16.4925,3.090625,-0.03550994341366354
0,16.4925,3.09375,-0.03558353284129492
0,16.4925,3.0968750000000003,-0.035659286327304376
0,16.4925,3.1,-0.035737205622373244
0,16.4925,3.103125,-0.03581729294230598
0,16.4925,3.10625,-0.03589955096629518
0,16.4925,3.109375,-0.035983982835402044
0,16.4925,3.1125000000000003,-0.036070592151249914
0,16.4925,3.115625,-0.036159382974928635
0,16.4925,3.11875,-0.036250359826108206
0,16.4925,3.121875,-0.036343527682359565
0,16.4925,3.125,-0.03643889197868099
0,16.4925,3.1281250000000003,-0.036536458607229025
0,16.4925,3.13125,-0.03663623391725196
0,16.4925,3.134375,-0.03673822471522554
0,16.4925,3.1375,-0.03684243826518924
0,16.4925,3.140625,-0.036948882289282614
0,16.4925,3.1437500000000003,-0.037057564968481164
0,16.4925,3.146875,-0.037168494943530694
0,16.4925,3.15,-0.037281681316080416
0,16.4925,3.153125,-0.03739713365001404
0,16.4925,3.15625,-0.037514861972978986
0,16.4925,3.1593750000000003,-0.03763487677811385
0,16.4925,3.1625,-0.037757189025974025
0,16.4925,3.165625,-0.03788181014665622
0,16.4925,3.16875,-0.03800875204212188
0,16.4925,3.171875,-0.03813802708872052
0,16.4925,3.1750000000000003,-0.038269648139913626
0,16.4925,3.178125,-0.038403628529199804
0,16.4925,3.18125,-0.03853998207324263
0,16.4925,3.184375,-0.038678723075201975
0,16.4925,3.1875,-0.03881986632827038
0,16.4925,3.1906250000000003,-0.038963427119415986
0,16.4925,3.19375,-0.03910942123333336
0,16.4925,3.196875,-0.0392578649566044
0,16.4925,3.2,-0.03940877508207082
0,16.4925,3.203125,-0.03956216891342043
0,16.4925,3.2062500000000003,-0.039718064269989674
0,16.4925,3.209375,-0.03987647949178426
0,16.4925,3.2125,-0.04003743344472086
0,16.4925,3.215625,-0.04020094552609245
0,16.4925,3.21875,-0.04036703567025963
0,16.4925,3.2218750000000003,-0.040535724354571895
0,16.4925,3.225,-0.04070703260552089
0,16.4925,3.228125,-0.04088098200512978
0,16.4925,3.23125,-0.04105759469758186
0,16.4925,3.234375,-0.041236893396091906
0,16.4925,3.2375000000000003,-0.041418901390024555
0,16.4925,3.240625,-0.041603642552263134
0,16.4925,3.24375,-0.04179114134683363
0,16.4925,3.246875,-0.041981422836787755
0,16.4925,3.25,-0.04217451269234975
0,16.4925,3.2531250000000003,-0.04237043719933195
0,16.4925,3.25625,-0.042569223267823426
0,16.4925,3.259375,-0.042770898441157536
0,16.4925,3.2625,-0.042975490905163116
0,16.4925,3.265625,-0.04318302949770509
0,16.4925,3.2687500000000003,-0.04339354371852046
0,16.4925,3.271875,-0.04360706373935501
0,16.4925,3.275,-0.04382362041440778
0,16.4925,3.278125,-0.04404324529108891
0,16.4925,3.28125,-0.04426597062109787
0,16.4925,3.2843750000000003,-0.04449182937182928
0,16.4925,3.2875,-0.04472085523811267
0,16.4925,3.290625,-0.04495308265429446
0,16.4925,3.29375,-0.045188546806669096
0,16.4925,3.296875,-0.04542728364626765
0,16.4925,3.3000000000000003,-0.045669329902012196
0,16.4925,3.303125,-0.04591472309424385
0,16.4925,3.30625,-0.04616350154863422
0,16.4925,3.309375,-0.04641570441048826
0,16.4925,3.3125,-0.0466713716594487
0,16.4925,3.3156250000000003,-0.046930544124611645
0,16.4925,3.31875,-0.04719326350006288
0,16.4925,3.321875,-0.04745957236084607
0,16.4925,3.325,-0.047729514179372844
0,16.4925,3.328125,-0.04800313334228609
0,16.4925,3.3312500000000003,-0.04828047516778846
0,16.4925,3.334375,-0.048561585923446775
0,16.4925,3.3375,-0.04884651284448585
0,16.4925,3.340625,-0.04913530415258342
0,16.4925,3.34375,-0.04942800907517955
0,16.4925,3.3468750000000003,-0.049724677865314475
0,16.4925,3.35,-0.050025361822007716
0,16.4925,3.353125,-0.05033011331119437
0,16.4925,3.35625,-0.050638985787232
0,16.4925,3.359375,-0.050952033814994295
0,16.4925,3.3625000000000003,-0.05126931309256764
0,16.4925,3.365625,-0.05159088047456594
0,16.4925,3.36875,-0.05191679399608199
0,16.4925,3.371875,-0.052247112897291746
0,16.4925,3.375,-0.05258189764873016
0,16.4925,3.3781250000000003,-0.05292120997725761
0,16.4925,3.38125,-0.05326511289273508
0,16.4925,3.384375,-0.05361367071542957
0,16.4925,3.3875,-0.05396694910416905
0,16.4925,3.390625,-0.0543250150852688
0,16.4925,3.3937500000000003,-0.0546879370822516
0,16.4925,3.396875,-0.055055784946383295
0,16.4925,3.4000000000000004,-0.05542862998804885
0,16.4925,3.403125,-0.05580654500899136
0,16.4925,3.40625,-0.05618960433544106
0,16.4925,3.4093750000000003,-0.05657788385215858
0,16.4925,3.4125,-0.05697146103742005
0,16.4925,3.4156250000000004,-0.05737041499897216
0,16.4925,3.41875,-0.05777482651098462
0,16.4925,3.421875,-0.058184778052031025
0,16.4925,3.4250000000000003,-0.058600353844127644
0,16.4925,3.428125,-0.059021639892861966
0,16.4925,3.4312500000000004,-0.05944872402864475
0,16.4925,3.434375,-0.05988169594911746
0,16.4925,3.4375,-0.06032064726275217
0,16.4925,3.4406250000000003,-0.06076567153367847
0,16.4925,3.44375,-0.06121686432777535
0,16.4925,3.4468750000000004,-0.061674323260067415
0,16.4925,3.45,-0.062138148043463744
0,16.4925,3.453125,-0.06260844053888283
0,16.4925,3.4562500000000003,-0.0630853048068046
0,16.4925,3.459375,-0.06356884716029446
0,16.4925,3.4625000000000004,-0.06405917621954596
0,16.4925,3.465625,-0.06455640296798747
0,16.4925,3.46875,-0.06506064081000418
0,16.4925,3.4718750000000003,-0.06557200563032421
0,16.4925,3.475,-0.06609061585512205
0,16.4925,3.4781250000000004,-0.06661659251489428
0,16.4925,3.48125,-0.06715005930916208
0,16.4925,3.484375,-0.06769114267306055
0,16.4925,3.4875000000000003,-0.06823997184587344
0,16.4925,3.490625,-0.06879667894157619
0,16.4925,3.4937500000000004,-0.06936139902145237
0,16.4925,3.496875,-0.06993427016884862
0,16.4925,3.5,-0.07051543356613908
0,16.4925,3.5031250000000003,-0.07110503357396919
0,16.4925,3.50625,-0.07170321781285345
0,16.4925,3.5093750000000004,-0.07231013724720482
0,16.4925,3.5125,-0.07292594627187259
0,16.4925,3.515625,-0.07355080280127406
0,16.4925,3.5187500000000003,-0.07418486836120247
0,16.4925,3.521875,-0.07482830818340022
0,16.4925,3.5250000000000004,-0.07548129130298986
0,16.4925,3.528125,-0.0761439906588546
0,16.4925,3.53125,-0.0768165831970693
0,16.4925,3.5343750000000003,-0.07749924997748103
0,16.4925,3.5375,-0.07819217628354469
0,16.4925,3.5406250000000004,-0.07889555173552411
0,16.4925,3.54375,-0.07960957040716805
0,16.4925,3.546875,-0.08033443094598156
0,16.4925,3.5500000000000003,-0.08107033669721031
0,16.4925,3.553125,-0.08181749583166478
0,16.4925,3.5562500000000004,-0.08257612147751472
0,16.4925,3.559375,-0.08334643185618565
0,16.4925,3.5625,-0.08412865042249981
0,16.4925,3.5656250000000003,-0.08492300600920345
0,16.4925,3.56875,-0.08572973297603036
0,16.4925,3.5718750000000004,-0.08654907136345799
0,16.4925,3.575,-0.08738126705131348
0,16.4925,3.578125,-0.0882265719223994
0,16.4925,3.5812500000000003,-0.089085244031308
0,16.4925,3.584375,-0.08995754777860368
0,16.4925,3.5875000000000004,-0.09084375409055948
0,16.4925,3.590625,-0.0917441406046359
0,16.4925,3.59375,-0.09265899186090361
0,16.4925,3.5968750000000003,-0.09358859949961235
0,16.4925,3.6,-0.09453326246511991
0,16.4925,3.6031250000000004,-0.09549328721640207
0,16.4925,3.60625,-0.09646898794436876
0,16.4925,3.609375,-0.09746068679622598
0,16.4925,3.6125000000000003,-0.09846871410712449
0,16.4925,3.615625,-0.09949340863934976
0,16.4925,3.6187500000000004,-0.10053511782931607
0,16.4925,3.621875,-0.10159419804263262
0,16.4925,3.625,-0.10267101483752565
0,16.4925,3.6281250000000003,-0.1037659432369042
0,16.4925,3.63125,-0.10487936800936953
0,16.4925,3.6343750000000004,-0.10601168395948189
0,16.4925,3.6375,-0.10716329622760028
0,16.4925,3.640625,-0.1083346205996328
0,16.4925,3.6437500000000003,-0.10952608382703626
0,16.4925,3.646875,-0.1107381239574212
0,16.4925,3.6500000000000004,-0.11197119067612991
0,16.4925,3.653125,-0.11322574565916206
0,16.4925,3.65625,-0.11450226293784319
0,16.4925,3.6593750000000003,-0.11580122927563422
0,16.4925,3.6625,-0.11712314455750068
0,16.4925,3.6656250000000004,-0.11846852219227079
0,16.4925,3.66875,-0.11983788952842055
0,16.4925,3.671875,-0.12123178828374669
0,16.4925,3.6750000000000003,-0.12265077498939085
0,16.4925,3.678125,-0.12409542144870017
0,16.4925,3.6812500000000004,-0.12556631521142164
0,16.4925,3.684375,-0.12706406006373558
0,16.4925,3.6875,-0.12858927653465793
0,16.4925,3.6906250000000003,-0.1301426024193433
0,16.4925,3.69375,-0.13172469331984243
0,16.4925,3.6968750000000004,-0.13333622320387942
0,16.4925,3.7,-0.1349778849822221
0,16.4925,3.703125,-0.1366503911052416
0,16.4925,3.7062500000000003,-0.13835447417925748
0,16.4925,3.709375,-0.14009088760328597
0,16.4925,3.7125000000000004,-0.14186040622681795
0,16.4925,3.715625,-0.14366382702925565
0,16.4925,3.71875,-0.14550196982166025
0,16.4925,3.7218750000000003,-0.14737567797145582
0,16.4925,3.725,-0.14928581915075018
0,16.4925,3.7281250000000004,-0.1512332861089392
0,16.4925,3.73125,-0.15321899747025278
0,16.4925,3.734375,-0.1552438985569183
0,16.4925,3.7375000000000003,-0.157308962238599
0,16.4925,3.740625,-0.15941518980876915
0,16.4925,3.7437500000000004,-0.161563611888682
0,16.4925,3.746875,-0.16375528935956307
0,16.4925,3.75,-0.16599131432366096
0,16.4925,3.7531250000000003,-0.16827281109475342
0,16.4925,3.75625,-0.17060093721868813
0,16.4925,3.7593750000000004,-0.17297688452450796
0,16.4925,3.7625,-0.17540188020665953
0,16.4925,3.765625,-0.1778771879387566
0,16.4925,3.7687500000000003,-0.18040410901929668
0,16.4925,3.771875,-0.18298398354967726
0,16.4925,3.7750000000000004,-0.18561819164478446
0,16.4925,3.778125,-0.1883081546763283
0,16.4925,3.78125,-0.1910553365490205
0,16.4925,3.7843750000000003,-0.19386124500955756
0,16.4925,3.7875,-0.19672743298825515
0,16.4925,3.7906250000000004,-0.19965549997303553
0,16.4925,3.79375,-0.20264709341528747
0,16.4925,3.796875,-0.20570391016695536
0,16.4925,3.8000000000000003,-0.20882769794797743
0,16.4925,3.803125,-0.21202025684297188
0,16.4925,3.8062500000000004,-0.21528344082580186
0,16.4925,3.809375,-0.2186191593103352
0,16.4925,3.8125,-0.22202937872540576
0,16.4925,3.8156250000000003,-0.22551612411158264
0,16.4925,3.81875,-0.22908148073695478
0,16.4925,3.8218750000000004,-0.23272759572867285
0,16.4925,3.825,-0.2364566797164579
0,16.4925,3.828125,-0.2402710084837392
0,16.4925,3.8312500000000003,-0.24417292462142154
0,16.4925,3.834375,-0.24816483917859342
0,16.4925,3.8375000000000004,-0.25224923330370996
0,16.4925,3.840625,-0.2564286598689018
0,16.4925,3.84375,-0.2607057450691398
0,16.4925,3.8468750000000003,-0.2650831899869058
0,16.4925,3.85,-0.26956377211187854
0,16.4925,3.8531250000000004,-0.27415034680387607
0,16.4925,3.85625,-0.2788458486858689
0,16.4925,3.859375,-0.28365329295237635
0,16.4925,3.8625000000000003,-0.288575776576836
0,16.4925,3.865625,-0.2936164793997085
0,16.4925,3.8687500000000004,-0.298778665077056
0,16.4925,3.871875,-0.30406568186709626
0,16.4925,3.875,-0.30948096322985474
0,16.4925,3.8781250000000003,-0.31502802821236403
0,16.4925,3.88125,-0.32071048158901855
0,16.4925,3.8843750000000004,-0.32653201372356994
0,16.4925,3.8875,-0.3324964001158401
0,16.4925,3.890625,-0.3386075005926032
0,16.4925,3.8937500000000003,-0.3448692580980748
0,16.4925,3.896875,-0.3512856970351952
0,16.4925,3.9000000000000004,-0.3578609211042803
0,16.4925,3.903125,-0.3645991105806277
0,16.4925,3.90625,-0.3715045189673997
0,16.4925,3.9093750000000003,-0.37858146895438227
0,16.4925,3.9125,-0.3858343476071947
0,16.4925,3.9156250000000004,-0.3932676007051114
0,16.4925,3.91875,-0.4008857261388201
0,16.4925,3.921875,-0.40869326627234986
0,16.4925,3.9250000000000003,-0.4166947991658454
0,16.4925,3.928125,-0.4248949285480951
0,16.4925,3.9312500000000004,-0.43329827241963387
0,16.4925,3.934375,-0.44190945015889904
0,16.4925,3.9375,-0.4507330679955318
0,16.4925,3.9406250000000003,-0.459773702706337
0,16.4925,3.94375,-0.4690358833810044
0,16.4925,3.9468750000000004,-0.4785240710964387
0,16.4925,3.95,-0.488242636330608
0,16.4925,3.953125,-0.49819583393958133
0,16.4925,3.9562500000000003,-0.5083877755148581
0,16.4925,3.959375,-0.5188223989327589
0,16.4925,3.9625000000000004,-0.5295034349037213
0,16.4925,3.965625,-0.5404343703272121
0,16.4925,3.96875,-0.55161840825828
0,16.4925,3.9718750000000003,-0.5630584242947343
0,16.4925,3.975,-0.5747569192004549
0,16.4925,3.9781250000000004,-0.586715967590881
0,16.4925,3.98125,-0.5989371625220121
0,16.4925,3.984375,-0.6114215558453078
0,16.4925,3.9875000000000003,-0.6241695942182371
0,16.4925,3.990625,-0.6371810506951734
0,16.4925,3.9937500000000004,-0.6504549518666469
0,16.4925,3.996875,-0.6639895005676821
0,16.4925,4.0,-0.6777819942393284
0,16.4925,4.003125000000001,-0.6918287391022108
0,16.4925,4.00625,-0.706124960388328
0,16.4925,4.009375,-0.7206647089781381
0,16.4925,4.0125,-0.7354407649046133
0,16.4925,4.015625,-0.7504445383158003
0,16.4925,4.018750000000001,-0.7656659686313639
0,16.4925,4.021875,-0.7810934227877001
0,16.4925,4.025,-0.796713593638959
0,16.4925,4.028125,-0.8125113997663369
0,16.4925,4.03125,-0.8284698881440654
0,16.4925,4.034375000000001,-0.8445701413132721
0,16.4925,4.0375,-0.8607911909218047
0,16.4925,4.040625,-0.8771099396933213
0,16.4925,4.04375,-0.8935010940862355
0,16.4925,4.046875,-0.9099371100860526
0,16.4925,4.050000000000001,-0.9263881547331275
0,16.4925,4.053125,-0.9428220861137455
0,16.4925,4.05625,-0.9592044546240246
0,16.4925,4.059375,-0.9754985283420505
0,16.4925,4.0625,-0.9916653453029799
0,16.4925,4.065625000000001,-1.0076637953513126
0,16.4925,4.06875,-1.023450734034554
0,16.4925,4.071875,-1.0389811306923604
0,16.4925,4.075,-1.054208252477378
0,16.4925,4.078125,-1.0690838855145546
0,16.4925,4.081250000000001,-1.0835585937625194
0,16.4925,4.084375,-1.097582015388982
0,16.4925,4.0875,-1.111103195620438
0,16.4925,4.090625,-1.1240709540901772
0,16.4925,4.09375,-1.1364342837100174
0,16.4925,4.096875000000001,-1.1481427770569128
0,16.4925,4.1,-1.159147075230587
0,16.4925,4.103125,-1.1693993331402461
0,16.4925,4.10625,-1.1788536942594472
0,16.4925,4.109375,-1.1874667670925425
0,16.4925,4.112500000000001,-1.1951980949659575
0,16.4925,4.115625,-1.2020106103339323
0,16.4925,4.11875,-1.2078710646049802
0,16.4925,4.121875,-1.21275042457848
0,16.4925,4.125,-1.2166242269464387
0,16.4925,4.128125000000001,-1.2194728829662849
0,16.4925,4.13125,-1.2212819263370778
0,16.4925,4.134375,-1.222042198489509
0,16.4925,4.1375,-1.2217499668928813
0,16.4925,4.140625,-1.2204069735414405
0,16.4925,4.143750000000001,-1.2180204124503664
0,16.4925,4.146875,-1.214602836704914
0,16.4925,4.15,-1.210171997298274
0,16.4925,4.153125,-1.204750617599919
0,16.4925,4.15625,-1.1983661087560542
0,16.4925,4.159375000000001,-1.191050232585585
0,16.4925,4.1625,-1.1828387195570886
0,16.4925,4.165625,-1.1737708501860928
0,16.4925,4.16875,-1.1638890086625204
0,16.4925,4.171875,-1.1532382177034703
0,16.4925,4.175000000000001,-1.1418656635385507
0,16.4925,4.178125,-1.1298202195956162
0,16.4925,4.18125,-1.1171519768959546
0,16.4925,4.184375,-1.1039117884282197
0,16.4925,4.1875,-1.0901508338912123
0,16.4925,4.190625000000001,-1.0759202102219088
0,16.4925,4.19375,-1.0612705522986448
0,16.4925,4.196875,-1.046251687170754
0,16.4925,4.2,-1.0309123241509022
0,16.4925,4.203125,-1.0152997821440022
0,16.4925,4.206250000000001,-0.9994597547022835
0,16.4925,4.209375,-0.9834361125059953
0,16.4925,4.2125,-0.967270742285733
0,16.4925,4.215625,-0.9510034206312303
0,16.4925,4.21875,-0.9346717206726628
0,16.4925,4.221875000000001,-0.9183109492721222
0,16.4925,4.225,-0.9019541121168578
0,16.4925,4.228125,-0.8856319039539702
0,16.4925,4.23125,-0.8693727211377714
0,16.4925,4.234375,-0.8532026936635109
0,16.4925,4.237500000000001,-0.8371457339242169
0,16.4925,4.240625,-0.8212235995379094
0,16.4925,4.24375,-0.805455967740342
0,16.4925,4.246875,-0.789860519013602
0,16.4925,4.25,-0.7744530278134562
0,16.4925,4.253125000000001,-0.7592474584619091
0,16.4925,4.25625,-0.7442560644779719
0,16.4925,4.259375,-0.7294894898245938
0,16.4925,4.2625,-0.7149568707487473
0,16.4925,4.265625,-0.7006659370806388
0,16.4925,4.268750000000001,-0.6866231120359236
0,16.4925,4.271875,-0.6728336097286562
0,16.4925,4.275,-0.6593015297524095
0,16.4925,4.278125,-0.6460299483221349
0,16.4925,4.28125,-0.6330210055891732
0,16.4925,4.284375000000001,-0.6202759888480271
0,16.4925,4.2875,-0.6077954114454576
0,16.4925,4.290625,-0.5955790872817726
0,16.4925,4.29375,-0.58362620086177
0,16.4925,4.296875,-0.5719353729089798
0,16.4925,4.300000000000001,-0.5605047216038312
0,16.4925,4.303125,-0.549331919544036
0,16.4925,4.30625,-0.5384142465555529
0,16.4925,4.309375,-0.527748638505911
0,16.4925,4.3125,-0.5173317322886894
0,16.4925,4.315625000000001,-0.5071599071604466
0,16.4925,4.31875,-0.49722932261909875
0,16.4925,4.321875,-0.48753595301698427
0,16.4925,4.325,-0.47807561910319596
0,16.4925,4.328125,-0.4688440166882318
0,16.4925,4.331250000000001,-0.4598367426209565
0,16.4925,4.334375,-0.4510493182628309
0,16.4925,4.3375,-0.44247721063824563
0,16.4925,4.340625,-0.4341158514328917
0,16.4925,4.34375,-0.4259606540041722
0,16.4925,4.346875000000001,-0.4180070285597358
0,16.4925,4.35,-0.41025039565168153
0,16.4925,4.353125,-0.4026861981254823
0,16.4925,4.35625,-0.39530991165431234
0,16.4925,4.359375,-0.3881170539808981
0,16.4925,4.362500000000001,-0.38110319298103923
0,16.4925,4.365625,-0.3742639536549101
0,16.4925,4.36875,-0.3675950241446432
0,16.4925,4.371875,-0.36109216086952295
0,16.4925,4.375,-0.354751192863016
0,16.4925,4.378125000000001,-0.348568025389479
0,16.4925,4.38125,-0.342538642912096
0,16.4925,4.384375,-0.3366591114777851
0,16.4925,4.3875,-0.3309255805794675
0,16.4925,4.390625,-0.32533428455084923
0,16.4925,4.393750000000001,-0.31988154354428777
0,16.4925,4.396875,-0.31456376413781706
0,16.4925,4.4,-0.3093774396133299
0,16.4925,4.403125,-0.30431914994422665
0,16.4925,4.40625,-0.29938556152721346
0,16.4925,4.409375000000001,-0.2945734266898591
0,16.4925,4.4125,-0.2898795830024758
0,16.4925,4.415625,-0.2853009524201786
0,16.4925,4.41875,-0.2808345402785552
0,16.4925,4.421875,-0.2764774341639736
0,16.4925,4.425000000000001,-0.2722268026775855
0,16.4925,4.428125,-0.26807989411009675
0,16.4925,4.43125,-0.2640340350426367
0,16.4925,4.434375,-0.26008662888753226
0,16.4925,4.4375,-0.25623515438123706
0,16.4925,4.440625000000001,-0.25247716404045417
0,16.4925,4.44375,-0.2488102825912304
0,16.4925,4.446875,-0.24523220537971321
0,16.4925,4.45,-0.2417406967723348
0,16.4925,4.453125,-0.23833358855220035
0,16.4925,4.456250000000001,-0.23500877831774325
0,16.4925,4.459375,-0.2317642278889233
0,16.4925,4.4625,-0.2285979617255863
0,16.4925,4.465625,-0.22550806536206058
0,16.4925,4.46875,-0.22249268386144752
0,16.4925,4.471875000000001,-0.21955002029266443
0,16.4925,4.475,-0.2166783342328143
0,16.4925,4.478125,-0.213875940297073
0,16.4925,4.48125,-0.21114120669798014
0,16.4925,4.484375,-0.20847255383563632
0,16.4925,4.487500000000001,-0.2058684529201047
0,16.4925,4.490625,-0.2033274246270238
0,16.4925,4.49375,-0.2008480377872192
0,16.4925,4.496875,-0.19842890811094707
0,16.4925,4.5,-0.19606869694716303
0,16.4925,4.503125000000001,-0.19376611007812336
0,16.4925,4.50625,-0.19151989654945042
0,16.4925,4.509375,-0.1893288475356759
0,16.4925,4.5125,-0.1871917952412093
0,16.4925,4.515625,-0.18510761183652852
0,16.4925,4.518750000000001,-0.1830752084293678
0,16.4925,4.521875,-0.1810935340705761
0,16.4925,4.525,-0.1791615747942583
0,16.4925,4.528125,-0.17727835269179443
0,16.4925,4.53125,-0.17544292501923436
0,16.4925,4.534375000000001,-0.17365438333758085
0,16.4925,4.5375,-0.17191185268540846
0,16.4925,4.540625,-0.17021449078324175
0,16.4925,4.54375,-0.16856148726911846
0,16.4925,4.546875,-0.16695206296469978
0,16.4925,4.550000000000001,-0.16538546917131644
0,16.4925,4.553125,-0.16386098699529747
0,16.4925,4.55625,-0.16237792670191575
0,16.4925,4.559375,-0.16093562709729742
0,16.4925,4.5625,-0.15953345493758944
0,16.4925,4.565625000000001,-0.15817080436470976
0,16.4925,4.56875,-0.156847096367966
0,16.4925,4.571875,-0.1555617782708201
0,16.4925,4.575,-0.15431432324208125
0,16.4925,4.578125,-0.1531042298307616
0,16.4925,4.581250000000001,-0.15193102152384447
0,16.4925,4.584375,-0.150794246326175
0,16.4925,4.5875,-0.14969347636166022
0,16.4925,4.590625,-0.1486283074949577
0,16.4925,4.59375,-0.14759835897277088
0,16.4925,4.596875000000001,-0.1466032730838637
0,16.4925,4.6,-0.14564271483684874
0,16.4925,4.603125,-0.14471637165475684
0,16.4925,4.60625,-0.14382395308536008
0,16.4925,4.609375,-0.14296519052613402
0,16.4925,4.612500000000001,-0.1421398369627028
0,16.4925,4.615625,-0.14134766671951884
0,16.4925,4.61875,-0.14058847522144555
0,16.4925,4.621875,-0.13986207876482565
0,16.4925,4.625,-0.1391683142964932
0,16.4925,4.628125000000001,-0.13850703919908555
0,16.4925,4.63125,-0.1378781310808691
0,16.4925,4.634375,-0.1372814875681451
0,16.4925,4.6375,-0.13671702609815028
0,16.4925,4.640625,-0.13618468371017178
0,16.4925,4.643750000000001,-0.13568441683241464
0,16.4925,4.646875,-0.1352162010619342
0,16.4925,4.65,-0.13478003093470975
0,16.4925,4.653125,-0.13437591968268275
0,16.4925,4.65625,-0.13400389897428985
0,16.4925,4.659375000000001,-0.13366401863472233
0,16.4925,4.6625,-0.1333563463418035
0,16.4925,4.665625,-0.13308096729301258
0,16.4925,4.66875,-0.1328379838387962
0,16.4925,4.671875,-0.13262751507687756
0,16.4925,4.675000000000001,-0.13244969640182663
0,16.4925,4.678125,-0.13230467900366058
0,16.4925,4.68125,-0.13219262930872455
0,16.4925,4.684375,-0.13211372835554838
0,16.4925,4.6875,-0.13206817109778246
0,16.4925,4.690625000000001,-0.1320561656256969
0,16.4925,4.69375,-0.13207793229707052
0,16.4925,4.696875,-0.1321337027676144
0,16.4925,4.7,-0.13222371891036172
0,16.4925,4.703125,-0.1323482316127243
0,16.4925,4.706250000000001,-0.13250749943916493
0,16.4925,4.709375,-0.1327017871466756
0,16.4925,4.7125,-0.1329313640394955
0,16.4925,4.715625,-0.13319650214874992
0,16.4925,4.71875,-0.13349747422197802
0,16.4925,4.721875000000001,-0.13383455150683235
0,16.4925,4.725,-0.1342080013126234
0,16.4925,4.728125,-0.13461808433285857
0,16.4925,4.73125,-0.1350650517115092
0,16.4925,4.734375,-0.1355491418354941
0,16.4925,4.737500000000001,-0.13607057683578733
0,16.4925,4.740625,-0.13662955877973235
0,16.4925,4.74375,-0.1372262655375942
0,16.4925,4.746875,-0.13786084630716378
0,16.4925,4.75,-0.13853341678143877
0,16.4925,4.753125000000001,-0.13924405394605938
0,16.4925,4.75625,-0.13999279049540703
0,16.4925,4.759375,-0.14077960885912755
0,16.4925,4.7625,-0.14160443483440088
0,16.4925,4.765625,-0.1424671308236863
0,16.4925,4.768750000000001,-0.1433674886829401
0,16.4925,4.771875,-0.14430522219160735
0,16.4925,4.775,-0.14527995916307015
0,16.4925,4.778125,-0.14629123322277174
0,16.4925,4.78125,-0.14733847529105826
0,16.4925,4.784375000000001,-0.14842100481885193
0,16.4925,4.7875,-0.1495380208367013
0,16.4925,4.790625,-0.15068859289150277
0,16.4925,4.79375,-0.15187165196018135
0,16.4925,4.796875,-0.15308598144584812
0,16.4925,4.800000000000001,-0.1543302083791272
0,16.4925,4.803125,-0.15560279496535964
0,16.4925,4.80625,-0.1569020306368473
0,16.4925,4.809375,-0.15822602478778894
0,16.4925,4.8125,-0.15957270038764293
0,16.4925,4.815625000000001,-0.1609397886855818
0,16.4925,4.81875,-0.16232482523387884
0,16.4925,4.821875,-0.16372514747057296
0,16.4925,4.825,-0.16513789411066573
0,16.4925,4.828125,-0.16656000659948475
0,16.4925,4.831250000000001,-0.16798823288052
0,16.4925,4.834375,-0.16941913372205877
0,16.4925,4.8375,-0.17084909183121022
0,16.4925,4.840625,-0.17227432395947537
0,16.4925,4.84375,-0.17369089617019604
0,16.4925,4.846875000000001,-0.17509474239433825
0,16.4925,4.85,-0.17648168634703507
0,16.4925,4.853125,-0.17784746681323207
0,16.4925,4.85625,-0.17918776623726984
0,16.4925,4.859375,-0.1804982424695468
0,16.4925,4.862500000000001,-0.18177456343511314
0,16.4925,4.865625,-0.18301244439656894
0,16.4925,4.86875,-0.184207687389718
0,16.4925,4.871875,-0.18535622231837404
0,16.4925,4.875,-0.18645414910827043
0,16.4925,4.878125000000001,-0.1874977802429627
0,16.4925,4.88125,-0.1884836829409846
0,16.4925,4.884375,-0.189408720186984
0,16.4925,4.8875,-0.19027008980346813
0,16.4925,4.890625,-0.19106536074685113
0,16.4925,4.893750000000001,-0.1917925058334418
0,16.4925,4.896875,-0.19244993014868367
0,16.4925,4.9,-0.19303649446588947
0,16.4925,4.903125,-0.19355153309726286
0,16.4925,4.90625,-0.19399486571735114
0,16.4925,4.909375000000001,-0.19436680283320848
0,16.4925,4.9125,-0.19466814472165941
0,16.4925,4.915625,-0.1949001738065661
0,16.4925,4.91875,-0.19506464060203493
0,16.4925,4.921875,-0.1951637434951558
0,16.4925,4.925000000000001,-0.19520010277850916
0,16.4925,4.928125,-0.19517672946334838
0,16.4925,4.93125,-0.19509698950494778
0,16.4925,4.934375,-0.19496456414908422
0,16.4925,4.9375,-0.19478340716117984
0,16.4925,4.940625000000001,-0.1945576997266933
0,16.4925,4.94375,-0.1942918038135282
0,16.4925,4.946875,-0.19399021476622563
0,16.4925,4.95,-0.19365751386014116
0,16.4925,4.953125,-0.19329832148496065
0,16.4925,4.956250000000001,-0.19291725155457612
0,16.4925,4.959375,-0.19251886765849127
0,16.4925,4.9625,-0.19210764138257633
0,16.4925,4.965625,-0.1916879131379562
0,16.4925,4.96875,-0.19126385574954172
0,16.4925,4.971875000000001,-0.1908394409732458
0,16.4925,4.975,-0.19041840903569432
0,16.4925,4.978125,-0.19000424122416043
0,16.4925,4.98125,-0.18960013549885002
0,16.4925,4.984375,-0.18920898505528538
0,16.4925,4.987500000000001,-0.18883335973169416
0,16.4925,4.990625,-0.18847549013480325
0,16.4925,4.99375,-0.18813725434675438
0,16.4925,4.996875,-0.18782016707516241
0,16.4925,5.0,-0.18752537111653445
0,16.4925,5.003125,-0.18725363101913642
0,16.4925,5.0062500000000005,-0.1870053288535272
0,16.4925,5.009375,-0.18678046202592227
0,16.4925,5.0125,-0.1865786430997644
0,16.4925,5.015625,-0.18639910162280782
0,16.4925,5.01875,-0.18624068798908247
0,16.4925,5.0218750000000005,-0.18610187939571435
0,16.4925,5.025,-0.1859807879821726
0,16.4925,5.028125,-0.1858751712625549
0,16.4925,5.03125,-0.18578244497852744
0,16.4925,5.034375,-0.18569969851010848
0,16.4925,5.0375000000000005,-0.18562371298234573
0,16.4925,5.040625,-0.18555098219698182
0,16.4925,5.04375,-0.18547773649855068
0,16.4925,5.046875,-0.1853999696534077
0,16.4925,5.05,-0.18531346877774044
0,16.4925,5.0531250000000005,-0.18521384729682974
0,16.4925,5.05625,-0.1850965808534185
0,16.4925,5.059375,-0.18495704600922694
0,16.4925,5.0625,-0.1847905615022267
0,16.4925,5.065625,-0.18459243173562292
0,16.4925,5.0687500000000005,-0.18435799208552042
0,16.4925,5.071875,-0.18408265552635852
0,16.4925,5.075,-0.18376195999016212
0,16.4925,5.078125,-0.1833916158014527
0,16.4925,5.08125,-0.18296755246830293
0,16.4925,5.0843750000000005,-0.18248596406532697
0,16.4925,5.0875,-0.18194335241977067
0,16.4925,5.090625,-0.18133656731003678
0,16.4925,5.09375,-0.18066284290882836
0,16.4925,5.096875,-0.17991982975140508
0,16.4925,5.1000000000000005,-0.1791056215828718
0,16.4925,5.103125,-0.17821877653533166
0,16.4925,5.10625,-0.17725833220331041
0,16.4925,5.109375,-0.17622381432018075
0,16.4925,5.1125,-0.1751152388844984
0,16.4925,5.1156250000000005,-0.1739331077377129
0,16.4925,5.11875,-0.17267839774773214
0,16.4925,5.121875,-0.17135254390037832
0,16.4925,5.125,-0.16995741673728595
0,16.4925,5.128125,-0.16849529469921776
0,16.4925,5.1312500000000005,-0.16696883203403037
0,16.4925,5.134375,-0.16538102300553717
0,16.4925,5.1375,-0.16373516319143622
0,16.4925,5.140625,-0.162034808684711
0,16.4925,5.14375,-0.1602837340139903
0,16.4925,5.1468750000000005,-0.158485889575962
0,16.4925,5.15,-0.15664535932959625
0,16.4925,5.153125,-0.1547663194408712
0,16.4925,5.15625,-0.15285299849164008
0,16.4925,5.159375,-0.15090963978108435
0,16.4925,5.1625000000000005,-0.14894046615683013
0,16.4925,5.165625,-0.14694964771896155
0,16.4925,5.16875,-0.14494127264720275
0,16.4925,5.171875,-0.14291932131242316
0,16.4925,5.175,-0.14088764375065116
0,16.4925,5.1781250000000005,-0.13884994050283625
0,16.4925,5.18125,-0.13680974675789329
0,16.4925,5.184375,-0.13477041968080308
0,16.4925,5.1875,-0.1327351287620262
0,16.4925,5.190625,-0.13070684898897234
0,16.4925,5.1937500000000005,-0.1286883566143415
0,16.4925,5.196875,-0.12668222727903222
0,16.4925,5.2,-0.12469083623807803
0,16.4925,5.203125,-0.12271636043575701
0,16.4925,5.20625,-0.12076078217947658
0,16.4925,5.2093750000000005,-0.11882589417028379
0,16.4925,5.2125,-0.1169133056598259
0,16.4925,5.215625,-0.1150244495183469
0,16.4925,5.21875,-0.11316059001504089
0,16.4925,5.221875,-0.11132283112997485
0,16.4925,5.2250000000000005,-0.10951212523527427
0,16.4925,5.228125,-0.10772928200175964
0,16.4925,5.23125,-0.10597497740530251
0,16.4925,5.234375,-0.10424976272454727
0,16.4925,5.2375,-0.1025540734379984
0,16.4925,5.2406250000000005,-0.10088823794370419
0,16.4925,5.24375,-0.0992524860387244
0,16.4925,5.246875,-0.09764695710819886
0,16.4925,5.25,-0.0960717079851636
0,16.4925,5.253125,-0.09452672045225148
0,16.4925,5.2562500000000005,-0.09301190836517696
0,16.4925,5.259375,-0.09152712438547157
0,16.4925,5.2625,-0.09007216631639095
0,16.4925,5.265625,-0.08864678304137612
0,16.4925,5.26875,-0.08725068006896418
0,16.4925,5.2718750000000005,-0.08588352469174979
0,16.4925,5.275,-0.08454495076996228
0,16.4925,5.278125,-0.083234563152531
0,16.4925,5.28125,-0.08195194175027735
0,16.4925,5.284375,-0.08069664527712346
0,16.4925,5.2875000000000005,-0.07946821467606505
0,16.4925,5.290625,-0.0782661762471544
0,16.4925,5.29375,-0.07709004449493764
0,16.4925,5.296875,-0.0759393247127657
0,16.4925,5.3,-0.07481351532115317
0,16.4925,5.3031250000000005,-0.07371210997697554
0,16.4925,5.30625,-0.07263459946978254
0,16.4925,5.309375,-0.07158047342089269
0,16.4925,5.3125,-0.07054922180027157
0,16.4925,5.315625,-0.06954033627546431
0,16.4925,5.3187500000000005,-0.06855331140610998
0,16.4925,5.321875,-0.06758764569680115
0,16.4925,5.325,-0.06664284252028077
0,16.4925,5.328125,-0.0657184109222201
0,16.4925,5.33125,-0.06481386631806768
0,16.4925,5.3343750000000005,-0.0639287310917444
0,16.4925,5.3375,-0.06306253510526212
0,16.4925,5.340625,-0.062214816127672386
0,16.4925,5.34375,-0.06138512019112431
0,16.4925,5.346875,-0.06057300188119924
0,16.4925,5.3500000000000005,-0.05977802456812586
0,16.4925,5.353125,-0.0589997605849431
0,16.4925,5.35625,-0.05823779135817211
0,16.4925,5.359375,-0.057491707496096604
0,16.4925,5.3625,-0.05676110883930561
0,16.4925,5.3656250000000005,-0.056045604477750435
0,16.4925,5.36875,-0.05534481273818963
0,16.4925,5.371875,-0.05465836114554289
0,16.4925,5.375,-0.05398588636135863
0,16.4925,5.378125,-0.0533270341022954
0,16.4925,5.3812500000000005,-0.05268145904124757
0,16.4925,5.384375,-0.05204882469349291
0,16.4925,5.3875,-0.05142880329000607
0,16.4925,5.390625,-0.05082107563987527
0,16.4925,5.39375,-0.050225330983560044
0,16.4925,5.3968750000000005,-0.049641266838554084
0,16.4925,5.4,-0.04906858883885519
0,16.4925,5.403125,-0.048507010569493685
0,16.4925,5.40625,-0.04795625339724217
0,16.4925,5.409375,-0.04741604629850117
0,16.4925,5.4125000000000005,-0.04688612568524814
0,16.4925,5.415625,-0.04636623522983551
0,16.4925,5.41875,-0.045856125689330146
0,16.4925,5.421875,-0.04535555473000829
0,16.4925,5.425,-0.044864286752540346
0,16.4925,5.4281250000000005,-0.04438209271833537
0,16.4925,5.43125,-0.04390874997745369
0,16.4925,5.434375,-0.04344404209843874
0,16.4925,5.4375,-0.042987758700374315
0,16.4925,5.440625,-0.04253969528742413
0,16.4925,5.4437500000000005,-0.042099653086073545
0,16.4925,5.446875,-0.04166743888525736
0,16.4925,5.45,-0.0412428648795231
0,16.4925,5.453125,-0.04082574851535485
0,16.4925,5.45625,-0.040415912340753216
0,16.4925,5.4593750000000005,-0.040013183858146055
0,16.4925,5.4625,-0.039617395380685455
0,16.4925,5.465625,-0.03922838389196511
0,16.4925,5.46875,-0.038845990909181484
0,16.4925,5.471875,-0.038470062349743685
0,16.4925,5.4750000000000005,-0.03810044840132722
0,16.4925,5.478125,-0.03773700339535615
0,16.4925,5.48125,-0.03737958568388657
0,16.4925,5.484375,-0.037028057519860276
0,16.4925,5.4875,-0.03668228494068652
0,16.4925,5.4906250000000005,-0.036342137655106126
0,16.4925,5.49375,-0.03600748893328719
0,16.4925,5.496875,-0.03567821550009515
0,16.4925,5.5,-0.03535419743148015
0,16.4925,5.503125,-0.03503531805391816
0,16.4925,5.5062500000000005,-0.03472146384684212
0,16.4925,5.509375,-0.03441252434799721
0,16.4925,5.5125,-0.0341083920616516
0,16.4925,5.515625,-0.03380896236959586
0,16.4925,5.51875,-0.03351413344486068
0,16.4925,5.5218750000000005,-0.03322380616808393
0,16.4925,5.525,-0.03293788404645805
0,16.4925,5.528125,-0.03265627313518746
0,16.4925,5.53125,-0.03237888196138857
0,16.4925,5.534375,-0.03210562145036342
0,16.4925,5.5375000000000005,-0.031836404854179434
0,16.4925,5.540625,-0.03157114768248961
0,16.4925,5.54375,-0.03130976763552606
0,16.4925,5.546875,-0.031052184539204324
0,16.4925,5.55,-0.03079832028227389
0,16.4925,5.5531250000000005,-0.030548098755453282
0,16.4925,5.55625,-0.03030144579248949
0,16.4925,5.559375,-0.030058289113081185
0,16.4925,5.5625,-0.029818558267609232
0,16.4925,5.565625,-0.029582184583616805
0,16.4925,5.5687500000000005,-0.0293491011139843
0,16.4925,5.571875,-0.029119242586745583
0,16.4925,5.575,-0.02889254535649233
0,16.4925,5.578125,-0.028668947357316742
0,16.4925,5.58125,-0.028448388057242275
0,16.4925,5.5843750000000005,-0.028230808414094543
0,16.4925,5.5875,-0.02801615083276605
0,16.4925,5.590625,-0.027804359123828462
0,16.4925,5.59375,-0.027595378463449675
0,16.4925,5.596875,-0.02738915535457212
0,16.4925,5.6000000000000005,-0.0271856375893113
0,16.4925,5.603125,-0.02698477421253469
0,16.4925,5.60625,-0.026786515486581477
0,16.4925,5.609375,-0.02659081285708647
0,16.4925,5.6125,-0.026397618919871264
0,16.4925,5.6156250000000005,-0.026206887388867388
0,16.4925,5.61875,-0.02601857306503786
0,16.4925,5.621875,-0.025832631806263256
0,16.4925,5.625,-0.025649020498161538
0,16.4925,5.628125,-0.025467697025809935
0,16.4925,5.6312500000000005,-0.02528862024633938
0,16.4925,5.634375,-0.025111749962372927
0,16.4925,5.6375,-0.02493704689627943
0,16.4925,5.640625,-0.024764472665216693
0,16.4925,5.64375,-0.02459398975693722
0,16.4925,5.6468750000000005,-0.02442556150633168
0,16.4925,5.65,-0.024259152072686013
0,16.4925,5.653125,-0.02409472641762804
0,16.4925,5.65625,-0.023932250283741786
0,16.4925,5.659375,-0.02377169017382687
0,16.4925,5.6625000000000005,-0.02361301333078216
0,16.4925,5.665625,-0.02345618771809329
0,16.4925,5.66875,-0.023301182000903815
0,16.4925,5.671875,-0.023147965527651672
0,16.4925,5.675,-0.022996508312251918
0,16.4925,5.6781250000000005,-0.02284678101680824
0,16.4925,5.68125,-0.022698754934836123
0,16.4925,5.684375,-0.022552401974980648
0,16.4925,5.6875,-0.0224076946452135
0,16.4925,5.690625,-0.022264606037493327
0,16.4925,5.6937500000000005,-0.022123109812874533
0,16.4925,5.696875,-0.021983180187050342
0,16.4925,5.7,-0.021844791916315602
0,16.4925,5.703125,-0.02170792028393665
0,16.4925,5.70625,-0.02157254108691461
0,16.4925,5.7093750000000005,-0.021438630623129826
0,16.4925,5.7125,-0.02130616567885541
0,16.4925,5.715625,-0.021175123516627693
0,16.4925,5.71875,-0.021045481863462934
0,16.4925,5.721875,-0.020917218899408917
0,16.4925,5.7250000000000005,-0.02079031324642088
0,16.4925,5.728125,-0.02066474395755192
0,16.4925,5.73125,-0.02054049050644735
0,16.4925,5.734375,-0.020417532777134317
0,16.4925,5.7375,-0.020295851054096804
0,16.4925,5.7406250000000005,-0.02017542601262743
0,16.4925,5.74375,-0.02005623870944754
0,16.4925,5.746875,-0.019938270573586787
0,16.4925,5.75,-0.01982150339751488
0,16.4925,5.753125,-0.01970591932851722
0,16.4925,5.7562500000000005,-0.019591500860307063
0,16.4925,5.759375,-0.019478230824867205
0,16.4925,5.7625,-0.01936609238451356
0,16.4925,5.765625,-0.019255069024174665
0,16.4925,5.76875,-0.01914514454387994
0,16.4925,5.7718750000000005,-0.019036303051450626
0,16.4925,5.775,-0.01892852895538737
0,16.4925,5.778125,-0.01882180695794808
0,16.4925,5.78125,-0.018716122048411006
0,16.4925,5.784375,-0.018611459496516956
0,16.4925,5.7875000000000005,-0.018507804846085447
0,16.4925,5.790625,-0.018405143908799892
0,16.4925,5.79375,-0.01830346275815614
0,16.4925,5.796875,-0.018202747723570313
0,16.4925,5.800000000000001,-0.018102985384640682
0,16.4925,5.8031250000000005,-0.018004162565559364
0,16.4925,5.80625,-0.017906266329669056
0,16.4925,5.809375,-0.017809283974161073
0,16.4925,5.8125,-0.017713203024910182
0,16.4925,5.815625000000001,-0.017618011231442344
0,16.4925,5.8187500000000005,-0.017523696562031683
0,16.4925,5.821875,-0.017430247198922545
0,16.4925,5.825,-0.017337651533673514
0,16.4925,5.828125,-0.017245898162619556
0,16.4925,5.831250000000001,-0.01715497588244899
0,16.4925,5.8343750000000005,-0.017064873685892122
0,16.4925,5.8375,-0.016975580757518042
0,16.4925,5.840625,-0.016887086469636912
0,16.4925,5.84375,-0.016799380378304495
0,16.4925,5.846875000000001,-0.016712452219426077
0,16.4925,5.8500000000000005,-0.01662629190495714
0,16.4925,5.853125,-0.016540889519197695
0,16.4925,5.85625,-0.016456235315178175
0,16.4925,5.859375,-0.016372319711133874
0,16.4925,5.862500000000001,-0.016289133287065726
0,16.4925,5.8656250000000005,-0.01620666678138503
0,16.4925,5.86875,-0.016124911087639512
0,16.4925,5.871875,-0.016043857251318926
0,16.4925,5.875,-0.01596349646673765
0,16.4925,5.878125000000001,-0.01588382007399232
0,16.4925,5.8812500000000005,-0.015804819555992528
0,16.4925,5.884375,-0.015726486535562276
0,16.4925,5.8875,-0.015648812772610696
0,16.4925,5.890625,-0.015571790161369854
0,16.4925,5.893750000000001,-0.015495410727697913
0,16.4925,5.8968750000000005,-0.015419666626446022
0,16.4925,5.9,-0.015344550138886876
0,16.4925,5.903125,-0.015270053670203756
0,16.4925,5.90625,-0.015196169747038106
0,16.4925,5.909375000000001,-0.015122891015094175
0,16.4925,5.9125000000000005,-0.015050210236799358
0,16.4925,5.915625,-0.014978120289018406
0,16.4925,5.91875,-0.01490661416082055
0,16.4925,5.921875,-0.014835684951297801
0,16.4925,5.925000000000001,-0.014765325867433194
0,16.4925,5.9281250000000005,-0.014695530222017798
0,16.4925,5.93125,-0.014626291431614901
0,16.4925,5.934375,-0.014557603014570566
0,16.4925,5.9375,-0.014489458589068995
0,16.4925,5.940625000000001,-0.014421851871231774
0,16.4925,5.9437500000000005,-0.014354776673259814
0,16.4925,5.946875,-0.01428822690161673
0,16.4925,5.95,-0.014222196555252921
0,16.4925,5.953125,-0.01415667972386902
0,16.4925,5.956250000000001,-0.014091670586217861
0,16.4925,5.9593750000000005,-0.014027163408444024
0,16.4925,5.9625,-0.013963152542459762
0,16.4925,5.965625,-0.013899632424356777
0,16.4925,5.96875,-0.013836597572852622
0,16.4925,5.971875000000001,-0.013774042587770999
0,16.4925,5.9750000000000005,-0.013711962148555188
0,16.4925,5.978125,-0.01365035101281349
0,16.4925,5.98125,-0.013589204014896276
0,16.4925,5.984375,-0.013528516064503589
0,16.4925,5.987500000000001,-0.013468282145322618
0,16.4925,5.9906250000000005,-0.013408497313694406
0,16.4925,5.99375,-0.013349156697308837
0,16.4925,5.996875,-0.013290255493927521
0,16.4925,6.0,-0.013231788970133652
