"Current","Field","Frequency","Spectra"
0,13.4189,1.0,-0.005533486527282924
0,13.4189,1.003125,-0.005549981273938092
0,13.4189,1.00625,-0.005566564420320477
0,13.4189,1.009375,-0.005583236686487193
0,13.4189,1.0125,-0.005599998800383615
0,13.4189,1.015625,-0.005616851497950732
0,13.4189,1.01875,-0.005633795523234229
0,13.4189,1.021875,-0.005650831628495348
0,13.4189,1.025,-0.005667960574323513
0,13.4189,1.028125,-0.005685183129750823
0,13.4189,1.03125,-0.0057025000723683605
0,13.4189,1.034375,-0.005719912188444445
0,13.4189,1.0375,-0.005737420273044773
0,13.4189,1.040625,-0.005755025130154563
0,13.4189,1.04375,-0.005772727572802689
0,13.4189,1.046875,-0.005790528423187852
0,13.4189,1.05,-0.005808428512806852
0,13.4189,1.053125,-0.005826428682584963
0,13.4189,1.05625,-0.005844529783008479
0,13.4189,1.059375,-0.00586273267425947
0,13.4189,1.0625,-0.005881038226352758
0,13.4189,1.065625,-0.005899447319275211
0,13.4189,1.06875,-0.005917960843127354
0,13.4189,1.071875,-0.005936579698267348
0,13.4189,1.075,-0.005955304795457413
0,13.4189,1.078125,-0.005974137056012701
0,13.4189,1.08125,-0.005993077411952692
0,13.4189,1.084375,-0.006012126806155161
0,13.4189,1.0875,-0.006031286192512756
0,13.4189,1.090625,-0.0060505565360922395
0,13.4189,1.09375,-0.006069938813296453
0,13.4189,1.096875,-0.006089434012029056
0,13.4189,1.1,-0.0061090431318620835
0,13.4189,1.103125,-0.00612876718420639
0,13.4189,1.10625,-0.006148607192485038
0,13.4189,1.109375,-0.006168564192309668
0,13.4189,1.1125,-0.006188639231659941
0,13.4189,1.115625,-0.006208833371066092
0,13.4189,1.11875,-0.006229147683794657
0,13.4189,1.121875,-0.006249583256037455
0,13.4189,1.125,-0.00627014118710386
0,13.4189,1.128125,-0.006290822589616468
0,13.4189,1.13125,-0.00631162858971019
0,13.4189,1.134375,-0.006332560327234857
0,13.4189,1.1375,-0.006353618955961425
0,13.4189,1.140625,-0.006374805643791804
0,13.4189,1.14375,-0.006396121572972444
0,13.4189,1.146875,-0.0064175679403117155
0,13.4189,1.15,-0.006439145957401162
0,13.4189,1.153125,-0.0064608568508407425
0,13.4189,1.15625,-0.006482701862468076
0,13.4189,1.159375,-0.006504682249591861
0,13.4189,1.1625,-0.006526799285229465
0,13.4189,1.165625,-0.00654905425834883
0,13.4189,1.16875,-0.006571448474114779
0,13.4189,1.171875,-0.006593983254139771
0,13.4189,1.175,-0.006616659936739253
0,13.4189,1.178125,-0.006639479877191674
0,13.4189,1.18125,-0.006662444448003249
0,13.4189,1.184375,-0.006685555039177625
0,13.4189,1.1875,-0.00670881305849046
0,13.4189,1.190625,-0.006732219931769132
0,13.4189,1.19375,-0.0067557771031775855
0,13.4189,1.196875,-0.006779486035506486
0,13.4189,1.2,-0.006803348210468787
0,13.4189,1.203125,-0.0068273651290007755
0,13.4189,1.20625,-0.006851538311568799
0,13.4189,1.209375,-0.006875869298481722
0,13.4189,1.2125,-0.00690035965020926
0,13.4189,1.215625,-0.006925010947706334
0,13.4189,1.21875,-0.00694982479274355
0,13.4189,1.221875,-0.006974802808243954
0,13.4189,1.225,-0.0069999466386261745
0,13.4189,1.228125,-0.007025257950154132
0,13.4189,1.23125,-0.007050738431293428
0,13.4189,1.234375,-0.007076389793074551
0,13.4189,1.2375,-0.007102213769463081
0,13.4189,1.240625,-0.007128212117737035
0,13.4189,1.24375,-0.007154386618871475
0,13.4189,1.246875,-0.0071807390779306205
0,13.4189,1.25,-0.007207271324467528
0,13.4189,1.253125,-0.007233985212931595
0,13.4189,1.25625,-0.007260882623084015
0,13.4189,1.259375,-0.007287965460421365
0,13.4189,1.2625,-0.007315235656607539
0,13.4189,1.265625,-0.007342695169914159
0,13.4189,1.26875,-0.007370345985669713
0,13.4189,1.271875,-0.0073981901167175824
0,13.4189,1.275,-0.00742622960388316
0,13.4189,1.278125,-0.00745446651645029
0,13.4189,1.28125,-0.007482902952647211
0,13.4189,1.284375,-0.007511541040142242
0,13.4189,1.2875,-0.007540382936549423
0,13.4189,1.290625,-0.007569430829944334
0,13.4189,1.29375,-0.007598686939390359
0,13.4189,1.296875,-0.007628153515475574
0,13.4189,1.3,-0.007657832840860574
0,13.4189,1.303125,-0.007687727230837444
0,13.4189,1.30625,-0.007717839033900154
0,13.4189,1.309375,-0.007748170632326646
0,13.4189,1.3125,-0.007778724442772866
0,13.4189,1.315625,-0.007809502916879056
0,13.4189,1.31875,-0.007840508541888553
0,13.4189,1.321875,-0.00787174384127943
0,13.4189,1.325,-0.00790321137540926
0,13.4189,1.328125,-0.007934913742173304
0,13.4189,1.33125,-0.00796685357767648
0,13.4189,1.334375,-0.007999033556919395
0,13.4189,1.3375,-0.008031456394498818
0,13.4189,1.340625,-0.008064124845322925
0,13.4189,1.34375,-0.00809704170534163
0,13.4189,1.346875,-0.008130209812292469
0,13.4189,1.35,-0.008163632046462291
0,13.4189,1.353125,-0.00819731133146522
0,13.4189,1.35625,-0.008231250635037277
0,13.4189,1.359375,-0.00826545296984801
0,13.4189,1.3625,-0.008299921394329645
0,13.4189,1.365625,-0.008334659013524086
0,13.4189,1.36875,-0.008369668979948265
0,13.4189,1.371875,-0.008404954494478312
0,13.4189,1.375,-0.008440518807252925
0,13.4189,1.378125,-0.008476365218596512
0,13.4189,1.38125,-0.008512497079962544
0,13.4189,1.384375,-0.008548917794897623
0,13.4189,1.3875,-0.008585630820026826
0,13.4189,1.390625,-0.008622639666060795
0,13.4189,1.39375,-0.008659947898825173
0,13.4189,1.396875,-0.008697559140312953
0,13.4189,1.4,-0.00873547706976024
0,13.4189,1.403125,-0.008773705424746162
0,13.4189,1.40625,-0.008812248002317382
0,13.4189,1.409375,-0.008851108660137998
0,13.4189,1.4125,-0.008890291317665335
0,13.4189,1.415625,-0.008929799957352422
0,13.4189,1.41875,-0.008969638625877763
0,13.4189,1.421875,-0.009009811435403109
0,13.4189,1.425,-0.00905032256486002
0,13.4189,1.428125,-0.009091176261265899
0,13.4189,1.43125,-0.009132376841070284
0,13.4189,1.434375,-0.009173928691532232
0,13.4189,1.4375,-0.009215836272129536
0,13.4189,1.440625,-0.009258104116000681
0,13.4189,1.44375,-0.009300736831420383
0,13.4189,1.446875,-0.009343739103309552
0,13.4189,1.45,-0.00938711569478071
0,13.4189,1.453125,-0.009430871448719638
0,13.4189,1.45625,-0.009475011289404416
0,13.4189,1.459375,-0.009519540224162681
0,13.4189,1.4625,-0.009564463345068261
0,13.4189,1.465625,-0.009609785830678168
0,13.4189,1.46875,-0.009655512947811076
0,13.4189,1.471875,-0.009701650053368411
0,13.4189,1.475,-0.009748202596199192
0,13.4189,1.478125,-0.009795176119009836
0,13.4189,1.48125,-0.00984257626032018
0,13.4189,1.484375,-0.009890408756466905
0,13.4189,1.4875,-0.009938679443655778
0,13.4189,1.490625,-0.009987394260064003
0,13.4189,1.49375,-0.010036559247994046
0,13.4189,1.496875,-0.010086180556080446
0,13.4189,1.5,-0.010136264441550996
0,13.4189,1.503125,-0.010186817272543905
0,13.4189,1.50625,-0.010237845530482428
0,13.4189,1.509375,-0.010289355812508665
0,13.4189,1.5125000000000002,-0.010341354833978144
0,13.4189,1.515625,-0.010393849431016898
0,13.4189,1.51875,-0.010446846563142917
0,13.4189,1.521875,-0.010500353315953666
0,13.4189,1.525,-0.010554376903881647
0,13.4189,1.5281250000000002,-0.010608924673020001
0,13.4189,1.53125,-0.010664004104019985
0,13.4189,1.534375,-0.010719622815062675
0,13.4189,1.5375,-0.010775788564906769
0,13.4189,1.540625,-0.010832509256014877
0,13.4189,1.5437500000000002,-0.010889792937760573
0,13.4189,1.546875,-0.010947647809718436
0,13.4189,1.55,-0.011006082225039755
0,13.4189,1.553125,-0.011065104693916146
0,13.4189,1.55625,-0.011124723887133894
0,13.4189,1.5593750000000002,-0.01118494863972163
0,13.4189,1.5625,-0.011245787954694041
0,13.4189,1.565625,-0.01130725100689467
0,13.4189,1.56875,-0.011369347146940538
0,13.4189,1.571875,-0.011432085905271824
0,13.4189,1.5750000000000002,-0.011495476996309713
0,13.4189,1.578125,-0.011559530322725591
0,13.4189,1.58125,-0.011624255979825165
0,13.4189,1.584375,-0.011689664260050744
0,13.4189,1.5875,-0.011755765657605517
0,13.4189,1.5906250000000002,-0.011822570873203446
0,13.4189,1.59375,-0.011890090818948585
0,13.4189,1.596875,-0.011958336623347991
0,13.4189,1.6,-0.012027319636462143
0,13.4189,1.603125,-0.012097051435197272
0,13.4189,1.6062500000000002,-0.012167543828744007
0,13.4189,1.609375,-0.012238808864166787
0,13.4189,1.6125,-0.012310858832148953
0,13.4189,1.615625,-0.012383706272898226
0,13.4189,1.61875,-0.012457363982217726
0,13.4189,1.6218750000000002,-0.012531845017747772
0,13.4189,1.625,-0.012607162705383783
0,13.4189,1.628125,-0.01268333064587606
0,13.4189,1.63125,-0.012760362721617045
0,13.4189,1.634375,-0.012838273103622224
0,13.4189,1.6375000000000002,-0.012917076258710872
0,13.4189,1.640625,-0.012996786956892947
0,13.4189,1.64375,-0.013077420278969073
0,13.4189,1.646875,-0.013158991624350202
0,13.4189,1.65,-0.01324151671910438
0,13.4189,1.6531250000000002,-0.013325011624237916
0,13.4189,1.65625,-0.013409492744218557
0,13.4189,1.659375,-0.0134949768357489
0,13.4189,1.6625,-0.013581481016797913
0,13.4189,1.665625,-0.013669022775899462
0,13.4189,1.6687500000000002,-0.013757619981726513
0,13.4189,1.671875,-0.01384729089295017
0,13.4189,1.675,-0.013938054168393298
0,13.4189,1.678125,-0.014029928877488274
0,13.4189,1.68125,-0.014122934511049377
0,13.4189,1.6843750000000002,-0.014217090992370344
0,13.4189,1.6875,-0.014312418688657957
0,13.4189,1.690625,-0.014408938422813409
0,13.4189,1.69375,-0.014506671485572893
0,13.4189,1.696875,-0.014605639648020013
0,13.4189,1.7000000000000002,-0.014705865174482672
0,13.4189,1.703125,-0.014807370835827479
0,13.4189,1.70625,-0.01491017992316581
0,13.4189,1.709375,-0.015014316261985287
0,13.4189,1.7125,-0.015119804226721809
0,13.4189,1.7156250000000002,-0.015226668755787369
0,13.4189,1.71875,-0.01533493536706947
0,13.4189,1.721875,-0.015444630173918922
0,13.4189,1.725,-0.01555577990164294
0,13.4189,1.728125,-0.01566841190452151
0,13.4189,1.7312500000000002,-0.01578255418336557
0,13.4189,1.734375,-0.015898235403636003
0,13.4189,1.7375,-0.01601548491414382
0,13.4189,1.740625,-0.01613433276635179
0,13.4189,1.74375,-0.016254809734299453
0,13.4189,1.7468750000000002,-0.016376947335173767
0,13.4189,1.75,-0.016500777850548473
0,13.4189,1.753125,-0.016626334348316743
0,13.4189,1.75625,-0.01675365070534179
0,13.4189,1.759375,-0.016882761630851797
0,13.4189,1.7625000000000002,-0.017013702690606314
0,13.4189,1.765625,-0.01714651033186199
0,13.4189,1.76875,-0.017281221909167484
0,13.4189,1.771875,-0.017417875711017387
0,13.4189,1.775,-0.017556510987397314
0,13.4189,1.7781250000000002,-0.017697167978252888
0,13.4189,1.78125,-0.01783988794291667
0,13.4189,1.784375,-0.017984713190529057
0,13.4189,1.7875,-0.01813168711148962
0,13.4189,1.790625,-0.01828085420997773
0,13.4189,1.7937500000000002,-0.018432260137582385
0,13.4189,1.796875,-0.018585951728082604
0,13.4189,1.8,-0.01874197703342212
0,13.4189,1.803125,-0.01890038536092281
0,13.4189,1.80625,-0.01906122731178406
0,13.4189,1.8093750000000002,-0.01922455482091658
0,13.4189,1.8125,-0.01939042119816111
0,13.4189,1.815625,-0.019558881170945064
0,13.4189,1.81875,-0.019729990928431286
0,13.4189,1.821875,-0.01990380816721632
0,13.4189,1.8250000000000002,-0.020080392138637184
0,13.4189,1.828125,-0.02025980369774806
0,13.4189,1.83125,-0.02044210535403137
0,13.4189,1.834375,-0.02062736132390919
0,13.4189,1.8375,-0.020815637585124794
0,13.4189,1.8406250000000002,-0.021007001933066004
0,13.4189,1.84375,-0.021201524039105055
0,13.4189,1.846875,-0.02139927551103325
0,13.4189,1.85,-0.02160032995567064
0,13.4189,1.853125,-0.021804763043735246
0,13.4189,1.8562500000000002,-0.022012652577059047
0,13.4189,1.859375,-0.022224078558241194
0,13.4189,1.8625,-0.022439123262833392
0,13.4189,1.865625,-0.022657871314154577
0,13.4189,1.86875,-0.022880409760837297
0,13.4189,1.8718750000000002,-0.02310682815721112
0,13.4189,1.875,-0.023337218646632497
0,13.4189,1.878125,-0.02357167604787553
0,13.4189,1.88125,-0.023810297944700853
0,13.4189,1.884375,-0.024053184778725763
0,13.4189,1.8875000000000002,-0.024300439945722306
0,13.4189,1.890625,-0.02455216989547471
0,13.4189,1.89375,-0.024808484235333057
0,13.4189,1.896875,-0.025069495837603685
0,13.4189,1.9,-0.02533532095092303
0,13.4189,1.9031250000000002,-0.025606079315765962
0,13.4189,1.90625,-0.025881894284244512
0,13.4189,1.909375,-0.026162892944359407
0,13.4189,1.9125,-0.02644920624887013
0,13.4189,1.915625,-0.026740969148956486
0,13.4189,1.9187500000000002,-0.027038320732848647
0,13.4189,1.921875,-0.027341404369608236
0,13.4189,1.925,-0.027650367858249182
0,13.4189,1.928125,-0.02796536358239061
0,13.4189,1.93125,-0.028286548670640944
0,13.4189,1.9343750000000002,-0.028614085162916386
0,13.4189,1.9375,-0.02894814018290144
0,13.4189,1.940625,-0.02928888611686539
0,13.4189,1.94375,-0.029636500799050385
0,13.4189,1.946875,-0.02999116770385328
0,13.4189,1.9500000000000002,-0.030353076145025068
0,13.4189,1.953125,-0.03072242148211509
0,13.4189,1.95625,-0.031099405334390574
0,13.4189,1.959375,-0.03148423580246146
0,13.4189,1.9625,-0.031877127697843455
0,13.4189,1.9656250000000002,-0.032278302780690576
0,13.4189,1.96875,-0.032687990005926454
0,13.4189,1.971875,-0.03310642577800312
0,13.4189,1.975,-0.0335338542145081
0,13.4189,1.978125,-0.03397052741883767
0,13.4189,1.9812500000000002,-0.03441670576214386
0,13.4189,1.984375,-0.0348726581747522
0,13.4189,1.9875,-0.035338662447235686
0,13.4189,1.990625,-0.035815005541311166
0,13.4189,1.99375,-0.036301983910707665
0,13.4189,1.9968750000000002,-0.03679990383213048
0,13.4189,2.0,-0.037309081746417276
0,13.4189,2.003125,-0.03782984460995102
0,13.4189,2.00625,-0.03836253025635353
0,13.4189,2.0093750000000004,-0.038907487768440906
0,13.4189,2.0125,-0.03946507786037006
0,13.4189,2.015625,-0.04003567326984542
0,13.4189,2.01875,-0.04061965916018664
0,13.4189,2.021875,-0.04121743353198121
0,13.4189,2.0250000000000004,-0.04182940764395515
0,13.4189,2.028125,-0.042456006442595326
0,13.4189,2.03125,-0.04309766899994069
0,13.4189,2.034375,-0.04375484895882933
0,13.4189,2.0375,-0.044428014984742456
0,13.4189,2.0406250000000004,-0.04511765122321837
0,13.4189,2.04375,-0.0458242577616242
0,13.4189,2.046875,-0.04654835109386157
0,13.4189,2.05,-0.04729046458634561
0,13.4189,2.053125,-0.04805114894333389
0,13.4189,2.0562500000000004,-0.04883097266938287
0,13.4189,2.059375,-0.04963052252638008
0,13.4189,2.0625,-0.05045040398222868
0,13.4189,2.065625,-0.05129124164784797
0,13.4189,2.06875,-0.05215367969869575
0,13.4189,2.0718750000000004,-0.05303838227650476
0,13.4189,2.075,-0.053946033866360335
0,13.4189,2.078125,-0.05487733964361495
0,13.4189,2.08125,-0.05583302578443786
0,13.4189,2.084375,-0.0568138397330292
0,13.4189,2.0875000000000004,-0.05782055041767331
0,13.4189,2.090625,-0.058853948406870214
0,13.4189,2.09375,-0.05991484599574896
0,13.4189,2.096875,-0.061004077211830515
0,13.4189,2.1,-0.062122497727965825
0,13.4189,2.1031250000000004,-0.06327098466890839
0,13.4189,2.10625,-0.06445043629649608
0,13.4189,2.109375,-0.06566177155679366
0,13.4189,2.1125,-0.06690592947078547
0,13.4189,2.115625,-0.06818386834830242
0,13.4189,2.1187500000000004,-0.06949656480280221
0,13.4189,2.121875,-0.07084501254240712
0,13.4189,2.125,-0.0722302209102228
0,13.4189,2.128125,-0.07365321314442268
0,13.4189,2.13125,-0.07511502432589001
0,13.4189,2.1343750000000004,-0.07661669897835953
0,13.4189,2.1375,-0.07815928828301906
0,13.4189,2.140625,-0.07974384686642146
0,13.4189,2.14375,-0.08137142911735332
0,13.4189,2.146875,-0.08304308498504268
0,13.4189,2.1500000000000004,-0.08475985520779702
0,13.4189,2.153125,-0.08652276591791815
0,13.4189,2.15625,-0.08833282256559619
0,13.4189,2.159375,-0.09019100310154003
0,13.4189,2.1625,-0.09209825035546594
0,13.4189,2.1656250000000004,-0.09405546354535624
0,13.4189,2.16875,-0.09606348885079108
0,13.4189,2.171875,-0.0981231089828149
0,13.4189,2.175,-0.10023503168295095
0,13.4189,2.178125,-0.10239987708537732
0,13.4189,2.1812500000000004,-0.10461816387919412
0,13.4189,2.184375,-0.10689029421249302
0,13.4189,2.1875,-0.10921653728692948
0,13.4189,2.190625,-0.1115970116011074
0,13.4189,2.19375,-0.11403166581375943
0,13.4189,2.1968750000000004,-0.11652025821388913
0,13.4189,2.2,-0.11906233480525079
0,13.4189,2.203125,-0.12165720603725204
0,13.4189,2.20625,-0.12430392224407887
0,13.4189,2.209375,-0.12700124788902561
0,13.4189,2.2125000000000004,-0.12974763475204432
0,13.4189,2.215625,-0.13254119424574073
0,13.4189,2.21875,-0.13537966909857424
0,13.4189,2.221875,-0.13826040470385692
0,13.4189,2.225,-0.1411803204990167
0,13.4189,2.2281250000000004,-0.1441358818108716
0,13.4189,2.23125,-0.14712307267841424
0,13.4189,2.234375,-0.1501373702433494
0,13.4189,2.2375,-0.15317372137843333
0,13.4189,2.240625,-0.15622652230197817
0,13.4189,2.2437500000000004,-0.15928960200052697
0,13.4189,2.246875,-0.1623562103468995
0,13.4189,2.25,-0.1654190118530983
0,13.4189,2.253125,-0.16847008603200675
0,13.4189,2.25625,-0.1715009353530073
0,13.4189,2.2593750000000004,-0.17450250175896412
0,13.4189,2.2625,-0.17746519265990507
0,13.4189,2.265625,-0.1803789172269832
0,13.4189,2.26875,-0.1832331336745347
0,13.4189,2.271875,-0.18601690803517282
0,13.4189,2.2750000000000004,-0.18871898470151924
0,13.4189,2.278125,-0.19132786872937138
0,13.4189,2.28125,-0.19383191957452792
0,13.4189,2.284375,-0.196219455575976
0,13.4189,2.2875,-0.19847886811182386
0,13.4189,2.2906250000000004,-0.20059874395463248
0,13.4189,2.29375,-0.20256799395611813
0,13.4189,2.296875,-0.20437598581638894
0,13.4189,2.3,-0.20601267836034062
0,13.4189,2.303125,-0.2074687544743302
0,13.4189,2.3062500000000004,-0.20873574966946845
0,13.4189,2.309375,-0.20980617315103509
0,13.4189,2.3125,-0.2106736182997211
0,13.4189,2.315625,-0.21133285961735412
0,13.4189,2.31875,-0.21177993345868912
0,13.4189,2.3218750000000004,-0.21201220025584389
0,13.4189,2.325,-0.21202838642998506
0,13.4189,2.328125,-0.2118286047561733
0,13.4189,2.33125,-0.21141435257656332
0,13.4189,2.334375,-0.21078848791516272
0,13.4189,2.3375000000000004,-0.2099551842028226
0,13.4189,2.340625,-0.20891986494299525
0,13.4189,2.34375,-0.20768912020829217
0,13.4189,2.346875,-0.20627060733050934
0,13.4189,2.35,-0.20467293851382926
0,13.4189,2.3531250000000004,-0.20290555835043722
0,13.4189,2.35625,-0.20097861434507247
0,13.4189,2.359375,-0.19890282356239725
0,13.4189,2.3625,-0.1966893384071553
0,13.4189,2.365625,-0.1943496143457781
0,13.4189,2.3687500000000004,-0.19189528209708318
0,13.4189,2.371875,-0.18933802647896844
0,13.4189,2.375,-0.18668947371834343
0,13.4189,2.378125,-0.1839610886331422
0,13.4189,2.38125,-0.18116408269665718
0,13.4189,2.3843750000000004,-0.17830933361159784
0,13.4189,2.3875,-0.17540731666709714
0,13.4189,2.390625,-0.17246804783597977
0,13.4189,2.39375,-0.16950103829825205
0,13.4189,2.396875,-0.16651525985322602
0,13.4189,2.4000000000000004,-0.1635191205075262
0,13.4189,2.403125,-0.16052044939778223
0,13.4189,2.40625,-0.157526490121757
0,13.4189,2.409375,-0.15454390150544367
0,13.4189,2.4125,-0.1515787648210021
0,13.4189,2.4156250000000004,-0.1486365964857183
0,13.4189,2.41875,-0.14572236530982513
0,13.4189,2.421875,-0.14284051341572188
0,13.4189,2.425,-0.13999498001795663
0,13.4189,2.428125,-0.13718922732796987
0,13.4189,2.4312500000000004,-0.1344262679263516
0,13.4189,2.434375,-0.13170869302514757
0,13.4189,2.4375,-0.12903870112114235
0,13.4189,2.440625,-0.1264181266161568
0,13.4189,2.44375,-0.12384846805086783
0,13.4189,2.4468750000000004,-0.12133091566358956
0,13.4189,2.45,-0.11886637804428611
0,13.4189,2.453125,-0.11645550770660587
0,13.4189,2.45625,-0.11409872544692526
0,13.4189,2.459375,-0.11179624339945944
0,13.4189,2.4625000000000004,-0.109548086730774
0,13.4189,2.465625,-0.10735411394590454
0,13.4189,2.46875,-0.10521403580225162
0,13.4189,2.471875,-0.10312743284694229
0,13.4189,2.475,-0.10109377160893675
0,13.4189,2.4781250000000004,-0.09911241948931004
0,13.4189,2.48125,-0.09718265840229404
0,13.4189,2.484375,-0.09530369722628006
0,13.4189,2.4875,-0.09347468312843646
0,13.4189,2.490625,-0.09169471182924753
0,13.4189,2.4937500000000004,-0.08996283687446249
0,13.4189,2.496875,-0.08827807798191566
0,13.4189,2.5,-0.08663942852970635
0,13.4189,2.503125,-0.08504586225050643
0,13.4189,2.50625,-0.08349633919447548
0,13.4189,2.5093750000000004,-0.08198981102057126
0,13.4189,2.5125,-0.08052522567305616
0,13.4189,2.515625,-0.07910153149683939
0,13.4189,2.51875,-0.07771768084203551
0,13.4189,2.521875,-0.07637263320482891
0,13.4189,2.5250000000000004,-0.07506535794847895
0,13.4189,2.528125,-0.07379483664510586
0,13.4189,2.53125,-0.0725600650758115
0,13.4189,2.534375,-0.07136005492372488
0,13.4189,2.5375,-0.07019383519173684
0,13.4189,2.5406250000000004,-0.06906045337402154
0,13.4189,2.54375,-0.06795897640792552
0,13.4189,2.546875,-0.06688849143045586
0,13.4189,2.55,-0.06584810636140541
0,13.4189,2.553125,-0.0648369503331145
0,13.4189,2.5562500000000004,-0.06385417398498733
0,13.4189,2.559375,-0.06289894963913967
0,13.4189,2.5625,-0.06197047137195782
0,13.4189,2.565625,-0.06106795499488098
0,13.4189,2.56875,-0.06019063795637428
0,13.4189,2.5718750000000004,-0.059337779175835284
0,13.4189,2.575,-0.05850865881905584
0,13.4189,2.578125,-0.0577025780238455
0,13.4189,2.58125,-0.05691885858349814
0,13.4189,2.584375,-0.05615684259494377
0,13.4189,2.5875000000000004,-0.05541589207767075
0,13.4189,2.590625,-0.054695388568815624
0,13.4189,2.59375,-0.05399473269919999
0,13.4189,2.596875,-0.05331334375453574
0,13.4189,2.6,-0.0526506592255158
0,13.4189,2.6031250000000004,-0.0520061343500577
0,13.4189,2.60625,-0.05137924165055986
0,13.4189,2.609375,-0.050769470468668275
0,13.4189,2.6125,-0.050176326499725164
0,13.4189,2.615625,-0.049599331328779056
0,13.4189,2.6187500000000004,-0.04903802196977706
0,13.4189,2.621875,-0.04849195040932683
0,13.4189,2.625,-0.04796068315620998
0,13.4189,2.628125,-0.04744380079764561
0,13.4189,2.63125,-0.04694089756313797
0,13.4189,2.6343750000000004,-0.04645158089659979
0,13.4189,2.6375,-0.04597547103731346
0,13.4189,2.640625,-0.04551220061018065
0,13.4189,2.64375,-0.04506141422561157
0,13.4189,2.646875,-0.04462276808931709
0,13.4189,2.6500000000000004,-0.04419592962219142
0,13.4189,2.653125,-0.043780577090405545
0,13.4189,2.65625,-0.04337639924577386
0,13.4189,2.659375,-0.04298309497640626
0,13.4189,2.6625,-0.04260037296761346
0,13.4189,2.6656250000000004,-0.042227951372996786
0,13.4189,2.66875,-0.04186555749562085
0,13.4189,2.671875,-0.04151292747914068
0,13.4189,2.675,-0.04116980600873222
0,13.4189,2.678125,-0.040835946021655196
0,13.4189,2.6812500000000004,-0.04051110842726219
0,13.4189,2.684375,-0.040195061836254445
0,13.4189,2.6875,-0.03988758229897504
0,13.4189,2.690625,-0.03958845305252209
0,13.4189,2.69375,-0.03929746427645839
0,13.4189,2.6968750000000004,-0.03901441285689006
0,13.4189,2.7,-0.03873910215868376
0,13.4189,2.703125,-0.03847134180559103
0,13.4189,2.70625,-0.0382109474680482
0,13.4189,2.709375,-0.0379577406584206
0,13.4189,2.7125000000000004,-0.03771154853346233
0,13.4189,2.715625,-0.037472203703764195
0,13.4189,2.71875,-0.0372395440499665
0,13.4189,2.721875,-0.037013412545516364
0,13.4189,2.725,-0.036793657085753106
0,13.4189,2.7281250000000004,-0.036580130323110166
0,13.4189,2.73125,-0.03637268950822578
0,13.4189,2.734375,-0.03617119633676028
0,13.4189,2.7375,-0.035975516801722646
0,13.4189,2.740625,-0.03578552105111381
0,13.4189,2.7437500000000004,-0.0356010832506999
0,13.4189,2.746875,-0.03542208145173359
0,13.4189,2.75,-0.03524839746344703
0,13.4189,2.753125,-0.035079916730145676
0,13.4189,2.75625,-0.034916528212736817
0,13.4189,2.7593750000000004,-0.0347581242745326
0,13.4189,2.7625,-0.034604600571171984
0,13.4189,2.765625,-0.03445585594451139
0,13.4189,2.76875,-0.03431179232033938
0,13.4189,2.771875,-0.034172314609774296
0,13.4189,2.7750000000000004,-0.03403733061421034
0,13.4189,2.778125,-0.03390675093368074
0,13.4189,2.78125,-0.03378048887851236
0,13.4189,2.784375,-0.033658460384150005
0,13.4189,2.7875,-0.03354058392903348
0,13.4189,2.7906250000000004,-0.03342678045541419
0,13.4189,2.79375,-0.033316973293002705
0,13.4189,2.796875,-0.03321108808534238
0,13.4189,2.8,-0.03310905271880829
0,13.4189,2.803125,-0.03301079725413418
0,13.4189,2.8062500000000004,-0.03291625386037407
0,13.4189,2.809375,-0.03282535675120842
0,13.4189,2.8125,-0.032738042123508324
0,13.4189,2.815625,-0.03265424809807446
0,13.4189,2.81875,-0.03257391466247073
0,13.4189,2.8218750000000004,-0.032496983615875316
0,13.4189,2.825,-0.03242339851587529
0,13.4189,2.828125,-0.032353104627133325
0,13.4189,2.83125,-0.03228604887185801
0,13.4189,2.834375,-0.03222217978201199
0,13.4189,2.8375000000000004,-0.03216144745319449
0,13.4189,2.840625,-0.03210380350013718
0,13.4189,2.84375,-0.03204920101375517
0,13.4189,2.846875,-0.0319975945196965
0,13.4189,2.85,-0.031948939938336314
0,13.4189,2.8531250000000004,-0.03190319454616357
0,13.4189,2.85625,-0.0318603169385102
0,13.4189,2.859375,-0.03182026699357495
0,13.4189,2.8625,-0.031783005837695555
0,13.4189,2.865625,-0.03174849581182475
0,13.4189,2.8687500000000004,-0.031716700439167786
0,13.4189,2.871875,-0.031687584393940094
0,13.4189,2.875,-0.03166111347120591
0,13.4189,2.878125,-0.03163725455775994
0,13.4189,2.88125,-0.03161597560401555
0,13.4189,2.8843750000000004,-0.031597245596864686
0,13.4189,2.8875,-0.031581034533475646
0,13.4189,2.890625,-0.03156731339599658
0,13.4189,2.89375,-0.03155605412713351
0,13.4189,2.896875,-0.031547229606573086
0,13.4189,2.9000000000000004,-0.03154081362822125
0,13.4189,2.903125,-0.031536780878230336
0,13.4189,2.90625,-0.03153510691378802
0,13.4189,2.909375,-0.0315357681426425
0,13.4189,2.9125,-0.03153874180333967
0,13.4189,2.9156250000000004,-0.03154400594614835
0,13.4189,2.91875,-0.03155153941465125
0,13.4189,2.921875,-0.03156132182797974
0,13.4189,2.925,-0.031573333563671355
0,13.4189,2.928125,-0.03158755574113024
0,13.4189,2.9312500000000004,-0.03160397020567085
0,13.4189,2.934375,-0.03162255951312654
0,13.4189,2.9375,-0.03164330691500504
0,13.4189,2.940625,-0.03166619634417364
0,13.4189,2.94375,-0.0316912124010577
0,13.4189,2.9468750000000004,-0.031718340340336305
0,13.4189,2.95,-0.031747566058120236
0,13.4189,2.953125,-0.031778876079597174
0,13.4189,2.95625,-0.031812257547130275
0,13.4189,2.959375,-0.0318476982087965
0,13.4189,2.9625000000000004,-0.031885186407351704
0,13.4189,2.965625,-0.031924711069609917
0,13.4189,2.96875,-0.03196626169622489
0,13.4189,2.971875,-0.03200982835186232
0,13.4189,2.975,-0.032055401655751534
0,13.4189,2.9781250000000004,-0.03210297277260626
0,13.4189,2.98125,-0.032152533403903935
0,13.4189,2.984375,-0.032204075779514084
0,13.4189,2.9875,-0.032257592649665906
0,13.4189,2.990625,-0.03231307727724645
0,13.4189,2.9937500000000004,-0.03237052343042034
0,13.4189,2.996875,-0.03242992537556305
0,13.4189,3.0,-0.032491277870499415
0,13.4189,3.0031250000000003,-0.032554576158039944
0,13.4189,3.00625,-0.032619815959807466
0,13.4189,3.009375,-0.032686993470347224
0,13.4189,3.0125,-0.032756105351513416
0,13.4189,3.015625,-0.032827148727126
0,13.4189,3.0187500000000003,-0.03290012117789146
0,13.4189,3.021875,-0.032975020736581574
0,13.4189,3.025,-0.0330518458834647
0,13.4189,3.028125,-0.033130595541983984
0,13.4189,3.03125,-0.03321126907467747
0,13.4189,3.0343750000000003,-0.03329386627933526
0,13.4189,3.0375,-0.03337838738538875
0,13.4189,3.040625,-0.033464833050527866
0,13.4189,3.04375,-0.0335532043575417
0,13.4189,3.046875,-0.03364350281137877
0,13.4189,3.0500000000000003,-0.033735730336422895
0,13.4189,3.053125,-0.033829889273981104
0,13.4189,3.05625,-0.03392598237998025
0,13.4189,3.059375,-0.0340240128228688
0,13.4189,3.0625,-0.034123984181721
0,13.4189,3.0656250000000003,-0.034225900444540436
0,13.4189,3.06875,-0.03432976600676006
0,13.4189,3.071875,-0.03443558566993659
0,13.4189,3.075,-0.03454336464063638
0,13.4189,3.078125,-0.0346531085295108
0,13.4189,3.0812500000000003,-0.0347648233505592
0,13.4189,3.084375,-0.034878515520577136
0,13.4189,3.0875,-0.03499419185878855
0,13.4189,3.090625,-0.03511185958665991
0,13.4189,3.09375,-0.035231526327895064
0,13.4189,3.0968750000000003,-0.03535320010860957
0,13.4189,3.1,-0.035476889357682895
0,13.4189,3.103125,-0.035602602907288096
0,13.4189,3.10625,-0.03573034999359742
0,13.4189,3.109375,-0.035860140257663466
0,13.4189,3.1125000000000003,-0.03599198374647527
0,13.4189,3.115625,-0.03612589091418843
0,13.4189,3.11875,-0.03626187262352951
0,13.4189,3.121875,-0.0363999401473739
0,13.4189,3.125,-0.03654010517049725
0,13.4189,3.1281250000000003,-0.03668237979150073
0,13.4189,3.13125,-0.036826776524909705
0,13.4189,3.134375,-0.03697330830344673
0,13.4189,3.1375,-0.037121988480478686
0,13.4189,3.140625,-0.03727283083263886
0,13.4189,3.1437500000000003,-0.03742584956262473
0,13.4189,3.146875,-0.03758105930217176
0,13.4189,3.15,-0.037738475115204714
0,13.4189,3.153125,-0.03789811250116694
0,13.4189,3.15625,-0.03805998739852889
0,13.4189,3.1593750000000003,-0.038224116188477646
0,13.4189,3.1625,-0.038390515698787944
0,13.4189,3.165625,-0.038559203207877
0,13.4189,3.16875,-0.03873019644904435
0,13.4189,3.171875,-0.03890351361489848
0,13.4189,3.1750000000000003,-0.03907917336197254
0,13.4189,3.178125,-0.03925719481553039
0,13.4189,3.18125,-0.039437597574566136
0,13.4189,3.184375,-0.0396204017169985
0,13.4189,3.1875,-0.03980562780506297
0,13.4189,3.1906250000000003,-0.03999329689090433
0,13.4189,3.19375,-0.04018343052237179
0,13.4189,3.196875,-0.040376050749020204
0,13.4189,3.2,-0.040571180128319756
0,13.4189,3.203125,-0.04076884173207748
0,13.4189,3.2062500000000003,-0.04096905915307411
0,13.4189,3.209375,-0.0411718565119191
0,13.4189,3.2125,-0.04137725846412801
0,13.4189,3.215625,-0.04158529020742553
0,13.4189,3.21875,-0.04179597748927808
0,13.4189,3.2218750000000003,-0.04200934661466035
0,13.4189,3.225,-0.0422254244540594
0,13.4189,3.228125,-0.042444238451721315
0,13.4189,3.23125,-0.042665816634144454
0,13.4189,3.234375,-0.042890187618824155
0,13.4189,3.2375000000000003,-0.04311738062325405
0,13.4189,3.240625,-0.04334742547418845
0,13.4189,3.24375,-0.0435803526171718
0,13.4189,3.246875,-0.043816193126340094
0,13.4189,3.25,-0.04405497871449988
0,13.4189,3.2531250000000003,-0.04429674174349138
0,13.4189,3.25625,-0.04454151523484068
0,13.4189,3.259375,-0.04478933288070837
0,13.4189,3.2625,-0.045040229055140345
0,13.4189,3.265625,-0.04529423882562751
0,13.4189,3.2687500000000003,-0.04555139796498206
0,13.4189,3.271875,-0.045811742963536316
0,13.4189,3.275,-0.046075311041672694
0,13.4189,3.278125,-0.046342140162691635
0,13.4189,3.28125,-0.04661226904602557
0,13.4189,3.2843750000000003,-0.04688573718080773
0,13.4189,3.2875,-0.04716258483980297
0,13.4189,3.290625,-0.04744285309371089
0,13.4189,3.29375,-0.047726583825848816
0,13.4189,3.296875,-0.04801381974722472
0,13.4189,3.3000000000000003,-0.048304604412009934
0,13.4189,3.303125,-0.04859898223342044
0,13.4189,3.30625,-0.04889699850001857
0,13.4189,3.309375,-0.04919869939244408
0,13.4189,3.3125,-0.049504132000586586
0,13.4189,3.3156250000000003,-0.049813344341210576
0,13.4189,3.31875,-0.05012638537604368
0,13.4189,3.321875,-0.05044330503034167
0,13.4189,3.325,-0.050764154211941276
0,13.4189,3.328125,-0.0510889848308142
0,13.4189,3.3312500000000003,-0.05141784981913586
0,13.4189,3.334375,-0.051750803151881554
0,13.4189,3.3375,-0.05208789986796531
0,13.4189,3.340625,-0.05242919609193487
0,13.4189,3.34375,-0.05277474905623834
0,13.4189,3.3468750000000003,-0.053124617124078365
0,13.4189,3.35,-0.05347885981286858
0,13.4189,3.353125,-0.05383753781831057
0,13.4189,3.35625,-0.05420071303910677
0,13.4189,3.359375,-0.05456844860232759
0,13.4189,3.3625000000000003,-0.05494080888945158
0,13.4189,3.365625,-0.05531785956309571
0,13.4189,3.36875,-0.055699667594457145
0,13.4189,3.371875,-0.05608630129148474
0,13.4189,3.375,-0.05647783032780185
0,13.4189,3.3781250000000003,-0.056874325772402
0,13.4189,3.38125,-0.05727586012013822
0,13.4189,3.384375,-0.057682507323030395
0,13.4189,3.3875,-0.05809434282241273
0,13.4189,3.390625,-0.05851144358194611
0,13.4189,3.3937500000000003,-0.058933888121521096
0,13.4189,3.396875,-0.05936175655207569
0,13.4189,3.4000000000000004,-0.05979513061135697
0,13.4189,3.403125,-0.06023409370065164
0,13.4189,3.40625,-0.060678730922516445
0,13.4189,3.4093750000000003,-0.0611291291195361
0,13.4189,3.4125,-0.06158537691413993
0,13.4189,3.4156250000000004,-0.06204756474950929
0,13.4189,3.41875,-0.06251578493160681
0,13.4189,3.421875,-0.06299013167236275
0,13.4189,3.4250000000000003,-0.06347070113405201
0,13.4189,3.428125,-0.06395759147489782
0,13.4189,3.4312500000000004,-0.0644509028959406
0,13.4189,3.434375,-0.06495073768920782
0,13.4189,3.4375,-0.06545720028722761
0,13.4189,3.4406250000000003,-0.06597039731392423
0,13.4189,3.44375,-0.06649043763693982
0,13.4189,3.4468750000000004,-0.06701743242142574
0,13.4189,3.45,-0.06755149518534803
0,13.4189,3.453125,-0.0680927418563555
0,13.4189,3.4562500000000003,-0.0686412908302574
0,13.4189,3.459375,-0.06919726303116153
0,13.4189,3.4625000000000004,-0.06976078197332518
0,13.4189,3.465625,-0.07033197382477129
0,13.4189,3.46875,-0.07091096747272699
0,13.4189,3.4718750000000003,-0.07149789459094041
0,13.4189,3.475,-0.07209288970893624
0,13.4189,3.4781250000000004,-0.07269609028327147
0,13.4189,3.48125,-0.07330763677085406
0,13.4189,3.484375,-0.07392767270439207
0,13.4189,3.4875000000000003,-0.0745563447700397
0,13.4189,3.490625,-0.07519380288731141
0,13.4189,3.4937500000000004,-0.07584020029133841
0,13.4189,3.496875,-0.07649569361754036
0,13.4189,3.5,-0.07716044298879371
0,13.4189,3.5031250000000003,-0.0778346121051752
0,13.4189,3.50625,-0.07851836833636522
0,13.4189,3.5093750000000004,-0.07921188281679893
0,13.4189,3.5125,-0.0799153305436527
0,13.4189,3.515625,-0.08062889047776166
0,13.4189,3.5187500000000003,-0.08135274564756259
0,13.4189,3.521875,-0.08208708325616264
0,13.4189,3.5250000000000004,-0.08283209479163836
0,13.4189,3.528125,-0.08358797614066975
0,13.4189,3.53125,-0.08435492770562313
0,13.4189,3.5343750000000003,-0.08513315452519482
0,13.4189,3.5375,-0.08592286639873623
0,13.4189,3.5406250000000004,-0.0867242780143838
0,13.4189,3.54375,-0.08753760908111961
0,13.4189,3.546875,-0.08836308446489738
0,13.4189,3.5500000000000003,-0.08920093432896828
0,13.4189,3.553125,-0.09005139427854977
0,13.4189,3.5562500000000004,-0.09091470550998508
0,13.4189,3.559375,-0.0917911149645429
0,13.4189,3.5625,-0.09268087548701864
0,13.4189,3.5656250000000003,-0.0935842459892974
0,13.4189,3.56875,-0.09450149161904892
0,13.4189,3.5718750000000004,-0.09543288393373175
0,13.4189,3.575,-0.09637870108008426
0,13.4189,3.578125,-0.09733922797929505
0,13.4189,3.5812500000000003,-0.09831475651804418
0,13.4189,3.584375,-0.0993055857456186
0,13.4189,3.5875000000000004,-0.1003120220773118
0,13.4189,3.590625,-0.10133437950432153
0,13.4189,3.59375,-0.10237297981037363
0,13.4189,3.5968750000000003,-0.10342815279530089
0,13.4189,3.6,-0.10450023650581934
0,13.4189,3.6031250000000004,-0.10558957747375217
0,13.4189,3.60625,-0.10669653096195594
0,13.4189,3.609375,-0.1078214612182208
0,13.4189,3.6125000000000003,-0.10896474173741741
0,13.4189,3.615625,-0.11012675553217853
0,13.4189,3.6187500000000004,-0.11130789541241326
0,13.4189,3.621875,-0.11250856427395661
0,13.4189,3.625,-0.11372917539667698
0,13.4189,3.6281250000000003,-0.11497015275236538
0,13.4189,3.63125,-0.11623193132274824
0,13.4189,3.6343750000000004,-0.11751495742797682
0,13.4189,3.6375,-0.1188196890659516
0,13.4189,3.640625,-0.12014659626286357
0,13.4189,3.6437500000000003,-0.1214961614353353
0,13.4189,3.646875,-0.12286887976456491
0,13.4189,3.6500000000000004,-0.12426525958288953
0,13.4189,3.653125,-0.12568582277319074
0,13.4189,3.65625,-0.12713110518159007
0,13.4189,3.6593750000000003,-0.12860165704388501
0,13.4189,3.6625,-0.130098043426198
0,13.4189,3.6656250000000004,-0.1316208446803248
0,13.4189,3.66875,-0.13317065691427732
0,13.4189,3.671875,-0.13474809247854103
0,13.4189,3.6750000000000003,-0.13635378046857208
0,13.4189,3.678125,-0.1379883672440812
0,13.4189,3.6812500000000004,-0.13965251696566708
0,13.4189,3.684375,-0.1413469121493698
0,13.4189,3.6875,-0.14307225423974185
0,13.4189,3.6906250000000003,-0.14482926420203923
0,13.4189,3.69375,-0.14661868313415466
0,13.4189,3.6968750000000004,-0.14844127289893408
0,13.4189,3.7,-0.15029781677752035
0,13.4189,3.703125,-0.15218912014439803
0,13.4189,3.7062500000000003,-0.15411601116481127
0,13.4189,3.709375,-0.15607934151524935
0,13.4189,3.7125000000000004,-0.1580799871277075
0,13.4189,3.715625,-0.16011884895842887
0,13.4189,3.71875,-0.16219685378186338
0,13.4189,3.7218750000000003,-0.164314955010567
0,13.4189,3.725,-0.16647413354178495
0,13.4189,3.7281250000000004,-0.16867539863146624
0,13.4189,3.73125,-0.17091978879644806
0,13.4189,3.734375,-0.17320837274556694
0,13.4189,3.7375000000000003,-0.17554225034043125
0,13.4189,3.740625,-0.1779225535865964
0,13.4189,3.7437500000000004,-0.18035044765587313
0,13.4189,3.746875,-0.18282713194047226
0,13.4189,3.75,-0.18535384113969094
0,13.4189,3.7531250000000003,-0.18793184637979898
0,13.4189,3.75625,-0.1905624563677668
0,13.4189,3.7593750000000004,-0.1932470185794389
0,13.4189,3.7625,-0.19598692048269706
0,13.4189,3.765625,-0.1987835907961253
0,13.4189,3.7687500000000003,-0.20163850078360226
0,13.4189,3.771875,-0.20455316558518705
0,13.4189,3.7750000000000004,-0.20752914558457647
0,13.4189,3.778125,-0.21056804781329833
0,13.4189,3.78125,-0.21367152739171247
0,13.4189,3.7843750000000003,-0.21684128900673735
0,13.4189,3.7875,-0.220079088426083
0,13.4189,3.7906250000000004,-0.22338673404860376
0,13.4189,3.79375,-0.22676608849017385
0,13.4189,3.796875,-0.23021907020429558
0,13.4189,3.8000000000000003,-0.23374765513638177
0,13.4189,3.803125,-0.23735387841039005
0,13.4189,3.8062500000000004,-0.241039836046183
0,13.4189,3.809375,-0.24480768670561848
0,13.4189,3.8125,-0.2486596534650177
0,13.4189,3.8156250000000003,-0.2525980256111985
0,13.4189,3.81875,-0.25662516045779304
0,13.4189,3.8218750000000004,-0.26074348517803747
0,13.4189,3.825,-0.26495549864960144
0,13.4189,3.828125,-0.26926377330639534
0,13.4189,3.8312500000000003,-0.2736709569915266
0,13.4189,3.834375,-0.27817977480478223
0,13.4189,3.8375000000000004,-0.2827930309371165
0,13.4189,3.840625,-0.287513610483605
0,13.4189,3.84375,-0.2923444812252609
0,13.4189,3.8468750000000003,-0.29728869536886676
0,13.4189,3.85,-0.30234939123266086
0,13.4189,3.8531250000000004,-0.3075297948642483
0,13.4189,3.85625,-0.3128332215754746
0,13.4189,3.859375,-0.31826307737725684
0,13.4189,3.8625000000000003,-0.32382286029539736
0,13.4189,3.865625,-0.3295161615462873
0,13.4189,3.8687500000000004,-0.33534666654909145
0,13.4189,3.871875,-0.3413181557484244
0,13.4189,3.875,-0.3474345052187957
0,13.4189,3.8781250000000003,-0.35369968701903265
0,13.4189,3.88125,-0.3601177692616162
0,13.4189,3.8843750000000004,-0.3666929158582908
0,13.4189,3.8875,-0.3734293858993911
0,13.4189,3.890625,-0.3803315326201682
0,13.4189,3.8937500000000003,-0.3874038019028029
0,13.4189,3.896875,-0.3946507302579181
0,13.4189,3.9000000000000004,-0.40207694222412277
0,13.4189,3.903125,-0.40968714711841314
0,13.4189,3.90625,-0.4174861350642413
0,13.4189,3.9093750000000003,-0.42547877221751995
0,13.4189,3.9125,-0.43366999510396187
0,13.4189,3.9156250000000004,-0.44206480397384035
0,13.4189,3.91875,-0.4506682550724762
0,13.4189,3.921875,-0.45948545171669464
0,13.4189,3.9250000000000003,-0.46852153405891767
0,13.4189,3.928125,-0.4777816674117564
0,13.4189,3.9312500000000004,-0.487271028996829
0,13.4189,3.934375,-0.4969947929721167
0,13.4189,3.9375,-0.5069581135827492
0,13.4189,3.9406250000000003,-0.5171661062704939
0,13.4189,3.94375,-0.5276238265678505
0,13.4189,3.9468750000000004,-0.5383362465934998
0,13.4189,3.95,-0.5493082289571249
0,13.4189,3.953125,-0.560544497873752
0,13.4189,3.9562500000000003,-0.5720496072807282
0,13.4189,3.959375,-0.5838279057449137
0,13.4189,3.9625000000000004,-0.5958834979438367
0,13.4189,3.965625,-0.6082202025028647
0,13.4189,3.96875,-0.6208415059716732
0,13.4189,3.9718750000000003,-0.6337505127276656
0,13.4189,3.975,-0.6469498906025744
0,13.4189,3.9781250000000004,-0.6604418120417801
0,13.4189,3.98125,-0.6742278906247827
0,13.4189,3.984375,-0.6883091128008861
0,13.4189,3.9875000000000003,-0.7026857647271716
0,13.4189,3.990625,-0.7173573541376594
0,13.4189,3.9937500000000004,-0.7323225272241134
0,13.4189,3.996875,-0.7475789805713564
0,13.4189,4.0,-0.763123368264698
0,13.4189,4.003125000000001,-0.7789512043748333
0,13.4189,4.00625,-0.7950567611278455
0,13.4189,4.009375,-0.8114329631855206
0,13.4189,4.0125,-0.8280712785944336
0,13.4189,4.015625,-0.8449616071126849
0,13.4189,4.018750000000001,-0.8620921667893315
0,13.4189,4.021875,-0.8794493798545581
0,13.4189,4.025,-0.8970177591765514
0,13.4189,4.028125,-0.9147797967521014
0,13.4189,4.03125,-0.932715855920538
0,13.4189,4.034375000000001,-0.9508040692194811
0,13.4189,4.0375,-0.9690202440329228
0,13.4189,4.040625,-0.987337778410353
0,13.4189,4.04375,-1.0057275896526976
0,13.4189,4.046875,-1.0241580584590806
0,13.4189,4.050000000000001,-1.0425949915962252
0,13.4189,4.053125,-1.0610016061800833
0,13.4189,4.05625,-1.0793385387337653
0,13.4189,4.059375,-1.0975638821940117
0,13.4189,4.0625,-1.1156332539681084
0,13.4189,4.065625000000001,-1.1334998979794957
0,13.4189,4.06875,-1.1511148233730515
0,13.4189,4.071875,-1.1684269821687008
0,13.4189,4.075,-1.1853834876469793
0,13.4189,4.078125,-1.2019298746194333
0,13.4189,4.081250000000001,-1.2180104019791722
0,13.4189,4.084375,-1.2335683970502336
0,13.4189,4.0875,-1.248546640270019
0,13.4189,4.090625,-1.2628877876662108
0,13.4189,4.09375,-1.276534827455456
0,13.4189,4.096875000000001,-1.2894315659274473
0,13.4189,4.1,-1.301523136625795
0,13.4189,4.103125,-1.3127565257397693
0,13.4189,4.10625,-1.3230811056267042
0,13.4189,4.109375,-1.3324491675431984
0,13.4189,4.112500000000001,-1.3408164440207881
0,13.4189,4.115625,-1.3481426109229044
0,13.4189,4.11875,-1.3543917591000358
0,13.4189,4.121875,-1.359532825745265
0,13.4189,4.125,-1.363539976056781
0,13.4189,4.128125000000001,-1.3663929266362038
0,13.4189,4.13125,-1.3680772031765043
0,13.4189,4.134375,-1.3685843263893067
0,13.4189,4.1375,-1.367911921743323
0,13.4189,4.140625,-1.3660637503759796
0,13.4189,4.143750000000001,-1.3630496604319797
0,13.4189,4.146875,-1.358885460003121
0,13.4189,4.15,-1.3535927147188505
0,13.4189,4.153125,-1.3471984747952834
0,13.4189,4.15625,-1.3397349379263754
0,13.4189,4.159375000000001,-1.331239055739927
0,13.4189,4.1625,-1.3217520926003952
0,13.4189,4.165625,-1.3113191462925986
0,13.4189,4.16875,-1.299988640553012
0,13.4189,4.171875,-1.2878117995305773
0,13.4189,4.175000000000001,-1.2748421140742734
0,13.4189,4.178125,-1.2611348092876886
0,13.4189,4.18125,-1.246746322100041
0,13.4189,4.184375,-1.2317337967230928
0,13.4189,4.1875,-1.2161546048416403
0,13.4189,4.190625000000001,-1.2000658962719088
0,13.4189,4.19375,-1.1835241846633675
0,13.4189,4.196875,-1.166584971659412
0,13.4189,4.2,-1.149302411809302
0,13.4189,4.203125,-1.1317290194683949
0,13.4189,4.206250000000001,-1.1139154179623678
0,13.4189,4.209375,-1.0959101304398622
0,13.4189,4.2125,-1.0777594111087097
0,13.4189,4.215625,-1.0595071149483628
0,13.4189,4.21875,-1.0411946035138315
0,13.4189,4.221875000000001,-1.022860684090988
0,13.4189,4.225,-1.0045415792195616
0,13.4189,4.228125,-0.9862709234587318
0,13.4189,4.23125,-0.9680797842185495
0,13.4189,4.234375,-0.9499967035043391
0,13.4189,4.237500000000001,-0.9320477575091265
0,13.4189,4.240625,-0.9142566311265041
0,13.4189,4.24375,-0.896644704632131
0,13.4189,4.246875,-0.8792311499853322
0,13.4189,4.25,-0.8620330344222709
0,13.4189,4.253125000000001,-0.8450654292421943
0,13.4189,4.25625,-0.8283415219196778
0,13.4189,4.259375,-0.8118727299038766
0,13.4189,4.2625,-0.7956688146860512
0,13.4189,4.265625,-0.7797379949247436
0,13.4189,4.268750000000001,-0.7640870576130367
0,13.4189,4.271875,-0.7487214664512775
0,13.4189,4.275,-0.7336454667515386
0,13.4189,4.278125,-0.7188621863466276
0,13.4189,4.28125,-0.7043737321059512
0,13.4189,4.284375000000001,-0.6901812817749394
0,13.4189,4.2875,-0.6762851709534117
0,13.4189,4.290625,-0.6626849751130998
0,13.4189,4.29375,-0.649379586626553
0,13.4189,4.296875,-0.6363672868392413
0,13.4189,4.300000000000001,-0.6236458132662897
0,13.4189,4.303125,-0.6112124220347878
0,13.4189,4.30625,-0.599063945723958
0,13.4189,4.309375,-0.5871968467796322
0,13.4189,4.3125,-0.5756072666967891
0,13.4189,4.315625000000001,-0.5642910711763873
0,13.4189,4.31875,-0.5532438914700766
0,13.4189,4.321875,-0.5424611621300528
0,13.4189,4.325,-0.5319381553819501
0,13.4189,4.328125,-0.5216700123362206
0,13.4189,4.331250000000001,-0.5116517712494618
0,13.4189,4.334375,-0.5018783930410606
0,13.4189,4.3375,-0.49234478426332473
0,13.4189,4.340625,-0.4830458177152864
0,13.4189,4.34375,-0.47397635088131657
0,13.4189,4.346875000000001,-0.4651312423666981
0,13.4189,4.35,-0.45650536649269574
0,13.4189,4.353125,-0.44809362620413073
0,13.4189,4.35625,-0.43989096443312276
0,13.4189,4.359375,-0.43189237405311814
0,13.4189,4.362500000000001,-0.4240929065484725
0,13.4189,4.365625,-0.41648767951593724
0,13.4189,4.36875,-0.409071883105991
0,13.4189,4.371875,-0.401840785504021
0,13.4189,4.375,-0.3947897375435311
0,13.4189,4.378125000000001,-0.3879141765365183
0,13.4189,4.38125,-0.3812096293992306
0,13.4189,4.384375,-0.3746717151451375
0,13.4189,4.3875,-0.3682961468110619
0,13.4189,4.390625,-0.36207873287667525
0,13.4189,4.393750000000001,-0.3560153782325314
0,13.4189,4.396875,-0.3501020847468831
0,13.4189,4.4,-0.34433495147706616
0,13.4189,4.403125,-0.3387101745671926
0,13.4189,4.40625,-0.3332240468699266
0,13.4189,4.409375000000001,-0.32787295732675886
0,13.4189,4.4125,-0.32265339013786337
0,13.4189,4.415625,-0.31756192374965897
0,13.4189,4.41875,-0.3125952296855585
0,13.4189,4.421875,-0.30775007124275017
0,13.4189,4.425000000000001,-0.3030233020757214
0,13.4189,4.428125,-0.29841186468505604
0,13.4189,4.43125,-0.2939127888281439
0,13.4189,4.434375,-0.28952318986678005
0,13.4189,4.4375,-0.28524026706492844
0,13.4189,4.440625000000001,-0.2810613018486151
0,13.4189,4.44375,-0.2769836560385301
0,13.4189,4.446875,-0.2730047700647461
0,13.4189,4.45,-0.2691221611719452
0,13.4189,4.453125,-0.2653334216224742
0,13.4189,4.456250000000001,-0.2616362169037707
0,13.4189,4.459375,-0.25802828394584715
0,13.4189,4.4625,-0.25450742935380427
0,13.4189,4.465625,-0.25107152765975843
0,13.4189,4.46875,-0.24771851959789
0,13.4189,4.471875000000001,-0.2444464104058934
0,13.4189,4.475,-0.24125326815557915
0,13.4189,4.478125,-0.23813722211496424
0,13.4189,4.48125,-0.23509646114385727
0,13.4189,4.484375,-0.23212923212452682
0,13.4189,4.487500000000001,-0.2292338384288234
0,13.4189,4.490625,-0.2264086384228057
0,13.4189,4.49375,-0.22365204400968847
0,13.4189,4.496875,-0.22096251921175977
0,13.4189,4.5,-0.21833857879165774
0,13.4189,4.503125000000001,-0.2157787869133029
0,13.4189,4.50625,-0.21328175584259246
0,13.4189,4.509375,-0.21084614468783777
0,13.4189,4.5125,-0.20847065817985255
0,13.4189,4.515625,-0.20615404549143773
0,13.4189,4.518750000000001,-0.20389509909598746
0,13.4189,4.521875,-0.20169265366482766
0,13.4189,4.525,-0.19954558500283787
0,13.4189,4.528125,-0.19745280902188375
0,13.4189,4.53125,-0.19541328075148742
0,13.4189,4.534375000000001,-0.1934259933861756
0,13.4189,4.5375,-0.19148997736887918
0,13.4189,4.540625,-0.18960429950972812
0,13.4189,4.54375,-0.18776806213959266
0,13.4189,4.546875,-0.18598040229764892
0,13.4189,4.550000000000001,-0.18424049095227915
0,13.4189,4.553125,-0.18254753225456985
0,13.4189,4.55625,-0.18090076282365833
0,13.4189,4.559375,-0.17929945106319078
0,13.4189,4.5625,-0.1777428965080985
0,13.4189,4.565625000000001,-0.17623042920093018
0,13.4189,4.56875,-0.17476140909693783
0,13.4189,4.571875,-0.17333522549710015
0,13.4189,4.575,-0.17195129650827612
0,13.4189,4.578125,-0.17060906852962435
0,13.4189,4.581250000000001,-0.16930801576444143
0,13.4189,4.584375,-0.16804763975652673
0,13.4189,4.5875,-0.16682746895015468
0,13.4189,4.590625,-0.16564705827272358
0,13.4189,4.59375,-0.1645059887390835
0,13.4189,4.596875000000001,-0.16340386707653456
0,13.4189,4.6,-0.16234032536942158
0,13.4189,4.603125,-0.16131502072219742
0,13.4189,4.60625,-0.16032763493978278
0,13.4189,4.609375,-0.15937787422395372
0,13.4189,4.612500000000001,-0.15846546888443575
0,13.4189,4.615625,-0.15759017306328002
0,13.4189,4.61875,-0.15675176447099695
0,13.4189,4.621875,-0.15595004413282698
0,13.4189,4.625,-0.15518483614338088
0,13.4189,4.628125000000001,-0.15445598742776676
0,13.4189,4.63125,-0.15376336750715439
0,13.4189,4.634375,-0.15310686826655878
0,13.4189,4.6375,-0.1524864037224487
0,13.4189,4.640625,-0.1519019097875617
0,13.4189,4.643750000000001,-0.15135334403009798
0,13.4189,4.646875,-0.15084068542420506
0,13.4189,4.65,-0.1503639340883943
0,13.4189,4.653125,-0.149923111008238
0,13.4189,4.65625,-0.14951825773936095
0,13.4189,4.659375000000001,-0.14914943608639486
0,13.4189,4.6625,-0.14881672775317614
0,13.4189,4.665625,-0.1485202339590493
0,13.4189,4.66875,-0.148260075015695
0,13.4189,4.671875,-0.14803638985840778
0,13.4189,4.675000000000001,-0.1478493355252385
0,13.4189,4.678125,-0.14769908657684905
0,13.4189,4.68125,-0.1475858344493367
0,13.4189,4.684375,-0.14750978673165185
0,13.4189,4.6875,-0.1474711663585569
0,13.4189,4.690625000000001,-0.1474702107093713
0,13.4189,4.69375,-0.14750717060199978
0,13.4189,4.696875,-0.14758230917096754
0,13.4189,4.7,-0.14769590061737942
0,13.4189,4.703125,-0.14784822881789395
0,13.4189,4.706250000000001,-0.14803958577895812
0,13.4189,4.709375,-0.14827026992169617
0,13.4189,4.7125,-0.14854058418200047
0,13.4189,4.715625,-0.14885083390953735
0,13.4189,4.71875,-0.14920132454859167
0,13.4189,4.721875000000001,-0.14959235908292687
0,13.4189,4.725,-0.15002423522617797
0,13.4189,4.728125,-0.15049724233874517
0,13.4189,4.73125,-0.15101165805173483
0,13.4189,4.734375,-0.1515677445782762
0,13.4189,4.737500000000001,-0.15216574469252667
0,13.4189,4.740625,-0.1528058773569586
0,13.4189,4.74375,-0.15348833297913156
0,13.4189,4.746875,-0.15421326828015766
0,13.4189,4.75,-0.15498080075857007
0,13.4189,4.753125000000001,-0.15579100273533236
0,13.4189,4.75625,-0.15664389496842498
0,13.4189,4.759375,-0.1575394398288681
0,13.4189,4.7625,-0.15847753403429118
0,13.4189,4.765625,-0.15945800094138324
0,13.4189,4.768750000000001,-0.1604805824047829
0,13.4189,4.771875,-0.1615449302173824
0,13.4189,4.775,-0.16265059715566668
0,13.4189,4.778125,-0.1637970276636844
0,13.4189,4.78125,-0.1649835482206738
0,13.4189,4.784375000000001,-0.166209357450212
0,13.4189,4.7875,-0.16747351604312924
0,13.4189,4.790625,-0.16877493658226092
0,13.4189,4.79375,-0.17011237337432306
0,13.4189,4.796875,-0.171484412412733
0,13.4189,4.800000000000001,-0.17288946161474303
0,13.4189,4.803125,-0.1743257414966304
0,13.4189,4.80625,-0.17579127647144271
0,13.4189,4.809375,-0.17728388697442843
0,13.4189,4.8125,-0.17880118264126527
0,13.4189,4.815625000000001,-0.18034055678266367
0,13.4189,4.81875,-0.18189918241515474
0,13.4189,4.821875,-0.18347401012081704
0,13.4189,4.825,-0.1850617680172821
0,13.4189,4.828125,-0.18665896412252866
0,13.4189,4.831250000000001,-0.1882618913953929
0,13.4189,4.834375,-0.1898666357213374
0,13.4189,4.8375,-0.1914690870926237
0,13.4189,4.840625,-0.1930649542016054
0,13.4189,4.84375,-0.19464978262470745
0,13.4189,4.846875000000001,-0.19621897672211455
0,13.4189,4.85,-0.19776782531429088
0,13.4189,4.853125,-0.19929153112142842
0,13.4189,4.85625,-0.20078524386666327
0,13.4189,4.859375,-0.2022440968499652
0,13.4189,4.862500000000001,-0.20366324669896754
0,13.4189,4.865625,-0.20503791589854695
0,13.4189,4.86875,-0.20636343759593115
0,13.4189,4.871875,-0.20763530207634862
0,13.4189,4.875,-0.20884920421002634
0,13.4189,4.878125000000001,-0.21000109108895795
0,13.4189,4.88125,-0.21108720900579814
0,13.4189,4.884375,-0.2121041488814972
0,13.4189,4.8875,-0.21304888922641474
0,13.4189,4.890625,-0.21391883572444523
0,13.4189,4.893750000000001,-0.21471185656274172
0,13.4189,4.896875,-0.2154263126915145
0,13.4189,4.9,-0.21606108228817622
0,13.4189,4.903125,-0.21661557881555932
0,13.4189,4.90625,-0.21708976220151038
0,13.4189,4.909375000000001,-0.2174841428220379
0,13.4189,4.9125,-0.21779977813671395
0,13.4189,4.915625,-0.21803826199680673
0,13.4189,4.91875,-0.21820170681701043
0,13.4189,4.921875,-0.21829271896409677
0,13.4189,4.925000000000001,-0.21831436786419395
0,13.4189,4.928125,-0.21827014945941028
0,13.4189,4.93125,-0.21816394474988873
0,13.4189,4.934375,-0.2179999742361103
0,13.4189,4.9375,-0.21778274912673753
0,13.4189,4.940625000000001,-0.21751702019925628
0,13.4189,4.94375,-0.21720772519520692
0,13.4189,4.946875,-0.2168599356011138
0,13.4189,4.95,-0.21647880361352015
0,13.4189,4.953125,-0.216069510015671
0,13.4189,4.956250000000001,-0.21563721360871588
0,13.4189,4.959375,-0.21518700274629923
0,13.4189,4.9625,-0.2147238494225304
0,13.4189,4.965625,-0.2142525662637554
0,13.4189,4.96875,-0.21377776667801077
0,13.4189,4.971875000000001,-0.21330382832576292
0,13.4189,4.975,-0.21283485999406263
0,13.4189,4.978125,-0.21237467188553125
0,13.4189,4.98125,-0.21192674927493882
0,13.4189,4.984375,-0.21149422944020171
0,13.4189,4.987500000000001,-0.21107988174161843
0,13.4189,4.990625,-0.21068609070271682
0,13.4189,4.99375,-0.2103148419375256
0,13.4189,4.996875,-0.20996771077138382
0,13.4189,5.0,-0.2096458534142717
0,13.4189,5.003125,-0.20935000056567224
0,13.4189,5.0062500000000005,-0.20908045335653624
0,13.4189,5.009375,-0.20883708156538144
0,13.4189,5.0125,-0.20861932408016248
0,13.4189,5.015625,-0.20842619161356105
0,13.4189,5.01875,-0.2082562717149714
0,13.4189,5.0218750000000005,-0.20810773615594733
0,13.4189,5.025,-0.20797835079546767
0,13.4189,5.028125,-0.20786548805537158
0,13.4189,5.03125,-0.20776614215307238
0,13.4189,5.034375,-0.2076769472466434
0,13.4189,5.0375000000000005,-0.2075941986452113
0,13.4189,5.040625,-0.20751387722410608
0,13.4189,5.04375,-0.20743167715851607
0,13.4189,5.046875,-0.20734303705092313
0,13.4189,5.05,-0.2072431744762274
0,13.4189,5.0531250000000005,-0.2071271239045833
0,13.4189,5.05625,-0.20698977788650716
0,13.4189,5.059375,-0.20682593129933993
0,13.4189,5.0625,-0.20663032836086268
0,13.4189,5.065625,-0.20639771201761933
0,13.4189,5.0687500000000005,-0.20612287521573303
0,13.4189,5.071875,-0.20580071346466722
0,13.4189,5.075,-0.2054262780137743
0,13.4189,5.078125,-0.20499482888211065
0,13.4189,5.08125,-0.20450188691831475
0,13.4189,5.0843750000000005,-0.20394328402353162
0,13.4189,5.0875,-0.20331521065002586
0,13.4189,5.090625,-0.20261425969406816
0,13.4189,5.09375,-0.20183746593566804
0,13.4189,5.096875,-0.20098234024027192
0,13.4189,5.1000000000000005,-0.20004689782784257
0,13.4189,5.103125,-0.19902968003056032
0,13.4189,5.10625,-0.19792976909818513
0,13.4189,5.109375,-0.19674679576517343
0,13.4189,5.1125,-0.19548093946022943
0,13.4189,5.1156250000000005,-0.19413292121077216
0,13.4189,5.11875,-0.19270398946514872
0,13.4189,5.121875,-0.19119589921775434
0,13.4189,5.125,-0.18961088497042794
0,13.4189,5.128125,-0.18795162819219888
0,13.4189,5.1312500000000005,-0.18622122004442032
0,13.4189,5.134375,-0.18442312021649143
0,13.4189,5.1375,-0.1825611127670614
0,13.4189,5.140625,-0.18063925988658355
0,13.4189,5.14375,-0.17866185449028255
0,13.4189,5.1468750000000005,-0.17663337251824937
0,13.4189,5.15,-0.1745584257645484
0,13.4189,5.153125,-0.1724417159837123
0,13.4189,5.15625,-0.17028799093509195
0,13.4189,5.159375,-0.16810200292755811
0,13.4189,5.1625000000000005,-0.1658884703234299
0,13.4189,5.165625,-0.16365204235526531
0,13.4189,5.16875,-0.1613972675059229
0,13.4189,5.171875,-0.15912856560423444
0,13.4189,5.175,-0.1568502036981126
0,13.4189,5.1781250000000005,-0.15456627568587403
0,13.4189,5.18125,-0.15228068561616104
0,13.4189,5.184375,-0.1499971345077294
0,13.4189,5.1875,-0.14771911049272102
0,13.4189,5.190625,-0.14544988205047338
0,13.4189,5.1937500000000005,-0.1431924940728761
0,13.4189,5.196875,-0.14094976648582333
0,13.4189,5.2,-0.13872429514336332
0,13.4189,5.203125,-0.1365184547105975
0,13.4189,5.20625,-0.13433440325695026
0,13.4189,5.2093750000000005,-0.132174088292027
0,13.4189,5.2125,-0.13003925399072655
0,13.4189,5.215625,-0.1279314493715509
0,13.4189,5.21875,-0.12585203721128924
0,13.4189,5.221875,-0.12380220349955277
0,13.4189,5.2250000000000005,-0.12178296725741435
0,13.4189,5.228125,-0.11979519056504252
0,13.4189,5.23125,-0.11783958866327392
0,13.4189,5.234375,-0.11591674001323853
0,13.4189,5.2375,-0.11402709621611604
0,13.4189,5.2406250000000005,-0.11217099171176004
0,13.4189,5.24375,-0.11034865319013606
0,13.4189,5.246875,-0.10856020866323206
0,13.4189,5.25,-0.10680569615736096
0,13.4189,5.253125,-0.105085071996548
0,13.4189,5.2562500000000005,-0.103398218657115
0,13.4189,5.259375,-0.10174495218167735
0,13.4189,5.2625,-0.10012502914765607
0,13.4189,5.265625,-0.09853815319121312
0,13.4189,5.26875,-0.09698398109228899
0,13.4189,5.2718750000000005,-0.0954621284303221
0,13.4189,5.275,-0.09397217482332593
0,13.4189,5.278125,-0.09251366876538997
0,13.4189,5.28125,-0.09108613207948006
0,13.4189,5.284375,-0.08968906400367058
0,13.4189,5.2875000000000005,-0.08832194492977874
0,13.4189,5.290625,-0.08698423981382641
0,13.4189,5.29375,-0.08567540127789111
0,13.4189,5.296875,-0.08439487242281053
0,13.4189,5.3,-0.08314208937087307
0,13.4189,5.3031250000000005,-0.08191648355715395
0,13.4189,5.30625,-0.08071748378754619
0,13.4189,5.309375,-0.0795445180808258
0,13.4189,5.3125,-0.07839701531132841
0,13.4189,5.315625,-0.07727440666798474
0,13.4189,5.3187500000000005,-0.07617612694462189
0,13.4189,5.321875,-0.07510161567558024
0,13.4189,5.325,-0.07405031812983214
0,13.4189,5.328125,-0.07302168617595427
0,13.4189,5.33125,-0.07201517902946804
0,13.4189,5.3343750000000005,-0.0710302638932682
0,13.4189,5.3375,-0.07006641650108811
0,13.4189,5.340625,-0.0691231215732084
0,13.4189,5.34375,-0.06819987319292273
0,13.4189,5.346875,-0.06729617511160134
0,13.4189,5.3500000000000005,-0.06641154098957057
0,13.4189,5.353125,-0.06554549457943842
0,13.4189,5.35625,-0.06469756985793881
0,13.4189,5.359375,-0.06386731111186061
0,13.4189,5.3625,-0.0630542729831387
0,13.4189,5.3656250000000005,-0.06225802047774368
0,13.4189,5.36875,-0.061478128942592414
0,13.4189,5.371875,-0.06071418401431524
0,13.4189,5.375,-0.059965781543369914
0,13.4189,5.378125,-0.059232527496658964
0,13.4189,5.3812500000000005,-0.05851403784151216
0,13.4189,5.384375,-0.05780993841362004
0,13.4189,5.3875,-0.057119864771248585
0,13.4189,5.390625,-0.05644346203783992
0,13.4189,5.39375,-0.05578038473488628
0,13.4189,5.3968750000000005,-0.05513029660677427
0,13.4189,5.4,-0.05449287043912042
0,13.4189,5.403125,-0.05386778787195447
0,13.4189,5.40625,-0.05325473920896666
0,13.4189,5.409375,-0.05265342322389592
0,13.4189,5.4125000000000005,-0.05206354696501857
0,13.4189,5.415625,-0.051484825558587154
0,13.4189,5.41875,-0.05091698201196669
0,13.4189,5.421875,-0.05035974701713081
0,13.4189,5.425,-0.04981285875509371
0,13.4189,5.4281250000000005,-0.04927606270178327
0,13.4189,5.43125,-0.048749111435794294
0,13.4189,5.434375,-0.04823176444839831
0,13.4189,5.4375,-0.04772378795613775
0,13.4189,5.440625,-0.047224954716278814
0,13.4189,5.4437500000000005,-0.04673504384535694
0,13.4189,5.446875,-0.04625384064100997
0,13.4189,5.45,-0.04578113640725669
0,13.4189,5.453125,-0.04531672828335223
0,13.4189,5.45625,-0.04486041907631912
0,13.4189,5.4593750000000005,-0.044412017097231464
0,13.4189,5.4625,-0.043971336001307405
0,13.4189,5.465625,-0.04353819463184343
0,13.4189,5.46875,-0.04311241686801143
0,13.4189,5.471875,-0.04269383147652005
0,13.4189,5.4750000000000005,-0.042282271967131135
0,13.4189,5.478125,-0.04187757645201075
0,13.4189,5.48125,-0.04147958750888152
0,13.4189,5.484375,-0.04108815204793915
0,13.4189,5.4875,-0.04070312118248373
0,13.4189,5.4906250000000005,-0.0403243501032129
0,13.4189,5.49375,-0.039951697956118346
0,13.4189,5.496875,-0.039585027723920495
0,13.4189,5.5,-0.0392242061109762
0,13.4189,5.503125,-0.038869103431587546
0,13.4189,5.5062500000000005,-0.03851959350163951
0,13.4189,5.509375,-0.03817555353349241
0,13.4189,5.5125,-0.037836864034051614
0,13.4189,5.515625,-0.0375034087059394
0,13.4189,5.51875,-0.03717507435169026
0,13.4189,5.5218750000000005,-0.0368517507808919
0,13.4189,5.525,-0.03653333072019508
0,13.4189,5.528125,-0.03621970972611325
0,13.4189,5.53125,-0.035910786100536926
0,13.4189,5.534375,-0.03560646080888547
0,13.4189,5.5375000000000005,-0.03530663740082111
0,13.4189,5.540625,-0.035011221933451714
0,13.4189,5.54375,-0.034720122896947814
0,13.4189,5.546875,-0.034433251142503785
0,13.4189,5.55,-0.03415051981257131
0,13.4189,5.5531250000000005,-0.03387184427329679
0,13.4189,5.55625,-0.0335971420490952
0,13.4189,5.559375,-0.033326332759293247
0,13.4189,5.5625,-0.03305933805677901
0,13.4189,5.565625,-0.0327960815685937
0,13.4189,5.5687500000000005,-0.03253648883840471
0,13.4189,5.571875,-0.03228048727080057
0,13.4189,5.575,-0.03202800607734843
0,13.4189,5.578125,-0.031778976224359
0,13.4189,5.58125,-0.03153333038230292
0,13.4189,5.5843750000000005,-0.03129100287682538
0,13.4189,5.5875,-0.031051929641307555
0,13.4189,5.590625,-0.030816048170923337
0,13.4189,5.59375,-0.03058329747814413
0,13.4189,5.596875,-0.030353618049643066
0,13.4189,5.6000000000000005,-0.03012695180455321
0,13.4189,5.603125,-0.029903242054035686
0,13.4189,5.60625,-0.02968243346211342
0,13.4189,5.609375,-0.029464472007730357
0,13.4189,5.6125,-0.029249304947994575
0,13.4189,5.6156250000000005,-0.029036880782566693
0,13.4189,5.61875,-0.028827149219155964
0,13.4189,5.621875,-0.02862006114008654
0,13.4189,5.625,-0.02841556856989984
0,13.4189,5.628125,-0.0282136246439578
0,13.4189,5.6312500000000005,-0.02801418357801423
0,13.4189,5.634375,-0.027817200638722606
0,13.4189,5.6375,-0.02762263211504855
0,13.4189,5.640625,-0.027430435290558185
0,13.4189,5.64375,-0.02724056841655265
0,13.4189,5.6468750000000005,-0.02705299068602125
0,13.4189,5.65,-0.026867662208386444
0,13.4189,5.653125,-0.026684543985013798
0,13.4189,5.65625,-0.026503597885463036
0,13.4189,5.659375,-0.026324786624454703
0,13.4189,5.6625000000000005,-0.026148073739529674
0,13.4189,5.665625,-0.025973423569378682
0,13.4189,5.66875,-0.025800801232819488
0,13.4189,5.671875,-0.025630172608401426
0,13.4189,5.675,-0.02546150431461611
0,13.4189,5.6781250000000005,-0.025294763690694964
0,13.4189,5.68125,-0.025129918777974568
0,13.4189,5.684375,-0.024966938301810893
0,13.4189,5.6875,-0.02480579165402545
0,13.4189,5.690625,-0.024646448875865548
0,13.4189,5.6937500000000005,-0.02448888064146237
0,13.4189,5.696875,-0.024333058241770938
0,13.4189,5.7,-0.024178953568976
0,13.4189,5.703125,-0.024026539101349654
0,13.4189,5.70625,-0.02387578788854574
0,13.4189,5.7093750000000005,-0.023726673537317174
0,13.4189,5.7125,-0.023579170197643107
0,13.4189,5.715625,-0.02343325254925215
0,13.4189,5.71875,-0.02328889578853003
0,13.4189,5.721875,-0.023146075615798893
0,13.4189,5.7250000000000005,-0.02300476822295679
0,13.4189,5.728125,-0.02286495028146612
0,13.4189,5.73125,-0.0227265989306796
0,13.4189,5.734375,-0.022589691766493968
0,13.4189,5.7375,-0.02245420683032054
0,13.4189,5.7406250000000005,-0.02232012259836307
0,13.4189,5.74375,-0.022187417971193484
0,13.4189,5.746875,-0.02205607226361569
0,13.4189,5.75,-0.021926065194809437
0,13.4189,5.753125,-0.02179737687874486
0,13.4189,5.7562500000000005,-0.02166998781485978
0,13.4189,5.759375,-0.02154387887899175
0,13.4189,5.7625,-0.02141903131455659
0,13.4189,5.765625,-0.02129542672396662
0,13.4189,5.76875,-0.02117304706028075
0,13.4189,5.7718750000000005,-0.021051874619079623
0,13.4189,5.775,-0.020931892030559177
0,13.4189,5.778125,-0.020813082251835455
0,13.4189,5.78125,-0.020695428559455175
0,13.4189,5.784375,-0.020578914542105215
0,13.4189,5.7875000000000005,-0.020463524093515324
0,13.4189,5.790625,-0.020349241405548498
0,13.4189,5.79375,-0.020236050961472893
0,13.4189,5.796875,-0.020123937529410576
0,13.4189,5.800000000000001,-0.020012886155957442
0,13.4189,5.8031250000000005,-0.019902882159969534
0,13.4189,5.80625,-0.019793911126510456
0,13.4189,5.809375,-0.01968595890095578
0,13.4189,5.8125,-0.01957901158324937
0,13.4189,5.815625000000001,-0.019473055522307433
0,13.4189,5.8187500000000005,-0.01936807731056605
0,13.4189,5.821875,-0.019264063778667725
0,13.4189,5.825,-0.01916100199028341
0,13.4189,5.828125,-0.0190588792370658
0,13.4189,5.831250000000001,-0.018957683033730122
0,13.4189,5.8343750000000005,-0.01885740111325915
0,13.4189,5.8375,-0.018758021422228197
0,13.4189,5.840625,-0.018659532116247518
0,13.4189,5.84375,-0.018561921555518165
0,13.4189,5.846875000000001,-0.01846517830049839
0,13.4189,5.8500000000000005,-0.018369291107677498
0,13.4189,5.853125,-0.018274248925453828
0,13.4189,5.85625,-0.018180040890114418
0,13.4189,5.859375,-0.018086656321913155
0,13.4189,5.862500000000001,-0.01799408472124481
0,13.4189,5.8656250000000005,-0.017902315764912382
0,13.4189,5.86875,-0.017811339302484883
0,13.4189,5.871875,-0.017721145352743443
0,13.4189,5.875,-0.01763172410021308
0,13.4189,5.878125000000001,-0.017543065891777822
0,13.4189,5.8812500000000005,-0.017455161233377026
0,13.4189,5.884375,-0.01736800078678039
0,13.4189,5.8875,-0.017281575366439924
0,13.4189,5.890625,-0.01719587593641651
0,13.4189,5.893750000000001,-0.017110893607379114
0,13.4189,5.8968750000000005,-0.017026619633674807
0,13.4189,5.9,-0.01694304541046739
0,13.4189,5.903125,-0.016860162470943244
0,13.4189,5.90625,-0.016777962483582227
0,13.4189,5.909375000000001,-0.016696437249492033
0,13.4189,5.9125000000000005,-0.01661557869980449
0,13.4189,5.915625,-0.01653537889313174
0,13.4189,5.91875,-0.016455830013081204
0,13.4189,5.921875,-0.016376924365827557
0,13.4189,5.925000000000001,-0.016298654377740102
0,13.4189,5.9281250000000005,-0.016221012593064483
0,13.4189,5.93125,-0.01614399167165679
0,13.4189,5.934375,-0.016067584386769203
0,13.4189,5.9375,-0.015991783622885572
0,13.4189,5.940625000000001,-0.015916582373605645
0,13.4189,5.9437500000000005,-0.015841973739576923
0,13.4189,5.946875,-0.015767950926472464
0,13.4189,5.95,-0.01569450724301405
0,13.4189,5.953125,-0.015621636099039098
0,13.4189,5.956250000000001,-0.01554933100361039
0,13.4189,5.9593750000000005,-0.01547758556316763
0,13.4189,5.9625,-0.015406393479719461
0,13.4189,5.965625,-0.01533574854907532
0,13.4189,5.96875,-0.015265644659115852
0,13.4189,5.971875000000001,-0.015196075788100984
0,13.4189,5.9750000000000005,-0.01512703600301489
0,13.4189,5.978125,-0.015058519457946526
0,13.4189,5.98125,-0.014990520392505358
0,13.4189,5.984375,-0.014923033130271046
0,13.4189,5.987500000000001,-0.014856052077276381
0,13.4189,5.9906250000000005,-0.014789571720522733
0,13.4189,5.99375,-0.01472358662652695
0,13.4189,5.996875,-0.014658091439899306
0,13.4189,6.0,-0.014593080881951444
