"Current","Field","Frequency","Spectra"
0,10.430300000000003,1.0,-0.005046391959456076
0,10.430300000000003,1.003125,-0.005059860218037944
0,10.430300000000003,1.00625,-0.005073393343844979
0,10.430300000000003,1.009375,-0.005086991826945688
0,10.430300000000003,1.0125,-0.005100656162551595
0,10.430300000000003,1.015625,-0.005114386851085657
0,10.430300000000003,1.01875,-0.00512818439825181
0,10.430300000000003,1.021875,-0.0051420493151055876
0,10.430300000000003,1.025,-0.005155982118125891
0,10.430300000000003,1.028125,-0.005169983329287901
0,10.430300000000003,1.03125,-0.005184053476137168
0,10.430300000000003,1.034375,-0.0051981930918648875
0,10.430300000000003,1.0375,-0.005212402715384401
0,10.430300000000003,1.040625,-0.005226682891408922
0,10.430300000000003,1.04375,-0.005241034170530545
0,10.430300000000003,1.046875,-0.005255457109300513
0,10.430300000000003,1.05,-0.0052699522703108185
0,10.430300000000003,1.053125,-0.005284520222277127
0,10.430300000000003,1.05625,-0.005299161540123053
0,10.430300000000003,1.059375,-0.0053138768050658425
0,10.430300000000003,1.0625,-0.00532866660470344
0,10.430300000000003,1.065625,-0.005343531533103015
0,10.430300000000003,1.06875,-0.005358472190890947
0,10.430300000000003,1.071875,-0.005373489185344291
0,10.430300000000003,1.075,-0.005388583130483791
0,10.430300000000003,1.078125,-0.005403754647168416
0,10.430300000000003,1.08125,-0.005419004363191504
0,10.430300000000003,1.084375,-0.005434332913378493
0,10.430300000000003,1.0875,-0.005449740939686306
0,10.430300000000003,1.090625,-0.005465229091304421
0,10.430300000000003,1.09375,-0.005480798024757621
0,10.430300000000003,1.096875,-0.005496448404010509
0,10.430300000000003,1.1,-0.005512180900573785
0,10.430300000000003,1.103125,-0.00552799619361233
0,10.430300000000003,1.10625,-0.005543894970055142
0,10.430300000000003,1.109375,-0.005559877924707144
0,10.430300000000003,1.1125,-0.0055759457603629155
0,10.430300000000003,1.115625,-0.005592099187922377
0,10.430300000000003,1.11875,-0.005608338926508465
0,10.430300000000003,1.121875,-0.005624665703586841
0,10.430300000000003,1.125,-0.00564108025508768
0,10.430300000000003,1.128125,-0.005657583325529571
0,10.430300000000003,1.13125,-0.005674175668145573
0,10.430300000000003,1.134375,-0.005690858045011464
0,10.430300000000003,1.1375,-0.005707631227176262
0,10.430300000000003,1.140625,-0.0057244959947949925
0,10.430300000000003,1.14375,-0.00574145313726384
0,10.430300000000003,1.146875,-0.005758503453357645
0,10.430300000000003,1.15,-0.005775647751369848
0,10.430300000000003,1.153125,-0.005792886849254928
0,10.430300000000003,1.15625,-0.005810221574773338
0,10.430300000000003,1.159375,-0.00582765276563906
0,10.430300000000003,1.1625,-0.0058451812696697775
0,10.430300000000003,1.165625,-0.005862807944939735
0,10.430300000000003,1.16875,-0.005880533659935369
0,10.430300000000003,1.171875,-0.005898359293713696
0,10.430300000000003,1.175,-0.00591628573606362
0,10.430300000000003,1.178125,-0.0059343138876701024
0,10.430300000000003,1.18125,-0.005952444660281351
0,10.430300000000003,1.184375,-0.005970678976879044
0,10.430300000000003,1.1875,-0.005989017771851647
0,10.430300000000003,1.190625,-0.006007461991170917
0,10.430300000000003,1.19375,-0.006026012592571638
0,10.430300000000003,1.196875,-0.006044670545734663
0,10.430300000000003,1.2,-0.0060634368324733335
0,10.430300000000003,1.203125,-0.006082312446923349
0,10.430300000000003,1.20625,-0.006101298395736158
0,10.430300000000003,1.209375,-0.006120395698275937
0,10.430300000000003,1.2125,-0.006139605386820247
0,10.430300000000003,1.215625,-0.006158928506764458
0,10.430300000000003,1.21875,-0.006178366116829964
0,10.430300000000003,1.221875,-0.006197919289276366
0,10.430300000000003,1.225,-0.006217589110117612
0,10.430300000000003,1.228125,-0.006237376679342233
0,10.430300000000003,1.23125,-0.006257283111137766
0,10.430300000000003,1.234375,-0.0062773095341194275
0,10.430300000000003,1.2375,-0.006297457091563153
0,10.430300000000003,1.240625,-0.006317726941643082
0,10.430300000000003,1.24375,-0.00633812025767359
0,10.430300000000003,1.246875,-0.0063586382283560006
0,10.430300000000003,1.25,-0.0063792820580299975
0,10.430300000000003,1.253125,-0.006400052966929946
0,10.430300000000003,1.25625,-0.006420952191446151
0,10.430300000000003,1.259375,-0.006441980984391192
0,10.430300000000003,1.2625,-0.006463140615271463
0,10.430300000000003,1.265625,-0.006484432370564001
0,10.430300000000003,1.26875,-0.006505857553998737
0,10.430300000000003,1.271875,-0.006527417486846306
0,10.430300000000003,1.275,-0.006549113508211513
0,10.430300000000003,1.278125,-0.006570946975332611
0,10.430300000000003,1.28125,-0.006592919263886474
0,10.430300000000003,1.284375,-0.006615031768299895
0,10.430300000000003,1.2875,-0.006637285902067015
0,10.430300000000003,1.290625,-0.006659683098073142
0,10.430300000000003,1.29375,-0.006682224808925051
0,10.430300000000003,1.296875,-0.006704912507287893
0,10.430300000000003,1.3,-0.006727747686228929
0,10.430300000000003,1.303125,-0.006750731859568202
0,10.430300000000003,1.30625,-0.006773866562236276
0,10.430300000000003,1.309375,-0.00679715335063932
0,10.430300000000003,1.3125,-0.006820593803031557
0,10.430300000000003,1.315625,-0.006844189519895379
0,10.430300000000003,1.31875,-0.006867942124329229
0,10.430300000000003,1.321875,-0.00689185326244347
0,10.430300000000003,1.325,-0.006915924603764407
0,10.430300000000003,1.328125,-0.006940157841646668
0,10.430300000000003,1.33125,-0.006964554693694138
0,10.430300000000003,1.334375,-0.006989116902189653
0,10.430300000000003,1.3375,-0.007013846234533641
0,10.430300000000003,1.340625,-0.007038744483691966
0,10.430300000000003,1.34375,-0.0070638134686531375
0,10.430300000000003,1.346875,-0.007089055034895174
0,10.430300000000003,1.35,-0.007114471054862297
0,10.430300000000003,1.353125,-0.007140063428451725
0,10.430300000000003,1.35625,-0.007165834083510805
0,10.430300000000003,1.359375,-0.0071917849763447235
0,10.430300000000003,1.3625,-0.007217918092235067
0,10.430300000000003,1.365625,-0.00724423544596949
0,10.430300000000003,1.36875,-0.007270739082382753
0,10.430300000000003,1.371875,-0.007297431076909446
0,10.430300000000003,1.375,-0.007324313536148621
0,10.430300000000003,1.378125,-0.007351388598440697
0,10.430300000000003,1.38125,-0.007378658434456891
0,10.430300000000003,1.384375,-0.0074061252478015175
0,10.430300000000003,1.3875,-0.007433791275627452
0,10.430300000000003,1.390625,-0.007461658789265103
0,10.430300000000003,1.39375,-0.007489730094865227
0,10.430300000000003,1.396875,-0.007518007534055941
0,10.430300000000003,1.4,-0.0075464934846142615
0,10.430300000000003,1.403125,-0.007575190361152598
0,10.430300000000003,1.40625,-0.007604100615820482
0,10.430300000000003,1.409375,-0.007633226739022041
0,10.430300000000003,1.4125,-0.007662571260149504
0,10.430300000000003,1.415625,-0.007692136748333232
0,10.430300000000003,1.41875,-0.007721925813208646
0,10.430300000000003,1.421875,-0.007751941105700507
0,10.430300000000003,1.425,-0.007782185318825013
0,10.430300000000003,1.428125,-0.00781266118851012
0,10.430300000000003,1.43125,-0.007843371494434627
0,10.430300000000003,1.434375,-0.00787431906088647
0,10.430300000000003,1.4375,-0.00790550675764073
0,10.430300000000003,1.440625,-0.007936937500857883
0,10.430300000000003,1.44375,-0.007968614254002828
0,10.430300000000003,1.446875,-0.008000540028785216
0,10.430300000000003,1.45,-0.008032717886121678
0,10.430300000000003,1.453125,-0.008065150937120479
0,10.430300000000003,1.45625,-0.008097842344089268
0,10.430300000000003,1.459375,-0.008130795321566483
0,10.430300000000003,1.4625,-0.008164013137377024
0,10.430300000000003,1.465625,-0.008197499113712967
0,10.430300000000003,1.46875,-0.008231256628239796
0,10.430300000000003,1.471875,-0.008265289115229052
0,10.430300000000003,1.475,-0.008299600066717953
0,10.430300000000003,1.478125,-0.008334193033696792
0,10.430300000000003,1.48125,-0.008369071627324885
0,10.430300000000003,1.484375,-0.00840423952017577
0,10.430300000000003,1.4875,-0.00843970044751255
0,10.430300000000003,1.490625,-0.00847545820859415
0,10.430300000000003,1.49375,-0.008511516668013372
0,10.430300000000003,1.496875,-0.008547879757067592
0,10.430300000000003,1.5,-0.008584551475163038
0,10.430300000000003,1.503125,-0.008621535891253588
0,10.430300000000003,1.50625,-0.008658837145315006
0,10.430300000000003,1.509375,-0.008696459449855663
0,10.430300000000003,1.5125000000000002,-0.00873440709146475
0,10.430300000000003,1.515625,-0.00877268443239898
0,10.430300000000003,1.51875,-0.008811295912209017
0,10.430300000000003,1.521875,-0.008850246049406561
0,10.430300000000003,1.525,-0.008889539443173422
0,10.430300000000003,1.5281250000000002,-0.00892918077511368
0,10.430300000000003,1.53125,-0.008969174811050175
0,10.430300000000003,1.534375,-0.009009526402866666
0,10.430300000000003,1.5375,-0.009050240490396875
0,10.430300000000003,1.540625,-0.00909132210336185
0,10.430300000000003,1.5437500000000002,-0.009132776363357038
0,10.430300000000003,1.546875,-0.009174608485890447
0,10.430300000000003,1.55,-0.009216823782473496
0,10.430300000000003,1.553125,-0.009259427662766013
0,10.430300000000003,1.55625,-0.009302425636776971
0,10.430300000000003,1.5593750000000002,-0.009345823317122711
0,10.430300000000003,1.5625,-0.009389626421344157
0,10.430300000000003,1.565625,-0.009433840774285003
0,10.430300000000003,1.56875,-0.009478472310532494
0,10.430300000000003,1.571875,-0.009523527076922764
0,10.430300000000003,1.5750000000000002,-0.009569011235112687
0,10.430300000000003,1.578125,-0.009614931064220109
0,10.430300000000003,1.58125,-0.009661292963534726
0,10.430300000000003,1.584375,-0.009708103455301535
0,10.430300000000003,1.5875,-0.009755369187579209
0,10.430300000000003,1.5906250000000002,-0.009803096937175609
0,10.430300000000003,1.59375,-0.009851293612662765
0,10.430300000000003,1.596875,-0.009899966257473893
0,10.430300000000003,1.6,-0.009949122053084755
0,10.430300000000003,1.603125,-0.009998768322282171
0,10.430300000000003,1.6062500000000002,-0.010048912532522256
0,10.430300000000003,1.609375,-0.010099562299381174
0,10.430300000000003,1.6125,-0.010150725390101391
0,10.430300000000003,1.615625,-0.010202409727236256
0,10.430300000000003,1.61875,-0.010254623392396103
0,10.430300000000003,1.6218750000000002,-0.010307374630099071
0,10.430300000000003,1.625,-0.010360671851729826
0,10.430300000000003,1.628125,-0.010414523639609777
0,10.430300000000003,1.63125,-0.010468938751182169
0,10.430300000000003,1.634375,-0.010523926123315784
0,10.430300000000003,1.6375000000000002,-0.01057949487673109
0,10.430300000000003,1.640625,-0.01063565432055261
0,10.430300000000003,1.64375,-0.010692413956991772
0,10.430300000000003,1.646875,-0.010749783486164287
0,10.430300000000003,1.65,-0.010807772811046484
0,10.430300000000003,1.6531250000000002,-0.01086639204257515
0,10.430300000000003,1.65625,-0.010925651504895427
0,10.430300000000003,1.659375,-0.010985561740761797
0,10.430300000000003,1.6625,-0.011046133517096978
0,10.430300000000003,1.665625,-0.011107377830714076
0,10.430300000000003,1.6687500000000002,-0.011169305914207336
0,10.430300000000003,1.671875,-0.011231929242017016
0,10.430300000000003,1.675,-0.011295259536674332
0,10.430300000000003,1.678125,-0.011359308775232255
0,10.430300000000003,1.68125,-0.0114240891958886
0,10.430300000000003,1.6843750000000002,-0.011489613304807734
0,10.430300000000003,1.6875,-0.011555893883147553
0,10.430300000000003,1.690625,-0.011622943994298855
0,10.430300000000003,1.69375,-0.011690776991344074
0,10.430300000000003,1.696875,-0.011759406524742971
0,10.430300000000003,1.7000000000000002,-0.011828846550253038
0,10.430300000000003,1.703125,-0.011899111337092516
0,10.430300000000003,1.70625,-0.011970215476354542
0,10.430300000000003,1.709375,-0.012042173889680886
0,10.430300000000003,1.7125,-0.012115001838204386
0,10.430300000000003,1.7156250000000002,-0.012188714931769349
0,10.430300000000003,1.71875,-0.012263329138439482
0,10.430300000000003,1.721875,-0.012338860794303632
0,10.430300000000003,1.725,-0.01241532661358944
0,10.430300000000003,1.728125,-0.012492743699095948
0,10.430300000000003,1.7312500000000002,-0.012571129552956323
0,10.430300000000003,1.734375,-0.012650502087742252
0,10.430300000000003,1.7375,-0.012730879637922313
0,10.430300000000003,1.740625,-0.012812280971686685
0,10.430300000000003,1.74375,-0.012894725303151399
0,10.430300000000003,1.7468750000000002,-0.012978232304955647
0,10.430300000000003,1.75,-0.013062822121266159
0,10.430300000000003,1.753125,-0.013148515381203513
0,10.430300000000003,1.75625,-0.013235333212705268
0,10.430300000000003,1.759375,-0.013323297256842007
0,10.430300000000003,1.7625000000000002,-0.013412429682602584
0,10.430300000000003,1.765625,-0.013502753202165575
0,10.430300000000003,1.76875,-0.013594291086674898
0,10.430300000000003,1.771875,-0.013687067182537739
0,10.430300000000003,1.775,-0.0137811059282642
0,10.430300000000003,1.7781250000000002,-0.013876432371868494
0,10.430300000000003,1.78125,-0.013973072188852277
0,10.430300000000003,1.784375,-0.01407105170079195
0,10.430300000000003,1.7875,-0.014170397894551948
0,10.430300000000003,1.790625,-0.014271138442147557
0,10.430300000000003,1.7937500000000002,-0.014373301721281411
0,10.430300000000003,1.796875,-0.014476916836578636
0,10.430300000000003,1.8,-0.014582013641547164
0,10.430300000000003,1.803125,-0.014688622761290071
0,10.430300000000003,1.80625,-0.014796775615998447
0,10.430300000000003,1.8093750000000002,-0.01490650444525421
0,10.430300000000003,1.8125,-0.015017842333173326
0,10.430300000000003,1.815625,-0.015130823234421515
0,10.430300000000003,1.81875,-0.015245482001135244
0,10.430300000000003,1.821875,-0.015361854410782697
0,10.430300000000003,1.8250000000000002,-0.015479977195000407
0,10.430300000000003,1.828125,-0.01559988806944267
0,10.430300000000003,1.83125,-0.01572162576468282
0,10.430300000000003,1.834375,-0.015845230058206164
0,10.430300000000003,1.8375,-0.01597074180753684
0,10.430300000000003,1.8406250000000002,-0.01609820298454199
0,10.430300000000003,1.84375,-0.016227656710958372
0,10.430300000000003,1.846875,-0.016359147295188944
0,10.430300000000003,1.85,-0.01649272027041776
0,10.430300000000003,1.853125,-0.01662842243409452
0,10.430300000000003,1.8562500000000002,-0.016766301888841536
0,10.430300000000003,1.859375,-0.016906408084837864
0,10.430300000000003,1.8625,-0.01704879186373814
0,10.430300000000003,1.865625,-0.017193505504185004
0,10.430300000000003,1.86875,-0.01734060276897711
0,10.430300000000003,1.8718750000000002,-0.01749013895395668
0,10.430300000000003,1.875,-0.01764217093868287
0,10.430300000000003,1.878125,-0.01779675723896047
0,10.430300000000003,1.88125,-0.01795395806129508
0,10.430300000000003,1.884375,-0.018113835359349503
0,10.430300000000003,1.8875000000000002,-0.018276452892478444
0,10.430300000000003,1.890625,-0.01844187628642127
0,10.430300000000003,1.89375,-0.018610173096236284
0,10.430300000000003,1.896875,-0.018781412871561903
0,10.430300000000003,1.9,-0.018955667224294273
0,10.430300000000003,1.9031250000000002,-0.019133009898773277
0,10.430300000000003,1.90625,-0.019313516844572276
0,10.430300000000003,1.909375,-0.019497266291990684
0,10.430300000000003,1.9125,-0.01968433883035082
0,10.430300000000003,1.915625,-0.01987481748920488
0,10.430300000000003,1.9187500000000002,-0.02006878782256077
0,10.430300000000003,1.921875,-0.020266337996238573
0,10.430300000000003,1.925,-0.020467558878474068
0,10.430300000000003,1.928125,-0.020672544133887548
0,10.430300000000003,1.93125,-0.02088139032094102
0,10.430300000000003,1.9343750000000002,-0.02109419699300936
0,10.430300000000003,1.9375,-0.021311066803194327
0,10.430300000000003,1.940625,-0.02153210561301428
0,10.430300000000003,1.94375,-0.02175742260510422
0,10.430300000000003,1.946875,-0.021987130400064905
0,10.430300000000003,1.9500000000000002,-0.02222134517760182
0,10.430300000000003,1.953125,-0.02246018680209689
0,10.430300000000003,1.95625,-0.022703778952759206
0,10.430300000000003,1.959375,-0.022952249258500944
0,10.430300000000003,1.9625,-0.023205729437687728
0,10.430300000000003,1.9656250000000002,-0.02346435544291242
0,10.430300000000003,1.96875,-0.02372826761094156
0,10.430300000000003,1.971875,-0.023997610817984107
0,10.430300000000003,1.975,-0.024272534640429395
0,10.430300000000003,1.978125,-0.024553193521200303
0,10.430300000000003,1.9812500000000002,-0.024839746941863673
0,10.430300000000003,1.984375,-0.025132359600635402
0,10.430300000000003,1.9875,-0.025431201596412524
0,10.430300000000003,1.990625,-0.025736448618955864
0,10.430300000000003,1.99375,-0.026048282145338924
0,10.430300000000003,1.9968750000000002,-0.02636688964276642
0,10.430300000000003,2.0,-0.026692464777852268
0,10.430300000000003,2.003125,-0.027025207632431672
0,10.430300000000003,2.00625,-0.027365324925961092
0,10.430300000000003,2.0093750000000004,-0.027713030244538646
0,10.430300000000003,2.0125,-0.028068544276551134
0,10.430300000000003,2.015625,-0.028432095054923032
0,10.430300000000003,2.01875,-0.02880391820590762
0,10.430300000000003,2.021875,-0.0291842572043208
0,10.430300000000003,2.0250000000000004,-0.029573363635070838
0,10.430300000000003,2.028125,-0.0299714974607854
0,10.430300000000003,2.03125,-0.030378927295276255
0,10.430300000000003,2.034375,-0.030795930682513392
0,10.430300000000003,2.0375,-0.031222794380703422
0,10.430300000000003,2.0406250000000004,-0.03165981465097818
0,10.430300000000003,2.04375,-0.03210729755010123
0,10.430300000000003,2.046875,-0.03256555922648689
0,10.430300000000003,2.05,-0.03303492621870078
0,10.430300000000003,2.053125,-0.033515735755469504
0,10.430300000000003,2.0562500000000004,-0.034008336056067394
0,10.430300000000003,2.059375,-0.03451308662977106
0,10.430300000000003,2.0625,-0.03503035857287222
0,10.430300000000003,2.065625,-0.03556053486151654
0,10.430300000000003,2.06875,-0.036104010638388695
0,10.430300000000003,2.0718750000000004,-0.036661193490985074
0,10.430300000000003,2.075,-0.037232503718909266
0,10.430300000000003,2.078125,-0.037818374587281
0,10.430300000000003,2.08125,-0.03841925256296903
0,10.430300000000003,2.084375,-0.0390355975299378
0,10.430300000000003,2.0875000000000004,-0.03966788297952935
0,10.430300000000003,2.090625,-0.04031659617098757
0,10.430300000000003,2.09375,-0.04098223825696108
0,10.430300000000003,2.096875,-0.041665324368093656
0,10.430300000000003,2.1,-0.042366383650122255
0,10.430300000000003,2.1031250000000004,-0.04308595924614305
0,10.430300000000003,2.10625,-0.04382460821587749
0,10.430300000000003,2.109375,-0.04458290138286077
0,10.430300000000003,2.1125,-0.04536142309948429
0,10.430300000000003,2.115625,-0.0461607709187471
0,10.430300000000003,2.1187500000000004,-0.0469815551603984
0,10.430300000000003,2.121875,-0.047824398357888924
0,10.430300000000003,2.125,-0.04868993457118083
0,10.430300000000003,2.128125,-0.049578808548997155
0,10.430300000000003,2.13125,-0.05049167472252191
0,10.430300000000003,2.1343750000000004,-0.05142919601088463
0,10.430300000000003,2.1375,-0.05239204241699158
0,10.430300000000003,2.140625,-0.053380889390393677
0,10.430300000000003,2.14375,-0.0543964159319265
0,10.430300000000003,2.146875,-0.05543930241283116
0,10.430300000000003,2.1500000000000004,-0.05651022807897829
0,10.430300000000003,2.153125,-0.05760986820870645
0,10.430300000000003,2.15625,-0.058738890890669006
0,10.430300000000003,2.159375,-0.05989795338600988
0,10.430300000000003,2.1625,-0.06108769803720587
0,10.430300000000003,2.1656250000000004,-0.06230874768407715
0,10.430300000000003,2.16875,-0.0635617005458636
0,10.430300000000003,2.171875,-0.06484712452697113
0,10.430300000000003,2.175,-0.066165550903124
0,10.430300000000003,2.178125,-0.06751746734434413
0,10.430300000000003,2.1812500000000004,-0.06890331023155276
0,10.430300000000003,2.184375,-0.07032345622483918
0,10.430300000000003,2.1875,-0.07177821304374453
0,10.430300000000003,2.190625,-0.07326780942349342
0,10.430300000000003,2.19375,-0.07479238421621842
0,10.430300000000003,2.1968750000000004,-0.07635197461311764
0,10.430300000000003,2.2,-0.07794650347247076
0,10.430300000000003,2.203125,-0.079575765749804
0,10.430300000000003,2.20625,-0.08123941404057032
0,10.430300000000003,2.209375,-0.08293694326281656
0,10.430300000000003,2.2125000000000004,-0.0846676745277472
0,10.430300000000003,2.215625,-0.08643073827016312
0,10.430300000000003,2.21875,-0.08822505673867545
0,10.430300000000003,2.221875,-0.0900493259775473
0,10.430300000000003,2.225,-0.09190199746806171
0,10.430300000000003,2.2281250000000004,-0.09378125963736822
0,10.430300000000003,2.23125,-0.09568501948659094
0,10.430300000000003,2.234375,-0.09761088463709583
0,10.430300000000003,2.2375,-0.0995561461434918
0,10.430300000000003,2.240625,-0.10151776247313046
0,10.430300000000003,2.2437500000000004,-0.10349234510315723
0,10.430300000000003,2.246875,-0.10547614623578701
0,10.430300000000003,2.25,-0.10746504917821179
0,10.430300000000003,2.253125,-0.10945456197280612
0,10.430300000000003,2.25625,-0.11143981489308866
0,10.430300000000003,2.2593750000000004,-0.11341556243789222
0,10.430300000000003,2.2625,-0.11537619045686524
0,10.430300000000003,2.265625,-0.11731572902111945
0,10.430300000000003,2.26875,-0.1192278716100344
0,10.430300000000003,2.271875,-0.1211060011157512
0,10.430300000000003,2.2750000000000004,-0.12294322306815963
0,10.430300000000003,2.278125,-0.12473240635362055
0,10.430300000000003,2.28125,-0.1264662315399087
0,10.430300000000003,2.284375,-0.12813724672917853
0,10.430300000000003,2.2875,-0.12973793064327088
0,10.430300000000003,2.2906250000000004,-0.1312607624065686
0,10.430300000000003,2.29375,-0.13269829723822202
0,10.430300000000003,2.296875,-0.13404324700730091
0,10.430300000000003,2.3,-0.13528856435251593
0,10.430300000000003,2.303125,-0.13642752883520184
0,10.430300000000003,2.3062500000000004,-0.1374538333935738
0,10.430300000000003,2.309375,-0.13836166921111384
0,10.430300000000003,2.3125,-0.13914580701452284
0,10.430300000000003,2.315625,-0.13980167278719127
0,10.430300000000003,2.31875,-0.14032541592984848
0,10.430300000000003,2.3218750000000004,-0.14071396802439695
0,10.430300000000003,2.325,-0.14096509055903936
0,10.430300000000003,2.328125,-0.14107741024710355
0,10.430300000000003,2.33125,-0.14105044090838242
0,10.430300000000003,2.334375,-0.140884591266159
0,10.430300000000003,2.3375000000000004,-0.14058115842797647
0,10.430300000000003,2.340625,-0.1401423072441402
0,10.430300000000003,2.34375,-0.13957103615463215
0,10.430300000000003,2.346875,-0.13887113052295116
0,10.430300000000003,2.35,-0.13804710479672452
0,10.430300000000003,2.3531250000000004,-0.13710413511526826
0,10.430300000000003,2.35625,-0.1360479841931251
0,10.430300000000003,2.359375,-0.13488492044002037
0,10.430300000000003,2.3625,-0.13362163333033494
0,10.430300000000003,2.365625,-0.13226514701219483
0,10.430300000000003,2.3687500000000004,-0.13082273405455697
0,10.430300000000003,2.371875,-0.1293018310802017
0,10.430300000000003,2.375,-0.12770995783541048
0,10.430300000000003,2.378125,-0.12605464101649005
0,10.430300000000003,2.38125,-0.1243433439225593
0,10.430300000000003,2.3843750000000004,-0.12258340274584045
0,10.430300000000003,2.3875,-0.12078197005645437
0,10.430300000000003,2.390625,-0.11894596579800969
0,10.430300000000003,2.39375,-0.11708203589060893
0,10.430300000000003,2.396875,-0.11519651834465547
0,10.430300000000003,2.4000000000000004,-0.11329541662534172
0,10.430300000000003,2.403125,-0.1113843798753286
0,10.430300000000003,2.40625,-0.10946868950169876
0,10.430300000000003,2.409375,-0.10755325156125746
0,10.430300000000003,2.4125,-0.10564259433318574
0,10.430300000000003,2.4156250000000004,-0.10374087044678748
0,10.430300000000003,2.41875,-0.10185186293109445
0,10.430300000000003,2.421875,-0.09997899456878258
0,10.430300000000003,2.425,-0.09812533996563551
0,10.430300000000003,2.428125,-0.09629363978532679
0,10.430300000000003,2.4312500000000004,-0.09448631664456747
0,10.430300000000003,2.434375,-0.09270549221302445
0,10.430300000000003,2.4375,-0.09095300511364098
0,10.430300000000003,2.440625,-0.0892304292702487
0,10.430300000000003,2.44375,-0.08753909239921666
0,10.430300000000003,2.4468750000000004,-0.08588009438926937
0,10.430300000000003,2.45,-0.08425432535774448
0,10.430300000000003,2.453125,-0.08266248321197231
0,10.430300000000003,2.45625,-0.0811050905808673
0,10.430300000000003,2.459375,-0.07958251101413473
0,10.430300000000003,2.4625000000000004,-0.07809496437478092
0,10.430300000000003,2.465625,-0.07664254137501207
0,10.430300000000003,2.46875,-0.07522521722636424
0,10.430300000000003,2.471875,-0.07384286439229695
0,10.430300000000003,2.475,-0.07249526444581185
0,10.430300000000003,2.4781250000000004,-0.07118211904626089
0,10.430300000000003,2.48125,-0.06990306005868491
0,10.430300000000003,2.484375,-0.06865765884610105
0,10.430300000000003,2.4875,-0.06744543477041448
0,10.430300000000003,2.490625,-0.06626586294133893
0,10.430300000000003,2.4937500000000004,-0.06511838125512459
0,10.430300000000003,2.496875,-0.06400239676622145
0,10.430300000000003,2.5,-0.06291729143545652
0,10.430300000000003,2.503125,-0.06186242729804158
0,10.430300000000003,2.50625,-0.06083715109390182
0,10.430300000000003,2.5093750000000004,-0.059840798401560445
0,10.430300000000003,2.5125,-0.05887269731522929
0,10.430300000000003,2.515625,-0.05793217170294061
0,10.430300000000003,2.51875,-0.057018544081582405
0,10.430300000000003,2.521875,-0.05613113814262818
0,10.430300000000003,2.5250000000000004,-0.05526928096024308
0,10.430300000000003,2.528125,-0.05443230491132945
0,10.430300000000003,2.53125,-0.05361954933498948
0,10.430300000000003,2.534375,-0.05283036195684866
0,10.430300000000003,2.5375,-0.052064100101719274
0,10.430300000000003,2.5406250000000004,-0.051320131716208015
0,10.430300000000003,2.54375,-0.05059783622108644
0,10.430300000000003,2.546875,-0.049896605211560335
0,10.430300000000003,2.55,-0.04921584302199353
0,10.430300000000003,2.553125,-0.048554967170162236
0,10.430300000000003,2.5562500000000004,-0.047913408694742136
0,10.430300000000003,2.559375,-0.0472906123984539
0,10.430300000000003,2.5625,-0.04668603700811414
0,10.430300000000003,2.565625,-0.04609915526175357
0,10.430300000000003,2.56875,-0.045529453931963386
0,10.430300000000003,2.5718750000000004,-0.04497643379371803
0,10.430300000000003,2.575,-0.04443960954408342
0,10.430300000000003,2.578125,-0.04391850968045688
0,10.430300000000003,2.58125,-0.043412676343289054
0,10.430300000000003,2.584375,-0.042921665128604077
0,10.430300000000003,2.5875000000000004,-0.04244504487506112
0,10.430300000000003,2.590625,-0.0419823974297787
0,10.430300000000003,2.59375,-0.0415333173966729
0,10.430300000000003,2.596875,-0.04109741187063505
0,10.430300000000003,2.6,-0.04067430016048949
0,10.430300000000003,2.6031250000000004,-0.040263613503327314
0,10.430300000000003,2.60625,-0.03986499477249929
0,10.430300000000003,2.609375,-0.039478098181272736
0,10.430300000000003,2.6125,-0.03910258898390559
0,10.430300000000003,2.615625,-0.03873814317566535
0,10.430300000000003,2.6187500000000004,-0.03838444719312041
0,10.430300000000003,2.621875,-0.038041197615849905
0,10.430300000000003,2.625,-0.03770810087055888
0,10.430300000000003,2.628125,-0.03738487293844186
0,10.430300000000003,2.63125,-0.03707123906651012
0,10.430300000000003,2.6343750000000004,-0.03676693348348563
0,10.430300000000003,2.6375,-0.036471699120763215
0,10.430300000000003,2.640625,-0.03618528733885443
0,10.430300000000003,2.64375,-0.035907457659647854
0,10.430300000000003,2.646875,-0.03563797750475072
0,10.430300000000003,2.6500000000000004,-0.035376621940116565
0,10.430300000000003,2.653125,-0.03512317342710939
0,10.430300000000003,2.65625,-0.034877421580108356
0,10.430300000000003,2.659375,-0.03463916293071634
0,10.430300000000003,2.6625,-0.03440820069859944
0,10.430300000000003,2.6656250000000004,-0.03418434456895447
0,10.430300000000003,2.66875,-0.033967410476574186
0,10.430300000000003,2.671875,-0.033757220396457815
0,10.430300000000003,2.675,-0.033553602140894784
0,10.430300000000003,2.678125,-0.03335638916293275
0,10.430300000000003,2.6812500000000004,-0.0331654203661278
0,10.430300000000003,2.684375,-0.03298053992046247
0,10.430300000000003,2.6875,-0.0328015970843084
0,10.430300000000003,2.690625,-0.03262844603230262
0,10.430300000000003,2.69375,-0.03246094568900014
0,10.430300000000003,2.6968750000000004,-0.0322989595681615
0,10.430300000000003,2.7,-0.0321423556175297
0,10.430300000000003,2.703125,-0.031991006068949585
0,10.430300000000003,2.70625,-0.03184478729368069
0,10.430300000000003,2.709375,-0.031703579662754174
0,10.430300000000003,2.7125000000000004,-0.03156726741222484
0,10.430300000000003,2.715625,-0.031435738513169595
0,10.430300000000003,2.71875,-0.03130888454628521
0,10.430300000000003,2.721875,-0.031186600580940187
0,10.430300000000003,2.725,-0.031068785058536982
0,10.430300000000003,2.7281250000000004,-0.030955339680043974
0,10.430300000000003,2.73125,-0.030846169297558505
0,10.430300000000003,2.734375,-0.030741181809765865
0,10.430300000000003,2.7375,-0.03064028806116166
0,10.430300000000003,2.740625,-0.030543401744908362
0,10.430300000000003,2.7437500000000004,-0.030450439309200106
0,10.430300000000003,2.746875,-0.030361319867013088
0,10.430300000000003,2.75,-0.030275965109122345
0,10.430300000000003,2.753125,-0.030194299220269262
0,10.430300000000003,2.75625,-0.030116248798367287
0,10.430300000000003,2.7593750000000004,-0.030041742776637043
0,10.430300000000003,2.7625,-0.029970712348565284
0,10.430300000000003,2.765625,-0.02990309089558557
0,10.430300000000003,2.76875,-0.02983881391738183
0,10.430300000000003,2.771875,-0.02977781896471935
0,10.430300000000003,2.7750000000000004,-0.029720045574710877
0,10.430300000000003,2.778125,-0.029665435208428584
0,10.430300000000003,2.78125,-0.029613931190776106
0,10.430300000000003,2.784375,-0.02956547865253733
0,10.430300000000003,2.7875,-0.029520024474522157
0,10.430300000000003,2.7906250000000004,-0.02947751723373185
0,10.430300000000003,2.79375,-0.029437907151469666
0,10.430300000000003,2.796875,-0.029401146043324965
0,10.430300000000003,2.8,-0.029367187270961936
0,10.430300000000003,2.803125,-0.02933598569564629
0,10.430300000000003,2.8062500000000004,-0.0293074976334459
0,10.430300000000003,2.809375,-0.029281680812043905
0,10.430300000000003,2.8125,-0.02925849432910478
0,10.430300000000003,2.815625,-0.029237898612136437
0,10.430300000000003,2.81875,-0.029219855379793443
0,10.430300000000003,2.8218750000000004,-0.02920432760456851
0,10.430300000000003,2.825,-0.029191279476821465
0,10.430300000000003,2.828125,-0.029180676370096904
0,10.430300000000003,2.83125,-0.029172484807683512
0,10.430300000000003,2.834375,-0.02916667243036994
0,10.430300000000003,2.8375000000000004,-0.02916320796535384
0,10.430300000000003,2.840625,-0.02916206119626221
0,10.430300000000003,2.84375,-0.029163202934243126
0,10.430300000000003,2.846875,-0.02916660499009014
0,10.430300000000003,2.85,-0.029172240147362402
0,10.430300000000003,2.8531250000000004,-0.029180082136464804
0,10.430300000000003,2.85625,-0.02919010560965403
0,10.430300000000003,2.859375,-0.029202286116937513
0,10.430300000000003,2.8625,-0.029216600082833784
0,10.430300000000003,2.865625,-0.029233024783963814
0,10.430300000000003,2.8687500000000004,-0.02925153832744413
0,10.430300000000003,2.871875,-0.029272119630053755
0,10.430300000000003,2.875,-0.029294748398147975
0,10.430300000000003,2.878125,-0.029319405108293055
0,10.430300000000003,2.88125,-0.029346070988597046
0,10.430300000000003,2.8843750000000004,-0.02937472800071279
0,10.430300000000003,2.8875,-0.029405358822490173
0,10.430300000000003,2.890625,-0.029437946831255595
0,10.430300000000003,2.89375,-0.02947247608769738
0,10.430300000000003,2.896875,-0.029508931320336926
0,10.430300000000003,2.9000000000000004,-0.02954729791056583
0,10.430300000000003,2.903125,-0.029587561878230487
0,10.430300000000003,2.90625,-0.02962970986774581
0,10.430300000000003,2.909375,-0.029673729134720987
0,10.430300000000003,2.9125,-0.029719607533080443
0,10.430300000000003,2.9156250000000004,-0.02976733350266414
0,10.430300000000003,2.91875,-0.029816896057291813
0,10.430300000000003,2.921875,-0.02986828477327636
0,10.430300000000003,2.925,-0.02992148977837222
0,10.430300000000003,2.928125,-0.029976501741145196
0,10.430300000000003,2.9312500000000004,-0.030033311860750533
0,10.430300000000003,2.934375,-0.03009191185710684
0,10.430300000000003,2.9375,-0.030152293961453736
0,10.430300000000003,2.940625,-0.0302144509072816
0,10.430300000000003,2.94375,-0.03027837592162247
0,10.430300000000003,2.9468750000000004,-0.030344062716691197
0,10.430300000000003,2.95,-0.030411505481866975
0,10.430300000000003,2.953125,-0.03048069887600505
0,10.430300000000003,2.95625,-0.030551638020069428
0,10.430300000000003,2.959375,-0.030624318490077514
0,10.430300000000003,2.9625000000000004,-0.030698736310347894
0,10.430300000000003,2.965625,-0.030774887947043163
0,10.430300000000003,2.96875,-0.03085277030199962
0,10.430300000000003,2.971875,-0.030932380706836304
0,10.430300000000003,2.975,-0.03101371691733606
0,10.430300000000003,2.9781250000000004,-0.031096777108091545
0,10.430300000000003,2.98125,-0.031181559867409555
0,10.430300000000003,2.984375,-0.03126806419246723
0,10.430300000000003,2.9875,-0.03135628948471389
0,10.430300000000003,2.990625,-0.03144623554551277
0,10.430300000000003,2.9937500000000004,-0.031537902572016836
0,10.430300000000003,2.996875,-0.031631291153273566
0,10.430300000000003,3.0,-0.03172640226655332
0,10.430300000000003,3.0031250000000003,-0.03182323727389659
0,10.430300000000003,3.00625,-0.031921797918875144
0,10.430300000000003,3.009375,-0.032022086323563154
0,10.430300000000003,3.0125,-0.03212410498571351
0,10.430300000000003,3.015625,-0.03222785677613546
0,10.430300000000003,3.0187500000000003,-0.032333344936270055
0,10.430300000000003,3.021875,-0.03244057307595916
0,10.430300000000003,3.025,-0.03254954517140518
0,10.430300000000003,3.028125,-0.03266026556331772
0,10.430300000000003,3.03125,-0.03277273895524436
0,10.430300000000003,3.0343750000000003,-0.03288697041208267
0,10.430300000000003,3.0375,-0.03300296535877034
0,10.430300000000003,3.040625,-0.03312072957915135
0,10.430300000000003,3.04375,-0.033240269215015265
0,10.430300000000003,3.046875,-0.03336159076530755
0,10.430300000000003,3.0500000000000003,-0.033484701085508994
0,10.430300000000003,3.053125,-0.03360960738718175
0,10.430300000000003,3.05625,-0.033736317237680724
0,10.430300000000003,3.059375,-0.03386483856002815
0,10.430300000000003,3.0625,-0.03399517963294992
0,10.430300000000003,3.0656250000000003,-0.034127349091072526
0,10.430300000000003,3.06875,-0.034261355925278736
0,10.430300000000003,3.071875,-0.0343972094832215
0,10.430300000000003,3.075,-0.03453491946999444
0,10.430300000000003,3.078125,-0.03467449594895838
0,10.430300000000003,3.0812500000000003,-0.03481594934272308
0,10.430300000000003,3.084375,-0.03495929043428329
0,10.430300000000003,3.0875,-0.03510453036830894
0,10.430300000000003,3.090625,-0.03525168065258859
0,10.430300000000003,3.09375,-0.03540075315962608
0,10.430300000000003,3.0968750000000003,-0.03555176012839032
0,10.430300000000003,3.1,-0.0357047141662177
0,10.430300000000003,3.103125,-0.035859628250867574
0,10.430300000000003,3.10625,-0.0360165157327307
0,10.430300000000003,3.109375,-0.03617539033719086
0,10.430300000000003,3.1125000000000003,-0.03633626616714037
0,10.430300000000003,3.115625,-0.036499157705649335
0,10.430300000000003,3.11875,-0.03666407981878994
0,10.430300000000003,3.121875,-0.036831047758615815
0,10.430300000000003,3.125,-0.03700007716629764
0,10.430300000000003,3.1281250000000003,-0.03717118407541602
0,10.430300000000003,3.13125,-0.03734438491541197
0,10.430300000000003,3.134375,-0.03751969651519716
0,10.430300000000003,3.1375,-0.03769713610692418
0,10.430300000000003,3.140625,-0.03787672132991866
0,10.430300000000003,3.1437500000000003,-0.038058470234774794
0,10.430300000000003,3.146875,-0.038242401287615455
0,10.430300000000003,3.15,-0.0384285333745189
0,10.430300000000003,3.153125,-0.03861688580611372
0,10.430300000000003,3.15625,-0.03880747832234381
0,10.430300000000003,3.1593750000000003,-0.03900033109740583
0,10.430300000000003,3.1625,-0.0391954647448606
0,10.430300000000003,3.165625,-0.03939290032292143
0,10.430300000000003,3.16875,-0.03959265933992116
0,10.430300000000003,3.171875,-0.03979476375996062
0,10.430300000000003,3.1750000000000003,-0.03999923600874139
0,10.430300000000003,3.178125,-0.040206098979584916
0,10.430300000000003,3.18125,-0.04041537603964176
0,10.430300000000003,3.184375,-0.04062709103629314
0,10.430300000000003,3.1875,-0.04084126830374826
0,10.430300000000003,3.1906250000000003,-0.041057932669840924
0,10.430300000000003,3.19375,-0.04127710946302807
0,10.430300000000003,3.196875,-0.041498824519594774
0,10.430300000000003,3.2,-0.04172310419106849
0,10.430300000000003,3.203125,-0.041949975351846636
0,10.430300000000003,3.2062500000000003,-0.042179465407041906
0,10.430300000000003,3.209375,-0.04241160230054855
0,10.430300000000003,3.2125,-0.04264641452333484
0,10.430300000000003,3.215625,-0.042883931121965334
0,10.430300000000003,3.21875,-0.043124181707357774
0,10.430300000000003,3.2218750000000003,-0.043367196463779845
0,10.430300000000003,3.225,-0.043613006158089676
0,10.430300000000003,3.228125,-0.04386164214922621
0,10.430300000000003,3.23125,-0.044113136397954014
0,10.430300000000003,3.234375,-0.04436752147686793
0,10.430300000000003,3.2375000000000003,-0.04462483058066396
0,10.430300000000003,3.240625,-0.04488509753668097
0,10.430300000000003,3.24375,-0.045148356815720395
0,10.430300000000003,3.246875,-0.045414643543149294
0,10.430300000000003,3.25,-0.045683993510293404
0,10.430300000000003,3.2531250000000003,-0.0459564431861272
0,10.430300000000003,3.25625,-0.04623202972926695
0,10.430300000000003,3.259375,-0.04651079100027481
0,10.430300000000003,3.2625,-0.04679276557428024
0,10.430300000000003,3.265625,-0.04707799275392692
0,10.430300000000003,3.2687500000000003,-0.04736651258265289
0,10.430300000000003,3.271875,-0.04765836585831129
0,10.430300000000003,3.275,-0.04795359414714093
0,10.430300000000003,3.278125,-0.04825223979809425
0,10.430300000000003,3.28125,-0.04855434595753198
0,10.430300000000003,3.2843750000000003,-0.048859956584293734
0,10.430300000000003,3.2875,-0.0491691164651531
0,10.430300000000003,3.290625,-0.04948187123066802
0,10.430300000000003,3.29375,-0.049798267371435376
0,10.430300000000003,3.296875,-0.05011835225476039
0,10.430300000000003,3.3000000000000003,-0.050442174141752165
0,10.430300000000003,3.303125,-0.05076978220485472
0,10.430300000000003,3.30625,-0.05110122654582666
0,10.430300000000003,3.309375,-0.05143655821417954
0,10.430300000000003,3.3125,-0.05177582922608777
0,10.430300000000003,3.3156250000000003,-0.05211909258378246
0,10.430300000000003,3.31875,-0.052466402295441306
0,10.430300000000003,3.321875,-0.05281781339558872
0,10.430300000000003,3.325,-0.05317338196601881
0,10.430300000000003,3.328125,-0.0535331651572556
0,10.430300000000003,3.3312500000000003,-0.053897221210565574
0,10.430300000000003,3.334375,-0.05426560948053614
0,10.430300000000003,3.3375,-0.054638390458236936
0,10.430300000000003,3.340625,-0.05501562579497863
0,10.430300000000003,3.34375,-0.055397378326686154
0,10.430300000000003,3.3468750000000003,-0.05578371209890368
0,10.430300000000003,3.35,-0.056174692392447684
0,10.430300000000003,3.353125,-0.056570385749727545
0,10.430300000000003,3.35625,-0.056970860001751104
0,10.430300000000003,3.359375,-0.05737618429583467
0,10.430300000000003,3.3625000000000003,-0.05778642912403817
0,10.430300000000003,3.365625,-0.058201666352344146
0,10.430300000000003,3.36875,-0.058621969250603756
0,10.430300000000003,3.371875,-0.059047412523269886
0,10.430300000000003,3.375,-0.05947807234094047
0,10.430300000000003,3.3781250000000003,-0.05991402637273607
0,10.430300000000003,3.38125,-0.06035535381953387
0,10.430300000000003,3.384375,-0.06080213544808501
0,10.430300000000003,3.3875,-0.0612544536260389
0,10.430300000000003,3.390625,-0.06171239235790207
0,10.430300000000003,3.3937500000000003,-0.062176037321958845
0,10.430300000000003,3.396875,-0.06264547590818097
0,10.430300000000003,3.4000000000000004,-0.06312079725715701
0,10.430300000000003,3.403125,-0.06360209230006936
0,10.430300000000003,3.40625,-0.06408945379975242
0,10.430300000000003,3.4093750000000003,-0.06458297639286184
0,10.430300000000003,3.4125,-0.06508275663318888
0,10.430300000000003,3.4156250000000004,-0.06558889303615494
0,10.430300000000003,3.41875,-0.06610148612451965
0,10.430300000000003,3.421875,-0.0666206384753413
0,10.430300000000003,3.4250000000000003,-0.06714645476822581
0,10.430300000000003,3.428125,-0.06767904183490357
0,10.430300000000003,3.4312500000000004,-0.06821850871017578
0,10.430300000000003,3.434375,-0.06876496668426972
0,10.430300000000003,3.4375,-0.06931852935664867
0,10.430300000000003,3.4406250000000003,-0.06987931269131899
0,10.430300000000003,3.44375,-0.07044743507368122
0,10.430300000000003,3.4468750000000004,-0.07102301736897389
0,10.430300000000003,3.45,-0.07160618298235702
0,10.430300000000003,3.453125,-0.07219705792068906
0,10.430300000000003,3.4562500000000003,-0.07279577085604762
0,10.430300000000003,3.459375,-0.07340245319104959
0,10.430300000000003,3.4625000000000004,-0.07401723912602792
0,10.430300000000003,3.465625,-0.07464026572812096
0,10.430300000000003,3.46875,-0.07527167300233784
0,10.430300000000003,3.4718750000000003,-0.07591160396465947
0,10.430300000000003,3.475,-0.07656020471724137
0,10.430300000000003,3.4781250000000004,-0.07721762452578558
0,10.430300000000003,3.48125,-0.07788401589914866
0,10.430300000000003,3.484375,-0.07855953467126035
0,10.430300000000003,3.4875000000000003,-0.07924434008542436
0,10.430300000000003,3.490625,-0.07993859488107889
0,10.430300000000003,3.4937500000000004,-0.08064246538309779
0,10.430300000000003,3.496875,-0.08135612159371088
0,10.430300000000003,3.5,-0.08207973728713291
0,10.430300000000003,3.5031250000000003,-0.08281349010698544
0,10.430300000000003,3.50625,-0.08355756166660434
0,10.430300000000003,3.5093750000000004,-0.08431213765232837
0,10.430300000000003,3.5125,-0.08507740792986374
0,10.430300000000003,3.515625,-0.08585356665382875
0,10.430300000000003,3.5187500000000003,-0.08664081238058124
0,10.430300000000003,3.521875,-0.08743934818443763
0,10.430300000000003,3.5250000000000004,-0.08824938177739744
0,10.430300000000003,3.528125,-0.08907112563248676
0,10.430300000000003,3.53125,-0.08990479711084444
0,10.430300000000003,3.5343750000000003,-0.09075061859267297
0,10.430300000000003,3.5375,-0.09160881761218437
0,10.430300000000003,3.5406250000000004,-0.09247962699667635
0,10.430300000000003,3.54375,-0.09336328500987405
0,10.430300000000003,3.546875,-0.09426003549968506
0,10.430300000000003,3.5500000000000003,-0.09517012805051314
0,10.430300000000003,3.553125,-0.09609381814028585
0,10.430300000000003,3.5562500000000004,-0.09703136730235772
0,10.430300000000003,3.559375,-0.09798304329245007
0,10.430300000000003,3.5625,-0.098949120260804
0,10.430300000000003,3.5656250000000003,-0.09992987892971941
0,10.430300000000003,3.56875,-0.10092560677666645
0,10.430300000000003,3.5718750000000004,-0.10193659822316044
0,10.430300000000003,3.575,-0.1029631548295944
0,10.430300000000003,3.578125,-0.1040055854962382
0,10.430300000000003,3.5812500000000003,-0.10506420667061173
0,10.430300000000003,3.584375,-0.10613934256145356
0,10.430300000000003,3.5875000000000004,-0.10723132535951353
0,10.430300000000003,3.590625,-0.10834049546540087
0,10.430300000000003,3.59375,-0.10946720172473612
0,10.430300000000003,3.5968750000000003,-0.11061180167085559
0,10.430300000000003,3.6,-0.11177466177533124
0,10.430300000000003,3.6031250000000004,-0.11295615770657844
0,10.430300000000003,3.60625,-0.11415667459682767
0,10.430300000000003,3.609375,-0.1153766073177558
0,10.430300000000003,3.6125000000000003,-0.11661636076507265
0,10.430300000000003,3.615625,-0.11787635015237607
0,10.430300000000003,3.6187500000000004,-0.11915700131459939
0,10.430300000000003,3.621875,-0.12045875102137905
0,10.430300000000003,3.625,-0.12178204730069395
0,10.430300000000003,3.6281250000000003,-0.12312734977312723
0,10.430300000000003,3.63125,-0.1244951299971225
0,10.430300000000003,3.6343750000000004,-0.12588587182561714
0,10.430300000000003,3.6375,-0.1273000717744426
0,10.430300000000003,3.640625,-0.12873823940290546
0,10.430300000000003,3.6437500000000003,-0.13020089770696586
0,10.430300000000003,3.646875,-0.13168858352545051
0,10.430300000000003,3.6500000000000004,-0.13320184795975182
0,10.430300000000003,3.653125,-0.13474125680747337
0,10.430300000000003,3.65625,-0.13630739101050646
0,10.430300000000003,3.6593750000000003,-0.13790084711802708
0,10.430300000000003,3.6625,-0.13952223776492625
0,10.430300000000003,3.6656250000000004,-0.14117219216620122
0,10.430300000000003,3.66875,-0.14285135662784393
0,10.430300000000003,3.671875,-0.14456039507479235
0,10.430300000000003,3.6750000000000003,-0.1462999895965127
0,10.430300000000003,3.678125,-0.14807084101080598
0,10.430300000000003,3.6812500000000004,-0.1498736694464496
0,10.430300000000003,3.684375,-0.15170921494529133
0,10.430300000000003,3.6875,-0.15357823808444432
0,10.430300000000003,3.6906250000000003,-0.15548152061923395
0,10.430300000000003,3.69375,-0.15741986614757245
0,10.430300000000003,3.6968750000000004,-0.1593941007964533
0,10.430300000000003,3.7,-0.1614050739312641
0,10.430300000000003,3.703125,-0.16345365888864535
0,10.430300000000003,3.7062500000000003,-0.16554075373362323
0,10.430300000000003,3.709375,-0.1676672820417666
0,10.430300000000003,3.7125000000000004,-0.16983419370713218
0,10.430300000000003,3.715625,-0.1720424657767621
0,10.430300000000003,3.71875,-0.17429310331252523
0,10.430300000000003,3.7218750000000003,-0.17658714028108483
0,10.430300000000003,3.725,-0.17892564047279305
0,10.430300000000003,3.7281250000000004,-0.18130969845031678
0,10.430300000000003,3.73125,-0.18374044052779018
0,10.430300000000003,3.734375,-0.18621902578130628
0,10.430300000000003,3.7375000000000003,-0.18874664709153743
0,10.430300000000003,3.740625,-0.19132453221927842
0,10.430300000000003,3.7437500000000004,-0.1939539449146933
0,10.430300000000003,3.746875,-0.1966361860610185
0,10.430300000000003,3.75,-0.19937259485347192
0,10.430300000000003,3.7531250000000003,-0.20216455001406866
0,10.430300000000003,3.75625,-0.20501347104302176
0,10.430300000000003,3.7593750000000004,-0.2079208195073643
0,10.430300000000003,3.7625,-0.21088810036736313
0,10.430300000000003,3.765625,-0.2139168633412549
0,10.430300000000003,3.7687500000000003,-0.21700870430874244
0,10.430300000000003,3.771875,-0.2201652667536175
0,10.430300000000003,3.7750000000000004,-0.22338824324578108
0,10.430300000000003,3.778125,-0.22667937696280407
0,10.430300000000003,3.78125,-0.23004046325106658
0,10.430300000000003,3.7843750000000003,-0.23347335122634302
0,10.430300000000003,3.7875,-0.2369799454135483
0,10.430300000000003,3.7906250000000004,-0.24056220742517098
0,10.430300000000003,3.79375,-0.2442221576776875
0,10.430300000000003,3.796875,-0.24796187714503617
0,10.430300000000003,3.8000000000000003,-0.2517835091479284
0,10.430300000000003,3.803125,-0.25568926117748736
0,10.430300000000003,3.8062500000000004,-0.2596814067513574
0,10.430300000000003,3.809375,-0.26376228730002843
0,10.430300000000003,3.8125,-0.2679343140807132
0,10.430300000000003,3.8156250000000003,-0.27219997011560965
0,10.430300000000003,3.81875,-0.27656181215086395
0,10.430300000000003,3.8218750000000004,-0.28102247263195196
0,10.430300000000003,3.825,-0.28558466169051905
0,10.430300000000003,3.828125,-0.29025116913701404
0,10.430300000000003,3.8312500000000003,-0.2950248664526072
0,10.430300000000003,3.834375,-0.2999087087730016
0,10.430300000000003,3.8375000000000004,-0.3049057368557524
0,10.430300000000003,3.840625,-0.31001907902158365
0,10.430300000000003,3.84375,-0.31525195305901443
0,10.430300000000003,3.8468750000000003,-0.32060766808022845
0,10.430300000000003,3.85,-0.3260896263146726
0,10.430300000000003,3.8531250000000004,-0.33170132482524445
0,10.430300000000003,3.85625,-0.33744635713012244
0,10.430300000000003,3.859375,-0.3433284147113781
0,10.430300000000003,3.8625000000000003,-0.3493512883893153
0,10.430300000000003,3.865625,-0.35551886953916856
0,10.430300000000003,3.8687500000000004,-0.36183515112421394
0,10.430300000000003,3.871875,-0.36830422851651545
0,10.430300000000003,3.875,-0.3749303000735105
0,10.430300000000003,3.8781250000000003,-0.3817176674352515
0,10.430300000000003,3.88125,-0.38867073550352893
0,10.430300000000003,3.8843750000000004,-0.395794012060147
0,10.430300000000003,3.8875,-0.40309210697732417
0,10.430300000000003,3.890625,-0.41056973096861216
0,10.430300000000003,3.8937500000000003,-0.4182316938236699
0,10.430300000000003,3.896875,-0.42608290206487937
0,10.430300000000003,3.9000000000000004,-0.4341283559579865
0,10.430300000000003,3.903125,-0.442373145802698
0,10.430300000000003,3.90625,-0.4508224474225598
0,10.430300000000003,3.9093750000000003,-0.45948151676628574
0,10.430300000000003,3.9125,-0.46835568352518836
0,10.430300000000003,3.9156250000000004,-0.477450343663362
0,10.430300000000003,3.91875,-0.486770950748787
0,10.430300000000003,3.921875,-0.4963230059647252
0,10.430300000000003,3.9250000000000003,-0.5061120466714476
0,10.430300000000003,3.928125,-0.5161436333787726
0,10.430300000000003,3.9312500000000004,-0.5264233349799811
0,10.430300000000003,3.934375,-0.5369567120875122
0,10.430300000000003,3.9375,-0.5477492983006678
0,10.430300000000003,3.9406250000000003,-0.5588065792252488
0,10.430300000000003,3.94375,-0.5701339690550147
0,10.430300000000003,3.9468750000000004,-0.5817367845151453
0,10.430300000000003,3.95,-0.5936202159586832
0,10.430300000000003,3.953125,-0.6057892953987523
0,10.430300000000003,3.9562500000000003,-0.6182488612521592
0,10.430300000000003,3.959375,-0.631003519564528
0,10.430300000000003,3.9625000000000004,-0.6440576014836191
0,10.430300000000003,3.965625,-0.6574151167464577
0,10.430300000000003,3.96875,-0.6710797029481723
0,10.430300000000003,3.9718750000000003,-0.685054570366322
0,10.430300000000003,3.975,-0.6993424421250934
0,10.430300000000003,3.9781250000000004,-0.7139454894997249
0,10.430300000000003,3.98125,-0.7288652621837395
0,10.430300000000003,3.984375,-0.7441026133713753
0,10.430300000000003,3.9875000000000003,-0.7596576195456418
0,10.430300000000003,3.990625,-0.7755294949103114
0,10.430300000000003,3.9937500000000004,-0.7917165004628488
0,10.430300000000003,3.996875,-0.8082158477760158
0,10.430300000000003,4.0,-0.8250235976402324
0,10.430300000000003,4.003125000000001,-0.8421345538174693
0,10.430300000000003,4.00625,-0.8595421522720587
0,10.430300000000003,4.009375,-0.8772383463751325
0,10.430300000000003,4.0125,-0.8952134887277645
0,10.430300000000003,4.015625,-0.9134562104147821
0,10.430300000000003,4.018750000000001,-0.9319532986849881
0,10.430300000000003,4.021875,-0.9506895742551676
0,10.430300000000003,4.025,-0.9696477696524753
0,10.430300000000003,4.028125,-0.9888084102404737
0,10.430300000000003,4.03125,-1.0081496998161203
0,10.430300000000003,4.034375000000001,-1.027647412912504
0,10.430300000000003,4.0375,-1.0472747961912872
0,10.430300000000003,4.040625,-1.0670024815517523
0,10.430300000000003,4.04375,-1.0867984138117788
0,10.430300000000003,4.046875,-1.1066277960213304
0,10.430300000000003,4.050000000000001,-1.126453055638212
0,10.430300000000003,4.053125,-1.1462338349183083
0,10.430300000000003,4.05625,-1.1659270089337017
0,10.430300000000003,4.059375,-1.1854867346178504
0,10.430300000000003,4.0625,-1.2048645341342745
0,10.430300000000003,4.065625000000001,-1.2240094156582346
0,10.430300000000003,4.06875,-1.242868034339076
0,10.430300000000003,4.071875,-1.26138489576263
0,10.430300000000003,4.075,-1.2795026036511616
0,10.430300000000003,4.078125,-1.297162152820831
0,10.430300000000003,4.081250000000001,-1.314303267563967
0,10.430300000000003,4.084375,-1.3308647846457948
0,10.430300000000003,4.0875,-1.3467850790168814
0,10.430300000000003,4.090625,-1.3620025291664073
0,10.430300000000003,4.09375,-1.3764560178088008
0,10.430300000000003,4.096875000000001,-1.3900854623435206
0,10.430300000000003,4.1,-1.402832368300466
0,10.430300000000003,4.103125,-1.4146403978298547
0,10.430300000000003,4.10625,-1.4254559442676125
0,10.430300000000003,4.109375,-1.4352287029586857
0,10.430300000000003,4.112500000000001,-1.4439122279002923
0,10.430300000000003,4.115625,-1.4514644634207137
0,10.430300000000003,4.11875,-1.4578482400721866
0,10.430300000000003,4.121875,-1.463031724213194
0,10.430300000000003,4.125,-1.466988811396933
0,10.430300000000003,4.128125000000001,-1.469699454662813
0,10.430300000000003,4.13125,-1.4711499201255063
0,10.430300000000003,4.134375,-1.4713329638327923
0,10.430300000000003,4.1375,-1.4702479256665741
0,10.430300000000003,4.140625,-1.467900738025927
0,10.430300000000003,4.143750000000001,-1.4643038490825209
0,10.430300000000003,4.146875,-1.4594760624584684
0,10.430300000000003,4.15,-1.4534422971648588
0,10.430300000000003,4.153125,-1.4462332734807959
0,10.430300000000003,4.15625,-1.437885132079956
0,10.430300000000003,4.159375000000001,-1.4284389950695113
0,10.430300000000003,4.1625,-1.417940478653053
0,10.430300000000003,4.165625,-1.406439167840009
0,10.430300000000003,4.16875,-1.3939880639905513
0,10.430300000000003,4.171875,-1.3806430160137657
0,10.430300000000003,4.175000000000001,-1.3664621457507038
0,10.430300000000003,4.178125,-1.3515052775057181
0,10.430300000000003,4.18125,-1.3358333808829506
0,10.430300000000003,4.184375,-1.3195080350894686
0,10.430300000000003,4.1875,-1.3025909217338016
0,10.430300000000003,4.190625000000001,-1.2851433519323512
0,10.430300000000003,4.19375,-1.267225832284836
0,10.430300000000003,4.196875,-1.248897673039732
0,10.430300000000003,4.2,-1.2302166405807937
0,10.430300000000003,4.203125,-1.211238655257067
0,10.430300000000003,4.206250000000001,-1.1920175345774855
0,10.430300000000003,4.209375,-1.1726047809122806
0,10.430300000000003,4.2125,-1.1530494120978767
0,10.430300000000003,4.215625,-1.133397832733088
0,10.430300000000003,4.21875,-1.113693743479121
0,10.430300000000003,4.221875000000001,-1.0939780853294323
0,10.430300000000003,4.225,-1.074289015586282
0,10.430300000000003,4.228125,-1.054661912157729
0,10.430300000000003,4.23125,-1.0351294027582807
0,10.430300000000003,4.234375,-1.015721415643015
0,10.430300000000003,4.237500000000001,-0.9964652486164282
0,10.430300000000003,4.240625,-0.9773856532180126
0,10.430300000000003,4.24375,-0.9585049311851872
0,10.430300000000003,4.246875,-0.9398430405192083
0,10.430300000000003,4.25,-0.9214177087199585
0,10.430300000000003,4.253125000000001,-0.903244551004285
0,10.430300000000003,4.25625,-0.8853371915708831
0,10.430300000000003,4.259375,-0.8677073862179776
0,10.430300000000003,4.2625,-0.8503651448537267
0,10.430300000000003,4.265625,-0.8333188526590082
0,10.430300000000003,4.268750000000001,-0.816575388867425
0,10.430300000000003,4.271875,-0.8001402423148332
0,10.430300000000003,4.275,-0.7840176230807829
0,10.430300000000003,4.278125,-0.7682105696967545
0,10.430300000000003,4.28125,-0.7527210515303706
0,10.430300000000003,4.284375000000001,-0.7375500660730427
0,10.430300000000003,4.2875,-0.7226977309601783
0,10.430300000000003,4.290625,-0.7081633706401581
0,10.430300000000003,4.29375,-0.6939455976819624
0,10.430300000000003,4.296875,-0.6800423887719819
0,10.430300000000003,4.300000000000001,-0.6664511555008484
0,10.430300000000003,4.303125,-0.6531688100808968
0,10.430300000000003,4.30625,-0.6401918261661934
0,10.430300000000003,4.309375,-0.6275162949709979
0,10.430300000000003,4.3125,-0.615137976899337
0,10.430300000000003,4.315625000000001,-0.6030523489103011
0,10.430300000000003,4.31875,-0.5912546478502904
0,10.430300000000003,4.321875,-0.5797399099863376
0,10.430300000000003,4.325,-0.5685030069744502
0,10.430300000000003,4.328125,-0.557538678493569
0,10.430300000000003,4.331250000000001,-0.5468415617709075
0,10.430300000000003,4.334375,-0.5364062182174368
0,10.430300000000003,4.3375,-0.5262271573842283
0,10.430300000000003,4.340625,-0.5162988584415358
0,10.430300000000003,4.34375,-0.5066157893726199
0,10.430300000000003,4.346875000000001,-0.4971724240645514
0,10.430300000000003,4.35,-0.4879632574678628
0,10.430300000000003,4.353125,-0.4789828189866635
0,10.430300000000003,4.35625,-0.4702256842508304
0,10.430300000000003,4.359375,-0.4616864854116882
0,10.430300000000003,4.362500000000001,-0.45335992009315246
0,10.430300000000003,4.365625,-0.4452407591208352
0,10.430300000000003,4.36875,-0.4373238531426694
0,10.430300000000003,4.371875,-0.42960413824620786
0,10.430300000000003,4.375,-0.42207664066945394
0,10.430300000000003,4.378125000000001,-0.414736480694644
0,10.430300000000003,4.38125,-0.407578875807083
0,10.430300000000003,4.384375,-0.4005991431943929
0,10.430300000000003,4.3875,-0.3937927016553388
0,10.430300000000003,4.390625,-0.3871550729813325
0,10.430300000000003,4.393750000000001,-0.38068188286842153
0,10.430300000000003,4.396875,-0.3743688614123904
0,10.430300000000003,4.4,-0.3682118432348971
0,10.430300000000003,4.403125,-0.3622067672843271
0,10.430300000000003,4.40625,-0.3563496763508777
0,10.430300000000003,4.409375000000001,-0.3506367163318514
0,10.430300000000003,4.4125,-0.34506413527964946
0,10.430300000000003,4.415625,-0.33962828226184444
0,10.430300000000003,4.41875,-0.3343256060599363
0,10.430300000000003,4.421875,-0.32915265373064756
0,10.430300000000003,4.425000000000001,-0.3241060690513524
0,10.430300000000003,4.428125,-0.31918259086897344
0,10.430300000000003,4.43125,-0.3143790513696843
0,10.430300000000003,4.434375,-0.30969237428502
0,10.430300000000003,4.4375,-0.3051195730482197
0,10.430300000000003,4.440625000000001,-0.30065774891324587
0,10.430300000000003,4.44375,-0.29630408904748784
0,10.430300000000003,4.446875,-0.29205586460791866
0,10.430300000000003,4.45,-0.2879104288094223
0,10.430300000000003,4.453125,-0.28386521499288364
0,10.430300000000003,4.456250000000001,-0.27991773469982195
0,10.430300000000003,4.459375,-0.2760655757594561
0,10.430300000000003,4.4625,-0.2723064003933419
0,10.430300000000003,4.465625,-0.2686379433421079
0,10.430300000000003,4.46875,-0.26505801001811413
0,10.430300000000003,4.471875000000001,-0.26156447468740635
0,10.430300000000003,4.475,-0.25815527868379257
0,10.430300000000003,4.478125,-0.2548284286574327
0,10.430300000000003,4.48125,-0.25158199485998856
0,10.430300000000003,4.484375,-0.24841410946795045
0,10.430300000000003,4.487500000000001,-0.24532296494552405
0,10.430300000000003,4.490625,-0.24230681244813393
0,10.430300000000003,4.49375,-0.23936396026735257
0,10.430300000000003,4.496875,-0.23649277231789284
0,10.430300000000003,4.5,-0.23369166666702923
0,10.430300000000003,4.503125000000001,-0.23095911410672004
0,10.430300000000003,4.50625,-0.22829363676850317
0,10.430300000000003,4.509375,-0.22569380678110934
0,10.430300000000003,4.5125,-0.22315824497066153
0,10.430300000000003,4.515625,-0.2206856196031597
0,10.430300000000003,4.518750000000001,-0.21827464516893105
0,10.430300000000003,4.521875,-0.21592408120860695
0,10.430300000000003,4.525,-0.21363273118012435
0,10.430300000000003,4.528125,-0.21139944136623032
0,10.430300000000003,4.53125,-0.2092230998218585
0,10.430300000000003,4.534375000000001,-0.20710263536076493
0,10.430300000000003,4.5375,-0.2050370165807396
0,10.430300000000003,4.540625,-0.20302525092668092
0,10.430300000000003,4.54375,-0.20106638379082592
0,10.430300000000003,4.546875,-0.19915949764935661
0,10.430300000000003,4.550000000000001,-0.19730371123463356
0,10.430300000000003,4.553125,-0.19549817874226025
0,10.430300000000003,4.55625,-0.19374208907216794
0,10.430300000000003,4.559375,-0.19203466510292433
0,10.430300000000003,4.5625,-0.19037516299840937
0,10.430300000000003,4.565625000000001,-0.1887628715460341
0,10.430300000000003,4.56875,-0.18719711152563492
0,10.430300000000003,4.571875,-0.18567723510816211
0,10.430300000000003,4.575,-0.18420262528328765
0,10.430300000000003,4.578125,-0.18277269531499737
0,10.430300000000003,4.581250000000001,-0.18138688822425075
0,10.430300000000003,4.584375,-0.1800446762977384
0,10.430300000000003,4.5875,-0.178745560621742
0,10.430300000000003,4.590625,-0.17748907064008373
0,10.430300000000003,4.59375,-0.17627476373508055
0,10.430300000000003,4.596875000000001,-0.17510222483040472
0,10.430300000000003,4.6,-0.17397106601467946
0,10.430300000000003,4.603125,-0.17288092618457948
0,10.430300000000003,4.60625,-0.17183147070615395
0,10.430300000000003,4.609375,-0.17082239109298522
0,10.430300000000003,4.612500000000001,-0.16985340469973637
0,10.430300000000003,4.615625,-0.168924254429525
0,10.430300000000003,4.61875,-0.16803470845345225
0,10.430300000000003,4.621875,-0.1671845599405062
0,10.430300000000003,4.625,-0.16637362679589884
0,10.430300000000003,4.628125000000001,-0.16560175140576577
0,10.430300000000003,4.63125,-0.1648688003859736
0,10.430300000000003,4.634375,-0.1641746643325946
0,10.430300000000003,4.6375,-0.16351925757141209
0,10.430300000000003,4.640625,-0.16290251790357219
0,10.430300000000003,4.643750000000001,-0.16232440634426662
0,10.430300000000003,4.646875,-0.16178490685104452
0,10.430300000000003,4.65,-0.16128402603805087
0,10.430300000000003,4.653125,-0.160821792872168
0,10.430300000000003,4.65625,-0.16039825834666646
0,10.430300000000003,4.659375000000001,-0.1600134951275925
0,10.430300000000003,4.6625,-0.15966759716769077
0,10.430300000000003,4.665625,-0.1593606792822019
0,10.430300000000003,4.66875,-0.15909287668038744
0,10.430300000000003,4.671875,-0.15886434444609202
0,10.430300000000003,4.675000000000001,-0.15867525696009147
0,10.430300000000003,4.678125,-0.1585258072563569
0,10.430300000000003,4.68125,-0.1584162063037153
0,10.430300000000003,4.684375,-0.15834668220369424
0,10.430300000000003,4.6875,-0.15831747929460277
0,10.430300000000003,4.690625000000001,-0.15832885715112904
0,10.430300000000003,4.69375,-0.15838108946792484
0,10.430300000000003,4.696875,-0.1584744628148032
0,10.430300000000003,4.7,-0.1586092752503011
0,10.430300000000003,4.703125,-0.1587858347794652
0,10.430300000000003,4.706250000000001,-0.15900445764080495
0,10.430300000000003,4.709375,-0.15926546640644174
0,10.430300000000003,4.7125,-0.159569187878577
0,10.430300000000003,4.715625,-0.1599159507645124
0,10.430300000000003,4.71875,-0.16030608311162103
0,10.430300000000003,4.721875000000001,-0.160739909482887
0,10.430300000000003,4.725,-0.16121774785295234
0,10.430300000000003,4.728125,-0.16173990620405682
0,10.430300000000003,4.73125,-0.1623066788008565
0,10.430300000000003,4.734375,-0.16291834212293685
0,10.430300000000003,4.737500000000001,-0.1635751504338967
0,10.430300000000003,4.740625,-0.1642773309662811
0,10.430300000000003,4.74375,-0.16502507870241254
0,10.430300000000003,4.746875,-0.16581855073238747
0,10.430300000000003,4.75,-0.16665786017228545
0,10.430300000000003,4.753125000000001,-0.16754306962800555
0,10.430300000000003,4.75625,-0.16847418419326363
0,10.430300000000003,4.759375,-0.16945114397421468
0,10.430300000000003,4.7625,-0.1704738161380131
0,10.430300000000003,4.765625,-0.1715419864885535
0,10.430300000000003,4.768750000000001,-0.17265535057967404
0,10.430300000000003,4.771875,-0.1738135043844523
0,10.430300000000003,4.775,-0.17501593454893052
0,10.430300000000003,4.778125,-0.17626200826976005
0,10.430300000000003,4.78125,-0.1775509628479976
0,10.430300000000003,4.784375000000001,-0.17888189498555357
0,10.430300000000003,4.7875,-0.1802537499067133
0,10.430300000000003,4.790625,-0.18166531040461897
0,10.430300000000003,4.79375,-0.18311518593152212
0,10.430300000000003,4.796875,-0.18460180187191044
0,10.430300000000003,4.800000000000001,-0.18612338915890922
0,10.430300000000003,4.803125,-0.1876779744164415
0,10.430300000000003,4.80625,-0.18926337083198283
0,10.430300000000003,4.809375,-0.19087716998678814
0,10.430300000000003,4.8125,-0.19251673489160104
0,10.430300000000003,4.815625000000001,-0.1941791944951046
0,10.430300000000003,4.81875,-0.19586143994893732
0,10.430300000000003,4.821875,-0.19756012292580094
0,10.430300000000003,4.825,-0.19927165629486152
0,10.430300000000003,4.828125,-0.20099221746012652
0,10.430300000000003,4.831250000000001,-0.20271775466132883
0,10.430300000000003,4.834375,-0.2044439965219532
0,10.430300000000003,4.8375,-0.2061664651041157
0,10.430300000000003,4.840625,-0.20788049269403183
0,10.430300000000003,4.84375,-0.20958124249409762
0,10.430300000000003,4.846875000000001,-0.2112637333375724
0,10.430300000000003,4.85,-0.21292286846963798
0,10.430300000000003,4.853125,-0.2145534683546499
0,10.430300000000003,4.85625,-0.2161503073748133
0,10.430300000000003,4.859375,-0.21770815418218392
0,10.430300000000003,4.862500000000001,-0.2192218153561332
0,10.430300000000003,4.865625,-0.22068618190551115
0,10.430300000000003,4.86875,-0.22209627804235227
0,10.430300000000003,4.871875,-0.22344731154636446
0,10.430300000000003,4.875,-0.22473472494130287
0,10.430300000000003,4.878125000000001,-0.22595424662027505
0,10.430300000000003,4.88125,-0.22710194099182043
0,10.430300000000003,4.884375,-0.22817425667642258
0,10.430300000000003,4.8875,-0.22916807176754933
0,10.430300000000003,4.890625,-0.23008073518507266
0,10.430300000000003,4.893750000000001,-0.2309101031933646
0,10.430300000000003,4.896875,-0.23165457023170358
0,10.430300000000003,4.9,-0.2323130933094312
0,10.430300000000003,4.903125,-0.23288520934973872
0,10.430300000000003,4.90625,-0.23337104501984815
0,10.430300000000003,4.909375000000001,-0.23377131875616478
0,10.430300000000003,4.9125,-0.23408733487441877
0,10.430300000000003,4.915625,-0.23432096983986095
0,10.430300000000003,4.91875,-0.23447465095408937
0,10.430300000000003,4.921875,-0.2345513278861019
0,10.430300000000003,4.925000000000001,-0.23455443762931436
0,10.430300000000003,4.928125,-0.23448786359815116
0,10.430300000000003,4.93125,-0.23435588968318322
0,10.430300000000003,4.934375,-0.2341631501598573
0,10.430300000000003,4.9375,-0.23391457639131016
0,10.430300000000003,4.940625000000001,-0.23361534128074454
0,10.430300000000003,4.94375,-0.23327080241489073
0,10.430300000000003,4.946875,-0.23288644479989362
0,10.430300000000003,4.95,-0.23246782402823285
0,10.430300000000003,4.953125,-0.23202051063431442
0,10.430300000000003,4.956250000000001,-0.2315500363019387
0,10.430300000000003,4.959375,-0.2310618424837648
0,10.430300000000003,4.9625,-0.23056123188589311
0,10.430300000000003,4.965625,-0.2300533231641565
0,10.430300000000003,4.96875,-0.2295430090764812
0,10.430300000000003,4.971875000000001,-0.22903491824105834
0,10.430300000000003,4.975,-0.228533380565578
0,10.430300000000003,4.978125,-0.22804239634033366
0,10.430300000000003,4.98125,-0.22756560892880162
0,10.430300000000003,4.984375,-0.2271062809438893
0,10.430300000000003,4.987500000000001,-0.22666727376648102
0,10.430300000000003,4.990625,-0.2262510302446821
0,10.430300000000003,4.99375,-0.22585956040642943
0,10.430300000000003,4.996875,-0.22549443002371877
0,10.430300000000003,5.0,-0.2251567518821413
0,10.430300000000003,5.003125,-0.22484717963316136
0,10.430300000000003,5.0062500000000005,-0.2245659041368299
0,10.430300000000003,5.009375,-0.22431265223762428
0,10.430300000000003,5.0125,-0.22408668795395306
0,10.430300000000003,5.015625,-0.22388681610066974
0,10.430300000000003,5.01875,-0.2237113884017904
0,10.430300000000003,5.0218750000000005,-0.22355831218561598
0,10.430300000000003,5.025,-0.22342506178474386
0,10.430300000000003,5.028125,-0.22330869278719953
0,10.430300000000003,5.03125,-0.22320585930039852
0,10.430300000000003,5.034375,-0.22311283439525068
0,10.430300000000003,5.0375000000000005,-0.2230255338920167
0,10.430300000000003,5.040625,-0.2229395436313418
0,10.430300000000003,5.04375,-0.22285015034234737
0,10.430300000000003,5.046875,-0.22275237617430155
0,10.430300000000003,5.05,-0.22264101689921342
0,10.430300000000003,5.0531250000000005,-0.22251068372028313
0,10.430300000000003,5.05625,-0.22235584853669166
0,10.430300000000003,5.059375,-0.2221708924206
0,10.430300000000003,5.0625,-0.22195015696002995
0,10.430300000000003,5.065625,-0.22168799801476483
0,10.430300000000003,5.0687500000000005,-0.2213788413254044
0,10.430300000000003,5.071875,-0.22101723931261677
0,10.430300000000003,5.075,-0.22059792830915168
0,10.430300000000003,5.078125,-0.22011588538618526
0,10.430300000000003,5.08125,-0.219566383872767
0,10.430300000000003,5.0843750000000005,-0.21894504662689773
0,10.430300000000003,5.0875,-0.2182478961027413
0,10.430300000000003,5.090625,-0.2174714002733721
0,10.430300000000003,5.09375,-0.21661251351383679
0,10.430300000000003,5.096875,-0.21566871162529105
0,10.430300000000003,5.1000000000000005,-0.21463802028627127
0,10.430300000000003,5.103125,-0.21351903634896005
0,10.430300000000003,5.10625,-0.21231094155239655
0,10.430300000000003,5.109375,-0.21101350839556907
0,10.430300000000003,5.1125,-0.20962709809481228
0,10.430300000000003,5.1156250000000005,-0.20815265073498712
0,10.430300000000003,5.11875,-0.20659166790536992
0,10.430300000000003,5.121875,-0.20494618828203462
0,10.430300000000003,5.125,-0.20321875677244508
0,10.430300000000003,5.128125,-0.2014123879694736
0,10.430300000000003,5.1312500000000005,-0.1995305247669525
0,10.430300000000003,5.134375,-0.19757699306426435
0,10.430300000000003,5.1375,-0.19555595353201985
0,10.430300000000003,5.140625,-0.19347185142469725
0,10.430300000000003,5.14375,-0.1913293654106249
0,10.430300000000003,5.1468750000000005,-0.18913335634758063
0,10.430300000000003,5.15,-0.18688881686711198
0,10.430300000000003,5.153125,-0.1846008225466894
0,10.430300000000003,5.15625,-0.1822744853506845
0,10.430300000000003,5.159375,-0.17991490991357434
0,10.430300000000003,5.1625000000000005,-0.1775271531264075
0,10.430300000000003,5.165625,-0.17511618737462972
0,10.430300000000003,5.16875,-0.17268686766561975
0,10.430300000000003,5.171875,-0.1702439027809153
0,10.430300000000003,5.175,-0.16779183049350083
0,10.430300000000003,5.1781250000000005,-0.1653349968065509
0,10.430300000000003,5.18125,-0.1628775390977523
0,10.430300000000003,5.184375,-0.1604233729932861
0,10.430300000000003,5.1875,-0.15797618274778802
0,10.430300000000003,5.190625,-0.15553941487060075
0,10.430300000000003,5.1937500000000005,-0.1531162747136926
0,10.430300000000003,5.196875,-0.15070972572166738
0,10.430300000000003,5.2,-0.14832249103814515
0,10.430300000000003,5.203125,-0.14595705716423665
0,10.430300000000003,5.20625,-0.1436156793724928
0,10.430300000000003,5.2093750000000005,-0.14130038859241625
0,10.430300000000003,5.2125,-0.13901299950014778
0,10.430300000000003,5.215625,-0.13675511956421035
0,10.430300000000003,5.21875,-0.13452815882030372
0,10.430300000000003,5.221875,-0.1323333401701798
0,10.430300000000003,5.2250000000000005,-0.13017171002199313
0,10.430300000000003,5.228125,-0.1280441491115794
0,10.430300000000003,5.23125,-0.1259513833654362
0,10.430300000000003,5.234375,-0.12389399468645974
0,10.430300000000003,5.2375,-0.12187243156241465
0,10.430300000000003,5.2406250000000005,-0.11988701941459426
0,10.430300000000003,5.24375,-0.11793797062002988
0,10.430300000000003,5.246875,-0.11602539415489675
0,10.430300000000003,5.25,-0.11414930481949782
0,10.430300000000003,5.253125,-0.11230963201635769
0,10.430300000000003,5.2562500000000005,-0.11050622806267739
0,10.430300000000003,5.259375,-0.10873887602673298
0,10.430300000000003,5.2625,-0.10700729708485297
0,10.430300000000003,5.265625,-0.10531115740153436
0,10.430300000000003,5.26875,-0.103650074540099
0,10.430300000000003,5.2718750000000005,-0.10202362341523127
0,10.430300000000003,5.275,-0.10043134180184209
0,10.430300000000003,5.278125,-0.09887273541707876
0,10.430300000000003,5.28125,-0.09734728259407617
0,10.430300000000003,5.284375,-0.09585443856725134
0,10.430300000000003,5.2875000000000005,-0.09439363938972214
0,10.430300000000003,5.290625,-0.09296430550381805
0,10.430300000000003,5.29375,-0.09156584498571202
0,10.430300000000003,5.296875,-0.09019765648502967
0,10.430300000000003,5.3,-0.08885913187988051
0,10.430300000000003,5.3031250000000005,-0.08754965866720295
0,10.430300000000003,5.30625,-0.08626862210762708
0,10.430300000000003,5.309375,-0.08501540714327102
0,10.430300000000003,5.3125,-0.08378940010605122
0,10.430300000000003,5.315625,-0.08258999023318299
0,10.430300000000003,5.3187500000000005,-0.0814165710056401
0,10.430300000000003,5.321875,-0.08026854132441845
0,10.430300000000003,5.325,-0.07914530653852252
0,10.430300000000003,5.328125,-0.07804627933770181
0,10.430300000000003,5.33125,-0.07697088052207025
0,10.430300000000003,5.3343750000000005,-0.07591853965989666
0,10.430300000000003,5.3375,-0.07488869564403461
0,10.430300000000003,5.340625,-0.07388079715667237
0,10.430300000000003,5.34375,-0.07289430305135071
0,10.430300000000003,5.346875,-0.0719286826604827
0,10.430300000000003,5.3500000000000005,-0.07098341603595364
0,10.430300000000003,5.353125,-0.07005799412975636
0,10.430300000000003,5.35625,-0.06915191892103058
0,10.430300000000003,5.359375,-0.06826470349533997
0,10.430300000000003,5.3625,-0.067395872081507
0,10.430300000000003,5.3656250000000005,-0.06654496005085996
0,10.430300000000003,5.36875,-0.06571151388331248
0,10.430300000000003,5.371875,-0.06489509110428855
0,10.430300000000003,5.375,-0.06409526019614292
0,10.430300000000003,5.378125,-0.06331160048737675
0,10.430300000000003,5.3812500000000005,-0.06254370202263866
0,10.430300000000003,5.384375,-0.0617911654162122
0,10.430300000000003,5.3875,-0.06105360169142144
0,10.430300000000003,5.390625,-0.06033063210815181
0,10.430300000000003,5.39375,-0.05962188798045367
0,10.430300000000003,5.3968750000000005,-0.05892701048599787
0,10.430300000000003,5.4,-0.05824565046896766
0,10.430300000000003,5.403125,-0.05757746823779901
0,10.430300000000003,5.40625,-0.05692213335903511
0,10.430300000000003,5.409375,-0.056279324448414436
0,10.430300000000003,5.4125000000000005,-0.05564872896018956
0,10.430300000000003,5.415625,-0.05503004297555853
0,10.430300000000003,5.41875,-0.054422970990983754
0,10.430300000000003,5.421875,-0.053827225707085036
0,10.430300000000003,5.425,-0.05324252781870236
0,10.430300000000003,5.4281250000000005,-0.05266860580665095
0,10.430300000000003,5.43125,-0.05210519573162126
0,10.430300000000003,5.434375,-0.05155204103061206
0,10.430300000000003,5.4375,-0.05100889231623306
0,10.430300000000003,5.440625,-0.05047550717915857
0,10.430300000000003,5.4437500000000005,-0.049951649993971434
0,10.430300000000003,5.446875,-0.049437091728595464
0,10.430300000000003,5.45,-0.048931609757476534
0,10.430300000000003,5.453125,-0.04843498767864428
0,10.430300000000003,5.45625,-0.04794701513475338
0,10.430300000000003,5.4593750000000005,-0.04746748763818022
0,10.430300000000003,5.4625,-0.04699620640022823
0,10.430300000000003,5.465625,-0.046532978164472584
0,10.430300000000003,5.46875,-0.04607761504426182
0,10.430300000000003,5.471875,-0.04562993436437362
0,10.430300000000003,5.4750000000000005,-0.04518975850681158
0,10.430300000000003,5.478125,-0.04475691476071711
0,10.430300000000003,5.48125,-0.0443312351763584
0,10.430300000000003,5.484375,-0.043912556423153705
0,10.430300000000003,5.4875,-0.04350071965167395
0,10.430300000000003,5.4906250000000005,-0.04309557035956596
0,10.430300000000003,5.49375,-0.04269695826133182
0,10.430300000000003,5.496875,-0.04230473716189308
0,10.430300000000003,5.5,-0.041918764833868784
0,10.430300000000003,5.503125,-0.04153890289848908
0,10.430300000000003,5.5062500000000005,-0.041165016710066026
0,10.430300000000003,5.509375,-0.04079697524394177
0,10.430300000000003,5.5125,-0.04043465098782982
0,10.430300000000003,5.515625,-0.04007791983646907
0,10.430300000000003,5.51875,-0.039726660989505176
0,10.430300000000003,5.5218750000000005,-0.0393807568525163
0,10.430300000000003,5.525,-0.03904009294109995
0,10.430300000000003,5.528125,-0.0387045577879367
0,10.430300000000003,5.53125,-0.038374042852749785
0,10.430300000000003,5.534375,-0.03804844243507785
0,10.430300000000003,5.5375000000000005,-0.03772765358978046
0,10.430300000000003,5.540625,-0.037411576045197376
0,10.430300000000003,5.54375,-0.037100112123882034
0,10.430300000000003,5.546875,-0.036793166665834286
0,10.430300000000003,5.55,-0.03649064695415544
0,10.430300000000003,5.5531250000000005,-0.03619246264305255
0,10.430300000000003,5.55625,-0.03589852568811988
0,10.430300000000003,5.559375,-0.03560875027882584
0,10.430300000000003,5.5625,-0.03532305277313814
0,10.430300000000003,5.565625,-0.03504135163421859
0,10.430300000000003,5.5687500000000005,-0.034763567369122714
0,10.430300000000003,5.571875,-0.03448962246944034
0,10.430300000000003,5.575,-0.03421944135381448
0,10.430300000000003,5.578125,-0.03395295031227919
0,10.430300000000003,5.58125,-0.03369007745235688
0,10.430300000000003,5.5843750000000005,-0.03343075264685838
0,10.430300000000003,5.5875,-0.03317490748333081
0,10.430300000000003,5.590625,-0.032922475215098515
0,10.430300000000003,5.59375,-0.03267339071384637
0,10.430300000000003,5.596875,-0.032427590423693975
0,10.430300000000003,5.6000000000000005,-0.0321850123167122
0,10.430300000000003,5.603125,-0.03194559584983486
0,10.430300000000003,5.60625,-0.03170928192311873
0,10.430300000000003,5.609375,-0.03147601283930886
0,10.430300000000003,5.6125,-0.0312457322646649
0,10.430300000000003,5.6156250000000005,-0.03101838519100741
0,10.430300000000003,5.61875,-0.030793917898944
0,10.430300000000003,5.621875,-0.03057227792223544
0,10.430300000000003,5.625,-0.03035341401326531
0,10.430300000000003,5.628125,-0.030137276109575784
0,10.430300000000003,5.6312500000000005,-0.029923815301434637
0,10.430300000000003,5.634375,-0.029712983800399637
0,10.430300000000003,5.6375,-0.02950473490884667
0,10.430300000000003,5.640625,-0.029299022990430714
0,10.430300000000003,5.64375,-0.029095803441448295
0,10.430300000000003,5.6468750000000005,-0.028895032663071776
0,10.430300000000003,5.65,-0.028696668034427195
0,10.430300000000003,5.653125,-0.02850066788648702
0,10.430300000000003,5.65625,-0.028306991476752145
0,10.430300000000003,5.659375,-0.028115598964696446
0,10.430300000000003,5.6625000000000005,-0.02792645138794916
0,10.430300000000003,5.665625,-0.027739510639191136
0,10.430300000000003,5.66875,-0.02755473944374102
0,10.430300000000003,5.671875,-0.02737210133780966
0,10.430300000000003,5.675,-0.027191560647400446
0,10.430300000000003,5.6781250000000005,-0.02701308246783465
0,10.430300000000003,5.68125,-0.026836632643881784
0,10.430300000000003,5.684375,-0.02666217775047469
0,10.430300000000003,5.6875,-0.02648968507399137
0,10.430300000000003,5.690625,-0.02631912259408448
0,10.430300000000003,5.6937500000000005,-0.026150458966041266
0,10.430300000000003,5.696875,-0.025983663503656957
0,10.430300000000003,5.7,-0.025818706162604503
0,10.430300000000003,5.703125,-0.025655557524285732
0,10.430300000000003,5.70625,-0.02549418878014781
0,10.430300000000003,5.7093750000000005,-0.025334571716450423
0,10.430300000000003,5.7125,-0.025176678699469615
0,10.430300000000003,5.715625,-0.025020482661123684
0,10.430300000000003,5.71875,-0.024865957085008755
0,10.430300000000003,5.721875,-0.02471307599283036
0,10.430300000000003,5.7250000000000005,-0.02456181393121887
0,10.430300000000003,5.728125,-0.024412145958916765
0,10.430300000000003,5.73125,-0.024264047634325703
0,10.430300000000003,5.734375,-0.024117495003402763
0,10.430300000000003,5.7375,-0.02397246458789446
0,10.430300000000003,5.7406250000000005,-0.023828933373898204
0,10.430300000000003,5.74375,-0.02368687880074129
0,10.430300000000003,5.746875,-0.023546278750166946
0,10.430300000000003,5.75,-0.023407111535818793
0,10.430300000000003,5.753125,-0.023269355893013936
0,10.430300000000003,5.7562500000000005,-0.02313299096879602
0,10.430300000000003,5.759375,-0.022997996312259943
0,10.430300000000003,5.7625,-0.022864351865139198
0,10.430300000000003,5.765625,-0.02273203795264884
0,10.430300000000003,5.76875,-0.022601035274575545
0,10.430300000000003,5.7718750000000005,-0.022471324896607654
0,10.430300000000003,5.775,-0.02234288824189796
0,10.430300000000003,5.778125,-0.02221570708285187
0,10.430300000000003,5.78125,-0.022089763533134757
0,10.430300000000003,5.784375,-0.021965040039891505
0,10.430300000000003,5.7875000000000005,-0.021841519376172045
0,10.430300000000003,5.790625,-0.021719184633556935
0,10.430300000000003,5.79375,-0.021598019214976578
0,10.430300000000003,5.796875,-0.02147800682771895
0,10.430300000000003,5.800000000000001,-0.0213591314766198
0,10.430300000000003,5.8031250000000005,-0.021241377457430405
0,10.430300000000003,5.80625,-0.021124729350356985
0,10.430300000000003,5.809375,-0.021009172013767594
0,10.430300000000003,5.8125,-0.020894690578061058
0,10.430300000000003,5.815625000000001,-0.02078127043969332
0,10.430300000000003,5.8187500000000005,-0.02066889725535694
0,10.430300000000003,5.821875,-0.02055755693630877
0,10.430300000000003,5.825,-0.020447235642842166
0,10.430300000000003,5.828125,-0.020337919778899156
0,10.430300000000003,5.831250000000001,-0.02022959598681864
0,10.430300000000003,5.8343750000000005,-0.020122251142217037
0,10.430300000000003,5.8375,-0.020015872348996946
0,10.430300000000003,5.840625,-0.01991044693448102
0,10.430300000000003,5.84375,-0.019805962444666852
0,10.430300000000003,5.846875000000001,-0.01970240663959981
0,10.430300000000003,5.8500000000000005,-0.019599767488860442
0,10.430300000000003,5.853125,-0.01949803316716302
0,10.430300000000003,5.85625,-0.019397192050062514
0,10.430300000000003,5.859375,-0.019297232709766646
0,10.430300000000003,5.862500000000001,-0.019198143911050233
0,10.430300000000003,5.8656250000000005,-0.019099914607269113
0,10.430300000000003,5.86875,-0.019002533936470462
0,10.430300000000003,5.871875,-0.01890599121759748
0,10.430300000000003,5.875,-0.018810275946785353
0,10.430300000000003,5.878125000000001,-0.01871537779374622
0,10.430300000000003,5.8812500000000005,-0.01862128659824076
0,10.430300000000003,5.884375,-0.018527992366633723
0,10.430300000000003,5.8875,-0.018435485268531636
0,10.430300000000003,5.890625,-0.018343755633500006
0,10.430300000000003,5.893750000000001,-0.018252793947858146
0,10.430300000000003,5.8968750000000005,-0.018162590851549507
0,10.430300000000003,5.9,-0.01807313713508527
0,10.430300000000003,5.903125,-0.01798442373655957
0,10.430300000000003,5.90625,-0.01789644173873429
0,10.430300000000003,5.909375000000001,-0.017809182366191466
0,10.430300000000003,5.9125000000000005,-0.017722636982551835
0,10.430300000000003,5.915625,-0.017636797087757297
0,10.430300000000003,5.91875,-0.017551654315416148
0,10.430300000000003,5.921875,-0.01746720043020905
0,10.430300000000003,5.925000000000001,-0.017383427325354306
0,10.430300000000003,5.9281250000000005,-0.017300327020130957
0,10.430300000000003,5.93125,-0.017217891657457914
0,10.430300000000003,5.934375,-0.017136113501528088
0,10.430300000000003,5.9375,-0.017054984935495777
0,10.430300000000003,5.940625000000001,-0.01697449845921604
0,10.430300000000003,5.9437500000000005,-0.016894646687034866
0,10.430300000000003,5.946875,-0.016815422345628443
0,10.430300000000003,5.95,-0.016736818271890785
0,10.430300000000003,5.953125,-0.016658827410868132
0,10.430300000000003,5.956250000000001,-0.01658144281373903
0,10.430300000000003,5.9593750000000005,-0.01650465763583905
0,10.430300000000003,5.9625,-0.01642846513472874
0,10.430300000000003,5.965625,-0.016352858668304066
0,10.430300000000003,5.96875,-0.01627783169294806
0,10.430300000000003,5.971875000000001,-0.016203377761722697
0,10.430300000000003,5.9750000000000005,-0.016129490522600057
0,10.430300000000003,5.978125,-0.016056163716731606
0,10.430300000000003,5.98125,-0.015983391176754964
0,10.430300000000003,5.984375,-0.01591116682513695
0,10.430300000000003,5.987500000000001,-0.015839484672552143
0,10.430300000000003,5.9906250000000005,-0.015768338816296173
0,10.430300000000003,5.99375,-0.015697723438732564
0,10.430300000000003,5.996875,-0.015627632805772756
0,10.430300000000003,6.0,-0.015558061265388183
