"Current","Field","Frequency","Spectra"
0,41.2308,1.0,-0.01321702808725492
0,41.2308,1.003125,-0.013277247677463308
0,41.2308,1.00625,-0.013337892707484967
0,41.2308,1.009375,-0.01339896723817101
0,41.2308,1.0125,-0.013460475379044623
0,41.2308,1.015625,-0.01352242128900168
0,41.2308,1.01875,-0.013584809177023191
0,41.2308,1.021875,-0.013647643302899687
0,41.2308,1.025,-0.013710927977967849
0,41.2308,1.028125,-0.013774667565859586
0,41.2308,1.03125,-0.013838866483263762
0,41.2308,1.034375,-0.013903529200700905
0,41.2308,1.0375,-0.01396866024331109
0,41.2308,1.040625,-0.014034264191655245
0,41.2308,1.04375,-0.014100345682530189
0,41.2308,1.046875,-0.014166909409797602
0,41.2308,1.05,-0.014233960125227284
0,41.2308,1.053125,-0.014301502639354905
0,41.2308,1.05625,-0.014369541822354568
0,41.2308,1.059375,-0.014438082604926501
0,41.2308,1.0625,-0.01450712997920009
0,41.2308,1.065625,-0.014576688999652677
0,41.2308,1.06875,-0.01464676478404434
0,41.2308,1.071875,-0.014717362514368988
0,41.2308,1.075,-0.014788487437822184
0,41.2308,1.078125,-0.014860144867785871
0,41.2308,1.08125,-0.014932340184830485
0,41.2308,1.084375,-0.015005078837734746
0,41.2308,1.0875,-0.015078366344523449
0,41.2308,1.090625,-0.015152208293523721
0,41.2308,1.09375,-0.015226610344439959
0,41.2308,1.096875,-0.015301578229447997
0,41.2308,1.1,-0.015377117754308776
0,41.2308,1.103125,-0.015453234799501964
0,41.2308,1.10625,-0.015529935321379928
0,41.2308,1.109375,-0.015607225353342451
0,41.2308,1.1125,-0.015685111007032647
0,41.2308,1.115625,-0.01576359847355452
0,41.2308,1.11875,-0.015842694024712535
0,41.2308,1.121875,-0.01592240401427382
0,41.2308,1.125,-0.016002734879253237
0,41.2308,1.128125,-0.016083693141222016
0,41.2308,1.13125,-0.016165285407640315
0,41.2308,1.134375,-0.016247518373214226
0,41.2308,1.1375,-0.016330398821277802
0,41.2308,1.140625,-0.016413933625200522
0,41.2308,1.14375,-0.016498129749820813
0,41.2308,1.146875,-0.016582994252906186
0,41.2308,1.15,-0.01666853428664044
0,41.2308,1.153125,-0.016754757099138675
0,41.2308,1.15625,-0.016841670035990523
0,41.2308,1.159375,-0.016929280541832365
0,41.2308,1.1625,-0.017017596161949027
0,41.2308,1.165625,-0.017106624543905637
0,41.2308,1.16875,-0.017196373439210353
0,41.2308,1.171875,-0.017286850705008457
0,41.2308,1.175,-0.017378064305808676
0,41.2308,1.178125,-0.017470022315242337
0,41.2308,1.18125,-0.017562732917856025
0,41.2308,1.184375,-0.017656204410938618
0,41.2308,1.1875,-0.017750445206383265
0,41.2308,1.190625,-0.017845463832585215
0,41.2308,1.19375,-0.017941268936376212
0,41.2308,1.196875,-0.01803786928499628
0,41.2308,1.2,-0.01813527376810373
0,41.2308,1.203125,-0.018233491399824185
0,41.2308,1.20625,-0.01833253132083957
0,41.2308,1.209375,-0.018432402800517843
0,41.2308,1.2125,-0.018533115239084526
0,41.2308,1.215625,-0.018634678169836813
0,41.2308,1.21875,-0.018737101261401268
0,41.2308,1.221875,-0.018840394320036136
0,41.2308,1.225,-0.018944567291979224
0,41.2308,1.228125,-0.01904963026584237
0,41.2308,1.23125,-0.019155593475053592
0,41.2308,1.234375,-0.019262467300347932
0,41.2308,1.2375,-0.019370262272308224
0,41.2308,1.240625,-0.019478989073956735
0,41.2308,1.24375,-0.01958865854339909
0,41.2308,1.246875,-0.019699281676521428
0,41.2308,1.25,-0.01981086962974216
0,41.2308,1.253125,-0.019923433722819572
0,41.2308,1.25625,-0.02003698544171654
0,41.2308,1.259375,-0.020151536441523635
0,41.2308,1.2625,-0.02026709854944213
0,41.2308,1.265625,-0.020383683767828047
0,41.2308,1.26875,-0.020501304277298953
0,41.2308,1.271875,-0.020619972439904773
0,41.2308,1.275,-0.020739700802364182
0,41.2308,1.278125,-0.02086050209936823
0,41.2308,1.28125,-0.02098238925695248
0,41.2308,1.284375,-0.02110537539593974
0,41.2308,1.2875,-0.021229473835454607
0,41.2308,1.290625,-0.021354698096511845
0,41.2308,1.29375,-0.021481061905680263
0,41.2308,1.296875,-0.021608579198823773
0,41.2308,1.3,-0.02173726412492174
0,41.2308,1.303125,-0.021867131049970314
0,41.2308,1.30625,-0.02199819456096678
0,41.2308,1.309375,-0.022130469469978976
0,41.2308,1.3125,-0.022263970818301723
0,41.2308,1.315625,-0.02239871388070253
0,41.2308,1.31875,-0.022534714169758663
0,41.2308,1.321875,-0.02267198744028781
0,41.2308,1.325,-0.022810549693874783
0,41.2308,1.328125,-0.02295041718349629
0,41.2308,1.33125,-0.023091606418246643
0,41.2308,1.334375,-0.023234134168166543
0,41.2308,1.3375,-0.02337801746917767
0,41.2308,1.340625,-0.023523273628125698
0,41.2308,1.34375,-0.02366992022793436
0,41.2308,1.346875,-0.023817975132873457
0,41.2308,1.35,-0.023967456493943648
0,41.2308,1.353125,-0.024118382754380854
0,41.2308,1.35625,-0.02427077265528349
0,41.2308,1.359375,-0.02442464524136544
0,41.2308,1.3625,-0.024580019866838075
0,41.2308,1.365625,-0.02473691620142469
0,41.2308,1.36875,-0.024895354236510497
0,41.2308,1.371875,-0.025055354291431953
0,41.2308,1.375,-0.025216937019908698
0,41.2308,1.378125,-0.025380123416622054
0,41.2308,1.38125,-0.025544934823943724
0,41.2308,1.384375,-0.025711392938818585
0,41.2308,1.3875,-0.025879519819805713
0,41.2308,1.390625,-0.026049337894281547
0,41.2308,1.39375,-0.026220869965809693
0,41.2308,1.396875,-0.026394139221681538
0,41.2308,1.4,-0.026569169240632306
0,41.2308,1.403125,-0.026745984000737123
0,41.2308,1.40625,-0.026924607887491812
0,41.2308,1.409375,-0.027105065702083497
0,41.2308,1.4125,-0.02728738266985587
0,41.2308,1.415625,-0.027471584448974483
0,41.2308,1.41875,-0.02765769713929736
0,41.2308,1.421875,-0.027845747291456398
0,41.2308,1.425,-0.028035761916155373
0,41.2308,1.428125,-0.02822776849369032
0,41.2308,1.43125,-0.028421794983698324
0,41.2308,1.434375,-0.028617869835141026
0,41.2308,1.4375,-0.02881602199652908
0,41.2308,1.440625,-0.029016280926394356
0,41.2308,1.44375,-0.0292186766040166
0,41.2308,1.446875,-0.029423239540411525
0,41.2308,1.45,-0.029630000789587732
0,41.2308,1.453125,-0.02983899196007958
0,41.2308,1.45625,-0.03005024522676411
0,41.2308,1.459375,-0.030263793342969632
0,41.2308,1.4625,-0.03047966965288422
0,41.2308,1.465625,-0.030697908104272663
0,41.2308,1.46875,-0.030918543261510313
0,41.2308,1.471875,-0.031141610318943004
0,41.2308,1.475,-0.031367145114582246
0,41.2308,1.478125,-0.03159518414414506
0,41.2308,1.48125,-0.03182576457544857
0,41.2308,1.484375,-0.03205892426316916
0,41.2308,1.4875,-0.03229470176397695
0,41.2308,1.490625,-0.03253313635205631
0,41.2308,1.49375,-0.03277426803502342
0,41.2308,1.496875,-0.03301813757025263
0,41.2308,1.5,-0.03326478648162327
0,41.2308,1.503125,-0.03351425707669927
0,41.2308,1.50625,-0.03376659246435438
0,41.2308,1.509375,-0.034021836572855686
0,41.2308,1.5125000000000002,-0.03428003416841953
0,41.2308,1.515625,-0.0345412308742529
0,41.2308,1.51875,-0.034805473190095804
0,41.2308,1.521875,-0.035072808512278356
0,41.2308,1.525,-0.03534328515430878
0,41.2308,1.5281250000000002,-0.03561695236800791
0,41.2308,1.53125,-0.035893860365206254
0,41.2308,1.534375,-0.036174060340021436
0,41.2308,1.5375,-0.036457604491732395
0,41.2308,1.540625,-0.036744546048269454
0,41.2308,1.5437500000000002,-0.03703493929033843
0,41.2308,1.546875,-0.03732883957619796
0,41.2308,1.55,-0.037626303367110904
0,41.2308,1.553125,-0.0379273882534893
0,41.2308,1.55625,-0.03823215298175515
0,41.2308,1.5593750000000002,-0.03854065748193898
0,41.2308,1.5625,-0.03885296289603848
0,41.2308,1.565625,-0.03916913160716181
0,41.2308,1.56875,-0.03948922726947913
0,41.2308,1.571875,-0.039813314839008206
0,41.2308,1.5750000000000002,-0.040141460605260276
0,41.2308,1.578125,-0.040473732223772714
0,41.2308,1.58125,-0.040810198749557505
0,41.2308,1.584375,-0.041150930671493495
0,41.2308,1.5875,-0.041495999947693256
0,41.2308,1.5906250000000002,-0.041845480041875306
0,41.2308,1.59375,-0.042199445960773733
0,41.2308,1.596875,-0.04255797429261916
0,41.2308,1.6,-0.04292114324672481
0,41.2308,1.603125,-0.04328903269421382
0,41.2308,1.6062500000000002,-0.04366172420992515
0,41.2308,1.609375,-0.04403930111553538
0,41.2308,1.6125,-0.0444218485239376
0,41.2308,1.615625,-0.044809453384917125
0,41.2308,1.61875,-0.045202204532167584
0,41.2308,1.6218750000000002,-0.04560019273169143
0,41.2308,1.625,-0.04600351073163004
0,41.2308,1.628125,-0.04641225331357211
0,41.2308,1.63125,-0.04682651734538805
0,41.2308,1.634375,-0.04724640183564252
0,41.2308,1.6375000000000002,-0.047672007989637694
0,41.2308,1.640625,-0.04810343926714141
0,41.2308,1.64375,-0.048540801441858406
0,41.2308,1.646875,-0.04898420266270203
0,41.2308,1.65,-0.04943375351692883
0,41.2308,1.6531250000000002,-0.04988956709519895
0,41.2308,1.65625,-0.0503517590586276
0,41.2308,1.659375,-0.05082044770789731
0,41.2308,1.6625,-0.051295754054499994
0,41.2308,1.665625,-0.051777801894183705
0,41.2308,1.6687500000000002,-0.05226671788267991
0,41.2308,1.671875,-0.052762631613789746
0,41.2308,1.675,-0.053265675699913057
0,41.2308,1.678125,-0.053775985855103466
0,41.2308,1.68125,-0.05429370098073973
0,41.2308,1.6843750000000002,-0.05481896325390449
0,41.2308,1.6875,-0.05535191821856552
0,41.2308,1.690625,-0.05589271487965998
0,41.2308,1.69375,-0.05644150580018278
0,41.2308,1.696875,-0.056998447201387414
0,41.2308,1.7000000000000002,-0.057563699066209846
0,41.2308,1.703125,-0.058137425246030106
0,41.2308,1.70625,-0.05871979357089309
0,41.2308,1.709375,-0.05931097596331108
0,41.2308,1.7125,-0.059911148555778844
0,41.2308,1.7156250000000002,-0.060520491812135375
0,41.2308,1.71875,-0.06113919065291102
0,41.2308,1.721875,-0.06176743458480716
0,41.2308,1.725,-0.06240541783445706
0,41.2308,1.728125,-0.06305333948662636
0,41.2308,1.7312500000000002,-0.06371140362701587
0,41.2308,1.734375,-0.06437981948983508
0,41.2308,1.7375,-0.06505880161032476
0,41.2308,1.740625,-0.06574856998240927
0,41.2308,1.74375,-0.06644935022167094
0,41.2308,1.7468750000000002,-0.06716137373384398
0,41.2308,1.75,-0.06788487788903279
0,41.2308,1.753125,-0.06862010620187109
0,41.2308,1.75625,-0.06936730851784177
0,41.2308,1.759375,-0.070126741205991
0,41.2308,1.7625000000000002,-0.07089866735827689
0,41.2308,1.765625,-0.07168335699580196
0,41.2308,1.76875,-0.07248108728219226
0,41.2308,1.771875,-0.07329214274439098
0,41.2308,1.775,-0.07411681550115087
0,41.2308,1.7781250000000002,-0.07495540549951692
0,41.2308,1.78125,-0.07580822075960372
0,41.2308,1.784375,-0.07667557762798638
0,41.2308,1.7875,-0.07755780104003145
0,41.2308,1.790625,-0.07845522479151308
0,41.2308,1.7937500000000002,-0.07936819181986976
0,41.2308,1.796875,-0.0802970544954712
0,41.2308,1.8,-0.08124217492328309
0,41.2308,1.803125,-0.08220392525532706
0,41.2308,1.80625,-0.08318268801435505
0,41.2308,1.8093750000000002,-0.08417885642916942
0,41.2308,1.8125,-0.08519283478203842
0,41.2308,1.815625,-0.08622503876867663
0,41.2308,1.81875,-0.08727589587127331
0,41.2308,1.821875,-0.0883458457450758
0,41.2308,1.8250000000000002,-0.08943534061905187
0,41.2308,1.828125,-0.09054484571117372
0,41.2308,1.83125,-0.09167483965889317
0,41.2308,1.834375,-0.09282581496539047
0,41.2308,1.8375,-0.0939982784622096
0,41.2308,1.8406250000000002,-0.09519275178891116
0,41.2308,1.84375,-0.09640977189039741
0,41.2308,1.846875,-0.0976498915325926
0,41.2308,1.85,-0.09891367983717993
0,41.2308,1.853125,-0.10020172283612817
0,41.2308,1.8562500000000002,-0.10151462404676395
0,41.2308,1.859375,-0.10285300506817084
0,41.2308,1.8625,-0.10421750619972958
0,41.2308,1.865625,-0.10560878708263259
0,41.2308,1.86875,-0.10702752736524233
0,41.2308,1.8718750000000002,-0.10847442739318662
0,41.2308,1.875,-0.10995020892511194
0,41.2308,1.878125,-0.11145561587505073
0,41.2308,1.88125,-0.11299141508237764
0,41.2308,1.884375,-0.1145583971103679
0,41.2308,1.8875000000000002,-0.1161573770743936
0,41.2308,1.890625,-0.11778919550082145
0,41.2308,1.89375,-0.11945471921770888
0,41.2308,1.896875,-0.12115484227841132
0,41.2308,1.9,-0.12289048691924916
0,41.2308,1.9031250000000002,-0.1246626045523998
0,41.2308,1.90625,-0.1264721767952019
0,41.2308,1.909375,-0.12832021653708495
0,41.2308,1.9125,-0.13020776904534287
0,41.2308,1.915625,-0.13213591311099437
0,41.2308,1.9187500000000002,-0.13410576223597634
0,41.2308,1.921875,-0.13611846586291987
0,41.2308,1.925,-0.13817521064876676
0,41.2308,1.928125,-0.14027722178346427
0,41.2308,1.93125,-0.1424257643549757
0,41.2308,1.9343750000000002,-0.14462214476181356
0,41.2308,1.9375,-0.14686771217427189
0,41.2308,1.940625,-0.14916386004549886
0,41.2308,1.94375,-0.15151202767348473
0,41.2308,1.946875,-0.1539137018149835
0,41.2308,1.9500000000000002,-0.1563704183522962
0,41.2308,1.953125,-0.1588837640137399
0,41.2308,1.95625,-0.16145537814851366
0,41.2308,1.959375,-0.1640869545565131
0,41.2308,1.9625,-0.16678024337348848
0,41.2308,1.9656250000000002,-0.16953705301173164
0,41.2308,1.96875,-0.17235925215624456
0,41.2308,1.971875,-0.1752487718160828
0,41.2308,1.975,-0.17820760743023847
0,41.2308,1.978125,-0.18123782102708855
0,41.2308,1.9812500000000002,-0.18434154343601444
0,41.2308,1.984375,-0.18752097654933195
0,41.2308,1.9875,-0.19077839563215118
0,41.2308,1.990625,-0.19411615167716414
0,41.2308,1.99375,-0.19753667380069292
0,41.2308,1.9968750000000002,-0.2010424716755471
0,41.2308,2.0,-0.20463613799536595
0,41.2308,2.003125,-0.20832035096415125
0,41.2308,2.00625,-0.21209787680357003
0,41.2308,2.0093750000000004,-0.2159715722693816
0,41.2308,2.0125,-0.2199443871669443
0,41.2308,2.015625,-0.22401936685419713
0,41.2308,2.01875,-0.22819965471876202
0,41.2308,2.021875,-0.23248849461387552
0,41.2308,2.0250000000000004,-0.23688923323567185
0,41.2308,2.028125,-0.24140532242193094
0,41.2308,2.03125,-0.24604032134970336
0,41.2308,2.034375,-0.25079789860623025
0,41.2308,2.0375,-0.2556818341042685
0,41.2308,2.0406250000000004,-0.2606960208092392
0,41.2308,2.04375,-0.2658444662415641
0,41.2308,2.046875,-0.2711312937130482
0,41.2308,2.05,-0.2765607432512122
0,41.2308,2.053125,-0.2821371721600278
0,41.2308,2.0562500000000004,-0.2878650551594987
0,41.2308,2.059375,-0.29374898403995964
0,41.2308,2.0625,-0.2997936667597491
0,41.2308,2.065625,-0.30600392590703535
0,41.2308,2.06875,-0.3123846964380026
0,41.2308,2.0718750000000004,-0.31894102259425766
0,41.2308,2.075,-0.3256780538922125
0,41.2308,2.078125,-0.3326010400662469
0,41.2308,2.08125,-0.3397153248356763
0,41.2308,2.084375,-0.34702633835291585
0,41.2308,2.0875000000000004,-0.35453958817670594
0,41.2308,2.090625,-0.3622606485999212
0,41.2308,2.09375,-0.37019514814627635
0,41.2308,2.096875,-0.3783487550342909
0,41.2308,2.1,-0.3867271603902438
0,41.2308,2.1031250000000004,-0.39533605897463303
0,41.2308,2.10625,-0.40418112716908744
0,41.2308,2.109375,-0.41326799795290203
0,41.2308,2.1125,-0.42260223258074187
0,41.2308,2.115625,-0.432189288655923
0,41.2308,2.1187500000000004,-0.4420344842774551
0,41.2308,2.121875,-0.45214295792434417
0,41.2308,2.125,-0.4625196237280987
0,41.2308,2.128125,-0.4731691217748246
0,41.2308,2.13125,-0.4840957630726996
0,41.2308,2.1343750000000004,-0.4953034688200324
0,41.2308,2.1375,-0.506795703614962
0,41.2308,2.140625,-0.5185754022615134
0,41.2308,2.14375,-0.5306448898499931
0,41.2308,2.146875,-0.5430057948244842
0,41.2308,2.1500000000000004,-0.5556589547985448
0,41.2308,2.153125,-0.5686043149445512
0,41.2308,2.15625,-0.5818408188648341
0,41.2308,2.159375,-0.5953662919565287
0,41.2308,2.1625,-0.6091773174095988
0,41.2308,2.1656250000000004,-0.6232691051313644
0,41.2308,2.16875,-0.6376353540737588
0,41.2308,2.171875,-0.652268108653558
0,41.2308,2.175,-0.6671576102028517
0,41.2308,2.178125,-0.6822921446681667
0,41.2308,2.1812500000000004,-0.6976578880918989
0,41.2308,2.184375,-0.7132387517580949
0,41.2308,2.1875,-0.7290162292631921
0,41.2308,2.190625,-0.744969248176423
0,41.2308,2.19375,-0.7610740293770685
0,41.2308,2.1968750000000004,-0.7773039575865986
0,41.2308,2.2,-0.7936294670401592
0,41.2308,2.203125,-0.8100179466473901
0,41.2308,2.20625,-0.8264336693575512
0,41.2308,2.209375,-0.8428377507452754
0,41.2308,2.2125000000000004,-0.859188142044638
0,41.2308,2.215625,-0.8754396629521412
0,41.2308,2.21875,-0.8915440794633034
0,41.2308,2.221875,-0.9074502317726082
0,41.2308,2.225,-0.9231042168238989
0,41.2308,2.2281250000000004,-0.9384496294228484
0,41.2308,2.23125,-0.9534278648964051
0,41.2308,2.234375,-0.9679784850962687
0,41.2308,2.2375,-0.9820396480966427
0,41.2308,2.240625,-0.9955486002471254
0,41.2308,2.2437500000000004,-1.0084422273422493
0,41.2308,2.246875,-1.0206576596105101
0,41.2308,2.25,-1.032132923075946
0,41.2308,2.253125,-1.0428076276896547
0,41.2308,2.25625,-1.0526236805661904
0,41.2308,2.2593750000000004,-1.0615260107991578
0,41.2308,2.2625,-1.069463290783924
0,41.2308,2.265625,-1.0763886378516836
0,41.2308,2.26875,-1.0822602794150082
0,41.2308,2.271875,-1.0870421648172925
0,41.2308,2.2750000000000004,-1.0907045077161948
0,41.2308,2.278125,-1.0932242441296436
0,41.2308,2.28125,-1.0945853932095917
0,41.2308,2.284375,-1.094779310321934
0,41.2308,2.2875,-1.09380482500237
0,41.2308,2.2906250000000004,-1.0916682596971643
0,41.2308,2.29375,-1.088383328730862
0,41.2308,2.296875,-1.0839709205026675
0,41.2308,2.3,-1.0784587693302805
0,41.2308,2.303125,-1.0718810264751184
0,41.2308,2.3062500000000004,-1.0642777425575092
0,41.2308,2.309375,-1.0556942756953545
0,41.2308,2.3125,-1.0461806412016394
0,41.2308,2.315625,-1.0357908195201182
0,41.2308,2.31875,-1.0245820392683709
0,41.2308,2.3218750000000004,-1.012614051832343
0,41.2308,2.325,-0.9999484129852997
0,41.2308,2.328125,-0.9866477855783711
0,41.2308,2.33125,-0.9727752755752648
0,41.2308,2.334375,-0.9583938116922632
0,41.2308,2.3375000000000004,-0.9435655767668668
0,41.2308,2.340625,-0.9283514968169474
0,41.2308,2.34375,-0.9128107916570285
0,41.2308,2.346875,-0.8970005889829905
0,41.2308,2.35,-0.8809756020772388
0,41.2308,2.3531250000000004,-0.864787869761403
0,41.2308,2.35625,-0.8484865559541278
0,41.2308,2.359375,-0.8321178051838609
0,41.2308,2.3625,-0.8157246496543333
0,41.2308,2.365625,-0.7993469629475182
0,41.2308,2.3687500000000004,-0.7830214551520743
0,41.2308,2.371875,-0.7667817040967153
0,41.2308,2.375,-0.7506582174177021
0,41.2308,2.378125,-0.7346785203672546
0,41.2308,2.38125,-0.7188672645458415
0,41.2308,2.3843750000000004,-0.7032463530891151
0,41.2308,2.3875,-0.6878350782353855
0,41.2308,2.390625,-0.6726502676213639
0,41.2308,2.39375,-0.6577064360849276
0,41.2308,2.396875,-0.6430159401799139
0,41.2308,2.4000000000000004,-0.6285891330187031
0,41.2308,2.403125,-0.614434517445486
0,41.2308,2.40625,-0.6005588959013
0,41.2308,2.409375,-0.5869675156677234
0,41.2308,2.4125,-0.5736642084678958
0,41.2308,2.4156250000000004,-0.5606515236611523
0,41.2308,2.41875,-0.5479308544917106
0,41.2308,2.421875,-0.5355025570442232
0,41.2308,2.425,-0.5233660617217022
0,41.2308,2.428125,-0.5115199771967504
0,41.2308,2.4312500000000004,-0.49996218689796496
0,41.2308,2.434375,-0.4886899381823545
0,41.2308,2.4375,-0.47769992441441766
0,41.2308,2.440625,-0.4669883602256192
0,41.2308,2.44375,-0.4565510502667399
0,41.2308,2.4468750000000004,-0.44638345179224687
0,41.2308,2.45,-0.4364807314322785
0,41.2308,2.453125,-0.42683781651596847
0,41.2308,2.45625,-0.41744944131111106
0,41.2308,2.459375,-0.4083101885409876
0,41.2308,2.4625000000000004,-0.39941452653076104
0,41.2308,2.465625,-0.39075684232411967
0,41.2308,2.46875,-0.38233147109676113
0,41.2308,2.471875,-0.37413272217750604
0,41.2308,2.475,-0.3661549019708995
0,41.2308,2.4781250000000004,-0.3583923340576674
0,41.2308,2.48125,-0.3508393767316148
0,41.2308,2.484375,-0.3434904382139003
0,41.2308,2.4875,-0.33633998976828744
0,41.2308,2.490625,-0.3293825769241175
0,41.2308,2.4937500000000004,-0.32261282899759525
0,41.2308,2.496875,-0.3160254670865212
0,41.2308,2.5,-0.3096153106989889
0,41.2308,2.503125,-0.30337728316279555
0,41.2308,2.50625,-0.2973064159493767
0,41.2308,2.5093750000000004,-0.2913978520340519
0,41.2308,2.5125,-0.28564684840314947
0,41.2308,2.515625,-0.28004877780821624
0,41.2308,2.51875,-0.27459912985795093
0,41.2308,2.521875,-0.26929351152966496
0,41.2308,2.5250000000000004,-0.2641276471740075
0,41.2308,2.528125,-0.25909737807925826
0,41.2308,2.53125,-0.25419866165473437
0,41.2308,2.534375,-0.24942757028667906
0,41.2308,2.5375,-0.24478028991436548
0,41.2308,2.5406250000000004,-0.24025311836905677
0,41.2308,2.54375,-0.23584246351381236
0,41.2308,2.546875,-0.2315448412179453
0,41.2308,2.55,-0.22735687319613818
0,41.2308,2.553125,-0.22327528473878763
0,41.2308,2.5562500000000004,-0.21929690235707053
0,41.2308,2.559375,-0.21541865136342744
0,41.2308,2.5625,-0.2116375534056661
0,41.2308,2.565625,-0.2079507239706391
0,41.2308,2.56875,-0.20435536987142416
0,41.2308,2.5718750000000004,-0.20084878673014178
0,41.2308,2.575,-0.19742835646691678
0,41.2308,2.578125,-0.19409154480405744
0,41.2308,2.58125,-0.19083589879323484
0,41.2308,2.584375,-0.18765904437229386
0,41.2308,2.5875000000000004,-0.184558683957315
0,41.2308,2.590625,-0.18153259407463213
0,41.2308,2.59375,-0.17857862303671493
0,41.2308,2.596875,-0.17569468866511417
0,41.2308,2.6,-0.17287877606303503
0,41.2308,2.6031250000000004,-0.17012893543955768
0,41.2308,2.60625,-0.1674432799870323
0,41.2308,2.609375,-0.1648199838127541
0,41.2308,2.6125,-0.1622572799256522
0,41.2308,2.615625,-0.15975345827839463
0,41.2308,2.6187500000000004,-0.15730686386503878
0,41.2308,2.621875,-0.15491589487410384
0,41.2308,2.625,-0.15257900089673818
0,41.2308,2.628125,-0.15029468118947464
0,41.2308,2.63125,-0.1480614829909079
0,41.2308,2.6343750000000004,-0.14587799989150596
0,41.2308,2.6375,-0.14374287025565374
0,41.2308,2.640625,-0.14165477569494084
0,41.2308,2.64375,-0.139612439591634
0,41.2308,2.646875,-0.1376146256712097
0,41.2308,2.6500000000000004,-0.13566013662278473
0,41.2308,2.653125,-0.1337478127662403
0,41.2308,2.65625,-0.13187653076481654
0,41.2308,2.659375,-0.1300452023819362
0,41.2308,2.6625,-0.128252773281005
0,41.2308,2.6656250000000004,-0.12649822186693807
0,41.2308,2.66875,-0.12478055816816094
0,41.2308,2.671875,-0.12309882275784438
0,41.2308,2.675,-0.12145208571314543
0,41.2308,2.678125,-0.11983944561123838
0,41.2308,2.6812500000000004,-0.1182600285609426
0,41.2308,2.684375,-0.1167129872687712
0,41.2308,2.6875,-0.1151975001382502
0,41.2308,2.690625,-0.11371277040138279
0,41.2308,2.69375,-0.11225802528115579
0,41.2308,2.6968750000000004,-0.11083251518401666
0,41.2308,2.7,-0.10943551292127322
0,41.2308,2.703125,-0.1080663129583989
0,41.2308,2.70625,-0.10672423069125563
0,41.2308,2.709375,-0.10540860174827155
0,41.2308,2.7125000000000004,-0.10411878131764396
0,41.2308,2.715625,-0.1028541434986623
0,41.2308,2.71875,-0.10161408067627745
0,41.2308,2.721875,-0.10039800291807185
0,41.2308,2.725,-0.09920533739280968
0,41.2308,2.7281250000000004,-0.09803552780977721
0,41.2308,2.73125,-0.09688803387814726
0,41.2308,2.734375,-0.0957623307856299
0,41.2308,2.7375,-0.09465790869569762
0,41.2308,2.740625,-0.09357427226269537
0,41.2308,2.7437500000000004,-0.09251094016417404
0,41.2308,2.746875,-0.09146744464980616
0,41.2308,2.75,-0.09044333110626841
0,41.2308,2.753125,-0.08943815763749745
0,41.2308,2.75625,-0.08845149465974572
0,41.2308,2.7593750000000004,-0.08748292451088749
0,41.2308,2.7625,-0.0865320410734433
0,41.2308,2.765625,-0.08559844941081242
0,41.2308,2.76875,-0.08468176541622288
0,41.2308,2.771875,-0.083781615473924
0,41.2308,2.7750000000000004,-0.08289763613216772
0,41.2308,2.778125,-0.08202947378753961
0,41.2308,2.78125,-0.08117678438021832
0,41.2308,2.784375,-0.08033923309975927
0,41.2308,2.7875,-0.07951649410101087
0,41.2308,2.7906250000000004,-0.07870825022979026
0,41.2308,2.79375,-0.07791419275795591
0,41.2308,2.796875,-0.0771340211275316
0,41.2308,2.8,-0.07636744270354849
0,41.2308,2.803125,-0.07561417253528373
0,41.2308,2.8062500000000004,-0.07487393312558793
0,41.2308,2.809375,-0.07414645420800473
0,41.2308,2.8125,-0.07343147253139701
0,41.2308,2.815625,-0.07272873165180709
0,41.2308,2.81875,-0.07203798173128549
0,41.2308,2.8218750000000004,-0.07135897934343662
0,41.2308,2.825,-0.07069148728543612
0,41.2308,2.828125,-0.07003527439628651
0,41.2308,2.83125,-0.06939011538108614
0,41.2308,2.834375,-0.0687557906410938
0,41.2308,2.8375000000000004,-0.06813208610938176
0,41.2308,2.840625,-0.06751879309187578
0,41.2308,2.84375,-0.06691570811359003
0,41.2308,2.846875,-0.06632263276987205
0,41.2308,2.85,-0.06573937358247853
0,41.2308,2.8531250000000004,-0.06516574186031127
0,41.2308,2.85625,-0.064601553564648
0,41.2308,2.859375,-0.06404662917870914
0,41.2308,2.8625,-0.06350079358140903
0,41.2308,2.865625,-0.06296387592514349
0,41.2308,2.8687500000000004,-0.0624357095174734
0,41.2308,2.871875,-0.06191613170656764
0,41.2308,2.875,-0.06140498377027487
0,41.2308,2.878125,-0.060902110808698805
0,41.2308,2.88125,-0.06040736164015484
0,41.2308,2.8843750000000004,-0.059920588700392345
0,41.2308,2.8875,-0.059441647944969644
0,41.2308,2.890625,-0.05897039875467386
0,41.2308,2.89375,-0.05850670384388217
0,41.2308,2.896875,-0.05805042917176334
0,41.2308,2.9000000000000004,-0.05760144385622398
0,41.2308,2.903125,-0.05715962009050603
0,41.2308,2.90625,-0.05672483306234609
0,41.2308,2.909375,-0.056296960875611105
0,41.2308,2.9125,-0.055875884474326676
0,41.2308,2.9156250000000004,-0.055461487569018544
0,41.2308,2.91875,-0.05505365656528985
0,41.2308,2.921875,-0.054652280494560286
0,41.2308,2.925,-0.05425725094689573
0,41.2308,2.928125,-0.05386846200585918
0,41.2308,2.9312500000000004,-0.05348581018531705
0,41.2308,2.934375,-0.05310919436813617
0,41.2308,2.9375,-0.05273851574671039
0,41.2308,2.940625,-0.05237367776525735
0,41.2308,2.94375,-0.05201458606382775
0,41.2308,2.9468750000000004,-0.05166114842397218
0,41.2308,2.95,-0.05131327471601206
0,41.2308,2.953125,-0.0509708768478632
0,41.2308,2.95625,-0.05063386871536294
0,41.2308,2.959375,-0.0503021661540525
0,41.2308,2.9625000000000004,-0.04997568689236892
0,41.2308,2.965625,-0.04965435050620169
0,41.2308,2.96875,-0.0493380783747714
0,41.2308,2.971875,-0.04902679363778926
0,41.2308,2.975,-0.04872042115385712
0,41.2308,2.9781250000000004,-0.04841888746006986
0,41.2308,2.98125,-0.048122120732782596
0,41.2308,2.984375,-0.04783005074950701
0,41.2308,2.9875,-0.047542608851902264
0,41.2308,2.990625,-0.047259727909826965
0,41.2308,2.9937500000000004,-0.046981342286419904
0,41.2308,2.996875,-0.046707387804178345
0,41.2308,3.0,-0.04643780171200377
0,41.2308,3.0031250000000003,-0.04617252265318634
0,41.2308,3.00625,-0.04591149063429983
0,41.2308,3.009375,-0.04565464699497955
0,41.2308,3.0125,-0.045401934378557884
0,41.2308,3.015625,-0.045153296703531756
0,41.2308,3.0187500000000003,-0.04490867913583726
0,41.2308,3.021875,-0.04466802806190885
0,41.2308,3.025,-0.04443129106249932
0,41.2308,3.028125,-0.04419841688723919
0,41.2308,3.03125,-0.04396935542991427
0,41.2308,3.0343750000000003,-0.043744057704440314
0,41.2308,3.0375,-0.04352247582151576
0,41.2308,3.040625,-0.043304562965932616
0,41.2308,3.04375,-0.04309027337452753
0,41.2308,3.046875,-0.04287956231475507
0,41.2308,3.0500000000000003,-0.042672386063865496
0,41.2308,3.053125,-0.04246870188867107
0,41.2308,3.05625,-0.042268468025884035
0,41.2308,3.059375,-0.0420716436630112
0,41.2308,3.0625,-0.04187818891978995
0,41.2308,3.0656250000000003,-0.0416880648301507
0,41.2308,3.06875,-0.04150123332469259
0,41.2308,3.071875,-0.04131765721365779
0,41.2308,3.075,-0.041137300170392195
0,41.2308,3.078125,-0.040960126715279405
0,41.2308,3.0812500000000003,-0.04078610220013545
0,41.2308,3.084375,-0.04061519279305321
0,41.2308,3.0875,-0.040447365463684166
0,41.2308,3.090625,-0.04028258796894714
0,41.2308,3.09375,-0.04012082883915309
0,41.2308,3.0968750000000003,-0.03996205736453543
0,41.2308,3.1,-0.039806243582176354
0,41.2308,3.103125,-0.03965335826331915
0,41.2308,3.10625,-0.03950337290105744
0,41.2308,3.109375,-0.03935625969839249
0,41.2308,3.1125000000000003,-0.03921199155664938
0,41.2308,3.115625,-0.03907054206424458
0,41.2308,3.11875,-0.03893188548579588
0,41.2308,3.121875,-0.038795996751567745
0,41.2308,3.125,-0.038662851447244156
0,41.2308,3.1281250000000003,-0.03853242580402164
0,41.2308,3.13125,-0.038404696689015944
0,41.2308,3.134375,-0.03827964159597508
0,41.2308,3.1375,-0.03815723863629277
0,41.2308,3.140625,-0.03803746653031588
0,41.2308,3.1437500000000003,-0.03792030459893954
0,41.2308,3.146875,-0.03780573275548482
0,41.2308,3.15,-0.03769373149785275
0,41.2308,3.153125,-0.03758428190094981
0,41.2308,3.15625,-0.0374773656093796
0,41.2308,3.1593750000000003,-0.037372964830395636
0,41.2308,3.1625,-0.037271062327110874
0,41.2308,3.165625,-0.03717164141195904
0,41.2308,3.16875,-0.03707468594040379
0,41.2308,3.171875,-0.03698018030489135
0,41.2308,3.1750000000000003,-0.03688810942904258
0,41.2308,3.178125,-0.036798458762081
0,41.2308,3.18125,-0.03671121427349271
0,41.2308,3.184375,-0.03662636244791517
0,41.2308,3.1875,-0.036543890280251366
0,41.2308,3.1906250000000003,-0.036463785271006056
0,41.2308,3.19375,-0.036386035421841614
0,41.2308,3.196875,-0.036310629231350124
0,41.2308,3.2,-0.03623755569103954
0,41.2308,3.203125,-0.036166804281531115
0,41.2308,3.2062500000000003,-0.03609836496896583
0,41.2308,3.209375,-0.03603222820161775
0,41.2308,3.2125,-0.03596838490671206
0,41.2308,3.215625,-0.035906826487446
0,41.2308,3.21875,-0.035847544820210964
0,41.2308,3.2218750000000003,-0.03579053225201393
0,41.2308,3.225,-0.035735781598097066
0,41.2308,3.228125,-0.035683286139753786
0,41.2308,3.23125,-0.035633039622340365
0,41.2308,3.234375,-0.0355850362534819
0,41.2308,3.2375000000000003,-0.03553927070147154
0,41.2308,3.240625,-0.03549573809386253
0,41.2308,3.24375,-0.03545443401625196
0,41.2308,3.246875,-0.035415354511256034
0,41.2308,3.25,-0.035378496077676264
0,41.2308,3.2531250000000003,-0.03534385566985628
0,41.2308,3.25625,-0.03531143069722932
0,41.2308,3.259375,-0.03528121902405605
0,41.2308,3.2625,-0.03525321896935316
0,41.2308,3.265625,-0.0352274293070128
0,41.2308,3.2687500000000003,-0.03520384926611321
0,41.2308,3.271875,-0.03518247853142121
0,41.2308,3.275,-0.03516331724408702
0,41.2308,3.278125,-0.03514636600253232
0,41.2308,3.28125,-0.03513162586353241
0,41.2308,3.2843750000000003,-0.035119098343493534
0,41.2308,3.2875,-0.03510878541992651
0,41.2308,3.290625,-0.03510068953311807
0,41.2308,3.29375,-0.03509481358800138
0,41.2308,3.296875,-0.035091160956227246
0,41.2308,3.3000000000000003,-0.03508973547843785
0,41.2308,3.303125,-0.03509054146674495
0,41.2308,3.30625,-0.035093583707414486
0,41.2308,3.309375,-0.03509886746375984
0,41.2308,3.3125,-0.035106398479246195
0,41.2308,3.3156250000000003,-0.03511618298080829
0,41.2308,3.31875,-0.03512822768238445
0,41.2308,3.321875,-0.03514253978866965
0,41.2308,3.325,-0.03515912699909045
0,41.2308,3.328125,-0.035177997512005246
0,41.2308,3.3312500000000003,-0.03519916002913294
0,41.2308,3.334375,-0.035222623760213595
0,41.2308,3.3375,-0.03524839842790478
0,41.2308,3.340625,-0.03527649427291749
0,41.2308,3.34375,-0.03530692205939556
0,41.2308,3.3468750000000003,-0.03533969308054305
0,41.2308,3.35,-0.03537481916450373
0,41.2308,3.353125,-0.03541231268049767
0,41.2308,3.35625,-0.03545218654521937
0,41.2308,3.359375,-0.03549445422950282
0,41.2308,3.3625000000000003,-0.03553912976525865
0,41.2308,3.365625,-0.035586227752688715
0,41.2308,3.36875,-0.035635763367784117
0,41.2308,3.371875,-0.03568775237011236
0,41.2308,3.375,-0.03574221111089997
0,41.2308,3.3781250000000003,-0.035799156541417076
0,41.2308,3.38125,-0.03585860622167039
0,41.2308,3.384375,-0.03592057832941199
0,41.2308,3.3875,-0.03598509166947064
0,41.2308,3.390625,-0.03605216568341357
0,41.2308,3.3937500000000003,-0.03612182045954629
0,41.2308,3.396875,-0.03619407674325857
0,41.2308,3.4000000000000004,-0.036268955947725154
0,41.2308,3.403125,-0.03634648016496955
0,41.2308,3.40625,-0.0364266721773005
0,41.2308,3.4093750000000003,-0.03650955546912987
0,41.2308,3.4125,-0.03659515423918219
0,41.2308,3.4156250000000004,-0.03668349341310577
0,41.2308,3.41875,-0.036774598656495655
0,41.2308,3.421875,-0.03686849638833957
0,41.2308,3.4250000000000003,-0.03696521379489786
0,41.2308,3.428125,-0.037064778844029096
0,41.2308,3.4312500000000004,-0.03716722029997355
0,41.2308,3.434375,-0.03727256773860674
0,41.2308,3.4375,-0.03738085156317633
0,41.2308,3.4406250000000003,-0.03749210302053553
0,41.2308,3.44375,-0.03760635421788692
0,41.2308,3.4468750000000004,-0.03772363814005133
0,41.2308,3.45,-0.03784398866727622
0,41.2308,3.453125,-0.03796744059359948
0,41.2308,3.4562500000000003,-0.038094029645784275
0,41.2308,3.459375,-0.038223792502841615
0,41.2308,3.4625000000000004,-0.038356766816157906
0,41.2308,3.465625,-0.03849299123024499
0,41.2308,3.46875,-0.038632505404131316
0,41.2308,3.4718750000000003,-0.03877535003341316
0,41.2308,3.475,-0.03892156687298545
0,41.2308,3.4781250000000004,-0.03907119876047318
0,41.2308,3.48125,-0.039224289640383686
0,41.2308,3.484375,-0.03938088458900275
0,41.2308,3.4875000000000003,-0.03954102984005622
0,41.2308,3.490625,-0.03970477281116125
0,41.2308,3.4937500000000004,-0.03987216213109155
0,41.2308,3.496875,-0.040043247667881254
0,41.2308,3.5,-0.040218080557794314
0,41.2308,3.5031250000000003,-0.0403967132351858
0,41.2308,3.50625,-0.04057919946328344
0,41.2308,3.5093750000000004,-0.04076559436591856
0,41.2308,3.5125,-0.040955954460235866
0,41.2308,3.515625,-0.0411503376904141
0,41.2308,3.5187500000000003,-0.04134880346242903
0,41.2308,3.521875,-0.041551412679892416
0,41.2308,3.5250000000000004,-0.04175822778100202
0,41.2308,3.528125,-0.041969312776637686
0,41.2308,3.53125,-0.04218473328964137
0,41.2308,3.5343750000000003,-0.04240455659531921
0,41.2308,3.5375,-0.042628851663205444
0,41.2308,3.5406250000000004,-0.04285768920013003
0,41.2308,3.54375,-0.043091141694631824
0,41.2308,3.546875,-0.04332928346276271
0,41.2308,3.5500000000000003,-0.04357219069532781
0,41.2308,3.553125,-0.043819941506609575
0,41.2308,3.5562500000000004,-0.044072615984625585
0,41.2308,3.559375,-0.0443302962429702
0,41.2308,3.5625,-0.04459306647429405
0,41.2308,3.5656250000000003,-0.044861013005475375
0,41.2308,3.56875,-0.04513422435454046
0,41.2308,3.5718750000000004,-0.04541279128939224
0,41.2308,3.575,-0.045696806888407444
0,41.2308,3.578125,-0.0459863666029665
0,41.2308,3.5812500000000003,-0.04628156832198062
0,41.2308,3.584375,-0.046582512438484686
0,41.2308,3.5875000000000004,-0.04688930191836632
0,41.2308,3.590625,-0.04720204237130319
0,41.2308,3.59375,-0.04752084212398515
0,41.2308,3.5968750000000003,-0.04784581229569853
0,41.2308,3.6,-0.0481770668763539
0,41.2308,3.6031250000000004,-0.04851472280704157
0,41.2308,3.60625,-0.048858900063200886
0,41.2308,3.609375,-0.04920972174049447
0,41.2308,3.6125000000000003,-0.049567314143479625
0,41.2308,3.615625,-0.04993180687717384
0,41.2308,3.6187500000000004,-0.05030333294161496
0,41.2308,3.621875,-0.05068202882951806
0,41.2308,3.625,-0.05106803462713806
0,41.2308,3.6281250000000003,-0.05146149411844731
0,41.2308,3.63125,-0.051862554892743745
0,41.2308,3.6343750000000004,-0.05227136845580879
0,41.2308,3.6375,-0.05268809034473656
0,41.2308,3.640625,-0.0531128802465632
0,41.2308,3.6437500000000003,-0.05354590212082641
0,41.2308,3.646875,-0.0539873243261916
0,41.2308,3.6500000000000004,-0.054437319751285865
0,41.2308,3.653125,-0.0548960659498836
0,41.2308,3.65625,-0.05536374528059557
0,41.2308,3.6593750000000003,-0.055840545051214746
0,41.2308,3.6625,-0.05632665766787996
0,41.2308,3.6656250000000004,-0.056822280789222954
0,41.2308,3.66875,-0.05732761748566767
0,41.2308,3.671875,-0.057842876404059745
0,41.2308,3.6750000000000003,-0.058368271937805735
0,41.2308,3.678125,-0.058904024402709504
0,41.2308,3.6812500000000004,-0.05945036021869886
0,41.2308,3.684375,-0.06000751209763877
0,41.2308,3.6875,-0.06057571923743697
0,41.2308,3.6906250000000003,-0.06115522752264962
0,41.2308,3.69375,-0.061746289731802725
0,41.2308,3.6968750000000004,-0.062349165751651295
0,41.2308,3.7,-0.06296412279860036
0,41.2308,3.703125,-0.0635914356475227
0,41.2308,3.7062500000000003,-0.06423138686820865
0,41.2308,3.709375,-0.0648842670696918
0,41.2308,3.7125000000000004,-0.06555037515269965
0,41.2308,3.715625,-0.06623001857047985
0,41.2308,3.71875,-0.0669235135982627
0,41.2308,3.7218750000000003,-0.06763118561161957
0,41.2308,3.725,-0.06835336937398415
0,41.2308,3.7281250000000004,-0.06909040933360672
0,41.2308,3.73125,-0.06984265993021178
0,41.2308,3.734375,-0.07061048591163599
0,41.2308,3.7375000000000003,-0.07139426266072046
0,41.2308,3.740625,-0.07219437653273461
0,41.2308,3.7437500000000004,-0.07301122520360928
0,41.2308,3.746875,-0.07384521802925087
0,41.2308,3.75,-0.07469677641621209
0,41.2308,3.7531250000000003,-0.07556633420398384
0,41.2308,3.75625,-0.0764543380591715
0,41.2308,3.7593750000000004,-0.07736124788181031
0,41.2308,3.7625,-0.07828753722406155
0,41.2308,3.765625,-0.07923369372152433
0,41.2308,3.7687500000000003,-0.08020021953737717
0,41.2308,3.771875,-0.08118763181954956
0,41.2308,3.7750000000000004,-0.08219646317110241
0,41.2308,3.778125,-0.08322726213396675
0,41.2308,3.78125,-0.08428059368616907
0,41.2308,3.7843750000000003,-0.08535703975262915
0,41.2308,3.7875,-0.08645719972958305
0,41.2308,3.7906250000000004,-0.08758169102263971
0,41.2308,3.79375,-0.08873114959842271
0,41.2308,3.796875,-0.08990623054969969
0,41.2308,3.8000000000000003,-0.09110760867382725
0,41.2308,3.803125,-0.09233597906427088
0,41.2308,3.8062500000000004,-0.09359205771487493
0,41.2308,3.809375,-0.09487658213645755
0,41.2308,3.8125,-0.09619031198520893
0,41.2308,3.8156250000000003,-0.09753402970224218
0,41.2308,3.81875,-0.09890854116351919
0,41.2308,3.8218750000000004,-0.10031467633922493
0,41.2308,3.825,-0.10175328996149165
0,41.2308,3.828125,-0.10322526219919824
0,41.2308,3.8312500000000003,-0.1047314993383552
0,41.2308,3.834375,-0.10627293446636203
0,41.2308,3.8375000000000004,-0.10785052815817144
0,41.2308,3.840625,-0.1094652691621049
0,41.2308,3.84375,-0.1111181750827646
0,41.2308,3.8468750000000003,-0.11281029305812988
0,41.2308,3.85,-0.11454270042755355
0,41.2308,3.8531250000000004,-0.11631650538695276
0,41.2308,3.85625,-0.11813284762701867
0,41.2308,3.859375,-0.11999289894977068
0,41.2308,3.8625000000000003,-0.12189786385820789
0,41.2308,3.865625,-0.12384898011320147
0,41.2308,3.8687500000000004,-0.12584751925109605
0,41.2308,3.871875,-0.12789478705473578
0,41.2308,3.875,-0.1299921239698345
0,41.2308,3.8781250000000003,-0.13214090545770435
0,41.2308,3.88125,-0.1343425422743974
0,41.2308,3.8843750000000004,-0.13659848066525518
0,41.2308,3.8875,-0.13891020246269767
0,41.2308,3.890625,-0.1412792250738453
0,41.2308,3.8937500000000003,-0.14370710134318596
0,41.2308,3.896875,-0.14619541927403445
0,41.2308,3.9000000000000004,-0.1487458015909319
0,41.2308,3.903125,-0.1513599051233915
0,41.2308,3.90625,-0.15403941998955592
0,41.2308,3.9093750000000003,-0.1567860685563072
0,41.2308,3.9125,-0.159601604150234
0,41.2308,3.9156250000000004,-0.16248780949156216
0,41.2308,3.91875,-0.16544649482068685
0,41.2308,3.921875,-0.16847949568435944
0,41.2308,3.9250000000000003,-0.17158867034579672
0,41.2308,3.928125,-0.17477589678008115
0,41.2308,3.9312500000000004,-0.17804306921316068
0,41.2308,3.934375,-0.18139209415954802
0,41.2308,3.9375,-0.18482488591052787
0,41.2308,3.9406250000000003,-0.18834336142124022
0,41.2308,3.94375,-0.19194943454153413
0,41.2308,3.9468750000000004,-0.1956450095319591
0,41.2308,3.95,-0.19943197380271882
0,41.2308,3.953125,-0.2033121898099735
0,41.2308,3.9562500000000003,-0.20728748604050914
0,41.2308,3.959375,-0.2113596470126709
0,41.2308,3.9625000000000004,-0.21553040221862557
0,41.2308,3.965625,-0.21980141393057315
0,41.2308,3.96875,-0.224174263791686
0,41.2308,3.9718750000000003,-0.22865043811135158
0,41.2308,3.975,-0.23323131178402423
0,41.2308,3.9781250000000004,-0.23791813075179505
0,41.2308,3.98125,-0.24271199293288365
0,41.2308,3.984375,-0.24761382754200228
0,41.2308,3.9875000000000003,-0.25262437273408794
0,41.2308,3.990625,-0.25774415151070784
0,41.2308,3.9937500000000004,-0.26297344583878735
0,41.2308,3.996875,-0.2683122689445605
0,41.2308,4.0,-0.27376033576230263
0,41.2308,4.003125000000001,-0.27931703153774956
0,41.2308,4.00625,-0.2849813786107078
0,41.2308,4.009375,-0.2907520014306047
0,41.2308,4.0125,-0.2966270898928913
0,41.2308,4.015625,-0.3026043611240562
0,41.2308,4.018750000000001,-0.3086810198883125
0,41.2308,4.021875,-0.31485371784057536
0,41.2308,4.025,-0.321118511907943
0,41.2308,4.028125,-0.32747082214550477
0,41.2308,4.03125,-0.33390538948206
0,41.2308,4.034375000000001,-0.3404162338462076
0,41.2308,4.0375,-0.3469966132430927
0,41.2308,4.040625,-0.3536389844354259
0,41.2308,4.04375,-0.360334965967749
0,41.2308,4.046875,-0.36707530435877017
0,41.2308,4.050000000000001,-0.3738498443699464
0,41.2308,4.053125,-0.38064750433708877
0,41.2308,4.05625,-0.38745625762185365
0,41.2308,4.059375,-0.3942631212977005
0,41.2308,4.0625,-0.4010541532263317
0,41.2308,4.065625000000001,-0.4078144587005159
0,41.2308,4.06875,-0.4145282078232888
0,41.2308,4.071875,-0.42117866475651966
0,41.2308,4.075,-0.42774822989899897
0,41.2308,4.078125,-0.434218495941608
0,41.2308,4.081250000000001,-0.4405703185906332
0,41.2308,4.084375,-0.4467839025480552
0,41.2308,4.0875,-0.4528389030883194
0,41.2308,4.090625,-0.45871454327554245
0,41.2308,4.09375,-0.4643897465266729
0,41.2308,4.096875000000001,-0.46984328384962637
0,41.2308,4.1,-0.47505393467942697
0,41.2308,4.103125,-0.4800006598101414
0,41.2308,4.10625,-0.4846627844890151
0,41.2308,4.109375,-0.4890201893173034
0,41.2308,4.112500000000001,-0.49305350620631694
0,41.2308,4.115625,-0.4967443162856481
0,41.2308,4.11875,-0.5000753463711858
0,41.2308,4.121875,-0.5030306603906688
0,41.2308,4.125,-0.5055958420496146
0,41.2308,4.128125000000001,-0.5077581650124341
0,41.2308,4.13125,-0.5095067469809357
0,41.2308,4.134375,-0.5108326842783889
0,41.2308,4.1375,-0.5117291638898326
0,41.2308,4.140625,-0.5121915503607185
0,41.2308,4.143750000000001,-0.5122174455027734
0,41.2308,4.146875,-0.5118067194799385
0,41.2308,4.15,-0.5109615125256407
0,41.2308,4.153125,-0.5096862072499609
0,41.2308,4.15625,-0.5079873722041225
0,41.2308,4.159375000000001,-0.505873678052893
0,41.2308,4.1625,-0.5033557883369848
0,41.2308,4.165625,-0.5004462273643715
0,41.2308,4.16875,-0.4971592282327316
0,41.2308,4.171875,-0.4935105643408717
0,41.2308,4.175000000000001,-0.4895173679867979
0,41.2308,4.178125,-0.4851979397711289
0,41.2308,4.18125,-0.48057155252966666
0,41.2308,4.184375,-0.4756582534158994
0,41.2308,4.1875,-0.4704786675545864
0,41.2308,4.190625000000001,-0.4650538064067332
0,41.2308,4.19375,-0.459404883640882
0,41.2308,4.196875,-0.4535531409140033
0,41.2308,4.2,-0.4475196855454598
0,41.2308,4.203125,-0.4413253416363299
0,41.2308,4.206250000000001,-0.4349905157598583
0,41.2308,4.209375,-0.4285350779398031
0,41.2308,4.2125,-0.4219782582531889
0,41.2308,4.215625,-0.4153385590507607
0,41.2308,4.21875,-0.40863368248759996
0,41.2308,4.221875000000001,-0.4018804728017599
0,41.2308,4.225,-0.3950948725708955
0,41.2308,4.228125,-0.3882918920152768
0,41.2308,4.23125,-0.38148559029802237
0,41.2308,4.234375,-0.37468906769602867
0,41.2308,4.237500000000001,-0.36791446747433226
0,41.2308,4.240625,-0.36117298628716293
0,41.2308,4.24375,-0.35447489194622955
0,41.2308,4.246875,-0.34782954743592
0,41.2308,4.25,-0.34124544011105795
0,41.2308,4.253125000000001,-0.3347302150818914
0,41.2308,4.25625,-0.328290711868585
0,41.2308,4.259375,-0.3219330034905892
0,41.2308,4.2625,-0.31566243724191356
0,41.2308,4.265625,-0.309483676488769
0,41.2308,4.268750000000001,-0.3034007429098615
0,41.2308,4.271875,-0.29741705867973117
0,41.2308,4.275,-0.2915354881711614
0,41.2308,4.278125,-0.28575837882303506
0,41.2308,4.28125,-0.2800876008842697
0,41.2308,4.284375000000001,-0.27452458580293254
0,41.2308,4.2875,-0.2690703630817047
0,41.2308,4.290625,-0.2637255954670194
0,41.2308,4.29375,-0.25849061237962634
0,41.2308,4.296875,-0.25336544152907436
0,41.2308,4.300000000000001,-0.24834983868452265
0,41.2308,4.303125,-0.2434433155993032
0,41.2308,4.30625,-0.23864516610751163
0,41.2308,4.309375,-0.23395449042801472
0,41.2308,4.3125,-0.229370217724782
0,41.2308,4.315625000000001,-0.22489112698323913
0,41.2308,4.31875,-0.22051586627032582
0,41.2308,4.321875,-0.2162429704517697
0,41.2308,4.325,-0.21207087744406528
0,41.2308,4.328125,-0.20799794308082514
0,41.2308,4.331250000000001,-0.20402245467422542
0,41.2308,4.334375,-0.2001426433520241
0,41.2308,4.3375,-0.19635669524955696
0,41.2308,4.340625,-0.19266276163437454
0,41.2308,4.34375,-0.18905896803871924
0,41.2308,4.346875000000001,-0.18554342247234645
0,41.2308,4.35,-0.1821142227850264
0,41.2308,4.353125,-0.17876946324474416
0,41.2308,4.35625,-0.17550724039421373
0,41.2308,4.359375,-0.172325658244715
0,41.2308,4.362500000000001,-0.169222832862818
0,41.2308,4.365625,-0.1661968964020112
0,41.2308,4.36875,-0.163246000627826
0,41.2308,4.371875,-0.16036831998177092
0,41.2308,4.375,-0.15756205422609992
0,41.2308,4.378125000000001,-0.1548254307084434
0,41.2308,4.38125,-0.15215670628235056
0,41.2308,4.384375,-0.14955416891701453
0,41.2308,4.3875,-0.14701613902686725
0,41.2308,4.390625,-0.14454097054919304
0,41.2308,4.393750000000001,-0.1421270517956587
0,41.2308,4.396875,-0.13977280610145257
0,41.2308,4.4,-0.13747669229370602
0,41.2308,4.403125,-0.13523720499902903
0,41.2308,4.40625,-0.13305287480818961
0,41.2308,4.409375000000001,-0.13092226831441212
0,41.2308,4.4125,-0.12884398804024222
0,41.2308,4.415625,-0.12681667226655227
0,41.2308,4.41875,-0.12483899477602643
0,41.2308,4.421875,-0.12290966452224758
0,41.2308,4.425000000000001,-0.12102742523449109
0,41.2308,4.428125,-0.11919105496731879
0,41.2308,4.43125,-0.11739936560316987
0,41.2308,4.434375,-0.11565120231535385
0,41.2308,4.4375,-0.11394544299805465
0,41.2308,4.440625000000001,-0.1122809976693172
0,41.2308,4.44375,-0.11065680785233749
0,41.2308,4.446875,-0.10907184593981117
0,41.2308,4.45,-0.10752511454560504
0,41.2308,4.453125,-0.10601564584750775
0,41.2308,4.456250000000001,-0.10454250092443153
0,41.2308,4.459375,-0.10310476909102725
0,41.2308,4.4625,-0.10170156723232854
0,41.2308,4.465625,-0.10033203914074737
0,41.2308,4.46875,-0.09899535485742336
0,41.2308,4.471875000000001,-0.09769071001970824
0,41.2308,4.475,-0.09641732521631408
0,41.2308,4.478125,-0.09517444535144712
0,41.2308,4.48125,-0.09396133901908058
0,41.2308,4.484375,-0.09277729788832159
0,41.2308,4.487500000000001,-0.09162163610070778
0,41.2308,4.490625,-0.09049368968011519
0,41.2308,4.49375,-0.08939281595584034
0,41.2308,4.496875,-0.0883183929993291
0,41.2308,4.5,-0.08726981907490065
0,41.2308,4.503125000000001,-0.08624651210475946
0,41.2308,4.50625,-0.08524790914849441
0,41.2308,4.509375,-0.08427346589719943
0,41.2308,4.5125,-0.08332265618230623
0,41.2308,4.515625,-0.08239497149914266
0,41.2308,4.518750000000001,-0.08148992054521065
0,41.2308,4.521875,-0.08060702877312176
0,41.2308,4.525,-0.07974583795809494
0,41.2308,4.528125,-0.0789059057799049
0,41.2308,4.53125,-0.0780868054191202
0,41.2308,4.534375000000001,-0.07728812516747065
0,41.2308,4.5375,-0.07650946805215038
0,41.2308,4.540625,-0.07575045147384701
0,41.2308,4.54375,-0.07501070685828516
0,41.2308,4.546875,-0.07428987932104048
0,41.2308,4.550000000000001,-0.07358762734539034
0,41.2308,4.553125,-0.07290362247294575
0,41.2308,4.55625,-0.07223754900680279
0,41.2308,4.559375,-0.07158910372695508
0,41.2308,4.5625,-0.07095799561768644
0,41.2308,4.565625000000001,-0.07034394560667447
0,41.2308,4.56875,-0.0697466863155204
0,41.2308,4.571875,-0.06916596182141642
0,41.2308,4.575,-0.06860152742966602
0,41.2308,4.578125,-0.06805314945675295
0,41.2308,4.581250000000001,-0.06752060502366346
0,41.2308,4.584375,-0.0670036818591519
0,41.2308,4.5875,-0.06650217811263255
0,41.2308,4.590625,-0.06601590217638162
0,41.2308,4.59375,-0.06554467251670991
0,41.2308,4.596875000000001,-0.0650883175137704
0,41.2308,4.6,-0.064646675309644
0,41.2308,4.603125,-0.064219593664334
0,41.2308,4.60625,-0.06380692981928977
0,41.2308,4.609375,-0.0634085503680514
0,41.2308,4.612500000000001,-0.06302433113359704
0,41.2308,4.615625,-0.06265415705194405
0,41.2308,4.61875,-0.06229792206152876
0,41.2308,4.621875,-0.0619555289978652
0,41.2308,4.625,-0.061626889492939575
0,41.2308,4.628125000000001,-0.06131192387876831
0,41.2308,4.63125,-0.06101056109449971
0,41.2308,4.634375,-0.06072273859639123
0,41.2308,4.6375,-0.06044840226994705
0,41.2308,4.640625,-0.060187506343433624
0,41.2308,4.643750000000001,-0.05994001330193414
0,41.2308,4.646875,-0.0597058938010262
0,41.2308,4.65,-0.059485126579088596
0,41.2308,4.653125,-0.0592776983671601
0,41.2308,4.65625,-0.059083603795171885
0,41.2308,4.659375000000001,-0.05890284529327716
0,41.2308,4.6625,-0.05873543298688414
0,41.2308,4.665625,-0.05858138458387499
0,41.2308,4.66875,-0.05844072525236134
0,41.2308,4.671875,-0.05831348748717616
0,41.2308,4.675000000000001,-0.058199710963148285
0,41.2308,4.678125,-0.05809944237303207
0,41.2308,4.68125,-0.05801273524778123
0,41.2308,4.684375,-0.057939649756660355
0,41.2308,4.6875,-0.05788025248447337
0,41.2308,4.690625000000001,-0.057834616182965704
0,41.2308,4.69375,-0.05780281949321575
0,41.2308,4.696875,-0.05778494663557858
0,41.2308,4.7,-0.05778108706347811
0,41.2308,4.703125,-0.05779133507706405
0,41.2308,4.706250000000001,-0.05781578939245914
0,41.2308,4.709375,-0.05785455266202098
0,41.2308,4.7125,-0.05790773094073356
0,41.2308,4.715625,-0.057975433093529725
0,41.2308,4.71875,-0.05805777013803049
0,41.2308,4.721875000000001,-0.05815485451687399
0,41.2308,4.725,-0.05826679929350312
0,41.2308,4.728125,-0.05839371726499264
0,41.2308,4.73125,-0.058535719985228524
0,41.2308,4.734375,-0.05869291669152255
0,41.2308,4.737500000000001,-0.05886541312755268
0,41.2308,4.740625,-0.05905331025538954
0,41.2308,4.74375,-0.059256702849310276
0,41.2308,4.746875,-0.05947567796412785
0,41.2308,4.75,-0.059710313270908935
0,41.2308,4.753125000000001,-0.059960675253221005
0,41.2308,4.75625,-0.06022681725748186
0,41.2308,4.759375,-0.06050877739160145
0,41.2308,4.7625,-0.06080657626693307
0,41.2308,4.765625,-0.061120214579639655
0,41.2308,4.768750000000001,-0.061449670528941
0,41.2308,4.771875,-0.061794897071400505
0,41.2308,4.775,-0.06215581901246214
0,41.2308,4.778125,-0.06253232993889334
0,41.2308,4.78125,-0.06292428899868785
0,41.2308,4.784375000000001,-0.06333151753833863
0,41.2308,4.7875,-0.06375379561126503
0,41.2308,4.790625,-0.06419085837558175
0,41.2308,4.79375,-0.06464239240433889
0,41.2308,4.796875,-0.06510803193687278
0,41.2308,4.800000000000001,-0.06558735510593597
0,41.2308,4.803125,-0.06607988018182609
0,41.2308,4.80625,-0.06658506188172944
0,41.2308,4.809375,-0.06710228779984795
0,41.2308,4.8125,-0.06763087502149713
0,41.2308,4.815625000000001,-0.06817006699204883
0,41.2308,4.81875,-0.06871903071918982
0,41.2308,4.821875,-0.0692768543942129
0,41.2308,4.825,-0.06984254552465834
0,41.2308,4.828125,-0.07041502967628392
0,41.2308,4.831250000000001,-0.07099314992663858
0,41.2308,4.834375,-0.07157566713509056
0,41.2308,4.8375,-0.07216126113455389
0,41.2308,4.840625,-0.07274853294792191
0,41.2308,4.84375,-0.07333600812695129
0,41.2308,4.846875000000001,-0.0739221413025838
0,41.2308,4.85,-0.07450532202314954
0,41.2308,4.853125,-0.07508388194026855
0,41.2308,4.85625,-0.07565610338141221
0,41.2308,4.859375,-0.0762202293230409
0,41.2308,4.862500000000001,-0.07677447474913472
0,41.2308,4.865625,-0.07731703934723083
0,41.2308,4.86875,-0.0778461214583625
0,41.2308,4.871875,-0.07835993315942548
0,41.2308,4.875,-0.07885671631759511
0,41.2308,4.878125000000001,-0.07933475941773555
0,41.2308,4.88125,-0.0797924149268036
0,41.2308,4.884375,-0.08022811692561205
0,41.2308,4.8875,-0.08064039870961988
0,41.2308,4.890625,-0.08102791003827592
0,41.2308,4.893750000000001,-0.08138943369827599
0,41.2308,4.896875,-0.08172390104116399
0,41.2308,4.9,-0.08203040616088564
0,41.2308,4.903125,-0.08230821839267598
0,41.2308,4.90625,-0.08255679284106551
0,41.2308,4.909375000000001,-0.08277577868129687
0,41.2308,4.9125,-0.0829650250240926
0,41.2308,4.915625,-0.08312458418699994
0,41.2308,4.91875,-0.08325471227457927
0,41.2308,4.921875,-0.08335586703229964
0,41.2308,4.925000000000001,-0.08342870300273363
0,41.2308,4.928125,-0.08347406407505666
0,41.2308,4.93125,-0.08349297357754815
0,41.2308,4.934375,-0.08348662211558798
0,41.2308,4.9375,-0.08345635340269303
0,41.2308,4.940625000000001,-0.08340364836800906
0,41.2308,4.94375,-0.0833301078494248
0,41.2308,4.946875,-0.08323743419666994
0,41.2308,4.95,-0.08312741211347784
0,41.2308,4.953125,-0.0830018890626721
0,41.2308,4.956250000000001,-0.08286275554383782
0,41.2308,4.959375,-0.08271192553132382
0,41.2308,4.9625,-0.08255131733220393
0,41.2308,4.965625,-0.08238283509113636
0,41.2308,4.96875,-0.08220835113346313
0,41.2308,4.971875000000001,-0.08202968930101912
0,41.2308,4.975,-0.08184860939846293
0,41.2308,4.978125,-0.08166679283282609
0,41.2308,4.98125,-0.08148582949652182
0,41.2308,4.984375,-0.0813072059151192
0,41.2308,4.987500000000001,-0.08113229465643225
0,41.2308,4.990625,-0.08096234497727976
0,41.2308,4.99375,-0.08079847466884185
0,41.2308,4.996875,-0.08064166305086985
0,41.2308,5.0,-0.08049274505891728
0,41.2308,5.003125,-0.0803524063669688
0,41.2308,5.0062500000000005,-0.08022117948991664
0,41.2308,5.009375,-0.08009944081579438
0,41.2308,5.0125,-0.07998740852595841
0,41.2308,5.015625,-0.07988514137191777
0,41.2308,5.01875,-0.07979253828961996
0,41.2308,5.0218750000000005,-0.07970933884506501
0,41.2308,5.025,-0.07963512451848355
0,41.2308,5.028125,-0.07956932084732406
0,41.2308,5.03125,-0.07951120046029286
0,41.2308,5.034375,-0.07945988704503693
0,41.2308,5.0375000000000005,-0.07941436030012763
0,41.2308,5.040625,-0.0793734619271992
0,41.2308,5.04375,-0.07933590272086559
0,41.2308,5.046875,-0.07930027081190015
0,41.2308,5.05,-0.07926504111270283
0,41.2308,5.0531250000000005,-0.07922858600301504
0,41.2308,5.05625,-0.0791891872780105
0,41.2308,5.059375,-0.0791450493603077
0,41.2308,5.0625,-0.07909431375232027
0,41.2308,5.065625,-0.07903507467610894
0,41.2308,5.0687500000000005,-0.07896539581517947
0,41.2308,5.071875,-0.07888332803738288
0,41.2308,5.075,-0.07878692794134519
0,41.2308,5.078125,-0.07867427703202695
0,41.2308,5.08125,-0.07854350129559755
0,41.2308,5.0843750000000005,-0.07839279091143773
0,41.2308,5.0875,-0.07822041981142235
0,41.2308,5.090625,-0.0780247647753131
0,41.2308,5.09375,-0.0778043237375966
0,41.2308,5.096875,-0.07755773297668452
0,41.2308,5.1000000000000005,-0.07728378286297038
0,41.2308,5.103125,-0.07698143185832326
0,41.2308,5.10625,-0.07664981848621616
0,41.2308,5.109375,-0.07628827102837397
0,41.2308,5.1125,-0.0758963147495818
0,41.2308,5.1156250000000005,-0.07547367650566197
0,41.2308,5.11875,-0.07502028664872047
0,41.2308,5.121875,-0.07453627820637435
0,41.2308,5.125,-0.07402198337540875
0,41.2308,5.128125,-0.07347792743269342
0,41.2308,5.1312500000000005,-0.07290482022483256
0,41.2308,5.134375,-0.07230354545073696
0,41.2308,5.1375,-0.07167514799623287
0,41.2308,5.140625,-0.0710208196155277
0,41.2308,5.14375,-0.07034188327986554
0,41.2308,5.1468750000000005,-0.06963977652859055
0,41.2308,5.15,-0.06891603416214494
0,41.2308,5.153125,-0.06817227061077578
0,41.2308,5.15625,-0.06741016229785649
0,41.2308,5.159375,-0.06663143029396372
0,41.2308,5.1625000000000005,-0.06583782352868739
0,41.2308,5.165625,-0.06503110279317416
0,41.2308,5.16875,-0.06421302572924914
0,41.2308,5.171875,-0.06338533296222461
0,41.2308,5.175,-0.06254973549562125
0,41.2308,5.1781250000000005,-0.06170790344831044
0,41.2308,5.18125,-0.06086145617909087
0,41.2308,5.184375,-0.060011953811276414
0,41.2308,5.1875,-0.05916089014112117
0,41.2308,5.190625,-0.058309686889186294
0,41.2308,5.1937500000000005,-0.05745968923326664
0,41.2308,5.196875,-0.05661216254521622
0,41.2308,5.2,-0.05576829024178359
0,41.2308,5.203125,-0.054929172651139876
0,41.2308,5.20625,-0.05409582679176329
0,41.2308,5.2093750000000005,-0.05326918695835974
0,41.2308,5.2125,-0.05245010601008895
0,41.2308,5.215625,-0.051639357259090655
0,41.2308,5.21875,-0.050837636861750135
0,41.2308,5.221875,-0.050045566620873956
0,41.2308,5.2250000000000005,-0.04926369711362698
0,41.2308,5.228125,-0.04849251106736345
0,41.2308,5.23125,-0.04773242691308889
0,41.2308,5.234375,-0.04698380245399327
0,41.2308,5.2375,-0.046246938594079114
0,41.2308,5.2406250000000005,-0.045522083079245636
0,41.2308,5.24375,-0.044809434210149886
0,41.2308,5.246875,-0.04410914449266511
0,41.2308,5.25,-0.04342132419775782
0,41.2308,5.253125,-0.04274604480805067
0,41.2308,5.2562500000000005,-0.0420833423332441
0,41.2308,5.259375,-0.04143322048092496
0,41.2308,5.2625,-0.04079565367311198
0,41.2308,5.265625,-0.040170589902216426
0,41.2308,5.26875,-0.03955795342294026
0,41.2308,5.2718750000000005,-0.038957647279051995
0,41.2308,5.275,-0.03836955566599885
0,41.2308,5.278125,-0.037793546131969065
0,41.2308,5.28125,-0.037229471621364876
0,41.2308,5.284375,-0.03667717236569821
0,41.2308,5.2875000000000005,-0.03613647762773575
0,41.2308,5.290625,-0.035607207305317294
0,41.2308,5.29375,-0.03508917340168234
0,41.2308,5.296875,-0.03458218136940386
0,41.2308,5.3,-0.034086031335151
0,41.2308,5.3031250000000005,-0.03360051921252573
0,41.2308,5.30625,-0.033125437710149766
0,41.2308,5.309375,-0.03266057724203617
0,41.2308,5.3125,-0.03220572674708958
0,41.2308,5.315625,-0.03176067442433543
0,41.2308,5.3187500000000005,-0.03132520839021141
0,41.2308,5.321875,-0.030899117263961304
0,41.2308,5.325,-0.030482190686861376
0,41.2308,5.328125,-0.03007421978069874
0,41.2308,5.33125,-0.02967499755059822
0,41.2308,5.3343750000000005,-0.029284319236980574
0,41.2308,5.3375,-0.028901982621123867
0,41.2308,5.340625,-0.028527788288493918
0,41.2308,5.34375,-0.028161539853720982
0,41.2308,5.346875,-0.02780304415081413
0,41.2308,5.3500000000000005,-0.027452111391938212
0,41.2308,5.353125,-0.02710855529782306
0,41.2308,5.35625,-0.026772193202630704
0,41.2308,5.359375,-0.026442846135882735
0,41.2308,5.3625,-0.026120338883832406
0,41.2308,5.3656250000000005,-0.025804500032468414
0,41.2308,5.36875,-0.025495161994150726
0,41.2308,5.371875,-0.025192161019703133
0,41.2308,5.375,-0.024895337197629562
0,41.2308,5.378125,-0.024604534441968362
0,41.2308,5.3812500000000005,-0.024319600470162732
0,41.2308,5.384375,-0.02404038677219792
0,41.2308,5.3875,-0.023766748572136866
0,41.2308,5.390625,-0.023498544783080822
0,41.2308,5.39375,-0.023235637956479625
0,41.2308,5.3968750000000005,-0.022977894226626903
0,41.2308,5.4,-0.02272518325109239
0,41.2308,5.403125,-0.022477378147765813
0,41.2308,5.40625,-0.022234355429120008
0,41.2308,5.409375,-0.021995994934234875
0,41.2308,5.4125000000000005,-0.021762179759067492
0,41.2308,5.415625,-0.021532796185401198
0,41.2308,5.41875,-0.02130773360885721
0,41.2308,5.421875,-0.021086884466311406
0,41.2308,5.425,-0.02087014416301715
0,41.2308,5.4281250000000005,-0.020657410999700705
0,41.2308,5.43125,-0.0204485860998637
0,41.2308,5.434375,-0.020243573337496323
0,41.2308,5.4375,-0.020042279265381283
0,41.2308,5.440625,-0.019844613044142163
0,41.2308,5.4437500000000005,-0.019650486372170057
0,41.2308,5.446875,-0.01945981341654296
0,41.2308,5.45,-0.019272510745033916
0,41.2308,5.453125,-0.019088497259290665
0,41.2308,5.45625,-0.018907694129253378
0,41.2308,5.4593750000000005,-0.018730024728866132
0,41.2308,5.4625,-0.018555414573126486
0,41.2308,5.465625,-0.01838379125650665
0,41.2308,5.46875,-0.018215084392772897
0,41.2308,5.471875,-0.01804922555622029
0,41.2308,5.4750000000000005,-0.017886148224333823
0,41.2308,5.478125,-0.01772578772188121
0,41.2308,5.48125,-0.017568081166436097
0,41.2308,5.484375,-0.017412967415327694
0,41.2308,5.4875,-0.017260387014006805
0,41.2308,5.4906250000000005,-0.017110282145815947
0,41.2308,5.49375,-0.016962596583148002
0,41.2308,5.496875,-0.016817275639974382
0,41.2308,5.5,-0.016674266125723078
0,41.2308,5.503125,-0.01653351630048338
0,41.2308,5.5062500000000005,-0.016394975831513565
0,41.2308,5.509375,-0.016258595751026374
0,41.2308,5.5125,-0.01612432841522529
0,41.2308,5.515625,-0.015992127464565267
0,41.2308,5.51875,-0.01586194778520946
0,41.2308,5.5218750000000005,-0.015733745471653855
0,41.2308,5.525,-0.015607477790491379
0,41.2308,5.528125,-0.01548310314528622
0,41.2308,5.53125,-0.015360581042530215
0,41.2308,5.534375,-0.015239872058652
0,41.2308,5.5375000000000005,-0.015120937808050527
0,41.2308,5.540625,-0.015003740912124657
0,41.2308,5.54375,-0.014888244969270237
0,41.2308,5.546875,-0.014774414525817597
0,41.2308,5.55,-0.014662215047881521
0,41.2308,5.5531250000000005,-0.014551612894097057
0,41.2308,5.55625,-0.014442575289214768
0,41.2308,5.559375,-0.01433507029852909
0,41.2308,5.5625,-0.014229066803115002
0,41.2308,5.565625,-0.01412453447584768
0,41.2308,5.5687500000000005,-0.014021443758180983
0,41.2308,5.571875,-0.013919765837661285
0,41.2308,5.575,-0.013819472626152981
0,41.2308,5.578125,-0.013720536738753812
0,41.2308,5.58125,-0.013622931473377559
0,41.2308,5.5843750000000005,-0.01352663079098294
0,41.2308,5.5875,-0.013431609296428063
0,41.2308,5.590625,-0.013337842219929839
0,41.2308,5.59375,-0.01324530539910932
0,41.2308,5.596875,-0.0131539752616035
0,41.2308,5.6000000000000005,-0.013063828808225276
0,41.2308,5.603125,-0.012974843596653773
0,41.2308,5.60625,-0.01288699772563727
0,41.2308,5.609375,-0.012800269819692456
0,41.2308,5.6125,-0.012714639014283283
0,41.2308,5.6156250000000005,-0.012630084941463783
0,41.2308,5.61875,-0.01254658771596965
0,41.2308,5.621875,-0.012464127921743482
0,41.2308,5.625,-0.012382686598879764
0,41.2308,5.628125,-0.01230224523097545
0,41.2308,5.6312500000000005,-0.012222785732872802
0,41.2308,5.634375,-0.012144290438781687
0,41.2308,5.6375,-0.012066742090768391
0,41.2308,5.640625,-0.01199012382759936
0,41.2308,5.64375,-0.011914419173927744
0,41.2308,5.6468750000000005,-0.011839612029811578
0,41.2308,5.65,-0.011765686660552738
0,41.2308,5.653125,-0.0116926276868458
0,41.2308,5.65625,-0.011620420075226966
0,41.2308,5.659375,-0.011549049128812924
0,41.2308,5.6625000000000005,-0.011478500478320164
0,41.2308,5.665625,-0.011408760073355647
0,41.2308,5.66875,-0.01133981417396964
0,41.2308,5.671875,-0.01127164934246251
0,41.2308,5.675,-0.011204252435436874
0,41.2308,5.6781250000000005,-0.011137610596087177
0,41.2308,5.68125,-0.011071711246719058
0,41.2308,5.684375,-0.011006542081490751
0,41.2308,5.6875,-0.010942091059369633
0,41.2308,5.690625,-0.010878346397296706
0,41.2308,5.6937500000000005,-0.010815296563552337
0,41.2308,5.696875,-0.010752930271316841
0,41.2308,5.7,-0.010691236472419376
0,41.2308,5.703125,-0.01063020435126941
0,41.2308,5.70625,-0.01056982331896464
0,41.2308,5.7093750000000005,-0.010510083007569795
0,41.2308,5.7125,-0.01045097326456093
0,41.2308,5.715625,-0.010392484147429685
0,41.2308,5.71875,-0.01033460591844274
0,41.2308,5.721875,-0.010277329039551279
0,41.2308,5.7250000000000005,-0.010220644167445796
0,41.2308,5.728125,-0.01016454214875173
0,41.2308,5.73125,-0.010109014015361233
0,41.2308,5.734375,-0.010054050979897098
0,41.2308,5.7375,-0.009999644431304485
0,41.2308,5.7406250000000005,-0.009945785930566501
0,41.2308,5.74375,-0.009892467206539819
0,41.2308,5.746875,-0.009839680151906434
0,41.2308,5.75,-0.009787416819238164
0,41.2308,5.753125,-0.009735669417170231
0,41.2308,5.7562500000000005,-0.009684430306680628
0,41.2308,5.759375,-0.009633691997472018
0,41.2308,5.7625,-0.009583447144452886
0,41.2308,5.765625,-0.009533688544315098
0,41.2308,5.76875,-0.009484409132204781
0,41.2308,5.7718750000000005,-0.009435601978483688
0,41.2308,5.775,-0.009387260285578396
0,41.2308,5.778125,-0.009339377384914464
0,41.2308,5.78125,-0.009291946733933232
0,41.2308,5.784375,-0.009244961913188611
0,41.2308,5.7875000000000005,-0.009198416623521461
0,41.2308,5.790625,-0.009152304683309354
0,41.2308,5.79375,-0.009106620025789235
0,41.2308,5.796875,-0.00906135669645108
0,41.2308,5.800000000000001,-0.00901650885050024
0,41.2308,5.8031250000000005,-0.008972070750386562
0,41.2308,5.80625,-0.008928036763398156
0,41.2308,5.809375,-0.008884401359318074
0,41.2308,5.8125,-0.00884115910814199
0,41.2308,5.815625000000001,-0.008798304677855001
0,41.2308,5.8187500000000005,-0.008755832832266034
0,41.2308,5.821875,-0.008713738428897866
0,41.2308,5.825,-0.008672016416931485
0,41.2308,5.828125,-0.008630661835202986
0,41.2308,5.831250000000001,-0.008589669810251551
0,41.2308,5.8343750000000005,-0.0085490355544171
0,41.2308,5.8375,-0.008508754363986043
0,41.2308,5.840625,-0.008468821617383932
0,41.2308,5.84375,-0.008429232773413557
0,41.2308,5.846875000000001,-0.00838998336953722
0,41.2308,5.8500000000000005,-0.008351069020201992
0,41.2308,5.853125,-0.008312485415206579
0,41.2308,5.85625,-0.008274228318108853
0,41.2308,5.859375,-0.008236293564672708
0,41.2308,5.862500000000001,-0.00819867706135324
0,41.2308,5.8656250000000005,-0.008161374783819186
0,41.2308,5.86875,-0.008124382775511467
0,41.2308,5.871875,-0.008087697146237017
0,41.2308,5.875,-0.008051314070796766
0,41.2308,5.878125000000001,-0.008015229787646908
0,41.2308,5.8812500000000005,-0.007979440597592554
0,41.2308,5.884375,-0.00794394286251277
0,41.2308,5.8875,-0.007908733004116309
0,41.2308,5.890625,-0.007873807502727065
0,41.2308,5.893750000000001,-0.007839162896098492
0,41.2308,5.8968750000000005,-0.007804795778256256
0,41.2308,5.9,-0.007770702798368193
0,41.2308,5.903125,-0.007736880659641047
0,41.2308,5.90625,-0.0077033261182431305
0,41.2308,5.909375000000001,-0.007670035982252232
0,41.2308,5.9125000000000005,-0.007637007110628188
0,41.2308,5.915625,-0.007604236412209277
0,41.2308,5.91875,-0.007571720844732019
0,41.2308,5.921875,-0.007539457413873626
0,41.2308,5.925000000000001,-0.007507443172316514
0,41.2308,5.9281250000000005,-0.007475675218834403
0,41.2308,5.93125,-0.00744415069739924
0,41.2308,5.934375,-0.00741286679630863
0,41.2308,5.9375,-0.007381820747333083
0,41.2308,5.940625000000001,-0.0073510098248826036
0,41.2308,5.9437500000000005,-0.007320431345192188
0,41.2308,5.946875,-0.007290082665525578
0,41.2308,5.95,-0.007259961183397017
0,41.2308,5.953125,-0.007230064335810369
0,41.2308,5.956250000000001,-0.007200389598515239
0,41.2308,5.9593750000000005,-0.007170934485279684
0,41.2308,5.9625,-0.007141696547178973
0,41.2308,5.965625,-0.007112673371900148
0,41.2308,5.96875,-0.0070838625830618755
0,41.2308,5.971875000000001,-0.0070552618395492385
0,41.2308,5.9750000000000005,-0.0070268688348631226
0,41.2308,5.978125,-0.006998681296483733
0,41.2308,5.98125,-0.006970696985248036
0,41.2308,5.984375,-0.006942913694740648
0,41.2308,5.987500000000001,-0.006915329250697909
0,41.2308,5.9906250000000005,-0.006887941510424817
0,41.2308,5.99375,-0.00686074836222442
0,41.2308,5.996875,-0.006833747724839499
0,41.2308,6.0,-0.006806937546906115
