"Current","Field","Frequency","Spectra"
0,48.2697,1.0,-0.013818044291503184
0,48.2697,1.003125,-0.013882115014255724
0,48.2697,1.00625,-0.01394664525233885
0,48.2697,1.009375,-0.014011639452466182
0,48.2697,1.0125,-0.014077102115347847
0,48.2697,1.015625,-0.014143037796477706
0,48.2697,1.01875,-0.014209451106933956
0,48.2697,1.021875,-0.01427634671419338
0,48.2697,1.025,-0.014343729342959485
0,48.2697,1.028125,-0.014411603776004835
0,48.2697,1.03125,-0.014479974855027796
0,48.2697,1.034375,-0.014548847481524053
0,48.2697,1.0375,-0.014618226617673136
0,48.2697,1.040625,-0.014688117287240237
0,48.2697,1.04375,-0.01475852457649371
0,48.2697,1.046875,-0.01482945363513841
0,48.2697,1.05,-0.014900909677265355
0,48.2697,1.053125,-0.01497289798231791
0,48.2697,1.05625,-0.015045423896074873
0,48.2697,1.059375,-0.015118492831650817
0,48.2697,1.0625,-0.015192110270513965
0,48.2697,1.065625,-0.015266281763522035
0,48.2697,1.06875,-0.015341012931976353
0,48.2697,1.071875,-0.015416309468694614
0,48.2697,1.075,-0.015492177139102739
0,48.2697,1.078125,-0.01556862178234604
0,48.2697,1.08125,-0.01564564931242031
0,48.2697,1.084375,-0.01572326571932306
0,48.2697,1.0875,-0.01580147707022541
0,48.2697,1.090625,-0.01588028951066505
0,48.2697,1.09375,-0.01595970926576062
0,48.2697,1.096875,-0.01603974264144807
0,48.2697,1.1,-0.016120396025739392
0,48.2697,1.103125,-0.016201675890004118
0,48.2697,1.10625,-0.016283588790274254
0,48.2697,1.109375,-0.016366141368572864
0,48.2697,1.1125,-0.016449340354267032
0,48.2697,1.115625,-0.016533192565445578
0,48.2697,1.11875,-0.016617704910322096
0,48.2697,1.121875,-0.01670288438866386
0,48.2697,1.125,-0.016788738093247026
0,48.2697,1.128125,-0.01687527321133887
0,48.2697,1.13125,-0.016962497026207474
0,48.2697,1.134375,-0.01705041691865951
0,48.2697,1.1375,-0.017139040368606747
0,48.2697,1.140625,-0.017228374956661775
0,48.2697,1.14375,-0.01731842836576372
0,48.2697,1.146875,-0.017409208382834468
0,48.2697,1.15,-0.017500722900466142
0,48.2697,1.153125,-0.01759297991864044
0,48.2697,1.15625,-0.017685987546480507
0,48.2697,1.159375,-0.01777975400403616
0,48.2697,1.1625,-0.017874287624103025
0,48.2697,1.165625,-0.017969596854076477
0,48.2697,1.16875,-0.018065690257841
0,48.2697,1.171875,-0.01816257651769584
0,48.2697,1.175,-0.018260264436317716
0,48.2697,1.178125,-0.018358762938761382
0,48.2697,1.18125,-0.018458081074498874
0,48.2697,1.184375,-0.01855822801949838
0,48.2697,1.1875,-0.01865921307834341
0,48.2697,1.190625,-0.018761045686393394
0,48.2697,1.19375,-0.01886373541198648
0,48.2697,1.196875,-0.018967291958685493
0,48.2697,1.2,-0.01907172516756809
0,48.2697,1.203125,-0.01917704501956196
0,48.2697,1.20625,-0.019283261637826257
0,48.2697,1.209375,-0.019390385290180164
0,48.2697,1.2125,-0.01949842639157972
0,48.2697,1.215625,-0.019607395506643997
0,48.2697,1.21875,-0.01971730335223171
0,48.2697,1.221875,-0.01982816080006944
0,48.2697,1.225,-0.019939978879432677
0,48.2697,1.228125,-0.02005276877988081
0,48.2697,1.23125,-0.020166541854047374
0,48.2697,1.234375,-0.020281309620486767
0,48.2697,1.2375,-0.020397083766578807
0,48.2697,1.240625,-0.020513876151492395
0,48.2697,1.24375,-0.020631698809209714
0,48.2697,1.246875,-0.020750563951612337
0,48.2697,1.25,-0.02087048397163065
0,48.2697,1.253125,-0.020991471446458215
0,48.2697,1.25625,-0.021113539140832367
0,48.2697,1.259375,-0.021236700010382845
0,48.2697,1.2625,-0.02136096720504988
0,48.2697,1.265625,-0.021486354072573443
0,48.2697,1.26875,-0.02161287416205537
0,48.2697,1.271875,-0.021740541227596052
0,48.2697,1.275,-0.02186936923200748
0,48.2697,1.278125,-0.0219993723506045
0,48.2697,1.28125,-0.022130564975076074
0,48.2697,1.284375,-0.022262961717438527
0,48.2697,1.2875,-0.022396577414072815
0,48.2697,1.290625,-0.022531427129847674
0,48.2697,1.29375,-0.02266752616233094
0,48.2697,1.296875,-0.022804890046090962
0,48.2697,1.3,-0.02294353455709049
0,48.2697,1.303125,-0.023083475717175256
0,48.2697,1.30625,-0.023224729798659395
0,48.2697,1.309375,-0.023367313329010462
0,48.2697,1.3125,-0.02351124309563598
0,48.2697,1.315625,-0.02365653615077455
0,48.2697,1.31875,-0.023803209816493785
0,48.2697,1.321875,-0.023951281689797772
0,48.2697,1.325,-0.02410076964784696
0,48.2697,1.328125,-0.024251691853293032
0,48.2697,1.33125,-0.024404066759731852
0,48.2697,1.334375,-0.02455791311727737
0,48.2697,1.3375,-0.024713249978259494
0,48.2697,1.340625,-0.02487009670304924
0,48.2697,1.34375,-0.025028472966014077
0,48.2697,1.346875,-0.02518839876160711
0,48.2697,1.35,-0.025349894410593342
0,48.2697,1.353125,-0.025512980566416488
0,48.2697,1.35625,-0.025677678221710108
0,48.2697,1.359375,-0.02584400871495661
0,48.2697,1.3625,-0.026011993737297987
0,48.2697,1.365625,-0.026181655339502334
0,48.2697,1.36875,-0.02635301593909
0,48.2697,1.371875,-0.026526098327623683
0,48.2697,1.375,-0.026700925678166645
0,48.2697,1.378125,-0.026877521552913546
0,48.2697,1.38125,-0.027055909910998384
0,48.2697,1.384375,-0.02723611511648415
0,48.2697,1.3875,-0.027418161946539222
0,48.2697,1.390625,-0.02760207559980506
0,48.2697,1.39375,-0.027787881704960736
0,48.2697,1.396875,-0.02797560632948923
0,48.2697,1.4,-0.028165275988650998
0,48.2697,1.403125,-0.028356917654670463
0,48.2697,1.40625,-0.028550558766140925
0,48.2697,1.409375,-0.028746227237654076
0,48.2697,1.4125,-0.028943951469659973
0,48.2697,1.415625,-0.029143760358563846
0,48.2697,1.41875,-0.02934568330706625
0,48.2697,1.421875,-0.029549750234752915
0,48.2697,1.425,-0.02975599158894162
0,48.2697,1.428125,-0.029964438355792693
0,48.2697,1.43125,-0.030175122071690715
0,48.2697,1.434375,-0.03038807483490484
0,48.2697,1.4375,-0.030603329317535333
0,48.2697,1.440625,-0.03082091877775456
0,48.2697,1.44375,-0.03104087707235045
0,48.2697,1.446875,-0.031263238669580924
0,48.2697,1.45,-0.03148803866234819
0,48.2697,1.453125,-0.031715312781701636
0,48.2697,1.45625,-0.03194509741067893
0,48.2697,1.459375,-0.03217742959849466
0,48.2697,1.4625,-0.03241234707508661
0,48.2697,1.465625,-0.03264988826602978
0,48.2697,1.46875,-0.032890092307828536
0,48.2697,1.471875,-0.033132999063598116
0,48.2697,1.475,-0.03337864913914639
0,48.2697,1.478125,-0.033627083899467565
0,48.2697,1.48125,-0.03387834548565983
0,48.2697,1.484375,-0.034132476832279116
0,48.2697,1.4875,-0.0343895216851419
0,48.2697,1.490625,-0.03464952461959008
0,48.2697,1.49375,-0.034912531059231484
0,48.2697,1.496875,-0.03517858729517013
0,48.2697,1.5,-0.03544774050574054
0,48.2697,1.503125,-0.03572003877676125
0,48.2697,1.50625,-0.035995531122322885
0,48.2697,1.509375,-0.03627426750612661
0,48.2697,1.5125000000000002,-0.03655629886338986
0,48.2697,1.515625,-0.03684167712333561
0,48.2697,1.51875,-0.037130455232283865
0,48.2697,1.521875,-0.03742268717736243
0,48.2697,1.525,-0.03771842801085661
0,48.2697,1.5281250000000002,-0.0380177338752169
0,48.2697,1.53125,-0.03832066202874461
0,48.2697,1.534375,-0.03862727087197675
0,48.2697,1.5375,-0.038937619974790894
0,48.2697,1.540625,-0.03925177010425288
0,48.2697,1.5437500000000002,-0.03956978325323009
0,48.2697,1.546875,-0.03989172266979363
0,48.2697,1.55,-0.04021765288743498
0,48.2697,1.553125,-0.0405476397561214
0,48.2697,1.55625,-0.040881750474217084
0,48.2697,1.5593750000000002,-0.04122005362129733
0,48.2697,1.5625,-0.04156261919188311
0,48.2697,1.565625,-0.04190951863012629
0,48.2697,1.56875,-0.04226082486547468
0,48.2697,1.571875,-0.04261661234934865
0,48.2697,1.5750000000000002,-0.042976957092861603
0,48.2697,1.578125,-0.04334193670561731
0,48.2697,1.58125,-0.043711630435619646
0,48.2697,1.584375,-0.04408611921032948
0,48.2697,1.5875,-0.04446548567890679
0,48.2697,1.5906250000000002,-0.044849814255676086
0,48.2697,1.59375,-0.04523919116485469
0,48.2697,1.596875,-0.04563370448658618
0,48.2697,1.6,-0.046033444204320345
0,48.2697,1.603125,-0.04643850225358524
0,48.2697,1.6062500000000002,-0.046848972572196716
0,48.2697,1.609375,-0.0472649511519526
0,48.2697,1.6125,-0.047686536091862186
0,48.2697,1.615625,-0.048113827652960454
0,48.2697,1.61875,-0.04854692831476145
0,48.2697,1.6218750000000002,-0.04898594283340518
0,48.2697,1.625,-0.04943097830155477
0,48.2697,1.628125,-0.04988214421010386
0,48.2697,1.63125,-0.05033955251175448
0,48.2697,1.634375,-0.05080331768652967
0,48.2697,1.6375000000000002,-0.05127355680928683
0,48.2697,1.640625,-0.05175038961929943
0,48.2697,1.64375,-0.0522339385919794
0,48.2697,1.646875,-0.052724329012812245
0,48.2697,1.65,-0.053221689053582696
0,48.2697,1.6531250000000002,-0.0537261498509696
0,48.2697,1.65625,-0.054237845587591774
0,48.2697,1.659375,-0.05475691357559204
0,48.2697,1.6625,-0.05528349434284577
0,48.2697,1.665625,-0.05581773172188811
0,48.2697,1.6687500000000002,-0.05635977294165438
0,48.2697,1.671875,-0.056909768722132756
0,48.2697,1.675,-0.05746787337203365
0,48.2697,1.678125,-0.05803424488958101
0,48.2697,1.68125,-0.05860904506653823
0,48.2697,1.6843750000000002,-0.05919243959558371
0,48.2697,1.6875,-0.059784598181155314
0,48.2697,1.690625,-0.06038569465389015
0,48.2697,1.69375,-0.060995907088787
0,48.2697,1.696875,-0.061615417927227814
0,48.2697,1.7000000000000002,-0.06224441410299722
0,48.2697,1.703125,-0.0628830871724451
0,48.2697,1.70625,-0.06353163344894465
0,48.2697,1.709375,-0.06419025414180092
0,48.2697,1.7125,-0.06485915549977471
0,48.2697,1.7156250000000002,-0.06553854895939082
0,48.2697,1.71875,-0.06622865129820625
0,48.2697,1.721875,-0.06692968479322345
0,48.2697,1.725,-0.06764187738463698
0,48.2697,1.728125,-0.0683654628451136
0,48.2697,1.7312500000000002,-0.06910068095481109
0,48.2697,1.734375,-0.0698477776823491
0,48.2697,1.7375,-0.07060700537195731
0,48.2697,1.740625,-0.07137862293702957
0,48.2697,1.74375,-0.07216289606032697
0,48.2697,1.7468750000000002,-0.07296009740108009
0,48.2697,1.75,-0.07377050680924967
0,48.2697,1.753125,-0.07459441154721914
0,48.2697,1.75625,-0.07543210651919792
0,48.2697,1.759375,-0.07628389450863093
0,48.2697,1.7625000000000002,-0.07715008642391824
0,48.2697,1.765625,-0.07803100155276098
0,48.2697,1.76875,-0.07892696782546556
0,48.2697,1.771875,-0.07983832208754621
0,48.2697,1.775,-0.0807654103819843
0,48.2697,1.7781250000000002,-0.08170858824151507
0,48.2697,1.78125,-0.08266822099132554
0,48.2697,1.784375,-0.08364468406256755
0,48.2697,1.7875,-0.08463836331709909
0,48.2697,1.790625,-0.08564965538388997
0,48.2697,1.7937500000000002,-0.086678968007541
0,48.2697,1.796875,-0.08772672040938384
0,48.2697,1.8,-0.08879334366165076
0,48.2697,1.803125,-0.08987928107521587
0,48.2697,1.80625,-0.09098498860143636
0,48.2697,1.8093750000000002,-0.09211093524863753
0,48.2697,1.8125,-0.09325760351380731
0,48.2697,1.815625,-0.09442548983009144
0,48.2697,1.81875,-0.09561510503069585
0,48.2697,1.821875,-0.09682697482983317
0,48.2697,1.8250000000000002,-0.0980616403213697
0,48.2697,1.828125,-0.09931965849585302
0,48.2697,1.83125,-0.10060160277663123
0,48.2697,1.834375,-0.10190806357579178
0,48.2697,1.8375,-0.1032396488706825
0,48.2697,1.8406250000000002,-0.10459698480180019
0,48.2697,1.84375,-0.10598071629285823
0,48.2697,1.846875,-0.10739150769387962
0,48.2697,1.85,-0.10883004344818012
0,48.2697,1.853125,-0.11029702878414516
0,48.2697,1.8562500000000002,-0.11179319043272726
0,48.2697,1.859375,-0.1133192773716204
0,48.2697,1.8625,-0.11487606159710292
0,48.2697,1.865625,-0.11646433892456069
0,48.2697,1.86875,-0.11808492981874123
0,48.2697,1.8718750000000002,-0.11973868025481257
0,48.2697,1.875,-0.12142646261132907
0,48.2697,1.878125,-0.12314917659624038
0,48.2697,1.88125,-0.12490775020709576
0,48.2697,1.884375,-0.12670314072663263
0,48.2697,1.8875000000000002,-0.12853633575495407
0,48.2697,1.890625,-0.13040835427952296
0,48.2697,1.89375,-0.13232024778422516
0,48.2697,1.896875,-0.1342731013987599
0,48.2697,1.9,-0.13626803508963833
0,48.2697,1.9031250000000002,-0.13830620489407425
0,48.2697,1.90625,-0.14038880419805194
0,48.2697,1.909375,-0.14251706505986386
0,48.2697,1.9125,-0.14469225958038703
0,48.2697,1.915625,-0.14691570132136533
0,48.2697,1.9187500000000002,-0.14918874677292987
0,48.2697,1.921875,-0.1515127968715552
0,48.2697,1.925,-0.1538892985696103
0,48.2697,1.928125,-0.1563197464575889
0,48.2697,1.93125,-0.15880568444004364
0,48.2697,1.9343750000000002,-0.16134870746614763
0,48.2697,1.9375,-0.1639504633156953
0,48.2697,1.940625,-0.1666126544412324
0,48.2697,1.94375,-0.1693370398668318
0,48.2697,1.946875,-0.17212543714386136
0,48.2697,1.9500000000000002,-0.17497972436386883
0,48.2697,1.953125,-0.17790184222845268
0,48.2697,1.95625,-0.18089379617571433
0,48.2697,1.959375,-0.18395765856253116
0,48.2697,1.9625,-0.18709557090152917
0,48.2697,1.9656250000000002,-0.19030974615118287
0,48.2697,1.96875,-0.1936024710569719
0,48.2697,1.971875,-0.1969761085409676
0,48.2697,1.975,-0.20043310013656018
0,48.2697,1.978125,-0.20397596846432495
0,48.2697,1.9812500000000002,-0.20760731974419253
0,48.2697,1.984375,-0.21132984633815463
0,48.2697,1.9875,-0.2151463293167048
0,48.2697,1.990625,-0.21905964104101228
0,48.2697,1.99375,-0.22307274775152808
0,48.2697,1.9968750000000002,-0.2271887121522254
0,48.2697,2.0,-0.23141069597801697
0,48.2697,2.003125,-0.23574196253105176
0,48.2697,2.00625,-0.24018587916949993
0,48.2697,2.0093750000000004,-0.24474591973014173
0,48.2697,2.0125,-0.24942566686350395
0,48.2697,2.015625,-0.25422881425742194
0,48.2697,2.01875,-0.2591591687217296
0,48.2697,2.021875,-0.26422065210326967
0,48.2697,2.0250000000000004,-0.2694173029965027
0,48.2697,2.028125,-0.2747532782106964
0,48.2697,2.03125,-0.28023285394990466
0,48.2697,2.034375,-0.28586042665669764
0,48.2697,2.0375,-0.29164051346483905
0,48.2697,2.0406250000000004,-0.29757775219974636
0,48.2697,2.04375,-0.3036769008586272
0,48.2697,2.046875,-0.30994283649456056
0,48.2697,2.05,-0.3163805534204749
0,48.2697,2.053125,-0.3229951606399382
0,48.2697,2.0562500000000004,-0.32979187840181434
0,48.2697,2.059375,-0.33677603376520665
0,48.2697,2.0625,-0.34395305504958595
0,48.2697,2.065625,-0.3513284650326197
0,48.2697,2.06875,-0.3589078727449633
0,48.2697,2.0718750000000004,-0.366696963697094
0,48.2697,2.075,-0.3747014883582602
0,48.2697,2.078125,-0.38292724869173717
0,48.2697,2.08125,-0.3913800825339448
0,48.2697,2.084375,-0.40006584558770686
0,48.2697,2.0875000000000004,-0.40899039078207083
0,48.2697,2.090625,-0.4181595447329727
0,48.2697,2.09375,-0.4275790810207544
0,48.2697,2.096875,-0.43725468998251665
0,48.2697,2.1,-0.4471919446999134
0,48.2697,2.1031250000000004,-0.45739626284670426
0,48.2697,2.10625,-0.4678728640458737
0,48.2697,2.109375,-0.4786267223740447
0,48.2697,2.1125,-0.4896625136421935
0,48.2697,2.115625,-0.50098455707736
0,48.2697,2.1187500000000004,-0.512596751031266
0,48.2697,2.121875,-0.5245025023500394
0,48.2697,2.125,-0.536704649056061
0,48.2697,2.128125,-0.549205376020219
0,48.2697,2.13125,-0.5620061233426021
0,48.2697,2.1343750000000004,-0.5751074872140446
0,48.2697,2.1375,-0.5885091131025365
0,48.2697,2.140625,-0.6022095811997893
0,48.2697,2.14375,-0.6162062841770239
0,48.2697,2.146875,-0.6304952974380906
0,48.2697,2.1500000000000004,-0.645071242224969
0,48.2697,2.153125,-0.6599271421282055
0,48.2697,2.15625,-0.6750542737849828
0,48.2697,2.159375,-0.6904420128120259
0,48.2697,2.1625,-0.7060776763202735
0,48.2697,2.1656250000000004,-0.7219463636928736
0,48.2697,2.16875,-0.7380307976760624
0,48.2697,2.171875,-0.754311168230313
0,48.2697,2.175,-0.7707649820112591
0,48.2697,2.178125,-0.7873669207881832
0,48.2697,2.1812500000000004,-0.8040887125510726
0,48.2697,2.184375,-0.8208990194912317
0,48.2697,2.1875,-0.8377633474471784
0,48.2697,2.190625,-0.8546439817658266
0,48.2697,2.19375,-0.8714999548139423
0,48.2697,2.1968750000000004,-0.8882870505587014
0,48.2697,2.2,-0.9049578516889368
0,48.2697,2.203125,-0.9214618346389453
0,48.2697,2.20625,-0.9377455175737431
0,48.2697,2.209375,-0.953752665869807
0,48.2697,2.2125000000000004,-0.969424558854526
0,48.2697,2.215625,-0.9847003205342804
0,48.2697,2.21875,-0.999517315738469
0,48.2697,2.221875,-1.0138116115413518
0,48.2697,2.225,-1.0275185020169113
0,48.2697,2.2281250000000004,-1.0405730923730994
0,48.2697,2.23125,-1.052910936358378
0,48.2697,2.234375,-1.0644687186110031
0,48.2697,2.2375,-1.0751849714223354
0,48.2697,2.240625,-1.0850008133150446
0,48.2697,2.2437500000000004,-1.0938606950089274
0,48.2697,2.246875,-1.1017131368764403
0,48.2697,2.25,-1.1085114409857835
0,48.2697,2.253125,-1.1142143603857548
0,48.2697,2.25625,-1.1187867084747685
0,48.2697,2.2593750000000004,-1.1221998921569702
0,48.2697,2.2625,-1.1244323540256222
0,48.2697,2.265625,-1.1254699109925128
0,48.2697,2.26875,-1.1253059795270224
0,48.2697,2.271875,-1.1239416808677396
0,48.2697,2.2750000000000004,-1.1213858230809157
0,48.2697,2.278125,-1.1176547604999159
0,48.2697,2.28125,-1.1127721347142592
0,48.2697,2.284375,-1.106768504713688
0,48.2697,2.2875,-1.099680876873414
0,48.2697,2.2906250000000004,-1.0915521480570758
0,48.2697,2.29375,-1.0824304771122049
0,48.2697,2.296875,-1.0723686013755276
0,48.2697,2.3,-1.0614231154685199
0,48.2697,2.303125,-1.0496537296625823
0,48.2697,2.3062500000000004,-1.0371225244782531
0,48.2697,2.309375,-1.0238932170325714
0,48.2697,2.3125,-1.0100304530626028
0,48.2697,2.315625,-0.9955991366426831
0,48.2697,2.31875,-0.980663807493616
0,48.2697,2.3218750000000004,-0.9652880735658156
0,48.2697,2.325,-0.9495341043671087
0,48.2697,2.328125,-0.9334621883874838
0,48.2697,2.33125,-0.9171303560178711
0,48.2697,2.334375,-0.9005940676201748
0,48.2697,2.3375000000000004,-0.883905964915217
0,48.2697,2.340625,-0.8671156826308277
0,48.2697,2.34375,-0.850269716396457
0,48.2697,2.346875,-0.8334113421734443
0,48.2697,2.35,-0.8165805820523385
0,48.2697,2.3531250000000004,-0.799814211004978
0,48.2697,2.35625,-0.7831457991197059
0,48.2697,2.359375,-0.7666057839421574
0,48.2697,2.3625,-0.7502215677602988
0,48.2697,2.365625,-0.7340176349813712
0,48.2697,2.3687500000000004,-0.7180156851231945
0,48.2697,2.371875,-0.7022347773589614
0,48.2697,2.375,-0.6866914829930094
0,48.2697,2.378125,-0.6714000426881879
0,48.2697,2.38125,-0.6563725256999818
0,48.2697,2.3843750000000004,-0.6416189887883853
0,48.2697,2.3875,-0.627147632868123
0,48.2697,2.390625,-0.6129649558164075
0,48.2697,2.39375,-0.5990759001820279
0,48.2697,2.396875,-0.5854839948289805
0,48.2697,2.4000000000000004,-0.5721914898022957
0,48.2697,2.403125,-0.559199483924149
0,48.2697,2.40625,-0.5465080448167395
0,48.2697,2.409375,-0.5341163212069979
0,48.2697,2.4125,-0.52202264749956
0,48.2697,2.4156250000000004,-0.5102246407114389
0,48.2697,2.41875,-0.49871928994709247
0,48.2697,2.421875,-0.4875030386589221
0,48.2697,2.425,-0.4765718599881493
0,48.2697,2.428125,-0.4659213255168707
0,48.2697,2.4312500000000004,-0.45554666778616143
0,48.2697,2.434375,-0.44544283694924347
0,48.2697,2.4375,-0.43560455193481135
0,48.2697,2.440625,-0.4260263464951057
0,48.2697,2.44375,-0.4167026105075738
0,48.2697,2.4468750000000004,-0.40762762688919735
0,48.2697,2.45,-0.3987956044696736
0,48.2697,2.453125,-0.39020070715455624
0,48.2697,2.45625,-0.3818370796928032
0,48.2697,2.459375,-0.3736988703455436
0,48.2697,2.4625000000000004,-0.3657802507347617
0,48.2697,2.465625,-0.3580754331323227
0,48.2697,2.46875,-0.35057868543168513
0,48.2697,2.471875,-0.3432843440269551
0,48.2697,2.475,-0.33618682480680295
0,48.2697,2.4781250000000004,-0.32928063245436356
0,48.2697,2.48125,-0.32256036822859785
0,48.2697,2.484375,-0.31602073638782135
0,48.2697,2.4875,-0.30965654940220966
0,48.2697,2.490625,-0.30346273208906044
0,48.2697,2.4937500000000004,-0.2974343247924871
0,48.2697,2.496875,-0.29156648571794375
0,48.2697,2.5,-0.2858544925215785
0,48.2697,2.503125,-0.2802937432448075
0,48.2697,2.50625,-0.27487975667565273
0,48.2697,2.5093750000000004,-0.2696081722102979
0,48.2697,2.5125,-0.26447474928088316
0,48.2697,2.515625,-0.2594753664087934
0,48.2697,2.51875,-0.2546060199365218
0,48.2697,2.521875,-0.24986282248555883
0,48.2697,2.5250000000000004,-0.2452420011826669
0,48.2697,2.528125,-0.24073989569226667
0,48.2697,2.53125,-0.23635295608847554
0,48.2697,2.534375,-0.2320777405965577
0,48.2697,2.5375,-0.22791091323011647
0,48.2697,2.5406250000000004,-0.22384924134729187
0,48.2697,2.54375,-0.21988959314644263
0,48.2697,2.546875,-0.21602893511930726
0,48.2697,2.55,-0.21226432947740143
0,48.2697,2.553125,-0.20859293156539452
0,48.2697,2.5562500000000004,-0.20501198727342235
0,48.2697,2.559375,-0.20151883045867694
0,48.2697,2.5625,-0.19811088038518704
0,48.2697,2.565625,-0.19478563918942468
0,48.2697,2.56875,-0.19154068937822685
0,48.2697,2.5718750000000004,-0.18837369136451892
0,48.2697,2.575,-0.185282381045418
0,48.2697,2.578125,-0.18226456742650746
0,48.2697,2.58125,-0.17931813029536725
0,48.2697,2.584375,-0.17644101794681957
0,48.2697,2.5875000000000004,-0.1736312449618089
0,48.2697,2.590625,-0.17088689004134847
0,48.2697,2.59375,-0.16820609389654942
0,48.2697,2.596875,-0.16558705719538094
0,48.2697,2.6,-0.16302803856648482
0,48.2697,2.6031250000000004,-0.1605273526600961
0,48.2697,2.60625,-0.15808336826587577
0,48.2697,2.609375,-0.15569450648725977
0,48.2697,2.6125,-0.15335923897175244
0,48.2697,2.615625,-0.15107608619643786
0,48.2697,2.6187500000000004,-0.14884361580786293
0,48.2697,2.621875,-0.14666044101533451
0,48.2697,2.625,-0.1445252190365913
0,48.2697,2.628125,-0.1424366495947402
0,48.2697,2.63125,-0.14039347346528647
0,48.2697,2.6343750000000004,-0.13839447107204936
0,48.2697,2.6375,-0.13643846113071775
0,48.2697,2.640625,-0.13452429933877993
0,48.2697,2.64375,-0.13265087711054974
0,48.2697,2.646875,-0.130817120355998
0,48.2697,2.6500000000000004,-0.1290219883021052
0,48.2697,2.653125,-0.1272644723554489
0,48.2697,2.65625,-0.12554359500475445
0,48.2697,2.659375,-0.1238584087621509
0,48.2697,2.6625,-0.12220799514188599
0,48.2697,2.6656250000000004,-0.12059146367528083
0,48.2697,2.66875,-0.11900795096072099
0,48.2697,2.671875,-0.1174566197475086
0,48.2697,2.675,-0.11593665805242659
0,48.2697,2.678125,-0.11444727830788833
0,48.2697,2.6812500000000004,-0.11298771654058004
0,48.2697,2.684375,-0.11155723157952643
0,48.2697,2.6875,-0.11015510429254279
0,48.2697,2.690625,-0.10878063685006628
0,48.2697,2.69375,-0.10743315201538554
0,48.2697,2.6968750000000004,-0.106111992460321
0,48.2697,2.7,-0.10481652010543467
0,48.2697,2.703125,-0.10354611548387894
0,48.2697,2.70625,-0.10230017712802406
0,48.2697,2.709375,-0.10107812097802835
0,48.2697,2.7125000000000004,-0.09987937981154783
0,48.2697,2.715625,-0.09870340269380506
0,48.2697,2.71875,-0.0975496544472667
0,48.2697,2.721875,-0.09641761514020579
0,48.2697,2.725,-0.09530677959344704
0,48.2697,2.7281250000000004,-0.09421665690462239
0,48.2697,2.73125,-0.09314676998928495
0,48.2697,2.734375,-0.09209665513825493
0,48.2697,2.7375,-0.09106586159059485
0,48.2697,2.740625,-0.09005395112163021
0,48.2697,2.7437500000000004,-0.08906049764545741
0,48.2697,2.746875,-0.08808508683139765
0,48.2697,2.75,-0.08712731573387841
0,48.2697,2.753125,-0.08618679243524359
0,48.2697,2.75625,-0.0852631357010095
0,48.2697,2.7593750000000004,-0.08435597464710584
0,48.2697,2.7625,-0.08346494841865468
0,48.2697,2.765625,-0.08258970587985981
0,48.2697,2.76875,-0.08172990531459551
0,48.2697,2.771875,-0.08088521413729663
0,48.2697,2.7750000000000004,-0.08005530861377054
0,48.2697,2.778125,-0.07923987359156306
0,48.2697,2.78125,-0.07843860223952644
0,48.2697,2.784375,-0.07765119579625145
0,48.2697,2.7875,-0.07687736332703601
0,48.2697,2.7906250000000004,-0.07611682148907849
0,48.2697,2.79375,-0.0753692943045931
0,48.2697,2.796875,-0.07463451294155853
0,48.2697,2.8,-0.07391221550182117
0,48.2697,2.803125,-0.07320214681628487
0,48.2697,2.8062500000000004,-0.07250405824692982
0,48.2697,2.809375,-0.07181770749541286
0,48.2697,2.8125,-0.07114285841801056
0,48.2697,2.815625,-0.07047928084667775
0,48.2697,2.81875,-0.06982675041599916
0,48.2697,2.8218750000000004,-0.06918504839582432
0,48.2697,2.825,-0.06855396152938066
0,48.2697,2.828125,-0.06793328187666965
0,48.2697,2.83125,-0.06732280666295777
0,48.2697,2.834375,-0.06672233813218074
0,48.2697,2.8375000000000004,-0.06613168340508721
0,48.2697,2.840625,-0.06555065434195352
0,48.2697,2.84375,-0.06497906740970884
0,48.2697,2.846875,-0.06441674355331589
0,48.2697,2.85,-0.06386350807125701
0,48.2697,2.8531250000000004,-0.06331919049498304
0,48.2697,2.85625,-0.06278362447218577
0,48.2697,2.859375,-0.06225664765376155
0,48.2697,2.8625,-0.06173810158433839
0,48.2697,2.865625,-0.06122783159624253
0,48.2697,2.8687500000000004,-0.060725686706786824
0,48.2697,2.871875,-0.060231519518765944
0,48.2697,2.875,-0.05974518612404889
0,48.2697,2.878125,-0.05926654601016354
0,48.2697,2.88125,-0.058795461969770466
0,48.2697,2.8843750000000004,-0.05833180001292878
0,48.2697,2.8875,-0.05787542928205877
0,48.2697,2.890625,-0.05742622196951088
0,48.2697,2.89375,-0.05698405323765355
0,48.2697,2.896875,-0.05654880114139499
0,48.2697,2.9000000000000004,-0.05612034655305821
0,48.2697,2.903125,-0.055698573089530315
0,48.2697,2.90625,-0.05528336704161094
0,48.2697,2.909375,-0.05487461730548749
0,48.2697,2.9125,-0.05447221531626631
0,48.2697,2.9156250000000004,-0.05407605498349301
0,48.2697,2.91875,-0.05368603262859619
0,48.2697,2.921875,-0.05330204692419219
0,48.2697,2.925,-0.05292399883519043
0,48.2697,2.928125,-0.05255179156164083
0,48.2697,2.9312500000000004,-0.05218533048326719
0,48.2697,2.934375,-0.051824523105632146
0,48.2697,2.9375,-0.05146927900788144
0,48.2697,2.940625,-0.051119509792017404
0,48.2697,2.94375,-0.05077512903365257
0,48.2697,2.9468750000000004,-0.05043605223419681
0,48.2697,2.95,-0.05010219677443237
0,48.2697,2.953125,-0.04977348186943339
0,48.2697,2.95625,-0.049449828524787916
0,48.2697,2.959375,-0.04913115949408128
0,48.2697,2.9625000000000004,-0.048817399237602165
0,48.2697,2.965625,-0.048508473882232804
0,48.2697,2.96875,-0.0482043111824873
0,48.2697,2.971875,-0.04790484048266273
0,48.2697,2.975,-0.047609992680068575
0,48.2697,2.9781250000000004,-0.04731970018930218
0,48.2697,2.98125,-0.04703389690753784
0,48.2697,2.984375,-0.046752518180799243
0,48.2697,2.9875,-0.046475500771185715
0,48.2697,2.990625,-0.046202782825023436
0,48.2697,2.9937500000000004,-0.04593430384191416
0,48.2697,2.996875,-0.04567000464465471
0,48.2697,3.0,-0.04540982735000131
0,48.2697,3.0031250000000003,-0.04515371534025429
0,48.2697,3.00625,-0.044901613235638904
0,48.2697,3.009375,-0.044653466867458594
0,48.2697,3.0125,-0.04440922325199909
0,48.2697,3.015625,-0.04416883056516108
0,48.2697,3.0187500000000003,-0.04393223811780036
0,48.2697,3.021875,-0.043699396331756034
0,48.2697,3.025,-0.043470256716546044
0,48.2697,3.028125,-0.043244771846712125
0,48.2697,3.03125,-0.04302289533979544
0,48.2697,3.0343750000000003,-0.042804581834924964
0,48.2697,3.0375,-0.04258978697200236
0,48.2697,3.040625,-0.04237846737146581
0,48.2697,3.04375,-0.042170580614617766
0,48.2697,3.046875,-0.04196608522450071
0,48.2697,3.0500000000000003,-0.04176494064730583
0,48.2697,3.053125,-0.04156710723430099
0,48.2697,3.05625,-0.04137254622426298
0,48.2697,3.059375,-0.04118121972640161
0,48.2697,3.0625,-0.04099309070376196
0,48.2697,3.0656250000000003,-0.04080812295709234
0,48.2697,3.06875,-0.04062628110916616
0,48.2697,3.071875,-0.04044753058954528
0,48.2697,3.075,-0.04027183761977411
0,48.2697,3.078125,-0.04009916919899328
0,48.2697,3.0812500000000003,-0.0399294930899619
0,48.2697,3.084375,-0.03976277780547885
0,48.2697,3.0875,-0.03959899259519241
0,48.2697,3.090625,-0.039438107432789325
0,48.2697,3.09375,-0.03928009300355369
0,48.2697,3.0968750000000003,-0.03912492069228658
0,48.2697,3.1,-0.038972562571578356
0,48.2697,3.103125,-0.038822991390424555
0,48.2697,3.10625,-0.03867618056317789
0,48.2697,3.109375,-0.03853210415882845
0,48.2697,3.1125000000000003,-0.03839073689060421
0,48.2697,3.115625,-0.03825205410588527
0,48.2697,3.11875,-0.03811603177642416
0,48.2697,3.121875,-0.0379826464888659
0,48.2697,3.125,-0.03785187543556122
0,48.2697,3.1281250000000003,-0.03772369640566639
0,48.2697,3.13125,-0.037598087776524104
0,48.2697,3.134375,-0.037475028505319044
0,48.2697,3.1375,-0.03735449812100289
0,48.2697,3.140625,-0.03723647671648332
0,48.2697,3.1437500000000003,-0.03712094494107149
0,48.2697,3.146875,-0.03700788399318339
0,48.2697,3.15,-0.03689727561329003
0,48.2697,3.153125,-0.036789102077111765
0,48.2697,3.15625,-0.036683346189052626
0,48.2697,3.1593750000000003,-0.036579991275869896
0,48.2697,3.1625,-0.03647902118057542
0,48.2697,3.165625,-0.03638042025656414
0,48.2697,3.16875,-0.03628417336196658
0,48.2697,3.171875,-0.03619026585422139
0,48.2697,3.1750000000000003,-0.03609868358486463
0,48.2697,3.178125,-0.03600941289453255
0,48.2697,3.18125,-0.035922440608174525
0,48.2697,3.184375,-0.035837754030473526
0,48.2697,3.1875,-0.03575534094147101
0,48.2697,3.1906250000000003,-0.03567518959239354
0,48.2697,3.19375,-0.035597288701678935
0,48.2697,3.196875,-0.03552162745119901
0,48.2697,3.2,-0.03544819548267715
0,48.2697,3.203125,-0.035376982894298296
0,48.2697,3.2062500000000003,-0.03530798023750935
0,48.2697,3.209375,-0.035241178514008376
0,48.2697,3.2125,-0.03517656917292047
0,48.2697,3.215625,-0.03511414410815909
0,48.2697,3.21875,-0.035053895655971154
0,48.2697,3.2218750000000003,-0.03499581659266445
0,48.2697,3.225,-0.03493990013251651
0,48.2697,3.228125,-0.0348861399258633
0,48.2697,3.23125,-0.03483453005736732
0,48.2697,3.234375,-0.034785065044463756
0,48.2697,3.2375000000000003,-0.034737739835984244
0,48.2697,3.240625,-0.03469254981095757
0,48.2697,3.24375,-0.03464949077758663
0,48.2697,3.246875,-0.03460855897240157
0,48.2697,3.25,-0.03456975105958858
0,48.2697,3.2531250000000003,-0.034533064130494284
0,48.2697,3.25625,-0.03449849570330581
0,48.2697,3.259375,-0.034466043722906424
0,48.2697,3.2625,-0.034435706560907144
0,48.2697,3.265625,-0.034407483015854536
0,48.2697,3.2687500000000003,-0.03438137231361522
0,48.2697,3.271875,-0.03435737410793764
0,48.2697,3.275,-0.03433548848119175
0,48.2697,3.278125,-0.03431571594528755
0,48.2697,3.28125,-0.0342980574427733
0,48.2697,3.2843750000000003,-0.03428251434811452
0,48.2697,3.2875,-0.03426908846915505
0,48.2697,3.290625,-0.034257782048761384
0,48.2697,3.29375,-0.03424859776665171
0,48.2697,3.296875,-0.03424153874141146
0,48.2697,3.3000000000000003,-0.03423660853269676
0,48.2697,3.303125,-0.03423381114362794
0,48.2697,3.30625,-0.034233151023374826
0,48.2697,3.309375,-0.03423463306993617
0,48.2697,3.3125,-0.03423826263311533
0,48.2697,3.3156250000000003,-0.034244045517694624
0,48.2697,3.31875,-0.034251987986811026
0,48.2697,3.321875,-0.034262096765535724
0,48.2697,3.325,-0.03427437904466063
0,48.2697,3.328125,-0.03428884248469458
0,48.2697,3.3312500000000003,-0.03430549522007265
0,48.2697,3.334375,-0.03432434586358174
0,48.2697,3.3375,-0.03434540351100602
0,48.2697,3.340625,-0.03436867774599581
0,48.2697,3.34375,-0.03439417864516388
0,48.2697,3.3468750000000003,-0.034421916783413
0,48.2697,3.35,-0.03445190323949909
0,48.2697,3.353125,-0.03448414960183431
0,48.2697,3.35625,-0.034518667974534505
0,48.2697,3.359375,-0.03455547098371611
0,48.2697,3.3625000000000003,-0.0345945717840472
0,48.2697,3.365625,-0.034635984065557845
0,48.2697,3.36875,-0.03467972206071547
0,48.2697,3.371875,-0.03472580055177054
0,48.2697,3.375,-0.034774234878378336
0,48.2697,3.3781250000000003,-0.03482504094550333
0,48.2697,3.38125,-0.034878235231611876
0,48.2697,3.384375,-0.03493383479716031
0,48.2697,3.3875,-0.034991857293384776
0,48.2697,3.390625,-0.03505232097140022
0,48.2697,3.3937500000000003,-0.03511524469161567
0,48.2697,3.396875,-0.03518064793347343
0,48.2697,3.4000000000000004,-0.035248550805520154
0,48.2697,3.403125,-0.03531897405581788
0,48.2697,3.40625,-0.03539193908270361
0,48.2697,3.4093750000000003,-0.035467467945906134
0,48.2697,3.4125,-0.035545583378029225
0,48.2697,3.4156250000000004,-0.03562630879641089
0,48.2697,3.41875,-0.035709668315367996
0,48.2697,3.421875,-0.035795686758836945
0,48.2697,3.4250000000000003,-0.03588438967342061
0,48.2697,3.428125,-0.035975803341852394
0,48.2697,3.4312500000000004,-0.03606995479688906
0,48.2697,3.434375,-0.0361668718356435
0,48.2697,3.4375,-0.03626658303437009
0,48.2697,3.4406250000000003,-0.03636911776371483
0,48.2697,3.44375,-0.03647450620444332
0,48.2697,3.4468750000000004,-0.03658277936366029
0,48.2697,3.45,-0.036693969091534204
0,48.2697,3.453125,-0.036808108098541785
0,48.2697,3.4562500000000003,-0.036925229973247195
0,48.2697,3.459375,-0.03704536920063132
0,48.2697,3.4625000000000004,-0.03716856118098747
0,48.2697,3.465625,-0.03729484224939969
0,48.2697,3.46875,-0.03742424969582135
0,48.2697,3.4718750000000003,-0.037556821785771424
0,48.2697,3.475,-0.03769259778166703
0,48.2697,3.4781250000000004,-0.03783161796481161
0,48.2697,3.48125,-0.03797392365805801
0,48.2697,3.484375,-0.03811955724916741
0,48.2697,3.4875000000000003,-0.038268562214885074
0,48.2697,3.490625,-0.038420983145754845
0,48.2697,3.4937500000000004,-0.038576865771695515
0,48.2697,3.496875,-0.03873625698836196
0,48.2697,3.5,-0.03889920488431625
0,48.2697,3.5031250000000003,-0.03906575876903336
0,48.2697,3.50625,-0.039235969201767834
0,48.2697,3.5093750000000004,-0.039409888021308896
0,48.2697,3.5125,-0.03958756837665136
0,48.2697,3.515625,-0.039769064758612284
0,48.2697,3.5187500000000003,-0.03995443303242273
0,48.2697,3.521875,-0.0401437304713262
0,48.2697,3.5250000000000004,-0.040337015791216374
0,48.2697,3.528125,-0.04053434918634682
0,48.2697,3.53125,-0.040735792366148355
0,48.2697,3.5343750000000003,-0.04094140859318923
0,48.2697,3.5375,-0.04115126272231561
0,48.2697,3.5406250000000004,-0.04136542124101138
0,48.2697,3.54375,-0.04158395231101628
0,48.2697,3.546875,-0.04180692581124494
0,48.2697,3.5500000000000003,-0.04203441338204864
0,48.2697,3.553125,-0.042266488470864935
0,48.2697,3.5562500000000004,-0.04250322637930112
0,48.2697,3.559375,-0.0427447043116988
0,48.2697,3.5625,-0.04299100142522974
0,48.2697,3.5656250000000003,-0.043242198881573525
0,48.2697,3.56875,-0.04349837990023042
0,48.2697,3.5718750000000004,-0.04375962981352472
0,48.2697,3.575,-0.04402603612335483
0,48.2697,3.578125,-0.04429768855975
0,48.2697,3.5812500000000003,-0.04457467914129416
0,48.2697,3.584375,-0.04485710223748057
0,48.2697,3.5875000000000004,-0.04514505463306324
0,48.2697,3.590625,-0.045438635594472254
0,48.2697,3.59375,-0.0457379469383648
0,48.2697,3.5968750000000003,-0.04604309310238366
0,48.2697,3.6,-0.04635418121819955
0,48.2697,3.6031250000000004,-0.04667132118691568
0,48.2697,3.60625,-0.046994625756915175
0,48.2697,3.609375,-0.04732421060423622
0,48.2697,3.6125000000000003,-0.04766019441556124
0,48.2697,3.615625,-0.048002698973910636
0,48.2697,3.6187500000000004,-0.04835184924713492
0,48.2697,3.621875,-0.048707773479300775
0,48.2697,3.625,-0.04907060328507257
0,48.2697,3.6281250000000003,-0.0494404737471918
0,48.2697,3.63125,-0.04981752351716209
0,48.2697,3.6343750000000004,-0.050201894919251464
0,48.2697,3.6375,-0.05059373405792513
0,48.2697,3.640625,-0.0509931909288296
0,48.2697,3.6437500000000003,-0.0514004195334493
0,48.2697,3.646875,-0.05181557799756372
0,48.2697,3.6500000000000004,-0.05223882869363667
0,48.2697,3.653125,-0.05267033836727249
0,48.2697,3.65625,-0.05311027826788092
0,48.2697,3.6593750000000003,-0.05355882428369459
0,48.2697,3.6625,-0.05401615708128917
0,48.2697,3.6656250000000004,-0.054482462249761734
0,48.2697,3.66875,-0.054957930449725134
0,48.2697,3.671875,-0.055442757567285256
0,48.2697,3.6750000000000003,-0.05593714487316906
0,48.2697,3.678125,-0.056441299187179335
0,48.2697,3.6812500000000004,-0.05695543304815718
0,48.2697,3.684375,-0.057479764889636076
0,48.2697,3.6875,-0.05801451922138093
0,48.2697,3.6906250000000003,-0.058559926817006856
0,48.2697,3.69375,-0.059116224907880384
0,48.2697,3.6968750000000004,-0.059683657383511515
0,48.2697,3.7,-0.06026247499864753
0,48.2697,3.703125,-0.06085293558728935
0,48.2697,3.7062500000000003,-0.06145530428385203
0,48.2697,3.709375,-0.062069853751699246
0,48.2697,3.7125000000000004,-0.06269686441928629
0,48.2697,3.715625,-0.06333662472414861
0,48.2697,3.71875,-0.06398943136498172
0,48.2697,3.7218750000000003,-0.06465558956205815
0,48.2697,3.725,-0.06533541332623431
0,48.2697,3.7281250000000004,-0.06602922573680356
0,48.2697,3.73125,-0.06673735922845171
0,48.2697,3.734375,-0.0674601558875792
0,48.2697,3.7375000000000003,-0.06819796775825024
0,48.2697,3.740625,-0.06895115715803465
0,48.2697,3.7437500000000004,-0.06972009700400741
0,48.2697,3.746875,-0.07050517114916777
0,48.2697,3.75,-0.0713067747295425
0,48.2697,3.7531250000000003,-0.07212531452223016
0,48.2697,3.75625,-0.07296120931464108
0,48.2697,3.7593750000000004,-0.07381489028518311
0,48.2697,3.7625,-0.07468680139562947
0,48.2697,3.765625,-0.07557739979540276
0,48.2697,3.7687500000000003,-0.07648715623798903
0,48.2697,3.771875,-0.07741655550968565
0,48.2697,3.7750000000000004,-0.07836609687086783
0,48.2697,3.778125,-0.07933629450993376
0,48.2697,3.78125,-0.08032767801006953
0,48.2697,3.7843750000000003,-0.08134079282893877
0,48.2697,3.7875,-0.08237620079137346
0,48.2697,3.7906250000000004,-0.08343448059510224
0,48.2697,3.79375,-0.08451622832950455
0,48.2697,3.796875,-0.08562205800733506
0,48.2697,3.8000000000000003,-0.08675260210929736
0,48.2697,3.803125,-0.08790851214128564
0,48.2697,3.8062500000000004,-0.08909045920403921
0,48.2697,3.809375,-0.09029913457486541
0,48.2697,3.8125,-0.09153525030100214
0,48.2697,3.8156250000000003,-0.09279953980407557
0,48.2697,3.81875,-0.09409275849499799
0,48.2697,3.8218750000000004,-0.09541568439851708
0,48.2697,3.825,-0.09676911878647503
0,48.2697,3.828125,-0.09815388681868122
0,48.2697,3.8312500000000003,-0.09957083819010812
0,48.2697,3.834375,-0.10102084778292394
0,48.2697,3.8375000000000004,-0.10250481632164771
0,48.2697,3.840625,-0.10402367102945606
0,48.2697,3.84375,-0.10557836628340238
0,48.2697,3.8468750000000003,-0.10716988426599058
0,48.2697,3.85,-0.10879923561021207
0,48.2697,3.8531250000000004,-0.11046746003477895
0,48.2697,3.85625,-0.11217562696586349
0,48.2697,3.859375,-0.11392483614120967
0,48.2697,3.8625000000000003,-0.11571621819196615
0,48.2697,3.865625,-0.11755093519704568
0,48.2697,3.8687500000000004,-0.11943018120420741
0,48.2697,3.871875,-0.12135518271138379
0,48.2697,3.875,-0.12332719910105668
0,48.2697,3.8781250000000003,-0.1253475230196726
0,48.2697,3.88125,-0.12741748069322248
0,48.2697,3.8843750000000004,-0.12953843216915617
0,48.2697,3.8875,-0.13171177147375018
0,48.2697,3.890625,-0.13393892667293053
0,48.2697,3.8937500000000003,-0.13622135982330175
0,48.2697,3.896875,-0.13856056679880718
0,48.2697,3.9000000000000004,-0.1409580769769943
0,48.2697,3.903125,-0.14341545276727993
0,48.2697,3.90625,-0.14593428896193433
0,48.2697,3.9093750000000003,-0.14851621188866046
0,48.2697,3.9125,-0.15116287834169703
0,48.2697,3.9156250000000004,-0.15387597426627206
0,48.2697,3.91875,-0.156657213168974
0,48.2697,3.921875,-0.15950833422423633
0,48.2697,3.9250000000000003,-0.1624311000445653
0,48.2697,3.928125,-0.16542729407946827
0,48.2697,3.9312500000000004,-0.16849871760520482
0,48.2697,3.934375,-0.17164718626450207
0,48.2697,3.9375,-0.1748745261123032
0,48.2697,3.9406250000000003,-0.17818256912039096
0,48.2697,3.94375,-0.18157314809045158
0,48.2697,3.9468750000000004,-0.1850480909217918
0,48.2697,3.95,-0.1886092141765255
0,48.2697,3.953125,-0.1922583158817177
0,48.2697,3.9562500000000003,-0.19599716750465973
0,48.2697,3.959375,-0.19982750503433014
0,48.2697,3.9625000000000004,-0.20375101909917476
0,48.2697,3.965625,-0.2077693440487275
0,48.2697,3.96875,-0.2118840459244603
0,48.2697,3.9718750000000003,-0.21609660924362945
0,48.2697,3.975,-0.22040842251903686
0,48.2697,3.9781250000000004,-0.22482076243766688
0,48.2697,3.98125,-0.22933477662228396
0,48.2697,3.984375,-0.2339514649026026
0,48.2697,3.9875000000000003,-0.23867165902670273
0,48.2697,3.990625,-0.2434960007493699
0,48.2697,3.9937500000000004,-0.24842491824224455
0,48.2697,3.996875,-0.2534586007813954
0,48.2697,4.0,-0.25859697168166246
0,48.2697,4.003125000000001,-0.26383965946409166
0,48.2697,4.00625,-0.2691859672635491
0,48.2697,4.009375,-0.27463484050853115
0,48.2697,4.0125,-0.2801848329345555
0,48.2697,4.015625,-0.2858340710270628
0,48.2697,4.018750000000001,-0.29158021702934295
0,48.2697,4.021875,-0.29742043069638685
0,48.2697,4.025,-0.30335133002667647
0,48.2697,4.028125,-0.3093689512608189
0,48.2697,4.03125,-0.3154687084988576
0,48.2697,4.034375000000001,-0.32164535335625294
0,48.2697,4.0375,-0.3278929351519178
0,48.2697,4.040625,-0.3342047621991821
0,48.2697,4.04375,-0.34057336485098805
0,48.2697,4.046875,-0.3469904610327888
0,48.2697,4.050000000000001,-0.3534469250779976
0,48.2697,4.053125,-0.35993276075957803
0,48.2697,4.05625,-0.36643707948418913
0,48.2697,4.059375,-0.37294808467884943
0,48.2697,4.0625,-0.379453063450878
0,48.2697,4.065625000000001,-0.38593838663508345
0,48.2697,4.06875,-0.3923895183538912
0,48.2697,4.071875,-0.39879103620124606
0,48.2697,4.075,-0.40512666311504786
0,48.2697,4.078125,-0.41137931192149685
0,48.2697,4.081250000000001,-0.4175311434135453
0,48.2697,4.084375,-0.4235636386621905
0,48.2697,4.0875,-0.42945768605130014
0,48.2697,4.090625,-0.43519368327366503
0,48.2697,4.09375,-0.4407516542297885
0,48.2697,4.096875000000001,-0.4461113804345882
0,48.2697,4.1,-0.4512525461672148
0,48.2697,4.103125,-0.4561548962036845
0,48.2697,4.10625,-0.4607984045619307
0,48.2697,4.109375,-0.4651634522777538
0,48.2697,4.112500000000001,-0.46923101183270044
0,48.2697,4.115625,-0.47298283548825315
0,48.2697,4.11875,-0.4764016444618757
0,48.2697,4.121875,-0.47947131562663536
0,48.2697,4.125,-0.48217706224350204
0,48.2697,4.128125000000001,-0.48450560515743935
0,48.2697,4.13125,-0.48644533091596664
0,48.2697,4.134375,-0.4879864334081841
0,48.2697,4.1375,-0.48912103587494454
0,48.2697,4.140625,-0.48984329050329106
0,48.2697,4.143750000000001,-0.4901494532811077
0,48.2697,4.146875,-0.4900379323369449
0,48.2697,4.15,-0.4895093086060548
0,48.2697,4.153125,-0.4885663283241784
0,48.2697,4.15625,-0.4872138675303751
0,48.2697,4.159375000000001,-0.48545886943292355
0,48.2697,4.1625,-0.48331025613219875
0,48.2697,4.165625,-0.48077881677740153
0,48.2697,4.16875,-0.4778770747392974
0,48.2697,4.171875,-0.47461913679193185
0,48.2697,4.175000000000001,-0.4710205276011584
0,48.2697,4.178125,-0.46709801301027687
0,48.2697,4.18125,-0.46286941569235585
0,48.2697,4.184375,-0.4583534267092095
0,48.2697,4.1875,-0.45356941638699666
0,48.2697,4.190625000000001,-0.4485372477007753
0,48.2697,4.19375,-0.4432770950698072
0,48.2697,4.196875,-0.4378092711189073
0,48.2697,4.2,-0.43215406357607267
0,48.2697,4.203125,-0.42633158406976546
0,48.2697,4.206250000000001,-0.42036163017697875
0,48.2697,4.209375,-0.4142635616693423
0,48.2697,4.2125,-0.40805619152134676
0,48.2697,4.215625,-0.40175769189193555
0,48.2697,4.21875,-0.39538551497500235
0,48.2697,4.221875000000001,-0.3889563283409539
0,48.2697,4.225,-0.38248596416232894
0,48.2697,4.228125,-0.37598938153224387
0,48.2697,4.23125,-0.3694806409439388
0,48.2697,4.234375,-0.3629728898999707
0,48.2697,4.237500000000001,-0.356478358557672
0,48.2697,4.240625,-0.350008364288555
0,48.2697,4.24375,-0.34357332402916096
0,48.2697,4.246875,-0.3371827733247367
0,48.2697,4.25,-0.3308453910100559
0,48.2697,4.253125000000001,-0.324569028529934
0,48.2697,4.25625,-0.31836074297086564
0,48.2697,4.259375,-0.3122268329515254
0,48.2697,4.2625,-0.3061728766004859
0,48.2697,4.265625,-0.3002037709314078
0,48.2697,4.268750000000001,-0.2943237720075523
0,48.2697,4.271875,-0.2885365353664441
0,48.2697,4.275,-0.2828451562508943
0,48.2697,4.278125,-0.27725220926341193
0,48.2697,4.28125,-0.27175978712629517
0,48.2697,4.284375000000001,-0.26636953828955845
0,48.2697,4.2875,-0.2610827031826173
0,48.2697,4.290625,-0.2559001489536554
0,48.2697,4.29375,-0.2508224025829847
0,48.2697,4.296875,-0.2458496822934215
0,48.2697,4.300000000000001,-0.2409819272125683
0,48.2697,4.303125,-0.23621882526878943
0,48.2697,4.30625,-0.23155983932530827
0,48.2697,4.309375,-0.22700423157564142
0,48.2697,4.3125,-0.22255108623865605
0,48.2697,4.315625000000001,-0.21819933060374141
0,48.2697,4.31875,-0.21394775448586384
0,48.2697,4.321875,-0.20979502815725679
0,48.2697,4.325,-0.20573971882750897
0,48.2697,4.328125,-0.20178030574690875
0,48.2697,4.331250000000001,-0.19791519400976085
0,48.2697,4.334375,-0.19414272713485314
0,48.2697,4.3375,-0.19046119849978976
0,48.2697,4.340625,-0.1868688617046897
0,48.2697,4.34375,-0.18336393993874395
0,48.2697,4.346875000000001,-0.17994463442080919
0,48.2697,4.35,-0.17660913198237946
0,48.2697,4.353125,-0.17335561185823087
0,48.2697,4.35625,-0.17018225174686244
0,48.2697,4.359375,-0.16708723319943888
0,48.2697,4.362500000000001,-0.16406874639265195
0,48.2697,4.365625,-0.16112499433749564
0,48.2697,4.36875,-0.15825419657262824
0,48.2697,4.371875,-0.15545459238779175
0,48.2697,4.375,-0.15272444361953796
0,48.2697,4.378125000000001,-0.15006203705855362
0,48.2697,4.38125,-0.14746568650493866
0,48.2697,4.384375,-0.14493373450503208
0,48.2697,4.3875,-0.14246455380081358
0,48.2697,4.390625,-0.1400565485203776
0,48.2697,4.393750000000001,-0.1377081551357278
0,48.2697,4.396875,-0.13541784321193254
0,48.2697,4.4,-0.1331841159696561
0,48.2697,4.403125,-0.13100551068123115
0,48.2697,4.40625,-0.12888059891862488
0,48.2697,4.409375000000001,-0.12680798667008306
0,48.2697,4.4125,-0.12478631434069827
0,48.2697,4.415625,-0.12281425665075858
0,48.2697,4.41875,-0.12089052244448469
0,48.2697,4.421875,-0.11901385442053274
0,48.2697,4.425000000000001,-0.11718302879460817
0,48.2697,4.428125,-0.11539685490350969
0,48.2697,4.43125,-0.11365417475901407
0,48.2697,4.434375,-0.11195386255920514
0,48.2697,4.4375,-0.11029482416404397
0,48.2697,4.440625000000001,-0.10867599654132591
0,48.2697,4.44375,-0.10709634718850933
0,48.2697,4.446875,-0.10555487353532264
0,48.2697,4.45,-0.10405060233155726
0,48.2697,4.453125,-0.1025825890239341
0,48.2697,4.456250000000001,-0.10114991712553952
0,48.2697,4.459375,-0.09975169758090716
0,48.2697,4.4625,-0.09838706812946862
0,48.2697,4.465625,-0.09705519266979412
0,48.2697,4.46875,-0.09575526062671788
0,48.2697,4.471875000000001,-0.09448648632321544
0,48.2697,4.475,-0.09324810835864107
0,48.2697,4.478125,-0.09203938899472103
0,48.2697,4.48125,-0.09085961355052537
0,48.2697,4.484375,-0.08970808980743661
0,48.2697,4.487500000000001,-0.08858414742501101
0,48.2697,4.490625,-0.08748713736846886
0,48.2697,4.49375,-0.0864164313484285
0,48.2697,4.496875,-0.08537142127340407
0,48.2697,4.5,-0.08435151871546029
0,48.2697,4.503125000000001,-0.08335615438935827
0,48.2697,4.50625,-0.08238477764543053
0,48.2697,4.509375,-0.0814368559763554
0,48.2697,4.5125,-0.08051187453795502
0,48.2697,4.515625,-0.07960933568406242
0,48.2697,4.518750000000001,-0.0787287585154801
0,48.2697,4.521875,-0.07786967844299673
0,48.2697,4.525,-0.0770316467643921
0,48.2697,4.528125,-0.07621423025534252
0,48.2697,4.53125,-0.07541701077408933
0,48.2697,4.534375000000001,-0.07463958487973178
0,48.2697,4.5375,-0.07388156346397048
0,48.2697,4.540625,-0.07314257139611201
0,48.2697,4.54375,-0.07242224718114082
0,48.2697,4.546875,-0.07172024263063333
0,48.2697,4.550000000000001,-0.07103622254629614
0,48.2697,4.553125,-0.07036986441589102
0,48.2697,4.55625,-0.06972085812129931
0,48.2697,4.559375,-0.06908890565848477
0,48.2697,4.5625,-0.06847372086908811
0,48.2697,4.565625000000001,-0.0678750291834003
0,48.2697,4.56875,-0.06729256737444493
0,48.2697,4.571875,-0.0667260833228967
0,48.2697,4.575,-0.06617533579256717
0,48.2697,4.578125,-0.06564009421616969
0,48.2697,4.581250000000001,-0.06512013849108521
0,48.2697,4.584375,-0.06461525878483586
0,48.2697,4.5875,-0.06412525534996841
0,48.2697,4.590625,-0.06364993834804959
0,48.2697,4.59375,-0.0631891276824557
0,48.2697,4.596875000000001,-0.06274265283964141
0,48.2697,4.6,-0.062310352738555314
0,48.2697,4.603125,-0.061892075587857504
0,48.2697,4.60625,-0.06148767875058742
0,48.2697,4.609375,-0.06109702861590321
0,48.2697,4.612500000000001,-0.06072000047750654
0,48.2697,4.615625,-0.0603564784183392
0,48.2697,4.61875,-0.060006355201114706
0,48.2697,4.621875,-0.059669532164227164
0,48.2697,4.625,-0.05934591912254004
0,48.2697,4.628125000000001,-0.05903543427253319
0,48.2697,4.63125,-0.05873800410124287
0,48.2697,4.634375,-0.0584535632983876
0,48.2697,4.6375,-0.0581820546710302
0,48.2697,4.640625,-0.05792342906006682
0,48.2697,4.643750000000001,-0.05767764525778265
0,48.2697,4.646875,-0.05744466992564616
0,48.2697,4.65,-0.05722447751144266
0,48.2697,4.653125,-0.05701705016477416
0,48.2697,4.65625,-0.056822377649861075
0,48.2697,4.659375000000001,-0.0566404572544933
0,48.2697,4.6625,-0.056471293693872396
0,48.2697,4.665625,-0.056314899007974845
0,48.2697,4.66875,-0.05617129245094736
0,48.2697,4.671875,-0.05604050037090858
0,48.2697,4.675000000000001,-0.05592255607839218
0,48.2697,4.678125,-0.05581749970150862
0,48.2697,4.68125,-0.055725378025736
0,48.2697,4.684375,-0.0556462443160719
0,48.2697,4.6875,-0.05558015811908245
0,48.2697,4.690625000000001,-0.05552718504218117
0,48.2697,4.69375,-0.05548739650724859
0,48.2697,4.696875,-0.055460869475470694
0,48.2697,4.7,-0.05544768614002874
0,48.2697,4.703125,-0.055447933583012136
0,48.2697,4.706250000000001,-0.05546170339265661
0,48.2697,4.709375,-0.055489091236727156
0,48.2697,4.7125,-0.055530196387575226
0,48.2697,4.715625,-0.05558512119410161
0,48.2697,4.71875,-0.05565397049555607
0,48.2697,4.721875000000001,-0.055736850971802615
0,48.2697,4.725,-0.05583387042438305
0,48.2697,4.728125,-0.05594513698242454
0,48.2697,4.73125,-0.05607075822716585
0,48.2697,4.734375,-0.056210840228633964
0,48.2697,4.737500000000001,-0.056365486487789544
0,48.2697,4.740625,-0.056534796777297114
0,48.2697,4.74375,-0.05671886587396995
0,48.2697,4.746875,-0.05691778217590666
0,48.2697,4.75,-0.057131626197400365
0,48.2697,4.753125000000001,-0.05736046893487086
0,48.2697,4.75625,-0.057604370097377726
0,48.2697,4.759375,-0.05786337619573979
0,48.2697,4.7625,-0.058137518484934286
0,48.2697,4.765625,-0.05842681075532497
0,48.2697,4.768750000000001,-0.05873124696938064
0,48.2697,4.771875,-0.05905079874195301
0,48.2697,4.775,-0.059385412663906074
0,48.2697,4.778125,-0.059735007470965815
0,48.2697,4.78125,-0.06009947106214263
0,48.2697,4.784375000000001,-0.06047865737497813
0,48.2697,4.7875,-0.060872383128242925
0,48.2697,4.790625,-0.061280424446576665
0,48.2697,4.79375,-0.06170251338593277
0,48.2697,4.796875,-0.06213833438360404
0,48.2697,4.800000000000001,-0.06258752066202392
0,48.2697,4.803125,-0.06304965062148091
0,48.2697,4.80625,-0.06352424426328941
0,48.2697,4.809375,-0.06401075969176681
0,48.2697,4.8125,-0.06450858975050688
0,48.2697,4.815625000000001,-0.06501705885574918
0,48.2697,4.81875,-0.06553542009700133
0,48.2697,4.821875,-0.06606285268225078
0,48.2697,4.825,-0.06659845981185707
0,48.2697,4.828125,-0.0671412670712883
0,48.2697,4.831250000000001,-0.06769022143787791
0,48.2697,4.834375,-0.06824419100041187
0,48.2697,4.8375,-0.06880196549218362
0,48.2697,4.840625,-0.06936225773775484
0,48.2697,4.84375,-0.06992370611064447
0,48.2697,4.846875000000001,-0.07048487809307076
0,48.2697,4.85,-0.07104427501937345
0,48.2697,4.853125,-0.07160033807149768
0,48.2697,4.85625,-0.07215145557771377
0,48.2697,4.859375,-0.07269597164451067
0,48.2697,4.862500000000001,-0.07323219612634572
0,48.2697,4.865625,-0.07375841590895212
0,48.2697,4.86875,-0.0742729074496146
0,48.2697,4.871875,-0.07477395048289402
0,48.2697,4.875,-0.07525984276363688
0,48.2697,4.878125000000001,-0.07572891568180988
0,48.2697,4.88125,-0.07617955054710275
0,48.2697,4.884375,-0.07661019530676585
0,48.2697,4.8875,-0.07701938142933912
0,48.2697,4.890625,-0.0774057406613684
0,48.2697,4.893750000000001,-0.07776802134534676
0,48.2697,4.896875,-0.07810510397633208
0,48.2697,4.9,-0.07841601567303232
0,48.2697,4.903125,-0.0786999432473525
0,48.2697,4.90625,-0.07895624457480871
0,48.2697,4.909375000000001,-0.0791844579966596
0,48.2697,4.9125,-0.07938430952248936
0,48.2697,4.915625,-0.07955571764816782
0,48.2697,4.91875,-0.07969879565706754
0,48.2697,4.921875,-0.07981385133022842
0,48.2697,4.925000000000001,-0.07990138405162157
0,48.2697,4.928125,-0.07996207935546305
0,48.2697,4.93125,-0.07999680102129814
0,48.2697,4.934375,-0.08000658087709055
0,48.2697,4.9375,-0.07999260651881511
0,48.2697,4.940625000000001,-0.07995620719541274
0,48.2697,4.94375,-0.07989883813920902
0,48.2697,4.946875,-0.07982206364326985
0,48.2697,4.95,-0.0797275391984201
0,48.2697,4.953125,-0.07961699300400309
0,48.2697,4.956250000000001,-0.0794922071585672
0,48.2697,4.959375,-0.07935499882054761
0,48.2697,4.9625,-0.07920720160596696
0,48.2697,4.965625,-0.07905064746169824
0,48.2697,4.96875,-0.07888714922049471
0,48.2697,4.971875000000001,-0.0787184840093938
0,48.2697,4.975,-0.07854637764775492
0,48.2697,4.978125,-0.07837249013648638
0,48.2697,4.98125,-0.07819840230715651
0,48.2697,4.984375,-0.07802560366965493
0,48.2697,4.987500000000001,-0.07785548147064437
0,48.2697,4.990625,-0.07768931095274847
0,48.2697,4.99375,-0.07752824678657809
0,48.2697,4.996875,-0.07737331563443037
0,48.2697,5.0,-0.07722540979573167
0,48.2697,5.003125,-0.07708528187984874
0,48.2697,5.0062500000000005,-0.07695354045142039
0,48.2697,5.009375,-0.07683064659645304
0,48.2697,5.0125,-0.07671691136357732
0,48.2697,5.015625,-0.0766124940435396
0,48.2697,5.01875,-0.07651740126061275
0,48.2697,5.0218750000000005,-0.07643148686155471
0,48.2697,5.025,-0.07635445260039729
0,48.2697,5.028125,-0.07628584963008682
0,48.2697,5.03125,-0.07622508082419241
0,48.2697,5.034375,-0.0761714039629275
0,48.2697,5.0375000000000005,-0.0761239358269804
0,48.2697,5.040625,-0.07608165724953662
0,48.2697,5.04375,-0.07604341918083606
0,48.2697,5.046875,-0.0760079498201367
0,48.2697,5.05,-0.07597386286660829
0,48.2697,5.0531250000000005,-0.07593966693309968
0,48.2697,5.05625,-0.07590377615467299
0,48.2697,5.059375,-0.07586452200717543
0,48.2697,5.0625,-0.07582016632999568
0,48.2697,5.065625,-0.07576891552178748
0,48.2697,5.0687500000000005,-0.07570893584881445
0,48.2697,5.071875,-0.07563836977338016
0,48.2697,5.075,-0.07555535317548576
0,48.2697,5.078125,-0.07545803330555578
0,48.2697,5.08125,-0.07534458727112726
0,48.2697,5.0843750000000005,-0.07521324082730081
0,48.2697,5.0875,-0.07506228721108164
0,48.2697,5.090625,-0.07489010573508595
0,48.2697,5.09375,-0.0746951798379795
0,48.2697,5.096875,-0.07447611427880599
0,48.2697,5.1000000000000005,-0.07423165116115998
0,48.2697,5.103125,-0.07396068448171898
0,48.2697,5.10625,-0.07366227291631557
0,48.2697,5.109375,-0.07333565058538347
0,48.2697,5.1125,-0.07298023557863025
0,48.2697,5.1156250000000005,-0.07259563606508158
0,48.2697,5.11875,-0.07218165386766522
0,48.2697,5.121875,-0.0717382854393439
0,48.2697,5.125,-0.07126572023829059
0,48.2697,5.128125,-0.07076433656038164
0,48.2697,5.1312500000000005,-0.07023469494602737
0,48.2697,5.134375,-0.0696775293328146
0,48.2697,5.1375,-0.06909373617360647
0,48.2697,5.140625,-0.06848436177998148
0,48.2697,5.14375,-0.0678505881819483
0,48.2697,5.1468750000000005,-0.06719371781600299
0,48.2697,5.15,-0.06651515736452011
0,48.2697,5.153125,-0.06581640107039183
0,48.2697,5.15625,-0.06509901384239507
0,48.2697,5.159375,-0.06436461444994752
0,48.2697,5.1625000000000005,-0.06361485908200512
0,48.2697,5.165625,-0.06285142551529806
0,48.2697,5.16875,-0.062075998103453364
0,48.2697,5.171875,-0.06129025376237581
0,48.2697,5.175,-0.06049584909001523
0,48.2697,5.1781250000000005,-0.05969440872171017
0,48.2697,5.18125,-0.058887514986812835
0,48.2697,5.184375,-0.058076698899226
0,48.2697,5.1875,-0.05726343248456273
0,48.2697,5.190625,-0.05644912242035478
0,48.2697,5.1937500000000005,-0.05563510494340779
0,48.2697,5.196875,-0.05482264196012
0,48.2697,5.2,-0.054012918281289665
0,48.2697,5.203125,-0.053207039892462726
0,48.2697,5.20625,-0.052406033163898795
0,48.2697,5.2093750000000005,-0.05161084490042884
0,48.2697,5.2125,-0.05082234313042135
0,48.2697,5.215625,-0.05004131853434385
0,48.2697,5.21875,-0.04926848641659747
0,48.2697,5.221875,-0.04850448912898269
0,48.2697,5.2250000000000005,-0.04774989885997426
0,48.2697,5.228125,-0.04700522071058714
0,48.2697,5.23125,-0.04627089598470341
0,48.2697,5.234375,-0.045547305629063194
0,48.2697,5.2375,-0.04483477376546025
0,48.2697,5.2406250000000005,-0.04413357126488078
0,48.2697,5.24375,-0.043443919320230784
0,48.2697,5.246875,-0.042765992980814904
0,48.2697,5.25,-0.04209992461780223
0,48.2697,5.253125,-0.041445807295473786
0,48.2697,5.2562500000000005,-0.04080369802809463
0,48.2697,5.259375,-0.04017362090676976
0,48.2697,5.2625,-0.03955557008463826
0,48.2697,5.265625,-0.038949512612265196
0,48.2697,5.26875,-0.0383553911181114
0,48.2697,5.2718750000000005,-0.03777312633155146
0,48.2697,5.275,-0.037202619448092326
0,48.2697,5.278125,-0.036643754338255716
0,48.2697,5.28125,-0.03609639960307728
0,48.2697,5.284375,-0.03556041048035986
0,48.2697,5.2875000000000005,-0.03503563060675297
0,48.2697,5.290625,-0.034521893641436346
0,48.2697,5.29375,-0.03401902475769404
0,48.2697,5.296875,-0.033526842009015644
0,48.2697,5.3,-0.03304515757656035
0,48.2697,5.3031250000000005,-0.03257377890490947
0,48.2697,5.30625,-0.03211250973302274
0,48.2697,5.309375,-0.03166115102722185
0,48.2697,5.3125,-0.031219501822877485
0,48.2697,5.315625,-0.030787359981269784
0,48.2697,5.3187500000000005,-0.030364522867855914
0,48.2697,5.321875,-0.029950787957912138
0,48.2697,5.325,-0.029545953375229955
0,48.2697,5.328125,-0.02914981836925294
0,48.2697,5.33125,-0.028762183735733905
0,48.2697,5.3343750000000005,-0.028382852185690085
0,48.2697,5.3375,-0.02801162866713299
0,48.2697,5.340625,-0.027648320643751757
0,48.2697,5.34375,-0.027292738334445957
0,48.2697,5.346875,-0.02694469491732281
0,48.2697,5.3500000000000005,-0.026604006701510904
0,48.2697,5.353125,-0.026270493269889176
0,48.2697,5.35625,-0.0259439775955883
0,48.2697,5.359375,-0.025624286134898165
0,48.2697,5.3625,-0.025311248898998565
0,48.2697,5.3656250000000005,-0.02500469950673215
0,48.2697,5.36875,-0.02470447522045158
0,48.2697,5.371875,-0.024410416966796872
0,48.2697,5.375,-0.024122369344099715
0,48.2697,5.378125,-0.023840180617958274
0,48.2697,5.3812500000000005,-0.023563702706388294
0,48.2697,5.384375,-0.023292791155827816
0,48.2697,5.3875,-0.023027305109152407
0,48.2697,5.390625,-0.02276710726675143
0,48.2697,5.39375,-0.022512063841612716
0,48.2697,5.3968750000000005,-0.022262044509272327
0,48.2697,5.4,-0.022016922353401608
0,48.2697,5.403125,-0.02177657380772509
0,48.2697,5.40625,-0.02154087859489446
0,48.2697,5.409375,-0.02130971966287695
0,48.2697,5.4125000000000005,-0.021082983119358946
0,48.2697,5.415625,-0.020860558164612228
0,48.2697,5.41875,-0.02064233702321993
0,48.2697,5.421875,-0.020428214875017538
0,48.2697,5.425,-0.020218089785561617
0,48.2697,5.4281250000000005,-0.020011862636403907
0,48.2697,5.43125,-0.019809437055415335
0,48.2697,5.434375,-0.019610719347373455
0,48.2697,5.4375,-0.019415618425002015
0,48.2697,5.440625,-0.019224045740624758
0,48.2697,5.4437500000000005,-0.019035915218575054
0,48.2697,5.446875,-0.018851143188482886
0,48.2697,5.45,-0.018669648319542233
0,48.2697,5.453125,-0.018491351555847496
0,48.2697,5.45625,-0.01831617605287167
0,48.2697,5.4593750000000005,-0.018144047115147204
0,48.2697,5.4625,-0.01797489213519904
0,48.2697,5.465625,-0.017808640533768072
0,48.2697,5.46875,-0.017645223701356093
0,48.2697,5.471875,-0.017484574941113423
0,48.2697,5.4750000000000005,-0.017326629413084178
0,48.2697,5.478125,-0.017171324079818064
0,48.2697,5.48125,-0.017018597653350866
0,48.2697,5.484375,-0.016868390543552676
0,48.2697,5.4875,-0.016720644807836967
0,48.2697,5.4906250000000005,-0.01657530410222089
0,48.2697,5.49375,-0.016432313633723838
0,48.2697,5.496875,-0.016291620114087798
0,48.2697,5.5,-0.016153171714802017
0,48.2697,5.503125,-0.016016918023411132
0,48.2697,5.5062500000000005,-0.015882810001084862
0,48.2697,5.509375,-0.015750799941426204
0,48.2697,5.5125,-0.015620841430492837
0,48.2697,5.515625,-0.01549288930800713
0,48.2697,5.51875,-0.015366899629727865
0,48.2697,5.5218750000000005,-0.015242829630957156
0,48.2697,5.525,-0.015120637691155542
0,48.2697,5.528125,-0.015000283299637294
0,48.2697,5.53125,-0.014881727022319179
0,48.2697,5.534375,-0.014764930469494507
0,48.2697,5.5375000000000005,-0.014649856264605233
0,48.2697,5.540625,-0.01453646801398491
0,48.2697,5.54375,-0.014424730277545005
0,48.2697,5.546875,-0.014314608540378332
0,48.2697,5.55,-0.01420606918525282
0,48.2697,5.5531250000000005,-0.01409907946596963
0,48.2697,5.55625,-0.013993607481560248
0,48.2697,5.559375,-0.013889622151296944
0,48.2697,5.5625,-0.013787093190492539
0,48.2697,5.565625,-0.013685991087064949
0,48.2697,5.5687500000000005,-0.013586287078843053
0,48.2697,5.571875,-0.013487953131590933
0,48.2697,5.575,-0.013390961917727635
0,48.2697,5.578125,-0.013295286795721057
0,48.2697,5.58125,-0.013200901790134148
0,48.2697,5.5843750000000005,-0.013107781572302806
0,48.2697,5.5875,-0.01301590144162533
0,48.2697,5.590625,-0.012925237307443374
0,48.2697,5.59375,-0.012835765671495797
0,48.2697,5.596875,-0.012747463610926475
0,48.2697,5.6000000000000005,-0.01266030876182816
0,48.2697,5.603125,-0.012574279303305024
0,48.2697,5.60625,-0.012489353942036596
0,48.2697,5.609375,-0.012405511897327096
0,48.2697,5.6125,-0.012322732886623921
0,48.2697,5.6156250000000005,-0.012240997111489934
0,48.2697,5.61875,-0.012160285244014758
0,48.2697,5.621875,-0.012080578413650234
0,48.2697,5.625,-0.012001858194456528
0,48.2697,5.628125,-0.011924106592744973
0,48.2697,5.6312500000000005,-0.011847306035104662
0,48.2697,5.634375,-0.011771439356800206
0,48.2697,5.6375,-0.011696489790528081
0,48.2697,5.640625,-0.011622440955520145
0,48.2697,5.64375,-0.011549276846982514
0,48.2697,5.6468750000000005,-0.011476981825858849
0,48.2697,5.65,-0.011405540608907428
0,48.2697,5.653125,-0.011334938259081363
0,48.2697,5.65625,-0.011265160176202342
0,48.2697,5.659375,-0.011196192087917972
0,48.2697,5.6625000000000005,-0.011128020040933427
0,48.2697,5.665625,-0.011060630392508536
0,48.2697,5.66875,-0.010994009802211279
0,48.2697,5.671875,-0.010928145223919654
0,48.2697,5.675,-0.010863023898063517
0,48.2697,5.6781250000000005,-0.010798633344098642
0,48.2697,5.68125,-0.010734961353205475
0,48.2697,5.684375,-0.01067199598120502
0,48.2697,5.6875,-0.010609725541685135
0,48.2697,5.690625,-0.010548138599330127
0,48.2697,5.6937500000000005,-0.01048722396344715
0,48.2697,5.696875,-0.010426970681683127
0,48.2697,5.7,-0.010367368033925739
0,48.2697,5.703125,-0.01030840552638295
0,48.2697,5.70625,-0.010250072885835034
0,48.2697,5.7093750000000005,-0.01019236005405362
0,48.2697,5.7125,-0.010135257182382545
0,48.2697,5.715625,-0.010078754626475053
0,48.2697,5.71875,-0.010022842941182674
0,48.2697,5.721875,-0.009967512875590757
0,48.2697,5.7250000000000005,-0.009912755368195995
0,48.2697,5.728125,-0.009858561542221637
0,48.2697,5.73125,-0.009804922701065682
0,48.2697,5.734375,-0.009751830323878243
0,48.2697,5.7375,-0.009699276061263792
0,48.2697,5.7406250000000005,-0.009647251731104377
0,48.2697,5.74375,-0.009595749314500183
0,48.2697,5.746875,-0.009544760951823482
0,48.2697,5.75,-0.00949427893888278
0,48.2697,5.753125,-0.009444295723193497
0,48.2697,5.7562500000000005,-0.009394803900351953
0,48.2697,5.759375,-0.009345796210509556
0,48.2697,5.7625,-0.009297265534943871
0,48.2697,5.765625,-0.009249204892723885
0,48.2697,5.76875,-0.009201607437466376
0,48.2697,5.7718750000000005,-0.009154466454180653
0,48.2697,5.775,-0.009107775356199065
0,48.2697,5.778125,-0.00906152768219046
0,48.2697,5.78125,-0.009015717093254322
0,48.2697,5.784375,-0.008970337370093003
0,48.2697,5.7875000000000005,-0.008925382410259718
0,48.2697,5.790625,-0.00888084622548009
0,48.2697,5.79375,-0.008836722939044892
0,48.2697,5.796875,-0.008793006783272045
0,48.2697,5.800000000000001,-0.008749692097035688
0,48.2697,5.8031250000000005,-0.008706773323360392
0,48.2697,5.80625,-0.00866424500707846
0,48.2697,5.809375,-0.008622101792548659
0,48.2697,5.8125,-0.00858033842143439
0,48.2697,5.815625000000001,-0.008538949730539648
0,48.2697,5.8187500000000005,-0.00849793064970107
0,48.2697,5.821875,-0.008457276199734343
0,48.2697,5.825,-0.008416981490433554
0,48.2697,5.828125,-0.008377041718621797
0,48.2697,5.831250000000001,-0.00833745216625164
0,48.2697,5.8343750000000005,-0.008298208198553996
0,48.2697,5.8375,-0.008259305262233927
0,48.2697,5.840625,-0.008220738883712192
0,48.2697,5.84375,-0.008182504667411088
0,48.2697,5.846875000000001,-0.008144598294083398
0,48.2697,5.8500000000000005,-0.008107015519183214
0,48.2697,5.853125,-0.008069752171277372
0,48.2697,5.85625,-0.008032804150496486
0,48.2697,5.859375,-0.007996167427024359
0,48.2697,5.862500000000001,-0.007959838039624724
0,48.2697,5.8656250000000005,-0.007923812094204322
0,48.2697,5.86875,-0.00788808576241116
0,48.2697,5.871875,-0.00785265528026716
0,48.2697,5.875,-0.007817516946834111
0,48.2697,5.878125000000001,-0.007782667122912032
0,48.2697,5.8812500000000005,-0.007748102229769113
0,48.2697,5.884375,-0.007713818747902227
0,48.2697,5.8875,-0.007679813215827358
0,48.2697,5.890625,-0.007646082228898982
0,48.2697,5.893750000000001,-0.007612622438157668
0,48.2697,5.8968750000000005,-0.007579430549205178
0,48.2697,5.9,-0.007546503321106179
0,48.2697,5.903125,-0.007513837565316032
0,48.2697,5.90625,-0.007481430144633828
0,48.2697,5.909375000000001,-0.0074492779721800255
0,48.2697,5.9125000000000005,-0.007417378010398096
0,48.2697,5.915625,-0.007385727270079374
0,48.2697,5.91875,-0.007354322809410705
0,48.2697,5.921875,-0.0073231617330441375
0,48.2697,5.925000000000001,-0.00729224119118811
0,48.2697,5.9281250000000005,-0.007261558378719648
0,48.2697,5.93125,-0.007231110534316837
0,48.2697,5.934375,-0.00720089493961126
0,48.2697,5.9375,-0.007170908918359721
0,48.2697,5.940625000000001,-0.007141149835634816
0,48.2697,5.9437500000000005,-0.0071116150970338765
0,48.2697,5.946875,-0.007082302147905717
0,48.2697,5.95,-0.007053208472594872
0,48.2697,5.953125,-0.007024331593702758
0,48.2697,5.956250000000001,-0.006995669071365362
0,48.2697,5.9593750000000005,-0.006967218502547083
0,48.2697,5.9625,-0.006938977520350186
0,48.2697,5.965625,-0.00691094379333964
0,48.2697,5.96875,-0.006883115024882814
0,48.2697,5.971875000000001,-0.006855488952503734
0,48.2697,5.9750000000000005,-0.0068280633472515145
0,48.2697,5.978125,-0.006800836013082554
0,48.2697,5.98125,-0.006773804786256261
0,48.2697,5.984375,-0.006746967534743875
0,48.2697,5.987500000000001,-0.006720322157650099
0,48.2697,5.9906250000000005,-0.006693866584647251
0,48.2697,5.99375,-0.006667598775421524
0,48.2697,5.996875,-0.006641516719131195
0,48.2697,6.0,-0.006615618433876396
