"Current","Field","Frequency","Spectra"
0,42.0291,1.0,-0.010978069454826746
0,42.0291,1.003125,-0.011026397890800326
0,42.0291,1.00625,-0.01107506417204764
0,42.0291,1.009375,-0.011124071524591163
0,42.0291,1.0125,-0.01117342321331259
0,42.0291,1.015625,-0.011223122542516041
0,42.0291,1.01875,-0.011273172856500823
0,42.0291,1.021875,-0.01132357754014389
0,42.0291,1.025,-0.01137434001949219
0,42.0291,1.028125,-0.011425463762365131
0,42.0291,1.03125,-0.011476952278967273
0,42.0291,1.034375,-0.011528809122511566
0,42.0291,1.0375,-0.01158103788985324
0,42.0291,1.040625,-0.011633642222134602
0,42.0291,1.04375,-0.011686625805440956
0,42.0291,1.046875,-0.011739992371467823
0,42.0291,1.05,-0.011793745698199753
0,42.0291,1.053125,-0.011847889610600898
0,42.0291,1.05625,-0.011902427981317593
0,42.0291,1.059375,-0.011957364731393224
0,42.0291,1.0625,-0.012012703830995543
0,42.0291,1.065625,-0.012068449300156785
0,42.0291,1.06875,-0.012124605209526745
0,42.0291,1.071875,-0.01218117568113914
0,42.0291,1.075,-0.012238164889191506
0,42.0291,1.078125,-0.012295577060838865
0,42.0291,1.08125,-0.012353416477001502
0,42.0291,1.084375,-0.012411687473187109
0,42.0291,1.0875,-0.012470394440327555
0,42.0291,1.090625,-0.012529541825630666
0,42.0291,1.09375,-0.012589134133447193
0,42.0291,1.096875,-0.01264917592615341
0,42.0291,1.1,-0.012709671825049588
0,42.0291,1.103125,-0.012770626511274669
0,42.0291,1.10625,-0.012832044726737515
0,42.0291,1.109375,-0.012893931275065032
0,42.0291,1.1125,-0.012956291022567547
0,42.0291,1.115625,-0.013019128899221782
0,42.0291,1.11875,-0.013082449899671784
0,42.0291,1.121875,-0.013146259084248232
0,42.0291,1.125,-0.013210561580006408
0,42.0291,1.128125,-0.013275362581783336
0,42.0291,1.13125,-0.013340667353274424
0,42.0291,1.134375,-0.013406481228130006
0,42.0291,1.1375,-0.013472809611072301
0,42.0291,1.140625,-0.01353965797903306
0,42.0291,1.14375,-0.013607031882312512
0,42.0291,1.146875,-0.013674936945759945
0,42.0291,1.15,-0.013743378869976418
0,42.0291,1.153125,-0.01381236343254012
0,42.0291,1.15625,-0.013881896489254749
0,42.0291,1.159375,-0.013951983975421543
0,42.0291,1.1625,-0.01402263190713539
0,42.0291,1.165625,-0.014093846382605524
0,42.0291,1.16875,-0.014165633583501428
0,42.0291,1.171875,-0.014237999776324364
0,42.0291,1.175,-0.014310951313805205
0,42.0291,1.178125,-0.014384494636329093
0,42.0291,1.18125,-0.01445863627338746
0,42.0291,1.184375,-0.01453338284505816
0,42.0291,1.1875,-0.01460874106351411
0,42.0291,1.190625,-0.014684717734561297
0,42.0291,1.19375,-0.014761319759206644
0,42.0291,1.196875,-0.014838554135256442
0,42.0291,1.2,-0.014916427958946087
0,42.0291,1.203125,-0.014994948426601673
0,42.0291,1.20625,-0.015074122836334341
0,42.0291,1.209375,-0.01515395858976795
0,42.0291,1.2125,-0.015234463193800936
0,42.0291,1.215625,-0.015315644262403061
0,42.0291,1.21875,-0.01539750951844785
0,42.0291,1.221875,-0.01548006679558157
0,42.0291,1.225,-0.01556332404012949
0,42.0291,1.228125,-0.01564728931304039
0,42.0291,1.23125,-0.0157319707918701
0,42.0291,1.234375,-0.015817376772804943
0,42.0291,1.2375,-0.01590351567272612
0,42.0291,1.240625,-0.01599039603131587
0,42.0291,1.24375,-0.01607802651320636
0,42.0291,1.246875,-0.016166415910172427
0,42.0291,1.25,-0.01625557314336899
0,42.0291,1.253125,-0.016345507265614338
0,42.0291,1.25625,-0.016436227463720324
0,42.0291,1.259375,-0.016527743060870452
0,42.0291,1.2625,-0.016620063519047185
0,42.0291,1.265625,-0.01671319844150938
0,42.0291,1.26875,-0.016807157575321297
0,42.0291,1.271875,-0.01690195081393417
0,42.0291,1.275,-0.01699758819982173
0,42.0291,1.278125,-0.017094079927170942
0,42.0291,1.28125,-0.017191436344629163
0,42.0291,1.284375,-0.017289667958109253
0,42.0291,1.2875,-0.017388785433653867
0,42.0291,1.290625,-0.017488799600360417
0,42.0291,1.29375,-0.01758972145336822
0,42.0291,1.296875,-0.017691562156909178
0,42.0291,1.3,-0.017794333047423717
0,42.0291,1.303125,-0.01789804563674344
0,42.0291,1.30625,-0.018002711615342174
0,42.0291,1.309375,-0.018108342855657093
0,42.0291,1.3125,-0.018214951415481562
0,42.0291,1.315625,-0.01832254954143156
0,42.0291,1.31875,-0.018431149672487455
0,42.0291,1.321875,-0.018540764443612964
0,42.0291,1.325,-0.018651406689453285
0,42.0291,1.328125,-0.018763089448114265
0,42.0291,1.33125,-0.01887582596502473
0,42.0291,1.334375,-0.018989629696884013
0,42.0291,1.3375,-0.019104514315696788
0,42.0291,1.340625,-0.01922049371289746
0,42.0291,1.34375,-0.01933758200356632
0,42.0291,1.346875,-0.019455793530739836
0,42.0291,1.35,-0.019575142869817447
0,42.0291,1.353125,-0.019695644833067252
0,42.0291,1.35625,-0.019817314474233308
0,42.0291,1.359375,-0.019940167093246843
0,42.0291,1.3625,-0.02006421824104435
0,42.0291,1.365625,-0.020189483724495146
0,42.0291,1.36875,-0.020315979611441194
0,42.0291,1.371875,-0.020443722235852314
0,42.0291,1.375,-0.020572728203099414
0,42.0291,1.378125,-0.02070301439534924
0,42.0291,1.38125,-0.02083459797708347
0,42.0291,1.384375,-0.020967496400745612
0,42.0291,1.3875,-0.02110172741251901
0,42.0291,1.390625,-0.021237309058239364
0,42.0291,1.39375,-0.021374259689445424
0,42.0291,1.396875,-0.02151259796957144
0,42.0291,1.4,-0.02165234288028515
0,42.0291,1.403125,-0.021793513727975288
0,42.0291,1.40625,-0.021936130150392405
0,42.0291,1.409375,-0.022080212123447362
0,42.0291,1.4125,-0.022225779968171582
0,42.0291,1.415625,-0.022372854357843464
0,42.0291,1.41875,-0.02252145632528553
0,42.0291,1.421875,-0.02267160727033679
0,42.0291,1.425,-0.022823328967505326
0,42.0291,1.428125,-0.022976643573805782
0,42.0291,1.43125,-0.023131573636787004
0,42.0291,1.434375,-0.023288142102755063
0,42.0291,1.4375,-0.023446372325196835
0,42.0291,1.440625,-0.023606288073410024
0,42.0291,1.44375,-0.023767913541345078
0,42.0291,1.446875,-0.02393127335666503
0,42.0291,1.45,-0.024096392590029426
0,42.0291,1.453125,-0.02426329676460835
0,42.0291,1.45625,-0.024432011865833353
0,42.0291,1.459375,-0.02460256435139174
0,42.0291,1.4625,-0.024774981161471164
0,42.0291,1.465625,-0.024949289729261696
0,42.0291,1.46875,-0.025125517991722548
0,42.0291,1.471875,-0.025303694400621166
0,42.0291,1.475,-0.025483847933852437
0,42.0291,1.478125,-0.025666008107045987
0,42.0291,1.48125,-0.02585020498547009
0,42.0291,1.484375,-0.026036469196240402
0,42.0291,1.4875,-0.026224831940842793
0,42.0291,1.490625,-0.026415325007979096
0,42.0291,1.49375,-0.026607980786745325
0,42.0291,1.496875,-0.02680283228015219
0,42.0291,1.5,-0.026999913118997673
0,42.0291,1.503125,-0.027199257576102462
0,42.0291,1.50625,-0.027400900580918593
0,42.0291,1.509375,-0.027604877734522602
0,42.0291,1.5125000000000002,-0.027811225325004612
0,42.0291,1.515625,-0.02801998034326493
0,42.0291,1.51875,-0.02823118049923085
0,42.0291,1.521875,-0.02844486423850575
0,42.0291,1.525,-0.028661070759463877
0,42.0291,1.5281250000000002,-0.028879840030804252
0,42.0291,1.53125,-0.029101212809577316
0,42.0291,1.534375,-0.029325230659699338
0,42.0291,1.5375,-0.02955193597096874
0,42.0291,1.540625,-0.029781371978600292
0,42.0291,1.5437500000000002,-0.03001358278329283
0,42.0291,1.546875,-0.030248613371846922
0,42.0291,1.55,-0.030486509638349778
0,42.0291,1.553125,-0.030727318405944563
0,42.0291,1.55625,-0.030971087449202735
0,42.0291,1.5593750000000002,-0.031217865517118117
0,42.0291,1.5625,-0.03146770235674182
0,42.0291,1.565625,-0.03172064873747901
0,42.0291,1.56875,-0.03197675647606745
0,42.0291,1.571875,-0.03223607846226001
0,42.0291,1.5750000000000002,-0.03249866868523344
0,42.0291,1.578125,-0.0327645822607461
0,42.0291,1.58125,-0.03303387545906936
0,42.0291,1.584375,-0.03330660573371664
0,42.0291,1.5875,-0.03358283175099633
0,42.0291,1.5906250000000002,-0.033862613420415126
0,42.0291,1.59375,-0.03414601192595882
0,42.0291,1.596875,-0.03443308975827992
0,42.0291,1.6,-0.034723910747820726
0,42.0291,1.603125,-0.0350185400989032
0,42.0291,1.6062500000000002,-0.035317044424816924
0,42.0291,1.609375,-0.035619491783937966
0,42.0291,1.6125,-0.035925951716913325
0,42.0291,1.615625,-0.03623649528494513
0,42.0291,1.61875,-0.03655119510921233
0,42.0291,1.6218750000000002,-0.0368701254114671
0,42.0291,1.625,-0.03719336205584516
0,42.0291,1.628125,-0.03752098259193163
0,42.0291,1.63125,-0.0378530662991234
0,42.0291,1.634375,-0.038189694232332996
0,42.0291,1.6375000000000002,-0.03853094926907874
0,42.0291,1.640625,-0.038876916158008236
0,42.0291,1.64375,-0.03922768156890496
0,42.0291,1.646875,-0.039583334144227274
0,42.0291,1.65,-0.03994396455223382
0,42.0291,1.6531250000000002,-0.04030966554174926
0,42.0291,1.65625,-0.04068053199862665
0,42.0291,1.659375,-0.04105666100396647
0,42.0291,1.6625,-0.04143815189415186
0,42.0291,1.665625,-0.041825106322764545
0,42.0291,1.6687500000000002,-0.04221762832444677
0,42.0291,1.671875,-0.042615824380777184
0,42.0291,1.675,-0.043019803488232686
0,42.0291,1.678125,-0.043429677228308254
0,42.0291,1.68125,-0.043845559839872615
0,42.0291,1.6843750000000002,-0.04426756829383852
0,42.0291,1.6875,-0.04469582237022972
0,42.0291,1.690625,-0.04513044473773146
0,42.0291,1.69375,-0.04557156103581207
0,42.0291,1.696875,-0.04601929995950908
0,42.0291,1.7000000000000002,-0.04647379334697575
0,42.0291,1.703125,-0.04693517626988711
0,42.0291,1.70625,-0.04740358712681059
0,42.0291,1.709375,-0.04787916773964737
0,42.0291,1.7125,-0.048362063453257845
0,42.0291,1.7156250000000002,-0.04885242323838699
0,42.0291,1.71875,-0.049350399798010244
0,42.0291,1.721875,-0.04985614967722707
0,42.0291,1.725,-0.05036983337683114
0,42.0291,1.728125,-0.05089161547069456
0,42.0291,1.7312500000000002,-0.051421664727107005
0,42.0291,1.734375,-0.051960154234216
0,42.0291,1.7375,-0.052507261529722904
0,42.0291,1.740625,-0.053063168734991284
0,42.0291,1.74375,-0.05362806269373469
0,42.0291,1.7468750000000002,-0.05420213511545502
0,42.0291,1.75,-0.05478558272380945
0,42.0291,1.753125,-0.05537860741009345
0,42.0291,1.75625,-0.055981416392031115
0,42.0291,1.759375,-0.05659422237807539
0,42.0291,1.7625000000000002,-0.05721724373742657
0,42.0291,1.765625,-0.05785070467598591
0,42.0291,1.76875,-0.05849483541847205
0,42.0291,1.771875,-0.05914987239693322
0,42.0291,1.775,-0.05981605844590155
0,42.0291,1.7781250000000002,-0.06049364300444303
0,42.0291,1.78125,-0.061182882325366936
0,42.0291,1.784375,-0.06188403969187145
0,42.0291,1.7875,-0.06259738564190917
0,42.0291,1.790625,-0.0633231982005715
0,42.0291,1.7937500000000002,-0.06406176312080056
0,42.0291,1.796875,-0.0648133741327488
0,42.0291,1.8,-0.06557833320212259
0,42.0291,1.803125,-0.06635695079785409
0,42.0291,1.80625,-0.06714954616946463
0,42.0291,1.8093750000000002,-0.06795644763449293
0,42.0291,1.8125,-0.06877799287637755
0,42.0291,1.815625,-0.06961452925319944
0,42.0291,1.81875,-0.0704664141177025
0,42.0291,1.821875,-0.07133401514903012
0,42.0291,1.8250000000000002,-0.07221771069662963
0,42.0291,1.828125,-0.07311789013679383
0,42.0291,1.83125,-0.0740349542423289
0,42.0291,1.834375,-0.07496931556585164
0,42.0291,1.8375,-0.07592139883724235
0,42.0291,1.8406250000000002,-0.07689164137579553
0,42.0291,1.84375,-0.0778804935176303
0,42.0291,1.846875,-0.07888841905894559
0,42.0291,1.85,-0.07991589571572001
0,42.0291,1.853125,-0.08096341560048267
0,42.0291,1.8562500000000002,-0.082031485716799
0,42.0291,1.859375,-0.08312062847213644
0,42.0291,1.8625,-0.08423138220980102
0,42.0291,1.865625,-0.08536430176065041
0,42.0291,1.86875,-0.08651995901531796
0,42.0291,1.8718750000000002,-0.0876989435176996
0,42.0291,1.875,-0.08890186308047718
0,42.0291,1.878125,-0.09012934442347752
0,42.0291,1.88125,-0.09138203383568017
0,42.0291,1.884375,-0.09266059786171431
0,42.0291,1.8875000000000002,-0.09396572401370079
0,42.0291,1.890625,-0.09529812150931274
0,42.0291,1.89375,-0.09665852203695155
0,42.0291,1.896875,-0.09804768054894136
0,42.0291,1.9,-0.0994663760836682
0,42.0291,1.9031250000000002,-0.1009154126175955
0,42.0291,1.90625,-0.10239561994809701
0,42.0291,1.909375,-0.10390785460805893
0,42.0291,1.9125,-0.10545300081319584
0,42.0291,1.915625,-0.10703197144303224
0,42.0291,1.9187500000000002,-0.10864570905648802
0,42.0291,1.921875,-0.11029518694299272
0,42.0291,1.925,-0.1119814102100408
0,42.0291,1.928125,-0.11370541690806137
0,42.0291,1.93125,-0.11546827919345097
0,42.0291,1.9343750000000002,-0.1172711045305659
0,42.0291,1.9375,-0.11911503693341223
0,42.0291,1.940625,-0.12100125824771066
0,42.0291,1.94375,-0.12293098947391605
0,42.0291,1.946875,-0.12490549213168371
0,42.0291,1.9500000000000002,-0.12692606966614822
0,42.0291,1.953125,-0.12899406889624124
0,42.0291,1.95625,-0.1311108815051193
0,42.0291,1.959375,-0.1332779455725719
0,42.0291,1.9625,-0.1354967471490738
0,42.0291,1.9656250000000002,-0.1377688218708874
0,42.0291,1.96875,-0.14009575661533194
0,42.0291,1.971875,-0.14247919119501717
0,42.0291,1.975,-0.1449208200894478
0,42.0291,1.978125,-0.1474223942119942
0,42.0291,1.9812500000000002,-0.14998572270973112
0,42.0291,1.984375,-0.15261267479309812
0,42.0291,1.9875,-0.1553051815917259
0,42.0291,1.990625,-0.15806523803205796
0,42.0291,1.99375,-0.16089490473162768
0,42.0291,1.9968750000000002,-0.16379630990395566
0,42.0291,2.0,-0.1667716512670412
0,42.0291,2.003125,-0.1698231979473196
0,42.0291,2.00625,-0.17295329236969584
0,42.0291,2.0093750000000004,-0.1761643521228876
0,42.0291,2.0125,-0.17945887178775505
0,42.0291,2.015625,-0.1828394247145602
0,42.0291,2.01875,-0.18630866473317267
0,42.0291,2.021875,-0.18986932777810198
0,42.0291,2.0250000000000004,-0.19352423340784994
0,42.0291,2.028125,-0.19727628619544935
0,42.0291,2.03125,-0.20112847696412797
0,42.0291,2.034375,-0.2050838838388098
0,42.0291,2.0375,-0.20914567308060858
0,42.0291,2.0406250000000004,-0.2133170996675342
0,42.0291,2.04375,-0.21760150758031954
0,42.0291,2.046875,-0.22200232974752493
0,42.0291,2.05,-0.22652308759887377
0,42.0291,2.053125,-0.23116739017009202
0,42.0291,2.0562500000000004,-0.2359389326963034
0,42.0291,2.059375,-0.24084149462427995
0,42.0291,2.0625,-0.2458789369664969
0,42.0291,2.065625,-0.25105519891198996
0,42.0291,2.06875,-0.25637429360043984
0,42.0291,2.0718750000000004,-0.26184030295667093
0,42.0291,2.075,-0.26745737147287674
0,42.0291,2.078125,-0.27322969881534065
0,42.0291,2.08125,-0.2791615311212396
0,42.0291,2.084375,-0.2852571508393424
0,42.0291,2.0875000000000004,-0.2915208649560607
0,42.0291,2.090625,-0.2979569914354995
0,42.0291,2.09375,-0.3045698436889541
0,42.0291,2.096875,-0.3113637128758837
0,42.0291,2.1,-0.31834284782495226
0,42.0291,2.1031250000000004,-0.32551143235047586
0,42.0291,2.10625,-0.3328735597269082
0,42.0291,2.109375,-0.34043320407215444
0,42.0291,2.1125,-0.348194188380032
0,42.0291,2.115625,-0.35616014893364883
0,42.0291,2.1187500000000004,-0.36433449582546323
0,42.0291,2.121875,-0.37272036930718555
0,42.0291,2.125,-0.3813205916942987
0,42.0291,2.128125,-0.3901376145569545
0,42.0291,2.13125,-0.39917346094251377
0,42.0291,2.1343750000000004,-0.4084296623963854
0,42.0291,2.1375,-0.4179071905786726
0,42.0291,2.140625,-0.42760638331604267
0,42.0291,2.14375,-0.43752686498310117
0,42.0291,2.146875,-0.4476674611772753
0,42.0291,2.1500000000000004,-0.4580261077377881
0,42.0291,2.153125,-0.4685997542648368
0,42.0291,2.15625,-0.4793842624214911
0,42.0291,2.159375,-0.49037429945000094
0,42.0291,2.1625,-0.5015632275077125
0,42.0291,2.1656250000000004,-0.5129429896267184
0,42.0291,2.16875,-0.5245039933263161
0,42.0291,2.171875,-0.5362349931579218
0,42.0291,2.175,-0.5481229737369273
0,42.0291,2.178125,-0.5601530351123826
0,42.0291,2.1812500000000004,-0.5723082826388102
0,42.0291,2.184375,-0.5845697238387432
0,42.0291,2.1875,-0.5969161750710416
0,42.0291,2.190625,-0.609324181137811
0,42.0291,2.19375,-0.6217679512582914
0,42.0291,2.1968750000000004,-0.6342193150951552
0,42.0291,2.2,-0.6466477027187656
0,42.0291,2.203125,-0.659020152517167
0,42.0291,2.20625,-0.6713013510816457
0,42.0291,2.209375,-0.6834537089965326
0,42.0291,2.2125000000000004,-0.6954374762148064
0,42.0291,2.215625,-0.7072109002874561
0,42.0291,2.21875,-0.7187304301173272
0,42.0291,2.221875,-0.7299509671161264
0,42.0291,2.225,-0.7408261646527776
0,42.0291,2.2281250000000004,-0.7513087754986496
0,42.0291,2.23125,-0.7613510456182627
0,42.0291,2.234375,-0.7709051511536877
0,42.0291,2.2375,-0.7799236738515034
0,42.0291,2.240625,-0.7883601085406649
0,42.0291,2.2437500000000004,-0.7961693946575547
0,42.0291,2.246875,-0.8033084623098956
0,42.0291,2.25,-0.8097367820582381
0,42.0291,2.253125,-0.8154169065570717
0,42.0291,2.25625,-0.8203149915162814
0,42.0291,2.2593750000000004,-0.8244012831848831
0,42.0291,2.2625,-0.8276505597721753
0,42.0291,2.265625,-0.830042514932613
0,42.0291,2.26875,-0.8315620726487299
0,42.0291,2.271875,-0.8321996245207006
0,42.0291,2.2750000000000004,-0.8319511825519249
0,42.0291,2.278125,-0.8308184429211098
0,42.0291,2.28125,-0.8288087588448907
0,42.0291,2.284375,-0.8259350233387767
0,42.0291,2.2875,-0.8222154653494593
0,42.0291,2.2906250000000004,-0.817673365232388
0,42.0291,2.29375,-0.8123366977703832
0,42.0291,2.296875,-0.8062377127762573
0,42.0291,2.3,-0.7994124647240661
0,42.0291,2.303125,-0.7919003037671923
0,42.0291,2.3062500000000004,-0.7837433409140871
0,42.0291,2.309375,-0.7749859000595601
0,42.0291,2.3125,-0.7656739690516038
0,42.0291,2.315625,-0.7558546610715658
0,42.0291,2.31875,-0.7455756963940824
0,42.0291,2.3218750000000004,-0.7348849131556986
0,42.0291,2.325,-0.7238298141825158
0,42.0291,2.328125,-0.7124571552891998
0,42.0291,2.33125,-0.7008125788380444
0,42.0291,2.334375,-0.6889402948002898
0,42.0291,2.3375000000000004,-0.6768828101425999
0,42.0291,2.340625,-0.664680706105674
0,42.0291,2.34375,-0.6523724618725352
0,42.0291,2.346875,-0.6399943222517613
0,42.0291,2.35,-0.6275802063259827
0,42.0291,2.3531250000000004,-0.6151616535300117
0,42.0291,2.35625,-0.6027678033109221
0,42.0291,2.359375,-0.5904254043649664
0,42.0291,2.3625,-0.578158849421294
0,42.0291,2.365625,-0.5659902316269537
0,42.0291,2.3687500000000004,-0.5539394187589517
0,42.0291,2.371875,-0.5420241417255546
0,42.0291,2.375,-0.5302600941011465
0,42.0291,2.378125,-0.5186610397495072
0,42.0291,2.38125,-0.5072389259147911
0,42.0291,2.3843750000000004,-0.49600399948582347
0,42.0291,2.3875,-0.48496492445800626
0,42.0291,2.390625,-0.4741288989210422
0,42.0291,2.39375,-0.46350177018464517
0,42.0291,2.396875,-0.4530881469150007
0,42.0291,2.4000000000000004,-0.44289150739015865
0,42.0291,2.403125,-0.4329143031919233
0,42.0291,2.40625,-0.42315805783549654
0,42.0291,2.409375,-0.4136234599969561
0,42.0291,2.4125,-0.4043104511340236
0,42.0291,2.4156250000000004,-0.39521830740933295
0,42.0291,2.41875,-0.38634571591936456
0,42.0291,2.421875,-0.37769084530851865
0,42.0291,2.425,-0.3692514109084204
0,42.0291,2.428125,-0.36102473458944956
0,42.0291,2.4312500000000004,-0.35300779954661987
0,42.0291,2.434375,-0.3451973002669259
0,42.0291,2.4375,-0.33758968794180955
0,42.0291,2.440625,-0.3301812115978602
0,42.0291,2.44375,-0.3229679552224949
0,42.0291,2.4468750000000004,-0.3159458711603702
0,42.0291,2.45,-0.30911081005152247
0,42.0291,2.453125,-0.3024585475746397
0,42.0291,2.45625,-0.2959848082490984
0,42.0291,2.459375,-0.2896852865380382
0,42.0291,2.4625000000000004,-0.2835556654823589
0,42.0291,2.465625,-0.27759163308243234
0,42.0291,2.46875,-0.27178889663093997
0,42.0291,2.471875,-0.2661431951867915
0,42.0291,2.475,-0.2606503103667636
0,42.0291,2.4781250000000004,-0.25530607561852997
0,42.0291,2.48125,-0.2501063841261901
0,42.0291,2.484375,-0.24504719548739648
0,42.0291,2.4875,-0.2401245412897545
0,42.0291,2.490625,-0.23533452970335392
0,42.0291,2.4937500000000004,-0.2306733491961622
0,42.0291,2.496875,-0.2261372714694992
0,42.0291,2.5,-0.2217226537019851
0,42.0291,2.503125,-0.2174259401821494
0,42.0291,2.50625,-0.21324366340229284
0,42.0291,2.5093750000000004,-0.20917244467921553
0,42.0291,2.5125,-0.20520899436098058
0,42.0291,2.515625,-0.20135011167299652
0,42.0291,2.51875,-0.19759268425130722
0,42.0291,2.521875,-0.19393368740604192
0,42.0291,2.5250000000000004,-0.19037018315350346
0,42.0291,2.528125,-0.18689931905127766
0,42.0291,2.53125,-0.18351832686705016
0,42.0291,2.534375,-0.18022452110845613
0,42.0291,2.5375,-0.1770152974382398
0,42.0291,2.5406250000000004,-0.1738881309962636
0,42.0291,2.54375,-0.17084057464741648
0,42.0291,2.546875,-0.16787025717224308
0,42.0291,2.55,-0.16497488141510525
0,42.0291,2.553125,-0.16215222240287083
0,42.0291,2.5562500000000004,-0.15940012544551319
0,42.0291,2.559375,-0.1567165042285409
0,42.0291,2.5625,-0.15409933890588093
0,42.0291,2.565625,-0.15154667420067625
0,42.0291,2.56875,-0.14905661752041102
0,42.0291,2.5718750000000004,-0.1466273370918611
0,42.0291,2.575,-0.14425706012053277
0,42.0291,2.578125,-0.1419440709785277
0,42.0291,2.58125,-0.13968670942411957
0,42.0291,2.584375,-0.13748336885574847
0,42.0291,2.5875000000000004,-0.13533249460263586
0,42.0291,2.590625,-0.13323258225376766
0,42.0291,2.59375,-0.13118217602660256
0,42.0291,2.596875,-0.12917986717651464
0,42.0291,2.6,-0.1272242924476716
0,42.0291,2.6031250000000004,-0.12531413256579035
0,42.0291,2.60625,-0.12344811077297395
0,42.0291,2.609375,-0.12162499140463941
0,42.0291,2.6125,-0.1198435785083714
0,42.0291,2.615625,-0.11810271450438539
0,42.0291,2.6187500000000004,-0.11640127888716179
0,42.0291,2.621875,-0.11473818696770013
0,42.0291,2.625,-0.11311238865575567
0,42.0291,2.628125,-0.11152286728134533
0,42.0291,2.63125,-0.10996863845474414
0,42.0291,2.6343750000000004,-0.10844874896414834
0,42.0291,2.6375,-0.10696227571013645
0,42.0291,2.640625,-0.10550832467603238
0,42.0291,2.64375,-0.1040860299332523
0,42.0291,2.646875,-0.10269455268069723
0,42.0291,2.6500000000000004,-0.10133308031724891
0,42.0291,2.653125,-0.10000082554641734
0,42.0291,2.65625,-0.09869702551219194
0,42.0291,2.659375,-0.09742094096515236
0,42.0291,2.6625,-0.09617185545789973
0,42.0291,2.6656250000000004,-0.09494907456888338
0,42.0291,2.66875,-0.09375192515370698
0,42.0291,2.671875,-0.09257975462301633
0,42.0291,2.675,-0.0914319302460869
0,42.0291,2.678125,-0.09030783847924502
0,42.0291,2.6812500000000004,-0.08920688431827949
0,42.0291,2.684375,-0.08812849067401611
0,42.0291,2.6875,-0.08707209777025213
0,42.0291,2.690625,-0.08603716256326738
0,42.0291,2.69375,-0.08502315818214919
0,42.0291,2.6968750000000004,-0.08402957338919233
0,42.0291,2.7,-0.08305591205965428
0,42.0291,2.703125,-0.08210169268016994
0,42.0291,2.70625,-0.08116644786515173
0,42.0291,2.709375,-0.08024972389052033
0,42.0291,2.7125000000000004,-0.07935108024413515
0,42.0291,2.715625,-0.07847008919231169
0,42.0291,2.71875,-0.07760633536183639
0,42.0291,2.721875,-0.07675941533690803
0,42.0291,2.725,-0.07592893727045415
0,42.0291,2.7281250000000004,-0.07511452050929202
0,42.0291,2.73125,-0.0743157952326196
0,42.0291,2.734375,-0.07353240210334312
0,42.0291,2.7375,-0.0727639919317647
0,42.0291,2.740625,-0.07201022535116937
0,42.0291,2.7437500000000004,-0.07127077250487024
0,42.0291,2.746875,-0.07054531274428395
0,42.0291,2.75,-0.06983353433762657
0,42.0291,2.753125,-0.0691351341888351
0,42.0291,2.75625,-0.06844981756633284
0,42.0291,2.7593750000000004,-0.06777729784127356
0,42.0291,2.7625,-0.06711729623491083
0,42.0291,2.765625,-0.066469541574754
0,42.0291,2.76875,-0.06583377005918496
0,42.0291,2.771875,-0.06520972503022093
0,42.0291,2.7750000000000004,-0.06459715675412216
0,42.0291,2.778125,-0.06399582220955354
0,42.0291,2.78125,-0.063405484883021
0,42.0291,2.784375,-0.06282591457131498
0,42.0291,2.7875,-0.062256887190701306
0,42.0291,2.7906250000000004,-0.06169818459261267
0,42.0291,2.79375,-0.06114959438560055
0,42.0291,2.796875,-0.06061090976331872
0,42.0291,2.8,-0.060081929338317845
0,42.0291,2.803125,-0.059562456981438236
0,42.0291,2.8062500000000004,-0.059052301666597334
0,42.0291,2.809375,-0.05855127732077495
0,42.0291,2.8125,-0.05805920267900812
0,42.0291,2.815625,-0.057575901144214334
0,42.0291,2.81875,-0.05710120065166803
0,42.0291,2.8218750000000004,-0.05663493353796337
0,42.0291,2.825,-0.05617693641430122
0,42.0291,2.828125,-0.05572705004394566
0,42.0291,2.83125,-0.055285119223701155
0,42.0291,2.834375,-0.05485099266926612
0,42.0291,2.8375000000000004,-0.054424522904325874
0,42.0291,2.840625,-0.05400556615325132
0,42.0291,2.84375,-0.053593982237276155
0,42.0291,2.846875,-0.05318963447403027
0,42.0291,2.85,-0.052792389580310316
0,42.0291,2.8531250000000004,-0.052402117577974694
0,42.0291,2.85625,-0.0520186917028529
0,42.0291,2.859375,-0.05164198831656436
0,42.0291,2.8625,-0.05127188682114596
0,42.0291,2.865625,-0.05090826957639002
0,42.0291,2.8687500000000004,-0.050551021819799924
0,42.0291,2.871875,-0.050200031589072366
0,42.0291,2.875,-0.04985518964701974
0,42.0291,2.878125,-0.049516389408849476
0,42.0291,2.88125,-0.04918352687171923
0,42.0291,2.8843750000000004,-0.048856500546491044
0,42.0291,2.8875,-0.04853521139160933
0,42.0291,2.890625,-0.04821956274903137
0,42.0291,2.89375,-0.04790946028214111
0,42.0291,2.896875,-0.04760481191557942
0,42.0291,2.9000000000000004,-0.04730552777692714
0,42.0291,2.903125,-0.047011520140178564
0,42.0291,2.90625,-0.04672270337094627
0,42.0291,2.909375,-0.04643899387334013
0,42.0291,2.9125,-0.046160310038464755
0,42.0291,2.9156250000000004,-0.04588657219448286
0,42.0291,2.91875,-0.04561770255819256
0,42.0291,2.921875,-0.04535362518806964
0,42.0291,2.925,-0.045094265938727326
0,42.0291,2.928125,-0.044839552416747266
0,42.0291,2.9312500000000004,-0.04458941393783784
0,42.0291,2.934375,-0.04434378148527694
0,42.0291,2.9375,-0.0441025876695981
0,42.0291,2.940625,-0.04386576668948078
0,42.0291,2.94375,-0.04363325429380599
0,42.0291,2.9468750000000004,-0.043404987744840966
0,42.0291,2.95,-0.04318090578251692
0,42.0291,2.953125,-0.042960948589765804
0,42.0291,2.95625,-0.04274505775888328
0,42.0291,2.959375,-0.042533176258885516
0,42.0291,2.9625000000000004,-0.042325248403829605
0,42.0291,2.965625,-0.04212121982206749
0,42.0291,2.96875,-0.04192103742640496
0,42.0291,2.971875,-0.04172464938513834
0,42.0291,2.975,-0.04153200509394181
0,42.0291,2.9781250000000004,-0.04134305514858011
0,42.0291,2.98125,-0.041157751318421344
0,42.0291,2.984375,-0.04097604652072629
0,42.0291,2.9875,-0.040797894795691104
0,42.0291,2.990625,-0.04062325128222095
0,42.0291,2.9937500000000004,-0.04045207219441322
0,42.0291,2.996875,-0.040284314798729445
0,42.0291,3.0,-0.0401199373918358
0,42.0291,3.0031250000000003,-0.0399588992790931
0,42.0291,3.00625,-0.03980116075367747
0,42.0291,3.009375,-0.03964668307631341
0,42.0291,3.0125,-0.03949542845560233
0,42.0291,3.015625,-0.039347360028929475
0,42.0291,3.0187500000000003,-0.03920244184393272
0,42.0291,3.021875,-0.03906063884051842
0,42.0291,3.025,-0.03892191683340812
0,42.0291,3.028125,-0.03878624249520242
0,42.0291,3.03125,-0.03865358333994753
0,42.0291,3.0343750000000003,-0.03852390770719062
0,42.0291,3.0375,-0.03839718474651161
0,42.0291,3.040625,-0.03827338440251781
0,42.0291,3.04375,-0.03815247740028987
0,42.0291,3.046875,-0.038034435231266976
0,42.0291,3.0500000000000003,-0.03791923013955967
0,42.0291,3.053125,-0.037806835108679764
0,42.0291,3.05625,-0.03769722384867627
0,42.0291,3.059375,-0.03759037078366743
0,42.0291,3.0625,-0.03748625103975873
0,42.0291,3.0656250000000003,-0.03738484043333752
0,42.0291,3.06875,-0.037286115459735
0,42.0291,3.071875,-0.03719005328224654
0,42.0291,3.075,-0.03709663172150207
0,42.0291,3.078125,-0.037005829245178125
0,42.0291,3.0812500000000003,-0.03691762495804342
0,42.0291,3.084375,-0.036831998592330745
0,42.0291,3.0875,-0.0367489304984273
0,42.0291,3.090625,-0.03666840163587671
0,42.0291,3.09375,-0.03659039356468574
0,42.0291,3.0968750000000003,-0.036514888436929
0,42.0291,3.1,-0.036441868988645654
0,42.0291,3.103125,-0.03637131853202154
0,42.0291,3.10625,-0.036303220947851246
0,42.0291,3.109375,-0.036237560678274376
0,42.0291,3.1125000000000003,-0.03617432271978036
0,42.0291,3.115625,-0.03611349261647707
0,42.0291,3.11875,-0.03605505645361773
0,42.0291,3.121875,-0.035999000851381795
0,42.0291,3.125,-0.03594531295890489
0,42.0291,3.1281250000000003,-0.03589398044855356
0,42.0291,3.13125,-0.03584499151044061
0,42.0291,3.134375,-0.035798334847176996
0,42.0291,3.1375,-0.035753999668856465
0,42.0291,3.140625,-0.035711975688269317
0,42.0291,3.1437500000000003,-0.035672253116341576
0,42.0291,3.146875,-0.0356348226577967
0,42.0291,3.15,-0.03559967550703615
0,42.0291,3.153125,-0.03556680334423633
0,42.0291,3.15625,-0.03553619833165865
0,42.0291,3.1593750000000003,-0.03550785311017033
0,42.0291,3.1625,-0.035481760795973344
0,42.0291,3.165625,-0.03545791497753899
0,42.0291,3.16875,-0.03543630971274617
0,42.0291,3.171875,-0.03541693952622102
0,42.0291,3.1750000000000003,-0.03539979940687609
0,42.0291,3.178125,-0.03538488480564736
0,42.0291,3.18125,-0.035372191633427204
0,42.0291,3.184375,-0.03536171625919217
0,42.0291,3.1875,-0.035353455508323736
0,42.0291,3.1906250000000003,-0.035347406661121336
0,42.0291,3.19375,-0.03534356745150599
0,42.0291,3.196875,-0.03534193606591409
0,42.0291,3.2,-0.03534251114238013
0,42.0291,3.203125,-0.0353452917698079
0,42.0291,3.2062500000000003,-0.035350277487429374
0,42.0291,3.209375,-0.03535746828445109
0,42.0291,3.2125,-0.035366864599887415
0,42.0291,3.215625,-0.03537846732258078
0,42.0291,3.21875,-0.035392277791408605
0,42.0291,3.2218750000000003,-0.03540829779567714
0,42.0291,3.225,-0.03542652957570229
0,42.0291,3.228125,-0.03544697582357781
0,42.0291,3.23125,-0.03546963968413137
0,42.0291,3.234375,-0.0354945247560689
0,42.0291,3.2375000000000003,-0.0355216350933082
0,42.0291,3.240625,-0.03555097520650224
0,42.0291,3.24375,-0.03558255006475365
0,42.0291,3.246875,-0.035616365097521016
0,42.0291,3.25,-0.03565242619671845
0,42.0291,3.2531250000000003,-0.03569073971900981
0,42.0291,3.25625,-0.035731312488299014
0,42.0291,3.259375,-0.03577415179841807
0,42.0291,3.2625,-0.035819265416014635
0,42.0291,3.265625,-0.035866661583641005
0,42.0291,3.2687500000000003,-0.035916349023046606
0,42.0291,3.271875,-0.03596833693867618
0,42.0291,3.275,-0.036022635021376
0,42.0291,3.278125,-0.03607925345231061
0,42.0291,3.28125,-0.036138202907092715
0,42.0291,3.2843750000000003,-0.03619949456012915
0,42.0291,3.2875,-0.036263140089185596
0,42.0291,3.290625,-0.03632915168017359
0,42.0291,3.29375,-0.03639754203216252
0,42.0291,3.296875,-0.036468324362620694
0,42.0291,3.3000000000000003,-0.03654151241288857
0,42.0291,3.303125,-0.036617120453888125
0,42.0291,3.30625,-0.03669516329207246
0,42.0291,3.309375,-0.03677565627561951
0,42.0291,3.3125,-0.03685861530087427
0,42.0291,3.3156250000000003,-0.03694405681904424
0,42.0291,3.31875,-0.03703199784315243
0,42.0291,3.321875,-0.03712245595525316
0,42.0291,3.325,-0.0372154493139156
0,42.0291,3.328125,-0.03731099666198019
0,42.0291,3.3312500000000003,-0.03740911733459398
0,42.0291,3.334375,-0.03750983126752997
0,42.0291,3.3375,-0.03761315900579692
0,42.0291,3.340625,-0.03771912171254562
0,42.0291,3.34375,-0.03782774117827803
0,42.0291,3.3468750000000003,-0.037939039830366186
0,42.0291,3.35,-0.03805304074288733
0,42.0291,3.353125,-0.038169767646783176
0,42.0291,3.35625,-0.03828924494035002
0,42.0291,3.359375,-0.03841149770006793
0,42.0291,3.3625000000000003,-0.03853655169177689
0,42.0291,3.365625,-0.038664433382207986
0,42.0291,3.36875,-0.03879516995087877
0,42.0291,3.371875,-0.038928789302361044
0,42.0291,3.375,-0.039065320078930765
0,42.0291,3.3781250000000003,-0.039204791673609615
0,42.0291,3.38125,-0.039347234243607816
0,42.0291,3.384375,-0.039492678724178804
0,42.0291,3.3875,-0.03964115684289624
0,42.0291,3.390625,-0.039792701134364096
0,42.0291,3.3937500000000003,-0.03994734495537182
0,42.0291,3.396875,-0.040105122500505484
0,42.0291,3.4000000000000004,-0.040266068818228085
0,42.0291,3.403125,-0.04043021982744054
0,42.0291,3.40625,-0.040597612334537465
0,42.0291,3.4093750000000003,-0.040768284050970424
0,42.0291,3.4125,-0.04094227361133299
0,42.0291,3.4156250000000004,-0.04111962059198221
0,42.0291,3.41875,-0.04130036553021088
0,42.0291,3.421875,-0.04148454994398688
0,42.0291,3.4250000000000003,-0.04167221635227484
0,42.0291,3.428125,-0.04186340829595708
0,42.0291,3.4312500000000004,-0.04205817035937111
0,42.0291,3.434375,-0.04225654819248086
0,42.0291,3.4375,-0.04245858853370076
0,42.0291,3.4406250000000003,-0.04266433923339094
0,42.0291,3.44375,-0.042873849278043476
0,42.0291,3.4468750000000004,-0.04308716881518038
0,42.0291,3.45,-0.04330434917898348
0,42.0291,3.453125,-0.043525442916679015
0,42.0291,3.4562500000000003,-0.04375050381569859
0,42.0291,3.459375,-0.04397958693164006
0,42.0291,3.4625000000000004,-0.044212748617053044
0,42.0291,3.465625,-0.044450046551072736
0,42.0291,3.46875,-0.04469153976992943
0,42.0291,3.4718750000000003,-0.04493728869835902
0,42.0291,3.475,-0.0451873551819431
0,42.0291,3.4781250000000004,-0.045441802520407054
0,42.0291,3.48125,-0.04570069550190538
0,42.0291,3.484375,-0.04596410043832566
0,42.0291,3.4875000000000003,-0.046232085201642285
0,42.0291,3.490625,-0.04650471926135291
0,42.0291,3.4937500000000004,-0.04678207372303232
0,42.0291,3.496875,-0.0470642213680377
0,42.0291,3.5,-0.04735123669440331
0,42.0291,3.5031250000000003,-0.04764319595896088
0,42.0291,3.50625,-0.04794017722072576
0,42.0291,3.5093750000000004,-0.04824226038558923
0,42.0291,3.5125,-0.0485495272523582
0,42.0291,3.515625,-0.04886206156018687
0,42.0291,3.5187500000000003,-0.04917994903744422
0,42.0291,3.521875,-0.0495032774520643
0,42.0291,3.5250000000000004,-0.04983213666342816
0,42.0291,3.528125,-0.05016661867582606
0,42.0291,3.53125,-0.050506817693553085
0,42.0291,3.5343750000000003,-0.050852830177690794
0,42.0291,3.5375,-0.05120475490463053
0,42.0291,3.5406250000000004,-0.05156269302639676
0,42.0291,3.54375,-0.051926748132828375
0,42.0291,3.546875,-0.052297026315681575
0,42.0291,3.5500000000000003,-0.05267363623471654
0,42.0291,3.553125,-0.053056689185835004
0,42.0291,3.5562500000000004,-0.05344629917133754
0,42.0291,3.559375,-0.053842582972370566
0,42.0291,3.5625,-0.054245660223638054
0,42.0291,3.5656250000000003,-0.05465565349045301
0,42.0291,3.56875,-0.055072688348208304
0,42.0291,3.5718750000000004,-0.05549689346434922
0,42.0291,3.575,-0.055928400682931076
0,42.0291,3.578125,-0.05636734511185172
0,42.0291,3.5812500000000003,-0.05681386521284822
0,42.0291,3.584375,-0.057268102894352954
0,42.0291,3.5875000000000004,-0.05773020360730707
0,42.0291,3.590625,-0.05820031644403141
0,42.0291,3.59375,-0.058678594240261304
0,42.0291,3.5968750000000003,-0.05916519368045244
0,42.0291,3.6,-0.059660275406471036
0,42.0291,3.6031250000000004,-0.060164004129785315
0,42.0291,3.60625,-0.060676548747277556
0,42.0291,3.609375,-0.06119808246080373
0,42.0291,3.6125000000000003,-0.06172878290062841
0,42.0291,3.615625,-0.06226883225286965
0,42.0291,3.6187500000000004,-0.06281841739109377
0,42.0291,3.621875,-0.06337773001220143
0,42.0291,3.625,-0.06394696677675635
0,42.0291,3.6281250000000003,-0.06452632945390875
0,42.0291,3.63125,-0.06511602507107354
0,42.0291,3.6343750000000004,-0.06571626606852911
0,42.0291,3.6375,-0.06632727045910514
0,42.0291,3.640625,-0.06694926199313878
0,42.0291,3.6437500000000003,-0.06758247032887914
0,42.0291,3.646875,-0.06822713120853012
0,42.0291,3.6500000000000004,-0.0688834866401274
0,42.0291,3.653125,-0.0695517850854489
0,42.0291,3.65625,-0.07023228165417009
0,42.0291,3.6593750000000003,-0.07092523830447667
0,42.0291,3.6625,-0.07163092405035826
0,42.0291,3.6656250000000004,-0.07234961517581288
0,42.0291,3.66875,-0.07308159545619695
0,42.0291,3.671875,-0.0738271563869677
0,42.0291,3.6750000000000003,-0.07458659742006708
0,42.0291,3.678125,-0.07536022620820783
0,42.0291,3.6812500000000004,-0.07614835885732958
0,42.0291,3.684375,-0.07695132018749756
0,42.0291,3.6875,-0.07776944400252972
0,42.0291,3.6906250000000003,-0.07860307336864084
0,42.0291,3.69375,-0.07945256090240299
0,42.0291,3.6968750000000004,-0.08031826906833073
0,42.0291,3.7,-0.08120057048640217
0,42.0291,3.703125,-0.08209984824984239
0,42.0291,3.7062500000000003,-0.08301649625349589
0,42.0291,3.709375,-0.08395091953312692
0,42.0291,3.7125000000000004,-0.08490353461599374
0,42.0291,3.715625,-0.08587476988304492
0,42.0291,3.71875,-0.08686506594310009
0,42.0291,3.7218750000000003,-0.08787487601937584
0,42.0291,3.725,-0.08890466634872787
0,42.0291,3.7281250000000004,-0.08995491659398526
0,42.0291,3.73125,-0.09102612026975199
0,42.0291,3.734375,-0.09211878518206189
0,42.0291,3.7375000000000003,-0.09323343388226737
0,42.0291,3.740625,-0.09437060413554811
0,42.0291,3.7437500000000004,-0.09553084940442609
0,42.0291,3.746875,-0.09671473934766528
0,42.0291,3.75,-0.0979228603349398
0,42.0291,3.7531250000000003,-0.09915581597763921
0,42.0291,3.75625,-0.1004142276761781
0,42.0291,3.7593750000000004,-0.10169873518416506
0,42.0291,3.7625,-0.1030099971897685
0,42.0291,3.765625,-0.10434869191460797
0,42.0291,3.7687500000000003,-0.10571551773046999
0,42.0291,3.771875,-0.10711119379412962
0,42.0291,3.7750000000000004,-0.10853646070052889
0,42.0291,3.778125,-0.109992081154523
0,42.0291,3.78125,-0.11147884066137578
0,42.0291,3.7843750000000003,-0.11299754823612819
0,42.0291,3.7875,-0.11454903713191783
0,42.0291,3.7906250000000004,-0.11613416558726546
0,42.0291,3.79375,-0.1177538175922676
0,42.0291,3.796875,-0.11940890367356594
0,42.0291,3.8000000000000003,-0.12110036169786141
0,42.0291,3.803125,-0.12282915769364719
0,42.0291,3.8062500000000004,-0.12459628669071703
0,42.0291,3.809375,-0.12640277357686944
0,42.0291,3.8125,-0.128249673971093
0,42.0291,3.8156250000000003,-0.130138075112341
0,42.0291,3.81875,-0.1320690967628292
0,42.0291,3.8218750000000004,-0.1340438921245837
0,42.0291,3.825,-0.13606364876772886
0,42.0291,3.828125,-0.13812958956876384
0,42.0291,3.8312500000000003,-0.14024297365677682
0,42.0291,3.834375,-0.1424050973652407
0,42.0291,3.8375000000000004,-0.14461729518668245
0,42.0291,3.840625,-0.14688094072712055
0,42.0291,3.84375,-0.1491974476567505
0,42.0291,3.8468750000000003,-0.1515682706528659
0,42.0291,3.85,-0.15399490633048676
0,42.0291,3.8531250000000004,-0.1564788941555889
0,42.0291,3.85625,-0.15902181733517368
0,42.0291,3.859375,-0.16162530367773445
0,42.0291,3.8625000000000003,-0.16429102641687995
0,42.0291,3.865625,-0.16702070499003677
0,42.0291,3.8687500000000004,-0.169816105763217
0,42.0291,3.871875,-0.1726790426918013
0,42.0291,3.875,-0.17561137790618295
0,42.0291,3.8781250000000003,-0.17861502220987202
0,42.0291,3.88125,-0.1816919354763296
0,42.0291,3.8843750000000004,-0.18484412692933874
0,42.0291,3.8875,-0.18807365529011055
0,42.0291,3.890625,-0.19138262877261156
0,42.0291,3.8937500000000003,-0.19477320490669056
0,42.0291,3.896875,-0.1982475901665558
0,42.0291,3.9000000000000004,-0.20180803937994082
0,42.0291,3.903125,-0.2054568548908914
0,42.0291,3.90625,-0.2091963854465562
0,42.0291,3.9093750000000003,-0.21302902477556407
0,42.0291,3.9125,-0.21695720982261518
0,42.0291,3.9156250000000004,-0.2209834186007297
0,42.0291,3.91875,-0.22511016761918243
0,42.0291,3.921875,-0.22934000884157085
0,42.0291,3.9250000000000003,-0.23367552612460513
0,42.0291,3.928125,-0.2381193310841913
0,42.0291,3.9312500000000004,-0.24267405833113695
0,42.0291,3.934375,-0.24734236001435786
0,42.0291,3.9375,-0.2521268996048964
0,42.0291,3.9406250000000003,-0.25703034484928666
0,42.0291,3.94375,-0.2620553598159741
0,42.0291,3.9468750000000004,-0.267204595953592
0,42.0291,3.95,-0.27248068207496556
0,42.0291,3.953125,-0.2778862131759238
0,42.0291,3.9562500000000003,-0.2834237379932911
0,42.0291,3.959375,-0.28909574520206904
0,42.0291,3.9625000000000004,-0.2949046481478354
0,42.0291,3.965625,-0.3008527680069378
0,42.0291,3.96875,-0.3069423152644325
0,42.0291,3.9718750000000003,-0.3131753693979602
0,42.0291,3.975,-0.319553856655273
0,42.0291,3.9781250000000004,-0.32607952581411553
0,42.0291,3.98125,-0.33275392181592617
0,42.0291,3.984375,-0.33957835716985263
0,42.0291,3.9875000000000003,-0.3465538810310751
0,42.0291,3.990625,-0.35368124586804667
0,42.0291,3.9937500000000004,-0.36096087164735724
0,42.0291,3.996875,-0.3683928074830325
0,42.0291,4.0,-0.3759766907198805
0,42.0291,4.003125000000001,-0.3837117034483804
0,42.0291,4.00625,-0.3915965264823634
0,42.0291,4.009375,-0.3996292908709105
0,42.0291,4.0125,-0.40780752706286294
0,42.0291,4.015625,-0.4161281118971799
0,42.0291,4.018750000000001,-0.42458721365478447
0,42.0291,4.021875,-0.4331802354786095
0,42.0291,4.025,-0.44190175754803973
0,42.0291,4.028125,-0.45074547848179175
0,42.0291,4.03125,-0.459704156539726
0,42.0291,4.034375000000001,-0.46876955129770675
0,42.0291,4.0375,-0.4779323665802299
0,42.0291,4.040625,-0.4871821955511619
0,42.0291,4.04375,-0.49650746898153747
0,42.0291,4.046875,-0.5058954078328985
0,42.0291,4.050000000000001,-0.515331981410981
0,42.0291,4.053125,-0.5248018724546055
0,42.0291,4.05625,-0.5342884506232138
0,42.0291,4.059375,-0.5437737559283075
0,42.0291,4.0625,-0.5532384937136796
0,42.0291,4.065625000000001,-0.5626620428194999
0,42.0291,4.06875,-0.5720224785601077
0,42.0291,4.071875,-0.5812966120974375
0,42.0291,4.075,-0.5904600476946917
0,42.0291,4.078125,-0.599487259182691
0,42.0291,4.081250000000001,-0.608351686758388
0,42.0291,4.084375,-0.6170258549586471
0,42.0291,4.0875,-0.625481512310528
0,42.0291,4.090625,-0.6336897927529191
0,42.0291,4.09375,-0.6416213984578975
0,42.0291,4.096875000000001,-0.6492468031600505
0,42.0291,4.1,-0.6565364745398566
0,42.0291,4.103125,-0.6634611136170236
0,42.0291,4.10625,-0.6699919085094543
0,42.0291,4.109375,-0.6761007993247039
0,42.0291,4.112500000000001,-0.681760750396231
0,42.0291,4.115625,-0.6869460255820076
0,42.0291,4.11875,-0.6916324619329879
0,42.0291,4.121875,-0.6957977367376642
0,42.0291,4.125,-0.6994216227783099
0,42.0291,4.128125000000001,-0.7024862266114306
0,42.0291,4.13125,-0.7049762048218146
0,42.0291,4.134375,-0.7068789535013089
0,42.0291,4.1375,-0.7081847666678248
0,42.0291,4.140625,-0.7088869599570725
0,42.0291,4.143750000000001,-0.7089819566708958
0,42.0291,4.146875,-0.7084693341270238
0,42.0291,4.15,-0.7073518291943132
0,42.0291,4.153125,-0.7056353028798387
0,42.0291,4.15625,-0.703328664821625
0,42.0291,4.159375000000001,-0.7004437594953135
0,42.0291,4.1625,-0.6969952168283587
0,42.0291,4.165625,-0.693000270699019
0,42.0291,4.16875,-0.6884785494527316
0,42.0291,4.171875,-0.6834518430752444
0,42.0291,4.175000000000001,-0.6779438520081178
0,42.0291,4.178125,-0.6719799227732024
0,42.0291,4.18125,-0.6655867755918925
0,42.0291,4.184375,-0.6587922290526157
0,42.0291,4.1875,-0.6516249266118765
0,42.0291,4.190625000000001,-0.6441140693313168
0,42.0291,4.19375,-0.636289158778715
0,42.0291,4.196875,-0.6281797534800105
0,42.0291,4.2,-0.6198152417275151
0,42.0291,4.203125,-0.6112246329499612
0,42.0291,4.206250000000001,-0.602436369255475
0,42.0291,4.209375,-0.593478158187052
0,42.0291,4.2125,-0.5843768271975641
0,42.0291,4.215625,-0.5751581998695504
0,42.0291,4.21875,-0.5658469934817593
0,42.0291,4.221875000000001,-0.5564667371652079
0,42.0291,4.225,-0.5470397095972849
0,42.0291,4.228125,-0.5375868949528003
0,42.0291,4.23125,-0.5281279556627821
0,42.0291,4.234375,-0.5186812204200932
0,42.0291,4.237500000000001,-0.5092636858106048
0,42.0291,4.240625,-0.49989102993236045
0,42.0291,4.24375,-0.49057763638660934
0,42.0291,4.246875,-0.4813366270769597
0,42.0291,4.25,-0.4721799023291505
0,42.0291,4.253125000000001,-0.46311818693883794
0,42.0291,4.25625,-0.454161080861976
0,42.0291,4.259375,-0.44531711337756885
0,42.0291,4.2625,-0.43659379967161116
0,42.0291,4.265625,-0.42799769890999034
0,42.0291,4.268750000000001,-0.4195344729850377
0,42.0291,4.271875,-0.4112089452322944
0,42.0291,4.275,-0.40302515851981663
0,42.0291,4.278125,-0.3949864322108236
0,42.0291,4.28125,-0.38709541759053334
0,42.0291,4.284375000000001,-0.37935415143002155
0,42.0291,4.2875,-0.3717641074330447
0,42.0291,4.290625,-0.36432624537660696
0,42.0291,4.29375,-0.3570410578129025
0,42.0291,4.296875,-0.349908614249167
0,42.0291,4.300000000000001,-0.34292860276411186
0,42.0291,4.303125,-0.33610036905489804
0,42.0291,4.30625,-0.32942295293805146
0,42.0291,4.309375,-0.3228951223519102
0,42.0291,4.3125,-0.31651540492734864
0,42.0291,4.315625000000001,-0.3102821172088291
0,42.0291,4.31875,-0.3041933916192044
0,42.0291,4.321875,-0.2982472012700248
0,42.0291,4.325,-0.2924413827248237
0,42.0291,4.328125,-0.28677365682604944
0,42.0291,4.331250000000001,-0.2812416476979067
0,42.0291,4.334375,-0.2758429000371424
0,42.0291,4.3375,-0.27057489480240177
0,42.0291,4.340625,-0.2654350634104305
0,42.0291,4.34375,-0.26042080054401834
0,42.0291,4.346875000000001,-0.25552947567287376
0,42.0291,4.35,-0.25075844338423825
0,42.0291,4.353125,-0.24610505261545085
0,42.0291,4.35625,-0.24156665487595194
0,42.0291,4.359375,-0.23714061154119925
0,42.0291,4.362500000000001,-0.23282430029617754
0,42.0291,4.365625,-0.22861512080124086
0,42.0291,4.36875,-0.2245104996482533
0,42.0291,4.371875,-0.2205078946704209
0,42.0291,4.375,-0.216604798664618
0,42.0291,4.378125000000001,-0.21279874258082787
0,42.0291,4.38125,-0.20908729822915723
0,42.0291,4.384375,-0.205468080551002
0,42.0291,4.3875,-0.20193874949733195
0,42.0291,4.390625,-0.19849701155351096
0,42.0291,4.393750000000001,-0.19514062094692533
0,42.0291,4.396875,-0.19186738057060568
0,42.0291,4.4,-0.18867514265320304
0,42.0291,4.403125,-0.18556180920310725
0,42.0291,4.40625,-0.18252533225196707
0,42.0291,4.409375000000001,-0.1795637139207026
0,42.0291,4.4125,-0.17667500632895813
0,42.0291,4.415625,-0.1738573113670208
0,42.0291,4.41875,-0.17110878034750415
0,42.0291,4.421875,-0.16842761355238764
0,42.0291,4.425000000000001,-0.16581205968958249
0,42.0291,4.428125,-0.16326041527177376
0,42.0291,4.43125,-0.16077102392903564
0,42.0291,4.434375,-0.15834227566560574
0,42.0291,4.4375,-0.15597260607008975
0,42.0291,4.440625000000001,-0.1536604954874751
0,42.0291,4.44375,-0.15140446816041894
0,42.0291,4.446875,-0.14920309134648416
0,42.0291,4.45,-0.14705497441730975
0,42.0291,4.453125,-0.14495876794498788
0,42.0291,4.456250000000001,-0.14291316278038296
0,42.0291,4.459375,-0.14091688912755307
0,42.0291,4.4625,-0.13896871561794805
0,42.0291,4.465625,-0.13706744838764792
0,42.0291,4.46875,-0.13521193016045535
0,42.0291,4.471875000000001,-0.13340103933934774
0,42.0291,4.475,-0.1316336891084385
0,42.0291,4.478125,-0.12990882654730726
0,42.0291,4.48125,-0.12822543175932377
0,42.0291,4.484375,-0.12658251701531018
0,42.0291,4.487500000000001,-0.12497912591371989
0,42.0291,4.490625,-0.12341433255829554
0,42.0291,4.49375,-0.1218872407539999
0,42.0291,4.496875,-0.1203969832218896
0,42.0291,4.5,-0.11894272083342486
0,42.0291,4.503125000000001,-0.1175236418646318
0,42.0291,4.50625,-0.11613896127040173
0,42.0291,4.509375,-0.11478791997912147
0,42.0291,4.5125,-0.11346978420776571
0,42.0291,4.515625,-0.11218384479747667
0,42.0291,4.518750000000001,-0.11092941656962585
0,42.0291,4.521875,-0.10970583770227682
0,42.0291,4.525,-0.10851246912691925
0,42.0291,4.528125,-0.10734869394532148
0,42.0291,4.53125,-0.10621391686628132
0,42.0291,4.534375000000001,-0.10510756366205322
0,42.0291,4.5375,-0.10402908064418541
0,42.0291,4.540625,-0.10297793415847571
0,42.0291,4.54375,-0.10195361009875388
0,42.0291,4.546875,-0.10095561343915217
0,42.0291,4.550000000000001,-0.09998346778453951
0,42.0291,4.553125,-0.09903671493876523
0,42.0291,4.55625,-0.09811491449034845
0,42.0291,4.559375,-0.0972176434152548
0,42.0291,4.5625,-0.09634449569636956
0,42.0291,4.565625000000001,-0.09549508195929403
0,42.0291,4.56875,-0.09466902912406866
0,42.0291,4.571875,-0.09386598007242256
0,42.0291,4.575,-0.09308559333015351
0,42.0291,4.578125,-0.09232754276421552
0,42.0291,4.581250000000001,-0.09159151729410428
0,42.0291,4.584375,-0.0908772206171093
0,42.0291,4.5875,-0.09018437094699282
0,42.0291,4.590625,-0.08951270076565612
0,42.0291,4.59375,-0.08886195658732243
0,42.0291,4.596875000000001,-0.08823189873477036
0,42.0291,4.6,-0.08762230112712284
0,42.0291,4.603125,-0.08703295107867895
0,42.0291,4.60625,-0.08646364910826293
0,42.0291,4.609375,-0.08591420875852408
0,42.0291,4.612500000000001,-0.08538445642460811
0,42.0291,4.615625,-0.08487423119157803
0,42.0291,4.61875,-0.08438338467992663
0,42.0291,4.621875,-0.08391178089848872
0,42.0291,4.625,-0.08345929610400085
0,42.0291,4.628125000000001,-0.08302581866651769
0,42.0291,4.63125,-0.08261124893982602
0,42.0291,4.634375,-0.08221549913593346
0,42.0291,4.6375,-0.0818384932026419
0,42.0291,4.640625,-0.08148016670312415
0,42.0291,4.643750000000001,-0.08114046669634338
0,42.0291,4.646875,-0.08081935161704978
0,42.0291,4.65,-0.08051679115397956
0,42.0291,4.653125,-0.08023276612476801
0,42.0291,4.65625,-0.07996726834594739
0,42.0291,4.659375000000001,-0.07972030049626533
0,42.0291,4.6625,-0.0794918759713973
0,42.0291,4.665625,-0.07928201872795597
0,42.0291,4.66875,-0.07909076311451682
0,42.0291,4.671875,-0.0789181536871728
0,42.0291,4.675000000000001,-0.07876424500691614
0,42.0291,4.678125,-0.07862910141590708
0,42.0291,4.68125,-0.07851279678943437
0,42.0291,4.684375,-0.07841541426010176
0,42.0291,4.6875,-0.07833704591047885
0,42.0291,4.690625000000001,-0.07827779243014574
0,42.0291,4.69375,-0.07823776273272783
0,42.0291,4.696875,-0.07821707352816597
0,42.0291,4.7,-0.07821584884509857
0,42.0291,4.703125,-0.07823421949784358
0,42.0291,4.706250000000001,-0.07827232249206463
0,42.0291,4.709375,-0.07833030036278814
0,42.0291,4.7125,-0.07840830043800855
0,42.0291,4.715625,-0.07850647402068187
0,42.0291,4.71875,-0.07862497548147003
0,42.0291,4.721875000000001,-0.07876396125416175
0,42.0291,4.725,-0.07892358872527162
0,42.0291,4.728125,-0.07910401500891663
0,42.0291,4.73125,-0.07930539559769319
0,42.0291,4.734375,-0.07952788287995419
0,42.0291,4.737500000000001,-0.07977162451361221
0,42.0291,4.740625,-0.08003676164640805
0,42.0291,4.74375,-0.08032342697249135
0,42.0291,4.746875,-0.08063174261518868
0,42.0291,4.75,-0.08096181782602219
0,42.0291,4.753125000000001,-0.08131374649039917
0,42.0291,4.75625,-0.08168760443097735
0,42.0291,4.759375,-0.08208344650054569
0,42.0291,4.7625,-0.08250130345738858
0,42.0291,4.765625,-0.08294117861758628
0,42.0291,4.768750000000001,-0.08340304428056482
0,42.0291,4.771875,-0.0838868379265282
0,42.0291,4.775,-0.08439245818721881
0,42.0291,4.778125,-0.08491976059481025
0,42.0291,4.78125,-0.08546855311772056
0,42.0291,4.784375000000001,-0.08603859149674929
0,42.0291,4.7875,-0.08662957440027894
0,42.0291,4.790625,-0.08724113842334764
0,42.0291,4.79375,-0.08787285296221736
0,42.0291,4.796875,-0.08852421500367053
0,42.0291,4.800000000000001,-0.08919464387659802
0,42.0291,4.803125,-0.08988347602250545
0,42.0291,4.80625,-0.09058995985125345
0,42.0291,4.809375,-0.09131325075854364
0,42.0291,4.8125,-0.09205240639224324
0,42.0291,4.815625000000001,-0.09280638226533278
0,42.0291,4.81875,-0.09357402782385585
0,42.0291,4.821875,-0.0943540830883785
0,42.0291,4.825,-0.09514517599673435
0,42.0291,4.828125,-0.09594582058382659
0,42.0291,4.831250000000001,-0.09675441614039809
0,42.0291,4.834375,-0.0975692474964712
0,42.0291,4.8375,-0.098388486575959
0,42.0291,4.840625,-0.09921019536614206
0,42.0291,4.84375,-0.10003233043872413
0,42.0291,4.846875000000001,-0.10085274914738691
0,42.0291,4.85,-0.10166921760973277
0,42.0291,4.853125,-0.10247942055881651
0,42.0291,4.85625,-0.10328097312090337
0,42.0291,4.859375,-0.1040714345416902
0,42.0291,4.862500000000001,-0.10484832384315454
0,42.0291,4.865625,-0.10560913734805674
0,42.0291,4.86875,-0.1063513679597099
0,42.0291,4.871875,-0.10707252603212282
0,42.0291,4.875,-0.10777016161155077
0,42.0291,4.878125000000001,-0.10844188777657457
0,42.0291,4.88125,-0.1090854047521761
0,42.0291,4.884375,-0.10969852442604704
0,42.0291,4.8875,-0.11027919485483259
0,42.0291,4.890625,-0.1108255243164376
0,42.0291,4.893750000000001,-0.1113358044438936
0,42.0291,4.896875,-0.11180853196839469
0,42.0291,4.9,-0.11224242860520348
0,42.0291,4.903125,-0.112636458636933
0,42.0291,4.90625,-0.11298984378432733
0,42.0291,4.909375000000001,-0.11330207500441804
0,42.0291,4.9125,-0.11357292091853284
0,42.0291,4.915625,-0.11380243264603976
0,42.0291,4.91875,-0.1139909449013427
0,42.0291,4.921875,-0.11413907329846926
0,42.0291,4.925000000000001,-0.1142477078962576
0,42.0291,4.928125,-0.11431800310424264
0,42.0291,4.93125,-0.1143513641515075
0,42.0291,4.934375,-0.1143494303949466
0,42.0291,4.9375,-0.11431405580696942
0,42.0291,4.940625000000001,-0.11424728703361396
0,42.0291,4.94375,-0.11415133945097583
0,42.0291,4.946875,-0.11402857167012985
0,42.0291,4.95,-0.11388145894838383
0,42.0291,4.953125,-0.11371256595846022
0,42.0291,4.956250000000001,-0.11352451934834575
0,42.0291,4.959375,-0.11331998049481322
0,42.0291,4.9625,-0.11310161881508086
0,42.0291,4.965625,-0.11287208595600132
0,42.0291,4.96875,-0.11263399113087474
0,42.0291,4.971875000000001,-0.11238987782274218
0,42.0291,4.975,-0.11214220202192104
0,42.0291,4.978125,-0.11189331211646818
0,42.0291,4.98125,-0.11164543050876931
0,42.0291,4.984375,-0.11140063699078662
0,42.0291,4.987500000000001,-0.11116085387558376
0,42.0291,4.990625,-0.11092783285415272
0,42.0291,4.99375,-0.11070314352459007
0,42.0291,4.996875,-0.11048816352532265
0,42.0291,5.0,-0.11028407019513772
0,42.0291,5.003125,-0.11009183367983906
0,42.0291,5.0062500000000005,-0.10991221140784768
0,42.0291,5.009375,-0.1097457438643257
0,42.0291,5.0125,-0.10959275160465203
0,42.0291,5.015625,-0.10945333346249295
0,42.0291,5.01875,-0.10932736592441672
0,42.0291,5.0218750000000005,-0.10921450366110719
0,42.0291,5.025,-0.1091141812238247
0,42.0291,5.028125,-0.10902561593293122
0,42.0291,5.03125,-0.10894781200213133
0,42.0291,5.034375,-0.10887956595668027
0,42.0291,5.0375000000000005,-0.10881947341531023
0,42.0291,5.040625,-0.10876593731318733
0,42.0291,5.04375,-0.10871717764606624
0,42.0291,5.046875,-0.10867124281326938
0,42.0291,5.05,-0.10862602262861049
0,42.0291,5.0531250000000005,-0.10857926305348674
0,42.0291,5.05625,-0.10852858268485092
0,42.0291,5.059375,-0.10847149100263719
0,42.0291,5.0625,-0.10840540834672084
0,42.0291,5.065625,-0.10832768755320582
0,42.0291,5.0687500000000005,-0.10823563713464172
0,42.0291,5.071875,-0.10812654583989913
0,42.0291,5.075,-0.10799770837842297
0,42.0291,5.078125,-0.10784645204228566
0,42.0291,5.08125,-0.1076701639099611
0,42.0291,5.0843750000000005,-0.1074663182702951
0,42.0291,5.0875,-0.10723250386608031
0,42.0291,5.090625,-0.1069664505262258
0,42.0291,5.09375,-0.10666605473583633
0,42.0291,5.096875,-0.10632940368634788
0,42.0291,5.1000000000000005,-0.10595479735453009
0,42.0291,5.103125,-0.10554076818041246
0,42.0291,5.10625,-0.10508609795011602
0,42.0291,5.109375,-0.10458983153958036
0,42.0291,5.1125,-0.10405128723793082
0,42.0291,5.1156250000000005,-0.10347006344275488
0,42.0291,5.11875,-0.1028460416012635
0,42.0291,5.121875,-0.10217938535816234
0,42.0291,5.125,-0.10147053595973524
0,42.0291,5.128125,-0.10072020405069611
0,42.0291,5.1312500000000005,-0.09992935808246609
0,42.0291,5.134375,-0.09909920962560458
0,42.0291,5.1375,-0.09823119594253492
0,42.0291,5.140625,-0.09732696022742214
0,42.0291,5.14375,-0.09638832995667199
0,42.0291,5.1468750000000005,-0.09541729381537004
0,42.0291,5.15,-0.0944159776720835
0,42.0291,5.153125,-0.09338662006747793
0,42.0291,5.15625,-0.09233154766243237
0,42.0291,5.159375,-0.09125315106043477
0,42.0291,5.1625000000000005,-0.09015386137907126
0,42.0291,5.165625,-0.0890361278985848
0,42.0291,5.16875,-0.08790239706404301
0,42.0291,5.171875,-0.08675509306385765
0,42.0291,5.175,-0.08559660015324927
0,42.0291,5.1781250000000005,-0.08442924683859607
0,42.0291,5.18125,-0.0832552919889383
0,42.0291,5.184375,-0.08207691289542314
0,42.0291,5.1875,-0.0808961952590585
0,42.0291,5.190625,-0.07971512505230859
0,42.0291,5.1937500000000005,-0.07853558217110762
0,42.0291,5.196875,-0.07735933577077649
0,42.0291,5.2,-0.07618804116189379
0,42.0291,5.203125,-0.07502323813005884
0,42.0291,5.20625,-0.07386635053615642
0,42.0291,5.2093750000000005,-0.07271868705067042
0,42.0291,5.2125,-0.07158144287616261
0,42.0291,5.215625,-0.07045570231561585
0,42.0291,5.21875,-0.06934244205036437
0,42.0291,5.221875,-0.068242534999188
0,42.0291,5.2250000000000005,-0.06715675463935741
0,42.0291,5.228125,-0.0660857796804992
0,42.0291,5.23125,-0.06503019899270576
0,42.0291,5.234375,-0.0639905167010348
0,42.0291,5.2375,-0.06296715736911151
0,42.0291,5.2406250000000005,-0.06196047120479046
0,42.0291,5.24375,-0.060970739230559796
0,42.0291,5.246875,-0.059998178370466136
0,42.0291,5.25,-0.05904294641374279
0,42.0291,5.253125,-0.05810514682295968
0,42.0291,5.2562500000000005,-0.057184833361396965
0,42.0291,5.259375,-0.05628201452046163
0,42.0291,5.2625,-0.05539665773333839
0,42.0291,5.265625,-0.05452869336574964
0,42.0291,5.26875,-0.05367801847870388
0,42.0291,5.2718750000000005,-0.05284450036152135
0,42.0291,5.275,-0.05202797983627324
0,42.0291,5.278125,-0.051228274337110954
0,42.0291,5.28125,-0.050445180769867
0,42.0291,5.284375,-0.04967847815880073
0,42.0291,5.2875000000000005,-0.048927930088519735
0,42.0291,5.290625,-0.04819328694996061
0,42.0291,5.29375,-0.04747428799990178
0,42.0291,5.296875,-0.04677066324386476
0,42.0291,5.3,-0.04608213515244283
0,42.0291,5.3031250000000005,-0.0454084202211398
0,42.0291,5.30625,-0.044749230383713874
0,42.0291,5.309375,-0.04410427428883165
0,42.0291,5.3125,-0.04347325844957662
0,42.0291,5.315625,-0.04285588827502282
0,42.0291,5.3187500000000005,-0.042251868992714735
0,42.0291,5.321875,-0.041660906470488805
0,42.0291,5.325,-0.04108270794564257
0,42.0291,5.328125,-0.04051698266902457
0,42.0291,5.33125,-0.03996344247117001
0,42.0291,5.3343750000000005,-0.03942180225716986
0,42.0291,5.3375,-0.03889178043652757
0,42.0291,5.340625,-0.03837309929383136
0,42.0291,5.34375,-0.03786548530566694
0,42.0291,5.346875,-0.037368669408796594
0,42.0291,5.3500000000000005,-0.03688238722425885
0,42.0291,5.353125,-0.03640637924168552
0,42.0291,5.35625,-0.035940390967793084
0,42.0291,5.359375,-0.035484173042691865
0,42.0291,5.3625,-0.03503748132735292
0,42.0291,5.3656250000000005,-0.034600076965295996
0,42.0291,5.36875,-0.03417172642130055
0,42.0291,5.371875,-0.03375220149969676
0,42.0291,5.375,-0.033341279344572004
0,42.0291,5.378125,-0.03293874242401515
0,42.0291,5.3812500000000005,-0.032544378500330096
0,42.0291,5.384375,-0.03215798058797171
0,42.0291,5.3875,-0.031779346900790525
0,42.0291,5.390625,-0.0314082807900256
0,42.0291,5.39375,-0.031044590674342034
0,42.0291,5.3968750000000005,-0.030688089963084707
0,42.0291,5.4,-0.030338596973803023
0,42.0291,5.403125,-0.02999593484499302
0,42.0291,5.40625,-0.029659931444909197
0,42.0291,5.409375,-0.029330419277206123
0,42.0291,5.4125000000000005,-0.02900723538409099
0,42.0291,5.415625,-0.028690221247594513
0,42.0291,5.41875,-0.02837922268949878
0,42.0291,5.421875,-0.028074089770403165
0,42.0291,5.425,-0.027774676688350795
0,42.0291,5.4281250000000005,-0.02748084167739027
0,42.0291,5.43125,-0.027192446906401845
0,42.0291,5.434375,-0.02690935837847464
0,42.0291,5.4375,-0.026631445831087872
0,42.0291,5.440625,-0.026358582637312368
0,42.0291,5.4437500000000005,-0.026090645708220752
0,42.0291,5.446875,-0.025827515396667458
0,42.0291,5.45,-0.02556907540257407
0,42.0291,5.453125,-0.025315212679836416
0,42.0291,5.45625,-0.02506581734494772
0,42.0291,5.4593750000000005,-0.024820782587416327
0,42.0291,5.4625,-0.02458000458204082
0,42.0291,5.465625,-0.024343382403090284
0,42.0291,5.46875,-0.02411081794042754
0,42.0291,5.471875,-0.023882215817599847
0,42.0291,5.4750000000000005,-0.023657483311913374
0,42.0291,5.478125,-0.023436530276499147
0,42.0291,5.48125,-0.023219269064369486
0,42.0291,5.484375,-0.023005614454459575
0,42.0291,5.4875,-0.022795483579640938
0,42.0291,5.4906250000000005,-0.022588795856689787
0,42.0291,5.49375,-0.022385472918189025
0,42.0291,5.496875,-0.022185438546337737
0,42.0291,5.5,-0.021988618608640924
0,42.0291,5.503125,-0.021794940995447563
0,42.0291,5.5062500000000005,-0.02160433555930402
0,42.0291,5.509375,-0.021416734056087967
0,42.0291,5.5125,-0.0212320700878854
0,42.0291,5.515625,-0.021050279047574096
0,42.0291,5.51875,-0.020871298065073995
0,42.0291,5.5218750000000005,-0.020695065955225543
0,42.0291,5.525,-0.020521523167256358
0,42.0291,5.528125,-0.020350611735795603
0,42.0291,5.53125,-0.02018227523339685
0,42.0291,5.534375,-0.020016458724528723
0,42.0291,5.5375000000000005,-0.019853108720993693
0,42.0291,5.540625,-0.01969217313873574
0,42.0291,5.54375,-0.01953360125599701
0,42.0291,5.546875,-0.019377343672785784
0,42.0291,5.55,-0.019223352271616857
0,42.0291,5.5531250000000005,-0.019071580179487166
0,42.0291,5.55625,-0.018921981731049982
0,42.0291,5.559375,-0.01877451243295085
0,42.0291,5.5625,-0.01862912892929084
0,42.0291,5.565625,-0.018485788968181732
0,42.0291,5.5687500000000005,-0.018344451369359513
0,42.0291,5.571875,-0.018205075992823415
0,42.0291,5.575,-0.018067623708467553
0,42.0291,5.578125,-0.01793205636667462
0,42.0291,5.58125,-0.01779833676984041
0,42.0291,5.5843750000000005,-0.017666428644799618
0,42.0291,5.5875,-0.017536296616124117
0,42.0291,5.590625,-0.017407906180265054
0,42.0291,5.59375,-0.017281223680512194
0,42.0291,5.596875,-0.017156216282743282
0,42.0291,5.6000000000000005,-0.017032851951938113
0,42.0291,5.603125,-0.01691109942943221
0,42.0291,5.60625,-0.016790928210885635
0,42.0291,5.609375,-0.016672308524944005
0,42.0291,5.6125,-0.016555211312568468
0,42.0291,5.6156250000000005,-0.01643960820701288
0,42.0291,5.61875,-0.016325471514426926
0,42.0291,5.621875,-0.016212774195064072
0,42.0291,5.625,-0.01610148984507509
0,42.0291,5.628125,-0.01599159267886724
0,42.0291,5.6312500000000005,-0.015883057512010662
0,42.0291,5.634375,-0.01577585974467399
0,42.0291,5.6375,-0.015669975345571272
0,42.0291,5.640625,-0.015565380836403913
0,42.0291,5.64375,-0.01546205327678076
0,42.0291,5.6468750000000005,-0.01535997024960084
0,42.0291,5.65,-0.015259109846883456
0,42.0291,5.653125,-0.015159450656030572
0,42.0291,5.65625,-0.01506097174650778
0,42.0291,5.659375,-0.014963652656929605
0,42.0291,5.6625000000000005,-0.014867473382536049
0,42.0291,5.665625,-0.01477241436304762
0,42.0291,5.66875,-0.014678456470886026
0,42.0291,5.671875,-0.014585580999749076
0,42.0291,5.675,-0.014493769653527843
0,42.0291,5.6781250000000005,-0.01440300453555496
0,42.0291,5.68125,-0.014313268138173447
0,42.0291,5.684375,-0.014224543332615214
0,42.0291,5.6875,-0.014136813359179644
0,42.0291,5.690625,-0.01405006181770223
0,42.0291,5.6937500000000005,-0.013964272658303852
0,42.0291,5.696875,-0.013879430172411914
0,42.0291,5.7,-0.013795518984044032
0,42.0291,5.703125,-0.013712524041346411
0,42.0291,5.70625,-0.013630430608378324
0,42.0291,5.7093750000000005,-0.013549224257134939
0,42.0291,5.7125,-0.013468890859800913
0,42.0291,5.715625,-0.01338941658122716
0,42.0291,5.71875,-0.013310787871623996
0,42.0291,5.721875,-0.013232991459463574
0,42.0291,5.7250000000000005,-0.013156014344584976
0,42.0291,5.728125,-0.01307984379149572
0,42.0291,5.73125,-0.013004467322863164
0,42.0291,5.734375,-0.01292987271319019
0,42.0291,5.7375,-0.012856047982669127
0,42.0291,5.7406250000000005,-0.012782981391208426
0,42.0291,5.74375,-0.01271066143262674
0,42.0291,5.746875,-0.01263907682900894
0,42.0291,5.75,-0.012568216525219413
0,42.0291,5.753125,-0.01249806968356746
0,42.0291,5.7562500000000005,-0.012428625678620206
0,42.0291,5.759375,-0.012359874092158543
0,42.0291,5.7625,-0.012291804708271436
0,42.0291,5.765625,-0.012224407508584731
0,42.0291,5.76875,-0.01215767266762006
0,42.0291,5.7718750000000005,-0.012091590548279933
0,42.0291,5.775,-0.01202615169745536
0,42.0291,5.778125,-0.011961346841751899
0,42.0291,5.78125,-0.011897166883330982
0,42.0291,5.784375,-0.01183360289586277
0,42.0291,5.7875000000000005,-0.011770646120587216
0,42.0291,5.790625,-0.011708287962480243
0,42.0291,5.79375,-0.011646519986521582
0,42.0291,5.796875,-0.011585333914061618
0,42.0291,5.800000000000001,-0.011524721619283989
0,42.0291,5.8031250000000005,-0.011464675125761345
0,42.0291,5.80625,-0.011405186603101186
0,42.0291,5.809375,-0.011346248363679541
0,42.0291,5.8125,-0.011287852859459543
0,42.0291,5.815625000000001,-0.011229992678892605
0,42.0291,5.8187500000000005,-0.011172660543899796
0,42.0291,5.821875,-0.011115849306930861
0,42.0291,5.825,-0.01105955194809894
0,42.0291,5.828125,-0.011003761572388566
0,42.0291,5.831250000000001,-0.010948471406934899
0,42.0291,5.8343750000000005,-0.010893674798372218
0,42.0291,5.8375,-0.010839365210249457
0,42.0291,5.840625,-0.01078553622051117
0,42.0291,5.84375,-0.01073218151904184
0,42.0291,5.846875000000001,-0.010679294905271768
0,42.0291,5.8500000000000005,-0.010626870285842922
0,42.0291,5.853125,-0.01057490167233281
0,42.0291,5.85625,-0.010523383179034992
0,42.0291,5.859375,-0.010472309020794487
0,42.0291,5.862500000000001,-0.010421673510896566
0,42.0291,5.8656250000000005,-0.010371471059007532
0,42.0291,5.86875,-0.010321696169165801
0,42.0291,5.871875,-0.010272343437822197
0,42.0291,5.875,-0.010223407551927863
0,42.0291,5.878125000000001,-0.010174883287068585
0,42.0291,5.8812500000000005,-0.010126765505644246
0,42.0291,5.884375,-0.010079049155092052
0,42.0291,5.8875,-0.010031729266152546
0,42.0291,5.890625,-0.009984800951177066
0,42.0291,5.893750000000001,-0.009938259402475575
0,42.0291,5.8968750000000005,-0.009892099890703838
0,42.0291,5.9,-0.009846317763288705
0,42.0291,5.903125,-0.009800908442890693
0,42.0291,5.90625,-0.00975586742590272
0,42.0291,5.909375000000001,-0.009711190280984043
0,42.0291,5.9125000000000005,-0.009666872647628551
0,42.0291,5.915625,-0.009622910234766316
0,42.0291,5.91875,-0.00957929881939772
0,42.0291,5.921875,-0.00953603424525919
0,42.0291,5.925000000000001,-0.009493112421519696
0,42.0291,5.9281250000000005,-0.009450529321507296
0,42.0291,5.93125,-0.00940828098146477
0,42.0291,5.934375,-0.009366363499333794
0,42.0291,5.9375,-0.009324773033566758
0,42.0291,5.940625000000001,-0.00928350580196555
0,42.0291,5.9437500000000005,-0.009242558080546678
0,42.0291,5.946875,-0.009201926202431881
0,42.0291,5.95,-0.009161606556763768
0,42.0291,5.953125,-0.009121595587645734
0,42.0291,5.956250000000001,-0.009081889793105508
0,42.0291,5.9593750000000005,-0.009042485724081895
0,42.0291,5.9625,-0.009003379983433812
0,42.0291,5.965625,-0.008964569224971426
0,42.0291,5.96875,-0.008926050152508535
0,42.0291,5.971875000000001,-0.008887819518935832
0,42.0291,5.9750000000000005,-0.008849874125314475
0,42.0291,5.978125,-0.008812210819989367
0,42.0291,5.98125,-0.008774826497721839
0,42.0291,5.984375,-0.00873771809884109
0,42.0291,5.987500000000001,-0.00870088260841398
0,42.0291,5.9906250000000005,-0.008664317055432767
0,42.0291,5.99375,-0.008628018512020216
0,42.0291,5.996875,-0.008591984092651802
0,42.0291,6.0,-0.008556210953394492
