"Current","Field","Frequency","Spectra"
0,38.6767,1.0,-0.013732394341376096
0,38.6767,1.003125,-0.013795066952777338
0,38.6767,1.00625,-0.013858180909558121
0,38.6767,1.009375,-0.013921740402153243
0,38.6767,1.0125,-0.01398574967091714
0,38.6767,1.015625,-0.014050213006837892
0,38.6767,1.01875,-0.014115134752263208
0,38.6767,1.021875,-0.014180519301638472
0,38.6767,1.025,-0.014246371102257188
0,38.6767,1.028125,-0.01431269465502405
0,38.6767,1.03125,-0.014379494515230785
0,38.6767,1.034375,-0.014446775293345152
0,38.6767,1.0375,-0.01451454165581325
0,38.6767,1.040625,-0.014582798325875418
0,38.6767,1.04375,-0.014651550084396038
0,38.6767,1.046875,-0.014720801770707396
0,38.6767,1.05,-0.014790558283468013
0,38.6767,1.053125,-0.014860824581535646
0,38.6767,1.05625,-0.014931605684855211
0,38.6767,1.059375,-0.015002906675362066
0,38.6767,1.0625,-0.015074732697900751
0,38.6767,1.065625,-0.015147088961159683
0,38.6767,1.06875,-0.015219980738621972
0,38.6767,1.071875,-0.015293413369532782
0,38.6767,1.075,-0.015367392259883527
0,38.6767,1.078125,-0.015441922883413152
0,38.6767,1.08125,-0.015517010782627022
0,38.6767,1.084375,-0.015592661569833598
0,38.6767,1.0875,-0.015668880928199333
0,38.6767,1.090625,-0.015745674612822183
0,38.6767,1.09375,-0.015823048451823994
0,38.6767,1.096875,-0.015901008347462282
0,38.6767,1.1,-0.01597956027726171
0,38.6767,1.103125,-0.01605871029516566
0,38.6767,1.10625,-0.016138464532708403
0,38.6767,1.109375,-0.016218829200208104
0,38.6767,1.1125,-0.0162998105879813
0,38.6767,1.115625,-0.016381415067579126
0,38.6767,1.11875,-0.01646364909304581
0,38.6767,1.121875,-0.01654651920219991
0,38.6767,1.125,-0.016630032017938636
0,38.6767,1.128125,-0.01671419424956596
0,38.6767,1.13125,-0.016799012694144758
0,38.6767,1.134375,-0.016884494237873648
0,38.6767,1.1375,-0.01697064585748901
0,38.6767,1.140625,-0.01705747462169261
0,38.6767,1.14375,-0.01714498769260553
0,38.6767,1.146875,-0.017233192327248802
0,38.6767,1.15,-0.017322095879051404
0,38.6767,1.153125,-0.017411705799386164
0,38.6767,1.15625,-0.017502029639134123
0,38.6767,1.159375,-0.017593075050278018
0,38.6767,1.1625,-0.017684849787525474
0,38.6767,1.165625,-0.017777361709962566
0,38.6767,1.16875,-0.01787061878273832
0,38.6767,1.171875,-0.01796462907878089
0,38.6767,1.175,-0.018059400780546075
0,38.6767,1.178125,-0.01815494218179887
0,38.6767,1.18125,-0.018251261689428703
0,38.6767,1.184375,-0.018348367825299212
0,38.6767,1.1875,-0.018446269228133146
0,38.6767,1.190625,-0.018544974655433307
0,38.6767,1.19375,-0.01864449298544022
0,38.6767,1.196875,-0.018744833219127358
0,38.6767,1.2,-0.01884600448223475
0,38.6767,1.203125,-0.01894801602734183
0,38.6767,1.20625,-0.019050877235980285
0,38.6767,1.209375,-0.019154597620788003
0,38.6767,1.2125,-0.019259186827704767
0,38.6767,1.215625,-0.019364654638210813
0,38.6767,1.21875,-0.019471010971609103
0,38.6767,1.221875,-0.01957826588735233
0,38.6767,1.225,-0.019686429587415656
0,38.6767,1.228125,-0.01979551241871616
0,38.6767,1.23125,-0.019905524875580116
0,38.6767,1.234375,-0.02001647760225911
0,38.6767,1.2375,-0.020128381395496105
0,38.6767,1.240625,-0.020241247207142685
0,38.6767,1.24375,-0.02035508614682844
0,38.6767,1.246875,-0.020469909484683947
0,38.6767,1.25,-0.020585728654118247
0,38.6767,1.253125,-0.020702555254652363
0,38.6767,1.25625,-0.020820401054809964
0,38.6767,1.259375,-0.020939277995066546
0,38.6767,1.2625,-0.0210591981908585
0,38.6767,1.265625,-0.021180173935653364
0,38.6767,1.26875,-0.02130221770408278
0,38.6767,1.271875,-0.021425342155139585
0,38.6767,1.275,-0.02154956013544046
0,38.6767,1.278125,-0.02167488468255579
0,38.6767,1.28125,-0.021801329028408194
0,38.6767,1.284375,-0.02192890660274137
0,38.6767,1.2875,-0.022057631036661033
0,38.6767,1.290625,-0.02218751616624939
0,38.6767,1.29375,-0.02231857603625523
0,38.6767,1.296875,-0.022450824903861053
0,38.6767,1.3,-0.022584277242529406
0,38.6767,1.303125,-0.02271894774593012
0,38.6767,1.30625,-0.022854851331950428
0,38.6767,1.309375,-0.022992003146790053
0,38.6767,1.3125,-0.023130418569143062
0,38.6767,1.315625,-0.023270113214468917
0,38.6767,1.31875,-0.023411102939354632
0,38.6767,1.321875,-0.02355340384597032
0,38.6767,1.325,-0.023697032286620484
0,38.6767,1.328125,-0.023842004868393222
0,38.6767,1.33125,-0.02398833845790991
0,38.6767,1.334375,-0.024136050186177774
0,38.6767,1.3375,-0.024285157453547843
0,38.6767,1.340625,-0.024435677934780946
0,38.6767,1.34375,-0.024587629584224373
0,38.6767,1.346875,-0.024741030641102002
0,38.6767,1.35,-0.024895899634920733
0,38.6767,1.353125,-0.02505225539099601
0,38.6767,1.35625,-0.025210117036099638
0,38.6767,1.359375,-0.025369504004232702
0,38.6767,1.3625,-0.02553043604252697
0,38.6767,1.365625,-0.025692933217277905
0,38.6767,1.36875,-0.025857015920112646
0,38.6767,1.371875,-0.026022704874296452
0,38.6767,1.375,-0.02619002114118099
0,38.6767,1.378125,-0.02635898612679827
0,38.6767,1.38125,-0.02652962158860387
0,38.6767,1.384375,-0.026701949642373286
0,38.6767,1.3875,-0.02687599276925542
0,38.6767,1.390625,-0.02705177382298718
0,38.6767,1.39375,-0.02722931603727344
0,38.6767,1.396875,-0.027408643033336722
0,38.6767,1.4,-0.027589778827640826
0,38.6767,1.403125,-0.02777274783979329
0,38.6767,1.40625,-0.027957574900630954
0,38.6767,1.409375,-0.02814428526049388
0,38.6767,1.4125,-0.02833290459769234
0,38.6767,1.415625,-0.028523459027172
0,38.6767,1.41875,-0.0287159751093828
0,38.6767,1.421875,-0.028910479859356557
0,38.6767,1.425,-0.0291070007559993
0,38.6767,1.428125,-0.02930556575160382
0,38.6767,1.43125,-0.029506203281588452
0,38.6767,1.434375,-0.02970894227446825
0,38.6767,1.4375,-0.029913812162064634
0,38.6767,1.440625,-0.030120842889960326
0,38.6767,1.44375,-0.030330064928205933
0,38.6767,1.446875,-0.03054150928228522
0,38.6767,1.45,-0.030755207504346224
0,38.6767,1.453125,-0.030971191704705192
0,38.6767,1.45625,-0.03118949456363134
0,38.6767,1.459375,-0.031410149343419846
0,38.6767,1.4625,-0.03163318990076113
0,38.6767,1.465625,-0.031858650699414896
0,38.6767,1.46875,-0.03208656682319703
0,38.6767,1.471875,-0.03231697398928856
0,38.6767,1.475,-0.03254990856187544
0,38.6767,1.478125,-0.0327854075661285
0,38.6767,1.48125,-0.033023508702533434
0,38.6767,1.484375,-0.03326425036158028
0,38.6767,1.4875,-0.03350767163882312
0,38.6767,1.490625,-0.033753812350320246
0,38.6767,1.49375,-0.03400271304846578
0,38.6767,1.496875,-0.03425441503822402
0,38.6767,1.5,-0.034508960393778015
0,38.6767,1.503125,-0.03476639197560446
0,38.6767,1.50625,-0.03502675344798719
0,38.6767,1.509375,-0.035290089296982
0,38.6767,1.5125000000000002,-0.03555644484884619
0,38.6767,1.515625,-0.035825866288945886
0,38.6767,1.51875,-0.036098400681156016
0,38.6767,1.521875,-0.03637409598776652
0,38.6767,1.525,-0.03665300108991043
0,38.6767,1.5281250000000002,-0.03693516580852917
0,38.6767,1.53125,-0.03722064092589045
0,38.6767,1.534375,-0.03750947820767642
0,38.6767,1.5375,-0.03780173042565787
0,38.6767,1.540625,-0.03809745138097294
0,38.6767,1.5437500000000002,-0.03839669592802834
0,38.6767,1.546875,-0.038699519999041414
0,38.6767,1.55,-0.03900598062924353
0,38.6767,1.553125,-0.03931613598276362
0,38.6767,1.55625,-0.03963004537921364
0,38.6767,1.5593750000000002,-0.03994776932099711
0,38.6767,1.5625,-0.040269369521362425
0,38.6767,1.565625,-0.04059490893322509
0,38.6767,1.56875,-0.04092445177878123
0,38.6767,1.571875,-0.041258063579937894
0,38.6767,1.5750000000000002,-0.04159581118958549
0,38.6767,1.578125,-0.04193776282373774
0,38.6767,1.58125,-0.042283988094567876
0,38.6767,1.584375,-0.04263455804436759
0,38.6767,1.5875,-0.04298954518045902
0,38.6767,1.5906250000000002,-0.04334902351108943
0,38.6767,1.59375,-0.04371306858233946
0,38.6767,1.596875,-0.04408175751607825
0,38.6767,1.6,-0.04445516904899738
0,38.6767,1.603125,-0.04483338357275955
0,38.6767,1.6062500000000002,-0.04521648317529714
0,38.6767,1.609375,-0.045604551683297495
0,38.6767,1.6125,-0.04599767470591441
0,38.6767,1.615625,-0.04639593967974414
0,38.6767,1.61875,-0.0467994359151083
0,38.6767,1.6218750000000002,-0.047208254643686005
0,38.6767,1.625,-0.04762248906753883
0,38.6767,1.628125,-0.04804223440957581
0,38.6767,1.63125,-0.04846758796550425
0,38.6767,1.634375,-0.04889864915731702
0,38.6767,1.6375000000000002,-0.04933551958836664
0,38.6767,1.640625,-0.04977830310007862
0,38.6767,1.64375,-0.05022710583036025
0,38.6767,1.646875,-0.05068203627375985
0,38.6767,1.65,-0.05114320534343688
0,38.6767,1.6531250000000002,-0.05161072643500336
0,38.6767,1.65625,-0.052084715492299614
0,38.6767,1.659375,-0.05256529107517113
0,38.6767,1.6625,-0.05305257442931344
0,38.6767,1.665625,-0.05354668955825652
0,38.6767,1.6687500000000002,-0.054047763297562196
0,38.6767,1.671875,-0.05455592539130953
0,38.6767,1.675,-0.05507130857094909
0,38.6767,1.678125,-0.05559404863660596
0,38.6767,1.68125,-0.05612428454091811
0,38.6767,1.6843750000000002,-0.056662158475498006
0,38.6767,1.6875,-0.05720781596010836
0,38.6767,1.690625,-0.05776140593464882
0,38.6767,1.69375,-0.058323080854050476
0,38.6767,1.696875,-0.05889299678618231
0,38.6767,1.7000000000000002,-0.0594713135128756
0,38.6767,1.703125,-0.06005819463417617
0,38.6767,1.70625,-0.06065380767594131
0,38.6767,1.709375,-0.06125832420089824
0,38.6767,1.7125,-0.06187191992329036
0,38.6767,1.7156250000000002,-0.06249477482723891
0,38.6767,1.71875,-0.0631270732889536
0,38.6767,1.721875,-0.06376900420293297
0,38.6767,1.725,-0.06442076111229647
0,38.6767,1.728125,-0.06508254234340087
0,38.6767,1.7312500000000002,-0.06575455114489559
0,38.6767,1.734375,-0.06643699583137902
0,38.6767,1.7375,-0.06713008993182643
0,38.6767,1.740625,-0.0678340523429615
0,38.6767,1.74375,-0.06854910748775675
0,38.6767,1.7468750000000002,-0.06927548547925065
0,38.6767,1.75,-0.070013422289878
0,38.6767,1.753125,-0.07076315992652026
0,38.6767,1.75625,-0.07152494661148606
0,38.6767,1.759375,-0.0722990369696456
0,38.6767,1.7625000000000002,-0.07308569222194794
0,38.6767,1.765625,-0.07388518038556009
0,38.6767,1.76875,-0.07469777648087879
0,38.6767,1.771875,-0.07552376274567114
0,38.6767,1.775,-0.07636342885661566
0,38.6767,1.7781250000000002,-0.07721707215852268
0,38.6767,1.78125,-0.07808499790152454
0,38.6767,1.784375,-0.07896751948654081
0,38.6767,1.7875,-0.0798649587193303
0,38.6767,1.790625,-0.08077764607345995
0,38.6767,1.7937500000000002,-0.08170592096253057
0,38.6767,1.796875,-0.08265013202201205
0,38.6767,1.8,-0.08361063740105969
0,38.6767,1.803125,-0.08458780506469125
0,38.6767,1.80625,-0.08558201310672528
0,38.6767,1.8093750000000002,-0.08659365007389473
0,38.6767,1.8125,-0.08762311530156436
0,38.6767,1.815625,-0.08867081926150339
0,38.6767,1.81875,-0.08973718392217464
0,38.6767,1.821875,-0.09082264312202648
0,38.6767,1.8250000000000002,-0.09192764295628986
0,38.6767,1.828125,-0.09305264217780075
0,38.6767,1.83125,-0.09419811261239433
0,38.6767,1.834375,-0.09536453958943045
0,38.6767,1.8375,-0.09655242238803871
0,38.6767,1.8406250000000002,-0.09776227469969036
0,38.6767,1.84375,-0.09899462510772625
0,38.6767,1.846875,-0.10025001758449936
0,38.6767,1.85,-0.10152901200680736
0,38.6767,1.853125,-0.10283218469032288
0,38.6767,1.8562500000000002,-0.10416012894375151
0,38.6767,1.859375,-0.10551345564347343
0,38.6767,1.8625,-0.10689279382945707
0,38.6767,1.865625,-0.10829879132325311
0,38.6767,1.86875,-0.10973211536891346
0,38.6767,1.8718750000000002,-0.11119345329770507
0,38.6767,1.875,-0.1126835132175158
0,38.6767,1.878125,-0.11420302472788751
0,38.6767,1.88125,-0.11575273966163097
0,38.6767,1.884375,-0.11733343285401754
0,38.6767,1.8875000000000002,-0.11894590294056817
0,38.6767,1.890625,-0.1205909731844899
0,38.6767,1.89375,-0.12226949233484712
0,38.6767,1.896875,-0.12398233551657561
0,38.6767,1.9,-0.12573040515348582
0,38.6767,1.9031250000000002,-0.12751463192542625
0,38.6767,1.90625,-0.12933597576080375
0,38.6767,1.909375,-0.1311954268656923
0,38.6767,1.9125,-0.13309400679077507
0,38.6767,1.915625,-0.13503276953739782
0,38.6767,1.9187500000000002,-0.1370128027040262
0,38.6767,1.921875,-0.1390352286744159
0,38.6767,1.925,-0.1411012058488257
0,38.6767,1.928125,-0.14321192991960038
0,38.6767,1.93125,-0.14536863519246734
0,38.6767,1.9343750000000002,-0.14757259595488195
0,38.6767,1.9375,-0.1498251278927474
0,38.6767,1.940625,-0.15212758955682756
0,38.6767,1.94375,-0.15448138388013338
0,38.6767,1.946875,-0.15688795974754005
0,38.6767,1.9500000000000002,-0.15934881361883907
0,38.6767,1.953125,-0.16186549120636676
0,38.6767,1.95625,-0.16443958920828564
0,38.6767,1.959375,-0.16707275709848654
0,38.6767,1.9625,-0.16976669897398278
0,38.6767,1.9656250000000002,-0.1725231754605233
0,38.6767,1.96875,-0.1753440056769919
0,38.6767,1.971875,-0.17823106925898397
0,38.6767,1.975,-0.1811863084417129
0,38.6767,1.978125,-0.18421173020216405
0,38.6767,1.9812500000000002,-0.1873094084601065
0,38.6767,1.984375,-0.19048148633723297
0,38.6767,1.9875,-0.1937301784733219
0,38.6767,1.990625,-0.1970577733978473
0,38.6767,1.99375,-0.200466635954975
0,38.6767,1.9968750000000002,-0.20395920977929144
0,38.6767,2.0,-0.20753801981895337
0,38.6767,2.003125,-0.21120567490221523
0,38.6767,2.00625,-0.2149648703424287
0,38.6767,2.0093750000000004,-0.218818390575674
0,38.6767,2.0125,-0.22276911182410966
0,38.6767,2.015625,-0.22682000477691885
0,38.6767,2.01875,-0.2309741372793778
0,38.6767,2.021875,-0.23523467701906553
0,38.6767,2.0250000000000004,-0.23960489419652425
0,38.6767,2.028125,-0.24408816416579454
0,38.6767,2.03125,-0.24868797002812223
0,38.6767,2.034375,-0.2534079051597696
0,38.6767,2.0375,-0.25825167565224183
0,38.6767,2.0406250000000004,-0.2632231026403017
0,38.6767,2.04375,-0.2683261244899047
0,38.6767,2.046875,-0.2735647988145757
0,38.6767,2.05,-0.278943304284749
0,38.6767,2.053125,-0.2844659421901935
0,38.6767,2.0562500000000004,-0.2901371377107433
0,38.6767,2.059375,-0.2959614408452004
0,38.6767,2.0625,-0.3019435269423335
0,38.6767,2.065625,-0.3080881967713973
0,38.6767,2.06875,-0.31440037606246746
0,38.6767,2.0718750000000004,-0.3208851144390601
0,38.6767,2.075,-0.3275475836569904
0,38.6767,2.078125,-0.3343930750541128
0,38.6767,2.08125,-0.3414269961054835
0,38.6767,2.084375,-0.34865486596754935
0,38.6767,2.0875000000000004,-0.3560823098831175
0,38.6767,2.090625,-0.3637150523061498
0,38.6767,2.09375,-0.37155890859174723
0,38.6767,2.096875,-0.3796197750821139
0,38.6767,2.1,-0.3879036174038143
0,38.6767,2.1031250000000004,-0.396416456775246
0,38.6767,2.10625,-0.4051643541061103
0,38.6767,2.109375,-0.41415339165274984
0,38.6767,2.1125,-0.4233896519747761
0,38.6767,2.115625,-0.4328791939195854
0,38.6767,2.1187500000000004,-0.4426280253423626
0,38.6767,2.121875,-0.4526420722504258
0,38.6767,2.125,-0.46292714404253826
0,38.6767,2.128125,-0.4734888944967263
0,38.6767,2.13125,-0.4843327781447631
0,38.6767,2.1343750000000004,-0.4954640016585064
0,38.6767,2.1375,-0.5068874698637071
0,38.6767,2.140625,-0.5186077259916567
0,38.6767,2.14375,-0.5306288857794548
0,38.6767,2.146875,-0.5429545650371475
0,38.6767,2.1500000000000004,-0.5555878003160991
0,38.6767,2.153125,-0.5685309623396809
0,38.6767,2.15625,-0.5817856618966416
0,38.6767,2.159375,-0.5953526479517836
0,38.6767,2.1625,-0.6092316978002656
0,38.6767,2.1656250000000004,-0.6234214991836441
0,38.6767,2.16875,-0.6379195244005461
0,38.6767,2.171875,-0.6527218965854203
0,38.6767,2.175,-0.6678232484980391
0,38.6767,2.178125,-0.6832165743670185
0,38.6767,2.1812500000000004,-0.698893075564825
0,38.6767,2.184375,-0.7148420011614958
0,38.6767,2.1875,-0.7310504847104916
0,38.6767,2.190625,-0.7475033789627555
0,38.6767,2.19375,-0.7641830905826826
0,38.6767,2.1968750000000004,-0.7810694173489442
0,38.6767,2.2,-0.7981393907586111
0,38.6767,2.203125,-0.8153671274065702
0,38.6767,2.20625,-0.8327236929728241
0,38.6767,2.209375,-0.8501769831035232
0,38.6767,2.2125000000000004,-0.8676916258993647
0,38.6767,2.215625,-0.8852289111057922
0,38.6767,2.21875,-0.9027467514078232
0,38.6767,2.221875,-0.9201996814399426
0,38.6767,2.225,-0.9375389001973775
0,38.6767,2.2281250000000004,-0.954712362446721
0,38.6767,2.23125,-0.9716649244491954
0,38.6767,2.234375,-0.9883385487984999
0,38.6767,2.2375,-1.0046725724115204
0,38.6767,2.240625,-1.0206040406756154
0,38.6767,2.2437500000000004,-1.0360681094420894
0,38.6767,2.246875,-1.0509985149664722
0,38.6767,2.25,-1.065328110052345
0,38.6767,2.253125,-1.0789894625947607
0,38.6767,2.25625,-1.091915510498802
0,38.6767,2.2593750000000004,-1.1040402646444814
0,38.6767,2.2625,-1.1152995492746995
0,38.6767,2.265625,-1.1256317670061757
0,38.6767,2.26875,-1.1349786737213707
0,38.6767,2.271875,-1.1432861470123648
0,38.6767,2.2750000000000004,-1.1505049307299275
0,38.6767,2.278125,-1.1565913376433001
0,38.6767,2.28125,-1.1615078923161881
0,38.6767,2.284375,-1.1652238970993054
0,38.6767,2.2875,-1.1677159056394417
0,38.6767,2.2906250000000004,-1.1689680904786737
0,38.6767,2.29375,-1.168972494092669
0,38.6767,2.296875,-1.1677291559828469
0,38.6767,2.3,-1.165246112049586
0,38.6767,2.303125,-1.161539266265142
0,38.6767,2.3062500000000004,-1.1566321384555278
0,38.6767,2.309375,-1.150555495610412
0,38.6767,2.3125,-1.1433468774017845
0,38.6767,2.315625,-1.1350500293620613
0,38.6767,2.31875,-1.1257142593396408
0,38.6767,2.3218750000000004,-1.1153937343427789
0,38.6767,2.325,-1.1041467356705401
0,38.6767,2.328125,-1.0920348903230077
0,38.6767,2.33125,-1.0791223961291996
0,38.6767,2.334375,-1.065475256908322
0,38.6767,2.3375000000000004,-1.0511605423888957
0,38.6767,2.340625,-1.0362456856655025
0,38.6767,2.34375,-1.0207978287944268
0,38.6767,2.346875,-1.0048832248343573
0,38.6767,2.35,-0.9885667023343733
0,38.6767,2.3531250000000004,-0.9719111960521694
0,38.6767,2.35625,-0.9549773456266077
0,38.6767,2.359375,-0.9378231620872131
0,38.6767,2.3625,-0.9205037604968033
0,38.6767,2.365625,-0.9030711557120926
0,38.6767,2.3687500000000004,-0.8855741172152504
0,38.6767,2.371875,-0.8680580782082606
0,38.6767,2.375,-0.8505650936529939
0,38.6767,2.378125,-0.8331338416572551
0,38.6767,2.38125,-0.8157996625204895
0,38.6767,2.3843750000000004,-0.7985946298301633
0,38.6767,2.3875,-0.7815476482085297
0,38.6767,2.390625,-0.7646845726187975
0,38.6767,2.39375,-0.7480283445210409
0,38.6767,2.396875,-0.7315991405963442
0,38.6767,2.4000000000000004,-0.7154145302110859
0,38.6767,2.403125,-0.6994896382538215
0,38.6767,2.40625,-0.6838373104307123
0,38.6767,2.409375,-0.6684682785406795
0,38.6767,2.4125,-0.6533913236604257
0,38.6767,2.4156250000000004,-0.6386134355467826
0,38.6767,2.41875,-0.6241399669061009
0,38.6767,2.421875,-0.6099747814862974
0,38.6767,2.425,-0.5961203952165415
0,38.6767,2.428125,-0.5825781098534253
0,38.6767,2.4312500000000004,-0.5693481387927588
0,38.6767,2.434375,-0.5564297248750236
0,38.6767,2.4375,-0.5438212501528551
0,38.6767,2.440625,-0.5315203377034451
0,38.6767,2.44375,-0.519523945660326
0,38.6767,2.4468750000000004,-0.5078284537105382
0,38.6767,2.45,-0.4964297423572415
0,38.6767,2.453125,-0.4853232652870276
0,38.6767,2.45625,-0.4745041152077733
0,38.6767,2.459375,-0.46396708353888916
0,38.6767,2.4625000000000004,-0.4537067143432323
0,38.6767,2.465625,-0.4437173528902609
0,38.6767,2.46875,-0.4339931892347652
0,38.6767,2.471875,-0.4245282971858673
0,38.6767,2.475,-0.415316669027988
0,38.6767,2.4781250000000004,-0.40635224634009093
0,38.6767,2.48125,-0.397628947242383
0,38.6767,2.484375,-0.3891406903814573
0,38.6767,2.4875,-0.3808814159460881
0,38.6767,2.490625,-0.3728451039868923
0,38.6767,2.4937500000000004,-0.3650257902942604
0,38.6767,2.496875,-0.35741758007048974
0,38.6767,2.5,-0.35001465961418743
0,38.6767,2.503125,-0.3428113062178472
0,38.6767,2.50625,-0.3358018964631341
0,38.6767,2.5093750000000004,-0.32898091308294275
0,38.6767,2.5125,-0.3223429505447142
0,38.6767,2.515625,-0.31588271949584984
0,38.6767,2.51875,-0.30959505019934724
0,38.6767,2.521875,-0.3034748950759397
0,38.6767,2.5250000000000004,-0.29751733045810086
0,38.6767,2.528125,-0.2917175576511656
0,38.6767,2.53125,-0.286070903387537
0,38.6767,2.534375,-0.2805728197514285
0,38.6767,2.5375,-0.2752188836437707
0,38.6767,2.5406250000000004,-0.2700047958497985
0,38.6767,2.54375,-0.264926379765319
0,38.6767,2.546875,-0.25997957983175424
0,38.6767,2.55,-0.25516045972468077
0,38.6767,2.553125,-0.2504652003357016
0,38.6767,2.5562500000000004,-0.2458900975830891
0,38.6767,2.559375,-0.24143156008263264
0,38.6767,2.5625,-0.23708610670653363
0,38.6767,2.565625,-0.23285036405494283
0,38.6767,2.56875,-0.2287210638618014
0,38.6767,2.5718750000000004,-0.22469504035403162
0,38.6767,2.575,-0.22076922758074938
0,38.6767,2.578125,-0.21694065672706497
0,38.6767,2.58125,-0.2132064534251408
0,38.6767,2.584375,-0.20956383507347207
0,38.6767,2.5875000000000004,-0.20601010817385337
0,38.6767,2.590625,-0.20254266569413293
0,38.6767,2.59375,-0.19915898446366181
0,38.6767,2.596875,-0.19585662260727568
0,38.6767,2.6,-0.19263321702269084
0,38.6767,2.6031250000000004,-0.18948648090536369
0,38.6767,2.60625,-0.18641420132411082
0,38.6767,2.609375,-0.18341423685013614
0,38.6767,2.6125,-0.18048451524153283
0,38.6767,2.615625,-0.17762303118481343
0,38.6767,2.6187500000000004,-0.17482784409458416
0,38.6767,2.621875,-0.1720970759720815
0,38.6767,2.625,-0.16942890932295637
0,38.6767,2.628125,-0.1668215851343971
0,38.6767,2.63125,-0.16427340091142048
0,38.6767,2.6343750000000004,-0.16178270877195103
0,38.6767,2.6375,-0.15934791360011247
0,38.6767,2.640625,-0.15696747125700203
0,38.6767,2.64375,-0.1546398868480842
0,38.6767,2.646875,-0.15236371304622287
0,38.6767,2.6500000000000004,-0.15013754846928487
0,38.6767,2.653125,-0.14796003611116645
0,38.6767,2.65625,-0.14582986182503876
0,38.6767,2.659375,-0.1437457528575602
0,38.6767,2.6625,-0.1417064764327666
0,38.6767,2.6656250000000004,-0.1397108383843278
0,38.6767,2.66875,-0.13775768183484013
0,38.6767,2.671875,-0.1358458859208198
0,38.6767,2.675,-0.1339743645620589
0,38.6767,2.678125,-0.13214206527400932
0,38.6767,2.6812500000000004,-0.13034796802187104
0,38.6767,2.684375,-0.12859108411507258
0,38.6767,2.6875,-0.12687045514085024
0,38.6767,2.690625,-0.12518515193565471
0,38.6767,2.69375,-0.12353427359313147
0,38.6767,2.6968750000000004,-0.12191694650745175
0,38.6767,2.7,-0.1203323234507924
0,38.6767,2.703125,-0.11877958268379465
0,38.6767,2.70625,-0.1172579270978603
0,38.6767,2.709375,-0.11576658338817032
0,38.6767,2.7125000000000004,-0.11430480125634586
0,38.6767,2.715625,-0.11287185264169704
0,38.6767,2.71875,-0.1114670309800399
0,38.6767,2.721875,-0.11008965048909156
0,38.6767,2.725,-0.10873904547948172
0,38.6767,2.7281250000000004,-0.10741456969045311
0,38.6767,2.73125,-0.10611559564934869
0,38.6767,2.734375,-0.10484151405401716
0,38.6767,2.7375,-0.10359173317729638
0,38.6767,2.740625,-0.10236567829276047
0,38.6767,2.7437500000000004,-0.10116279112094795
0,38.6767,2.746875,-0.09998252929531196
0,38.6767,2.75,-0.0988243658471629
0,38.6767,2.753125,-0.09768778870890017
0,38.6767,2.75625,-0.0965723002348515
0,38.6767,2.7593750000000004,-0.09547741673906754
0,38.6767,2.7625,-0.09440266804943889
0,38.6767,2.765625,-0.09334759707752914
0,38.6767,2.76875,-0.09231175940353924
0,38.6767,2.771875,-0.09129472287583848
0,38.6767,2.7750000000000004,-0.0902960672245211
0,38.6767,2.778125,-0.08931538368846512
0,38.6767,2.78125,-0.08835227465539149
0,38.6767,2.784375,-0.08740635331444128
0,38.6767,2.7875,-0.08647724332080406
0,38.6767,2.7906250000000004,-0.08556457847195145
0,38.6767,2.79375,-0.0846680023950444
0,38.6767,2.796875,-0.0837871682451005
0,38.6767,2.8,-0.08292173841352452
0,38.6767,2.803125,-0.08207138424661697
0,38.6767,2.8062500000000004,-0.08123578577369517
0,38.6767,2.809375,-0.0804146314444701
0,38.6767,2.8125,-0.07960761787534038
0,38.6767,2.815625,-0.07881444960427589
0,38.6767,2.81875,-0.07803483885397554
0,38.6767,2.8218750000000004,-0.07726850530299736
0,38.6767,2.825,-0.07651517586456914
0,38.6767,2.828125,-0.07577458447279992
0,38.6767,2.83125,-0.07504647187602453
0,38.6767,2.834375,-0.07433058543702058
0,38.6767,2.8375000000000004,-0.07362667893985095
0,38.6767,2.840625,-0.07293451240309104
0,38.6767,2.84375,-0.07225385189921163
0,38.6767,2.846875,-0.07158446937989646
0,38.6767,2.85,-0.07092614250708089
0,38.6767,2.8531250000000004,-0.07027865448950799
0,38.6767,2.85625,-0.06964179392460458
0,38.6767,2.859375,-0.06901535464548794
0,38.6767,2.8625,-0.06839913557292243
0,38.6767,2.865625,-0.06779294057204906
0,38.6767,2.8687500000000004,-0.06719657831372125
0,38.6767,2.871875,-0.0666098621402835
0,38.6767,2.875,-0.06603260993563743
0,38.6767,2.878125,-0.06546464399944596
0,38.6767,2.88125,-0.06490579092533
0,38.6767,2.8843750000000004,-0.06435588148291986
0,38.6767,2.8875,-0.06381475050362699
0,38.6767,2.890625,-0.06328223677000737
0,38.6767,2.89375,-0.06275818290859364
0,38.6767,2.896875,-0.06224243528607548
0,38.6767,2.9000000000000004,-0.0617348439087148
0,38.6767,2.903125,-0.06123526232488395
0,38.6767,2.90625,-0.060743547530621333
0,38.6767,2.909375,-0.060259559878102345
0,38.6767,2.9125,-0.05978316298692604
0,38.6767,2.9156250000000004,-0.059314223658123486
0,38.6767,2.91875,-0.058852611790795546
0,38.6767,2.921875,-0.0583982003012922
0,38.6767,2.925,-0.057950865044849115
0,38.6767,2.928125,-0.05751048473959866
0,38.6767,2.9312500000000004,-0.05707694089287757
0,38.6767,2.934375,-0.05665011772975435
0,38.6767,2.9375,-0.05622990212370392
0,38.6767,2.940625,-0.05581618352935897
0,38.6767,2.94375,-0.055408853917269706
0,38.6767,2.9468750000000004,-0.05500780771060683
0,38.6767,2.95,-0.05461294172374428
0,38.6767,2.953125,-0.0542241551026609
0,38.6767,2.95625,-0.05384134926710276
0,38.6767,2.959375,-0.05346442785444888
0,38.6767,2.9625000000000004,-0.05309329666522642
0,38.6767,2.965625,-0.052727863610221984
0,38.6767,2.96875,-0.05236803865913873
0,38.6767,2.971875,-0.05201373379075039
0,38.6767,2.975,-0.05166486294450458
0,38.6767,2.9781250000000004,-0.05132134197353019
0,38.6767,2.98125,-0.05098308859900448
0,38.6767,2.984375,-0.0506500223658376
0,38.6767,2.9875,-0.05032206459963395
0,38.6767,2.990625,-0.049999138364890255
0,38.6767,2.9937500000000004,-0.04968116842439266
0,38.6767,2.996875,-0.049368081199775773
0,38.6767,3.0,-0.04905980473320803
0,38.6767,3.0031250000000003,-0.048756268650169535
0,38.6767,3.00625,-0.04845740412328897
0,38.6767,3.009375,-0.04816314383720709
0,38.6767,3.0125,-0.04787342195443689
0,38.6767,3.015625,-0.04758817408219008
0,38.6767,3.0187500000000003,-0.047307337240140676
0,38.6767,3.021875,-0.04703084982909894
0,38.6767,3.025,-0.046758651600567594
0,38.6767,3.028125,-0.04649068362715539
0,38.6767,3.03125,-0.04622688827382233
0,38.6767,3.0343750000000003,-0.04596720916993241
0,38.6767,3.0375,-0.04571159118209093
0,38.6767,3.040625,-0.0454599803877429
0,38.6767,3.04375,-0.04521232404951171
0,38.6767,3.046875,-0.04496857059025637
0,38.6767,3.0500000000000003,-0.04472866956882668
0,38.6767,3.053125,-0.044492571656497545
0,38.6767,3.05625,-0.044260228614062334
0,38.6767,3.059375,-0.04403159326956766
0,38.6767,3.0625,-0.04380661949667154
0,38.6767,3.0656250000000003,-0.043585262193607435
0,38.6767,3.06875,-0.04336747726273828
0,38.6767,3.071875,-0.04315322159068359
0,38.6767,3.075,-0.04294245302900489
0,38.6767,3.078125,-0.042735130375434124
0,38.6767,3.0812500000000003,-0.042531213355630273
0,38.6767,3.084375,-0.04233066260545103
0,38.6767,3.0875,-0.04213343965372488
0,38.6767,3.090625,-0.0419395069055115
0,38.6767,3.09375,-0.041748827625837356
0,38.6767,3.0968750000000003,-0.041561365923894145
0,38.6767,3.1,-0.04137708673768885
0,38.6767,3.103125,-0.04119595581913327
0,38.6767,3.10625,-0.04101793971956268
0,38.6767,3.109375,-0.04084300577567268
0,38.6767,3.1125000000000003,-0.040671122095863745
0,38.6767,3.115625,-0.04050225754698406
0,38.6767,3.11875,-0.04033638174146051
0,38.6767,3.121875,-0.040173465024808994
0,38.6767,3.125,-0.040013478463514995
0,38.6767,3.1281250000000003,-0.03985639383327543
0,38.6767,3.13125,-0.03970218360759425
0,38.6767,3.134375,-0.039550820946722694
0,38.6767,3.1375,-0.039402279686937505
0,38.6767,3.140625,-0.03925653433014891
0,38.6767,3.1437500000000003,-0.03911356003383134
0,38.6767,3.146875,-0.038973332601270144
0,38.6767,3.15,-0.0388358284721173
0,38.6767,3.153125,-0.038701024713249856
0,38.6767,3.15625,-0.03856889900992494
0,38.6767,3.1593750000000003,-0.03843942965722506
0,38.6767,3.1625,-0.03831259555178841
0,38.6767,3.165625,-0.03818837618381807
0,38.6767,3.16875,-0.038066751629365334
0,38.6767,3.171875,-0.03794770254288181
0,38.6767,3.1750000000000003,-0.03783121015003521
0,38.6767,3.178125,-0.03771725624078454
0,38.6767,3.18125,-0.03760582316270977
0,38.6767,3.184375,-0.037496893814591946
0,38.6767,3.1875,-0.037390451640239575
0,38.6767,3.1906250000000003,-0.03728648062255706
0,38.6767,3.19375,-0.03718496527785192
0,38.6767,3.196875,-0.037085890650376624
0,38.6767,3.2,-0.03698924230710209
0,38.6767,3.203125,-0.03689500633271933
0,38.6767,3.2062500000000003,-0.036803169324866186
0,38.6767,3.209375,-0.03671371838957631
0,38.6767,3.2125,-0.036626641136947524
0,38.6767,3.215625,-0.03654192567702697
0,38.6767,3.21875,-0.03645956061591072
0,38.6767,3.2218750000000003,-0.036379535052055184
0,38.6767,3.225,-0.03630183857279865
0,38.6767,3.228125,-0.0362264612510905
0,38.6767,3.23125,-0.03615339364242648
0,38.6767,3.234375,-0.036082626781988314
0,38.6767,3.2375000000000003,-0.03601415218198588
0,38.6767,3.240625,-0.03594796182920072
0,38.6767,3.24375,-0.03588404818272954
0,38.6767,3.246875,-0.03582240417192639
0,38.6767,3.25,-0.035763023194542796
0,38.6767,3.2531250000000003,-0.03570589911506461
0,38.6767,3.25625,-0.03565102626324518
0,38.6767,3.259375,-0.035598399432833897
0,38.6767,3.2625,-0.035548013880499926
0,38.6767,3.265625,-0.03549986532495067
0,38.6767,3.2687500000000003,-0.03545394994624463
0,38.6767,3.271875,-0.03541026438529888
0,38.6767,3.275,-0.03536880574359095
0,38.6767,3.278125,-0.03532957158305549
0,38.6767,3.28125,-0.035292559926175984
0,38.6767,3.2843750000000003,-0.03525776925627202
0,38.6767,3.2875,-0.03522519851798267
0,38.6767,3.290625,-0.03519484711794684
0,38.6767,3.29375,-0.035166714925681374
0,38.6767,3.296875,-0.035140802274658024
0,38.6767,3.3000000000000003,-0.035117109963580355
0,38.6767,3.303125,-0.0350956392578621
0,38.6767,3.30625,-0.035076391891308144
0,38.6767,3.309375,-0.03505937006800004
0,38.6767,3.3125,-0.03504457646438758
0,38.6767,3.3156250000000003,-0.03503201423158845
0,38.6767,3.31875,-0.03502168699789807
0,38.6767,3.321875,-0.03501359887151164
0,38.6767,3.325,-0.035007754443461
0,38.6767,3.328125,-0.03500415879076867
0,38.6767,3.3312500000000003,-0.035002817479821896
0,38.6767,3.334375,-0.035003736569969385
0,38.6767,3.3375,-0.035006922617343963
0,38.6767,3.340625,-0.03501238267891427
0,38.6767,3.34375,-0.03502012431676878
0,38.6767,3.3468750000000003,-0.03503015560263592
0,38.6767,3.35,-0.03504248512264384
0,38.6767,3.353125,-0.03505712198232386
0,38.6767,3.35625,-0.035074075811861706
0,38.6767,3.359375,-0.0350933567716009
0,38.6767,3.3625000000000003,-0.03511497555780269
0,38.6767,3.365625,-0.035138943408667495
0,38.6767,3.36875,-0.035165272110622536
0,38.6767,3.371875,-0.03519397400488108
0,38.6767,3.375,-0.035225061994278495
0,38.6767,3.3781250000000003,-0.0352585495503908
0,38.6767,3.38125,-0.03529445072094167
0,38.6767,3.384375,-0.03533278013750378
0,38.6767,3.3875,-0.03537355302350109
0,38.6767,3.390625,-0.035416785202518425
0,38.6767,3.3937500000000003,-0.03546249310692556
0,38.6767,3.396875,-0.0355106937868225
0,38.6767,3.4000000000000004,-0.035561404919313866
0,38.6767,3.403125,-0.035614644818119774
0,38.6767,3.40625,-0.03567043244353138
0,38.6767,3.4093750000000003,-0.03572878741271935
0,38.6767,3.4125,-0.0357897300104039
0,38.6767,3.4156250000000004,-0.035853281199895545
0,38.6767,3.41875,-0.03591946263451554
0,38.6767,3.421875,-0.035988296669406006
0,38.6767,3.4250000000000003,-0.036059806373739595
0,38.6767,3.428125,-0.03613401554333903
0,38.6767,3.4312500000000004,-0.036210948713717564
0,38.6767,3.434375,-0.03629063117355113
0,38.6767,3.4375,-0.036373088978594245
0,38.6767,3.4406250000000003,-0.036458348966051254
0,38.6767,3.44375,-0.03654643876941557
0,38.6767,3.4468750000000004,-0.036637386833789934
0,38.6767,3.45,-0.0367312224317007
0,38.6767,3.453125,-0.03682797567942049
0,38.6767,3.4562500000000003,-0.03692767755381317
0,38.6767,3.459375,-0.037030359909716135
0,38.6767,3.4625000000000004,-0.03713605549787568
0,38.6767,3.465625,-0.037244797983450706
0,38.6767,3.46875,-0.03735662196510216
0,38.6767,3.4718750000000003,-0.037471562994684675
0,38.6767,3.475,-0.03758965759755857
0,38.6767,3.4781250000000004,-0.03771094329354052
0,38.6767,3.48125,-0.03783545861851184
0,38.6767,3.484375,-0.03796324314670442
0,38.6767,3.4875000000000003,-0.038094337513684476
0,38.6767,3.490625,-0.03822878344005551
0,38.6767,3.4937500000000004,-0.03836662375590245
0,38.6767,3.496875,-0.03850790242599955
0,38.6767,3.5,-0.038652664575805934
0,38.6767,3.5031250000000003,-0.03880095651827289
0,38.6767,3.50625,-0.038952825781488336
0,38.6767,3.5093750000000004,-0.03910832113718494
0,38.6767,3.5125,-0.03926749263013843
0,38.6767,3.515625,-0.03943039160848503
0,38.6767,3.5187500000000003,-0.03959707075498647
0,38.6767,3.521875,-0.03976758411927313
0,38.6767,3.5250000000000004,-0.03994198715109673
0,38.6767,3.528125,-0.040120336734624513
0,38.6767,3.53125,-0.04030269122380916
0,38.6767,3.5343750000000003,-0.04048911047886862
0,38.6767,3.5375,-0.04067965590391233
0,38.6767,3.5406250000000004,-0.04087439048575118
0,38.6767,3.54375,-0.041073378833929586
0,38.6767,3.546875,-0.04127668722202041
0,38.6767,3.5500000000000003,-0.04148438363022362
0,38.6767,3.553125,-0.04169653778931228
0,38.6767,3.5562500000000004,-0.041913221225970396
0,38.6767,3.559375,-0.0421345073095686
0,38.6767,3.5625,-0.04236047130042614
0,38.6767,3.5656250000000003,-0.04259119039960831
0,38.6767,3.56875,-0.042826743800311
0,38.6767,3.5718750000000004,-0.04306721274088605
0,38.6767,3.575,-0.04331268055956183
0,38.6767,3.578125,-0.043563232750917405
0,38.6767,3.5812500000000003,-0.04381895702416862
0,38.6767,3.584375,-0.044079943363328045
0,38.6767,3.5875000000000004,-0.04434628408930286
0,38.6767,3.590625,-0.04461807392399558
0,38.6767,3.59375,-0.04489541005647744
0,38.6767,3.5968750000000003,-0.04517839221130386
0,38.6767,3.6,-0.04546712271904635
0,38.6767,3.6031250000000004,-0.045761706589116755
0,38.6767,3.60625,-0.04606225158496176
0,38.6767,3.609375,-0.04636886830171051
0,38.6767,3.6125000000000003,-0.046681670246358734
0,38.6767,3.615625,-0.04700077392057706
0,38.6767,3.6187500000000004,-0.04732629890623488
0,38.6767,3.621875,-0.04765836795373203
0,38.6767,3.625,-0.04799710707323707
0,38.6767,3.6281250000000003,-0.04834264562893118
0,38.6767,3.63125,-0.048695116436362276
0,38.6767,3.6343750000000004,-0.04905465586301749
0,38.6767,3.6375,-0.049421403932223884
0,38.6767,3.640625,-0.04979550443049427
0,38.6767,3.6437500000000003,-0.05017710501843583
0,38.6767,3.646875,-0.05056635734534517
0,38.6767,3.6500000000000004,-0.050963417167617715
0,38.6767,3.653125,-0.05136844447110151
0,38.6767,3.65625,-0.051781603597533074
0,38.6767,3.6593750000000003,-0.052203063375194245
0,38.6767,3.6625,-0.05263299725393539
0,38.6767,3.6656250000000004,-0.05307158344471543
0,38.6767,3.66875,-0.05351900506381113
0,38.6767,3.671875,-0.053975450281857004
0,38.6767,3.6750000000000003,-0.05444111247787811
0,38.6767,3.678125,-0.054916190398485554
0,38.6767,3.6812500000000004,-0.055400888322409324
0,38.6767,3.684375,-0.055895416230546044
0,38.6767,3.6875,-0.056399989981708
0,38.6767,3.6906250000000003,-0.056914831494261
0,38.6767,3.69375,-0.05744016893384643
0,38.6767,3.6968750000000004,-0.05797623690738795
0,38.6767,3.7,-0.05852327666358562
0,38.6767,3.703125,-0.05908153630010953
0,38.6767,3.7062500000000003,-0.05965127097770577
0,38.6767,3.709375,-0.060232743141434716
0,38.6767,3.7125000000000004,-0.06082622274926677
0,38.6767,3.715625,-0.06143198750826175
0,38.6767,3.71875,-0.06205032311856689
0,38.6767,3.7218750000000003,-0.06268152352546806
0,38.6767,3.725,-0.0633258911797343
0,38.6767,3.7281250000000004,-0.06398373730649984
0,38.6767,3.73125,-0.06465538218292619
0,38.6767,3.734375,-0.06534115542489434
0,38.6767,3.7375000000000003,-0.06604139628297295
0,38.6767,3.740625,-0.0667564539479119
0,38.6767,3.7437500000000004,-0.06748668786591037
0,38.6767,3.746875,-0.06823246806390318
0,38.6767,3.75,-0.06899417548511214
0,38.6767,3.7531250000000003,-0.069772202335099
0,38.6767,3.75625,-0.07056695243855479
0,38.6767,3.7593750000000004,-0.07137884160705299
0,38.6767,3.7625,-0.07220829801798008
0,38.6767,3.765625,-0.0730557626048528
0,38.6767,3.7687500000000003,-0.07392168945920978
0,38.6767,3.771875,-0.0748065462442534
0,38.6767,3.7750000000000004,-0.07571081462039751
0,38.6767,3.778125,-0.0766349906828494
0,38.6767,3.78125,-0.0775795854113335
0,38.6767,3.7843750000000003,-0.07854512513202687
0,38.6767,3.7875,-0.07953215199174367
0,38.6767,3.7906250000000004,-0.0805412244443662
0,38.6767,3.79375,-0.08157291774946601
0,38.6767,3.796875,-0.08262782448301434
0,38.6767,3.8000000000000003,-0.08370655506001135
0,38.6767,3.803125,-0.08480973826880003
0,38.6767,3.8062500000000004,-0.08593802181675342
0,38.6767,3.809375,-0.08709207288693029
0,38.6767,3.8125,-0.0882725787052057
0,38.6767,3.8156250000000003,-0.08948024711726356
0,38.6767,3.81875,-0.09071580717472076
0,38.6767,3.8218750000000004,-0.09198000972951563
0,38.6767,3.825,-0.09327362803553378
0,38.6767,3.828125,-0.09459745835628307
0,38.6767,3.8312500000000003,-0.09595232057723
0,38.6767,3.834375,-0.09733905882120504
0,38.6767,3.8375000000000004,-0.09875854206505047
0,38.6767,3.840625,-0.10021166475541819
0,38.6767,3.84375,-0.10169934742134853
0,38.6767,3.8468750000000003,-0.10322253728093281
0,38.6767,3.85,-0.1047822088390187
0,38.6767,3.8531250000000004,-0.1063793644725311
0,38.6767,3.85625,-0.10801503499954715
0,38.6767,3.859375,-0.10969028022780666
0,38.6767,3.8625000000000003,-0.11140618947781168
0,38.6767,3.865625,-0.11316388207510847
0,38.6767,3.8687500000000004,-0.11496450780572523
0,38.6767,3.871875,-0.11680924732804689
0,38.6767,3.875,-0.1186993125336765
0,38.6767,3.8781250000000003,-0.12063594684900279
0,38.6767,3.88125,-0.12262042546831046
0,38.6767,3.8843750000000004,-0.12465405550829939
0,38.6767,3.8875,-0.12673817607280996
0,38.6767,3.890625,-0.12887415821541678
0,38.6767,3.8937500000000003,-0.13106340478628756
0,38.6767,3.896875,-0.13330735014836045
0,38.6767,3.9000000000000004,-0.13560745974642832
0,38.6767,3.903125,-0.13796522951112525
0,38.6767,3.90625,-0.14038218507812478
0,38.6767,3.9093750000000003,-0.1428598808010089
0,38.6767,3.9125,-0.1453998985343155
0,38.6767,3.9156250000000004,-0.14800384616117046
0,38.6767,3.91875,-0.1506733558376618
0,38.6767,3.921875,-0.15341008192375477
0,38.6767,3.9250000000000003,-0.1562156985680095
0,38.6767,3.928125,-0.15909189691072598
0,38.6767,3.9312500000000004,-0.1620403818673622
0,38.6767,3.934375,-0.16506286845115642
0,38.6767,3.9375,-0.16816107759090623
0,38.6767,3.9406250000000003,-0.17133673139674568
0,38.6767,3.94375,-0.1745915478236287
0,38.6767,3.9468750000000004,-0.17792723467905386
0,38.6767,3.95,-0.18134548291839164
0,38.6767,3.953125,-0.18484795916810715
0,38.6767,3.9562500000000003,-0.18843629741417986
0,38.6767,3.959375,-0.19211208979028094
0,38.6767,3.9625000000000004,-0.19587687639779777
0,38.6767,3.965625,-0.19973213408771318
0,38.6767,3.96875,-0.20367926413282994
0,38.6767,3.9718750000000003,-0.20771957871793031
0,38.6767,3.975,-0.21185428617543908
0,38.6767,3.9781250000000004,-0.2160844748951504
0,38.6767,3.98125,-0.22041109583879
0,38.6767,3.984375,-0.22483494359393583
0,38.6767,3.9875000000000003,-0.22935663590726205
0,38.6767,3.990625,-0.23397659164462226
0,38.6767,3.9937500000000004,-0.23869500713539465
0,38.6767,3.996875,-0.24351183087112144
0,38.6767,4.0,-0.24842673654423986
0,38.6767,4.003125000000001,-0.25343909443186907
0,38.6767,4.00625,-0.25854794115270996
0,38.6767,4.009375,-0.26375194785246886
0,38.6767,4.0125,-0.26904938690508445
0,38.6767,4.015625,-0.2744380972540815
0,38.6767,4.018750000000001,-0.27991544856039435
0,38.6767,4.021875,-0.28547830437067145
0,38.6767,4.025,-0.29112298457318186
0,38.6767,4.028125,-0.2968452274669278
0,38.6767,4.03125,-0.3026401518334947
0,38.6767,4.034375000000001,-0.30850221946956125
0,38.6767,4.0375,-0.3144251987106158
0,38.6767,4.040625,-0.3204021295519098
0,38.6767,4.04375,-0.32642529104960244
0,38.6767,4.046875,-0.3324861717619322
0,38.6767,4.050000000000001,-0.3385754440642988
0,38.6767,4.053125,-0.3446829432412098
0,38.6767,4.05625,-0.3507976523186597
0,38.6767,4.059375,-0.35690769364909625
0,38.6767,4.0625,-0.36300032829408324
0,38.6767,4.065625000000001,-0.3690619642623035
0,38.6767,4.06875,-0.3750781746488173
0,38.6767,4.071875,-0.3810337266807504
0,38.6767,4.075,-0.38691262260065495
0,38.6767,4.078125,-0.3926981532082789
0,38.6767,4.081250000000001,-0.39837296473087225
0,38.6767,4.084375,-0.4039191395001137
0,38.6767,4.0875,-0.40931829067939784
0,38.6767,4.090625,-0.4145516710098197
0,38.6767,4.09375,-0.41960029523022746
0,38.6767,4.096875000000001,-0.42444507548109867
0,38.6767,4.1,-0.42906696863199434
0,38.6767,4.103125,-0.4334471340877242
0,38.6767,4.10625,-0.43756710024143836
0,38.6767,4.109375,-0.44140893736804776
0,38.6767,4.112500000000001,-0.4449554344037967
0,38.6767,4.115625,-0.44819027675414547
0,38.6767,4.11875,-0.45109822202825717
0,38.6767,4.121875,-0.45366527042951194
0,38.6767,4.125,-0.45587882645091454
0,38.6767,4.128125000000001,-0.45772784854191545
0,38.6767,4.13125,-0.4592029835357106
0,38.6767,4.134375,-0.46029668285517644
0,38.6767,4.1375,-0.4610032978481927
0,38.6767,4.140625,-0.4613191520310478
0,38.6767,4.143750000000001,-0.4612425885286406
0,38.6767,4.146875,-0.4607739915748735
0,38.6767,4.15,-0.45991578155480184
0,38.6767,4.153125,-0.4586723837083054
0,38.6767,4.15625,-0.4570501712485927
0,38.6767,4.159375000000001,-0.45505738425341563
0,38.6767,4.1625,-0.4527040262396576
0,38.6767,4.165625,-0.45000174081309896
0,38.6767,4.16875,-0.44696367117875235
0,38.6767,4.171875,-0.44360430559167807
0,38.6767,4.175000000000001,-0.43993931201756814
0,38.6767,4.178125,-0.4359853653551848
0,38.6767,4.18125,-0.4317599705526953
0,38.6767,4.184375,-0.427281284835011
0,38.6767,4.1875,-0.4225679420605775
0,38.6767,4.190625000000001,-0.4176388819580658
0,38.6767,4.19375,-0.41251318667133524
0,38.6767,4.196875,-0.40720992668141875
0,38.6767,4.2,-0.4017480177932125
0,38.6767,4.203125,-0.3961460904868441
0,38.6767,4.206250000000001,-0.3904223725533187
0,38.6767,4.209375,-0.38459458557202286
0,38.6767,4.2125,-0.3786798554535158
0,38.6767,4.215625,-0.37269463697164407
0,38.6767,4.21875,-0.3666546519486196
0,38.6767,4.221875000000001,-0.36057484053824795
0,38.6767,4.225,-0.35446932487600347
0,38.6767,4.228125,-0.3483513842293613
0,38.6767,4.23125,-0.3422334406853995
0,38.6767,4.234375,-0.33612705435154133
0,38.6767,4.237500000000001,-0.33004292701604615
0,38.6767,4.240625,-0.32399091321262535
0,38.6767,4.24375,-0.3179800376542856
0,38.6767,4.246875,-0.3120185180408148
0,38.6767,4.25,-0.3061137922977656
0,38.6767,4.253125000000001,-0.30027254936907627
0,38.6767,4.25625,-0.2945007627566558
0,38.6767,4.259375,-0.2888037260756954
0,38.6767,4.2625,-0.2831860899716363
0,38.6767,4.265625,-0.27765189982120875
0,38.6767,4.268750000000001,-0.27220463371462966
0,38.6767,4.271875,-0.2668472402871042
0,38.6767,4.275,-0.2615821760346042
0,38.6767,4.278125,-0.25641144181085856
0,38.6767,4.28125,-0.25133661825889886
0,38.6767,4.284375000000001,-0.2463588999816781
0,38.6767,4.2875,-0.24147912830173882
0,38.6767,4.290625,-0.23669782250006854
0,38.6767,4.29375,-0.23201520945938156
0,38.6767,4.296875,-0.22743125166712214
0,38.6767,4.300000000000001,-0.22294567355930156
0,38.6767,4.303125,-0.21855798620778583
0,38.6767,4.30625,-0.21426751037151265
0,38.6767,4.309375,-0.21007339794671054
0,38.6767,4.3125,-0.20597465186265113
0,38.6767,4.315625000000001,-0.20197014447855577
0,38.6767,4.31875,-0.1980586345439335
0,38.6767,4.321875,-0.19423878278941506
0,38.6767,4.325,-0.1905091662183414
0,38.6767,4.328125,-0.1868682911710055
0,38.6767,4.331250000000001,-0.18331460523412768
0,38.6767,4.334375,-0.17984650806771224
0,38.6767,4.3375,-0.17646236122029293
0,38.6767,4.340625,-0.1731604970018745
0,38.6767,4.34375,-0.1699392264815579
0,38.6767,4.346875000000001,-0.1667968466743365
0,38.6767,4.35,-0.16373164697865072
0,38.6767,4.353125,-0.16074191492326947
0,38.6767,4.35625,-0.1578259412789912
0,38.6767,4.359375,-0.15498202458740915
0,38.6767,4.362500000000001,-0.15220847515589572
0,38.6767,4.365625,-0.14950361856478392
0,38.6767,4.36875,-0.1468657987296687
0,38.6767,4.371875,-0.14429338055882662
0,38.6767,4.375,-0.14178475224282777
0,38.6767,4.378125000000001,-0.13933832721075134
0,38.6767,4.38125,-0.13695254578477148
0,38.6767,4.384375,-0.13462587656242042
0,38.6767,4.3875,-0.13235681755354345
0,38.6767,4.390625,-0.13014389709671886
0,38.6767,4.393750000000001,-0.12798567457792295
0,38.6767,4.396875,-0.12588074097227245
0,38.6767,4.4,-0.1238277192278949
0,38.6767,4.403125,-0.1218252645093511
0,38.6767,4.40625,-0.11987206431644568
0,38.6767,4.409375000000001,-0.11796683849289047
0,38.6767,4.4125,-0.11610833913794008
0,38.6767,4.415625,-0.11429535043290934
0,38.6767,4.41875,-0.11252668839339457
0,38.6767,4.421875,-0.11080120055695021
0,38.6767,4.425000000000001,-0.10911776561507751
0,38.6767,4.428125,-0.10747529299749152
0,38.6767,4.43125,-0.10587272241584549
0,38.6767,4.434375,-0.10430902337339543
0,38.6767,4.4375,-0.10278319464638745
0,38.6767,4.440625000000001,-0.1012942637423923
0,38.6767,4.44375,-0.09984128634023802
0,38.6767,4.446875,-0.09842334571569644
0,38.6767,4.45,-0.09703955215664843
0,38.6767,4.453125,-0.09568904237100576
0,38.6767,4.456250000000001,-0.09437097889033204
0,38.6767,4.459375,-0.09308454947174458
0,38.6767,4.4625,-0.09182896650037556
0,38.6767,4.465625,-0.09060346639441447
0,38.6767,4.46875,-0.08940730901447215
0,38.6767,4.471875000000001,-0.08823977707881421
0,38.6767,4.475,-0.08710017558578977
0,38.6767,4.478125,-0.08598783124460031
0,38.6767,4.48125,-0.08490209191540703
0,38.6767,4.484375,-0.08384232605959951
0,38.6767,4.487500000000001,-0.08280792220094661
0,38.6767,4.490625,-0.08179828839821376
0,38.6767,4.49375,-0.08081285172972834
0,38.6767,4.496875,-0.07985105779029515
0,38.6767,4.5,-0.0789123702007562
0,38.6767,4.503125000000001,-0.07799627013044014
0,38.6767,4.50625,-0.07710225583266508
0,38.6767,4.509375,-0.0762298421934023
0,38.6767,4.5125,-0.07537856029316964
0,38.6767,4.515625,-0.07454795698215703
0,38.6767,4.518750000000001,-0.07373759446856877
0,38.6767,4.521875,-0.0729470499201194
0,38.6767,4.525,-0.07217591507859038
0,38.6767,4.528125,-0.07142379588734092
0,38.6767,4.53125,-0.07069031213162337
0,38.6767,4.534375000000001,-0.06997509709155462
0,38.6767,4.5375,-0.06927779720756555
0,38.6767,4.540625,-0.06859807175813672
0,38.6767,4.54375,-0.06793559254962749
0,38.6767,4.546875,-0.0672900436179769
0,38.6767,4.550000000000001,-0.06666112094206425
0,38.6767,4.553125,-0.06604853216849786
0,38.6767,4.55625,-0.06545199634759553
0,38.6767,4.559375,-0.06487124368032327
0,38.6767,4.5625,-0.06430601527593811
0,38.6767,4.565625000000001,-0.06375606292009287
0,38.6767,4.56875,-0.06322114885314513
0,38.6767,4.571875,-0.06270104555841055
0,38.6767,4.575,-0.06219553556010357
0,38.6767,4.578125,-0.061704411230690655
0,38.6767,4.581250000000001,-0.06122747460738977
0,38.6767,4.584375,-0.060764537217535886
0,38.6767,4.5875,-0.06031541991252616
0,38.6767,4.590625,-0.059879952710058436
0,38.6767,4.59375,-0.059457974644356384
0,38.6767,4.596875000000001,-0.05904933362407668
0,38.6767,4.6,-0.058653886297574946
0,38.6767,4.603125,-0.05827149792519475
0,38.6767,4.60625,-0.057902042258235586
0,38.6767,4.609375,-0.05754540142422781
0,38.6767,4.612500000000001,-0.05720146581813418
0,38.6767,4.615625,-0.05687013399906885
0,38.6767,4.61875,-0.05655131259210057
0,38.6767,4.621875,-0.056244916194683775
0,38.6767,4.625,-0.055950867287221484
0,38.6767,4.628125000000001,-0.05566909614723705
0,38.6767,4.63125,-0.05539954076658709
0,38.6767,4.634375,-0.055142146771104954
0,38.6767,4.6375,-0.0548968673420187
0,38.6767,4.640625,-0.054663663138427604
0,38.6767,4.643750000000001,-0.05444250222006748
0,38.6767,4.646875,-0.05423335996952555
0,38.6767,4.65,-0.054036219012993075
0,38.6767,4.653125,-0.053851069138567596
0,38.6767,4.65625,-0.05367790721102378
0,38.6767,4.659375000000001,-0.05351673708188183
0,38.6767,4.6625,-0.05336756949349432
0,38.6767,4.665625,-0.053230421975759355
0,38.6767,4.66875,-0.0531053187339467
0,38.6767,4.671875,-0.052992290525985426
0,38.6767,4.675000000000001,-0.0528913745274209
0,38.6767,4.678125,-0.052802614182090035
0,38.6767,4.68125,-0.05272605903639603
0,38.6767,4.684375,-0.05266176455488458
0,38.6767,4.6875,-0.05260979191462873
0,38.6767,4.690625000000001,-0.05257020777572583
0,38.6767,4.69375,-0.05254308402499061
0,38.6767,4.696875,-0.05252849748969817
0,38.6767,4.7,-0.052526529617988406
0,38.6767,4.703125,-0.052537266122288755
0,38.6767,4.706250000000001,-0.052560796581849
0,38.6767,4.709375,-0.05259721400020874
0,38.6767,4.7125,-0.0526466143131397
0,38.6767,4.715625,-0.05270909584232129
0,38.6767,4.71875,-0.052784758689725673
0,38.6767,4.721875000000001,-0.05287370406740848
0,38.6767,4.725,-0.052976033557130285
0,38.6767,4.728125,-0.05309184829398051
0,38.6767,4.73125,-0.053221248067940055
0,38.6767,4.734375,-0.05336433033712161
0,38.6767,4.737500000000001,-0.053521189146264844
0,38.6767,4.740625,-0.05369191394396153
0,38.6767,4.74375,-0.053876588292050595
0,38.6767,4.746875,-0.05407528846066965
0,38.6767,4.75,-0.05428808190260737
0,38.6767,4.753125000000001,-0.05451502560087364
0,38.6767,4.75625,-0.05475616428383181
0,38.6767,4.759375,-0.05501152850283638
0,38.6767,4.7625,-0.05528113256811502
0,38.6767,4.765625,-0.055564972339671836
0,38.6767,4.768750000000001,-0.05586302287127854
0,38.6767,4.771875,-0.056175235907218284
0,38.6767,4.775,-0.05650153723337514
0,38.6767,4.778125,-0.05684182388655309
0,38.6767,4.78125,-0.05719596122861465
0,38.6767,4.784375000000001,-0.05756377989515307
0,38.6767,4.7875,-0.05794507263200967
0,38.6767,4.790625,-0.058339591037023346
0,38.6767,4.79375,-0.05874704222896151
0,38.6767,4.796875,-0.05916708547065414
0,38.6767,4.800000000000001,-0.05959932877888404
0,38.6767,4.803125,-0.06004332555957873
0,38.6767,4.80625,-0.0604985713132241
0,38.6767,4.809375,-0.060964500462092445
0,38.6767,4.8125,-0.06144048335775836
0,38.6767,4.815625000000001,-0.06192582353427591
0,38.6767,4.81875,-0.062419755279163824
0,38.6767,4.821875,-0.06292144160074027
0,38.6767,4.825,-0.06342997267609855
0,38.6767,4.828125,-0.06394436486883766
0,38.6767,4.831250000000001,-0.06446356040917502
0,38.6767,4.834375,-0.06498642783093955
0,38.6767,4.8375,-0.06551176325975663
0,38.6767,4.840625,-0.06603829264409146
0,38.6767,4.84375,-0.06656467501535432
0,38.6767,4.846875000000001,-0.06708950685459195
0,38.6767,4.85,-0.06761132763113674
0,38.6767,4.853125,-0.06812862656272456
0,38.6767,4.85625,-0.06863985062691551
0,38.6767,4.859375,-0.06914341383023942
0,38.6767,4.862500000000001,-0.0696377077144988
0,38.6767,4.865625,-0.07012111304955448
0,38.6767,4.86875,-0.07059201262927083
0,38.6767,4.871875,-0.07104880505293942
0,38.6767,4.875,-0.07148991933948229
0,38.6767,4.878125000000001,-0.07191383018722959
0,38.6767,4.88125,-0.07231907365946844
0,38.6767,4.884375,-0.07270426304668838
0,38.6767,4.8875,-0.07306810463197232
0,38.6767,4.890625,-0.07340941306773564
0,38.6767,4.893750000000001,-0.07372712606122417
0,38.6767,4.896875,-0.07402031806392109
0,38.6767,4.9,-0.0742882126669745
0,38.6767,4.903125,-0.07453019342128672
0,38.6767,4.90625,-0.07474581282691903
0,38.6767,4.909375000000001,-0.0749347992713821
0,38.6767,4.9125,-0.07509706173922288
0,38.6767,4.915625,-0.07523269216463713
0,38.6767,4.91875,-0.07534196535286426
0,38.6767,4.921875,-0.07542533645282329
0,38.6767,4.925000000000001,-0.07548343602062768
0,38.6767,4.928125,-0.07551706276907334
0,38.6767,4.93125,-0.0755271741498056
0,38.6767,4.934375,-0.07551487496074621
0,38.6767,4.9375,-0.07548140420992341
0,38.6767,4.940625000000001,-0.07542812049691153
0,38.6767,4.94375,-0.0753564861939195
0,38.6767,4.946875,-0.07526805071988868
0,38.6767,4.95,-0.07516443320295099
0,38.6767,4.953125,-0.07504730481983724
0,38.6767,4.956250000000001,-0.07491837108625096
0,38.6767,4.959375,-0.07477935435103483
0,38.6767,4.9625,-0.0746319767205434
0,38.6767,4.965625,-0.07447794360948505
0,38.6767,4.96875,-0.07431892808209528
0,38.6767,4.971875000000001,-0.07415655611430076
0,38.6767,4.975,-0.07399239287482914
0,38.6767,4.978125,-0.0738279300921682
0,38.6767,4.98125,-0.07366457454582596
0,38.6767,4.984375,-0.07350363769521719
0,38.6767,4.987500000000001,-0.07334632643823775
0,38.6767,4.990625,-0.07319373497448267
0,38.6767,4.99375,-0.07304683773525363
0,38.6767,4.996875,-0.07290648333394459
0,38.6767,5.0,-0.07277338948589704
0,38.6767,5.003125,-0.07264813884609743
0,38.6767,5.0062500000000005,-0.07253117571574089
0,38.6767,5.009375,-0.07242280357426159
0,38.6767,5.0125,-0.07232318340141206
0,38.6767,5.015625,-0.07223233276382393
0,38.6767,5.01875,-0.07215012565162557
0,38.6767,5.0218750000000005,-0.07207629306255206
0,38.6767,5.025,-0.07201042434296884
0,38.6767,5.028125,-0.07195196930674927
0,38.6767,5.03125,-0.07190024116341948
0,38.6767,5.034375,-0.07185442029582781
0,38.6767,5.0375000000000005,-0.07181355893426282
0,38.6767,5.040625,-0.07177658677790061
0,38.6767,5.04375,-0.07174231761523019
0,38.6767,5.046875,-0.07170945699226079
0,38.6767,5.05,-0.07167661097051675
0,38.6767,5.0531250000000005,-0.07164229600583989
0,38.6767,5.05625,-0.07160494996373995
0,38.6767,5.059375,-0.07156294426751159
0,38.6767,5.0625,-0.0715145971518059
0,38.6767,5.065625,-0.0714581879672304
0,38.6767,5.0687500000000005,-0.07139197245150368
0,38.6767,5.071875,-0.07131419885056228
0,38.6767,5.075,-0.07122312473987326
0,38.6767,5.078125,-0.07111703436329593
0,38.6767,5.08125,-0.0709942562755449
0,38.6767,5.0843750000000005,-0.07085318104611703
0,38.6767,5.0875,-0.07069227875895502
0,38.6767,5.090625,-0.07051011602456714
0,38.6767,5.09375,-0.07030537221110372
0,38.6767,5.096875,-0.07007685459905871
0,38.6767,5.1000000000000005,-0.06982351217156614
0,38.6767,5.103125,-0.06954444776904983
0,38.6767,5.10625,-0.06923892836317781
0,38.6767,5.109375,-0.06890639324013781
0,38.6767,5.1125,-0.06854645992617817
0,38.6767,5.1156250000000005,-0.06815892773774448
0,38.6767,5.11875,-0.06774377889260814
0,38.6767,5.121875,-0.06730117717509448
0,38.6767,5.125,-0.0668314642056987
0,38.6767,5.128125,-0.06633515342079964
0,38.6767,5.1312500000000005,-0.06581292191974451
0,38.6767,5.134375,-0.0652656003823716
0,38.6767,5.1375,-0.06469416129847647
0,38.6767,5.140625,-0.06409970578063175
0,38.6767,5.14375,-0.06348344925237016
0,38.6767,5.1468750000000005,-0.06284670631476572
0,38.6767,5.15,-0.06219087509604499
0,38.6767,5.153125,-0.061517421381591275
0,38.6767,5.15625,-0.06082786280649405
0,38.6767,5.159375,-0.06012375337080026
0,38.6767,5.1625000000000005,-0.05940666851022294
0,38.6767,5.165625,-0.05867819092369755
0,38.6767,5.16875,-0.05793989732530971
0,38.6767,5.171875,-0.05719334625316629
0,38.6767,5.175,-0.05644006703299645
0,38.6767,5.1781250000000005,-0.05568154996078734
0,38.6767,5.18125,-0.054919237737477145
0,38.6767,5.184375,-0.05415451816034901
0,38.6767,5.1875,-0.053388718050801726
0,38.6767,5.190625,-0.052623098376882
0,38.6767,5.1937500000000005,-0.05185885051148859
0,38.6767,5.196875,-0.05109709355344197
0,38.6767,5.2,-0.05033887262848561
0,38.6767,5.203125,-0.04958515808049828
0,38.6767,5.20625,-0.048836845459388316
0,38.6767,5.2093750000000005,-0.048094756210962444
0,38.6767,5.2125,-0.04735963897510021
0,38.6767,5.215625,-0.04663217140142488
0,38.6767,5.21875,-0.04591296239597483
0,38.6767,5.221875,-0.04520255471776602
0,38.6767,5.2250000000000005,-0.0445014278502967
0,38.6767,5.228125,-0.04381000107968391
0,38.6767,5.23125,-0.043128636717990415
0,38.6767,5.234375,-0.04245764341721526
0,38.6767,5.2375,-0.04179727952618919
0,38.6767,5.2406250000000005,-0.04114775644913595
0,38.6767,5.24375,-0.04050924197081945
0,38.6767,5.246875,-0.03988186351892821
0,38.6767,5.25,-0.039265711339623866
0,38.6767,5.253125,-0.03866084156695214
0,38.6767,5.2562500000000005,-0.03806727917110244
0,38.6767,5.259375,-0.03748502077429641
0,38.6767,5.2625,-0.036914037326407204
0,38.6767,5.265625,-0.036354276635294766
0,38.6767,5.26875,-0.035805665749299276
0,38.6767,5.2718750000000005,-0.03526811319141657
0,38.6767,5.275,-0.034741511046410996
0,38.6767,5.278125,-0.03422573690353497
0,38.6767,5.28125,-0.033720655658669246
0,38.6767,5.284375,-0.03322612118058568
0,38.6767,5.2875000000000005,-0.0327419778467164
0,38.6767,5.290625,-0.03226806195430725
0,38.6767,5.29375,-0.03180420301316615
0,38.6767,5.296875,-0.03135022492642356
0,38.6767,5.3,-0.030905947065807102
0,38.6767,5.3031250000000005,-0.03047118524793193
0,38.6767,5.30625,-0.030045752618030164
0,38.6767,5.309375,-0.029629460447401366
0,38.6767,5.3125,-0.02922211885068438
0,38.6767,5.315625,-0.02882353742882427
0,38.6767,5.3187500000000005,-0.02843352584336233
0,38.6767,5.321875,-0.028051894327409756
0,38.6767,5.325,-0.02767845413838513
0,38.6767,5.328125,-0.027313017957315163
0,38.6767,5.33125,-0.026955400239208473
0,38.6767,5.3343750000000005,-0.02660541751873107
0,38.6767,5.3375,-0.02626288867513404
0,38.6767,5.340625,-0.02592763516011153
0,38.6767,5.34375,-0.025599481192009776
0,38.6767,5.346875,-0.025278253919554048
0,38.6767,5.3500000000000005,-0.024963783558023856
0,38.6767,5.353125,-0.024655903500580202
0,38.6767,5.35625,-0.024354450407232893
0,38.6767,5.359375,-0.024059264273737727
0,38.6767,5.3625,-0.023770188482521222
0,38.6767,5.3656250000000005,-0.023487069837555823
0,38.6767,5.36875,-0.0232097585849436
0,38.6767,5.371875,-0.022938108420811735
0,38.6767,5.375,-0.022671976487983646
0,38.6767,5.378125,-0.022411223362755257
0,38.6767,5.3812500000000005,-0.022155713032985715
0,38.6767,5.384375,-0.021905312868599668
0,38.6767,5.3875,-0.021659893585493604
0,38.6767,5.390625,-0.021419329203745868
0,38.6767,5.39375,-0.021183497000940785
0,38.6767,5.3968750000000005,-0.02095227746133835
0,38.6767,5.4,-0.020725554221548065
0,38.6767,5.403125,-0.020503214013297192
0,38.6767,5.40625,-0.02028514660382489
0,38.6767,5.409375,-0.020071244734375777
0,38.6767,5.4125000000000005,-0.019861404057217064
0,38.6767,5.415625,-0.01965552307155715
0,38.6767,5.41875,-0.01945350305870052
0,38.6767,5.421875,-0.01925524801673781
0,38.6767,5.425,-0.01906066459503317
0,38.6767,5.4281250000000005,-0.01886966202874126
0,38.6767,5.43125,-0.018682152073557556
0,38.6767,5.434375,-0.018498048940879388
0,38.6767,5.4375,-0.01831726923353359
0,38.6767,5.440625,-0.01813973188220434
0,38.6767,5.4437500000000005,-0.017965358082676748
0,38.6767,5.446875,-0.01779407123399529
0,38.6767,5.45,-0.01762579687761979
0,38.6767,5.453125,-0.017460462637649943
0,38.6767,5.45625,-0.017297998162175678
0,38.6767,5.4593750000000005,-0.01713833506580051
0,38.6767,5.4625,-0.016981406873375612
0,38.6767,5.465625,-0.016827148964972814
0,38.6767,5.46875,-0.016675498522118404
0,38.6767,5.471875,-0.016526394475301742
0,38.6767,5.4750000000000005,-0.016379777452767134
0,38.6767,5.478125,-0.016235589730592463
0,38.6767,5.48125,-0.01609377518405245
0,38.6767,5.484375,-0.015954279240261892
0,38.6767,5.4875,-0.015817048832089155
0,38.6767,5.4906250000000005,-0.015682032353328133
0,38.6767,5.49375,-0.01554917961511402
0,38.6767,5.496875,-0.015418441803565393
0,38.6767,5.5,-0.015289771438634367
0,38.6767,5.503125,-0.015163122334143804
0,38.6767,5.5062500000000005,-0.015038449558989739
0,38.6767,5.509375,-0.014915709399486332
0,38.6767,5.5125,-0.01479485932282882
0,38.6767,5.515625,-0.014675857941650597
0,38.6767,5.51875,-0.014558664979648835
0,38.6767,5.5218750000000005,-0.014443241238253236
0,38.6767,5.525,-0.01432954856431238
0,38.6767,5.528125,-0.014217549818771318
0,38.6767,5.53125,-0.014107208846315125
0,38.6767,5.534375,-0.013998490445952154
0,38.6767,5.5375000000000005,-0.013891360342511433
0,38.6767,5.540625,-0.013785785159028912
0,38.6767,5.54375,-0.013681732389996908
0,38.6767,5.546875,-0.013579170375452537
0,38.6767,5.55,-0.013478068275880084
0,38.6767,5.5531250000000005,-0.013378396047903498
0,38.6767,5.55625,-0.013280124420745422
0,38.6767,5.559375,-0.01318322487342916
0,38.6767,5.5625,-0.013087669612701452
0,38.6767,5.565625,-0.012993431551653445
0,38.6767,5.5687500000000005,-0.012900484289018231
0,38.6767,5.571875,-0.012808802089124017
0,38.6767,5.575,-0.012718359862481755
0,38.6767,5.578125,-0.012629133146987763
0,38.6767,5.58125,-0.012541098089721259
0,38.6767,5.5843750000000005,-0.012454231429317928
0,38.6767,5.5875,-0.012368510478901116
0,38.6767,5.590625,-0.012283913109552234
0,38.6767,5.59375,-0.012200417734303456
0,38.6767,5.596875,-0.012118003292635276
0,38.6767,5.6000000000000005,-0.012036649235462639
0,38.6767,5.603125,-0.011956335510593795
0,38.6767,5.60625,-0.011877042548646006
0,38.6767,5.609375,-0.011798751249403567
0,38.6767,5.6125,-0.011721442968603325
0,38.6767,5.6156250000000005,-0.011645099505133623
0,38.6767,5.61875,-0.011569703088633261
0,38.6767,5.621875,-0.011495236367476878
0,38.6767,5.625,-0.011421682397134448
0,38.6767,5.628125,-0.01134902462889224
0,38.6767,5.6312500000000005,-0.01127724689892334
0,38.6767,5.634375,-0.011206333417696357
0,38.6767,5.6375,-0.011136268759710789
0,38.6767,5.640625,-0.011067037853548662
0,38.6767,5.64375,-0.01099862597223171
0,38.6767,5.6468750000000005,-0.010931018723874085
0,38.6767,5.65,-0.010864202042620983
0,38.6767,5.653125,-0.010798162179863418
0,38.6767,5.65625,-0.010732885695720456
0,38.6767,5.659375,-0.010668359450779838
0,38.6767,5.6625000000000005,-0.01060457059808855
0,38.6767,5.665625,-0.010541506575385244
0,38.6767,5.66875,-0.01047915509756633
0,38.6767,5.671875,-0.010417504149378372
0,38.6767,5.675,-0.010356541978329218
0,38.6767,5.6781250000000005,-0.010296257087810713
0,38.6767,5.68125,-0.01023663823042624
0,38.6767,5.684375,-0.010177674401516143
0,38.6767,5.6875,-0.010119354832874952
0,38.6767,5.690625,-0.010061668986653914
0,38.6767,5.6937500000000005,-0.010004606549442935
0,38.6767,5.696875,-0.009948157426526206
0,38.6767,5.7,-0.009892311736305665
0,38.6767,5.703125,-0.009837059804887223
0,38.6767,5.70625,-0.009782392160824275
0,38.6767,5.7093750000000005,-0.009728299530013543
0,38.6767,5.7125,-0.009674772830738454
0,38.6767,5.715625,-0.0096218031688551
0,38.6767,5.71875,-0.009569381833116583
0,38.6767,5.721875,-0.00951750029063106
0,38.6767,5.7250000000000005,-0.009466150182449395
0,38.6767,5.728125,-0.009415323319278331
0,38.6767,5.73125,-0.009365011677315065
0,38.6767,5.734375,-0.009315207394199622
0,38.6767,5.7375,-0.009265902765081198
0,38.6767,5.7406250000000005,-0.009217090238794912
0,38.6767,5.74375,-0.00916876241414561
0,38.6767,5.746875,-0.009120912036295179
0,38.6767,5.75,-0.009073531993250443
0,38.6767,5.753125,-0.009026615312448305
0,38.6767,5.7562500000000005,-0.008980155157435174
0,38.6767,5.759375,-0.00893414482463791
0,38.6767,5.7625,-0.008888577740223181
0,38.6767,5.765625,-0.008843447457042875
0,38.6767,5.76875,-0.008798747651662659
0,38.6767,5.7718750000000005,-0.008754472121471289
0,38.6767,5.775,-0.008710614781868227
0,38.6767,5.778125,-0.008667169663527017
0,38.6767,5.78125,-0.008624130909732394
0,38.6767,5.784375,-0.008581492773788703
0,38.6767,5.7875000000000005,-0.008539249616497534
0,38.6767,5.790625,-0.008497395903702602
0,38.6767,5.79375,-0.008455926203899625
0,38.6767,5.796875,-0.008414835185909547
0,38.6767,5.800000000000001,-0.008374117616613008
0,38.6767,5.8031250000000005,-0.008333768358744404
0,38.6767,5.80625,-0.008293782368743575
0,38.6767,5.809375,-0.008254154694663668
0,38.6767,5.8125,-0.008214880474133341
0,38.6767,5.815625000000001,-0.008175954932371781
0,38.6767,5.8187500000000005,-0.008137373380255051
0,38.6767,5.821875,-0.008099131212432099
0,38.6767,5.825,-0.00806122390548921
0,38.6767,5.828125,-0.008023647016161345
0,38.6767,5.831250000000001,-0.007986396179589041
0,38.6767,5.8343750000000005,-0.007949467107619658
0,38.6767,5.8375,-0.007912855587151496
0,38.6767,5.840625,-0.007876557478519798
0,38.6767,5.84375,-0.007840568713923274
0,38.6767,5.846875000000001,-0.007804885295890058
0,38.6767,5.8500000000000005,-0.007769503295782013
0,38.6767,5.853125,-0.007734418852336162
0,38.6767,5.85625,-0.0076996281702424035
0,38.6767,5.859375,-0.00766512751875633
0,38.6767,5.862500000000001,-0.007630913230346232
0,38.6767,5.8656250000000005,-0.007596981699373358
0,38.6767,5.86875,-0.0075633293808043895
0,38.6767,5.871875,-0.0075299527889554066
0,38.6767,5.875,-0.00749684849626635
0,38.6767,5.878125000000001,-0.007464013132105151
0,38.6767,5.8812500000000005,-0.007431443381600809
0,38.6767,5.884375,-0.00739913598450445
0,38.6767,5.8875,-0.007367087734077779
0,38.6767,5.890625,-0.007335295476008089
0,38.6767,5.893750000000001,-0.007303756107349093
0,38.6767,5.8968750000000005,-0.007272466575486961
0,38.6767,5.9,-0.007241423877130747
0,38.6767,5.903125,-0.007210625057326704
0,38.6767,5.90625,-0.00718006720849574
0,38.6767,5.909375000000001,-0.007149747469493423
0,38.6767,5.9125000000000005,-0.007119663024691979
0,38.6767,5.915625,-0.007089811103083587
0,38.6767,5.91875,-0.007060188977404542
0,38.6767,5.921875,-0.007030793963279646
0,38.6767,5.925000000000001,-0.007001623418386307
0,38.6767,5.9281250000000005,-0.00697267474163789
0,38.6767,5.93125,-0.006943945372385679
0,38.6767,5.934375,-0.006915432789639133
0,38.6767,5.9375,-0.0068871345113038366
0,38.6767,5.940625000000001,-0.00685904809343673
0,38.6767,5.9437500000000005,-0.006831171129518211
0,38.6767,5.946875,-0.0068035012497405425
0,38.6767,5.95,-0.006776036120312328
0,38.6767,5.953125,-0.006748773442778496
0,38.6767,5.956250000000001,-0.00672171095335547
0,38.6767,5.9593750000000005,-0.0066948464222811414
0,38.6767,5.9625,-0.0066681776531791765
0,38.6767,5.965625,-0.006641702482437445
0,38.6767,5.96875,-0.006615418778600089
0,38.6767,5.971875000000001,-0.006589324441772933
0,38.6767,5.9750000000000005,-0.006563417403041947
0,38.6767,5.978125,-0.006537695623904305
0,38.6767,5.98125,-0.006512157095711883
0,38.6767,5.984375,-0.006486799839126795
0,38.6767,5.987500000000001,-0.006461621903588654
0,38.6767,5.9906250000000005,-0.0064366213667933735
0,38.6767,5.99375,-0.0064117963341830475
0,38.6767,5.996875,-0.006387144938446842
0,38.6767,6.0,-0.006362665339032468
