"Current","Field","Frequency","Spectra"
0,7.938099999999998,1.0,-0.026480820726611867
0,7.938099999999998,1.003125,-0.026550897199120068
0,7.938099999999998,1.00625,-0.026621252295382657
0,7.938099999999998,1.009375,-0.026691887489296625
0,7.938099999999998,1.0125,-0.026762804264455424
0,7.938099999999998,1.015625,-0.026834004114224947
0,7.938099999999998,1.01875,-0.026905488541820195
0,7.938099999999998,1.021875,-0.026977259060382636
0,7.938099999999998,1.025,-0.027049317193058284
0,7.938099999999998,1.028125,-0.027121664473076457
0,7.938099999999998,1.03125,-0.02719430244382928
0,7.938099999999998,1.034375,-0.02726723265895187
0,7.938099999999998,1.0375,-0.02734045668240331
0,7.938099999999998,1.040625,-0.027413976088548325
0,7.938099999999998,1.04375,-0.027487792462239716
0,7.938099999999998,1.046875,-0.027561907398901558
0,7.938099999999998,1.05,-0.027636322504613106
0,7.938099999999998,1.053125,-0.027711039396193533
0,7.938099999999998,1.05625,-0.027786059701287447
0,7.938099999999998,1.059375,-0.027861385058451156
0,7.938099999999998,1.0625,-0.02793701711723975
0,7.938099999999998,1.065625,-0.028012957538294952
0,7.938099999999998,1.06875,-0.02808920799343382
0,7.938099999999998,1.071875,-0.028165770165738287
0,7.938099999999998,1.075,-0.028242645749645474
0,7.938099999999998,1.078125,-0.028319836451038846
0,7.938099999999998,1.08125,-0.02839734398734024
0,7.938099999999998,1.084375,-0.02847517008760274
0,7.938099999999998,1.0875,-0.028553316492604418
0,7.938099999999998,1.090625,-0.028631784954942948
0,7.938099999999998,1.09375,-0.028710577239131063
0,7.938099999999998,1.096875,-0.028789695121692965
0,7.938099999999998,1.1,-0.02886914039126155
0,7.938099999999998,1.103125,-0.02894891484867667
0,7.938099999999998,1.10625,-0.029029020307084208
0,7.938099999999998,1.109375,-0.029109458592036095
0,7.938099999999998,1.1125,-0.02919023154159129
0,7.938099999999998,1.115625,-0.029271341006417703
0,7.938099999999998,1.11875,-0.02935278884989509
0,7.938099999999998,1.121875,-0.029434576948218903
0,7.938099999999998,1.125,-0.029516707190505104
0,7.938099999999998,1.128125,-0.029599181478895967
0,7.938099999999998,1.13125,-0.029682001728666904
0,7.938099999999998,1.134375,-0.02976516986833432
0,7.938099999999998,1.1375,-0.029848687839764455
0,7.938099999999998,1.140625,-0.029932557598283224
0,7.938099999999998,1.14375,-0.03001678111278717
0,7.938099999999998,1.146875,-0.030101360365855433
0,7.938099999999998,1.15,-0.03018629735386283
0,7.938099999999998,1.153125,-0.03027159408709392
0,7.938099999999998,1.15625,-0.030357252589858247
0,7.938099999999998,1.159375,-0.030443274900606655
0,7.938099999999998,1.1625,-0.03052966307204866
0,7.938099999999998,1.165625,-0.03061641917127107
0,7.938099999999998,1.16875,-0.030703545279857622
0,7.938099999999998,1.171875,-0.03079104349400984
0,7.938099999999998,1.175,-0.030878915924668987
0,7.938099999999998,1.178125,-0.030967164697639243
0,7.938099999999998,1.18125,-0.031055791953712112
0,7.938099999999998,1.184375,-0.03114479984879191
0,7.938099999999998,1.1875,-0.03123419055402256
0,7.938099999999998,1.190625,-0.03132396625591556
0,7.938099999999998,1.19375,-0.03141412915647923
0,7.938099999999998,1.196875,-0.031504681473349214
0,7.938099999999998,1.2,-0.03159562543992015
0,7.938099999999998,1.203125,-0.031686963305478835
0,7.938099999999998,1.20625,-0.03177869733533837
0,7.938099999999998,1.209375,-0.03187082981097392
0,7.938099999999998,1.2125,-0.03196336303015963
0,7.938099999999998,1.215625,-0.03205629930710693
0,7.938099999999998,1.21875,-0.032149640972604095
0,7.938099999999998,1.221875,-0.032243390374157375
0,7.938099999999998,1.225,-0.03233754987613329
0,7.938099999999998,1.228125,-0.03243212185990245
0,7.938099999999998,1.23125,-0.032527108723984774
0,7.938099999999998,1.234375,-0.032622512884196056
0,7.938099999999998,1.2375,-0.032718336773796104
0,7.938099999999998,1.240625,-0.032814582843638224
0,7.938099999999998,1.24375,-0.03291125356232023
0,7.938099999999998,1.246875,-0.033008351416337
0,7.938099999999998,1.25,-0.03310587891023437
0,7.938099999999998,1.253125,-0.03320383856676479
0,7.938099999999998,1.25625,-0.03330223292704432
0,7.938099999999998,1.259375,-0.03340106455071127
0,7.938099999999998,1.2625,-0.0335003360160865
0,7.938099999999998,1.265625,-0.0336000499203351
0,7.938099999999998,1.26875,-0.03370020887962993
0,7.938099999999998,1.271875,-0.033800815529316595
0,7.938099999999998,1.275,-0.03390187252408016
0,7.938099999999998,1.278125,-0.034003382538113594
0,7.938099999999998,1.28125,-0.03410534826528773
0,7.938099999999998,1.284375,-0.03420777241932309
0,7.938099999999998,1.2875,-0.03431065773396336
0,7.938099999999998,1.290625,-0.034414006963150626
0,7.938099999999998,1.29375,-0.0345178228812024
0,7.938099999999998,1.296875,-0.03462210828299034
0,7.938099999999998,1.3,-0.0347268659841209
0,7.938099999999998,1.303125,-0.03483209882111775
0,7.938099999999998,1.30625,-0.03493780965160594
0,7.938099999999998,1.309375,-0.03504400135449821
0,7.938099999999998,1.3125,-0.03515067683018282
0,7.938099999999998,1.315625,-0.035257839000713574
0,7.938099999999998,1.31875,-0.03536549081000168
0,7.938099999999998,1.321875,-0.035473635224009537
0,7.938099999999998,1.325,-0.03558227523094654
0,7.938099999999998,1.328125,-0.035691413841466874
0,7.938099999999998,1.33125,-0.03580105408886929
0,7.938099999999998,1.334375,-0.03591119902929903
0,7.938099999999998,1.3375,-0.03602185174195167
0,7.938099999999998,1.340625,-0.03613301532927923
0,7.938099999999998,1.34375,-0.03624469291719824
0,7.938099999999998,1.346875,-0.03635688765530004
0,7.938099999999998,1.35,-0.036469602717063225
0,7.938099999999998,1.353125,-0.036582841300068315
0,7.938099999999998,1.35625,-0.036696606626214545
0,7.938099999999998,1.359375,-0.03681090194193901
0,7.938099999999998,1.3625,-0.03692573051843803
0,7.938099999999998,1.365625,-0.03704109565189079
0,7.938099999999998,1.36875,-0.0371570006636853
0,7.938099999999998,1.371875,-0.03727344890064682
0,7.938099999999998,1.375,-0.03739044373526848
0,7.938099999999998,1.378125,-0.03750798856594442
0,7.938099999999998,1.38125,-0.037626086817205355
0,7.938099999999998,1.384375,-0.037744741939956555
0,7.938099999999998,1.3875,-0.03786395741171843
0,7.938099999999998,1.390625,-0.03798373673686942
0,7.938099999999998,1.39375,-0.03810408344689165
0,7.938099999999998,1.396875,-0.0382250011006191
0,7.938099999999998,1.4,-0.03834649328448827
0,7.938099999999998,1.403125,-0.038468563612791724
0,7.938099999999998,1.40625,-0.03859121572793401
0,7.938099999999998,1.409375,-0.038714453300690566
0,7.938099999999998,1.4125,-0.03883828003046917
0,7.938099999999998,1.415625,-0.03896269964557427
0,7.938099999999998,1.41875,-0.039087715903474034
0,7.938099999999998,1.421875,-0.03921333259107029
0,7.938099999999998,1.425,-0.03933955352497135
0,7.938099999999998,1.428125,-0.03946638255176766
0,7.938099999999998,1.43125,-0.03959382354831048
0,7.938099999999998,1.434375,-0.03972188042199351
0,7.938099999999998,1.4375,-0.039850557111037466
0,7.938099999999998,1.440625,-0.03997985758477778
0,7.938099999999998,1.44375,-0.04010978584395538
0,7.938099999999998,1.446875,-0.040240345921010515
0,7.938099999999998,1.45,-0.04037154188037988
0,7.938099999999998,1.453125,-0.04050337781879672
0,7.938099999999998,1.45625,-0.04063585786559442
0,7.938099999999998,1.459375,-0.04076898618301318
0,7.938099999999998,1.4625,-0.04090276696651012
0,7.938099999999998,1.465625,-0.04103720444507268
0,7.938099999999998,1.46875,-0.04117230288153543
0,7.938099999999998,1.471875,-0.0413080665729003
0,7.938099999999998,1.475,-0.041444499850660385
0,7.938099999999998,1.478125,-0.04158160708112712
0,7.938099999999998,1.48125,-0.041719392665761176
0,7.938099999999998,1.484375,-0.041857861041506864
0,7.938099999999998,1.4875,-0.04199701668113019
0,7.938099999999998,1.490625,-0.04213686409356073
0,7.938099999999998,1.49375,-0.04227740782423711
0,7.938099999999998,1.496875,-0.04241865245545635
0,7.938099999999998,1.5,-0.04256060260672707
0,7.938099999999998,1.503125,-0.04270326293512648
0,7.938099999999998,1.50625,-0.04284663813566147
0,7.938099999999998,1.509375,-0.04299073294163351
0,7.938099999999998,1.5125000000000002,-0.04313555212500779
0,7.938099999999998,1.515625,-0.04328110049678614
0,7.938099999999998,1.51875,-0.04342738290738448
0,7.938099999999998,1.521875,-0.043574404247014115
0,7.938099999999998,1.525,-0.04372216944606747
0,7.938099999999998,1.5281250000000002,-0.043870683475508106
0,7.938099999999998,1.53125,-0.044019951347264906
0,7.938099999999998,1.534375,-0.044169978114631
0,7.938099999999998,1.5375,-0.044320768872666796
0,7.938099999999998,1.540625,-0.04447232875860779
0,7.938099999999998,1.5437500000000002,-0.044624662952276885
0,7.938099999999998,1.546875,-0.04477777667650114
0,7.938099999999998,1.55,-0.0449316751975336
0,7.938099999999998,1.553125,-0.045086363825479585
0,7.938099999999998,1.55625,-0.04524184791472784
0,7.938099999999998,1.5593750000000002,-0.045398132864386695
0,7.938099999999998,1.5625,-0.04555522411872498
0,7.938099999999998,1.565625,-0.045713127167618106
0,7.938099999999998,1.56875,-0.04587184754699915
0,7.938099999999998,1.571875,-0.046031390839315005
0,7.938099999999998,1.5750000000000002,-0.0461917626739879
0,7.938099999999998,1.578125,-0.04635296872788199
0,7.938099999999998,1.58125,-0.046515014725775496
0,7.938099999999998,1.584375,-0.046677906440838045
0,7.938099999999998,1.5875,-0.046841649695113605
0,7.938099999999998,1.5906250000000002,-0.04700625036000904
0,7.938099999999998,1.59375,-0.04717171435678805
0,7.938099999999998,1.596875,-0.04733804765707113
0,7.938099999999998,1.6,-0.04750525628334101
0,7.938099999999998,1.603125,-0.04767334630945411
0,7.938099999999998,1.6062500000000002,-0.04784232386115792
0,7.938099999999998,1.609375,-0.04801219511661424
0,7.938099999999998,1.6125,-0.04818296630692881
0,7.938099999999998,1.615625,-0.04835464371668669
0,7.938099999999998,1.61875,-0.04852723368449423
0,7.938099999999998,1.6218750000000002,-0.048700742603527324
0,7.938099999999998,1.625,-0.04887517692208579
0,7.938099999999998,1.628125,-0.04905054314415476
0,7.938099999999998,1.63125,-0.049226847829972165
0,7.938099999999998,1.634375,-0.049404097596603205
0,7.938099999999998,1.6375000000000002,-0.04958229911852156
0,7.938099999999998,1.640625,-0.049761459128197204
0,7.938099999999998,1.64375,-0.04994158441669166
0,7.938099999999998,1.646875,-0.050122681834259795
0,7.938099999999998,1.65,-0.05030475829095907
0,7.938099999999998,1.6531250000000002,-0.050487820757265996
0,7.938099999999998,1.65625,-0.05067187626469975
0,7.938099999999998,1.659375,-0.05085693190645354
0,7.938099999999998,1.6625,-0.051042994838033186
0,7.938099999999998,1.665625,-0.05123007227790361
0,7.938099999999998,1.6687500000000002,-0.05141817150814288
0,7.938099999999998,1.671875,-0.05160729987510419
0,7.938099999999998,1.675,-0.05179746479008592
0,7.938099999999998,1.678125,-0.051988673730009524
0,7.938099999999998,1.68125,-0.052180934238105686
0,7.938099999999998,1.6843750000000002,-0.05237425392460903
0,7.938099999999998,1.6875,-0.05256864046746067
0,7.938099999999998,1.690625,-0.0527641016130199
0,7.938099999999998,1.69375,-0.052960645176784095
0,7.938099999999998,1.696875,-0.05315827904411745
0,7.938099999999998,1.7000000000000002,-0.053357011170988775
0,7.938099999999998,1.703125,-0.05355684958471792
0,7.938099999999998,1.70625,-0.0537578023847317
0,7.938099999999998,1.709375,-0.05395987774332873
0,7.938099999999998,1.7125,-0.05416308390645373
0,7.938099999999998,1.7156250000000002,-0.054367429194481426
0,7.938099999999998,1.71875,-0.05457292200300966
0,7.938099999999998,1.721875,-0.05477957080366274
0,7.938099999999998,1.725,-0.054987384144904165
0,7.938099999999998,1.728125,-0.05519637065285951
0,7.938099999999998,1.7312500000000002,-0.05540653903214954
0,7.938099999999998,1.734375,-0.05561789806673309
0,7.938099999999998,1.7375,-0.05583045662076086
0,7.938099999999998,1.740625,-0.0560442236394392
0,7.938099999999998,1.74375,-0.05625920814990462
0,7.938099999999998,1.7468750000000002,-0.05647541926210914
0,7.938099999999998,1.75,-0.05669286616971612
0,7.938099999999998,1.753125,-0.05691155815100743
0,7.938099999999998,1.75625,-0.05713150456980132
0,7.938099999999998,1.759375,-0.05735271487638153
0,7.938099999999998,1.7625000000000002,-0.05757519860843789
0,7.938099999999998,1.765625,-0.057798965392017745
0,7.938099999999998,1.76875,-0.058024024942489524
0,7.938099999999998,1.771875,-0.0582503870655172
0,7.938099999999998,1.775,-0.05847806165804677
0,7.938099999999998,1.7781250000000002,-0.05870705870930435
0,7.938099999999998,1.78125,-0.05893738830180579
0,7.938099999999998,1.784375,-0.05916906061237863
0,7.938099999999998,1.7875,-0.05940208591319525
0,7.938099999999998,1.790625,-0.05963647457281842
0,7.938099999999998,1.7937500000000002,-0.059872237057258554
0,7.938099999999998,1.796875,-0.060109383931042766
0,7.938099999999998,1.8,-0.060347925858296084
0,7.938099999999998,1.803125,-0.06058787360383418
0,7.938099999999998,1.80625,-0.06082923803426807
0,7.938099999999998,1.8093750000000002,-0.061072030119120546
0,7.938099999999998,1.8125,-0.061316260931953886
0,7.938099999999998,1.815625,-0.061561941651509404
0,7.938099999999998,1.81875,-0.06180908356285791
0,7.938099999999998,1.821875,-0.062057698058561324
0,7.938099999999998,1.8250000000000002,-0.062307796639845134
0,7.938099999999998,1.828125,-0.06255939091778108
0,7.938099999999998,1.83125,-0.06281249261448027
0,7.938099999999998,1.834375,-0.06306711356429572
0,7.938099999999998,1.8375,-0.06332326571503424
0,7.938099999999998,1.8406250000000002,-0.06358096112917722
0,7.938099999999998,1.84375,-0.06384021198510897
0,7.938099999999998,1.846875,-0.06410103057835326
0,7.938099999999998,1.85,-0.0643634293228159
0,7.938099999999998,1.853125,-0.06462742075203341
0,7.938099999999998,1.8562500000000002,-0.06489301752042674
0,7.938099999999998,1.859375,-0.0651602324045583
0,7.938099999999998,1.8625,-0.06542907830439247
0,7.938099999999998,1.865625,-0.06569956824455676
0,7.938099999999998,1.86875,-0.06597171537560342
0,7.938099999999998,1.8718750000000002,-0.06624553297526958
0,7.938099999999998,1.875,-0.06652103444973373
0,7.938099999999998,1.878125,-0.06679823333486798
0,7.938099999999998,1.88125,-0.06707714329748249
0,7.938099999999998,1.884375,-0.06735777813656131
0,7.938099999999998,1.8875000000000002,-0.06764015178448676
0,7.938099999999998,1.890625,-0.06792427830824954
0,7.938099999999998,1.89375,-0.06821017191064273
0,7.938099999999998,1.896875,-0.06849784693143605
0,7.938099999999998,1.9,-0.06878731784852789
0,7.938099999999998,1.9031250000000002,-0.06907859927907177
0,7.938099999999998,1.90625,-0.06937170598057374
0,7.938099999999998,1.909375,-0.06966665285195768
0,7.938099999999998,1.9125,-0.06996345493459424
0,7.938099999999998,1.915625,-0.07026212741329048
0,7.938099999999998,1.9187500000000002,-0.07056268561723571
0,7.938099999999998,1.921875,-0.07086514502090006
0,7.938099999999998,1.925,-0.07116952124488231
0,7.938099999999998,1.928125,-0.07147583005670231
0,7.938099999999998,1.93125,-0.07178408737153553
0,7.938099999999998,1.9343750000000002,-0.0720943092528858
0,7.938099999999998,1.9375,-0.07240651191319308
0,7.938099999999998,1.940625,-0.07272071171437466
0,7.938099999999998,1.94375,-0.07303692516829675
0,7.938099999999998,1.946875,-0.07335516893717622
0,7.938099999999998,1.9500000000000002,-0.07367545983391208
0,7.938099999999998,1.953125,-0.07399781482234703
0,7.938099999999998,1.95625,-0.0743222510174631
0,7.938099999999998,1.959375,-0.07464878568551314
0,7.938099999999998,1.9625,-0.0749774362440958
0,7.938099999999998,1.9656250000000002,-0.07530822026218156
0,7.938099999999998,1.96875,-0.07564115546009967
0,7.938099999999998,1.971875,-0.07597625970950041
0,7.938099999999998,1.975,-0.0763135510333081
0,7.938099999999998,1.978125,-0.07665304760568517
0,7.938099999999998,1.9812500000000002,-0.076994767752031
0,7.938099999999998,1.984375,-0.07733872994904177
0,7.938099999999998,1.9875,-0.07768495282486469
0,7.938099999999998,1.990625,-0.07803345515938058
0,7.938099999999998,1.99375,-0.07838425588465621
0,7.938099999999998,1.9968750000000002,-0.07873737408561057
0,7.938099999999998,2.0,-0.07909282900094299
0,7.938099999999998,2.003125,-0.07945064002437639
0,7.938099999999998,2.00625,-0.07981082670627053
0,7.938099999999998,2.0093750000000004,-0.08017340875566277
0,7.938099999999998,2.0125,-0.08053840604279686
0,7.938099999999998,2.015625,-0.08090583860219883
0,7.938099999999998,2.01875,-0.08127572663635806
0,7.938099999999998,2.021875,-0.0816480905200703
0,7.938099999999998,2.0250000000000004,-0.08202295080549195
0,7.938099999999998,2.028125,-0.08240032822795103
0,7.938099999999998,2.03125,-0.08278024371254833
0,7.938099999999998,2.034375,-0.08316271838157197
0,7.938099999999998,2.0375,-0.08354777356273485
0,7.938099999999998,2.0406250000000004,-0.08393543079822713
0,7.938099999999998,2.04375,-0.08432571185455914
0,7.938099999999998,2.046875,-0.08471863873314905
0,7.938099999999998,2.05,-0.08511423368158841
0,7.938099999999998,2.053125,-0.08551251920549828
0,7.938099999999998,2.0562500000000004,-0.0859135180808653
0,7.938099999999998,2.059375,-0.08631725336672802
0,7.938099999999998,2.0625,-0.08672374841806431
0,7.938099999999998,2.065625,-0.08713302689871365
0,7.938099999999998,2.06875,-0.08754511279415826
0,7.938099999999998,2.0718750000000004,-0.08796003042397645
0,7.938099999999998,2.075,-0.08837780445378078
0,7.938099999999998,2.078125,-0.0887984599064559
0,7.938099999999998,2.08125,-0.08922202217251941
0,7.938099999999998,2.084375,-0.08964851701944442
0,7.938099999999998,2.0875000000000004,-0.09007797059980387
0,7.938099999999998,2.090625,-0.0905104094581204
0,7.938099999999998,2.09375,-0.09094586053633795
0,7.938099999999998,2.096875,-0.09138435117786174
0,7.938099999999998,2.1,-0.0918259091301518
0,7.938099999999998,2.1031250000000004,-0.09227056254588767
0,7.938099999999998,2.10625,-0.0927183399827604
0,7.938099999999998,2.109375,-0.09316927040197867
0,7.938099999999998,2.1125,-0.09362338316560588
0,7.938099999999998,2.115625,-0.09408070803287272
0,7.938099999999998,2.1187500000000004,-0.09454127515562641
0,7.938099999999998,2.121875,-0.09500511507309585
0,7.938099999999998,2.125,-0.09547225870615866
0,7.938099999999998,2.128125,-0.09594273735129787
0,7.938099999999998,2.13125,-0.09641658267443594
0,7.938099999999998,2.1343750000000004,-0.09689382670482248
0,7.938099999999998,2.1375,-0.09737450182914191
0,7.938099999999998,2.140625,-0.09785864078598973
0,7.938099999999998,2.14375,-0.09834627666084705
0,7.938099999999998,2.146875,-0.09883744288166366
0,7.938099999999998,2.1500000000000004,-0.09933217321513667
0,7.938099999999998,2.153125,-0.09983050176375148
0,7.938099999999998,2.15625,-0.10033246296362985
0,7.938099999999998,2.159375,-0.10083809158320962
0,7.938099999999998,2.1625,-0.10134742272276409
0,7.938099999999998,2.1656250000000004,-0.10186049181475115
0,7.938099999999998,2.16875,-0.10237733462496994
0,7.938099999999998,2.171875,-0.10289798725449006
0,7.938099999999998,2.175,-0.10342248614231002
0,7.938099999999998,2.178125,-0.10395086806869469
0,7.938099999999998,2.1812500000000004,-0.10448317015913644
0,7.938099999999998,2.184375,-0.10501942988888222
0,7.938099999999998,2.1875,-0.10555968508796805
0,7.938099999999998,2.190625,-0.10610397394670118
0,7.938099999999998,2.19375,-0.10665233502153355
0,7.938099999999998,2.1968750000000004,-0.10720480724127207
0,7.938099999999998,2.2,-0.10776142991357374
0,7.938099999999998,2.203125,-0.10832224273167876
0,7.938099999999998,2.20625,-0.10888728578133662
0,7.938099999999998,2.209375,-0.10945659954788803
0,7.938099999999998,2.2125000000000004,-0.1100302249234653
0,7.938099999999998,2.215625,-0.11060820321428248
0,7.938099999999998,2.21875,-0.11119057614798777
0,7.938099999999998,2.221875,-0.11177738588105524
0,7.938099999999998,2.225,-0.1123686750061973
0,7.938099999999998,2.2281250000000004,-0.11296448655978197
0,7.938099999999998,2.23125,-0.1135648640292428
0,7.938099999999998,2.234375,-0.11416985136047075
0,7.938099999999998,2.2375,-0.1147794929651811
0,7.938099999999998,2.240625,-0.11539383372825004
0,7.938099999999998,2.2437500000000004,-0.11601291901501716
0,7.938099999999998,2.246875,-0.11663679467855204
0,7.938099999999998,2.25,-0.11726550706688527
0,7.938099999999998,2.253125,-0.1178991030302026
0,7.938099999999998,2.25625,-0.11853762992800536
0,7.938099999999998,2.2593750000000004,-0.1191811356362385
0,7.938099999999998,2.2625,-0.11982966855438919
0,7.938099999999998,2.265625,-0.12048327761255961
0,7.938099999999998,2.26875,-0.12114201227851655
0,7.938099999999998,2.271875,-0.12180592256472186
0,7.938099999999998,2.2750000000000004,-0.1224750590353478
0,7.938099999999998,2.278125,-0.12314947281328094
0,7.938099999999998,2.28125,-0.12382921558711857
0,7.938099999999998,2.284375,-0.12451433961816051
0,7.938099999999998,2.2875,-0.1252048977474011
0,7.938099999999998,2.2906250000000004,-0.12590094340252345
0,7.938099999999998,2.29375,-0.1266025306049006
0,7.938099999999998,2.296875,-0.1273097139766058
0,7.938099999999998,2.3,-0.12802254874743402
0,7.938099999999998,2.303125,-0.12874109076193876
0,7.938099999999998,2.3062500000000004,-0.12946539648648478
0,7.938099999999998,2.309375,-0.1301955230163203
0,7.938099999999998,2.3125,-0.13093152808266958
0,7.938099999999998,2.315625,-0.13167347005984695
0,7.938099999999998,2.31875,-0.13242140797239446
0,7.938099999999998,2.3218750000000004,-0.13317540150224344
0,7.938099999999998,2.325,-0.13393551099590073
0,7.938099999999998,2.328125,-0.13470179747166047
0,7.938099999999998,2.33125,-0.13547432262684064
0,7.938099999999998,2.334375,-0.1362531488450448
0,7.938099999999998,2.3375000000000004,-0.13703833920344805
0,7.938099999999998,2.340625,-0.13782995748010743
0,7.938099999999998,2.34375,-0.13862806816129483
0,7.938099999999998,2.346875,-0.1394327364488509
0,7.938099999999998,2.35,-0.1402440282675591
0,7.938099999999998,2.3531250000000004,-0.14106201027253673
0,7.938099999999998,2.35625,-0.14188674985664218
0,7.938099999999998,2.359375,-0.1427183151578942
0,7.938099999999998,2.3625,-0.1435567750669008
0,7.938099999999998,2.365625,-0.14440219923429382
0,7.938099999999998,2.3687500000000004,-0.14525465807816604
0,7.938099999999998,2.371875,-0.14611422279150543
0,7.938099999999998,2.375,-0.1469809653496233
0,7.938099999999998,2.378125,-0.14785495851756864
0,7.938099999999998,2.38125,-0.14873627585752475
0,7.938099999999998,2.3843750000000004,-0.14962499173618057
0,7.938099999999998,2.3875,-0.15052118133207013
0,7.938099999999998,2.390625,-0.15142492064287238
0,7.938099999999998,2.39375,-0.15233628649266145
0,7.938099999999998,2.396875,-0.15325535653910025
0,7.938099999999998,2.4000000000000004,-0.15418220928056442
0,7.938099999999998,2.403125,-0.1551169240631884
0,7.938099999999998,2.40625,-0.1560595810878198
0,7.938099999999998,2.409375,-0.15701026141686822
0,7.938099999999998,2.4125,-0.15796904698103642
0,7.938099999999998,2.4156250000000004,-0.15893602058591605
0,7.938099999999998,2.41875,-0.15991126591843333
0,7.938099999999998,2.421875,-0.16089486755312563
0,7.938099999999998,2.425,-0.1618869109582293
0,7.938099999999998,2.428125,-0.1628874825015592
0,7.938099999999998,2.4312500000000004,-0.16389666945615683
0,7.938099999999998,2.434375,-0.16491456000568483
0,7.938099999999998,2.4375,-0.16594124324954276
0,7.938099999999998,2.440625,-0.16697680920767793
0,7.938099999999998,2.44375,-0.16802134882506456
0,7.938099999999998,2.4468750000000004,-0.16907495397582378
0,7.938099999999998,2.45,-0.1701377174669565
0,7.938099999999998,2.453125,-0.17120973304165985
0,7.938099999999998,2.45625,-0.17229109538219886
0,7.938099999999998,2.459375,-0.17338190011230706
0,7.938099999999998,2.4625000000000004,-0.1744822437990885
0,7.938099999999998,2.465625,-0.1755922239543995
0,7.938099999999998,2.46875,-0.1767119390356904
0,7.938099999999998,2.471875,-0.17784148844629044
0,7.938099999999998,2.475,-0.17898097253512976
0,7.938099999999998,2.4781250000000004,-0.1801304925958959
0,7.938099999999998,2.48125,-0.18129015086563613
0,7.938099999999998,2.484375,-0.1824600505228251
0,7.938099999999998,2.4875,-0.18364029568493334
0,7.938099999999998,2.490625,-0.18483099140554896
0,7.938099999999998,2.4937500000000004,-0.1860322436711213
0,7.938099999999998,2.496875,-0.1872441593974194
0,7.938099999999998,2.5,-0.18846684642581757
0,7.938099999999998,2.503125,-0.18970041351954509
0,7.938099999999998,2.50625,-0.19094497036006472
0,7.938099999999998,2.5093750000000004,-0.1922006275437649
0,7.938099999999998,2.5125,-0.19346749657917975
0,7.938099999999998,2.515625,-0.1947456898849665
0,7.938099999999998,2.51875,-0.19603532078888897
0,7.938099999999998,2.521875,-0.19733650352806573
0,7.938099999999998,2.5250000000000004,-0.19864935325074104
0,7.938099999999998,2.528125,-0.19997398601982969
0,7.938099999999998,2.53125,-0.2013105188184597
0,7.938099999999998,2.534375,-0.2026590695577012
0,7.938099999999998,2.5375,-0.20401975708661482
0,7.938099999999998,2.5406250000000004,-0.20539270120467723
0,7.938099999999998,2.54375,-0.20677802267655754
0,7.938099999999998,2.546875,-0.20817584324910574
0,7.938099999999998,2.55,-0.2095862856702995
0,7.938099999999998,2.553125,-0.2110094737097686
0,7.938099999999998,2.5562500000000004,-0.21244553218038428
0,7.938099999999998,2.559375,-0.21389458696027858
0,7.938099999999998,2.5625,-0.21535676501454123
0,7.938099999999998,2.565625,-0.21683219441575347
0,7.938099999999998,2.56875,-0.21832100436245389
0,7.938099999999998,2.5718750000000004,-0.21982332519460315
0,7.938099999999998,2.575,-0.22133928840513228
0,7.938099999999998,2.578125,-0.22286902664671407
0,7.938099999999998,2.58125,-0.22441267373299945
0,7.938099999999998,2.584375,-0.22597036463370576
0,7.938099999999998,2.5875000000000004,-0.22754223546311275
0,7.938099999999998,2.590625,-0.2291284234617277
0,7.938099999999998,2.59375,-0.2307290669710837
0,7.938099999999998,2.596875,-0.23234430540184717
0,7.938099999999998,2.6,-0.23397427919560862
0,7.938099999999998,2.6031250000000004,-0.23561912978089558
0,7.938099999999998,2.60625,-0.23727899952408898
0,7.938099999999998,2.609375,-0.23895403167601706
0,7.938099999999998,2.6125,-0.24064437031505095
0,7.938099999999998,2.615625,-0.2423501602875398
0,7.938099999999998,2.6187500000000004,-0.24407154714638432
0,7.938099999999998,2.621875,-0.2458086770884871
0,7.938099999999998,2.625,-0.2475616968917141
0,7.938099999999998,2.628125,-0.24933075385189105
0,7.938099999999998,2.63125,-0.2511159957202314
0,7.938099999999998,2.6343750000000004,-0.25291757064145715
0,7.938099999999998,2.6375,-0.2547356270927538
0,7.938099999999998,2.640625,-0.2565703138235761
0,7.938099999999998,2.64375,-0.25842177979621855
0,7.938099999999998,2.646875,-0.26029017412697936
0,7.938099999999998,2.6500000000000004,-0.26217564602766935
0,7.938099999999998,2.653125,-0.2640783447471701
0,7.938099999999998,2.65625,-0.26599841951270287
0,7.938099999999998,2.659375,-0.26793601947044865
0,7.938099999999998,2.6625,-0.2698912936251533
0,7.938099999999998,2.6656250000000004,-0.27186439077834834
0,7.938099999999998,2.66875,-0.27385545946483203
0,7.938099999999998,2.671875,-0.27586464788706866
0,7.938099999999998,2.675,-0.2778921038471812
0,7.938099999999998,2.678125,-0.27993797467624426
0,7.938099999999998,2.6812500000000004,-0.28200240716059427
0,7.938099999999998,2.684375,-0.2840855474649135
0,7.938099999999998,2.6875,-0.28618754105185257
0,7.938099999999998,2.690625,-0.28830853259798606
0,7.938099999999998,2.69375,-0.29044866590591245
0,7.938099999999998,2.6968750000000004,-0.29260808381232595
0,7.938099999999998,2.7,-0.29478692809190654
0,7.938099999999998,2.703125,-0.2969853393568819
0,7.938099999999998,2.70625,-0.2992034569521274
0,7.938099999999998,2.709375,-0.30144141884568215
0,7.938099999999998,2.7125000000000004,-0.3036993615145611
0,7.938099999999998,2.715625,-0.30597741982575233
0,7.938099999999998,2.71875,-0.3082757269122916
0,7.938099999999998,2.721875,-0.31059441404430543
0,7.938099999999998,2.725,-0.3129336104949235
0,7.938099999999998,2.7281250000000004,-0.31529344340095417
0,7.938099999999998,2.73125,-0.3176740376182246
0,7.938099999999998,2.734375,-0.32007551557148317
0,7.938099999999998,2.7375,-0.3224979970987607
0,7.938099999999998,2.740625,-0.3249415992900915
0,7.938099999999998,2.7437500000000004,-0.32740643632048994
0,7.938099999999998,2.746875,-0.32989261927708385
0,7.938099999999998,2.75,-0.3324002559802999
0,7.938099999999998,2.753125,-0.3349294507989984
0,7.938099999999998,2.75625,-0.33748030445945887
0,7.938099999999998,2.7593750000000004,-0.340052913848112
0,7.938099999999998,2.7625,-0.3426473718079212
0,7.938099999999998,2.765625,-0.3452637669283148
0,7.938099999999998,2.76875,-0.34790218332856976
0,7.938099999999998,2.771875,-0.35056270043455584
0,7.938099999999998,2.7750000000000004,-0.35324539274874667
0,7.938099999999998,2.778125,-0.3559503296134121
0,7.938099999999998,2.78125,-0.35867757496690744
0,7.938099999999998,2.784375,-0.36142718709297766
0,7.938099999999998,2.7875,-0.36419921836300573
0,7.938099999999998,2.7906250000000004,-0.3669937149711341
0,7.938099999999998,2.79375,-0.3698107166622
0,7.938099999999998,2.796875,-0.3726502564524303
0,7.938099999999998,2.8,-0.37551236034284446
0,7.938099999999998,2.803125,-0.3783970470253339
0,7.938099999999998,2.8062500000000004,-0.381304327581385
0,7.938099999999998,2.809375,-0.3842342051734307
0,7.938099999999998,2.8125,-0.3871866747288242
0,7.938099999999998,2.815625,-0.3901617226164349
0,7.938099999999998,2.81875,-0.3931593263158937
0,7.938099999999998,2.8218750000000004,-0.39617945407951044
0,7.938099999999998,2.825,-0.39922206458692
0,7.938099999999998,2.828125,-0.40228710659251554
0,7.938099999999998,2.83125,-0.40537451856574847
0,7.938099999999998,2.834375,-0.40848422832439746
0,7.938099999999998,2.8375000000000004,-0.4116161526609212
0,7.938099999999998,2.840625,-0.4147701969620354
0,7.938099999999998,2.84375,-0.41794625482167463
0,7.938099999999998,2.846875,-0.42114420764751703
0,7.938099999999998,2.85,-0.4243639242612844
0,7.938099999999998,2.8531250000000004,-0.4276052604930442
0,7.938099999999998,2.85625,-0.4308680587697766
0,7.938099999999998,2.859375,-0.4341521476984909
0,7.938099999999998,2.8625,-0.4374573416442037
0,7.938099999999998,2.865625,-0.4407834403031281
0,7.938099999999998,2.8687500000000004,-0.44413022827144905
0,7.938099999999998,2.871875,-0.4474974746100957
0,7.938099999999998,2.875,-0.4508849324059571
0,7.938099999999998,2.878125,-0.4542923383300152
0,7.938099999999998,2.88125,-0.45771941219291973
0,7.938099999999998,2.8843750000000004,-0.46116585649855213
0,7.938099999999998,2.8875,-0.4646313559961795
0,7.938099999999998,2.890625,-0.4681155772318308
0,7.938099999999998,2.89375,-0.4716181680995688
0,7.938099999999998,2.896875,-0.47513875739338085
0,7.938099999999998,2.9000000000000004,-0.47867695436044877
0,7.938099999999998,2.903125,-0.4822323482566075
0,7.938099999999998,2.90625,-0.48580450790484636
0,7.938099999999998,2.909375,-0.489392981257748
0,7.938099999999998,2.9125,-0.4929972949648165
0,7.938099999999998,2.9156250000000004,-0.4966169539456861
0,7.938099999999998,2.91875,-0.5002514409702551
0,7.938099999999998,2.921875,-0.5039002162468352
0,7.938099999999998,2.925,-0.5075627170194531
0,7.938099999999998,2.928125,-0.5112383571754938
0,7.938099999999998,2.9312500000000004,-0.5149265268649204
0,7.938099999999998,2.934375,-0.5186265921323563
0,7.938099999999998,2.9375,-0.5223378945633586
0,7.938099999999998,2.940625,-0.5260597509462566
0,7.938099999999998,2.94375,-0.5297914529509833
0,7.938099999999998,2.9468750000000004,-0.5335322668263591
0,7.938099999999998,2.95,-0.5372814331173422
0,7.938099999999998,2.953125,-0.5410381664037882
0,7.938099999999998,2.95625,-0.5448016550623064
0,7.938099999999998,2.959375,-0.5485710610528345
0,7.938099999999998,2.9625000000000004,-0.5523455197315831
0,7.938099999999998,2.965625,-0.5561241396920374
0,7.938099999999998,2.96875,-0.5599060026357192
0,7.938099999999998,2.971875,-0.5636901632744423
0,7.938099999999998,2.975,-0.5674756492658065
0,7.938099999999998,2.9781250000000004,-0.5712614611836923
0,7.938099999999998,2.98125,-0.5750465725255213
0,7.938099999999998,2.984375,-0.578829929758058
0,7.938099999999998,2.9875,-0.5826104524035075
0,7.938099999999998,2.990625,-0.5863870331676737
0,7.938099999999998,2.9937500000000004,-0.5901585381119135
0,7.938099999999998,2.996875,-0.5939238068706026
0,7.938099999999998,3.0,-0.5976816529157953
0,7.938099999999998,3.0031250000000003,-0.6014308638707223
0,7.938099999999998,3.00625,-0.6051702018737231
0,7.938099999999998,3.009375,-0.6088984039941597
0,7.938099999999998,3.0125,-0.6126141827017807
0,7.938099999999998,3.015625,-0.6163162263909403
0,7.938099999999998,3.0187500000000003,-0.6200031999610034
0,7.938099999999998,3.021875,-0.6236737454541452
0,7.938099999999998,3.025,-0.6273264827516919
0,7.938099999999998,3.028125,-0.6309600103299999
0,7.938099999999998,3.03125,-0.6345729060767732
0,7.938099999999998,3.0343750000000003,-0.6381637281685812
0,7.938099999999998,3.0375,-0.6417310160101845
0,7.938099999999998,3.040625,-0.6452732912361481
0,7.938099999999998,3.04375,-0.6487890587750358
0,7.938099999999998,3.046875,-0.6522768079763216
0,7.938099999999998,3.0500000000000003,-0.6557350137999777
0,7.938099999999998,3.053125,-0.659162138068489
0,7.938099999999998,3.05625,-0.6625566307808751
0,7.938099999999998,3.059375,-0.6659169314880636
0,7.938099999999998,3.0625,-0.6692414707287704
0,7.938099999999998,3.0656250000000003,-0.6725286715248088
0,7.938099999999998,3.06875,-0.6757769509345218
0,7.938099999999998,3.071875,-0.6789847216628122
0,7.938099999999998,3.075,-0.6821503937259904
0,7.938099999999998,3.078125,-0.6852723761694348
0,7.938099999999998,3.0812500000000003,-0.688349078835816
0,7.938099999999998,3.084375,-0.6913789141813764
0,7.938099999999998,3.0875,-0.6943602991375396
0,7.938099999999998,3.090625,-0.697291657014854
0,7.938099999999998,3.09375,-0.7001714194460519
0,7.938099999999998,3.0968750000000003,-0.702998028364765
0,7.938099999999998,3.1,-0.7057699380161981
0,7.938099999999998,3.103125,-0.7084856169958479
0,7.938099999999998,3.10625,-0.711143550312127
0,7.938099999999998,3.109375,-0.7137422414685498
0,7.938099999999998,3.1125000000000003,-0.7162802145609439
0,7.938099999999998,3.115625,-0.7187560163849506
0,7.938099999999998,3.11875,-0.7211682185489255
0,7.938099999999998,3.121875,-0.723515419587181
0,7.938099999999998,3.125,-0.7257962470683745
0,7.938099999999998,3.1281250000000003,-0.7280093596937306
0,7.938099999999998,3.13125,-0.7301534493796727
0,7.938099999999998,3.134375,-0.7322272433193678
0,7.938099999999998,3.1375,-0.7342295060176135
0,7.938099999999998,3.140625,-0.7361590412934677
0,7.938099999999998,3.1437500000000003,-0.7380146942450043
0,7.938099999999998,3.146875,-0.7397953531705737
0,7.938099999999998,3.15,-0.7414999514409989
0,7.938099999999998,3.153125,-0.7431274693171732
0,7.938099999999998,3.15625,-0.7446769357076253
0,7.938099999999998,3.1593750000000003,-0.7461474298607145
0,7.938099999999998,3.1625,-0.7475380829862529
0,7.938099999999998,3.165625,-0.7488480798015136
0,7.938099999999998,3.16875,-0.7500766599967582
0,7.938099999999998,3.171875,-0.751223119615633
0,7.938099999999998,3.1750000000000003,-0.7522868123460053
0,7.938099999999998,3.178125,-0.7532671507170656
0,7.938099999999998,3.18125,-0.7541636071988017
0,7.938099999999998,3.184375,-0.754975715200235
0,7.938099999999998,3.1875,-0.7557030699631305
0,7.938099999999998,3.1906250000000003,-0.7563453293482191
0,7.938099999999998,3.19375,-0.7569022145113219
0,7.938099999999998,3.196875,-0.7573735104671201
0,7.938099999999998,3.2,-0.7577590665386927
0,7.938099999999998,3.203125,-0.7580587966913265
0,7.938099999999998,3.2062500000000003,-0.7582726797494934
0,7.938099999999998,3.209375,-0.7584007594962866
0,7.938099999999998,3.2125,-0.7584431446550116
0,7.938099999999998,3.215625,-0.7584000087530284
0,7.938099999999998,3.21875,-0.758271589868346
0,7.938099999999998,3.2218750000000003,-0.7580581902598665
0,7.938099999999998,3.225,-0.7577601758825795
0,7.938099999999998,3.228125,-0.7573779757893823
0,7.938099999999998,3.23125,-0.7569120814215935
0,7.938099999999998,3.234375,-0.7563630457905881
0,7.938099999999998,3.2375000000000003,-0.7557314825533367
0,7.938099999999998,3.240625,-0.7550180649849757
0,7.938099999999998,3.24375,-0.7542235248518522
0,7.938099999999998,3.246875,-0.7533486511887987
0,7.938099999999998,3.25,-0.7523942889846753
0,7.938099999999998,3.2531250000000003,-0.7513613377804768
0,7.938099999999998,3.25625,-0.7502507501845549
0,7.938099999999998,3.259375,-0.7490635303097154
0,7.938099999999998,3.2625,-0.7478007321371509
0,7.938099999999998,3.265625,-0.7464634578123399
0,7.938099999999998,3.2687500000000003,-0.7450528558781863
0,7.938099999999998,3.271875,-0.7435701194508011
0,7.938099999999998,3.275,-0.7420164843434162
0,7.938099999999998,3.278125,-0.7403932271439955
0,7.938099999999998,3.28125,-0.7387016632521529
0,7.938099999999998,3.2843750000000003,-0.7369431448810055
0,7.938099999999998,3.2875,-0.735119059029593
0,7.938099999999998,3.290625,-0.7332308254314565
0,7.938099999999998,3.29375,-0.7312798944849342
0,7.938099999999998,3.296875,-0.7292677451706493
0,7.938099999999998,3.3000000000000003,-0.7271958829615744
0,7.938099999999998,3.303125,-0.725065837730957
0,7.938099999999998,3.30625,-0.7228791616632385
0,7.938099999999998,3.309375,-0.7206374271729757
0,7.938099999999998,3.3125,-0.7183422248365947
0,7.938099999999998,3.3156250000000003,-0.7159951613416298
0,7.938099999999998,3.31875,-0.7135978574579248
0,7.938099999999998,3.321875,-0.7111519460350494
0,7.938099999999998,3.325,-0.7086590700299887
0,7.938099999999998,3.328125,-0.7061208805689377
0,7.938099999999998,3.3312500000000003,-0.7035390350467964
0,7.938099999999998,3.334375,-0.7009151952677433
0,7.938099999999998,3.3375,-0.6982510256300082
0,7.938099999999998,3.340625,-0.6955481913577406
0,7.938099999999998,3.34375,-0.6928083567826162
0,7.938099999999998,3.3468750000000003,-0.6900331836775792
0,7.938099999999998,3.35,-0.6872243296448893
0,7.938099999999998,3.353125,-0.6843834465603815
0,7.938099999999998,3.35625,-0.6815121790756246
0,7.938099999999998,3.359375,-0.6786121631794245
0,7.938099999999998,3.3625000000000003,-0.6756850248198858
0,7.938099999999998,3.365625,-0.6727323785880304
0,7.938099999999998,3.36875,-0.6697558264637435
0,7.938099999999998,3.371875,-0.6667569566246223
0,7.938099999999998,3.375,-0.6637373423180866
0,7.938099999999998,3.3781250000000003,-0.660698540796921
0,7.938099999999998,3.38125,-0.6576420923182487
0,7.938099999999998,3.384375,-0.6545695192057278
0,7.938099999999998,3.3875,-0.6514823249746364
0,7.938099999999998,3.390625,-0.6483819935193211
0,7.938099999999998,3.3937500000000003,-0.6452699883623558
0,7.938099999999998,3.396875,-0.6421477519646204
0,7.938099999999998,3.4000000000000004,-0.6390167050953705
0,7.938099999999998,3.403125,-0.635878246261271
0,7.938099999999998,3.40625,-0.6327337511932396
0,7.938099999999998,3.4093750000000003,-0.6295845723898685
0,7.938099999999998,3.4125,-0.626432038716093
0,7.938099999999998,3.4156250000000004,-0.6232774550556974
0,7.938099999999998,3.41875,-0.620122102016198
0,7.938099999999998,3.421875,-0.6169672356845521
0,7.938099999999998,3.4250000000000003,-0.6138140874321275
0,7.938099999999998,3.428125,-0.6106638637672963
0,7.938099999999998,3.4312500000000004,-0.6075177462339922
0,7.938099999999998,3.434375,-0.6043768913545546
0,7.938099999999998,3.4375,-0.601242430615141
0,7.938099999999998,3.4406250000000003,-0.5981154704919998
0,7.938099999999998,3.44375,-0.5949970925168755
0,7.938099999999998,3.4468750000000004,-0.591888353379819
0,7.938099999999998,3.45,-0.588790285067695
0,7.938099999999998,3.453125,-0.5857038950366692
0,7.938099999999998,3.4562500000000003,-0.5826301664169926
0,7.938099999999998,3.459375,-0.579570058248417
0,7.938099999999998,3.4625000000000004,-0.5765245057445866
0,7.938099999999998,3.465625,-0.5734944205848063
0,7.938099999999998,3.46875,-0.570480691231592
0,7.938099999999998,3.4718750000000003,-0.5674841832724667
0,7.938099999999998,3.475,-0.5645057397844918
0,7.938099999999998,3.4781250000000004,-0.5615461817200615
0,7.938099999999998,3.48125,-0.5586063083125503
0,7.938099999999998,3.484375,-0.555686897500421
0,7.938099999999998,3.4875000000000003,-0.5527887063684747
0,7.938099999999998,3.490625,-0.5499124716049524
0,7.938099999999998,3.4937500000000004,-0.5470589099732533
0,7.938099999999998,3.496875,-0.5442287187970959
0,7.938099999999998,3.5,-0.5414225764579728
0,7.938099999999998,3.5031250000000003,-0.5386411429038344
0,7.938099999999998,3.50625,-0.5358850601679578
0,7.938099999999998,3.5093750000000004,-0.5331549528970271
0,7.938099999999998,3.5125,-0.5304514288874973
0,7.938099999999998,3.515625,-0.5277750796293637
0,7.938099999999998,3.5187500000000003,-0.5251264808565111
0,7.938099999999998,3.521875,-0.5225061931028679
0,7.938099999999998,3.5250000000000004,-0.5199147622636369
0,7.938099999999998,3.528125,-0.5173527201609275
0,7.938099999999998,3.53125,-0.5148205851131596
0,7.938099999999998,3.5343750000000003,-0.5123188625076591
0,7.938099999999998,3.5375,-0.5098480453759062
0,7.938099999999998,3.5406250000000004,-0.5074086149709499
0,7.938099999999998,3.54375,-0.5050010413465449
0,7.938099999999998,3.546875,-0.502625783937603
0,7.938099999999998,3.5500000000000003,-0.5002832921416072
0,7.938099999999998,3.553125,-0.4979740059006658
0,7.938099999999998,3.5562500000000004,-0.4956983562839283
0,7.938099999999998,3.559375,-0.49345676607012773
0,7.938099999999998,3.5625,-0.49124965033004486
0,7.938099999999998,3.5656250000000003,-0.48907741700873275
0,7.938099999999998,3.56875,-0.4869404675073742
0,7.938099999999998,3.5718750000000004,-0.48483919726467295
0,7.938099999999998,3.575,-0.48277399633772833
0,7.938099999999998,3.578125,-0.4807452499823561
0,7.938099999999998,3.5812500000000003,-0.47875333923286795
0,7.938099999999998,3.584375,-0.4767986414813404
0,7.938099999999998,3.5875000000000004,-0.47488153105643766
0,7.938099999999998,3.590625,-0.4730023798018855
0,7.938099999999998,3.59375,-0.4711615576547124
0,7.938099999999998,3.5968750000000003,-0.4693594332234113
0,7.938099999999998,3.6,-0.46759637436619395
0,7.938099999999998,3.6031250000000004,-0.4658727487695373
0,7.938099999999998,3.60625,-0.46418892452725047
0,7.938099999999998,3.609375,-0.4625452707203047
0,7.938099999999998,3.6125000000000003,-0.46094215799770727
0,7.938099999999998,3.615625,-0.45937995915870716
0,7.938099999999998,3.6187500000000004,-0.4578590497366519
0,7.938099999999998,3.621875,-0.4563798085848382
0,7.938099999999998,3.625,-0.4549426184647098
0,7.938099999999998,3.6281250000000003,-0.45354786663679064
0,7.938099999999998,3.63125,-0.4521959454547505
0,7.938099999999998,3.6343750000000004,-0.4508872529630238
0,7.938099999999998,3.6375,-0.44962219349842625
0,7.938099999999998,3.640625,-0.44840117829622544
0,7.938099999999998,3.6437500000000003,-0.44722462610114727
0,7.938099999999998,3.646875,-0.44609296378381486
0,7.938099999999998,3.6500000000000004,-0.4450066269631354
0,7.938099999999998,3.653125,-0.4439660606351724
0,7.938099999999998,3.65625,-0.4429717198090519
0,7.938099999999998,3.6593750000000003,-0.44202407015047673
0,7.938099999999998,3.6625,-0.44112358863343476
0,7.938099999999998,3.6656250000000004,-0.44027076420070704
0,7.938099999999998,3.66875,-0.43946609843379913
0,7.938099999999998,3.671875,-0.43871010623293527
0,7.938099999999998,3.6750000000000003,-0.43800331650777224
0,7.938099999999998,3.678125,-0.4373462728795069
0,7.938099999999998,3.6812500000000004,-0.43673953439506563
0,7.938099999999998,3.684375,-0.4361836762540854
0,7.938099999999998,3.6875,-0.43567929054940396
0,7.938099999999998,3.6906250000000003,-0.4352269870218004
0,7.938099999999998,3.69375,-0.43482739382973656
0,7.938099999999998,3.6968750000000004,-0.4344811583348671
0,7.938099999999998,3.7,-0.434188947904099
0,7.938099999999998,3.703125,-0.4339514507289948
0,7.938099999999998,3.7062500000000003,-0.4337693766633274
0,7.938099999999998,3.709375,-0.43364345807960214
0,7.938099999999998,3.7125000000000004,-0.43357445074537826
0,7.938099999999998,3.715625,-0.4335631347202253
0,7.938099999999998,3.71875,-0.43361031527416066
0,7.938099999999998,3.7218750000000003,-0.4337168238284214
0,7.938099999999998,3.725,-0.4338835189194235
0,7.938099999999998,3.7281250000000004,-0.4341112871867704
0,7.938099999999998,3.73125,-0.4344010443861645
0,7.938099999999998,3.734375,-0.43475373642807874
0,7.938099999999998,3.7375000000000003,-0.4351703404430341
0,7.938099999999998,3.740625,-0.43565186587432125
0,7.938099999999998,3.7437500000000004,-0.43619935559899026
0,7.938099999999998,3.746875,-0.4368138870779112
0,7.938099999999998,3.75,-0.4374965735356882
0,7.938099999999998,3.7531250000000003,-0.43824856517117433
0,7.938099999999998,3.75625,-0.43907105039930455
0,7.938099999999998,3.7593750000000004,-0.4399652571249134
0,7.938099999999998,3.7625,-0.4409324540491582
0,7.938099999999998,3.765625,-0.4419739520091018
0,7.938099999999998,3.7687500000000003,-0.44309110535094115
0,7.938099999999998,3.771875,-0.4442853133372818
0,7.938099999999998,3.7750000000000004,-0.44555802158876767
0,7.938099999999998,3.778125,-0.4469107235602565
0,7.938099999999998,3.78125,-0.4483449620516159
0,7.938099999999998,3.7843750000000003,-0.4498623307530644
0,7.938099999999998,3.7875,-0.4514644758248193
0,7.938099999999998,3.7906250000000004,-0.45315309751063665
0,7.938099999999998,3.79375,-0.4549299517846067
0,7.938099999999998,3.796875,-0.4567968520303493
0,7.938099999999998,3.8000000000000003,-0.45875567075147733
0,7.938099999999998,3.803125,-0.46080834131190557
0,7.938099999999998,3.8062500000000004,-0.4629568597042562
0,7.938099999999998,3.809375,-0.4652032863442275
0,7.938099999999998,3.8125,-0.4675497478883961
0,7.938099999999998,3.8156250000000003,-0.4699984390724471
0,7.938099999999998,3.81875,-0.4725516245663201
0,7.938099999999998,3.8218750000000004,-0.47521164084219114
0,7.938099999999998,3.825,-0.4779808980505646
0,7.938099999999998,3.828125,-0.4808618818990621
0,7.938099999999998,3.8312500000000003,-0.48385715552770214
0,7.938099999999998,3.834375,-0.48696936137360686
0,7.938099999999998,3.8375000000000004,-0.49020122301712754
0,7.938099999999998,3.840625,-0.493555547000308
0,7.938099999999998,3.84375,-0.4970352246074689
0,7.938099999999998,3.8468750000000003,-0.5006432335963921
0,7.938099999999998,3.85,-0.5043826398671917
0,7.938099999999998,3.8531250000000004,-0.5082565990544079
0,7.938099999999998,3.85625,-0.512268358026146
0,7.938099999999998,3.859375,-0.5164212562722339
0,7.938099999999998,3.8625000000000003,-0.5207187271613081
0,7.938099999999998,3.865625,-0.525164299044511
0,7.938099999999998,3.8687500000000004,-0.5297615961810281
0,7.938099999999998,3.871875,-0.5345143394580129
0,7.938099999999998,3.875,-0.5394263468745453
0,7.938099999999998,3.8781250000000003,-0.544501533756076
0,7.938099999999998,3.88125,-0.5497439126623627
0,7.938099999999998,3.8843750000000004,-0.555157592948164
0,7.938099999999998,3.8875,-0.5607467799318611
0,7.938099999999998,3.890625,-0.566515773622822
0,7.938099999999998,3.8937500000000003,-0.5724689669535326
0,7.938099999999998,3.896875,-0.5786108434574275
0,7.938099999999998,3.9000000000000004,-0.5849459743278531
0,7.938099999999998,3.903125,-0.5914790147876684
0,7.938099999999998,3.90625,-0.5982146996927289
0,7.938099999999998,3.9093750000000003,-0.605157838285724
0,7.938099999999998,3.9125,-0.6123133080097243
0,7.938099999999998,3.9156250000000004,-0.6196860472832422
0,7.938099999999998,3.91875,-0.6272810471305936
0,7.938099999999998,3.921875,-0.6351033415530559
0,7.938099999999998,3.9250000000000003,-0.6431579965175394
0,7.938099999999998,3.928125,-0.6514500974304888
0,7.938099999999998,3.9312500000000004,-0.659984734955445
0,7.938099999999998,3.934375,-0.6687669890231719
0,7.938099999999998,3.9375,-0.6778019108737645
0,7.938099999999998,3.9406250000000003,-0.6870945029605542
0,7.938099999999998,3.94375,-0.6966496965363491
0,7.938099999999998,3.9468750000000004,-0.706472326733576
0,7.938099999999998,3.95,-0.716567104941505
0,7.938099999999998,3.953125,-0.726938588276313
0,7.938099999999998,3.9562500000000003,-0.7375911459333787
0,7.938099999999998,3.959375,-0.748528922206508
0,7.938099999999998,3.9625000000000004,-0.7597557959560453
0,7.938099999999998,3.965625,-0.7712753363075304
0,7.938099999999998,3.96875,-0.7830907543654486
0,7.938099999999998,3.9718750000000003,-0.7952048507330716
0,7.938099999999998,3.975,-0.807619958640399
0,7.938099999999998,3.9781250000000004,-0.8203378824984421
0,7.938099999999998,3.98125,-0.8333598317203745
0,7.938099999999998,3.984375,-0.846686349679659
0,7.938099999999998,3.9875000000000003,-0.8603172377127888
0,7.938099999999998,3.990625,-0.8742514741212505
0,7.938099999999998,3.9937500000000004,-0.8884871281846415
0,7.938099999999998,3.996875,-0.9030212692657341
0,7.938099999999998,4.0,-0.9178498711700663
0,7.938099999999998,4.003125000000001,-0.9329677120181151
0,7.938099999999998,4.00625,-0.9483682699986132
0,7.938099999999998,4.009375,-0.9640436154978774
0,7.938099999999998,4.0125,-0.9799843002423224
0,7.938099999999998,4.015625,-0.9961792442509333
0,7.938099999999998,4.018750000000001,-1.0126156215697646
0,7.938099999999998,4.021875,-1.0292787459522086
0,7.938099999999998,4.025,-1.046151957854641
0,7.938099999999998,4.028125,-1.0632165143348085
0,7.938099999999998,4.03125,-1.080451483667857
0,7.938099999999998,4.034375000000001,-1.0978336467264151
0,7.938099999999998,4.0375,-1.115337407402781
0,7.938099999999998,4.040625,-1.132934714575417
0,7.938099999999998,4.04375,-1.1505949983304706
0,7.938099999999998,4.046875,-1.1682851233336347
0,7.938099999999998,4.050000000000001,-1.1859693623958925
0,7.938099999999998,4.053125,-1.2036093933784688
0,7.938099999999998,4.05625,-1.2211643226238078
0,7.938099999999998,4.059375,-1.2385907380674377
0,7.938099999999998,4.0625,-1.2558427950678606
0,7.938099999999998,4.065625000000001,-1.2728723377738524
0,7.938099999999998,4.06875,-1.2896290585210568
0,7.938099999999998,4.071875,-1.3060606973025002
0,7.938099999999998,4.075,-1.3221132827846622
0,7.938099999999998,4.078125,-1.3377314156412972
0,7.938099999999998,4.081250000000001,-1.35285859415309
0,7.938099999999998,4.084375,-1.3674375810833324
0,7.938099999999998,4.0875,-1.3814108098031455
0,7.938099999999998,4.090625,-1.3947208265273972
0,7.938099999999998,4.09375,-1.4073107643653153
0,7.938099999999998,4.096875000000001,-1.4191248437231518
0,7.938099999999998,4.1,-1.4301088924639758
0,7.938099999999998,4.103125,-1.4402108781774925
0,7.938099999999998,4.10625,-1.4493814439897998
0,7.938099999999998,4.109375,-1.4575744385985614
0,7.938099999999998,4.112500000000001,-1.464747430698028
0,7.938099999999998,4.115625,-1.4708621977016867
0,7.938099999999998,4.11875,-1.4758851787086344
0,7.938099999999998,4.121875,-1.4797878820130044
0,7.938099999999998,4.125,-1.4825472381305806
0,7.938099999999998,4.128125000000001,-1.484145890303935
0,7.938099999999998,4.13125,-1.484572415723549
0,7.938099999999998,4.134375,-1.4838214722281933
0,7.938099999999998,4.1375,-1.481893866971193
0,7.938099999999998,4.140625,-1.4787965453970326
0,7.938099999999998,4.143750000000001,-1.4745425007944744
0,7.938099999999998,4.146875,-1.4691506066037523
0,7.938099999999998,4.15,-1.4626453754829272
0,7.938099999999998,4.153125,-1.4550566508133127
0,7.938099999999998,4.15625,-1.446419237785373
0,7.938099999999998,4.159375000000001,-1.436772482406291
0,7.938099999999998,4.1625,-1.4261598076731603
0,7.938099999999998,4.165625,-1.414628216741918
0,7.938099999999998,4.16875,-1.4022277731874964
0,7.938099999999998,4.171875,-1.3890110684048207
0,7.938099999999998,4.175000000000001,-1.3750326858673487
0,7.938099999999998,4.178125,-1.3603486713728439
0,7.938099999999998,4.18125,-1.3450160176074448
0,7.938099999999998,4.184375,-1.3290921703958831
0,7.938099999999998,4.1875,-1.3126345629261962
0,7.938099999999998,4.190625000000001,-1.2957001830912886
0,7.938099999999998,4.19375,-1.2783451779216255
0,7.938099999999998,4.196875,-1.2606244979348973
0,7.938099999999998,4.2,-1.2425915831347476
0,7.938099999999998,4.203125,-1.2242980913787573
0,7.938099999999998,4.206250000000001,-1.2057936689284086
0,7.938099999999998,4.209375,-1.1871257622033329
0,7.938099999999998,4.2125,-1.168339469097198
0,7.938099999999998,4.215625,-1.1494774276751816
0,7.938099999999998,4.21875,-1.1305797396589217
0,7.938099999999998,4.221875000000001,-1.1116839258090536
0,7.938099999999998,4.225,-1.092824910126377
0,7.938099999999998,4.228125,-1.0740350296997188
0,7.938099999999998,4.23125,-1.0553440670186502
0,7.938099999999998,4.234375,-1.0367793016281412
0,7.938099999999998,4.237500000000001,-1.0183655781184404
0,7.938099999999998,4.240625,-1.0001253876027958
0,7.938099999999998,4.24375,-0.9820789600275858
0,7.938099999999998,4.246875,-0.9642443648736303
0,7.938099999999998,4.25,-0.9466376180338706
0,7.938099999999998,4.253125000000001,-0.9292727928852195
0,7.938099999999998,4.25625,-0.9121621338031918
0,7.938099999999998,4.259375,-0.8953161705929047
0,7.938099999999998,4.2625,-0.878743832525248
0,7.938099999999998,4.265625,-0.8624525608686264
0,7.938099999999998,4.268750000000001,-0.8464484189943409
0,7.938099999999998,4.271875,-0.8307361993045606
0,7.938099999999998,4.275,-0.815319526386486
0,7.938099999999998,4.278125,-0.8002009559345458
0,7.938099999999998,4.28125,-0.7853820691038668
0,7.938099999999998,4.284375000000001,-0.7708635620649387
0,7.938099999999998,4.2875,-0.7566453306207647
0,7.938099999999998,4.290625,-0.7427265498258627
0,7.938099999999998,4.29375,-0.7291057486123083
0,7.938099999999998,4.296875,-0.7157808794819749
0,7.938099999999998,4.300000000000001,-0.7027493833687317
0,7.938099999999998,4.303125,-0.6900082498094042
0,7.938099999999998,4.30625,-0.6775540725897259
0,7.938099999999998,4.309375,-0.6653831010522854
0,7.938099999999998,4.3125,-0.6534912872678171
0,7.938099999999998,4.315625000000001,-0.6418743292811906
0,7.938099999999998,4.31875,-0.6305277106486705
0,7.938099999999998,4.321875,-0.6194467364849525
0,7.938099999999998,4.325,-0.6086265662376531
0,7.938099999999998,4.328125,-0.5980622434033068
0,7.938099999999998,4.331250000000001,-0.5877487223940043
0,7.938099999999998,4.334375,-0.5776808927569724
0,7.938099999999998,4.3375,-0.5678536009416447
0,7.938099999999998,4.340625,-0.558261669800386
0,7.938099999999998,4.34375,-0.548899915999699
0,7.938099999999998,4.346875000000001,-0.5397631655095904
0,7.938099999999998,4.35,-0.5308462673290726
0,7.938099999999998,4.353125,-0.522144105596236
0,7.938099999999998,4.35625,-0.5136516102220304
0,7.938099999999998,4.359375,-0.5053637661774358
0,7.938099999999998,4.362500000000001,-0.4972756215549849
0,7.938099999999998,4.365625,-0.4893822945168352
0,7.938099999999998,4.36875,-0.481678979233343
0,7.938099999999998,4.371875,-0.4741609509083629
0,7.938099999999998,4.375,-0.4668235699798395
0,7.938099999999998,4.378125000000001,-0.4596622855774444
0,7.938099999999998,4.38125,-0.452672638312269
0,7.938099999999998,4.384375,-0.44585026246740633
0,7.938099999999998,4.3875,-0.43919088765257097
0,7.938099999999998,4.390625,-0.43269033998034057
0,7.938099999999998,4.393750000000001,-0.426344542816766
0,7.938099999999998,4.396875,-0.42014951715433796
0,7.938099999999998,4.4,-0.4141013816510059
0,7.938099999999998,4.403125,-0.40819635237505986
0,7.938099999999998,4.40625,-0.4024307422918678
0,7.938099999999998,4.409375000000001,-0.39680096052524366
0,7.938099999999998,4.4125,-0.39130351142302283
0,7.938099999999998,4.415625,-0.3859349934535785
0,7.938099999999998,4.41875,-0.3806920979574956
0,7.938099999999998,4.421875,-0.3755716077760811
0,7.938099999999998,4.425000000000001,-0.3705703957763565
0,7.938099999999998,4.428125,-0.36568542329009307
0,7.938099999999998,4.43125,-0.3609137384826409
0,7.938099999999998,4.434375,-0.3562524746657195
0,7.938099999999998,4.4375,-0.35169884856670963
0,7.938099999999998,4.440625000000001,-0.34725015856574115
0,7.938099999999998,4.44375,-0.3429037829105492
0,7.938099999999998,4.446875,-0.33865717791795047
0,7.938099999999998,4.45,-0.33450787616983635
0,7.938099999999998,4.453125,-0.33045348471054264
0,7.938099999999998,4.456250000000001,-0.3264916832517334
0,7.938099999999998,4.459375,-0.3226202223901126
0,7.938099999999998,4.4625,-0.31883692184259954
0,7.938099999999998,4.465625,-0.31513966870305254
0,7.938099999999998,4.46875,-0.31152641572397305
0,7.938099999999998,4.471875000000001,-0.307995179626228
0,7.938099999999998,4.475,-0.30454403943932157
0,7.938099999999998,4.478125,-0.3011711348743508
0,7.938099999999998,4.48125,-0.29787466473148017
0,7.938099999999998,4.484375,-0.29465288534336065
0,7.938099999999998,4.487500000000001,-0.2915041090557245
0,7.938099999999998,4.490625,-0.2884267027460794
0,7.938099999999998,4.49375,-0.2854190863812063
0,7.938099999999998,4.496875,-0.28247973161401013
0,7.938099999999998,4.5,-0.2796071604200236
0,7.938099999999998,4.503125000000001,-0.27679994377378064
0,7.938099999999998,4.50625,-0.2740567003651003
0,7.938099999999998,4.509375,-0.27137609535519486
0,7.938099999999998,4.5125,-0.26875683917246346
0,7.938099999999998,4.515625,-0.26619768634766217
0,7.938099999999998,4.518750000000001,-0.2636974343881396
0,7.938099999999998,4.521875,-0.2612549226907104
0,7.938099999999998,4.525,-0.2588690314926858
0,7.938099999999998,4.528125,-0.2565386808605631
0,7.938099999999998,4.53125,-0.25426282971577446
0,7.938099999999998,4.534375000000001,-0.252040474896917
0,7.938099999999998,4.5375,-0.24987065025781854
0,7.938099999999998,4.540625,-0.24775242580076667
0,7.938099999999998,4.54375,-0.24568490684423896
0,7.938099999999998,4.546875,-0.24366723322440018
0,7.938099999999998,4.550000000000001,-0.24169857852966467
0,7.938099999999998,4.553125,-0.23977814936757944
0,7.938099999999998,4.55625,-0.2379051846632644
0,7.938099999999998,4.559375,-0.23607895498866957
0,7.938099999999998,4.5625,-0.23429876192184126
0,7.938099999999998,4.565625000000001,-0.23256393743542933
0,7.938099999999998,4.56875,-0.23087384331362154
0,7.938099999999998,4.571875,-0.22922787059667857
0,7.938099999999998,4.575,-0.22762543905225116
0,7.938099999999998,4.578125,-0.22606599667260086
0,7.938099999999998,4.581250000000001,-0.22454901919686437
0,7.938099999999998,4.584375,-0.22307400965745142
0,7.938099999999998,4.5875,-0.22164049794963805
0,7.938099999999998,4.590625,-0.22024804042340548
0,7.938099999999998,4.59375,-0.21889621949649982
0,7.938099999999998,4.596875000000001,-0.21758464328767893
0,7.938099999999998,4.6,-0.216312945269041
0,7.938099999999998,4.603125,-0.21508078393627134
0,7.938099999999998,4.60625,-0.2138878424955983
0,7.938099999999998,4.609375,-0.21273382856614192
0,7.938099999999998,4.612500000000001,-0.21161847389628877
0,7.938099999999998,4.615625,-0.21054153409261012
0,7.938099999999998,4.61875,-0.20950278835973862
0,7.938099999999998,4.621875,-0.20850203924951485
0,7.938099999999998,4.625,-0.20753911241755899
0,7.938099999999998,4.628125000000001,-0.20661385638530108
0,7.938099999999998,4.63125,-0.20572614230532704
0,7.938099999999998,4.634375,-0.20487586372771852
0,7.938099999999998,4.6375,-0.20406293636488093
0,7.938099999999998,4.640625,-0.20328729785211327
0,7.938099999999998,4.643750000000001,-0.20254890750095766
0,7.938099999999998,4.646875,-0.2018477460420901
0,7.938099999999998,4.65,-0.20118381535422683
0,7.938099999999998,4.653125,-0.20055713817522178
0,7.938099999999998,4.65625,-0.19996775779116716
0,7.938099999999998,4.659375000000001,-0.1994157376989604
0,7.938099999999998,4.6625,-0.19890116123738444
0,7.938099999999998,4.665625,-0.19842413118131622
0,7.938099999999998,4.66875,-0.1979847692932172
0,7.938099999999998,4.671875,-0.1975832158255397
0,7.938099999999998,4.675000000000001,-0.19721962896715703
0,7.938099999999998,4.678125,-0.19689418422633428
0,7.938099999999998,4.68125,-0.1966070737421444
0,7.938099999999998,4.684375,-0.19635850551557946
0,7.938099999999998,4.6875,-0.19614870255090927
0,7.938099999999998,4.690625000000001,-0.19597790189711492
0,7.938099999999998,4.69375,-0.19584635357846011
0,7.938099999999998,4.696875,-0.19575431940246615
0,7.938099999999998,4.7,-0.1957020716327426
0,7.938099999999998,4.703125,-0.19568989151327906
0,7.938099999999998,4.706250000000001,-0.19571806762995628
0,7.938099999999998,4.709375,-0.1957868940941796
0,7.938099999999998,4.7125,-0.19589666853269347
0,7.938099999999998,4.715625,-0.19604768986682133
0,7.938099999999998,4.71875,-0.19624025586360075
0,7.938099999999998,4.721875000000001,-0.19647466044058237
0,7.938099999999998,4.725,-0.19675119070544575
0,7.938099999999998,4.728125,-0.19707012371110824
0,7.938099999999998,4.73125,-0.19743172290667013
0,7.938099999999998,4.734375,-0.1978362342644329
0,7.938099999999998,4.737500000000001,-0.19828388206335243
0,7.938099999999998,4.740625,-0.19877486430974003
0,7.938099999999998,4.74375,-0.19930934777683876
0,7.938099999999998,4.746875,-0.19988746264615323
0,7.938099999999998,4.75,-0.2005092967351972
0,7.938099999999998,4.753125000000001,-0.2011748892986889
0,7.938099999999998,4.75625,-0.20188422439330314
0,7.938099999999998,4.759375,-0.20263722379995458
0,7.938099999999998,4.7625,-0.20343373950233376
0,7.938099999999998,4.765625,-0.204273545726189
0,7.938099999999998,4.768750000000001,-0.20515633055069457
0,7.938099999999998,4.771875,-0.20608168711132047
0,7.938099999999998,4.775,-0.20704910442299324
0,7.938099999999998,4.778125,-0.20805795786307874
0,7.938099999999998,4.78125,-0.20910749936594544
0,7.938099999999998,4.784375000000001,-0.2101968473945357
0,7.938099999999998,4.7875,-0.2113249767695692
0,7.938099999999998,4.790625,-0.21249070845363063
0,7.938099999999998,4.79375,-0.21369269940535007
0,7.938099999999998,4.796875,-0.21492943263807127
0,7.938099999999998,4.800000000000001,-0.2161992076374568
0,7.938099999999998,4.803125,-0.21750013131318258
0,7.938099999999998,4.80625,-0.2188301096807009
0,7.938099999999998,4.809375,-0.22018684048945802
0,7.938099999999998,4.8125,-0.22156780703332535
0,7.938099999999998,4.815625000000001,-0.22297027339643116
0,7.938099999999998,4.81875,-0.2243912814022584
0,7.938099999999998,4.821875,-0.2258276495447149
0,7.938099999999998,4.825,-0.2272759741857442
0,7.938099999999998,4.828125,-0.2287326333038543
0,7.938099999999998,4.831250000000001,-0.23019379307034563
0,7.938099999999998,4.834375,-0.2316554175139921
0,7.938099999999998,4.8375,-0.23311328150930644
0,7.938099999999998,4.840625,-0.2345629872873976
0,7.938099999999998,4.84375,-0.23599998462122582
0,7.938099999999998,4.846875000000001,-0.23741959477832986
0,7.938099999999998,4.85,-0.23881703826408116
0,7.938099999999998,4.853125,-0.24018746629774146
0,7.938099999999998,4.85625,-0.24152599587326146
0,7.938099999999998,4.859375,-0.24282774815874672
0,7.938099999999998,4.862500000000001,-0.24408788988515845
0,7.938099999999998,4.865625,-0.24530167726931432
0,7.938099999999998,4.86875,-0.24646450191214242
0,7.938099999999998,4.871875,-0.24757193801450247
0,7.938099999999998,4.875,-0.24861979016412242
0,7.938099999999998,4.878125000000001,-0.24960414087262778
0,7.938099999999998,4.88125,-0.2505213969856359
0,7.938099999999998,4.884375,-0.2513683340552144
0,7.938099999999998,4.8875,-0.2521421377558404
0,7.938099999999998,4.890625,-0.2528404414445972
0,7.938099999999998,4.893750000000001,-0.2534613590147241
0,7.938099999999998,4.896875,-0.25400351226862733
0,7.938099999999998,4.9,-0.25446605214043483
0,7.938099999999998,4.903125,-0.2548486732261508
0,7.938099999999998,4.90625,-0.25515162122725227
0,7.938099999999998,4.909375000000001,-0.25537569307578595
0,7.938099999999998,4.9125,-0.2555222296796354
0,7.938099999999998,4.915625,-0.2555931013990044
0,7.938099999999998,4.91875,-0.2555906865326586
0,7.938099999999998,4.921875,-0.2555178432486958
0,7.938099999999998,4.925000000000001,-0.25537787553380664
0,7.938099999999998,4.928125,-0.25517449385235363
0,7.938099999999998,4.93125,-0.25491177129850584
0,7.938099999999998,4.934375,-0.2545940960888293
0,7.938099999999998,4.9375,-0.25422612127825484
0,7.938099999999998,4.940625000000001,-0.25381271258968713
0,7.938099999999998,4.94375,-0.25335889522838934
0,7.938099999999998,4.946875,-0.2528698005094308
0,7.938099999999998,4.95,-0.25235061306353795
0,7.938099999999998,4.953125,-0.25180651930776154
0,7.938099999999998,4.956250000000001,-0.25124265777697885
0,7.938099999999998,4.959375,-0.2506640718148531
0,7.938099999999998,4.9625,-0.25007566502283995
0,7.938099999999998,4.965625,-0.24948215976714974
0,7.938099999999998,4.96875,-0.24888805894967647
0,7.938099999999998,4.971875000000001,-0.2482976111627433
0,7.938099999999998,4.975,-0.24771477927127888
0,7.938099999999998,4.978125,-0.24714321240135137
0,7.938099999999998,4.98125,-0.24658622126183957
0,7.938099999999998,4.984375,-0.2460467566867678
0,7.938099999999998,4.987500000000001,-0.24552739125943715
0,7.938099999999998,4.990625,-0.24503030386535601
0,7.938099999999998,4.99375,-0.24455726701826025
0,7.938099999999998,4.996875,-0.24410963681105322
0,7.938099999999998,5.0,-0.24368834535988101
0,7.938099999999998,5.003125,-0.243293895633307
0,7.938099999999998,5.0062500000000005,-0.2429263585879805
0,7.938099999999998,5.009375,-0.24258537256562626
0,7.938099999999998,5.0125,-0.24227014494184862
0,7.938099999999998,5.015625,-0.24197945605338286
0,7.938099999999998,5.01875,-0.24171166546524603
0,7.938099999999998,5.0218750000000005,-0.2414647206709882
0,7.938099999999998,5.025,-0.24123616834617806
0,7.938099999999998,5.028125,-0.24102316829569945
0,7.938099999999998,5.03125,-0.24082251024779813
0,7.938099999999998,5.034375,-0.2406306336506328
0,7.938099999999998,5.0375000000000005,-0.24044365061907216
0,7.938099999999998,5.040625,-0.2402573721596043
0,7.938099999999998,5.04375,-0.24006733776874847
0,7.938099999999998,5.046875,-0.23986884845496106
0,7.938099999999998,5.05,-0.2396570031758191
0,7.938099999999998,5.0531250000000005,-0.2394267386119317
0,7.938099999999998,5.05625,-0.23917287211782534
0,7.938099999999998,5.059375,-0.23889014759988658
0,7.938099999999998,5.0625,-0.23857328397487884
0,7.938099999999998,5.065625,-0.23821702576275006
0,7.938099999999998,5.0687500000000005,-0.23781619526815434
0,7.938099999999998,5.071875,-0.23736574571048769
0,7.938099999999998,5.075,-0.23686081457673105
0,7.938099999999998,5.078125,-0.23629677639953503
0,7.938099999999998,5.08125,-0.23566929410909937
0,7.938099999999998,5.0843750000000005,-0.2349743680754434
0,7.938099999999998,5.0875,-0.2342083819508437
0,7.938099999999998,5.090625,-0.233368144442825
0,7.938099999999998,5.09375,-0.2324509261972711
0,7.938099999999998,5.096875,-0.23145449104878169
0,7.938099999999998,5.1000000000000005,-0.23037712099979407
0,7.938099999999998,5.103125,-0.22921763441827603
0,7.938099999999998,5.10625,-0.22797539709174675
0,7.938099999999998,5.109375,-0.22665032593775158
0,7.938099999999998,5.1125,-0.22524288534154496
0,7.938099999999998,5.1156250000000005,-0.22375407626411115
0,7.938099999999998,5.11875,-0.22218541843107117
0,7.938099999999998,5.121875,-0.22053892606908354
0,7.938099999999998,5.125,-0.21881707779531748
0,7.938099999999998,5.128125,-0.21702278138257367
0,7.938099999999998,5.1312500000000005,-0.21515933421405187
0,7.938099999999998,5.134375,-0.21323038030525868
0,7.938099999999998,5.1375,-0.21123986480516502
0,7.938099999999998,5.140625,-0.20919198689491778
0,7.938099999999998,5.14375,-0.2070911519817538
0,7.938099999999998,5.1468750000000005,-0.20494192404102343
0,7.938099999999998,5.15,-0.20274897889388738
0,7.938099999999998,5.153125,-0.20051705912635928
0,7.938099999999998,5.15625,-0.19825093126136967
0,7.938099999999998,5.159375,-0.1959553456937362
0,7.938099999999998,5.1625000000000005,-0.1936349997926756
0,7.938099999999998,5.165625,-0.19129450447158916
0,7.938099999999998,5.16875,-0.18893835442368656
0,7.938099999999998,5.171875,-0.1865709021273948
0,7.938099999999998,5.175,-0.18419633563951296
0,7.938099999999998,5.1781250000000005,-0.18181866011830347
0,7.938099999999998,5.18125,-0.17944168295402327
0,7.938099999999998,5.184375,-0.1770690023311555
0,7.938099999999998,5.1875,-0.17470399900474942
0,7.938099999999998,5.190625,-0.17234983104223459
0,7.938099999999998,5.1937500000000005,-0.17000943126114676
0,7.938099999999998,5.196875,-0.16768550708133337
0,7.938099999999998,5.2,-0.16538054250626966
0,7.938099999999998,5.203125,-0.16309680195097007
0,7.938099999999998,5.20625,-0.16083633564233943
0,7.938099999999998,5.2093750000000005,-0.15860098633061362
0,7.938099999999998,5.2125,-0.1563923970666474
0,7.938099999999998,5.215625,-0.15421201981826096
0,7.938099999999998,5.21875,-0.152061124718819
0,7.938099999999998,5.221875,-0.14994080976189186
0,7.938099999999998,5.2250000000000005,-0.14785201077667606
0,7.938099999999998,5.228125,-0.14579551153929787
0,7.938099999999998,5.23125,-0.14377195389478953
0,7.938099999999998,5.234375,-0.14178184778316355
0,7.938099999999998,5.2375,-0.13982558108033874
0,7.938099999999998,5.2406250000000005,-0.1379034291806279
0,7.938099999999998,5.24375,-0.1360155642619699
0,7.938099999999998,5.246875,-0.1341620641880557
0,7.938099999999998,5.25,-0.132342921013025
0,7.938099999999998,5.253125,-0.13055804906447302
0,7.938099999999998,5.2562500000000005,-0.128807292589256
0,7.938099999999998,5.259375,-0.12709043295406064
0,7.938099999999998,5.2625,-0.12540719539901157
0,7.938099999999998,5.265625,-0.12375725534787312
0,7.938099999999998,5.26875,-0.12214024428269939
0,7.938099999999998,5.2718750000000005,-0.12055575519426678
0,7.938099999999998,5.275,-0.1190033476223492
0,7.938099999999998,5.278125,-0.11748255230196233
0,7.938099999999998,5.28125,-0.11599287543323329
0,7.938099999999998,5.284375,-0.11453380259356866
0,7.938099999999998,5.2875000000000005,-0.11310480231142975
0,7.938099999999998,5.290625,-0.11170532932130757
0,7.938099999999998,5.29375,-0.11033482751948631
0,7.938099999999998,5.296875,-0.10899273263997145
0,7.938099999999998,5.3,-0.1076784746695346
0,7.938099999999998,5.3031250000000005,-0.10639148002028107
0,7.938099999999998,5.30625,-0.10513117347748062
0,7.938099999999998,5.309375,-0.10389697993964986
0,7.938099999999998,5.3125,-0.10268832596708474
0,7.938099999999998,5.315625,-0.10150464115419126
0,7.938099999999998,5.3187500000000005,-0.1003453593401132
0,7.938099999999998,5.321875,-0.09920991967129403
0,7.938099999999998,5.325,-0.09809776752874981
0,7.938099999999998,5.328125,-0.09700835533200158
0,7.938099999999998,5.33125,-0.09594114323078907
0,7.938099999999998,5.3343750000000005,-0.09489559969490635
0,7.938099999999998,5.3375,-0.09387120201174343
0,7.938099999999998,5.340625,-0.09286743670039221
0,7.938099999999998,5.34375,-0.0918837998505004
0,7.938099999999998,5.346875,-0.09091979739340063
0,7.938099999999998,5.3500000000000005,-0.08997494531243937
0,7.938099999999998,5.353125,-0.0890487697988581
0,7.938099999999998,5.35625,-0.08814080735904146
0,7.938099999999998,5.359375,-0.08725060487845632
0,7.938099999999998,5.3625,-0.08637771964713463
0,7.938099999999998,5.3656250000000005,-0.08552171935112786
0,7.938099999999998,5.36875,-0.08468218203396162
0,7.938099999999998,5.371875,-0.08385869603174784
0,7.938099999999998,5.375,-0.08305085988527913
0,7.938099999999998,5.378125,-0.08225828223211032
0,7.938099999999998,5.3812500000000005,-0.08148058168134856
0,7.938099999999998,5.384375,-0.08071738667361004
0,7.938099999999998,5.3875,-0.07996833532835483
0,7.938099999999998,5.390625,-0.07923307528059736
0,7.938099999999998,5.39375,-0.07851126350878088
0,7.938099999999998,5.3968750000000005,-0.07780256615542246
0,7.938099999999998,5.4,-0.07710665834196771
0,7.938099999999998,5.403125,-0.07642322397913606
0,7.938099999999998,5.40625,-0.07575195557390482
0,7.938099999999998,5.409375,-0.075092554034147
0,7.938099999999998,5.4125000000000005,-0.07444472847182543
0,7.938099999999998,5.415625,-0.07380819600554228
0,7.938099999999998,5.41875,-0.07318268156314421
0,7.938099999999998,5.421875,-0.07256791768500391
0,7.938099999999998,5.425,-0.07196364432851583
0,7.938099999999998,5.4281250000000005,-0.07136960867427695
0,7.938099999999998,5.43125,-0.0707855649343607
0,7.938099999999998,5.434375,-0.07021127416303229
0,7.938099999999998,5.4375,-0.06964650407020823
0,7.938099999999998,5.440625,-0.0690910288379116
0,7.938099999999998,5.4437500000000005,-0.06854462893993665
0,7.938099999999998,5.446875,-0.06800709096489979
0,7.938099999999998,5.45,-0.06747820744281773
0,7.938099999999998,5.453125,-0.0669577766753304
0,7.938099999999998,5.45625,-0.0664456025696539
0,7.938099999999998,5.4593750000000005,-0.06594149447632937
0,7.938099999999998,5.4625,-0.06544526703081292
0,7.938099999999998,5.465625,-0.06495673999893067
0,7.938099999999998,5.46875,-0.06447573812621192
0,7.938099999999998,5.471875,-0.06400209099109466
0,7.938099999999998,5.4750000000000005,-0.06353563286198828
0,7.938099999999998,5.478125,-0.063076202558167
0,7.938099999999998,5.48125,-0.0626236433144562
0,7.938099999999998,5.484375,-0.06217780264967033
0,7.938099999999998,5.4875,-0.061738532238749325
0,7.938099999999998,5.4906250000000005,-0.061305687788537414
0,7.938099999999998,5.49375,-0.06087912891714338
0,7.938099999999998,5.496875,-0.06045871903681448
0,7.938099999999998,5.5,-0.06004432524025742
0,7.938099999999998,5.503125,-0.05963581819033249
0,7.938099999999998,5.5062500000000005,-0.059233072013047706
0,7.938099999999998,5.509375,-0.05883596419377762
0,7.938099999999998,5.5125,-0.05844437547662858
0,7.938099999999998,5.515625,-0.05805818976687479
0,7.938099999999998,5.51875,-0.05767729403638599
0,7.938099999999998,5.5218750000000005,-0.057301578231968874
0,7.938099999999998,5.525,-0.05693093518654525
0,7.938099999999998,5.528125,-0.05656526053308766
0,7.938099999999998,5.53125,-0.05620445262123821
0,7.938099999999998,5.534375,-0.055848412436532595
0,7.938099999999998,5.5375000000000005,-0.05549704352215535
0,7.938099999999998,5.540625,-0.05515025190315259
0,7.938099999999998,5.54375,-0.05480794601302837
0,7.938099999999998,5.546875,-0.05447003662265519
0,7.938099999999998,5.55,-0.0541364367714271
0,7.938099999999998,5.5531250000000005,-0.053807061700587806
0,7.938099999999998,5.55625,-0.05348182878866674
0,7.938099999999998,5.559375,-0.05316065748895658
0,7.938099999999998,5.5625,-0.05284346926897013
0,7.938099999999998,5.565625,-0.05253018755181276
0,7.938099999999998,5.5687500000000005,-0.05222073765941031
0,7.938099999999998,5.571875,-0.051915046757533605
0,7.938099999999998,5.575,-0.051613043802560994
0,7.938099999999998,5.578125,-0.05131465948992458
0,7.938099999999998,5.58125,-0.05101982620418448
0,7.938099999999998,5.5843750000000005,-0.050728477970678934
0,7.938099999999998,5.5875,-0.05044055040869934
0,7.938099999999998,5.590625,-0.05015598068613929
0,7.938099999999998,5.59375,-0.04987470747557102
0,7.938099999999998,5.596875,-0.04959667091170148
0,7.938099999999998,5.6000000000000005,-0.04932181255016297
0,7.938099999999998,5.603125,-0.04905007532759488
0,7.938099999999998,5.60625,-0.048781403522972944
0,7.938099999999998,5.609375,-0.04851574272014645
0,7.938099999999998,5.6125,-0.04825303977154238
0,7.938099999999998,5.6156250000000005,-0.04799324276299827
0,7.938099999999998,5.61875,-0.04773630097968694
0,7.938099999999998,5.621875,-0.04748216487309609
0,7.938099999999998,5.625,-0.04723078602902904
0,7.938099999999998,5.628125,-0.04698211713659199
0,7.938099999999998,5.6312500000000005,-0.04673611195813566
0,7.938099999999998,5.634375,-0.046492725300119796
0,7.938099999999998,5.6375,-0.046251912984869546
0,7.938099999999998,5.640625,-0.046013631823195074
0,7.938099999999998,5.64375,-0.045777839587845495
0,7.938099999999998,5.6468750000000005,-0.04554449498776957
0,7.938099999999998,5.65,-0.04531355764315712
0,7.938099999999998,5.653125,-0.04508498806123455
0,7.938099999999998,5.65625,-0.044858747612790906
0,7.938099999999998,5.659375,-0.04463479850940961
0,7.938099999999998,5.6625000000000005,-0.04441310378138306
0,7.938099999999998,5.665625,-0.04419362725628807
0,7.938099999999998,5.66875,-0.043976333538199776
0,7.938099999999998,5.671875,-0.043761187987524104
0,7.938099999999998,5.675,-0.043548156701428024
0,7.938099999999998,5.6781250000000005,-0.043337206494848506
0,7.938099999999998,5.68125,-0.04312830488206142
0,7.938099999999998,5.684375,-0.04292142005879166
0,7.938099999999998,5.6875,-0.04271652088484799
0,7.938099999999998,5.690625,-0.042513576867264875
0,7.938099999999998,5.6937500000000005,-0.042312558143935385
0,7.938099999999998,5.696875,-0.042113435467719465
0,7.938099999999998,5.7,-0.041916180191011586
0,7.938099999999998,5.703125,-0.04172076425075442
0,7.938099999999998,5.70625,-0.04152716015388299
0,7.938099999999998,5.7093750000000005,-0.04133534096318642
0,7.938099999999998,5.7125,-0.04114528028357391
0,7.938099999999998,5.715625,-0.04095695224873142
0,7.938099999999998,5.71875,-0.040770331508157925
0,7.938099999999998,5.721875,-0.040585393214568194
0,7.938099999999998,5.7250000000000005,-0.04040211301165112
0,7.938099999999998,5.728125,-0.04022046702217256
0,7.938099999999998,5.73125,-0.040040431836411074
0,7.938099999999998,5.734375,-0.03986198450091732
0,7.938099999999998,5.7375,-0.03968510250758624
0,7.938099999999998,5.7406250000000005,-0.03950976378303247
0,7.938099999999998,5.74375,-0.03933594667825997
0,7.938099999999998,5.746875,-0.03916362995861597
0,7.938099999999998,5.75,-0.03899279279402144
0,7.938099999999998,5.753125,-0.03882341474946889
0,7.938099999999998,5.7562500000000005,-0.038655475775779644
0,7.938099999999998,5.759375,-0.0384889562006126
0,7.938099999999998,5.7625,-0.038323836719716474
0,7.938099999999998,5.765625,-0.03816009838841884
0,7.938099999999998,5.76875,-0.037997722613344144
0,7.938099999999998,5.7718750000000005,-0.03783669114435396
0,7.938099999999998,5.775,-0.03767698606670319
0,7.938099999999998,5.778125,-0.03751858979340476
0,7.938099999999998,5.78125,-0.037361485057797815
0,7.938099999999998,5.784375,-0.03720565490631226
0,7.938099999999998,5.7875000000000005,-0.037051082691424375
0,7.938099999999998,5.790625,-0.036897752064797916
0,7.938099999999998,5.79375,-0.03674564697060441
0,7.938099999999998,5.796875,-0.03659475163901853
0,7.938099999999998,5.800000000000001,-0.03644505057988234
0,7.938099999999998,5.8031250000000005,-0.03629652857653441
0,7.938099999999998,5.80625,-0.036149170679797775
0,7.938099999999998,5.809375,-0.03600296220212334
0,7.938099999999998,5.8125,-0.03585788871188355
0,7.938099999999998,5.815625000000001,-0.0357139360278119
0,7.938099999999998,5.8187500000000005,-0.03557109021358457
0,7.938099999999998,5.821875,-0.03542933757253931
0,7.938099999999998,5.825,-0.03528866464252853
0,7.938099999999998,5.828125,-0.03514905819090206
0,7.938099999999998,5.831250000000001,-0.03501050520961616
0,7.938099999999998,5.8343750000000005,-0.034872992910465264
0,7.938099999999998,5.8375,-0.03473650872043258
0,7.938099999999998,5.840625,-0.03460104027715674
0,7.938099999999998,5.84375,-0.03446657542451074
0,7.938099999999998,5.846875000000001,-0.034333102208290285
0,7.938099999999998,5.8500000000000005,-0.034200608872008535
0,7.938099999999998,5.853125,-0.034069083852793725
0,7.938099999999998,5.85625,-0.03393851577738756
0,7.938099999999998,5.859375,-0.03380889345824115
0,7.938099999999998,5.862500000000001,-0.033680205889705696
0,7.938099999999998,5.8656250000000005,-0.033552442244315736
0,7.938099999999998,5.86875,-0.033425591869161754
0,7.938099999999998,5.871875,-0.03329964428235041
0,7.938099999999998,5.875,-0.03317458916954948
0,7.938099999999998,5.878125000000001,-0.0330504163806154
0,7.938099999999998,5.8812500000000005,-0.03292711592630122
0,7.938099999999998,5.884375,-0.03280467797504249
0,7.938099999999998,5.8875,-0.0326830928498194
0,7.938099999999998,5.890625,-0.032562351025092806
0,7.938099999999998,5.893750000000001,-0.032442443123812136
0,7.938099999999998,5.8968750000000005,-0.032323359914493775
0,7.938099999999998,5.9,-0.03220509230836696
0,7.938099999999998,5.903125,-0.03208763135658666
0,7.938099999999998,5.90625,-0.03197096824751083
0,7.938099999999998,5.909375000000001,-0.031855094304040446
0,7.938099999999998,5.9125000000000005,-0.031740000981021144
0,7.938099999999998,5.915625,-0.03162567986270401
0,7.938099999999998,5.91875,-0.03151212266026484
0,7.938099999999998,5.921875,-0.03139932120937972
0,7.938099999999998,5.925000000000001,-0.0312872674678558
0,7.938099999999998,5.9281250000000005,-0.031175953513315754
0,7.938099999999998,5.93125,-0.031065371540934184
0,7.938099999999998,5.934375,-0.030955513861225328
0,7.938099999999998,5.9375,-0.03084637289788016
0,7.938099999999998,5.940625000000001,-0.030737941185651752
0,7.938099999999998,5.9437500000000005,-0.030630211368287988
0,7.938099999999998,5.946875,-0.03052317619650974
0,7.938099999999998,5.95,-0.030416828526034174
0,7.938099999999998,5.953125,-0.030311161315641374
0,7.938099999999998,5.956250000000001,-0.030206167625283522
0,7.938099999999998,5.9593750000000005,-0.030101840614235625
0,7.938099999999998,5.9625,-0.029998173539286282
0,7.938099999999998,5.965625,-0.029895159752968154
0,7.938099999999998,5.96875,-0.0297927927018266
0,7.938099999999998,5.971875000000001,-0.02969106592472576
0,7.938099999999998,5.9750000000000005,-0.029589973051191324
0,7.938099999999998,5.978125,-0.029489507799788494
0,7.938099999999998,5.98125,-0.02938966397653502
0,7.938099999999998,5.984375,-0.02929043547334792
0,7.938099999999998,5.987500000000001,-0.029191816266523247
0,7.938099999999998,5.9906250000000005,-0.029093800415248172
0,7.938099999999998,5.99375,-0.02899638206014425
0,7.938099999999998,5.996875,-0.028899555421841618
0,7.938099999999998,6.0,-0.02880331479958301
