"Current","Field","Frequency","Spectra"
0,42.5312,1.0,-0.023410044229657655
0,42.5312,1.003125,-0.023476347120681588
0,42.5312,1.00625,-0.02354294350781541
0,42.5312,1.009375,-0.023609835256752847
0,42.5312,1.0125,-0.02367702424979138
0,42.5312,1.015625,-0.02374451238603542
0,42.5312,1.01875,-0.023812301581602868
0,42.5312,1.021875,-0.023880393769834973
0,42.5312,1.025,-0.023948790901509635
0,42.5312,1.028125,-0.024017494945058195
0,42.5312,1.03125,-0.024086507886785773
0,42.5312,1.034375,-0.02415583173109525
0,42.5312,1.0375,-0.024225468500714952
0,42.5312,1.040625,-0.02429542023693017
0,42.5312,1.04375,-0.02436568899981847
0,42.5312,1.046875,-0.024436276868489003
0,42.5312,1.05,-0.02450718594132579
0,42.5312,1.053125,-0.02457841833623517
0,42.5312,1.05625,-0.02464997619089746
0,42.5312,1.059375,-0.024721861663022822
0,42.5312,1.0625,-0.024794076930611572
0,42.5312,1.065625,-0.024866624192218925
0,42.5312,1.06875,-0.02493950566722434
0,42.5312,1.071875,-0.025012723596105502
0,42.5312,1.075,-0.025086280240717074
0,42.5312,1.078125,-0.025160177884574312
0,42.5312,1.08125,-0.025234418833141644
0,42.5312,1.084375,-0.025309005414126312
0,42.5312,1.0875,-0.025383939977777284
0,42.5312,1.090625,-0.025459224897189374
0,42.5312,1.09375,-0.025534862568612815
0,42.5312,1.096875,-0.025610855411768368
0,42.5312,1.1,-0.025687205870168067
0,42.5312,1.103125,-0.025763916411441865
0,42.5312,1.10625,-0.025840989527669993
0,42.5312,1.109375,-0.02591842773572157
0,42.5312,1.1125,-0.025996233577599222
0,42.5312,1.115625,-0.026074409620790134
0,42.5312,1.11875,-0.02615295845862357
0,42.5312,1.121875,-0.026231882710634896
0,42.5312,1.125,-0.02631118502293649
0,42.5312,1.128125,-0.02639086806859546
0,42.5312,1.13125,-0.026470934548018504
0,42.5312,1.134375,-0.026551387189343995
0,42.5312,1.1375,-0.02663222874884146
0,42.5312,1.140625,-0.0267134620113186
0,42.5312,1.14375,-0.026795089790536106
0,42.5312,1.146875,-0.026877114929630387
0,42.5312,1.15,-0.026959540301544443
0,42.5312,1.153125,-0.027042368809466973
0,42.5312,1.15625,-0.027125603387280088
0,42.5312,1.159375,-0.02720924700001559
0,42.5312,1.1625,-0.027293302644320318
0,42.5312,1.165625,-0.027377773348930518
0,42.5312,1.16875,-0.027462662175155583
0,42.5312,1.171875,-0.02754797221737135
0,42.5312,1.175,-0.027633706603523198
0,42.5312,1.178125,-0.02771986849563917
0,42.5312,1.18125,-0.027806461090353424
0,42.5312,1.184375,-0.027893487619440133
0,42.5312,1.1875,-0.027980951350358257
0,42.5312,1.190625,-0.028068855586807242
0,42.5312,1.19375,-0.028157203669294157
0,42.5312,1.196875,-0.028245998975712436
0,42.5312,1.2,-0.028335244921932408
0,42.5312,1.203125,-0.028424944962404112
0,42.5312,1.20625,-0.028515102590772515
0,42.5312,1.209375,-0.028605721340505638
0,42.5312,1.2125,-0.028696804785535747
0,42.5312,1.215625,-0.02878835654091399
0,42.5312,1.21875,-0.028880380263478903
0,42.5312,1.221875,-0.028972879652538943
0,42.5312,1.225,-0.029065858450569686
0,42.5312,1.228125,-0.029159320443925815
0,42.5312,1.23125,-0.02925326946356841
0,42.5312,1.234375,-0.029347709385807864
0,42.5312,1.2375,-0.029442644133062926
0,42.5312,1.240625,-0.02953807767463618
0,42.5312,1.24375,-0.02963401402750648
0,42.5312,1.246875,-0.029730457257138722
0,42.5312,1.25,-0.029827411478311448
0,42.5312,1.253125,-0.02992488085596273
0,42.5312,1.25625,-0.030022869606054818
0,42.5312,1.259375,-0.030121381996458085
0,42.5312,1.2625,-0.030220422347854745
0,42.5312,1.265625,-0.03031999503466289
0,42.5312,1.26875,-0.030420104485981363
0,42.5312,1.271875,-0.030520755186556104
0,42.5312,1.275,-0.030621951677768468
0,42.5312,1.278125,-0.030723698558646154
0,42.5312,1.28125,-0.03082600048689736
0,42.5312,1.284375,-0.03092886217996874
0,42.5312,1.2875,-0.031032288416127984
0,42.5312,1.290625,-0.031136284035571466
0,42.5312,1.29375,-0.03124085394155784
0,42.5312,1.296875,-0.03134600310156818
0,42.5312,1.3,-0.03145173654849356
0,42.5312,1.303125,-0.03155805938185057
0,42.5312,1.30625,-0.03166497676902596
0,42.5312,1.309375,-0.03177249394655074
0,42.5312,1.3125,-0.03188061622140499
0,42.5312,1.315625,-0.03198934897235403
0,42.5312,1.31875,-0.03209869765131688
0,42.5312,1.321875,-0.03220866778476795
0,42.5312,1.325,-0.03231926497517297
0,42.5312,1.328125,-0.03243049490245995
0,42.5312,1.33125,-0.03254236332552644
0,42.5312,1.334375,-0.03265487608378392
0,42.5312,1.3375,-0.03276803909874058
0,42.5312,1.340625,-0.03288185837562343
0,42.5312,1.34375,-0.03299634000504101
0,42.5312,1.346875,-0.03311149016468789
0,42.5312,1.35,-0.03322731512109213
0,42.5312,1.353125,-0.033343821231407
0,42.5312,1.35625,-0.033461014945248294
0,42.5312,1.359375,-0.03357890280657852
0,42.5312,1.3625,-0.033697491455639474
0,42.5312,1.365625,-0.03381678763093458
0,42.5312,1.36875,-0.03393679817126244
0,42.5312,1.371875,-0.0340575300178033
0,42.5312,1.375,-0.03417899021625983
0,42.5312,1.378125,-0.03430118591905402
0,42.5312,1.38125,-0.03442412438758181
0,42.5312,1.384375,-0.03454781299452731
0,42.5312,1.3875,-0.034672259226238365
0,42.5312,1.390625,-0.03479747068516526
0,42.5312,1.39375,-0.03492345509236478
0,42.5312,1.396875,-0.03505022029007134
0,42.5312,1.4,-0.03517777424433752
0,42.5312,1.403125,-0.035306125047745995
0,42.5312,1.40625,-0.03543528092219515
0,42.5312,1.409375,-0.03556525022176071
0,42.5312,1.4125,-0.03569604143563567
0,42.5312,1.415625,-0.03582766319115127
0,42.5312,1.41875,-0.035960124256881214
0,42.5312,1.421875,-0.036093433545831895
0,42.5312,1.425,-0.03622760011872158
0,42.5312,1.428125,-0.036362633187351126
0,42.5312,1.43125,-0.036498542118069216
0,42.5312,1.434375,-0.036635336435335335
0,42.5312,1.4375,-0.036773025825383165
0,42.5312,1.440625,-0.036911620139988346
0,42.5312,1.44375,-0.03705112940034329
0,42.5312,1.446875,-0.03719156380104295
0,42.5312,1.45,-0.03733293371418499
0,42.5312,1.453125,-0.03747524969358813
0,42.5312,1.45625,-0.03761852247913253
0,42.5312,1.459375,-0.03776276300122616
0,42.5312,1.4625,-0.03790798238540147
0,42.5312,1.465625,-0.038054191957046395
0,42.5312,1.46875,-0.038201403246274336
0,42.5312,1.471875,-0.038349627992937736
0,42.5312,1.475,-0.0384988781517898
0,42.5312,1.478125,-0.03864916589779956
0,42.5312,1.48125,-0.03880050363162525
0,42.5312,1.484375,-0.038952903985251246
0,42.5312,1.4875,-0.0391063798277942
0,42.5312,1.490625,-0.03926094427148401
0,42.5312,1.49375,-0.03941661067782531
0,42.5312,1.496875,-0.03957339266394597
0,42.5312,1.5,-0.039731304109138374
0,42.5312,1.503125,-0.03989035916160068
0,42.5312,1.50625,-0.04005057224538411
0,42.5312,1.509375,-0.040211958067553955
0,42.5312,1.5125000000000002,-0.04037453162557105
0,42.5312,1.515625,-0.04053830821490136
0,42.5312,1.51875,-0.04070330343686185
0,42.5312,1.521875,-0.04086953320670998
0,42.5312,1.525,-0.041037013761985874
0,42.5312,1.5281250000000002,-0.041205761671115365
0,42.5312,1.53125,-0.04137579384228289
0,42.5312,1.534375,-0.04154712753258394
0,42.5312,1.5375,-0.04171978035746593
0,42.5312,1.540625,-0.041893770300468015
0,42.5312,1.5437500000000002,-0.04206911572326986
0,42.5312,1.546875,-0.042245835376059915
0,42.5312,1.55,-0.04242394840823447
0,42.5312,1.553125,-0.04260347437943846
0,42.5312,1.55625,-0.04278443327096011
0,42.5312,1.5593750000000002,-0.042966845497491496
0,42.5312,1.5625,-0.04315073191926726
0,42.5312,1.565625,-0.043336113854595106
0,42.5312,1.56875,-0.04352301309279086
0,42.5312,1.571875,-0.04371145190753217
0,42.5312,1.5750000000000002,-0.043901453070645524
0,42.5312,1.578125,-0.0440930398663405
0,42.5312,1.58125,-0.0442862361059075
0,42.5312,1.584375,-0.04448106614289389
0,42.5312,1.5875,-0.04467755488877516
0,42.5312,1.5906250000000002,-0.04487572782913775
0,42.5312,1.59375,-0.045075611040390554
0,42.5312,1.596875,-0.04527723120702333
0,42.5312,1.6,-0.04548061563942936
0,42.5312,1.603125,-0.045685792292312205
0,42.5312,1.6062500000000002,-0.045892789783694966
0,42.5312,1.609375,-0.04610163741455208
0,42.5312,1.6125,-0.0463123651890843
0,42.5312,1.615625,-0.04652500383565717
0,42.5312,1.61875,-0.046739584828424593
0,42.5312,1.6218750000000002,-0.04695614040965932
0,42.5312,1.625,-0.04717470361281241
0,42.5312,1.628125,-0.04739530828632492
0,42.5312,1.63125,-0.04761798911821431
0,42.5312,1.634375,-0.047842781661459874
0,42.5312,1.6375000000000002,-0.048069722360210704
0,42.5312,1.640625,-0.04829884857684071
0,42.5312,1.64375,-0.0485301986198754
0,42.5312,1.646875,-0.048763811772815045
0,42.5312,1.65,-0.04899972832387951
0,42.5312,1.6531250000000002,-0.049237989596699915
0,42.5312,1.65625,-0.049478637981981835
0,42.5312,1.659375,-0.049721716970166106
0,42.5312,1.6625,-0.04996727118511107
0,42.5312,1.665625,-0.050215346418821624
0,42.5312,1.6687500000000002,-0.050465989667249224
0,42.5312,1.671875,-0.05071924916718582
0,42.5312,1.675,-0.05097517443427557
0,42.5312,1.678125,-0.051233816302165155
0,42.5312,1.68125,-0.05149522696281405
0,42.5312,1.6843750000000002,-0.05175946000798375
0,42.5312,1.6875,-0.05202657047192314
0,42.5312,1.690625,-0.0522966148752662
0,42.5312,1.69375,-0.05256965127015411
0,42.5312,1.696875,-0.05284573928659284
0,42.5312,1.7000000000000002,-0.05312494018005291
0,42.5312,1.703125,-0.0534073168803145
0,42.5312,1.70625,-0.05369293404155759
0,42.5312,1.709375,-0.05398185809369062
0,42.5312,1.7125,-0.054274157294907116
0,42.5312,1.7156250000000002,-0.054569901785452485
0,42.5312,1.71875,-0.05486916364257627
0,42.5312,1.721875,-0.05517201693663806
0,42.5312,1.725,-0.055478537788324865
0,42.5312,1.728125,-0.0557888044269291
0,42.5312,1.7312500000000002,-0.05610289724962429
0,42.5312,1.734375,-0.05642089888166305
0,42.5312,1.7375,-0.056742894237408706
0,42.5312,1.740625,-0.05706897058209463
0,42.5312,1.74375,-0.057399217594189804
0,42.5312,1.7468750000000002,-0.057733727428228354
0,42.5312,1.75,-0.05807259477793952
0,42.5312,1.753125,-0.058415916939491684
0,42.5312,1.75625,-0.05876379387463579
0,42.5312,1.759375,-0.05911632827350567
0,42.5312,1.7625000000000002,-0.05947362561680022
0,42.5312,1.765625,-0.05983579423703523
0,42.5312,1.76875,-0.06020294537851586
0,42.5312,1.771875,-0.0605751932556342
0,42.5312,1.775,-0.06095265510905097
0,42.5312,1.7781250000000002,-0.0613354512592668
0,42.5312,1.78125,-0.06172370515703014
0,42.5312,1.784375,-0.06211754342996753
0,42.5312,1.7875,-0.06251709592474937
0,42.5312,1.790625,-0.06292249574403179
0,42.5312,1.7937500000000002,-0.06333387927732945
0,42.5312,1.796875,-0.0637513862248842
0,42.5312,1.8,-0.06417515961349682
0,42.5312,1.803125,-0.0646053458031791
0,42.5312,1.80625,-0.06504209448336833
0,42.5312,1.8093750000000002,-0.06548555865731862
0,42.5312,1.8125,-0.06593589461314509
0,42.5312,1.815625,-0.06639326187984981
0,42.5312,1.81875,-0.06685782316649531
0,42.5312,1.821875,-0.06732974428252086
0,42.5312,1.8250000000000002,-0.06780919403700918
0,42.5312,1.828125,-0.06829634411451205
0,42.5312,1.83125,-0.06879136892483215
0,42.5312,1.834375,-0.06929444542392854
0,42.5312,1.8375,-0.0698057529028756
0,42.5312,1.8406250000000002,-0.07032547274154863
0,42.5312,1.84375,-0.07085378812344173
0,42.5312,1.846875,-0.07139088370774395
0,42.5312,1.85,-0.071936945254505
0,42.5312,1.853125,-0.07249215919842189
0,42.5312,1.8562500000000002,-0.07305671216646566
0,42.5312,1.859375,-0.07363079043425091
0,42.5312,1.8625,-0.07421457931573569
0,42.5312,1.865625,-0.07480826248051947
0,42.5312,1.86875,-0.07541202119270343
0,42.5312,1.8718750000000002,-0.07602603346498107
0,42.5312,1.875,-0.07665047312135506
0,42.5312,1.878125,-0.07728550876163945
0,42.5312,1.88125,-0.0779313026207028
0,42.5312,1.884375,-0.07858800931527017
0,42.5312,1.8875000000000002,-0.07925577447102561
0,42.5312,1.890625,-0.07993473322277149
0,42.5312,1.89375,-0.08062500858052443
0,42.5312,1.896875,-0.08132670965467358
0,42.5312,1.9,-0.08203992973373457
0,42.5312,1.9031250000000002,-0.08276474420881591
0,42.5312,1.90625,-0.08350120833971034
0,42.5312,1.909375,-0.08424935485856874
0,42.5312,1.9125,-0.08500919140843077
0,42.5312,1.915625,-0.08578069781552972
0,42.5312,1.9187500000000002,-0.08656382319628013
0,42.5312,1.921875,-0.08735848290224697
0,42.5312,1.925,-0.08816455530921959
0,42.5312,1.928125,-0.08898187845980282
0,42.5312,1.93125,-0.08981024657273702
0,42.5312,1.9343750000000002,-0.09064940643648031
0,42.5312,1.9375,-0.09149905370945857
0,42.5312,1.940625,-0.09235882915481589
0,42.5312,1.94375,-0.09322831484346243
0,42.5312,1.946875,-0.09410703036570575
0,42.5312,1.9500000000000002,-0.09499442909869686
0,42.5312,1.953125,-0.09588989458425316
0,42.5312,1.95625,-0.09679273707922766
0,42.5312,1.959375,-0.0977021903483119
0,42.5312,1.9625,-0.09861740877682446
0,42.5312,1.9656250000000002,-0.09953746488838819
0,42.5312,1.96875,-0.10046134735917725
0,42.5312,1.971875,-0.10138795962629277
0,42.5312,1.975,-0.10231611919242688
0,42.5312,1.978125,-0.10324455773191872
0,42.5312,1.9812500000000002,-0.10417192210414386
0,42.5312,1.984375,-0.10509677637847775
0,42.5312,1.9875,-0.10601760497040197
0,42.5312,1.990625,-0.10693281698024704
0,42.5312,1.99375,-0.1078407518142522
0,42.5312,1.9968750000000002,-0.10873968615176786
0,42.5312,2.0,-0.10962784230237811
0,42.5312,2.003125,-0.11050339797245814
0,42.5312,2.00625,-0.11136449743234798
0,42.5312,2.0093750000000004,-0.11220926404330234
0,42.5312,2.0125,-0.1130358140682334
0,42.5312,2.015625,-0.11384227165283041
0,42.5312,2.01875,-0.11462678482496902
0,42.5312,2.021875,-0.11538754232168602
0,42.5312,2.0250000000000004,-0.11612279101583271
0,42.5312,2.028125,-0.11683085368042119
0,42.5312,2.03125,-0.11751014679926261
0,42.5312,2.034375,-0.11815919810938105
0,42.5312,2.0375,-0.11877666354535729
0,42.5312,2.0406250000000004,-0.11936134324947477
0,42.5312,2.04375,-0.11991219631527114
0,42.5312,2.046875,-0.12042835394639122
0,42.5312,2.05,-0.12090913073759084
0,42.5312,2.053125,-0.1213540338199498
0,42.5312,2.0562500000000004,-0.12176276965688937
0,42.5312,2.059375,-0.12213524833005873
0,42.5312,2.0625,-0.12247158521271846
0,42.5312,2.065625,-0.12277209999074015
0,42.5312,2.06875,-0.12303731305537746
0,42.5312,2.0718750000000004,-0.12326793935506382
0,42.5312,2.075,-0.12346487985324009
0,42.5312,2.078125,-0.12362921079337572
0,42.5312,2.08125,-0.12376217101899542
0,42.5312,2.084375,-0.1238651476341427
0,42.5312,2.0875000000000004,-0.12393966031725942
0,42.5312,2.090625,-0.12398734461840016
0,42.5312,2.09375,-0.12400993457600767
0,42.5312,2.096875,-0.12400924498559582
0,42.5312,2.1,-0.12398715363948731
0,42.5312,2.1031250000000004,-0.12394558383543217
0,42.5312,2.10625,-0.12388648742393064
0,42.5312,2.109375,-0.12381182863099202
0,42.5312,2.1125,-0.12372356885650647
0,42.5312,2.115625,-0.12362365260999675
0,42.5312,2.1187500000000004,-0.12351399470672787
0,42.5312,2.121875,-0.12339646880930968
0,42.5312,2.125,-0.12327289736413674
0,42.5312,2.128125,-0.12314504294915059
0,42.5312,2.13125,-0.1230146010201284
0,42.5312,2.1343750000000004,-0.12288319401741152
0,42.5312,2.1375,-0.12275236677389434
0,42.5312,2.140625,-0.1226235831482177
0,42.5312,2.14375,-0.12249822379432006
0,42.5312,2.146875,-0.12237758496953681
0,42.5312,2.1500000000000004,-0.12226287827796306
0,42.5312,2.153125,-0.12215523124340161
0,42.5312,2.15625,-0.12205568860647566
0,42.5312,2.159375,-0.12196521424294794
0,42.5312,2.1625,-0.1218846936045236
0,42.5312,2.1656250000000004,-0.12181493658901399
0,42.5312,2.16875,-0.12175668075332582
0,42.5312,2.171875,-0.12171059478998453
0,42.5312,2.175,-0.12167728219550772
0,42.5312,2.178125,-0.12165728506667632
0,42.5312,2.1812500000000004,-0.12165108796839941
0,42.5312,2.184375,-0.12165912182428237
0,42.5312,2.1875,-0.12168176778805996
0,42.5312,2.190625,-0.12171936106066183
0,42.5312,2.19375,-0.12177219462377856
0,42.5312,2.1968750000000004,-0.12184052286635555
0,42.5312,2.2,-0.12192456508545163
0,42.5312,2.203125,-0.12202450884735354
0,42.5312,2.20625,-0.12214051319876057
0,42.5312,2.209375,-0.12227271172126236
0,42.5312,2.2125000000000004,-0.1224212154252639
0,42.5312,2.215625,-0.12258611548199747
0,42.5312,2.21875,-0.12276748579434076
0,42.5312,2.221875,-0.12296538540887197
0,42.5312,2.225,-0.12317986077297664
0,42.5312,2.2281250000000004,-0.12341094784191096
0,42.5312,2.23125,-0.12365867404156185
0,42.5312,2.234375,-0.1239230600932552
0,42.5312,2.2375,-0.12420412170738279
0,42.5312,2.240625,-0.12450187115287181
0,42.5312,2.2437500000000004,-0.12481631870963401
0,42.5312,2.246875,-0.1251474740111279
0,42.5312,2.25,-0.1254953472840625
0,42.5312,2.253125,-0.12585995049208637
0,42.5312,2.25625,-0.12624129839005302
0,42.5312,2.2593750000000004,-0.1266394094951449
0,42.5312,2.2625,-0.12705430698078524
0,42.5312,2.265625,-0.12748601949887606
0,42.5312,2.26875,-0.12793458193548063
0,42.5312,2.271875,-0.12840003610462153
0,42.5312,2.2750000000000004,-0.12888243138439914
0,42.5312,2.278125,-0.12938182529914588
0,42.5312,2.28125,-0.1298982840508292
0,42.5312,2.284375,-0.13043188300238903
0,42.5312,2.2875,-0.13098270711515708
0,42.5312,2.2906250000000004,-0.13155085134194056
0,42.5312,2.29375,-0.13213642097676903
0,42.5312,2.296875,-0.13273953196169283
0,42.5312,2.3,-0.13336031115037986
0,42.5312,2.303125,-0.13399889652758668
0,42.5312,2.3062500000000004,-0.13465543738286603
0,42.5312,2.309375,-0.13533009443611918
0,42.5312,2.3125,-0.1360230399117959
0,42.5312,2.315625,-0.13673445755768537
0,42.5312,2.31875,-0.13746454260332142
0,42.5312,2.3218750000000004,-0.13821350165203572
0,42.5312,2.325,-0.13898155249963176
0,42.5312,2.328125,-0.1397689238715094
0,42.5312,2.33125,-0.14057585506884265
0,42.5312,2.334375,-0.14140259551309758
0,42.5312,2.3375000000000004,-0.14224940417676504
0,42.5312,2.340625,-0.1431165488866791
0,42.5312,2.34375,-0.14400430548468926
0,42.5312,2.346875,-0.14491295682876296
0,42.5312,2.35,-0.1458427916158165
0,42.5312,2.3531250000000004,-0.14679410300572165
0,42.5312,2.35625,-0.1477671870240278
0,42.5312,2.359375,-0.14876234071900138
0,42.5312,2.3625,-0.14977986004664726
0,42.5312,2.365625,-0.15082003745549008
0,42.5312,2.3687500000000004,-0.15188315914110675
0,42.5312,2.371875,-0.1529695019387958
0,42.5312,2.375,-0.15407932982142739
0,42.5312,2.378125,-0.1552128899685526
0,42.5312,2.38125,-0.1563704083724039
0,42.5312,2.3843750000000004,-0.15755208494663017
0,42.5312,2.3875,-0.1587580881046952
0,42.5312,2.390625,-0.1599885487770163
0,42.5312,2.39375,-0.1612435538394044
0,42.5312,2.396875,-0.16252313893045697
0,42.5312,2.4000000000000004,-0.16382728064256316
0,42.5312,2.403125,-0.16515588808044843
0,42.5312,2.40625,-0.16650879379306083
0,42.5312,2.409375,-0.1678857440994534
0,42.5312,2.4125,-0.16928638884749367
0,42.5312,2.4156250000000004,-0.17071027066605288
0,42.5312,2.41875,-0.1721568137970595
0,42.5312,2.421875,-0.17362531262359293
0,42.5312,2.425,-0.17511492004407747
0,42.5312,2.428125,-0.17662463588043123
0,42.5312,2.4312500000000004,-0.17815329554929019
0,42.5312,2.434375,-0.1796995592694353
0,42.5312,2.4375,-0.18126190212414503
0,42.5312,2.440625,-0.1828386053428188
0,42.5312,2.44375,-0.18442774920979912
0,42.5312,2.4468750000000004,-0.18602720804726813
0,42.5312,2.45,-0.18763464775032884
0,42.5312,2.453125,-0.18924752637232836
0,42.5312,2.45625,-0.19086309826324754
0,42.5312,2.459375,-0.1924784222494862
0,42.5312,2.4625000000000004,-0.19409037430560697
0,42.5312,2.465625,-0.1956956651040016
0,42.5312,2.46875,-0.1972908627342216
0,42.5312,2.471875,-0.19887242075838724
0,42.5312,2.475,-0.20043671161288665
0,42.5312,2.4781250000000004,-0.20198006518189224
0,42.5312,2.48125,-0.20349881215998195
0,42.5312,2.484375,-0.20498933159694976
0,42.5312,2.4875,-0.20644810178798428
0,42.5312,2.490625,-0.20787175344937428
0,42.5312,2.4937500000000004,-0.20925712391802687
0,42.5312,2.496875,-0.21060131094740225
0,42.5312,2.5,-0.21190172455754516
0,42.5312,2.503125,-0.21315613534550484
0,42.5312,2.50625,-0.214362717684152
0,42.5312,2.5093750000000004,-0.2155200863373416
0,42.5312,2.5125,-0.21662732519729455
0,42.5312,2.515625,-0.21768400709988286
0,42.5312,2.51875,-0.21869020398340935
0,42.5312,2.521875,-0.21964648700967387
0,42.5312,2.5250000000000004,-0.22055391664210863
0,42.5312,2.528125,-0.22141402305207206
0,42.5312,2.53125,-0.2222287775784948
0,42.5312,2.534375,-0.22300055627739981
0,42.5312,2.5375,-0.2237320968494533
0,42.5312,2.5406250000000004,-0.22442645041369066
0,42.5312,2.54375,-0.225086929697661
0,42.5312,2.546875,-0.22571705523803365
0,42.5312,2.55,-0.22632050113620505
0,42.5312,2.553125,-0.22690104180009948
0,42.5312,2.5562500000000004,-0.22746250093886297
0,42.5312,2.559375,-0.22800870387607228
0,42.5312,2.5625,-0.22854343402443203
0,42.5312,2.565625,-0.22907039413504568
0,42.5312,2.56875,-0.22959317270983665
0,42.5312,2.5718750000000004,-0.2301152157569093
0,42.5312,2.575,-0.23063980388323466
0,42.5312,2.578125,-0.2311700345620254
0,42.5312,2.58125,-0.2317088092859792
0,42.5312,2.584375,-0.23225882522251978
0,42.5312,2.5875000000000004,-0.2328225709217832
0,42.5312,2.590625,-0.23340232558965066
0,42.5312,2.59375,-0.23400016142304725
0,42.5312,2.596875,-0.23461794850902404
0,42.5312,2.6,-0.23525736180873097
0,42.5312,2.6031250000000004,-0.23591988977836048
0,42.5312,2.60625,-0.2366068442179294
0,42.5312,2.609375,-0.23731937098225628
0,42.5312,2.6125,-0.23805846123409163
0,42.5312,2.615625,-0.23882496296498254
0,42.5312,2.6187500000000004,-0.239619592553518
0,42.5312,2.621875,-0.24044294617196346
0,42.5312,2.625,-0.2412955108901885
0,42.5312,2.628125,-0.24217767535978932
0,42.5312,2.63125,-0.24308973999122102
0,42.5312,2.6343750000000004,-0.24403192656259842
0,42.5312,2.6375,-0.2450043872207582
0,42.5312,2.640625,-0.24600721285345278
0,42.5312,2.64375,-0.24704044082649496
0,42.5312,2.646875,-0.2481040620916339
0,42.5312,2.6500000000000004,-0.24919802768028845
0,42.5312,2.653125,-0.2503222546053428
0,42.5312,2.65625,-0.25147663119836167
0,42.5312,2.659375,-0.25266102191311934
0,42.5312,2.6625,-0.25387527162854456
0,42.5312,2.6656250000000004,-0.2551192094853058
0,42.5312,2.66875,-0.2563926522905251
0,42.5312,2.671875,-0.25769540752469766
0,42.5312,2.675,-0.2590272759839705
0,42.5312,2.678125,-0.26038805408963617
0,42.5312,2.6812500000000004,-0.2617775358951255
0,42.5312,2.684375,-0.26319551481904835
0,42.5312,2.6875,-0.2646417851309807
0,42.5312,2.690625,-0.2661161432148112
0,42.5312,2.69375,-0.2676183886325754
0,42.5312,2.6968750000000004,-0.2691483250098508
0,42.5312,2.7,-0.27070576076200054
0,42.5312,2.703125,-0.27229050967883844
0,42.5312,2.70625,-0.2739023913836719
0,42.5312,2.709375,-0.2755412316811573
0,42.5312,2.7125000000000004,-0.27720686280698575
0,42.5312,2.715625,-0.27889912359110464
0,42.5312,2.71875,-0.28061785954496765
0,42.5312,2.721875,-0.28236292288219206
0,42.5312,2.725,-0.28413417248099343
0,42.5312,2.7281250000000004,-0.28593147379583267
0,42.5312,2.73125,-0.2877546987248804
0,42.5312,2.734375,-0.2896037254391355
0,42.5312,2.7375,-0.291478438178351
0,42.5312,2.740625,-0.2933787270183052
0,42.5312,2.7437500000000004,-0.2953044876133976
0,42.5312,2.746875,-0.2972556209180542
0,42.5312,2.75,-0.2992320328899802
0,42.5312,2.753125,-0.3012336341779025
0,42.5312,2.75625,-0.30326033979608996
0,42.5312,2.7593750000000004,-0.3053120687876252
0,42.5312,2.7625,-0.3073887438781238
0,42.5312,2.765625,-0.30949029112134874
0,42.5312,2.76875,-0.31161663953794744
0,42.5312,2.771875,-0.3137677207483514
0,42.5312,2.7750000000000004,-0.31594346860070377
0,42.5312,2.778125,-0.3181438187945345
0,42.5312,2.78125,-0.32036870850077437
0,42.5312,2.784375,-0.3226180759785765
0,42.5312,2.7875,-0.32489186018932975
0,42.5312,2.7906250000000004,-0.32719000040814783
0,42.5312,2.79375,-0.32951243583305695
0,42.5312,2.796875,-0.3318591051920339
0,42.5312,2.8,-0.33422994634799325
0,42.5312,2.803125,-0.3366248959017816
0,42.5312,2.8062500000000004,-0.33904388879319436
0,42.5312,2.809375,-0.3414868579000032
0,42.5312,2.8125,-0.3439537336349542
0,42.5312,2.815625,-0.34644444354067727
0,42.5312,2.81875,-0.3489589118824372
0,42.5312,2.8218750000000004,-0.3514970592386372
0,42.5312,2.825,-0.354058802088992
0,42.5312,2.828125,-0.3566440524002723
0,42.5312,2.83125,-0.359252717209529
0,42.5312,2.834375,-0.3618846982047088
0,42.5312,2.8375000000000004,-0.3645398913025769
0,42.5312,2.840625,-0.3672181862238735
0,42.5312,2.84375,-0.36991946606563875
0,42.5312,2.846875,-0.37264360687065373
0,42.5312,2.85,-0.3753904771939645
0,42.5312,2.8531250000000004,-0.37815993766646516
0,42.5312,2.85625,-0.3809518405555446
0,42.5312,2.859375,-0.3837660293228132
0,42.5312,2.8625,-0.38660233817894907
0,42.5312,2.865625,-0.38946059163573304
0,42.5312,2.8687500000000004,-0.392340604055358
0,42.5312,2.871875,-0.3952421791971331
0,42.5312,2.875,-0.39816510976172487
0,42.5312,2.878125,-0.4011091769331061
0,42.5312,2.88125,-0.4040741499184221
0,42.5312,2.8843750000000004,-0.4070597854860047
0,42.5312,2.8875,-0.41006582750180814
0,42.5312,2.890625,-0.4130920064645688
0,42.5312,2.89375,-0.416138039040025
0,42.5312,2.896875,-0.4192036275945792
0,42.5312,2.9000000000000004,-0.42228845972881146
0,42.5312,2.903125,-0.4253922078113029
0,42.5312,2.90625,-0.42851452851326133
0,42.5312,2.909375,-0.4316550623444824
0,42.5312,2.9125,-0.4348134331912279
0,42.5312,2.9156250000000004,-0.43798924785663873
0,42.5312,2.91875,-0.44118209560435273
0,42.5312,2.921875,-0.4443915477060351
0,42.5312,2.925,-0.44761715699357474
0,42.5312,2.928125,-0.45085845741675384
0,42.5312,2.9312500000000004,-0.45411496360723663
0,42.5312,2.934375,-0.45738617044977525
0,42.5312,2.9375,-0.46067155266157656
0,42.5312,2.940625,-0.46397056438081824
0,42.5312,2.94375,-0.4672826387653566
0,42.5312,2.9468750000000004,-0.4706071876027087
0,42.5312,2.95,-0.4739436009324458
0,42.5312,2.953125,-0.4772912466821748
0,42.5312,2.95625,-0.48064947031833083
0,42.5312,2.959375,-0.48401759451305454
0,42.5312,2.9625000000000004,-0.487394918828463
0,42.5312,2.965625,-0.4907807194196719
0,42.5312,2.96875,-0.49417424875796406
0,42.5312,2.971875,-0.4975747353755321
0,42.5312,2.975,-0.5009813836332707
0,42.5312,2.9781250000000004,-0.5043933735131143
0,42.5312,2.98125,-0.5078098604364585
0,42.5312,2.984375,-0.5112299751102214
0,42.5312,2.9875,-0.5146528234021246
0,42.5312,2.990625,-0.5180774862468025
0,42.5312,2.9937500000000004,-0.5215030195843523
0,42.5312,2.996875,-0.5249284543329563
0,42.5312,3.0,-0.5283527963972107
0,42.5312,3.0031250000000003,-0.5317750267137901
0,42.5312,3.00625,-0.5351941013360831
0,42.5312,3.009375,-0.5386089515594139
0,42.5312,3.0125,-0.5420184840884479
0,42.5312,3.015625,-0.5454215812483552
0,42.5312,3.0187500000000003,-0.5488171012412829
0,42.5312,3.021875,-0.5522038784496245
0,42.5312,3.025,-0.55558072378756
0,42.5312,3.028125,-0.5589464251022528
0,42.5312,3.03125,-0.5622997476260481
0,42.5312,3.0343750000000003,-0.5656394344809373
0,42.5312,3.0375,-0.568964207236469
0,42.5312,3.040625,-0.5722727665222025
0,42.5312,3.04375,-0.575563792695696
0,42.5312,3.046875,-0.5788359465669145
0,42.5312,3.0500000000000003,-0.5820878701798293
0,42.5312,3.053125,-0.5853181876518384
0,42.5312,3.05625,-0.5885255060715239
0,42.5312,3.059375,-0.5917084164550899
0,42.5312,3.0625,-0.5948654947616926
0,42.5312,3.0656250000000003,-0.5979953029676955
0,42.5312,3.06875,-0.6010963901997131
0,42.5312,3.071875,-0.6041672939261314
0,42.5312,3.075,-0.6072065412065981
0,42.5312,3.078125,-0.6102126499987771
0,42.5312,3.0812500000000003,-0.6131841305214759
0,42.5312,3.084375,-0.6161194866730156
0,42.5312,3.0875,-0.6190172175035352
0,42.5312,3.090625,-0.6218758187396676
0,42.5312,3.09375,-0.6246937843598268
0,42.5312,3.0968750000000003,-0.6274696082181136
0,42.5312,3.1,-0.6302017857146082
0,42.5312,3.103125,-0.6328888155096088
0,42.5312,3.10625,-0.635529201279133
0,42.5312,3.109375,-0.6381214535087728
0,42.5312,3.1125000000000003,-0.640664091322788
0,42.5312,3.115625,-0.6431556443450701
0,42.5312,3.11875,-0.6455946545884333
0,42.5312,3.121875,-0.647979678368448
0,42.5312,3.125,-0.6503092882378511
0,42.5312,3.1281250000000003,-0.6525820749373777
0,42.5312,3.13125,-0.6547966493586644
0,42.5312,3.134375,-0.6569516445147245
0,42.5312,3.1375,-0.6590457175133306
0,42.5312,3.140625,-0.6610775515285008
0,42.5312,3.1437500000000003,-0.6630458577651723
0,42.5312,3.146875,-0.6649493774120219
0,42.5312,3.15,-0.6667868835773247
0,42.5312,3.153125,-0.6685571832026584
0,42.5312,3.15625,-0.6702591189492191
0,42.5312,3.1593750000000003,-0.6718915710514923
0,42.5312,3.1625,-0.6734534591330059
0,42.5312,3.165625,-0.6749437439789212
0,42.5312,3.16875,-0.6763614292602517
0,42.5312,3.171875,-0.6777055632045662
0,42.5312,3.1750000000000003,-0.6789752402081214
0,42.5312,3.178125,-0.6801696023844758
0,42.5312,3.18125,-0.6812878410447807
0,42.5312,3.184375,-0.682329198105092
0,42.5312,3.1875,-0.6832929674162337
0,42.5312,3.1906250000000003,-0.6841784960119531
0,42.5312,3.19375,-0.6849851852713156
0,42.5312,3.196875,-0.6857124919915565
0,42.5312,3.2,-0.68635992936785
0,42.5312,3.203125,-0.6869270678767595
0,42.5312,3.2062500000000003,-0.6874135360604187
0,42.5312,3.209375,-0.6878190212088201
0,42.5312,3.2125,-0.6881432699379163
0,42.5312,3.215625,-0.6883860886615795
0,42.5312,3.21875,-0.6885473439558206
0,42.5312,3.2218750000000003,-0.6886269628140386
0,42.5312,3.225,-0.6886249327924246
0,42.5312,3.228125,-0.6885413020450374
0,42.5312,3.23125,-0.6883761792484306
0,42.5312,3.234375,-0.6881297334160977
0,42.5312,3.2375000000000003,-0.6878021936033687
0,42.5312,3.240625,-0.6873938485037758
0,42.5312,3.24375,-0.686905045938262
0,42.5312,3.246875,-0.6863361922389718
0,42.5312,3.25,-0.6856877515297141
0,42.5312,3.2531250000000003,-0.6849602449055201
0,42.5312,3.25625,-0.6841542495140535
0,42.5312,3.259375,-0.6832703975419318
0,42.5312,3.2625,-0.682309375109322
0,42.5312,3.265625,-0.6812719210764436
0,42.5312,3.2687500000000003,-0.680158825765871
0,42.5312,3.271875,-0.6789709296047722
0,42.5312,3.275,-0.6777091216914278
0,42.5312,3.278125,-0.6763743382905758
0,42.5312,3.28125,-0.6749675612623
0,42.5312,3.2843750000000003,-0.6734898164293245
0,42.5312,3.2875,-0.6719421718877095
0,42.5312,3.290625,-0.6703257362660382
0,42.5312,3.29375,-0.6686416569382695
0,42.5312,3.296875,-0.6668911181954853
0,42.5312,3.3000000000000003,-0.665075339381785
0,42.5312,3.303125,-0.6631955729996029
0,42.5312,3.30625,-0.6612531027896943
0,42.5312,3.309375,-0.6592492417910165
0,42.5312,3.3125,-0.6571853303856625
0,42.5312,3.3156250000000003,-0.6550627343339325
0,42.5312,3.31875,-0.6528828428045425
0,42.5312,3.321875,-0.6506470664048364
0,42.5312,3.325,-0.6483568352157615
0,42.5312,3.328125,-0.6460135968362056
0,42.5312,3.3312500000000003,-0.6436188144411364
0,42.5312,3.334375,-0.6411739648578233
0,42.5312,3.3375,-0.6386805366642199
0,42.5312,3.340625,-0.6361400283134085
0,42.5312,3.34375,-0.6335539462877933
0,42.5312,3.3468750000000003,-0.6309238032865181
0,42.5312,3.35,-0.6282511164493838
0,42.5312,3.353125,-0.6255374056202909
0,42.5312,3.35625,-0.62278419165304
0,42.5312,3.359375,-0.6199929947620684
0,42.5312,3.3625000000000003,-0.6171653329204871
0,42.5312,3.365625,-0.6143027203075573
0,42.5312,3.36875,-0.6114066658074975
0,42.5312,3.371875,-0.6084786715613214
0,42.5312,3.375,-0.605520231573151
0,42.5312,3.3781250000000003,-0.6025328303722522
0,42.5312,3.38125,-0.5995179417318273
0,42.5312,3.384375,-0.596477027445375
0,42.5312,3.3875,-0.5934115361612562
0,42.5312,3.390625,-0.5903229022758828
0,42.5312,3.3937500000000003,-0.5872125448857719
0,42.5312,3.396875,-0.5840818667985447
0,42.5312,3.4000000000000004,-0.580932253602745
0,42.5312,3.403125,-0.5777650727962335
0,42.5312,3.40625,-0.5745816729727214
0,42.5312,3.4093750000000003,-0.5713833830659005
0,42.5312,3.4125,-0.568171511650467
0,42.5312,3.4156250000000004,-0.5649473462992214
0,42.5312,3.41875,-0.5617121529953233
0,42.5312,3.421875,-0.5584671755986482
0,42.5312,3.4250000000000003,-0.5552136353651297
0,42.5312,3.428125,-0.5519527305178563
0,42.5312,3.4312500000000004,-0.5486856358686258
0,42.5312,3.434375,-0.5454135024885984
0,42.5312,3.4375,-0.5421374574266079
0,42.5312,3.4406250000000003,-0.5388586034736625
0,42.5312,3.44375,-0.5355780189721046
0,42.5312,3.4468750000000004,-0.5322967576678636
0,42.5312,3.45,-0.5290158486042252
0,42.5312,3.453125,-0.5257362960554849
0,42.5312,3.4562500000000003,-0.522459079498869
0,42.5312,3.459375,-0.5191851536230857
0,42.5312,3.4625000000000004,-0.515915448371848
0,42.5312,3.465625,-0.5126508690207494
0,42.5312,3.46875,-0.509392296285841
0,42.5312,3.4718750000000003,-0.5061405864622975
0,42.5312,3.475,-0.5028965715915685
0,42.5312,3.4781250000000004,-0.4996610596554193
0,42.5312,3.48125,-0.4964348347953178
0,42.5312,3.484375,-0.49321865755561783
0,42.5312,3.4875000000000003,-0.490013265149049
0,42.5312,3.490625,-0.4868193717430421
0,42.5312,3.4937500000000004,-0.48363766876544906
0,42.5312,3.496875,-0.48046882522828016
0,42.5312,3.5,-0.4773134880680841
0,42.5312,3.5031250000000003,-0.47417228250167553
0,42.5312,3.50625,-0.47104581239593085
0,42.5312,3.5093750000000004,-0.46793466065042527
0,42.5312,3.5125,-0.46483938959173926
0,42.5312,3.515625,-0.46176054137828576
0,42.5312,3.5187500000000003,-0.45869863841458175
0,42.5312,3.521875,-0.455654183773913
0,42.5312,3.5250000000000004,-0.45262766162839296
0,42.5312,3.528125,-0.44961953768547575
0,42.5312,3.53125,-0.44663025963000424
0,42.5312,3.5343750000000003,-0.4436602575709461
0,42.5312,3.5375,-0.440709944491999
0,42.5312,3.5406250000000004,-0.43777971670529087
0,42.5312,3.54375,-0.43486995430746167
0,42.5312,3.546875,-0.43198102163743113
0,42.5312,3.5500000000000003,-0.4291132677352227
0,42.5312,3.553125,-0.4262670268012408
0,42.5312,3.5562500000000004,-0.423442618655441
0,42.5312,3.559375,-0.4206403491958823
0,42.5312,3.5625,-0.4178605108561701
0,42.5312,3.5656250000000003,-0.41510338306135797
0,42.5312,3.56875,-0.4123692326818946
0,42.5312,3.5718750000000004,-0.4096583144852434
0,42.5312,3.575,-0.4069708715848439
0,42.5312,3.578125,-0.4043071358860992
0,42.5312,3.5812500000000003,-0.40166732852912507
0,42.5312,3.584375,-0.3990516603280145
0,42.5312,3.5875000000000004,-0.3964603322063974
0,42.5312,3.590625,-0.393893535629122
0,42.5312,3.59375,-0.3913514530298846
0,42.5312,3.5968750000000003,-0.3888342582346867
0,42.5312,3.6,-0.38634211688100595
0,42.5312,3.6031250000000004,-0.3838751868325922
0,42.5312,3.60625,-0.3814336185898379
0,42.5312,3.609375,-0.3790175556956701
0,42.5312,3.6125000000000003,-0.37662713513695434
0,42.5312,3.615625,-0.37426248774140725
0,42.5312,3.6187500000000004,-0.37192373857003413
0,42.5312,3.621875,-0.3696110073051363
0,42.5312,3.625,-0.36732440863393406
0,42.5312,3.6281250000000003,-0.3650640526278823
0,42.5312,3.63125,-0.3628300451177646
0,42.5312,3.6343750000000004,-0.36062248806466074
0,42.5312,3.6375,-0.3584414799269131
0,42.5312,3.640625,-0.35628711602321017
0,42.5312,3.6437500000000003,-0.3541594888919362
0,42.5312,3.646875,-0.3520586886469381
0,42.5312,3.6500000000000004,-0.3499848033298715
0,42.5312,3.653125,-0.3479379192593076
0,42.5312,3.65625,-0.3459181213767834
0,42.5312,3.6593750000000003,-0.34392549358999275
0,42.5312,3.6625,-0.34196011911332647
0,42.5312,3.6656250000000004,-0.34002208080597135
0,42.5312,3.66875,-0.33811146150779897
0,42.5312,3.671875,-0.33622834437326854
0,42.5312,3.6750000000000003,-0.3343728132035904
0,42.5312,3.678125,-0.33254495277739343
0,42.5312,3.6812500000000004,-0.33074484918014974
0,42.5312,3.684375,-0.3289725901326239
0,42.5312,3.6875,-0.32722826531860577
0,42.5312,3.6906250000000003,-0.32551196671220817
0,42.5312,3.69375,-0.3238237889050059
0,42.5312,3.6968750000000004,-0.32216382943330013
0,42.5312,3.7,-0.32053218910580206
0,42.5312,3.703125,-0.31892897233202794
0,42.5312,3.7062500000000003,-0.3173542874517077
0,42.5312,3.709375,-0.31580824706551197
0,42.5312,3.7125000000000004,-0.3142909683674029
0,42.5312,3.715625,-0.3128025734789249
0,42.5312,3.71875,-0.3113431897857458
0,42.5312,3.7218750000000003,-0.30991295027677224
0,42.5312,3.725,-0.30851199388615436
0,42.5312,3.7281250000000004,-0.30714046583850424
0,42.5312,3.73125,-0.3057985179976524
0,42.5312,3.734375,-0.30448630921926445
0,42.5312,3.7375000000000003,-0.303204005707644
0,42.5312,3.740625,-0.3019517813770446
0,42.5312,3.7437500000000004,-0.30072981821781025
0,42.5312,3.746875,-0.2995383066676688
0,42.5312,3.75,-0.2983774459884871
0,42.5312,3.7531250000000003,-0.29724744464880437
0,42.5312,3.75625,-0.2961485207124457
0,42.5312,3.7593750000000004,-0.2950809022335108
0,42.5312,3.7625,-0.29404482765803003
0,42.5312,3.765625,-0.293040546232559
0,42.5312,3.7687500000000003,-0.29206831841997843
0,42.5312,3.771875,-0.29112841632274483
0,42.5312,3.7750000000000004,-0.29022112411382045
0,42.5312,3.778125,-0.28934673847549275
0,42.5312,3.78125,-0.2885055690462642
0,42.5312,3.7843750000000003,-0.2876979388759698
0,42.5312,3.7875,-0.2869241848892464
0,42.5312,3.7906250000000004,-0.28618465835743734
0,42.5312,3.79375,-0.2854797253789845
0,42.5312,3.796875,-0.28480976736829927
0,42.5312,3.8000000000000003,-0.2841751815530663
0,42.5312,3.803125,-0.2835763814798604
0,42.5312,3.8062500000000004,-0.2830137975278991
0,42.5312,3.809375,-0.2824878774306754
0,42.5312,3.8125,-0.28199908680512925
0,42.5312,3.8156250000000003,-0.2815479096879248
0,42.5312,3.81875,-0.2811348490782936
0,42.5312,3.8218750000000004,-0.2807604274867856
0,42.5312,3.825,-0.2804251874891413
0,42.5312,3.828125,-0.28012969228435086
0,42.5312,3.8312500000000003,-0.2798745262558043
0,42.5312,3.834375,-0.2796602955342571
0,42.5312,3.8375000000000004,-0.27948762856113823
0,42.5312,3.840625,-0.279357176650504
0,42.5312,3.84375,-0.2792696145476979
0,42.5312,3.8468750000000003,-0.2792256409825086
0,42.5312,3.85,-0.27922597921431747
0,42.5312,3.8531250000000004,-0.27927137756639986
0,42.5312,3.85625,-0.27936260994618123
0,42.5312,3.859375,-0.27950047634785125
0,42.5312,3.8625000000000003,-0.27968580333329957
0,42.5312,3.865625,-0.279919444486856
0,42.5312,3.8687500000000004,-0.28020228083878684
0,42.5312,3.871875,-0.28053522125192315
0,42.5312,3.875,-0.2809192027651581
0,42.5312,3.8781250000000003,-0.2813551908868595
0,42.5312,3.88125,-0.2818441798304826
0,42.5312,3.8843750000000004,-0.28238719268384266
0,42.5312,3.8875,-0.2829852815026067
0,42.5312,3.890625,-0.28363952731757963
0,42.5312,3.8937500000000003,-0.2843510400442989
0,42.5312,3.896875,-0.2851209582822942
0,42.5312,3.9000000000000004,-0.2859504489901224
0,42.5312,3.903125,-0.28684070702093073
0,42.5312,3.90625,-0.2877929545018537
0,42.5312,3.9093750000000003,-0.28880844003897466
0,42.5312,3.9125,-0.28988843772790446
0,42.5312,3.9156250000000004,-0.29103424594823646
0,42.5312,3.91875,-0.2922471859182022
0,42.5312,3.921875,-0.2935285999838276
0,42.5312,3.9250000000000003,-0.29487984961471037
0,42.5312,3.928125,-0.296302313076264
0,42.5312,3.9312500000000004,-0.29779738274587175
0,42.5312,3.934375,-0.2993664620378831
0,42.5312,3.9375,-0.3010109618997899
0,42.5312,3.9406250000000003,-0.302732296839223
0,42.5312,3.94375,-0.30453188043867063
0,42.5312,3.9468750000000004,-0.3064111203120403
0,42.5312,3.95,-0.3083714124543926
0,42.5312,3.953125,-0.31041413493344777
0,42.5312,3.9562500000000003,-0.3125406408688028
0,42.5312,3.959375,-0.3147522506423012
0,42.5312,3.9625000000000004,-0.3170502432807367
0,42.5312,3.965625,-0.3194358469500931
0,42.5312,3.96875,-0.3219102284990106
0,42.5312,3.9718750000000003,-0.3244744819881448
0,42.5312,3.975,-0.3271296161417736
0,42.5312,3.9781250000000004,-0.3298765406585223
0,42.5312,3.98125,-0.3327160513195955
0,42.5312,3.984375,-0.33564881383567857
0,42.5312,3.9875000000000003,-0.338675346377857
0,42.5312,3.990625,-0.34179600074382455
0,42.5312,3.9937500000000004,-0.3450109421185365
0,42.5312,3.996875,-0.34832012739862117
0,42.5312,4.0,-0.3517232820626363
0,42.5312,4.003125000000001,-0.3552198755849294
0,42.5312,4.00625,-0.35880909540981976
0,42.5312,4.009375,-0.3624898195254076
0,42.5312,4.0125,-0.3662605877027591
0,42.5312,4.015625,-0.37011957149706715
0,42.5312,4.018750000000001,-0.37406454314255977
0,42.5312,4.021875,-0.3780928435129759
0,42.5312,4.025,-0.3822013493642432
0,42.5312,4.028125,-0.386386440125579
0,42.5312,4.03125,-0.39064396455966494
0,42.5312,4.034375000000001,-0.3949692076711108
0,42.5312,4.0375,-0.39935685830494355
0,42.5312,4.040625,-0.40380097794227904
0,42.5312,4.04375,-0.40829497126753134
0,42.5312,4.046875,-0.4128315591492687
0,42.5312,4.050000000000001,-0.41740275474291416
0,42.5312,4.053125,-0.42199984348609676
0,42.5312,4.05625,-0.4266133678137165
0,42.5312,4.059375,-0.4312331174667095
0,42.5312,4.0625,-0.43584812630297687
0,42.5312,4.065625000000001,-0.44044667653694425
0,42.5312,4.06875,-0.44501631133232256
0,42.5312,4.071875,-0.44954385664672103
0,42.5312,4.075,-0.45401545317304004
0,42.5312,4.078125,-0.4584165991378704
0,42.5312,4.081250000000001,-0.46273220459812753
0,42.5312,4.084375,-0.46694665772224986
0,42.5312,4.0875,-0.4710439033502784
0,42.5312,4.090625,-0.475007533898505
0,42.5312,4.09375,-0.4788208924115048
0,42.5312,4.096875000000001,-0.48246718727087384
0,42.5312,4.1,-0.48592961775230664
0,42.5312,4.103125,-0.48919150928863825
0,42.5312,4.10625,-0.49223645695624474
0,42.5312,4.109375,-0.49504847536781393
0,42.5312,4.112500000000001,-0.49761215283888066
0,42.5312,4.115625,-0.4999128074131188
0,42.5312,4.11875,-0.5019366420962816
0,42.5312,4.121875,-0.5036708964746545
0,42.5312,4.125,-0.5051039917933217
0,42.5312,4.128125000000001,-0.506225666552273
0,42.5312,4.13125,-0.5070270997514765
0,42.5312,4.134375,-0.5075010190825783
0,42.5312,4.1375,-0.5076417916237894
0,42.5312,4.140625,-0.5074454949402819
0,42.5312,4.143750000000001,-0.506909966914983
0,42.5312,4.146875,-0.5060348331200636
0,42.5312,4.15,-0.504821511070154
0,42.5312,4.153125,-0.5032731912544615
0,42.5312,4.15625,-0.5013947954050286
0,42.5312,4.159375000000001,-0.49919291300086827
0,42.5312,4.1625,-0.49667571751184725
0,42.5312,4.165625,-0.4938528643335983
0,42.5312,4.16875,-0.4907353727400225
0,42.5312,4.171875,-0.4873354944714495
0,42.5312,4.175000000000001,-0.4836665717773033
0,42.5312,4.178125,-0.47974288783920305
0,42.5312,4.18125,-0.4755795125156318
0,42.5312,4.184375,-0.4711921462782554
0,42.5312,4.1875,-0.46659696506141113
0,42.5312,4.190625000000001,-0.46181046853212293
0,42.5312,4.19375,-0.4568493340211668
0,42.5312,4.196875,-0.4517302780506206
0,42.5312,4.2,-0.44646992706426797
0,42.5312,4.203125,-0.4410846986275601
0,42.5312,4.206250000000001,-0.43559069402642586
0,42.5312,4.209375,-0.4300036028693958
0,42.5312,4.2125,-0.42433861999438777
0,42.5312,4.215625,-0.4186103747069098
0,42.5312,4.21875,-0.41283287213478886
0,42.5312,4.221875000000001,-0.4070194462791548
0,42.5312,4.225,-0.4011827241728329
0,42.5312,4.228125,-0.3953346004253898
0,42.5312,4.23125,-0.38948622133718375
0,42.5312,4.234375,-0.38364797769993697
0,42.5312,4.237500000000001,-0.377829505365852
0,42.5312,4.240625,-0.372039692656921
0,42.5312,4.24375,-0.3662866936972882
0,42.5312,4.246875,-0.36057794678047644
0,42.5312,4.25,-0.35492019692591
0,42.5312,4.253125000000001,-0.34931952183254866
0,42.5312,4.25625,-0.3437813604979249
0,42.5312,4.259375,-0.3383105438360138
0,42.5312,4.2625,-0.3329113266947986
0,42.5312,4.265625,-0.3275874207418489
0,42.5312,4.268750000000001,-0.32234202775260884
0,42.5312,4.271875,-0.31717787289966154
0,42.5312,4.275,-0.3120972377013674
0,42.5312,4.278125,-0.30710199234432506
0,42.5312,4.28125,-0.3021936271453559
0,42.5312,4.284375000000001,-0.29737328296543664
0,42.5312,4.2875,-0.29264178042967104
0,42.5312,4.290625,-0.2879996478443735
0,42.5312,4.29375,-0.28344714773478474
0,42.5312,4.296875,-0.2789843019548539
0,42.5312,4.300000000000001,-0.2746109153446063
0,42.5312,4.303125,-0.27032659793078295
0,42.5312,4.30625,-0.266130785683283
0,42.5312,4.309375,-0.262022759853796
0,42.5312,4.3125,-0.2580016649339829
0,42.5312,4.315625000000001,-0.25406652527935825
0,42.5312,4.31875,-0.2502162604515571
0,42.5312,4.321875,-0.24644969933647604
0,42.5312,4.325,-0.24276559309909246
0,42.5312,4.328125,-0.23916262703762384
0,42.5312,4.331250000000001,-0.23563943140065188
0,42.5312,4.334375,-0.2321945912307384
0,42.5312,4.3375,-0.2288266552972946
0,42.5312,4.340625,-0.22553414418016118
0,42.5312,4.34375,-0.22231555756345375
0,42.5312,4.346875000000001,-0.21916938079714787
0,42.5312,4.35,-0.2160940907814017
0,42.5312,4.353125,-0.21308816122601296
0,42.5312,4.35625,-0.21015006733474167
0,42.5312,4.359375,-0.20727828996137646
0,42.5312,4.362500000000001,-0.20447131928171902
0,42.5312,4.365625,-0.2017276580228471
0,42.5312,4.36875,-0.19904582428831263
0,42.5312,4.371875,-0.19642435401533612
0,42.5312,4.375,-0.19386180309744708
0,42.5312,4.378125000000001,-0.19135674920364945
0,42.5312,4.38125,-0.1889077933228235
0,42.5312,4.384375,-0.1865135610598685
0,42.5312,4.3875,-0.18417270370804376
0,42.5312,4.390625,-0.18188389911993816
0,42.5312,4.393750000000001,-0.17964585239771944
0,42.5312,4.396875,-0.17745729642155156
0,42.5312,4.4,-0.17531699223346586
0,42.5312,4.403125,-0.17322372929250726
0,42.5312,4.40625,-0.171176325615537
0,42.5312,4.409375000000001,-0.1691736278168405
0,42.5312,4.4125,-0.16721451105847096
0,42.5312,4.415625,-0.16529787892216016
0,42.5312,4.41875,-0.16342266321265425
0,42.5312,4.421875,-0.16158782370134867
0,42.5312,4.425000000000001,-0.1597923478182991
0,42.5312,4.428125,-0.15803525029986895
0,42.5312,4.43125,-0.15631557279856226
0,42.5312,4.434375,-0.1546323834609625
0,42.5312,4.4375,-0.1529847764790557
0,42.5312,4.440625000000001,-0.15137187161971546
0,42.5312,4.44375,-0.14979281373660308
0,42.5312,4.446875,-0.14824677226828495
0,42.5312,4.45,-0.14673294072598203
0,42.5312,4.453125,-0.1452505361739535
0,42.5312,4.456250000000001,-0.14379879870521697
0,42.5312,4.459375,-0.142376990914976
0,42.5312,4.4625,-0.14098439737384919
0,42.5312,4.465625,-0.13962032410276523
0,42.5312,4.46875,-0.13828409805112485
0,42.5312,4.471875000000001,-0.1369750665796623
0,42.5312,4.475,-0.13569259694923205
0,42.5312,4.478125,-0.13443607581658046
0,42.5312,4.48125,-0.13320490873803376
0,42.5312,4.484375,-0.13199851968186627
0,42.5312,4.487500000000001,-0.13081635055002458
0,42.5312,4.490625,-0.12965786070975735
0,42.5312,4.49375,-0.12852252653560395
0,42.5312,4.496875,-0.1274098409621269
0,42.5312,4.5,-0.12631931304766894
0,42.5312,4.503125000000001,-0.12525046754937552
0,42.5312,4.50625,-0.12420284450964536
0,42.5312,4.509375,-0.1231759988541206
0,42.5312,4.5125,-0.12216950000129531
0,42.5312,4.515625,-0.1211829314837545
0,42.5312,4.518750000000001,-0.12021589058104534
0,42.5312,4.521875,-0.11926798796413451
0,42.5312,4.525,-0.11833884735137802
0,42.5312,4.528125,-0.11742810517592077
0,42.5312,4.53125,-0.11653541026439795
0,42.5312,4.534375000000001,-0.11566042352681637
0,42.5312,4.5375,-0.114802817657463
0,42.5312,4.540625,-0.11396227684667658
0,42.5312,4.54375,-0.11313849650331824
0,42.5312,4.546875,-0.11233118298774701
0,42.5312,4.550000000000001,-0.11154005335511871
0,42.5312,4.553125,-0.11076483510880673
0,42.5312,4.55625,-0.11000526596373753
0,42.5312,4.559375,-0.1092610936194402
0,42.5312,4.5625,-0.10853207554258563
0,42.5312,4.565625000000001,-0.10781797875880575
0,42.5312,4.56875,-0.10711857965356766
0,42.5312,4.571875,-0.10643366378187426
0,42.5312,4.575,-0.10576302568656991
0,42.5312,4.578125,-0.10510646872500802
0,42.5312,4.581250000000001,-0.10446380490385068
0,42.5312,4.584375,-0.1038348547217553
0,42.5312,4.5875,-0.10321944701969829
0,42.5312,4.590625,-0.10261741883868834
0,42.5312,4.59375,-0.10202861528460085
0,42.5312,4.596875000000001,-0.10145288939987089
0,42.5312,4.6,-0.1008901020417642
0,42.5312,4.603125,-0.10034012176693459
0,42.5312,4.60625,-0.09980282472197312
0,42.5312,4.609375,-0.09927809453962531
0,42.5312,4.612500000000001,-0.09876582224035087
0,42.5312,4.615625,-0.09826590613887368
0,42.5312,4.61875,-0.09777825175534871
0,42.5312,4.621875,-0.09730277173075728
0,42.5312,4.625,-0.09683938574610258
0,42.5312,4.628125000000001,-0.09638802044496057
0,42.5312,4.63125,-0.09594860935890019
0,42.5312,4.634375,-0.09552109283525054
0,42.5312,4.6375,-0.0951054179666581
0,42.5312,4.640625,-0.09470153852182021
0,42.5312,4.643750000000001,-0.09430941487674169
0,42.5312,4.646875,-0.09392901394579885
0,42.5312,4.65,-0.09356030911183436
0,42.5312,4.653125,-0.09320328015444365
0,42.5312,4.65625,-0.09285791317553145
0,42.5312,4.659375000000001,-0.0925242005211435
0,42.5312,4.6625,-0.09220214069848526
0,42.5312,4.665625,-0.09189173828694304
0,42.5312,4.66875,-0.09159300384182155
0,42.5312,4.671875,-0.09130595378939123
0,42.5312,4.675000000000001,-0.0910306103117218
0,42.5312,4.678125,-0.09076700121964132
0,42.5312,4.68125,-0.09051515981201547
0,42.5312,4.684375,-0.09027512471939238
0,42.5312,4.6875,-0.0900469397298862
0,42.5312,4.690625000000001,-0.08983065359500267
0,42.5312,4.69375,-0.08962631981291859
0,42.5312,4.696875,-0.08943399638652942
0,42.5312,4.7,-0.08925374555337236
0,42.5312,4.703125,-0.0890856334843089
0,42.5312,4.706250000000001,-0.08892972994762656
0,42.5312,4.709375,-0.08878610793498036
0,42.5312,4.7125,-0.08865484324535129
0,42.5312,4.715625,-0.08853601402295487
0,42.5312,4.71875,-0.08842970024477921
0,42.5312,4.721875000000001,-0.08833598315318952
0,42.5312,4.725,-0.08825494462879223
0,42.5312,4.728125,-0.088186666498523
0,42.5312,4.73125,-0.08813122977371153
0,42.5312,4.734375,-0.0880887138126865
0,42.5312,4.737500000000001,-0.08805919540233219
0,42.5312,4.740625,-0.08804274775289653
0,42.5312,4.74375,-0.0880394394002954
0,42.5312,4.746875,-0.0880493330101732
0,42.5312,4.75,-0.08807248407807707
0,42.5312,4.753125000000001,-0.08810893952030364
0,42.5312,4.75625,-0.08815873615029964
0,42.5312,4.759375,-0.088221899035963
0,42.5312,4.7625,-0.08829843973382534
0,42.5312,4.765625,-0.08838835439692351
0,42.5312,4.768750000000001,-0.08849162175421506
0,42.5312,4.771875,-0.088608200960693
0,42.5312,4.775,-0.08873802931893475
0,42.5312,4.778125,-0.08888101987471025
0,42.5312,4.78125,-0.08903705889151237
0,42.5312,4.784375000000001,-0.08920600321147337
0,42.5312,4.7875,-0.08938767751313492
0,42.5312,4.790625,-0.0895818714799573
0,42.5312,4.79375,-0.08978833689730024
0,42.5312,4.796875,-0.09000678469989408
0,42.5312,4.800000000000001,-0.09023688199652818
0,42.5312,4.803125,-0.09047824910379879
0,42.5312,4.80625,-0.09073045662623538
0,42.5312,4.809375,-0.09099302262589426
0,42.5312,4.8125,-0.09126540993049514
0,42.5312,4.815625000000001,-0.09154702363524066
0,42.5312,4.81875,-0.09183720885946789
0,42.5312,4.821875,-0.09213524882504223
0,42.5312,4.825,-0.09244036332868645
0,42.5312,4.828125,-0.09275170768501023
0,42.5312,4.831250000000001,-0.09306837222054533
0,42.5312,4.834375,-0.09338938240131077
0,42.5312,4.8375,-0.09371369967697628
0,42.5312,4.840625,-0.09404022312320719
0,42.5312,4.84375,-0.09436779195993854
0,42.5312,4.846875000000001,-0.09469518901677927
0,42.5312,4.85,-0.09502114520724228
0,42.5312,4.853125,-0.09534434506079192
0,42.5312,4.85625,-0.0956634333456731
0,42.5312,4.859375,-0.09597702279614075
0,42.5312,4.862500000000001,-0.09628370293514427
0,42.5312,4.865625,-0.09658204995806255
0,42.5312,4.86875,-0.09687063761517808
0,42.5312,4.871875,-0.09714804900088195
0,42.5312,4.875,-0.09741288912696905
0,42.5312,4.878125000000001,-0.09766379812679334
0,42.5312,4.88125,-0.09789946490768305
0,42.5312,4.884375,-0.09811864104208985
0,42.5312,4.8875,-0.09832015466475968
0,42.5312,4.890625,-0.09850292412503762
0,42.5312,4.893750000000001,-0.09866597113140607
0,42.5312,4.896875,-0.09880843312051321
0,42.5312,4.9,-0.09892957458600889
0,42.5312,4.903125,-0.09902879711389376
0,42.5312,4.90625,-0.0991056478908753
0,42.5312,4.909375000000001,-0.09915982648005801
0,42.5312,4.9125,-0.09919118969345143
0,42.5312,4.915625,-0.09919975443212703
0,42.5312,4.91875,-0.09918569841094342
0,42.5312,4.921875,-0.09914935873387609
0,42.5312,4.925000000000001,-0.09909122833624462
0,42.5312,4.928125,-0.09901195035958717
0,42.5312,4.93125,-0.0989123105716839
0,42.5312,4.934375,-0.09879322798653736
0,42.5312,4.9375,-0.09865574387547668
0,42.5312,4.940625000000001,-0.09850100938979739
0,42.5312,4.94375,-0.0983302720366795
0,42.5312,4.946875,-0.09814486126315422
0,42.5312,4.95,-0.09794617340762794
0,42.5312,4.953125,-0.09773565627529529
0,42.5312,4.956250000000001,-0.09751479358341165
0,42.5312,4.959375,-0.09728508950580822
0,42.5312,4.9625,-0.09704805352439956
0,42.5312,4.965625,-0.09680518577003226
0,42.5312,4.96875,-0.09655796300716142
0,42.5312,4.971875000000001,-0.0963078253878243
0,42.5312,4.975,-0.09605616407138631
0,42.5312,4.978125,-0.09580430977863721
0,42.5312,4.98125,-0.09555352232291774
0,42.5312,4.984375,-0.09530498113775542
0,42.5312,4.987500000000001,-0.09505977680053557
0,42.5312,4.990625,-0.09481890353534332
0,42.5312,4.99375,-0.09458325266547399
0,42.5312,4.996875,-0.09435360697723065
0,42.5312,5.0,-0.09413063595138431
0,42.5312,5.003125,-0.09391489181685456
0,42.5312,5.0062500000000005,-0.09370680638244205
0,42.5312,5.009375,-0.09350668860643978
0,42.5312,5.0125,-0.0933147228702289
0,42.5312,5.015625,-0.09313096793006058
0,42.5312,5.01875,-0.0929553565306436
0,42.5312,5.0218750000000005,-0.09278769567439565
0,42.5312,5.025,-0.09262766755075386
0,42.5312,5.028125,-0.09247483114026218
0,42.5312,5.03125,-0.09232862451774604
0,42.5312,5.034375,-0.09218836788723134
0,42.5312,5.0375000000000005,-0.09205326738788056
0,42.5312,5.040625,-0.0919224197146226
0,42.5312,5.04375,-0.09179481759890899
0,42.5312,5.046875,-0.0916693561937451
0,42.5312,5.05,-0.09154484040249097
0,42.5312,5.0531250000000005,-0.09141999318266288
0,42.5312,5.05625,-0.09129346484395161
0,42.5312,5.059375,-0.09116384334390443
0,42.5312,5.0625,-0.09102966556533082
0,42.5312,5.065625,-0.09088942953680469
0,42.5312,5.0687500000000005,-0.09074160753213668
0,42.5312,5.071875,-0.09058465995706914
0,42.5312,5.075,-0.09041704990256544
0,42.5312,5.078125,-0.09023725821497004
0,42.5312,5.08125,-0.09004379890517597
0,42.5312,5.0843750000000005,-0.08983523469303563
0,42.5312,5.0875,-0.08961019246089953
0,42.5312,5.090625,-0.0893673783726611
0,42.5312,5.09375,-0.08910559240321354
0,42.5312,5.096875,-0.08882374201880114
0,42.5312,5.1000000000000005,-0.08852085475213275
0,42.5312,5.103125,-0.08819608942776783
0,42.5312,5.10625,-0.08784874581325186
0,42.5312,5.109375,-0.0874782724994561
0,42.5312,5.1125,-0.08708427284882307
0,42.5312,5.1156250000000005,-0.08666650889163613
0,42.5312,5.11875,-0.08622490309655986
0,42.5312,5.121875,-0.08575953799083258
0,42.5312,5.125,-0.08527065365575447
0,42.5312,5.128125,-0.08475864317255065
0,42.5312,5.1312500000000005,-0.08422404614040511
0,42.5312,5.134375,-0.08366754043070597
0,42.5312,5.1375,-0.08308993237780841
0,42.5312,5.140625,-0.08249214563574045
0,42.5312,5.14375,-0.0818752089514263
0,42.5312,5.1468750000000005,-0.08124024311779507
0,42.5312,5.15,-0.08058844737456572
0,42.5312,5.153125,-0.07992108552091882
0,42.5312,5.15625,-0.07923947199338915
0,42.5312,5.159375,-0.0785449581450743
0,42.5312,5.1625000000000005,-0.07783891893981887
0,42.5312,5.165625,-0.07712274024863994
0,42.5312,5.16875,-0.07639780690659928
0,42.5312,5.171875,-0.07566549165787033
0,42.5312,5.175,-0.07492714508603579
0,42.5312,5.1781250000000005,-0.07418408659674383
0,42.5312,5.18125,-0.07343759649159669
0,42.5312,5.184375,-0.07268890914623373
0,42.5312,5.1875,-0.0719392072825148
0,42.5312,5.190625,-0.07118961730480387
0,42.5312,5.1937500000000005,-0.07044120565377833
0,42.5312,5.196875,-0.0696949761179401
0,42.5312,5.2,-0.06895186803297276
0,42.5312,5.203125,-0.06821275529208236
0,42.5312,5.20625,-0.06747844608618117
0,42.5312,5.2093750000000005,-0.06674968329093055
0,42.5312,5.2125,-0.06602714541788873
0,42.5312,5.215625,-0.06531144804896698
0,42.5312,5.21875,-0.06460314567675275
0,42.5312,5.221875,-0.06390273387766764
0,42.5312,5.2250000000000005,-0.0632106517501175
0,42.5312,5.228125,-0.06252728455548975
0,42.5312,5.23125,-0.06185296650582715
0,42.5312,5.234375,-0.06118798364808461
0,42.5312,5.2375,-0.06053257680087268
0,42.5312,5.2406250000000005,-0.05988694450540954
0,42.5312,5.24375,-0.059251245957932956
0,42.5312,5.246875,-0.05862560389599699
0,42.5312,5.25,-0.05801010741586316
0,42.5312,5.253125,-0.05740481470254442
0,42.5312,5.2562500000000005,-0.05680975565798334
0,42.5312,5.259375,-0.05622493441633481
0,42.5312,5.2625,-0.05565033173838748
0,42.5312,5.265625,-0.05508590727983254
0,42.5312,5.26875,-0.05453160173037566
0,42.5312,5.2718750000000005,-0.05398733882263659
0,42.5312,5.275,-0.05345302721140925
0,42.5312,5.278125,-0.05292856222519524
0,42.5312,5.28125,-0.052413827493014854
0,42.5312,5.284375,-0.05190869645035536
0,42.5312,5.2875000000000005,-0.051413033728781886
0,42.5312,5.290625,-0.05092669643422641
0,42.5312,5.29375,-0.05044953531931182
0,42.5312,5.296875,-0.04998139585529011
0,42.5312,5.3,-0.04952211920928286
0,42.5312,5.3031250000000005,-0.04907154313253944
0,42.5312,5.30625,-0.048629502765383206
0,42.5312,5.309375,-0.04819583136440926
0,42.5312,5.3125,-0.04777036095735304
0,42.5312,5.315625,-0.04735292293085981
0,42.5312,5.3187500000000005,-0.04694334855617785
0,42.5312,5.321875,-0.04654146945756817
0,42.5312,5.325,-0.04614711802798085
0,42.5312,5.328125,-0.0457601277963032
0,42.5312,5.33125,-0.04538033375023057
0,42.5312,5.3343750000000005,-0.045007572618562565
0,42.5312,5.3375,-0.04464168311648216
0,42.5312,5.340625,-0.044282506157131946
0,42.5312,5.34375,-0.0439298850325744
0,42.5312,5.346875,-0.04358366556699525
0,42.5312,5.3500000000000005,-0.04324369624479815
0,42.5312,5.353125,-0.042909828316036375
0,42.5312,5.35625,-0.04258191588143283
0,42.5312,5.359375,-0.04225981595906269
0,42.5312,5.3625,-0.04194338853459965
0,42.5312,5.3656250000000005,-0.04163249659686956
0,42.5312,5.36875,-0.04132700616030699
0,42.5312,5.371875,-0.04102678627577003
0,42.5312,5.375,-0.04073170903104368
0,42.5312,5.378125,-0.040441649542240124
0,42.5312,5.3812500000000005,-0.04015648593719587
0,42.5312,5.384375,-0.039876099331864215
0,42.5312,5.3875,-0.03960037380060655
0,42.5312,5.390625,-0.03932919634120254
0,42.5312,5.39375,-0.03906245683531767
0,42.5312,5.3968750000000005,-0.03880004800509545
0,42.5312,5.4,-0.03854186536647555
0,42.5312,5.403125,-0.03828780717977681
0,42.5312,5.40625,-0.03803777439803098
0,42.5312,5.409375,-0.037791670613500326
0,42.5312,5.4125000000000005,-0.03754940200276735
0,42.5312,5.415625,-0.03731087727074287
0,42.5312,5.41875,-0.03707600759389932
0,42.5312,5.421875,-0.0368447065630039
0,42.5312,5.425,-0.03661689012559232
0,42.5312,5.4281250000000005,-0.03639247652839669
0,42.5312,5.43125,-0.036171386259915755
0,42.5312,5.434375,-0.035953541993290455
0,42.5312,5.4375,-0.035738868529629625
0,42.5312,5.440625,-0.03552729274190906
0,42.5312,5.4437500000000005,-0.035318743519551485
0,42.5312,5.446875,-0.03511315171377968
0,42.5312,5.45,-0.03491045008381985
0,42.5312,5.453125,-0.03471057324402215
0,42.5312,5.45625,-0.03451345761195219
0,42.5312,5.4593750000000005,-0.03431904135749831
0,42.5312,5.4625,-0.03412726435303092
0,42.5312,5.465625,-0.033938068124641
0,42.5312,5.46875,-0.0337513958044799
0,42.5312,5.471875,-0.033567192084214215
0,42.5312,5.4750000000000005,-0.03338540316960545
0,42.5312,5.478125,-0.03320597673621911
0,42.5312,5.48125,-0.033028861886262514
0,42.5312,5.484375,-0.03285400910654882
0,42.5312,5.4875,-0.03268137022757983
0,42.5312,5.4906250000000005,-0.03251089838373776
0,42.5312,5.49375,-0.03234254797457447
0,42.5312,5.496875,-0.03217627462718308
0,42.5312,5.5,-0.032012035159636756
0,42.5312,5.503125,-0.03184978754547665
0,42.5312,5.5062500000000005,-0.031689490879230224
0,42.5312,5.509375,-0.031531105342940464
0,42.5312,5.5125,-0.03137459217368445
0,42.5312,5.515625,-0.031219913632061013
0,42.5312,5.51875,-0.03106703297162469
0,42.5312,5.5218750000000005,-0.030915914409243992
0,42.5312,5.525,-0.030766523096361784
0,42.5312,5.528125,-0.030618825091134297
0,42.5312,5.53125,-0.03047278733142693
0,42.5312,5.534375,-0.030328377608643608
0,42.5312,5.5375000000000005,-0.03018556454236715
0,42.5312,5.540625,-0.03004431755578856
0,42.5312,5.54375,-0.02990460685190233
0,42.5312,5.546875,-0.0297664033904467
0,42.5312,5.55,-0.029629678865566594
0,42.5312,5.5531250000000005,-0.029494405684178174
0,42.5312,5.55625,-0.029360556945014292
0,42.5312,5.559375,-0.02922810641832979
0,42.5312,5.5625,-0.029097028526247258
0,42.5312,5.565625,-0.028967298323723058
0,42.5312,5.5687500000000005,-0.0288388914801146
0,42.5312,5.571875,-0.028711784261330284
0,42.5312,5.575,-0.02858595351254322
0,42.5312,5.578125,-0.02846137664145169
0,42.5312,5.58125,-0.02833803160206841
0,42.5312,5.5843750000000005,-0.028215896879021794
0,42.5312,5.5875,-0.028094951472353143
0,42.5312,5.590625,-0.027975174882793028
0,42.5312,5.59375,-0.027856547097502224
0,42.5312,5.596875,-0.02773904857626153
0,42.5312,5.6000000000000005,-0.02762266023809603
0,42.5312,5.603125,-0.0275073634483198
0,42.5312,5.60625,-0.027393140005986822
0,42.5312,5.609375,-0.027279972131735337
0,42.5312,5.6125,-0.02716784245601242
0,42.5312,5.6156250000000005,-0.027056734007666266
0,42.5312,5.61875,-0.02694663020289432
0,42.5312,5.621875,-0.026837514834535
0,42.5312,5.625,-0.026729372061692375
0,42.5312,5.628125,-0.026622186399682272
0,42.5312,5.6312500000000005,-0.026515942710289397
0,42.5312,5.634375,-0.02641062619232533
0,42.5312,5.6375,-0.02630622237247703
0,42.5312,5.640625,-0.02620271709643681
0,42.5312,5.64375,-0.026100096520304115
0,42.5312,5.6468750000000005,-0.02599834710225022
0,42.5312,5.65,-0.025897455594437336
0,42.5312,5.653125,-0.02579740903518335
0,42.5312,5.65625,-0.025698194741364585
0,42.5312,5.659375,-0.02559980030104851
0,42.5312,5.6625000000000005,-0.02550221356634872
0,42.5312,5.665625,-0.02540542264649529
0,42.5312,5.66875,-0.025309415901112804
0,42.5312,5.671875,-0.025214181933700036
0,42.5312,5.675,-0.025119709585304052
0,42.5312,5.6781250000000005,-0.025025987928382676
0,42.5312,5.68125,-0.02493300626084928
0,42.5312,5.684375,-0.024840754100293506
0,42.5312,5.6875,-0.02474922117837283
0,42.5312,5.690625,-0.02465839743536894
0,42.5312,5.6937500000000005,-0.02456827301490383
0,42.5312,5.696875,-0.024478838258810406
0,42.5312,5.7,-0.0243900837021525
0,42.5312,5.703125,-0.024302000068389715
0,42.5312,5.70625,-0.024214578264682263
0,42.5312,5.7093750000000005,-0.024127809377331354
0,42.5312,5.7125,-0.024041684667350974
0,42.5312,5.715625,-0.023956195566166415
0,42.5312,5.71875,-0.023871333671436103
0,42.5312,5.721875,-0.02378709074299239
0,42.5312,5.7250000000000005,-0.023703458698897666
0,42.5312,5.728125,-0.023620429611612287
0,42.5312,5.73125,-0.02353799570427044
0,42.5312,5.734375,-0.023456149347060955
0,42.5312,5.7375,-0.023374883053709578
0,42.5312,5.7406250000000005,-0.02329418947805939
0,42.5312,5.74375,-0.023214061410746775
0,42.5312,5.746875,-0.023134491775969233
0,42.5312,5.75,-0.023055473628342975
0,42.5312,5.753125,-0.022977000149846962
0,42.5312,5.7562500000000005,-0.022899064646850917
0,42.5312,5.759375,-0.02282166054722487
0,42.5312,5.7625,-0.022744781397527305
0,42.5312,5.765625,-0.02266842086027003
0,42.5312,5.76875,-0.022592572711257027
0,42.5312,5.7718750000000005,-0.02251723083699523
0,42.5312,5.775,-0.022442389232175012
0,42.5312,5.778125,-0.022368041997218136
0,42.5312,5.78125,-0.022294183335891372
0,42.5312,5.784375,-0.022220807552983612
0,42.5312,5.7875000000000005,-0.02214790905204463
0,42.5312,5.790625,-0.022075482333183773
0,42.5312,5.79375,-0.022003521990926395
0,42.5312,5.796875,-0.021932022712126936
0,42.5312,5.800000000000001,-0.02186097927393634
0,42.5312,5.8031250000000005,-0.02179038654182273
0,42.5312,5.80625,-0.021720239467643232
0,42.5312,5.809375,-0.021650533087766037
0,42.5312,5.8125,-0.021581262521240718
0,42.5312,5.815625000000001,-0.02151242296801569
0,42.5312,5.8187500000000005,-0.021444009707201384
0,42.5312,5.821875,-0.02137601809537763
0,42.5312,5.825,-0.02130844356494425
0,42.5312,5.828125,-0.021241281622513417
0,42.5312,5.831250000000001,-0.021174527847342604
0,42.5312,5.8343750000000005,-0.021108177889807116
0,42.5312,5.8375,-0.02104222746991071
0,42.5312,5.840625,-0.020976672375833668
0,42.5312,5.84375,-0.020911508462516923
0,42.5312,5.846875000000001,-0.020846731650281357
0,42.5312,5.8500000000000005,-0.020782337923481303
0,42.5312,5.853125,-0.02071832332919109
0,42.5312,5.85625,-0.02065468397592399
0,42.5312,5.859375,-0.020591416032382473
0,42.5312,5.862500000000001,-0.02052851572623886
0,42.5312,5.8656250000000005,-0.020465979342945806
0,42.5312,5.86875,-0.020403803224575284
0,42.5312,5.871875,-0.02034198376868586
0,42.5312,5.875,-0.020280517427217044
0,42.5312,5.878125000000001,-0.020219400705410173
0,42.5312,5.8812500000000005,-0.020158630160755114
0,42.5312,5.884375,-0.020098202401961855
0,42.5312,5.8875,-0.020038114087956655
0,42.5312,5.890625,-0.01997836192690182
0,42.5312,5.893750000000001,-0.019918942675238527
0,42.5312,5.8968750000000005,-0.01985985313675221
0,42.5312,5.9,-0.01980109016165958
0,42.5312,5.903125,-0.019742650645717126
0,42.5312,5.90625,-0.01968453152935019
0,42.5312,5.909375000000001,-0.019626729796802165
0,42.5312,5.9125000000000005,-0.01956924247530341
0,42.5312,5.915625,-0.019512066634259057
0,42.5312,5.91875,-0.019455199384455595
0,42.5312,5.921875,-0.01939863787728545
0,42.5312,5.925000000000001,-0.01934237930398913
0,42.5312,5.9281250000000005,-0.01928642089491472
0,42.5312,5.93125,-0.019230759918793777
0,42.5312,5.934375,-0.019175393682033817
0,42.5312,5.9375,-0.01912031952802645
0,42.5312,5.940625000000001,-0.019065534836471
0,42.5312,5.9437500000000005,-0.019011037022713284
0,42.5312,5.946875,-0.018956823537098835
0,42.5312,5.95,-0.018902891864340597
0,42.5312,5.953125,-0.018849239522900466
0,42.5312,5.956250000000001,-0.018795864064384386
0,42.5312,5.9593750000000005,-0.018742763072950728
0,42.5312,5.9625,-0.018689934164731446
0,42.5312,5.965625,-0.018637374987265882
0,42.5312,5.96875,-0.01858508321894685
0,42.5312,5.971875000000001,-0.0185330565684785
0,42.5312,5.9750000000000005,-0.018481292774346098
0,42.5312,5.978125,-0.01842978960429681
0,42.5312,5.98125,-0.01837854485483186
0,42.5312,5.984375,-0.018327556350709345
0,42.5312,5.987500000000001,-0.01827682194445756
0,42.5312,5.9906250000000005,-0.018226339515898724
0,42.5312,5.99375,-0.018176106971682558
0,42.5312,5.996875,-0.018126122244829766
0,42.5312,6.0,-0.018076383294284994
