"Current","Field","Frequency","Spectra"
0,22.324800000000007,1.0,-0.026262559470150198
0,22.324800000000007,1.003125,-0.026332194650037197
0,22.324800000000007,1.00625,-0.02640210695279279
0,22.324800000000007,1.009375,-0.026472297845124674
0,22.324800000000007,1.0125,-0.0265427688033991
0,22.324800000000007,1.015625,-0.026613521313716724
0,22.324800000000007,1.01875,-0.026684556871989232
0,22.324800000000007,1.021875,-0.02675587698401665
0,22.324800000000007,1.025,-0.026827483165565276
0,22.324800000000007,1.028125,-0.026899376942446488
0,22.324800000000007,1.03125,-0.026971559850596086
0,22.324800000000007,1.034375,-0.027044033436154555
0,22.324800000000007,1.0375,-0.02711679925554789
0,22.324800000000007,1.040625,-0.02718985887556928
0,22.324800000000007,1.04375,-0.02726321387346153
0,22.324800000000007,1.046875,-0.027336865837000155
0,22.324800000000007,1.05,-0.0274108163645774
0,22.324800000000007,1.053125,-0.02748506706528689
0,22.324800000000007,1.05625,-0.027559619559009117
0,22.324800000000007,1.059375,-0.02763447547649781
0,22.324800000000007,1.0625,-0.027709636459466877
0,22.324800000000007,1.065625,-0.02778510416067846
0,22.324800000000007,1.06875,-0.02786088024403158
0,22.324800000000007,1.071875,-0.027936966384651634
0,22.324800000000007,1.075,-0.02801336426898091
0,22.324800000000007,1.078125,-0.028090075594869666
0,22.324800000000007,1.08125,-0.028167102071668334
0,22.324800000000007,1.084375,-0.028244445420320417
0,22.324800000000007,1.0875,-0.028322107373456282
0,22.324800000000007,1.090625,-0.028400089675487943
0,22.324800000000007,1.09375,-0.028478394082704552
0,22.324800000000007,1.096875,-0.028557022363368982
0,22.324800000000007,1.1,-0.028635976297815238
0,22.324800000000007,1.103125,-0.02871525767854667
0,22.324800000000007,1.10625,-0.02879486831033542
0,22.324800000000007,1.109375,-0.02887481001032243
0,22.324800000000007,1.1125,-0.028955084608118766
0,22.324800000000007,1.115625,-0.029035693945907624
0,22.324800000000007,1.11875,-0.029116639878547446
0,22.324800000000007,1.121875,-0.029197924273676047
0,22.324800000000007,1.125,-0.02927954901181558
0,22.324800000000007,1.128125,-0.029361515986478712
0,22.324800000000007,1.13125,-0.029443827104275663
0,22.324800000000007,1.134375,-0.02952648428502227
0,22.324800000000007,1.1375,-0.029609489461849277
0,22.324800000000007,1.140625,-0.029692844581312394
0,22.324800000000007,1.14375,-0.02977655160350365
0,22.324800000000007,1.146875,-0.029860612502163725
0,22.324800000000007,1.15,-0.029945029264795333
0,22.324800000000007,1.153125,-0.030029803892777783
0,22.324800000000007,1.15625,-0.03011493840148258
0,22.324800000000007,1.159375,-0.030200434820390223
0,22.324800000000007,1.1625,-0.030286295193208065
0,22.324800000000007,1.165625,-0.03037252157798934
0,22.324800000000007,1.16875,-0.030459116047253387
0,22.324800000000007,1.171875,-0.03054608068810699
0,22.324800000000007,1.175,-0.03063341760236697
0,22.324800000000007,1.178125,-0.030721128906683933
0,22.324800000000007,1.18125,-0.03080921673266718
0,22.324800000000007,1.184375,-0.03089768322701104
0,22.324800000000007,1.1875,-0.030986530551622135
0,22.324800000000007,1.190625,-0.03107576088374825
0,22.324800000000007,1.19375,-0.031165376416108184
0,22.324800000000007,1.196875,-0.031255379357023
0,22.324800000000007,1.2,-0.03134577193054868
0,22.324800000000007,1.203125,-0.031436556376609824
0,22.324800000000007,1.20625,-0.031527734951135006
0,22.324800000000007,1.209375,-0.03161930992619321
0,22.324800000000007,1.2125,-0.03171128359013173
0,22.324800000000007,1.215625,-0.0318036582477155
0,22.324800000000007,1.21875,-0.03189643622026771
0,22.324800000000007,1.221875,-0.03198961984581188
0,22.324800000000007,1.225,-0.0320832114792154
0,22.324800000000007,1.228125,-0.032177213492334385
0,22.324800000000007,1.23125,-0.03227162827416016
0,22.324800000000007,1.234375,-0.03236645823096707
0,22.324800000000007,1.2375,-0.03246170578646188
0,22.324800000000007,1.240625,-0.03255737338193461
0,22.324800000000007,1.24375,-0.03265346347641095
0,22.324800000000007,1.246875,-0.03274997854680623
0,22.324800000000007,1.25,-0.0328469210880809
0,22.324800000000007,1.253125,-0.0329442936133976
0,22.324800000000007,1.25625,-0.03304209865427995
0,22.324800000000007,1.259375,-0.03314033876077272
0,22.324800000000007,1.2625,-0.03323901650160395
0,22.324800000000007,1.265625,-0.03333813446434839
0,22.324800000000007,1.26875,-0.03343769525559294
0,22.324800000000007,1.271875,-0.033537701501103565
0,22.324800000000007,1.275,-0.03363815584599402
0,22.324800000000007,1.278125,-0.033739060954896365
0,22.324800000000007,1.28125,-0.033840419512133076
0,22.324800000000007,1.284375,-0.033942234221891146
0,22.324800000000007,1.2875,-0.03404450780839786
0,22.324800000000007,1.290625,-0.03414724301609838
0,22.324800000000007,1.29375,-0.03425044260983536
0,22.324800000000007,1.296875,-0.034354109375030174
0,22.324800000000007,1.3,-0.03445824611786624
0,22.324800000000007,1.303125,-0.03456285566547422
0,22.324800000000007,1.30625,-0.03466794086611906
0,22.324800000000007,1.309375,-0.03477350458938918
0,22.324800000000007,1.3125,-0.03487954972638749
0,22.324800000000007,1.315625,-0.034986079189924496
0,22.324800000000007,1.31875,-0.03509309591471349
0,22.324800000000007,1.321875,-0.035200602857567716
0,22.324800000000007,1.325,-0.0353086029975997
0,22.324800000000007,1.328125,-0.03541709933642269
0,22.324800000000007,1.33125,-0.035526094898354184
0,22.324800000000007,1.334375,-0.035635592730621765
0,22.324800000000007,1.3375,-0.035745595903571015
0,22.324800000000007,1.340625,-0.03585610751087572
0,22.324800000000007,1.34375,-0.03596713066975031
0,22.324800000000007,1.346875,-0.036078668521164606
0,22.324800000000007,1.35,-0.0361907242300609
0,22.324800000000007,1.353125,-0.03630330098557337
0,22.324800000000007,1.35625,-0.03641640200124988
0,22.324800000000007,1.359375,-0.03653003051527618
0,22.324800000000007,1.3625,-0.03664418979070255
0,22.324800000000007,1.365625,-0.03675888311567298
0,22.324800000000007,1.36875,-0.036874113803656745
0,22.324800000000007,1.371875,-0.03698988519368266
0,22.324800000000007,1.375,-0.037106200650575794
0,22.324800000000007,1.378125,-0.03722306356519684
0,22.324800000000007,1.38125,-0.0373404773546842
0,22.324800000000007,1.384375,-0.037458445462698615
0,22.324800000000007,1.3875,-0.03757697135967064
0,22.324800000000007,1.390625,-0.037696058543050796
0,22.324800000000007,1.39375,-0.03781571053756255
0,22.324800000000007,1.396875,-0.03793593089545815
0,22.324800000000007,1.4,-0.03805672319677724
0,22.324800000000007,1.403125,-0.038178091049608565
0,22.324800000000007,1.40625,-0.03830003809035438
0,22.324800000000007,1.409375,-0.038422567983998075
0,22.324800000000007,1.4125,-0.038545684424374727
0,22.324800000000007,1.415625,-0.03866939113444473
0,22.324800000000007,1.41875,-0.03879369186657062
0,22.324800000000007,1.421875,-0.03891859040279695
0,22.324800000000007,1.425,-0.03904409055513349
0,22.324800000000007,1.428125,-0.039170196165841616
0,22.324800000000007,1.43125,-0.03929691110772401
0,22.324800000000007,1.434375,-0.039424239284417795
0,22.324800000000007,1.4375,-0.03955218463069093
0,22.324800000000007,1.440625,-0.03968075111274215
0,22.324800000000007,1.44375,-0.039809942728504404
0,22.324800000000007,1.446875,-0.03993976350795185
0,22.324800000000007,1.45,-0.040070217513410444
0,22.324800000000007,1.453125,-0.04020130883987212
0,22.324800000000007,1.45625,-0.04033304161531285
0,22.324800000000007,1.459375,-0.040465420001014295
0,22.324800000000007,1.4625,-0.040598448191889465
0,22.324800000000007,1.465625,-0.040732130416812104
0,22.324800000000007,1.46875,-0.04086647093895013
0,22.324800000000007,1.471875,-0.041001474056103014
0,22.324800000000007,1.475,-0.041137144101043334
0,22.324800000000007,1.478125,-0.041273485441862295
0,22.324800000000007,1.48125,-0.0414105024823197
0,22.324800000000007,1.484375,-0.04154819966219787
0,22.324800000000007,1.4875,-0.04168658145766015
0,22.324800000000007,1.490625,-0.04182565238161377
0,22.324800000000007,1.49375,-0.041965416984077054
0,22.324800000000007,1.496875,-0.04210587985255138
0,22.324800000000007,1.5,-0.04224704561239751
0,22.324800000000007,1.503125,-0.04238891892721685
0,22.324800000000007,1.50625,-0.042531504499237385
0,22.324800000000007,1.509375,-0.04267480706970438
0,22.324800000000007,1.5125000000000002,-0.042818831419276206
0,22.324800000000007,1.515625,-0.042963582368424985
0,22.324800000000007,1.51875,-0.04310906477784252
0,22.324800000000007,1.521875,-0.043255283548851206
0,22.324800000000007,1.525,-0.043402243623820384
0,22.324800000000007,1.5281250000000002,-0.04354994998658804
0,22.324800000000007,1.53125,-0.0436984076628878
0,22.324800000000007,1.534375,-0.043847621720781764
0,22.324800000000007,1.5375,-0.04399759727109867
0,22.324800000000007,1.540625,-0.04414833946787802
0,22.324800000000007,1.5437500000000002,-0.04429985350882008
0,22.324800000000007,1.546875,-0.04445214463574157
0,22.324800000000007,1.55,-0.04460521813503778
0,22.324800000000007,1.553125,-0.04475907933815051
0,22.324800000000007,1.55625,-0.044913733622042554
0,22.324800000000007,1.5593750000000002,-0.04506918640967849
0,22.324800000000007,1.5625,-0.04522544317051182
0,22.324800000000007,1.565625,-0.04538250942097906
0,22.324800000000007,1.56875,-0.0455403907250003
0,22.324800000000007,1.571875,-0.04569909269448681
0,22.324800000000007,1.5750000000000002,-0.0458586209898556
0,22.324800000000007,1.578125,-0.04601898132055103
0,22.324800000000007,1.58125,-0.04618017944557392
0,22.324800000000007,1.584375,-0.046342221174017845
0,22.324800000000007,1.5875,-0.0465051123656131
0,22.324800000000007,1.5906250000000002,-0.046668858931278374
0,22.324800000000007,1.59375,-0.046833466833680094
0,22.324800000000007,1.596875,-0.046998942087800165
0,22.324800000000007,1.6,-0.04716529076151136
0,22.324800000000007,1.603125,-0.047332518976161385
0,22.324800000000007,1.6062500000000002,-0.047500632907165295
0,22.324800000000007,1.609375,-0.047669638784606484
0,22.324800000000007,1.6125,-0.047839542893846704
0,22.324800000000007,1.615625,-0.04801035157614472
0,22.324800000000007,1.61875,-0.048182071229284466
0,22.324800000000007,1.6218750000000002,-0.04835470830821237
0,22.324800000000007,1.625,-0.04852826932568413
0,22.324800000000007,1.628125,-0.04870276085292143
0,22.324800000000007,1.63125,-0.04887818952027832
0,22.324800000000007,1.634375,-0.04905456201791785
0,22.324800000000007,1.6375000000000002,-0.049231885096498944
0,22.324800000000007,1.640625,-0.0494101655678737
0,22.324800000000007,1.64375,-0.04958941030579561
0,22.324800000000007,1.646875,-0.04976962624663845
0,22.324800000000007,1.65,-0.04995082039012637
0,22.324800000000007,1.6531250000000002,-0.05013299980007547
0,22.324800000000007,1.65625,-0.0503161716051466
0,22.324800000000007,1.659375,-0.05050034299961036
0,22.324800000000007,1.6625,-0.05068552124412372
0,22.324800000000007,1.665625,-0.05087171366651903
0,22.324800000000007,1.6687500000000002,-0.051058927662605474
0,22.324800000000007,1.671875,-0.05124717069698305
0,22.324800000000007,1.675,-0.05143645030386969
0,22.324800000000007,1.678125,-0.051626774087941155
0,22.324800000000007,1.68125,-0.05181814972518453
0,22.324800000000007,1.6843750000000002,-0.05201058496376512
0,22.324800000000007,1.6875,-0.0522040876249071
0,22.324800000000007,1.690625,-0.052398665603788176
0,22.324800000000007,1.69375,-0.05259432687044849
0,22.324800000000007,1.696875,-0.052791079470713605
0,22.324800000000007,1.7000000000000002,-0.052988931527132396
0,22.324800000000007,1.703125,-0.053187891239929376
0,22.324800000000007,1.70625,-0.05338796688797212
0,22.324800000000007,1.709375,-0.05358916682975352
0,22.324800000000007,1.7125,-0.05379149950438936
0,22.324800000000007,1.7156250000000002,-0.053994973432631065
0,22.324800000000007,1.71875,-0.05419959721789383
0,22.324800000000007,1.721875,-0.05440537954730018
0,22.324800000000007,1.725,-0.05461232919273894
0,22.324800000000007,1.728125,-0.05482045501193953
0,22.324800000000007,1.7312500000000002,-0.05502976594956192
0,22.324800000000007,1.734375,-0.055240271038301515
0,22.324800000000007,1.7375,-0.05545197940000946
0,22.324800000000007,1.740625,-0.05566490024682766
0,22.324800000000007,1.74375,-0.05587904288233869
0,22.324800000000007,1.7468750000000002,-0.05609441670272992
0,22.324800000000007,1.75,-0.05631103119797141
0,22.324800000000007,1.753125,-0.05652889595300761
0,22.324800000000007,1.75625,-0.05674802064896147
0,22.324800000000007,1.759375,-0.05696841506435084
0,22.324800000000007,1.7625000000000002,-0.05719008907631613
0,22.324800000000007,1.765625,-0.05741305266185803
0,22.324800000000007,1.76875,-0.05763731589908479
0,22.324800000000007,1.771875,-0.057862888968466863
0,22.324800000000007,1.775,-0.05808978215409828
0,22.324800000000007,1.7781250000000002,-0.05831800584496263
0,22.324800000000007,1.78125,-0.05854757053620158
0,22.324800000000007,1.784375,-0.05877848683038451
0,22.324800000000007,1.7875,-0.059010765438775786
0,22.324800000000007,1.790625,-0.0592444171825979
0,22.324800000000007,1.7937500000000002,-0.05947945299428689
0,22.324800000000007,1.796875,-0.05971588391873654
0,22.324800000000007,1.8,-0.05995372111452818
0,22.324800000000007,1.803125,-0.060192975855140884
0,22.324800000000007,1.80625,-0.06043365953013826
0,22.324800000000007,1.8093750000000002,-0.06067578364632606
0,22.324800000000007,1.8125,-0.06091935982887479
0,22.324800000000007,1.815625,-0.06116439982240133
0,22.324800000000007,1.81875,-0.06141091549200194
0,22.324800000000007,1.821875,-0.06165891882422933
0,22.324800000000007,1.8250000000000002,-0.06190842192800501
0,22.324800000000007,1.828125,-0.06215943703545726
0,22.324800000000007,1.83125,-0.06241197650267505
0,22.324800000000007,1.834375,-0.06266605281036589
0,22.324800000000007,1.8375,-0.06292167856440573
0,22.324800000000007,1.8406250000000002,-0.06317886649626733
0,22.324800000000007,1.84375,-0.06343762946331236
0,22.324800000000007,1.846875,-0.06369798044893155
0,22.324800000000007,1.85,-0.06395993256251523
0,22.324800000000007,1.853125,-0.06422349903923602
0,22.324800000000007,1.8562500000000002,-0.06448869323962347
0,22.324800000000007,1.859375,-0.06475552864890849
0,22.324800000000007,1.8625,-0.06502401887611502
0,22.324800000000007,1.865625,-0.06529417765287332
0,22.324800000000007,1.86875,-0.06556601883192889
0,22.324800000000007,1.8718750000000002,-0.06583955638531813
0,22.324800000000007,1.875,-0.06611480440218125
0,22.324800000000007,1.878125,-0.06639177708618058
0,22.324800000000007,1.88125,-0.06667048875249101
0,22.324800000000007,1.884375,-0.06695095382432817
0,22.324800000000007,1.8875000000000002,-0.06723318682897808
0,22.324800000000007,1.890625,-0.06751720239329109
0,22.324800000000007,1.89375,-0.06780301523860298
0,22.324800000000007,1.896875,-0.06809064017504367
0,22.324800000000007,1.9,-0.06838009209519594
0,22.324800000000007,1.9031250000000002,-0.06867138596706653
0,22.324800000000007,1.90625,-0.0689645368263316
0,22.324800000000007,1.909375,-0.06925955976782398
0,22.324800000000007,1.9125,-0.06955646993622838
0,22.324800000000007,1.915625,-0.0698552825159579
0,22.324800000000007,1.9187500000000002,-0.07015601272018956
0,22.324800000000007,1.921875,-0.07045867577904201
0,22.324800000000007,1.925,-0.07076328692688967
0,22.324800000000007,1.928125,-0.07106986138881444
0,22.324800000000007,1.93125,-0.07137841436621162
0,22.324800000000007,1.9343750000000002,-0.07168896102157912
0,22.324800000000007,1.9375,-0.07200151646253651
0,22.324800000000007,1.940625,-0.07231609572514139
0,22.324800000000007,1.94375,-0.07263271375659072
0,22.324800000000007,1.946875,-0.07295138539742255
0,22.324800000000007,1.9500000000000002,-0.07327212536336031
0,22.324800000000007,1.953125,-0.07359494822697314
0,22.324800000000007,1.95625,-0.07391986839936143
0,22.324800000000007,1.959375,-0.07424690011211028
0,22.324800000000007,1.9625,-0.07457605739979539
0,22.324800000000007,1.9656250000000002,-0.07490735408336424
0,22.324800000000007,1.96875,-0.07524080375475656
0,22.324800000000007,1.971875,-0.07557641976317075
0,22.324800000000007,1.975,-0.07591421520341962
0,22.324800000000007,1.978125,-0.07625420290685823
0,22.324800000000007,1.9812500000000002,-0.07659639543539813
0,22.324800000000007,1.984375,-0.07694080507914682
0,22.324800000000007,1.9875,-0.07728744385823216
0,22.324800000000007,1.990625,-0.07763632352937373
0,22.324800000000007,1.99375,-0.07798745559776149
0,22.324800000000007,1.9968750000000002,-0.07834085133477717
0,22.324800000000007,2.0,-0.07869652180205561
0,22.324800000000007,2.003125,-0.07905447788232495
0,22.324800000000007,2.00625,-0.0794147303173834
0,22.324800000000007,2.0093750000000004,-0.07977728975346801
0,22.324800000000007,2.0125,-0.08014216679414733
0,22.324800000000007,2.015625,-0.08050937206072097
0,22.324800000000007,2.01875,-0.08087891625994378
0,22.324800000000007,2.021875,-0.08125081025870774
0,22.324800000000007,2.0250000000000004,-0.08162506516511682
0,22.324800000000007,2.028125,-0.08200169241518558
0,22.324800000000007,2.03125,-0.08238070386418625
0,22.324800000000007,2.034375,-0.0827621118814675
0,22.324800000000007,2.0375,-0.08314592944738457
0,22.324800000000007,2.0406250000000004,-0.08353217025081718
0,22.324800000000007,2.04375,-0.08392084878562224
0,22.324800000000007,2.046875,-0.08431198044427743
0,22.324800000000007,2.05,-0.08470558160692894
0,22.324800000000007,2.053125,-0.08510166972406584
0,22.324800000000007,2.0562500000000004,-0.08550026339110904
0,22.324800000000007,2.059375,-0.08590138241332425
0,22.324800000000007,2.0625,-0.08630504785964592
0,22.324800000000007,2.065625,-0.08671128210422675
0,22.324800000000007,2.06875,-0.0871201088548001
0,22.324800000000007,2.0718750000000004,-0.08753155316724781
0,22.324800000000007,2.075,-0.08794564144609708
0,22.324800000000007,2.078125,-0.08836240143100899
0,22.324800000000007,2.08125,-0.08878186216965966
0,22.324800000000007,2.084375,-0.08920405397773831
0,22.324800000000007,2.0875000000000004,-0.08962900838708013
0,22.324800000000007,2.090625,-0.09005675808320956
0,22.324800000000007,2.09375,-0.09048733683377981
0,22.324800000000007,2.096875,-0.09092077940955044
0,22.324800000000007,2.1,-0.09135712149964764
0,22.324800000000007,2.1031250000000004,-0.0917963996228949
0,22.324800000000007,2.10625,-0.09223865103699287
0,22.324800000000007,2.109375,-0.09268391364726383
0,22.324800000000007,2.1125,-0.09313222591657248
0,22.324800000000007,2.115625,-0.09358362677789078
0,22.324800000000007,2.1187500000000004,-0.09403815555080308
0,22.324800000000007,2.121875,-0.09449585186305705
0,22.324800000000007,2.125,-0.09495675557806074
0,22.324800000000007,2.128125,-0.09542090672902102
0,22.324800000000007,2.13125,-0.09588834546021557
0,22.324800000000007,2.1343750000000004,-0.09635911197569613
0,22.324800000000007,2.1375,-0.09683324649554463
0,22.324800000000007,2.140625,-0.09731078921964219
0,22.324800000000007,2.14375,-0.09779178029877274
0,22.324800000000007,2.146875,-0.09827625981276696
0,22.324800000000007,2.1500000000000004,-0.09876426775529681
0,22.324800000000007,2.153125,-0.09925584402486015
0,22.324800000000007,2.15625,-0.0997510284214426
0,22.324800000000007,2.159375,-0.10024986064831064
0,22.324800000000007,2.1625,-0.10075238031837601
0,22.324800000000007,2.1656250000000004,-0.10125862696456792
0,22.324800000000007,2.16875,-0.10176864005366328
0,22.324800000000007,2.171875,-0.10228245900304364
0,22.324800000000007,2.175,-0.10280012319987741
0,22.324800000000007,2.178125,-0.10332167202225995
0,22.324800000000007,2.1812500000000004,-0.10384714486188155
0,22.324800000000007,2.184375,-0.10437658114783485
0,22.324800000000007,2.1875,-0.10491002037121322
0,22.324800000000007,2.190625,-0.10544750211019173
0,22.324800000000007,2.19375,-0.10598906605532545
0,22.324800000000007,2.1968750000000004,-0.10653475203483269
0,22.324800000000007,2.2,-0.10708460003967218
0,22.324800000000007,2.203125,-0.10763865024825131
0,22.324800000000007,2.20625,-0.108196943050635
0,22.324800000000007,2.209375,-0.1087595190721524
0,22.324800000000007,2.2125000000000004,-0.10932641919632169
0,22.324800000000007,2.215625,-0.10989768458703542
0,22.324800000000007,2.21875,-0.1104733567099673
0,22.324800000000007,2.221875,-0.11105347735317714
0,22.324800000000007,2.225,-0.11163808864690523
0,22.324800000000007,2.2281250000000004,-0.11222723308255751
0,22.324800000000007,2.23125,-0.11282095353089425
0,22.324800000000007,2.234375,-0.11341929325944133
0,22.324800000000007,2.2375,-0.11402229594914896
0,22.324800000000007,2.240625,-0.11463000571032922
0,22.324800000000007,2.2437500000000004,-0.11524246709790543
0,22.324800000000007,2.246875,-0.11585972512601059
0,22.324800000000007,2.25,-0.11648182528197233
0,22.324800000000007,2.253125,-0.11710881353972276
0,22.324800000000007,2.25625,-0.11774073637267304
0,22.324800000000007,2.2593750000000004,-0.11837764076609092
0,22.324800000000007,2.2625,-0.11901957422901906
0,22.324800000000007,2.265625,-0.11966658480577204
0,22.324800000000007,2.26875,-0.1203187210870455
0,22.324800000000007,2.271875,-0.12097603222067342
0,22.324800000000007,2.2750000000000004,-0.12163856792206425
0,22.324800000000007,2.278125,-0.12230637848434679
0,22.324800000000007,2.28125,-0.12297951478825417
0,22.324800000000007,2.284375,-0.12365802831177146
0,22.324800000000007,2.2875,-0.12434197113957138
0,22.324800000000007,2.2906250000000004,-0.12503139597226015
0,22.324800000000007,2.29375,-0.12572635613545324
0,22.324800000000007,2.296875,-0.12642690558869846
0,22.324800000000007,2.3,-0.12713309893426158
0,22.324800000000007,2.303125,-0.1278449914257881
0,22.324800000000007,2.3062500000000004,-0.12856263897685088
0,22.324800000000007,2.309375,-0.1292860981693941
0,22.324800000000007,2.3125,-0.13001542626207757
0,22.324800000000007,2.315625,-0.1307506811985265
0,22.324800000000007,2.31875,-0.1314919216154872
0,22.324800000000007,2.3218750000000004,-0.1322392068508871
0,22.324800000000007,2.325,-0.13299259695179583
0,22.324800000000007,2.328125,-0.1337521526822793
0,22.324800000000007,2.33125,-0.13451793553113672
0,22.324800000000007,2.334375,-0.13529000771950694
0,22.324800000000007,2.3375000000000004,-0.13606843220832723
0,22.324800000000007,2.340625,-0.13685327270562422
0,22.324800000000007,2.34375,-0.13764459367361065
0,22.324800000000007,2.346875,-0.1384424603355601
0,22.324800000000007,2.35,-0.13924693868242424
0,22.324800000000007,2.3531250000000004,-0.14005809547915438
0,22.324800000000007,2.35625,-0.14087599827068178
0,22.324800000000007,2.359375,-0.14170071538750648
0,22.324800000000007,2.3625,-0.14253231595083588
0,22.324800000000007,2.365625,-0.14337086987720998
0,22.324800000000007,2.3687500000000004,-0.1442164478825398
0,22.324800000000007,2.371875,-0.14506912148547985
0,22.324800000000007,2.375,-0.1459289630100457
0,22.324800000000007,2.378125,-0.14679604558737747
0,22.324800000000007,2.38125,-0.14767044315654268
0,22.324800000000007,2.3843750000000004,-0.14855223046426067
0,22.324800000000007,2.3875,-0.14944148306342092
0,22.324800000000007,2.390625,-0.1503382773102569
0,22.324800000000007,2.39375,-0.15124269036002652
0,22.324800000000007,2.396875,-0.15215480016104146
0,22.324800000000007,2.4000000000000004,-0.15307468544687683
0,22.324800000000007,2.403125,-0.15400242572658596
0,22.324800000000007,2.40625,-0.15493810127273716
0,22.324800000000007,2.409375,-0.15588179310708514
0,22.324800000000007,2.4125,-0.1568335829836888
0,22.324800000000007,2.4156250000000004,-0.1577935533692889
0,22.324800000000007,2.41875,-0.15876178742076813
0,22.324800000000007,2.421875,-0.15973836895952684
0,22.324800000000007,2.425,-0.16072338244263082
0,22.324800000000007,2.428125,-0.16171691293061777
0,22.324800000000007,2.4312500000000004,-0.16271904605188783
0,22.324800000000007,2.434375,-0.16372986796366154
0,22.324800000000007,2.4375,-0.1647494653095512
0,22.324800000000007,2.440625,-0.16577792517388057
0,22.324800000000007,2.44375,-0.16681533503298868
0,22.324800000000007,2.4468750000000004,-0.16786178270387714
0,22.324800000000007,2.45,-0.1689173562907038
0,22.324800000000007,2.453125,-0.16998214412979287
0,22.324800000000007,2.45625,-0.17105623473401535
0,22.324800000000007,2.459375,-0.1721397167376056
0,22.324800000000007,2.4625000000000004,-0.1732326788427012
0,22.324800000000007,2.465625,-0.1743352097691337
0,22.324800000000007,2.46875,-0.1754473982092387
0,22.324800000000007,2.471875,-0.17656933278969453
0,22.324800000000007,2.475,-0.177701102042626
0,22.324800000000007,2.4781250000000004,-0.1788427943884001
0,22.324800000000007,2.48125,-0.17999449813269333
0,22.324800000000007,2.484375,-0.181156301480487
0,22.324800000000007,2.4875,-0.18232829256963928
0,22.324800000000007,2.490625,-0.183510559526569
0,22.324800000000007,2.4937500000000004,-0.1847031905463318
0,22.324800000000007,2.496875,-0.18590627399897908
0,22.324800000000007,2.5,-0.18711989856352668
0,22.324800000000007,2.503125,-0.18834415339013708
0,22.324800000000007,2.50625,-0.18957912829023452
0,22.324800000000007,2.5093750000000004,-0.19082491395324022
0,22.324800000000007,2.5125,-0.19208160218747267
0,22.324800000000007,2.515625,-0.1933492861815452
0,22.324800000000007,2.51875,-0.19462806078137312
0,22.324800000000007,2.521875,-0.19591802277674522
0,22.324800000000007,2.5250000000000004,-0.197219271190393
0,22.324800000000007,2.528125,-0.198531907561697
0,22.324800000000007,2.53125,-0.19985603621665812
0,22.324800000000007,2.534375,-0.2011917645156221
0,22.324800000000007,2.5375,-0.2025392030704962
0,22.324800000000007,2.5406250000000004,-0.20389846592387362
0,22.324800000000007,2.54375,-0.2052696706835637
0,22.324800000000007,2.546875,-0.20665293860747044
0,22.324800000000007,2.55,-0.20804839463550212
0,22.324800000000007,2.553125,-0.2094561673671293
0,22.324800000000007,2.5562500000000004,-0.2108763889852217
0,22.324800000000007,2.559375,-0.21230919512877164
0,22.324800000000007,2.5625,-0.21375472471892892
0,22.324800000000007,2.565625,-0.2152131197443274
0,22.324800000000007,2.56875,-0.21668452501290056
0,22.324800000000007,2.5718750000000004,-0.21816908787819855
0,22.324800000000007,2.575,-0.2196669579486214
0,22.324800000000007,2.578125,-0.22117828678796736
0,22.324800000000007,2.58125,-0.2227032276153087
0,22.324800000000007,2.584375,-0.22424193501150597
0,22.324800000000007,2.5875000000000004,-0.22579456463871087
0,22.324800000000007,2.590625,-0.22736127297809755
0,22.324800000000007,2.59375,-0.22894221708984622
0,22.324800000000007,2.596875,-0.23053755439818308
0,22.324800000000007,2.6,-0.23214744250310912
0,22.324800000000007,2.6031250000000004,-0.23377203901937202
0,22.324800000000007,2.60625,-0.23541150144229905
0,22.324800000000007,2.609375,-0.23706598703932621
0,22.324800000000007,2.6125,-0.23873565276543776
0,22.324800000000007,2.615625,-0.2404206552002862
0,22.324800000000007,2.6187500000000004,-0.24212115050445498
0,22.324800000000007,2.621875,-0.2438372943921719
0,22.324800000000007,2.625,-0.24556924211773215
0,22.324800000000007,2.628125,-0.2473171484729416
0,22.324800000000007,2.63125,-0.2490811677930197
0,22.324800000000007,2.6343750000000004,-0.2508614539685759
0,22.324800000000007,2.6375,-0.2526581604614941
0,22.324800000000007,2.640625,-0.2544714403227892
0,22.324800000000007,2.64375,-0.25630144621074397
0,22.324800000000007,2.646875,-0.25814833040787527
0,22.324800000000007,2.6500000000000004,-0.26001224483550284
0,22.324800000000007,2.653125,-0.2618933410649124
0,22.324800000000007,2.65625,-0.2637917703242907
0,22.324800000000007,2.659375,-0.26570768350078605
0,22.324800000000007,2.6625,-0.2676412311371974
0,22.324800000000007,2.6656250000000004,-0.26959256342292204
0,22.324800000000007,2.66875,-0.2715618301789014
0,22.324800000000007,2.671875,-0.2735491808363932
0,22.324800000000007,2.675,-0.2755547644094666
0,22.324800000000007,2.678125,-0.27757872946118234
0,22.324800000000007,2.6812500000000004,-0.27962122406345086
0,22.324800000000007,2.684375,-0.2816823957506075
0,22.324800000000007,2.6875,-0.28376239146675425
0,22.324800000000007,2.690625,-0.285861357506938
0,22.324800000000007,2.69375,-0.2879794394522417
0,22.324800000000007,2.6968750000000004,-0.29011678209886693
0,22.324800000000007,2.7,-0.29227352938128603
0,22.324800000000007,2.703125,-0.29444982428953537
0,22.324800000000007,2.70625,-0.2966458087807121
0,22.324800000000007,2.709375,-0.2988616236847341
0,22.324800000000007,2.7125000000000004,-0.3010974086044038
0,22.324800000000007,2.715625,-0.3033533018098145
0,22.324800000000007,2.71875,-0.30562944012711984
0,22.324800000000007,2.721875,-0.30792595882167706
0,22.324800000000007,2.725,-0.3102429914755668
0,22.324800000000007,2.7281250000000004,-0.3125806698594763
0,22.324800000000007,2.73125,-0.31493912379892874
0,22.324800000000007,2.734375,-0.31731848103482657
0,22.324800000000007,2.7375,-0.3197188670782664
0,22.324800000000007,2.740625,-0.3221404050595846
0,22.324800000000007,2.7437500000000004,-0.3245832155715696
0,22.324800000000007,2.746875,-0.32704741650678765
0,22.324800000000007,2.75,-0.32953312288894854
0,22.324800000000007,2.753125,-0.3320404466982373
0,22.324800000000007,2.75625,-0.3345694966905379
0,22.324800000000007,2.7593750000000004,-0.3371203782104634
0,22.324800000000007,2.7625,-0.33969319299811185
0,22.324800000000007,2.765625,-0.34228803898945814
0,22.324800000000007,2.76875,-0.3449050101102945
0,22.324800000000007,2.771875,-0.3475441960636311
0,22.324800000000007,2.7750000000000004,-0.35020568211046565
0,22.324800000000007,2.778125,-0.35288954884383816
0,22.324800000000007,2.78125,-0.35559587195607983
0,22.324800000000007,2.784375,-0.35832472199917104
0,22.324800000000007,2.7875,-0.3610761641381301
0,22.324800000000007,2.7906250000000004,-0.36385025789735004
0,22.324800000000007,2.79375,-0.3666470568998132
0,22.324800000000007,2.796875,-0.369466608599114
0,22.324800000000007,2.8,-0.37230895400422337
0,22.324800000000007,2.803125,-0.3751741273969436
0,22.324800000000007,2.8062500000000004,-0.3780621560419992
0,22.324800000000007,2.809375,-0.38097305988973074
0,22.324800000000007,2.8125,-0.3839068512713529
0,22.324800000000007,2.815625,-0.38686353458675843
0,22.324800000000007,2.81875,-0.38984310598485883
0,22.324800000000007,2.8218750000000004,-0.3928455530364598
0,22.324800000000007,2.825,-0.3958708543996899
0,22.324800000000007,2.828125,-0.39891897947800875
0,22.324800000000007,2.83125,-0.4019898880708351
0,22.324800000000007,2.834375,-0.4050835300168582
0,22.324800000000007,2.8375000000000004,-0.40819984483010346
0,22.324800000000007,2.840625,-0.41133876132885105
0,22.324800000000007,2.84375,-0.4145001972575181
0,22.324800000000007,2.846875,-0.4176840589016352
0,22.324800000000007,2.85,-0.42089024069607694
0,22.324800000000007,2.8531250000000004,-0.4241186248267198
0,22.324800000000007,2.85625,-0.4273690808257323
0,22.324800000000007,2.859375,-0.4306414651607234
0,22.324800000000007,2.8625,-0.43393562081799886
0,22.324800000000007,2.865625,-0.437251376880213
0,22.324800000000007,2.8687500000000004,-0.4405885480987182
0,22.324800000000007,2.871875,-0.44394693446096184
0,22.324800000000007,2.875,-0.44732632075329726
0,22.324800000000007,2.878125,-0.45072647611961303
0,22.324800000000007,2.88125,-0.4541471536162255
0,22.324800000000007,2.8843750000000004,-0.4575880897635055
0,22.324800000000007,2.8875,-0.46104900409475646
0,22.324800000000007,2.890625,-0.46452959870289195
0,22.324800000000007,2.89375,-0.4680295577855023
0,22.324800000000007,2.896875,-0.47154854718894557
0,22.324800000000007,2.9000000000000004,-0.47508621395213074
0,22.324800000000007,2.903125,-0.4786421858507165
0,22.324800000000007,2.90625,-0.48221607094248226
0,22.324800000000007,2.909375,-0.4858074571146746
0,22.324800000000007,2.9125,-0.48941591163418735
0,22.324800000000007,2.9156250000000004,-0.49304098070146785
0,22.324800000000007,2.91875,-0.4966821890091015
0,22.324800000000007,2.921875,-0.5003390393060664
0,22.324800000000007,2.925,-0.504011011968699
0,22.324800000000007,2.928125,-0.5076975645794687
0,22.324800000000007,2.9312500000000004,-0.5113981315146966
0,22.324800000000007,2.934375,-0.5151121235424145
0,22.324800000000007,2.9375,-0.5188389274316041
0,22.324800000000007,2.940625,-0.5225779055740973
0,22.324800000000007,2.94375,-0.5263283956204837
0,22.324800000000007,2.9468750000000004,-0.5300897101314019
0,22.324800000000007,2.95,-0.5338611362456498
0,22.324800000000007,2.953125,-0.5376419353665856
0,22.324800000000007,2.95625,-0.5414313428683382
0,22.324800000000007,2.959375,-0.545228567823386
0,22.324800000000007,2.9625000000000004,-0.549032792753104
0,22.324800000000007,2.965625,-0.5528431734029148
0,22.324800000000007,2.96875,-0.5566588385437132
0,22.324800000000007,2.971875,-0.5604788898012608
0,22.324800000000007,2.975,-0.5643024015152821
0,22.324800000000007,2.9781250000000004,-0.5681284206300099
0,22.324800000000007,2.98125,-0.5719559666179513
0,22.324800000000007,2.984375,-0.5757840314386587
0,22.324800000000007,2.9875,-0.5796115795342925
0,22.324800000000007,2.990625,-0.5834375478637815
0,22.324800000000007,2.9937500000000004,-0.5872608459773668
0,22.324800000000007,2.996875,-0.5910803561333229
0,22.324800000000007,3.0,-0.5948949334586233
0,22.324800000000007,3.0031250000000003,-0.5987034061552999
0,22.324800000000007,3.00625,-0.6025045757542148
0,22.324800000000007,3.009375,-0.6062972174179333
0,22.324800000000007,3.0125,-0.6100800802943277
0,22.324800000000007,3.015625,-0.6138518879224966
0,22.324800000000007,3.0187500000000003,-0.6176113386925266
0,22.324800000000007,3.021875,-0.6213571063605323
0,22.324800000000007,3.025,-0.6250878406203577
0,22.324800000000007,3.028125,-0.6288021677331987
0,22.324800000000007,3.03125,-0.6324986912163337
0,22.324800000000007,3.0343750000000003,-0.6361759925920247
0,22.324800000000007,3.0375,-0.6398326321975263
0,22.324800000000007,3.040625,-0.6434671500570274
0,22.324800000000007,3.04375,-0.6470780668161854
0,22.324800000000007,3.046875,-0.6506638847397812
0,22.324800000000007,3.0500000000000003,-0.6542230887728525
0,22.324800000000007,3.053125,-0.6577541476654925
0,22.324800000000007,3.05625,-0.6612555151613255
0,22.324800000000007,3.059375,-0.6647256312494749
0,22.324800000000007,3.0625,-0.66816292347964
0,22.324800000000007,3.0656250000000003,-0.6715658083397066
0,22.324800000000007,3.06875,-0.6749326926950733
0,22.324800000000007,3.071875,-0.6782619752886834
0,22.324800000000007,3.075,-0.6815520483005018
0,22.324800000000007,3.078125,-0.6848012989649519
0,22.324800000000007,3.0812500000000003,-0.6880081112445939
0,22.324800000000007,3.084375,-0.6911708675580649
0,22.324800000000007,3.0875,-0.694287950560079
0,22.324800000000007,3.090625,-0.6973577449710203
0,22.324800000000007,3.09375,-0.7003786394534175
0,22.324800000000007,3.0968750000000003,-0.7033490285323565
0,22.324800000000007,3.1,-0.7062673145566116
0,22.324800000000007,3.103125,-0.7091319096970737
0,22.324800000000007,3.10625,-0.7119412379787751
0,22.324800000000007,3.109375,-0.7146937373426129
0,22.324800000000007,3.1125000000000003,-0.7173878617326346
0,22.324800000000007,3.115625,-0.7200220832045293
0,22.324800000000007,3.11875,-0.7225948940507823
0,22.324800000000007,3.121875,-0.7251048089377375
0,22.324800000000007,3.125,-0.7275503670496515
0,22.324800000000007,3.1281250000000003,-0.7299301342346503
0,22.324800000000007,3.13125,-0.7322427051473506
0,22.324800000000007,3.134375,-0.7344867053827899
0,22.324800000000007,3.1375,-0.7366607935961816
0,22.324800000000007,3.140625,-0.7387636636029355
0,22.324800000000007,3.1437500000000003,-0.7407940464533105
0,22.324800000000007,3.146875,-0.7427507124760123
0,22.324800000000007,3.15,-0.7446324732850391
0,22.324800000000007,3.153125,-0.7464381837440643
0,22.324800000000007,3.15625,-0.7481667438826766
0,22.324800000000007,3.1593750000000003,-0.7498171007588539
0,22.324800000000007,3.1625,-0.7513882502621082
0,22.324800000000007,3.165625,-0.7528792388518547
0,22.324800000000007,3.16875,-0.754289165225674
0,22.324800000000007,3.171875,-0.7556171819122961
0,22.324800000000007,3.1750000000000003,-0.7568624967843093
0,22.324800000000007,3.178125,-0.7580243744857972
0,22.324800000000007,3.18125,-0.7591021377703414
0,22.324800000000007,3.184375,-0.7600951687450652
0,22.324800000000007,3.1875,-0.7610029100166757
0,22.324800000000007,3.1906250000000003,-0.761824865735753
0,22.324800000000007,3.19375,-0.7625606025358402
0,22.324800000000007,3.196875,-0.7632097503642298
0,22.324800000000007,3.2,-0.7637720032016803
0,22.324800000000007,3.203125,-0.7642471196686652
0,22.324800000000007,3.2062500000000003,-0.7646349235161293
0,22.324800000000007,3.209375,-0.7649353039991129
0,22.324800000000007,3.2125,-0.7651482161320019
0,22.324800000000007,3.215625,-0.7652736808245628
0,22.324800000000007,3.21875,-0.7653117848983263
0,22.324800000000007,3.2218750000000003,-0.7652626809832965
0,22.324800000000007,3.225,-0.76512658729537
0,22.324800000000007,3.228125,-0.7649037872952521
0,22.324800000000007,3.23125,-0.764594629230071
0,22.324800000000007,3.234375,-0.7641995255592731
0,22.324800000000007,3.2375000000000003,-0.7637189522667832
0,22.324800000000007,3.240625,-0.7631534480617831
0,22.324800000000007,3.24375,-0.7625036134708255
0,22.324800000000007,3.246875,-0.76177010982436
0,22.324800000000007,3.25,-0.7609536581410651
0,22.324800000000007,3.2531250000000003,-0.76005503791371
0,22.324800000000007,3.25625,-0.7590750858005606
0,22.324800000000007,3.259375,-0.7580146942266157
0,22.324800000000007,3.2625,-0.7568748098992188
0,22.324800000000007,3.265625,-0.755656432242817
0,22.324800000000007,3.2687500000000003,-0.7543606117578416
0,22.324800000000007,3.271875,-0.7529884483088788
0,22.324800000000007,3.275,-0.7515410893474329
0,22.324800000000007,3.278125,-0.7500197280747426
0,22.324800000000007,3.28125,-0.7484256015501919
0,22.324800000000007,3.2843750000000003,-0.7467599887509462
0,22.324800000000007,3.2875,-0.7450242085885072
0,22.324800000000007,3.290625,-0.7432196178878864
0,22.324800000000007,3.29375,-0.7413476093351237
0,22.324800000000007,3.296875,-0.7394096093988467
0,22.324800000000007,3.3000000000000003,-0.7374070762315156
0,22.324800000000007,3.303125,-0.7353414975559541
0,22.324800000000007,3.30625,-0.7332143885426546
0,22.324800000000007,3.309375,-0.7310272896832563
0,22.324800000000007,3.3125,-0.7287817646654623
0,22.324800000000007,3.3156250000000003,-0.7264793982545115
0,22.324800000000007,3.31875,-0.7241217941861728
0,22.324800000000007,3.321875,-0.7217105730760386
0,22.324800000000007,3.325,-0.7192473703497164
0,22.324800000000007,3.328125,-0.7167338341983116
0,22.324800000000007,3.3312500000000003,-0.7141716235633713
0,22.324800000000007,3.334375,-0.7115624061552643
0,22.324800000000007,3.3375,-0.7089078565087042
0,22.324800000000007,3.340625,-0.7062096540789241
0,22.324800000000007,3.34375,-0.7034694813817457
0,22.324800000000007,3.3468750000000003,-0.7006890221805457
0,22.324800000000007,3.35,-0.6978699597228912
0,22.324800000000007,3.353125,-0.6950139750293408
0,22.324800000000007,3.35625,-0.6921227452366884
0,22.324800000000007,3.359375,-0.6891979419976666
0,22.324800000000007,3.3625000000000003,-0.6862412299388784
0,22.324800000000007,3.365625,-0.6832542651785116
0,22.324800000000007,3.36875,-0.6802386939051204
0,22.324800000000007,3.371875,-0.6771961510185638
0,22.324800000000007,3.375,-0.6741282588339489
0,22.324800000000007,3.3781250000000003,-0.6710366258492076
0,22.324800000000007,3.38125,-0.6679228455767553
0,22.324800000000007,3.384375,-0.6647884954394389
0,22.324800000000007,3.3875,-0.6616351357308334
0,22.324800000000007,3.390625,-0.6584643086397376
0,22.324800000000007,3.3937500000000003,-0.6552775373385509
0,22.324800000000007,3.396875,-0.65207632513507
0,22.324800000000007,3.4000000000000004,-0.648862154687062
0,22.324800000000007,3.403125,-0.645636487278863
0,22.324800000000007,3.40625,-0.6424007621590838
0,22.324800000000007,3.4093750000000003,-0.639156395938415
0,22.324800000000007,3.4125,-0.6359047820463948
0,22.324800000000007,3.4156250000000004,-0.6326472902458958
0,22.324800000000007,3.41875,-0.6293852662040232
0,22.324800000000007,3.421875,-0.6261200311179953
0,22.324800000000007,3.4250000000000003,-0.6228528813945435
0,22.324800000000007,3.428125,-0.6195850883812831
0,22.324800000000007,3.4312500000000004,-0.6163178981484496
0,22.324800000000007,3.434375,-0.6130525313193738
0,22.324800000000007,3.4375,-0.6097901829479971
0,22.324800000000007,3.4406250000000003,-0.6065320224417335
0,22.324800000000007,3.44375,-0.6032791935279372
0,22.324800000000007,3.4468750000000004,-0.6000328142622285
0,22.324800000000007,3.45,-0.5967939770769335
0,22.324800000000007,3.453125,-0.5935637488678661
0,22.324800000000007,3.4562500000000003,-0.590343171117717
0,22.324800000000007,3.459375,-0.5871332600542952
0,22.324800000000007,3.4625000000000004,-0.5839350068419007
0,22.324800000000007,3.465625,-0.5807493778041214
0,22.324800000000007,3.46875,-0.5775773146763679
0,22.324800000000007,3.4718750000000003,-0.5744197348864956
0,22.324800000000007,3.475,-0.5712775318618905
0,22.324800000000007,3.4781250000000004,-0.5681515753614266
0,22.324800000000007,3.48125,-0.5650427118307532
0,22.324800000000007,3.484375,-0.5619517647793951
0,22.324800000000007,3.4875000000000003,-0.5588795351782068
0,22.324800000000007,3.490625,-0.5558268018757573
0,22.324800000000007,3.4937500000000004,-0.5527943220322681
0,22.324800000000007,3.496875,-0.5497828315697877
0,22.324800000000007,3.5,-0.5467930456373143
0,22.324800000000007,3.5031250000000003,-0.5438256590896512
0,22.324800000000007,3.50625,-0.5408813469788155
0,22.324800000000007,3.5093750000000004,-0.5379607650568725
0,22.324800000000007,3.5125,-0.5350645502891338
0,22.324800000000007,3.515625,-0.5321933213766868
0,22.324800000000007,3.5187500000000003,-0.5293476792872996
0,22.324800000000007,3.521875,-0.5265282077937773
0,22.324800000000007,3.5250000000000004,-0.5237354740189045
0,22.324800000000007,3.528125,-0.5209700289861658
0,22.324800000000007,3.53125,-0.5182324081754721
0,22.324800000000007,3.5343750000000003,-0.5155231320831848
0,22.324800000000007,3.5375,-0.5128427067857703
0,22.324800000000007,3.5406250000000004,-0.5101916245064614
0,22.324800000000007,3.54375,-0.5075703641843686
0,22.324800000000007,3.546875,-0.5049793920454961
0,22.324800000000007,3.5500000000000003,-0.5024191621752041
0,22.324800000000007,3.553125,-0.49989011709166764
0,22.324800000000007,3.5562500000000004,-0.4973926883199404
0,22.324800000000007,3.559375,-0.49492729696628057
0,22.324800000000007,3.5625,-0.4924943542924165
0,22.324800000000007,3.5656250000000003,-0.4900942622894902
0,22.324800000000007,3.56875,-0.48772741425144117
0,22.324800000000007,3.5718750000000004,-0.4853941953476345
0,22.324800000000007,3.575,-0.483094983194577
0,22.324800000000007,3.578125,-0.4808301484265913
0,22.324800000000007,3.5812500000000003,-0.4786000552653616
0,22.324800000000007,3.584375,-0.47640506208829203
0,22.324800000000007,3.5875000000000004,-0.4742455219956446
0,22.324800000000007,3.590625,-0.4721217833764725
0,22.324800000000007,3.59375,-0.4700341904733693
0,22.324800000000007,3.5968750000000003,-0.46798308394610594
0,22.324800000000007,3.6,-0.4659688014342422
0,22.324800000000007,3.6031250000000004,-0.4639916781188256
0,22.324800000000007,3.60625,-0.4620520472833285
0,22.324800000000007,3.609375,-0.4601502408739818
0,22.324800000000007,3.6125000000000003,-0.4582865900597053
0,22.324800000000007,3.615625,-0.45646142579184706
0,22.324800000000007,3.6187500000000004,-0.45467507936396795
0,22.324800000000007,3.621875,-0.45292788297193853
0,22.324800000000007,3.625,-0.4512201702746235
0,22.324800000000007,3.6281250000000003,-0.44955227695546274
0,22.324800000000007,3.63125,-0.4479245412852708
0,22.324800000000007,3.6343750000000004,-0.4463373046865962
0,22.324800000000007,3.6375,-0.44479091230001006
0,22.324800000000007,3.640625,-0.4432857135526978
0,22.324800000000007,3.6437500000000003,-0.4418220627297631
0,22.324800000000007,3.646875,-0.4404003195486579
0,22.324800000000007,3.6500000000000004,-0.4390208497371765
0,22.324800000000007,3.653125,-0.43768402561546993
0,22.324800000000007,3.65625,-0.43639022668254907
0,22.324800000000007,3.6593750000000003,-0.43513984020776886
0,22.324800000000007,3.6625,-0.4339332618277965
0,22.324800000000007,3.6656250000000004,-0.4327708961495846
0,22.324800000000007,3.66875,-0.43165315735989046
0,22.324800000000007,3.671875,-0.4305804698418912
0,22.324800000000007,3.6750000000000003,-0.42955326879946826
0,22.324800000000007,3.678125,-0.42857200088974273
0,22.324800000000007,3.6812500000000004,-0.4276371248644638
0,22.324800000000007,3.684375,-0.42674911222086576
0,22.324800000000007,3.6875,-0.42590844786262055
0,22.324800000000007,3.6906250000000003,-0.425115630771534
0,22.324800000000007,3.69375,-0.42437117469064073
0,22.324800000000007,3.6968750000000004,-0.4236756088193704
0,22.324800000000007,3.7,-0.4230294785214705
0,22.324800000000007,3.703125,-0.4224333460463826
0,22.324800000000007,3.7062500000000003,-0.4218877912647815
0,22.324800000000007,3.709375,-0.42139341241899797
0,22.324800000000007,3.7125000000000004,-0.4209508268890557
0,22.324800000000007,3.715625,-0.42056067197506436
0,22.324800000000007,3.71875,-0.42022360569671563
0,22.324800000000007,3.7218750000000003,-0.41994030761064133
0,22.324800000000007,3.725,-0.4197114796463932
0,22.324800000000007,3.7281250000000004,-0.419537846961812
0,22.324800000000007,3.73125,-0.41942015881855543
0,22.324800000000007,3.734375,-0.41935918947855116
0,22.324800000000007,3.7375000000000003,-0.4193557391221454
0,22.324800000000007,3.740625,-0.41941063478870655
0,22.324800000000007,3.7437500000000004,-0.41952473134043966
0,22.324800000000007,3.746875,-0.4196989124501535
0,22.324800000000007,3.75,-0.41993409161371
0,22.324800000000007,3.7531250000000003,-0.42023121318786194
0,22.324800000000007,3.75625,-0.4205912534541644
0,22.324800000000007,3.7593750000000004,-0.4210152217096147
0,22.324800000000007,3.7625,-0.4215041613846336
0,22.324800000000007,3.765625,-0.42205915118896986
0,22.324800000000007,3.7687500000000003,-0.42268130628604456
0,22.324800000000007,3.771875,-0.42337177949620236
0,22.324800000000007,3.7750000000000004,-0.4241317625292665
0,22.324800000000007,3.778125,-0.4249624872467073
0,22.324800000000007,3.78125,-0.42586522695365225
0,22.324800000000007,3.7843750000000003,-0.42684129772085283
0,22.324800000000007,3.7875,-0.42789205973660493
0,22.324800000000007,3.7906250000000004,-0.4290189186884884
0,22.324800000000007,3.79375,-0.43022332717462797
0,22.324800000000007,3.796875,-0.43150678614401133
0,22.324800000000007,3.8000000000000003,-0.43287084636519885
0,22.324800000000007,3.803125,-0.43431710992253714
0,22.324800000000007,3.8062500000000004,-0.4358472317387469
0,22.324800000000007,3.809375,-0.43746292112246493
0,22.324800000000007,3.8125,-0.4391659433390224
0,22.324800000000007,3.8156250000000003,-0.4409581212023816
0,22.324800000000007,3.81875,-0.4428413366857691
0,22.324800000000007,3.8218750000000004,-0.44481753254811696
0,22.324800000000007,3.825,-0.4468887139729289
0,22.324800000000007,3.828125,-0.4490569502156686
0,22.324800000000007,3.8312500000000003,-0.4513243762551616
0,22.324800000000007,3.834375,-0.4536931944438522
0,22.324800000000007,3.8375000000000004,-0.4561656761510313
0,22.324800000000007,3.840625,-0.45874416339233126
0,22.324800000000007,3.84375,-0.46143107043791937
0,22.324800000000007,3.8468750000000003,-0.46422888539081336
0,22.324800000000007,3.85,-0.4671401717256794
0,22.324800000000007,3.8531250000000004,-0.47016756977727936
0,22.324800000000007,3.85625,-0.4733137981664081
0,22.324800000000007,3.859375,-0.4765816551497504
0,22.324800000000007,3.8625000000000003,-0.4799740198784734
0,22.324800000000007,3.865625,-0.48349385354866004
0,22.324800000000007,3.8687500000000004,-0.4871442004247898
0,22.324800000000007,3.871875,-0.4909281887153762
0,22.324800000000007,3.875,-0.494849031277632
0,22.324800000000007,3.8781250000000003,-0.4989100261255299
0,22.324800000000007,3.88125,-0.5031145567129448
0,22.324800000000007,3.8843750000000004,-0.5074660919606313
0,22.324800000000007,3.8875,-0.5119681859925824
0,22.324800000000007,3.890625,-0.516624477543888
0,22.324800000000007,3.8937500000000003,-0.5214386889984334
0,22.324800000000007,3.896875,-0.5264146250107605
0,22.324800000000007,3.9000000000000004,-0.5315561706620426
0,22.324800000000007,3.903125,-0.5368672890954135
0,22.324800000000007,3.90625,-0.5423520185708867
0,22.324800000000007,3.9093750000000003,-0.5480144688746705
0,22.324800000000007,3.9125,-0.5538588170119474
0,22.324800000000007,3.9156250000000004,-0.5598893021060689
0,22.324800000000007,3.91875,-0.5661102194205946
0,22.324800000000007,3.921875,-0.5725259134137877
0,22.324800000000007,3.9250000000000003,-0.5791407697279451
0,22.324800000000007,3.928125,-0.58595920600843
0,22.324800000000007,3.9312500000000004,-0.5929856614394551
0,22.324800000000007,3.934375,-0.6002245848755722
0,22.324800000000007,3.9375,-0.6076804214395984
0,22.324800000000007,3.9406250000000003,-0.6153575974493062
0,22.324800000000007,3.94375,-0.6232605035268478
0,22.324800000000007,3.9468750000000004,-0.6313934757366241
0,22.324800000000007,3.95,-0.6397607745892677
0,22.324800000000007,3.953125,-0.6483665617419152
0,22.324800000000007,3.9562500000000003,-0.6572148742180001
0,22.324800000000007,3.959375,-0.6663095959638762
0,22.324800000000007,3.9625000000000004,-0.6756544265548716
0,22.324800000000007,3.965625,-0.6852528468602039
0,22.324800000000007,3.96875,-0.6951080814751498
0,22.324800000000007,3.9718750000000003,-0.7052230577301706
0,22.324800000000007,3.975,-0.7156003610911591
0,22.324800000000007,3.9781250000000004,-0.7262421867730106
0,22.324800000000007,3.98125,-0.737150287401071
0,22.324800000000007,3.984375,-0.7483259165725334
0,22.324800000000007,3.9875000000000003,-0.7597697681931511
0,22.324800000000007,3.990625,-0.7714819114948411
0,22.324800000000007,3.9937500000000004,-0.7834617216776815
0,22.324800000000007,3.996875,-0.795707806166402
0,22.324800000000007,4.0,-0.8082179265280117
0,22.324800000000007,4.003125000000001,-0.8209889161643628
0,22.324800000000007,4.00625,-0.8340165939725515
0,22.324800000000007,4.009375,-0.847295674257926
0,22.324800000000007,4.0125,-0.8608196732895882
0,22.324800000000007,4.015625,-0.8745808130081336
0,22.324800000000007,4.018750000000001,-0.8885699225290813
0,22.324800000000007,4.021875,-0.9027763382342452
0,22.324800000000007,4.025,-0.91718780340604
0,22.324800000000007,4.028125,-0.9317903685353728
0,22.324800000000007,4.03125,-0.9465682936215335
0,22.324800000000007,4.034375000000001,-0.9615039539786501
0,22.324800000000007,4.0375,-0.9765777512657569
0,22.324800000000007,4.040625,-0.991768031661278
0,22.324800000000007,4.04375,-1.0070510133022166
0,22.324800000000007,4.046875,-1.0224007252978706
0,22.324800000000007,4.050000000000001,-1.0377889607982893
0,22.324800000000007,4.053125,-1.0531852467413056
0,22.324800000000007,4.05625,-1.0685568330080684
0,22.324800000000007,4.059375,-1.0838687037745358
0,22.324800000000007,4.0625,-1.0990836138448499
0,22.324800000000007,4.065625000000001,-1.1141621526787528
0,22.324800000000007,4.06875,-1.1290628386692436
0,22.324800000000007,4.071875,-1.1437422459772544
0,22.324800000000007,4.075,-1.1581551658783438
0,22.324800000000007,4.078125,-1.1722548041169203
0,22.324800000000007,4.081250000000001,-1.185993015191749
0,22.324800000000007,4.084375,-1.1993205738151653
0,22.324800000000007,4.0875,-1.2121874830025972
0,22.324800000000007,4.090625,-1.224543317370617
0,22.324800000000007,4.09375,-1.236337599269246
0,22.324800000000007,4.096875000000001,-1.2475202043704903
0,22.324800000000007,4.1,-1.2580417923113343
0,22.324800000000007,4.103125,-1.2678542569803213
0,22.324800000000007,4.10625,-1.2769111900821482
0,22.324800000000007,4.109375,-1.2851683507574065
0,22.324800000000007,4.112500000000001,-1.2925841333167833
0,22.324800000000007,4.115625,-1.299120024613216
0,22.324800000000007,4.11875,-1.304741042258321
0,22.324800000000007,4.121875,-1.3094161448216641
0,22.324800000000007,4.125,-1.31311860535484
0,22.324800000000007,4.128125000000001,-1.3158263400665562
0,22.324800000000007,4.13125,-1.3175221847381178
0,22.324800000000007,4.134375,-1.3181941124945182
0,22.324800000000007,4.1375,-1.3178353878057085
0,22.324800000000007,4.140625,-1.316444653043995
0,22.324800000000007,4.143750000000001,-1.3140259455147443
0,22.324800000000007,4.146875,-1.3105886445490404
0,22.324800000000007,4.15,-1.3061473499342664
0,22.324800000000007,4.153125,-1.3007216945967133
0,22.324800000000007,4.15625,-1.2943360959766959
0,22.324800000000007,4.159375000000001,-1.287019451895343
0,22.324800000000007,4.1625,-1.2788047878561046
0,22.324800000000007,4.165625,-1.2697288636176587
0,22.324800000000007,4.16875,-1.2598317474961351
0,22.324800000000007,4.171875,-1.2491563671938126
0,22.324800000000007,4.175000000000001,-1.2377480460137122
0,22.324800000000007,4.178125,-1.2256540331203067
0,22.324800000000007,4.18125,-1.2129230360726335
0,22.324800000000007,4.184375,-1.1996047632221074
0,22.324800000000007,4.1875,-1.18574948277218
0,22.324800000000007,4.190625000000001,-1.1714076043845536
0,22.324800000000007,4.19375,-1.1566292882287474
0,22.324800000000007,4.196875,-1.1414640853503506
0,22.324800000000007,4.2,-1.1259606122160242
0,22.324800000000007,4.203125,-1.1101662613121275
0,22.324800000000007,4.206250000000001,-1.0941269487571068
0,22.324800000000007,4.209375,-1.0778868990550083
0,22.324800000000007,4.2125,-1.061488466384092
0,22.324800000000007,4.215625,-1.0449719911893778
0,22.324800000000007,4.21875,-1.028375690333583
0,22.324800000000007,4.221875000000001,-1.0117355786576907
0,22.324800000000007,4.225,-0.995085419504036
0,22.324800000000007,4.228125,-0.9784567015544426
0,22.324800000000007,4.23125,-0.9618786392239644
0,22.324800000000007,4.234375,-0.9453781938151101
0,22.324800000000007,4.237500000000001,-0.9289801126680705
0,22.324800000000007,4.240625,-0.9127069836261889
0,22.324800000000007,4.24375,-0.8965793022624822
0,22.324800000000007,4.246875,-0.880615549471915
0,22.324800000000007,4.25,-0.8648322772149758
0,22.324800000000007,4.253125000000001,-0.8492442003939921
0,22.324800000000007,4.25625,-0.8338642930459134
0,22.324800000000007,4.259375,-0.8187038872388898
0,22.324800000000007,4.2625,-0.8037727732599921
0,22.324800000000007,4.265625,-0.7890792998732229
0,22.324800000000007,4.268750000000001,-0.7746304736090901
0,22.324800000000007,4.271875,-0.7604320562160642
0,22.324800000000007,4.275,-0.7464886595598015
0,22.324800000000007,4.278125,-0.7328038373973835
0,22.324800000000007,4.28125,-0.7193801735800199
0,22.324800000000007,4.284375000000001,-0.7062193663501901
0,22.324800000000007,4.2875,-0.6933223084972782
0,22.324800000000007,4.290625,-0.6806891632209042
0,22.324800000000007,4.29375,-0.6683194356242317
0,22.324800000000007,4.296875,-0.6562120398207698
0,22.324800000000007,4.300000000000001,-0.6443653616898171
0,22.324800000000007,4.303125,-0.6327773173575252
0,22.324800000000007,4.30625,-0.6214454075143999
0,22.324800000000007,4.309375,-0.6103667677067744
0,22.324800000000007,4.3125,-0.5995382147597312
0,22.324800000000007,4.315625000000001,-0.5889562895039908
0,22.324800000000007,4.31875,-0.5786172959891691
0,22.324800000000007,4.321875,-0.5685173373719189
0,22.324800000000007,4.325,-0.5586523486704135
0,22.324800000000007,4.328125,-0.549018126576405
0,22.324800000000007,4.331250000000001,-0.5396103565141586
0,22.324800000000007,4.334375,-0.5304246371314091
0,22.324800000000007,4.3375,-0.5214565024021066
0,22.324800000000007,4.340625,-0.5127014415143856
0,22.324800000000007,4.34375,-0.5041549167097031
0,22.324800000000007,4.346875000000001,-0.4958123792315225
0,22.324800000000007,4.35,-0.4876692835336032
0,22.324800000000007,4.353125,-0.4797210998896447
0,22.324800000000007,4.35625,-0.47196332553775217
0,22.324800000000007,4.359375,-0.46439149448467637
0,22.324800000000007,4.362500000000001,-0.4570011860868106
0,22.324800000000007,4.365625,-0.44978803251685373
0,22.324800000000007,4.36875,-0.44274772521738226
0,22.324800000000007,4.371875,-0.435876020435318
0,22.324800000000007,4.375,-0.4291687439240745
0,22.324800000000007,4.378125000000001,-0.42262179489368107
0,22.324800000000007,4.38125,-0.41623114928276256
0,22.324800000000007,4.384375,-0.4099928624203329
0,22.324800000000007,4.3875,-0.40390307113988266
0,22.324800000000007,4.390625,-0.39795799540287485
0,22.324800000000007,4.393750000000001,-0.3921539394840652
0,22.324800000000007,4.396875,-0.3864872927664413
0,22.324800000000007,4.4,-0.3809545301893878
0,22.324800000000007,4.403125,-0.3755522123898794
0,22.324800000000007,4.40625,-0.3702769855727734
0,22.324800000000007,4.409375000000001,-0.3651255811430937
0,22.324800000000007,4.4125,-0.3600948151300651
0,22.324800000000007,4.415625,-0.35518158742984324
0,22.324800000000007,4.41875,-0.35038288089139125
0,22.324800000000007,4.421875,-0.3456957602674554
0,22.324800000000007,4.425000000000001,-0.3411173710505581
0,22.324800000000007,4.428125,-0.33664493821186475
0,22.324800000000007,4.43125,-0.3322757648589757
0,22.324800000000007,4.434375,-0.32800723082711364
0,22.324800000000007,4.4375,-0.32383679121655645
0,22.324800000000007,4.440625000000001,-0.31976197488791214
0,22.324800000000007,4.44375,-0.3157803829255147
0,22.324800000000007,4.446875,-0.3118896870780945
0,22.324800000000007,4.45,-0.30808762818490915
0,22.324800000000007,4.453125,-0.3043720145944922
0,22.324800000000007,4.456250000000001,-0.3007407205824335
0,22.324800000000007,4.459375,-0.29719168477378327
0,22.324800000000007,4.4625,-0.29372290857498545
0,22.324800000000007,4.465625,-0.2903324546196811
0,22.324800000000007,4.46875,-0.2870184452320716
0,22.324800000000007,4.471875000000001,-0.28377906091111965
0,22.324800000000007,4.475,-0.28061253883835674
0,22.324800000000007,4.478125,-0.2775171714116614
0,22.324800000000007,4.48125,-0.2744913048070608
0,22.324800000000007,4.484375,-0.27153333757019504
0,22.324800000000007,4.487500000000001,-0.2686417192388809
0,22.324800000000007,4.490625,-0.26581494899789304
0,22.324800000000007,4.49375,-0.2630515743668609
0,22.324800000000007,4.496875,-0.2603501899220085
0,22.324800000000007,4.5,-0.25770943605221813
0,22.324800000000007,4.503125000000001,-0.2551279977498012
0,22.324800000000007,4.50625,-0.2526046034361792
0,22.324800000000007,4.509375,-0.2501380238225507
0,22.324800000000007,4.5125,-0.24772707080555015
0,22.324800000000007,4.515625,-0.24537059639774236
0,22.324800000000007,4.518750000000001,-0.2430674916927778
0,22.324800000000007,4.521875,-0.24081668586492036
0,22.324800000000007,4.525,-0.23861714520259697
0,22.324800000000007,4.528125,-0.23646787217559936
0,22.324800000000007,4.53125,-0.2343679045354627
0,22.324800000000007,4.534375000000001,-0.23231631444856377
0,22.324800000000007,4.5375,-0.23031220766140983
0,22.324800000000007,4.540625,-0.22835472269756263
0,22.324800000000007,4.54375,-0.22644303008564806
0,22.324800000000007,4.546875,-0.22457633161782814
0,22.324800000000007,4.550000000000001,-0.22275385963814523
0,22.324800000000007,4.553125,-0.22097487636010185
0,22.324800000000007,4.55625,-0.21923867321282547
0,22.324800000000007,4.559375,-0.21754457021518353
0,22.324800000000007,4.5625,-0.21589191537715702
0,22.324800000000007,4.565625000000001,-0.21428008412781388
0,22.324800000000007,4.56875,-0.21270847876918547
0,22.324800000000007,4.571875,-0.21117652795533884
0,22.324800000000007,4.575,-0.20968368619594763
0,22.324800000000007,4.578125,-0.2082294333836124
0,22.324800000000007,4.581250000000001,-0.20681327434420388
0,22.324800000000007,4.584375,-0.20543473840945964
0,22.324800000000007,4.5875,-0.20409337901104538
0,22.324800000000007,4.590625,-0.20278877329529021
0,22.324800000000007,4.59375,-0.20152052175773877
0,22.324800000000007,4.596875000000001,-0.2002882478966707
0,22.324800000000007,4.6,-0.19909159788467454
0,22.324800000000007,4.603125,-0.19793024025732603
0,22.324800000000007,4.60625,-0.19680386561798782
0,22.324800000000007,4.609375,-0.19571218635766402
0,22.324800000000007,4.612500000000001,-0.19465493638881076
0,22.324800000000007,4.615625,-0.1936318708919138
0,22.324800000000007,4.61875,-0.19264276607356873
0,22.324800000000007,4.621875,-0.19168741893472319
0,22.324800000000007,4.625,-0.19076564704761823
0,22.324800000000007,4.628125000000001,-0.18987728833987974
0,22.324800000000007,4.63125,-0.18902220088407085
0,22.324800000000007,4.634375,-0.1882002626908839
0,22.324800000000007,4.6375,-0.18741137150400866
0,22.324800000000007,4.640625,-0.18665544459452743
0,22.324800000000007,4.643750000000001,-0.18593241855252463
0,22.324800000000007,4.646875,-0.1852422490733817
0,22.324800000000007,4.65,-0.18458491073600908
0,22.324800000000007,4.653125,-0.18396039677003237
0,22.324800000000007,4.65625,-0.18336871880866853
0,22.324800000000007,4.659375000000001,-0.18280990662375415
0,22.324800000000007,4.6625,-0.18228400783906343
0,22.324800000000007,4.665625,-0.18179108761771112
0,22.324800000000007,4.66875,-0.18133122831907533
0,22.324800000000007,4.671875,-0.1809045291202595
0,22.324800000000007,4.675000000000001,-0.18051110559669747
0,22.324800000000007,4.678125,-0.18015108925603382
0,22.324800000000007,4.68125,-0.17982462701891644
0,22.324800000000007,4.684375,-0.17953188063981704
0,22.324800000000007,4.6875,-0.17927302606042128
0,22.324800000000007,4.690625000000001,-0.17904825268754676
0,22.324800000000007,4.69375,-0.1788577625869111
0,22.324800000000007,4.696875,-0.17870176958341688
0,22.324800000000007,4.7,-0.17858049825793632
0,22.324800000000007,4.703125,-0.17849418282986196
0,22.324800000000007,4.706250000000001,-0.17844306591396483
0,22.324800000000007,4.709375,-0.17842739713935354
0,22.324800000000007,4.7125,-0.17844743161758045
0,22.324800000000007,4.715625,-0.17850342824619608
0,22.324800000000007,4.71875,-0.1785956478333265
0,22.324800000000007,4.721875000000001,-0.1787243510281534
0,22.324800000000007,4.725,-0.17888979604153543
0,22.324800000000007,4.728125,-0.1790922361404381
0,22.324800000000007,4.73125,-0.1793319168993685
0,22.324800000000007,4.734375,-0.17960907319167316
0,22.324800000000007,4.737500000000001,-0.17992392590337597
0,22.324800000000007,4.740625,-0.18027667835226568
0,22.324800000000007,4.74375,-0.18066751239522205
0,22.324800000000007,4.746875,-0.18109658420735059
0,22.324800000000007,4.75,-0.181564019717449
0,22.324800000000007,4.753125000000001,-0.18206990968569722
0,22.324800000000007,4.75625,-0.1826143044113395
0,22.324800000000007,4.759375,-0.18319720806058373
0,22.324800000000007,4.7625,-0.1838185726080447
0,22.324800000000007,4.765625,-0.1844782913889364
0,22.324800000000007,4.768750000000001,-0.18517619226390727
0,22.324800000000007,4.771875,-0.18591203040405657
0,22.324800000000007,4.775,-0.18668548071033403
0,22.324800000000007,4.778125,-0.18749612988928505
0,22.324800000000007,4.78125,-0.18834346821608478
0,22.324800000000007,4.784375000000001,-0.18922688102599905
0,22.324800000000007,4.7875,-0.1901456399869291
0,22.324800000000007,4.790625,-0.19109889421851597
0,22.324800000000007,4.79375,-0.19208566133737218
0,22.324800000000007,4.796875,-0.19310481852335715
0,22.324800000000007,4.800000000000001,-0.19415509371821363
0,22.324800000000007,4.803125,-0.1952350570852332
0,22.324800000000007,4.80625,-0.19634311287659448
0,22.324800000000007,4.809375,-0.19747749187327376
0,22.324800000000007,4.8125,-0.19863624458056175
0,22.324800000000007,4.815625000000001,-0.19981723537959545
0,22.324800000000007,4.81875,-0.2010181378513591
0,22.324800000000007,4.821875,-0.2022364315035025
0,22.324800000000007,4.825,-0.20346940014119835
0,22.324800000000007,4.828125,-0.2047141321302295
0,22.324800000000007,4.831250000000001,-0.20596752280243136
0,22.324800000000007,4.834375,-0.20722627924958
0,22.324800000000007,4.8375,-0.20848692774069585
0,22.324800000000007,4.840625,-0.20974582397854713
0,22.324800000000007,4.84375,-0.21099916638309485
0,22.324800000000007,4.846875000000001,-0.2122430125519364
0,22.324800000000007,4.85,-0.21347329900019305
0,22.324800000000007,4.853125,-0.21468586422461777
0,22.324800000000007,4.85625,-0.21587647506933758
0,22.324800000000007,4.859375,-0.21704085629450454
0,22.324800000000007,4.862500000000001,-0.21817472316547526
0,22.324800000000007,4.865625,-0.2192738167910277
0,22.324800000000007,4.86875,-0.22033394184696753
0,22.324800000000007,4.871875,-0.22135100622928744
0,22.324800000000007,4.875,-0.2223210620923126
0,22.324800000000007,4.878125000000001,-0.22324034764562492
0,22.324800000000007,4.88125,-0.22410532901299451
0,22.324800000000007,4.884375,-0.2249127414007996
0,22.324800000000007,4.8875,-0.2256596287860448
0,22.324800000000007,4.890625,-0.22634338131815282
0,22.324800000000007,4.893750000000001,-0.2269617696364137
0,22.324800000000007,4.896875,-0.22751297533776305
0,22.324800000000007,4.9,-0.2279956168876087
0,22.324800000000007,4.903125,-0.22840877034882007
0,22.324800000000007,4.90625,-0.22875198440859806
0,22.324800000000007,4.909375000000001,-0.22902528930640403
0,22.324800000000007,4.9125,-0.22922919940416905
0,22.324800000000007,4.915625,-0.22936470928747693
0,22.324800000000007,4.91875,-0.22943328343767533
0,22.324800000000007,4.921875,-0.22943683966407374
0,22.324800000000007,4.925000000000001,-0.22937772662677916
0,22.324800000000007,4.928125,-0.22925869590903034
0,22.324800000000007,4.93125,-0.2290828692085385
0,22.324800000000007,4.934375,-0.2288537013067573
0,22.324800000000007,4.9375,-0.22857493954069777
0,22.324800000000007,4.940625000000001,-0.22825058054264818
0,22.324800000000007,4.94375,-0.22788482502889182
0,22.324800000000007,4.946875,-0.2274820314103474
0,22.324800000000007,4.95,-0.22704666896807893
0,22.324800000000007,4.953125,-0.22658327128771863
0,22.324800000000007,4.956250000000001,-0.22609639058253567
0,22.324800000000007,4.959375,-0.22559055345896498
0,22.324800000000007,4.9625,-0.22507021859488194
0,22.324800000000007,4.965625,-0.22453973671364488
0,22.324800000000007,4.96875,-0.22400331314953464
0,22.324800000000007,4.971875000000001,-0.22346497321596895
0,22.324800000000007,4.975,-0.22292853050945427
0,22.324800000000007,4.978125,-0.2223975582118653
0,22.324800000000007,4.98125,-0.22187536339294225
0,22.324800000000007,4.984375,-0.22136496426488575
0,22.324800000000007,4.987500000000001,-0.22086907030220468
0,22.324800000000007,4.990625,-0.22039006511255285
0,22.324800000000007,4.99375,-0.21992999192787743
0,22.324800000000007,4.996875,-0.2194905415791265
0,22.324800000000007,5.0,-0.21907304282106382
0,22.324800000000007,5.003125,-0.21867845488532137
0,22.324800000000007,5.0062500000000005,-0.21830736215833846
0,22.324800000000007,5.009375,-0.21795997090492533
0,22.324800000000007,5.0125,-0.2176361079863458
0,22.324800000000007,5.015625,-0.21733522155253182
0,22.324800000000007,5.01875,-0.21705638371975583
0,22.324800000000007,5.0218750000000005,-0.21679829527624833
0,22.324800000000007,5.025,-0.21655929248729727
0,22.324800000000007,5.028125,-0.21633735609676955
0,22.324800000000007,5.03125,-0.2161301226422626
0,22.324800000000007,5.034375,-0.21593489821479245
0,22.324800000000007,5.0375000000000005,-0.21574867479972581
0,22.324800000000007,5.040625,-0.21556814933237986
0,22.324800000000007,5.04375,-0.21538974558833573
0,22.324800000000007,5.046875,-0.21520963900430232
0,22.324800000000007,5.05,-0.21502378448988213
0,22.324800000000007,5.0531250000000005,-0.2148279472437863
0,22.324800000000007,5.05625,-0.2146177365303184
0,22.324800000000007,5.059375,-0.21438864230420218
0,22.324800000000007,5.0625,-0.214136074495524
0,22.324800000000007,5.065625,-0.21385540468371567
0,22.324800000000007,5.0687500000000005,-0.21354200980270638
0,22.324800000000007,5.071875,-0.21319131743171513
0,22.324800000000007,5.075,-0.21279885214116318
0,22.324800000000007,5.078125,-0.2123602822846917
0,22.324800000000007,5.08125,-0.21187146656022368
0,22.324800000000007,5.0843750000000005,-0.2113284996093228
0,22.324800000000007,5.0875,-0.21072775588837778
0,22.324800000000007,5.090625,-0.210065931030469
0,22.324800000000007,5.09375,-0.20934007992551126
0,22.324800000000007,5.096875,-0.2085476507797931
0,22.324800000000007,5.1000000000000005,-0.2076865144746599
0,22.324800000000007,5.103125,-0.20675498862690897
0,22.324800000000007,5.10625,-0.205751855858346
0,22.324800000000007,5.109375,-0.20467637590564128
0,22.324800000000007,5.1125,-0.20352829133977254
0,22.324800000000007,5.1156250000000005,-0.202307826811887
0,22.324800000000007,5.11875,-0.20101568189368516
0,22.324800000000007,5.121875,-0.19965301772957386
0,22.324800000000007,5.125,-0.1982214378591372
0,22.324800000000007,5.128125,-0.19672296369658612
0,22.324800000000007,5.1312500000000005,-0.19516000526423655
0,22.324800000000007,5.134375,-0.1935353278660959
0,22.324800000000007,5.1375,-0.19185201545280006
0,22.324800000000007,5.140625,-0.19011343146919724
0,22.324800000000007,5.14375,-0.18832317799066603
0,22.324800000000007,5.1468750000000005,-0.1864850539448975
0,22.324800000000007,5.15,-0.18460301318435604
0,22.324800000000007,5.153125,-0.18268112312380408
0,22.324800000000007,5.15625,-0.18072352459057284
0,22.324800000000007,5.159375,-0.17873439345639552
0,22.324800000000007,5.1625000000000005,-0.17671790453252148
0,22.324800000000007,5.165625,-0.17467819811827195
0,22.324800000000007,5.16875,-0.1726193495006946
0,22.324800000000007,5.171875,-0.17054534161272117
0,22.324800000000007,5.175,-0.1684600409717862
0,22.324800000000007,5.1781250000000005,-0.1663671769424072
0,22.324800000000007,5.18125,-0.16427032429624325
0,22.324800000000007,5.184375,-0.16217288898264148
0,22.324800000000007,5.1875,-0.1600780969721824
0,22.324800000000007,5.190625,-0.1579889859952313
0,22.324800000000007,5.1937500000000005,-0.1559083999667533
0,22.324800000000007,5.196875,-0.15383898586701317
0,22.324800000000007,5.2,-0.151783192834439
0,22.324800000000007,5.203125,-0.14974327322097422
0,22.324800000000007,5.20625,-0.1477212853605736
0,22.324800000000007,5.2093750000000005,-0.14571909780712458
0,22.324800000000007,5.2125,-0.14373839480793854
0,22.324800000000007,5.215625,-0.14178068279206724
0,22.324800000000007,5.21875,-0.1398472976682193
0,22.324800000000007,5.221875,-0.13793941274411073
0,22.324800000000007,5.2250000000000005,-0.13605804709705852
0,22.324800000000007,5.228125,-0.13420407424390093
0,22.324800000000007,5.23125,-0.13237823097641452
0,22.324800000000007,5.234375,-0.1305811262459652
0,22.324800000000007,5.2375,-0.12881324999781796
0,22.324800000000007,5.2406250000000005,-0.12707498187119284
0,22.324800000000007,5.24375,-0.1253665996956172
0,22.324800000000007,5.246875,-0.12368828772730336
0,22.324800000000007,5.25,-0.12204014458117651
0,22.324800000000007,5.253125,-0.12042219082474036
0,22.324800000000007,5.2562500000000005,-0.11883437620928898
0,22.324800000000007,5.259375,-0.11727658652207641
0,22.324800000000007,5.2625,-0.11574865005001478
0,22.324800000000007,5.265625,-0.11425034365140507
0,22.324800000000007,5.26875,-0.11278139843714746
0,22.324800000000007,5.2718750000000005,-0.11134150506697751
0,22.324800000000007,5.275,-0.10993031866958897
0,22.324800000000007,5.278125,-0.10854746339812628
0,22.324800000000007,5.28125,-0.10719253663457011
0,22.324800000000007,5.284375,-0.10586511285803402
0,22.324800000000007,5.2875000000000005,-0.10456474719305481
0,22.324800000000007,5.290625,-0.10329097865463832
0,22.324800000000007,5.29375,-0.1020433331071714
0,22.324800000000007,5.296875,-0.10082132595441565
0,22.324800000000007,5.3,-0.09962446457765897
0,22.324800000000007,5.3031250000000005,-0.09845225053880566
0,22.324800000000007,5.30625,-0.09730418156474327
0,22.324800000000007,5.309375,-0.09617975332877023
0,22.324800000000007,5.3125,-0.09507846104424812
0,22.324800000000007,5.315625,-0.09399980088494589
0,22.324800000000007,5.3187500000000005,-0.09294327124582429
0,22.324800000000007,5.321875,-0.09190837385726211
0,22.324800000000007,5.325,-0.09089461476496542
0,22.324800000000007,5.328125,-0.08990150518705826
0,22.324800000000007,5.33125,-0.08892856225910144
0,22.324800000000007,5.3343750000000005,-0.08797530967706822
0,22.324800000000007,5.3375,-0.08704127824760495
0,22.324800000000007,5.340625,-0.0861260063542252
0,22.324800000000007,5.34375,-0.08522904034745178
0,22.324800000000007,5.346875,-0.08434993486629909
0,22.324800000000007,5.3500000000000005,-0.08348825309791393
0,22.324800000000007,5.353125,-0.08264356698164654
0,22.324800000000007,5.35625,-0.08181545736330542
0,22.324800000000007,5.359375,-0.08100351410487695
0,22.324800000000007,5.3625,-0.08020733615453438
0,22.324800000000007,5.3656250000000005,-0.07942653158134719
0,22.324800000000007,5.36875,-0.07866071757871407
0,22.324800000000007,5.371875,-0.07790952044017795
0,22.324800000000007,5.375,-0.07717257551095799
0,22.324800000000007,5.378125,-0.07644952711821701
0,22.324800000000007,5.3812500000000005,-0.07574002848280562
0,22.324800000000007,5.384375,-0.07504374161496295
0,22.324800000000007,5.3875,-0.07436033719621186
0,22.324800000000007,5.390625,-0.07368949444947254
0,22.324800000000007,5.39375,-0.07303090099921264
0,22.324800000000007,5.3968750000000005,-0.07238425272327068
0,22.324800000000007,5.4,-0.07174925359782228
0,22.324800000000007,5.403125,-0.07112561553680209
0,22.324800000000007,5.40625,-0.07051305822696072
0,22.324800000000007,5.409375,-0.06991130895960303
0,22.324800000000007,5.4125000000000005,-0.069320102459942
0,22.324800000000007,5.415625,-0.06873918071489733
0,22.324800000000007,5.41875,-0.06816829280007031
0,22.324800000000007,5.421875,-0.06760719470654461
0,22.324800000000007,5.425,-0.0670556491680804
0,22.324800000000007,5.4281250000000005,-0.06651342548920093
0,22.324800000000007,5.43125,-0.06598029937460739
0,22.324800000000007,5.434375,-0.06545605276029712
0,22.324800000000007,5.4375,-0.06494047364671438
0,22.324800000000007,5.440625,-0.06443335593421014
0,22.324800000000007,5.4437500000000005,-0.06393449926104945
0,22.324800000000007,5.446875,-0.06344370884416685
0,22.324800000000007,5.45,-0.06296079532283397
0,22.324800000000007,5.453125,-0.062485574605378756
0,22.324800000000007,5.45625,-0.06201786771906312
0,22.324800000000007,5.4593750000000005,-0.06155750066320592
0,22.324800000000007,5.4625,-0.06110430426561589
0,22.324800000000007,5.465625,-0.060658114042378065
0,22.324800000000007,5.46875,-0.06021877006102552
0,22.324800000000007,5.471875,-0.05978611680710811
0,22.324800000000007,5.4750000000000005,-0.05936000305416055
0,22.324800000000007,5.478125,-0.05894028173705989
0,22.324800000000007,5.48125,-0.058526809828750845
0,22.324800000000007,5.484375,-0.05811944822031255
0,22.324800000000007,5.4875,-0.05771806160432908
0,22.324800000000007,5.4906250000000005,-0.057322518361521434
0,22.324800000000007,5.49375,-0.05693269045059421
0,22.324800000000007,5.496875,-0.056548453301242106
0,22.324800000000007,5.5,-0.05616968571026271
0,22.324800000000007,5.503125,-0.055796269740713535
0,22.324800000000007,5.5062500000000005,-0.055428090624052566
0,22.324800000000007,5.509375,-0.05506503666519768
0,22.324800000000007,5.5125,-0.05470699915043833
0,22.324800000000007,5.515625,-0.05435387225813389
0,22.324800000000007,5.51875,-0.05400555297212981
0,22.324800000000007,5.5218750000000005,-0.05366194099782374
0,22.324800000000007,5.525,-0.0533229386808133
0,22.324800000000007,5.528125,-0.052988450928056346
0,22.324800000000007,5.53125,-0.05265838513147704
0,22.324800000000007,5.534375,-0.05233265109394908
0,22.324800000000007,5.5375000000000005,-0.05201116095758947
0,22.324800000000007,5.540625,-0.05169382913429743
0,22.324800000000007,5.54375,-0.051380572238471686
0,22.324800000000007,5.546875,-0.051071309021843966
0,22.324800000000007,5.55,-0.050765960310364316
0,22.324800000000007,5.5531250000000005,-0.05046444894307694
0,22.324800000000007,5.55625,-0.05016669971292632
0,22.324800000000007,5.559375,-0.049872639309433114
0,22.324800000000007,5.5625,-0.049582196263183734
0,22.324800000000007,5.565625,-0.04929530089207556
0,22.324800000000007,5.5687500000000005,-0.04901188524926333
0,22.324800000000007,5.571875,-0.04873188307275293
0,22.324800000000007,5.575,-0.04845522973658959
0,22.324800000000007,5.578125,-0.048181862203590456
0,22.324800000000007,5.58125,-0.04791171897957135
0,22.324800000000007,5.5843750000000005,-0.0476447400690196
0,22.324800000000007,5.5875,-0.047380866932166636
0,22.324800000000007,5.590625,-0.04712004244341379
0,22.324800000000007,5.59375,-0.046862210851068696
0,22.324800000000007,5.596875,-0.046607317738348385
0,22.324800000000007,5.6000000000000005,-0.04635530998560804
0,22.324800000000007,5.603125,-0.04610613573375549
0,22.324800000000007,5.60625,-0.04585974434881149
0,22.324800000000007,5.609375,-0.04561608638757946
0,22.324800000000007,5.6125,-0.045375113564387226
0,22.324800000000007,5.6156250000000005,-0.04513677871886542
0,22.324800000000007,5.61875,-0.0449010357847292
0,22.324800000000007,5.621875,-0.04466783975952857
0,22.324800000000007,5.625,-0.044437146675337116
0,22.324800000000007,5.628125,-0.04420891357034687
0,22.324800000000007,5.6312500000000005,-0.043983098461339826
0,22.324800000000007,5.634375,-0.04375966031700744
0,22.324800000000007,5.6375,-0.04353855903208914
0,22.324800000000007,5.640625,-0.04331975540230403
0,22.324800000000007,5.64375,-0.04310321110004878
0,22.324800000000007,5.6468750000000005,-0.04288888865083669
0,22.324800000000007,5.65,-0.04267675141045375
0,22.324800000000007,5.653125,-0.0424667635428073
0,22.324800000000007,5.65625,-0.04225888999844565
0,22.324800000000007,5.659375,-0.04205309649372572
0,22.324800000000007,5.6625000000000005,-0.041849349490607826
0,22.324800000000007,5.665625,-0.041647616177057124
0,22.324800000000007,5.66875,-0.041447864448031356
0,22.324800000000007,5.671875,-0.041250062887036504
0,22.324800000000007,5.675,-0.04105418074823131
0,22.324800000000007,5.6781250000000005,-0.040860187939062785
0,22.324800000000007,5.68125,-0.0406680550034159
0,22.324800000000007,5.684375,-0.04047775310525995
0,22.324800000000007,5.6875,-0.04028925401277645
0,22.324800000000007,5.690625,-0.04010253008295233
0,22.324800000000007,5.6937500000000005,-0.0399175542466236
0,22.324800000000007,5.696875,-0.039734299993955245
0,22.324800000000007,5.7,-0.039552741360342626
0,22.324800000000007,5.703125,-0.039372852912721766
0,22.324800000000007,5.70625,-0.03919460973627481
0,22.324800000000007,5.7093750000000005,-0.039017987421518206
0,22.324800000000007,5.7125,-0.03884296205176163
0,22.324800000000007,5.715625,-0.03866951019092536
0,22.324800000000007,5.71875,-0.038497608871705266
0,22.324800000000007,5.721875,-0.03832723558407424
0,22.324800000000007,5.7250000000000005,-0.03815836826410923
0,22.324800000000007,5.728125,-0.03799098528313418
0,22.324800000000007,5.73125,-0.037825065437167904
0,22.324800000000007,5.734375,-0.037660587936668814
0,22.324800000000007,5.7375,-0.03749753239656588
0,22.324800000000007,5.7406250000000005,-0.03733587882656767
0,22.324800000000007,5.74375,-0.03717560762174078
0,22.324800000000007,5.746875,-0.03701669955334868
0,22.324800000000007,5.75,-0.0368591357599438
0,22.324800000000007,5.753125,-0.036702897738704464
0,22.324800000000007,5.7562500000000005,-0.036547967337009345
0,22.324800000000007,5.759375,-0.036394326744242186
0,22.324800000000007,5.7625,-0.03624195848381938
0,22.324800000000007,5.765625,-0.036090845405434314
0,22.324800000000007,5.76875,-0.035940970677511196
0,22.324800000000007,5.7718750000000005,-0.0357923177798624
0,22.324800000000007,5.775,-0.03564487049654317
0,22.324800000000007,5.778125,-0.03549861290889733
0,22.324800000000007,5.78125,-0.035353529388788815
0,22.324800000000007,5.784375,-0.03520960459201315
0,22.324800000000007,5.7875000000000005,-0.03506682345188342
0,22.324800000000007,5.790625,-0.034925171172985825
0,22.324800000000007,5.79375,-0.03478463322509938
0,22.324800000000007,5.796875,-0.03464519533727527
0,22.324800000000007,5.800000000000001,-0.034506843492070866
0,22.324800000000007,5.8031250000000005,-0.034369563919934294
0,22.324800000000007,5.80625,-0.03423334309373416
0,22.324800000000007,5.809375,-0.034098167723431445
0,22.324800000000007,5.8125,-0.03396402475088846
0,22.324800000000007,5.815625000000001,-0.03383090134481129
0,22.324800000000007,5.8187500000000005,-0.03369878489582184
0,22.324800000000007,5.821875,-0.03356766301165543
0,22.324800000000007,5.825,-0.033437523512480756
0,22.324800000000007,5.828125,-0.0333083544263384
0,22.324800000000007,5.831250000000001,-0.033180143984694516
0,22.324800000000007,5.8343750000000005,-0.033052880618106684
0,22.324800000000007,5.8375,-0.03292655295199802
0,22.324800000000007,5.840625,-0.032801149802537496
0,22.324800000000007,5.84375,-0.03267666017262249
0,22.324800000000007,5.846875000000001,-0.03255307324796132
0,22.324800000000007,5.8500000000000005,-0.03243037839325275
0,22.324800000000007,5.853125,-0.03230856514845937
0,22.324800000000007,5.85625,-0.032187623225173004
0,22.324800000000007,5.859375,-0.03206754250306892
0,22.324800000000007,5.862500000000001,-0.0319483130264465
0,22.324800000000007,5.8656250000000005,-0.03182992500085442
0,22.324800000000007,5.86875,-0.03171236878979707
0,22.324800000000007,5.871875,-0.03159563491152115
0,22.324800000000007,5.875,-0.03147971403587916
0,22.324800000000007,5.878125000000001,-0.03136459698126848
0,22.324800000000007,5.8812500000000005,-0.03125027471164353
0,22.324800000000007,5.884375,-0.03113673833359899
0,22.324800000000007,5.8875,-0.031023979093522502
0,22.324800000000007,5.890625,-0.030911988374814726
0,22.324800000000007,5.893750000000001,-0.030800757695174864
0,22.324800000000007,5.8968750000000005,-0.03069027870395019
0,22.324800000000007,5.9,-0.03058054317954742
0,22.324800000000007,5.903125,-0.03047154302690477
0,22.324800000000007,5.90625,-0.0303632702750227
0,22.324800000000007,5.909375000000001,-0.030255717074551967
0,22.324800000000007,5.9125000000000005,-0.030148875695437536
0,22.324800000000007,5.915625,-0.03004273852461649
0,22.324800000000007,5.91875,-0.029937298063769057
0,22.324800000000007,5.921875,-0.02983254692712101
0,22.324800000000007,5.925000000000001,-0.02972847783929609
0,22.324800000000007,5.9281250000000005,-0.029625083633217496
0,22.324800000000007,5.93125,-0.0295223572480565
0,22.324800000000007,5.934375,-0.02942029172722775
0,22.324800000000007,5.9375,-0.029318880216429487
0,22.324800000000007,5.940625000000001,-0.029218115961727725
0,22.324800000000007,5.9437500000000005,-0.029117992307683388
0,22.324800000000007,5.946875,-0.02901850269552087
0,22.324800000000007,5.95,-0.028919640661337537
0,22.324800000000007,5.953125,-0.028821399834352727
0,22.324800000000007,5.956250000000001,-0.028723773935195325
0,22.324800000000007,5.9593750000000005,-0.028626756774229167
0,22.324800000000007,5.9625,-0.028530342249914773
0,22.324800000000007,5.965625,-0.028434524347207203
0,22.324800000000007,5.96875,-0.028339297135988616
0,22.324800000000007,5.971875000000001,-0.02824465476953477
0,22.324800000000007,5.9750000000000005,-0.028150591483014915
0,22.324800000000007,5.978125,-0.02805710159202362
0,22.324800000000007,5.98125,-0.027964179491144485
0,22.324800000000007,5.984375,-0.027871819652544448
0,22.324800000000007,5.987500000000001,-0.027780016624598013
0,22.324800000000007,5.9906250000000005,-0.02768876503054097
0,22.324800000000007,5.99375,-0.027598059567152295
0,22.324800000000007,5.996875,-0.02750789500346422
0,22.324800000000007,6.0,-0.027418266179499294
