"Current","Field","Frequency","Spectra"
0,15.2391,1.0,-0.02573131508969458
0,15.2391,1.003125,-0.02579890591387027
0,15.2391,1.00625,-0.025866763905673277
0,15.2391,1.009375,-0.025934890471726167
0,15.2391,1.0125,-0.02600328702786904
0,15.2391,1.015625,-0.026071954999231456
0,15.2391,1.01875,-0.02614089582030506
0,15.2391,1.021875,-0.026210110935016913
0,15.2391,1.025,-0.026279601796803373
0,15.2391,1.028125,-0.026349369868684767
0,15.2391,1.03125,-0.026419416623340627
0,15.2391,1.034375,-0.0264897435431857
0,15.2391,1.0375,-0.026560352120446582
0,15.2391,1.040625,-0.02663124385723913
0,15.2391,1.04375,-0.02670242026564646
0,15.2391,1.046875,-0.02677388286779779
0,15.2391,1.05,-0.026845633195947877
0,15.2391,1.053125,-0.026917672792557263
0,15.2391,1.05625,-0.026990003210373266
0,15.2391,1.059375,-0.02706262601251164
0,15.2391,1.0625,-0.027135542772539045
0,15.2391,1.065625,-0.02720875507455621
0,15.2391,1.06875,-0.027282264513281952
0,15.2391,1.071875,-0.02735607269413791
0,15.2391,1.075,-0.02743018123333405
0,15.2391,1.078125,-0.027504591757955024
0,15.2391,1.08125,-0.02757930590604719
0,15.2391,1.084375,-0.027654325326706617
0,15.2391,1.0875,-0.027729651680167788
0,15.2391,1.090625,-0.027805286637893133
0,15.2391,1.09375,-0.02788123188266345
0,15.2391,1.096875,-0.027957489108669072
0,15.2391,1.1,-0.02803406002160198
0,15.2391,1.103125,-0.028110946338748756
0,15.2391,1.10625,-0.02818814978908431
0,15.2391,1.109375,-0.028265672113366617
0,15.2391,1.1125,-0.028343515064232223
0,15.2391,1.115625,-0.028421680406292713
0,15.2391,1.11875,-0.028500169916232086
0,15.2391,1.121875,-0.028578985382904997
0,15.2391,1.125,-0.028658128607435985
0,15.2391,1.128125,-0.028737601403319483
0,15.2391,1.13125,-0.028817405596521038
0,15.2391,1.134375,-0.028897543025579217
0,15.2391,1.1375,-0.028978015541708636
0,15.2391,1.140625,-0.029058825008903888
0,15.2391,1.14375,-0.029139973304044494
0,15.2391,1.146875,-0.0292214623170008
0,15.2391,1.15,-0.029303293950740963
0,15.2391,1.153125,-0.02938547012143885
0,15.2391,1.15625,-0.029467992758583052
0,15.2391,1.159375,-0.029550863805086838
0,15.2391,1.1625,-0.029634085217399235
0,15.2391,1.165625,-0.029717658965617195
0,15.2391,1.16875,-0.029801587033598722
0,15.2391,1.171875,-0.02988587141907715
0,15.2391,1.175,-0.02997051413377652
0,15.2391,1.178125,-0.03005551720352801
0,15.2391,1.18125,-0.03014088266838759
0,15.2391,1.184375,-0.030226612582754674
0,15.2391,1.1875,-0.030312709015491997
0,15.2391,1.190625,-0.030399174050046607
0,15.2391,1.19375,-0.030486009784572058
0,15.2391,1.196875,-0.03057321833205176
0,15.2391,1.2,-0.03066080182042354
0,15.2391,1.203125,-0.03074876239270535
0,15.2391,1.20625,-0.030837102207122262
0,15.2391,1.209375,-0.030925823437234674
0,15.2391,1.2125,-0.031014928272067716
0,15.2391,1.215625,-0.031104418916242032
0,15.2391,1.21875,-0.03119429759010564
0,15.2391,1.221875,-0.03128456652986728
0,15.2391,1.225,-0.031375227987730944
0,15.2391,1.228125,-0.03146628423203171
0,15.2391,1.23125,-0.031557737547373045
0,15.2391,1.234375,-0.03164959023476521
0,15.2391,1.2375,-0.03174184461176527
0,15.2391,1.240625,-0.03183450301261834
0,15.2391,1.24375,-0.0319275677884002
0,15.2391,1.246875,-0.032021041307161456
0,15.2391,1.25,-0.03211492595407292
0,15.2391,1.253125,-0.03220922413157259
0,15.2391,1.25625,-0.032303938259514026
0,15.2391,1.259375,-0.0323990707753161
0,15.2391,1.2625,-0.032494624134114455
0,15.2391,1.265625,-0.0325906008089142
0,15.2391,1.26875,-0.032687003290744275
0,15.2391,1.271875,-0.03278383408881335
0,15.2391,1.275,-0.03288109573066721
0,15.2391,1.278125,-0.032978790762347755
0,15.2391,1.28125,-0.03307692174855353
0,15.2391,1.284375,-0.033175491272801914
0,15.2391,1.2875,-0.03327450193759293
0,15.2391,1.290625,-0.03337395636457466
0,15.2391,1.29375,-0.03347385719471029
0,15.2391,1.296875,-0.033574207088446925
0,15.2391,1.3,-0.03367500872588602
0,15.2391,1.303125,-0.033776264806955524
0,15.2391,1.30625,-0.0338779780515838
0,15.2391,1.309375,-0.033980151199875325
0,15.2391,1.3125,-0.034082787012287966
0,15.2391,1.315625,-0.03418588826981236
0,15.2391,1.31875,-0.03428945777415286
0,15.2391,1.321875,-0.03439349834791039
0,15.2391,1.325,-0.03449801283476719
0,15.2391,1.328125,-0.03460300409967335
0,15.2391,1.33125,-0.03470847502903537
0,15.2391,1.334375,-0.034814428530906494
0,15.2391,1.3375,-0.03492086753517909
0,15.2391,1.340625,-0.035027794993778914
0,15.2391,1.34375,-0.03513521388086144
0,15.2391,1.346875,-0.035243127193010114
0,15.2391,1.35,-0.03535153794943669
0,15.2391,1.353125,-0.03546044919218361
0,15.2391,1.35625,-0.03556986398632844
0,15.2391,1.359375,-0.03567978542019044
0,15.2391,1.3625,-0.03579021660553919
0,15.2391,1.365625,-0.03590116067780547
0,15.2391,1.36875,-0.036012620796294234
0,15.2391,1.371875,-0.03612460014439981
0,15.2391,1.375,-0.036237101929823275
0,15.2391,1.378125,-0.03635012938479219
0,15.2391,1.38125,-0.03646368576628251
0,15.2391,1.384375,-0.03657777435624282
0,15.2391,1.3875,-0.03669239846182091
0,15.2391,1.390625,-0.03680756141559274
0,15.2391,1.39375,-0.036923266575793715
0,15.2391,1.396875,-0.037039517326552404
0,15.2391,1.4,-0.03715631707812672
0,15.2391,1.403125,-0.03727366926714257
0,15.2391,1.40625,-0.037391577356834925
0,15.2391,1.409375,-0.03751004483729151
0,15.2391,1.4125,-0.03762907522569902
0,15.2391,1.415625,-0.03774867206659184
0,15.2391,1.41875,-0.03786883893210356
0,15.2391,1.421875,-0.037989579422220913
0,15.2391,1.425,-0.038110897165040576
0,15.2391,1.428125,-0.03823279581702855
0,15.2391,1.43125,-0.03835527906328239
0,15.2391,1.434375,-0.03847835061779615
0,15.2391,1.4375,-0.03860201422372803
0,15.2391,1.440625,-0.038726273653671144
0,15.2391,1.44375,-0.038851132709926815
0,15.2391,1.446875,-0.038976595224781016
0,15.2391,1.45,-0.039102665060783706
0,15.2391,1.453125,-0.03922934611103107
0,15.2391,1.45625,-0.039356642299450795
0,15.2391,1.459375,-0.03948455758109046
0,15.2391,1.4625,-0.039613095942408874
0,15.2391,1.465625,-0.03974226140157078
0,15.2391,1.46875,-0.03987205800874434
0,15.2391,1.471875,-0.04000248984640218
0,15.2391,1.475,-0.04013356102962542
0,15.2391,1.478125,-0.04026527570641114
0,15.2391,1.48125,-0.04039763805798307
0,15.2391,1.484375,-0.040530652299105546
0,15.2391,1.4875,-0.04066432267840107
0,15.2391,1.490625,-0.040798653478671135
0,15.2391,1.49375,-0.04093364901722054
0,15.2391,1.496875,-0.041069313646185344
0,15.2391,1.5,-0.04120565175286413
0,15.2391,1.503125,-0.04134266776005315
0,15.2391,1.50625,-0.04148036612638491
0,15.2391,1.509375,-0.041618751346670486
0,15.2391,1.5125000000000002,-0.041757827952245724
0,15.2391,1.515625,-0.04189760051132089
0,15.2391,1.51875,-0.042038073629334524
0,15.2391,1.521875,-0.04217925194931085
0,15.2391,1.525,-0.04232114015222129
0,15.2391,1.5281250000000002,-0.042463742957349865
0,15.2391,1.53125,-0.04260706512266259
0,15.2391,1.534375,-0.042751111445180984
0,15.2391,1.5375,-0.04289588676135971
0,15.2391,1.540625,-0.043041395947468225
0,15.2391,1.5437500000000002,-0.04318764391997683
0,15.2391,1.546875,-0.04333463563594685
0,15.2391,1.55,-0.043482376093425215
0,15.2391,1.553125,-0.04363087033184334
0,15.2391,1.55625,-0.0437801234324204
0,15.2391,1.5593750000000002,-0.04393014051857129
0,15.2391,1.5625,-0.04408092675631875
0,15.2391,1.565625,-0.044232487354710484
0,15.2391,1.56875,-0.044384827566240584
0,15.2391,1.571875,-0.04453795268727581
0,15.2391,1.5750000000000002,-0.04469186805848671
0,15.2391,1.578125,-0.04484657906528331
0,15.2391,1.58125,-0.045002091138255915
0,15.2391,1.584375,-0.045158409753620773
0,15.2391,1.5875,-0.04531554043367061
0,15.2391,1.5906250000000002,-0.04547348874723051
0,15.2391,1.59375,-0.04563226031011854
0,15.2391,1.596875,-0.04579186078561196
0,15.2391,1.6,-0.04595229588491833
0,15.2391,1.603125,-0.04611357136765218
0,15.2391,1.6062500000000002,-0.04627569304231698
0,15.2391,1.609375,-0.046438666766792466
0,15.2391,1.6125,-0.0466024984488277
0,15.2391,1.615625,-0.04676719404653947
0,15.2391,1.61875,-0.04693275956891651
0,15.2391,1.6218750000000002,-0.047099201076329485
0,15.2391,1.625,-0.04726652468104651
0,15.2391,1.628125,-0.0474347365477549
0,15.2391,1.63125,-0.047603842894088616
0,15.2391,1.634375,-0.04777384999116179
0,15.2391,1.6375000000000002,-0.04794476416410842
0,15.2391,1.640625,-0.048116591792628095
0,15.2391,1.64375,-0.04828933931153814
0,15.2391,1.646875,-0.04846301321133201
0,15.2391,1.65,-0.048637620038743966
0,15.2391,1.6531250000000002,-0.048813166397320557
0,15.2391,1.65625,-0.048989658947998296
0,15.2391,1.659375,-0.049167104409688356
0,15.2391,1.6625,-0.04934550955986768
0,15.2391,1.665625,-0.049524881235177134
0,15.2391,1.6687500000000002,-0.04970522633202656
0,15.2391,1.671875,-0.049886551807206615
0,15.2391,1.675,-0.050068864678508025
0,15.2391,1.678125,-0.05025217202534776
0,15.2391,1.68125,-0.05043648098940256
0,15.2391,1.6843750000000002,-0.05062179877524986
0,15.2391,1.6875,-0.05080813265101611
0,15.2391,1.690625,-0.050995489949032684
0,15.2391,1.69375,-0.051183878066499426
0,15.2391,1.696875,-0.05137330446615591
0,15.2391,1.7000000000000002,-0.05156377667696062
0,15.2391,1.703125,-0.05175530229477789
0,15.2391,1.70625,-0.05194788898307319
0,15.2391,1.709375,-0.05214154447361621
0,15.2391,1.7125,-0.05233627656719239
0,15.2391,1.7156250000000002,-0.052532093134322874
0,15.2391,1.71875,-0.052729002115992636
0,15.2391,1.721875,-0.052927011524387474
0,15.2391,1.725,-0.05312612944363949
0,15.2391,1.728125,-0.05332636403058139
0,15.2391,1.7312500000000002,-0.05352772351550975
0,15.2391,1.734375,-0.053730216202957135
0,15.2391,1.7375,-0.05393385047247351
0,15.2391,1.740625,-0.05413863477941676
0,15.2391,1.74375,-0.05434457765575253
0,15.2391,1.7468750000000002,-0.054551687710863744
0,15.2391,1.75,-0.05475997363236935
0,15.2391,1.753125,-0.05496944418695314
0,15.2391,1.75625,-0.05518010822120208
0,15.2391,1.759375,-0.05539197466245477
0,15.2391,1.7625000000000002,-0.05560505251965991
0,15.2391,1.765625,-0.055819350884244855
0,15.2391,1.76875,-0.05603487893099472
0,15.2391,1.771875,-0.05625164591894159
0,15.2391,1.775,-0.05646966119226453
0,15.2391,1.7781250000000002,-0.05668893418120022
0,15.2391,1.78125,-0.056909474402964205
0,15.2391,1.784375,-0.057131291462683524
0,15.2391,1.7875,-0.05735439505433982
0,15.2391,1.790625,-0.057578794961724036
0,15.2391,1.7937500000000002,-0.05780450105940239
0,15.2391,1.796875,-0.05803152331369343
0,15.2391,1.8,-0.05825987178365723
0,15.2391,1.803125,-0.05848955662209568
0,15.2391,1.80625,-0.05872058807656498
0,15.2391,1.8093750000000002,-0.0589529764903999
0,15.2391,1.8125,-0.05918673230374996
0,15.2391,1.815625,-0.05942186605462821
0,15.2391,1.81875,-0.059658388379971714
0,15.2391,1.821875,-0.05989631001671484
0,15.2391,1.8250000000000002,-0.060135641802875
0,15.2391,1.828125,-0.060376394678650656
0,15.2391,1.83125,-0.06061857968753268
0,15.2391,1.834375,-0.0608622079774279
0,15.2391,1.8375,-0.06110729080179588
0,15.2391,1.8406250000000002,-0.061353839520798766
0,15.2391,1.84375,-0.06160186560246389
0,15.2391,1.846875,-0.06185138062385998
0,15.2391,1.85,-0.06210239627228622
0,15.2391,1.853125,-0.062354924346474785
0,15.2391,1.8562500000000002,-0.06260897675780688
0,15.2391,1.859375,-0.06286456553154181
0,15.2391,1.8625,-0.06312170280805995
0,15.2391,1.865625,-0.06338040084411889
0,15.2391,1.86875,-0.06364067201412316
0,15.2391,1.8718750000000002,-0.06390252881140757
0,15.2391,1.875,-0.06416598384953391
0,15.2391,1.878125,-0.06443104986360146
0,15.2391,1.88125,-0.0646977397115706
0,15.2391,1.884375,-0.06496606637560022
0,15.2391,1.8875000000000002,-0.0652360429633985
0,15.2391,1.890625,-0.06550768270958682
0,15.2391,1.89375,-0.06578099897707758
0,15.2391,1.896875,-0.06605600525846472
0,15.2391,1.9,-0.06633271517742777
0,15.2391,1.9031250000000002,-0.06661114249014917
0,15.2391,1.90625,-0.0668913010867443
0,15.2391,1.909375,-0.06717320499270509
0,15.2391,1.9125,-0.06745686837035622
0,15.2391,1.915625,-0.06774230552032456
0,15.2391,1.9187500000000002,-0.0680295308830216
0,15.2391,1.921875,-0.06831855904013871
0,15.2391,1.925,-0.06860940471615583
0,15.2391,1.928125,-0.06890208277986323
0,15.2391,1.93125,-0.06919660824589656
0,15.2391,1.9343750000000002,-0.0694929962762861
0,15.2391,1.9375,-0.06979126218201942
0,15.2391,1.940625,-0.07009142142461929
0,15.2391,1.94375,-0.07039348961773616
0,15.2391,1.946875,-0.07069748252875695
0,15.2391,1.9500000000000002,-0.07100341608043062
0,15.2391,1.953125,-0.07131130635251148
0,15.2391,1.95625,-0.07162116958342223
0,15.2391,1.959375,-0.07193302217193728
0,15.2391,1.9625,-0.07224688067888925
0,15.2391,1.9656250000000002,-0.07256276182890008
0,15.2391,1.96875,-0.07288068251213892
0,15.2391,1.971875,-0.07320065978611055
0,15.2391,1.975,-0.07352271087747599
0,15.2391,1.978125,-0.07384685318390931
0,15.2391,1.9812500000000002,-0.07417310427599454
0,15.2391,1.984375,-0.07450148189916543
0,15.2391,1.9875,-0.07483200397569365
0,15.2391,1.990625,-0.0751646886067281
0,15.2391,1.99375,-0.07549955407439134
0,15.2391,1.9968750000000002,-0.07583661884393632
0,15.2391,2.0,-0.07617590156596858
0,15.2391,2.003125,-0.07651742107873825
0,15.2391,2.00625,-0.07686119641050533
0,15.2391,2.0093750000000004,-0.07720724678198182
0,15.2391,2.0125,-0.07755559160885454
0,15.2391,2.015625,-0.07790625050438992
0,15.2391,2.01875,-0.07825924328212218
0,15.2391,2.021875,-0.07861458995862557
0,15.2391,2.0250000000000004,-0.07897231075636897
0,15.2391,2.028125,-0.07933242610665138
0,15.2391,2.03125,-0.07969495665261346
0,15.2391,2.034375,-0.08005992325232042
0,15.2391,2.0375,-0.0804273469819092
0,15.2391,2.0406250000000004,-0.08079724913879124
0,15.2391,2.04375,-0.08116965124490212
0,15.2391,2.046875,-0.08154457504998593
0,15.2391,2.05,-0.08192204253490337
0,15.2391,2.053125,-0.08230207591495069
0,15.2391,2.0562500000000004,-0.08268469764317671
0,15.2391,2.059375,-0.08306993041368514
0,15.2391,2.0625,-0.08345779716491038
0,15.2391,2.065625,-0.08384832108285444
0,15.2391,2.06875,-0.08424152560427588
0,15.2391,2.0718750000000004,-0.0846374344198221
0,15.2391,2.075,-0.0850360714770983
0,15.2391,2.078125,-0.08543746098367017
0,15.2391,2.08125,-0.08584162740999673
0,15.2391,2.084375,-0.08624859549229641
0,15.2391,2.0875000000000004,-0.08665839023534776
0,15.2391,2.090625,-0.08707103691523227
0,15.2391,2.09375,-0.0874865610820263
0,15.2391,2.096875,-0.08790498856245149
0,15.2391,2.1,-0.08832634546249662
0,15.2391,2.1031250000000004,-0.08875065817002148
0,15.2391,2.10625,-0.08917795335735776
0,15.2391,2.109375,-0.08960825798391983
0,15.2391,2.1125,-0.09004159929883848
0,15.2391,2.115625,-0.09047800484363158
0,15.2391,2.1187500000000004,-0.09091750245492314
0,15.2391,2.121875,-0.09136012026722272
0,15.2391,2.125,-0.09180588671577479
0,15.2391,2.128125,-0.09225483053948635
0,15.2391,2.13125,-0.09270698078394016
0,15.2391,2.1343750000000004,-0.0931623668044989
0,15.2391,2.1375,-0.09362101826950474
0,15.2391,2.140625,-0.0940829651635762
0,15.2391,2.14375,-0.09454823779100396
0,15.2391,2.146875,-0.09501686677924574
0,15.2391,2.1500000000000004,-0.09548888308251892
0,15.2391,2.153125,-0.09596431798548971
0,15.2391,2.15625,-0.09644320310705616
0,15.2391,2.159375,-0.09692557040422135
0,15.2391,2.1625,-0.09741145217605425
0,15.2391,2.1656250000000004,-0.09790088106773412
0,15.2391,2.16875,-0.09839389007467454
0,15.2391,2.171875,-0.09889051254672404
0,15.2391,2.175,-0.09939078219243844
0,15.2391,2.178125,-0.09989473308342228
0,15.2391,2.1812500000000004,-0.10040239965873553
0,15.2391,2.184375,-0.10091381672936284
0,15.2391,2.1875,-0.10142901948274198
0,15.2391,2.190625,-0.10194804348734957
0,15.2391,2.19375,-0.10247092469734081
0,15.2391,2.1968750000000004,-0.10299769945724256
0,15.2391,2.2,-0.10352840450669716
0,15.2391,2.203125,-0.10406307698525602
0,15.2391,2.20625,-0.10460175443722146
0,15.2391,2.209375,-0.10514447481653633
0,15.2391,2.2125000000000004,-0.10569127649172011
0,15.2391,2.215625,-0.10624219825085157
0,15.2391,2.21875,-0.10679727930659778
0,15.2391,2.221875,-0.10735655930128789
0,15.2391,2.225,-0.10792007831203344
0,15.2391,2.2281250000000004,-0.1084878768558937
0,15.2391,2.23125,-0.10905999589508707
0,15.2391,2.234375,-0.10963647684224852
0,15.2391,2.2375,-0.11021736156573284
0,15.2391,2.240625,-0.11080269239496425
0,15.2391,2.2437500000000004,-0.11139251212583268
0,15.2391,2.246875,-0.11198686402613699
0,15.2391,2.25,-0.11258579184107587
0,15.2391,2.253125,-0.1131893397987851
0,15.2391,2.25625,-0.11379755261592354
0,15.2391,2.2593750000000004,-0.11441047550330656
0,15.2391,2.2625,-0.11502815417158778
0,15.2391,2.265625,-0.11565063483698959
0,15.2391,2.26875,-0.11627796422708145
0,15.2391,2.271875,-0.11691018958660744
0,15.2391,2.2750000000000004,-0.11754735868336198
0,15.2391,2.278125,-0.11818951981411446
0,15.2391,2.28125,-0.11883672181058318
0,15.2391,2.284375,-0.11948901404545652
0,15.2391,2.2875,-0.1201464464384635
0,15.2391,2.2906250000000004,-0.12080906946249222
0,15.2391,2.29375,-0.12147693414975608
0,15.2391,2.296875,-0.1221500920980082
0,15.2391,2.3,-0.12282859547680214
0,15.2391,2.303125,-0.12351249703380014
0,15.2391,2.3062500000000004,-0.12420185010112669
0,15.2391,2.309375,-0.12489670860176862
0,15.2391,2.3125,-0.12559712705601955
0,15.2391,2.315625,-0.12630316058796845
0,15.2391,2.31875,-0.12701486493203165
0,15.2391,2.3218750000000004,-0.12773229643952685
0,15.2391,2.325,-0.12845551208528896
0,15.2391,2.328125,-0.12918456947432597
0,15.2391,2.33125,-0.12991952684851357
0,15.2391,2.334375,-0.13066044309332786
0,15.2391,2.3375000000000004,-0.13140737774461397
0,15.2391,2.340625,-0.13216039099538984
0,15.2391,2.34375,-0.1329195437026831
0,15.2391,2.346875,-0.13368489739439926
0,15.2391,2.35,-0.13445651427621946
0,15.2391,2.3531250000000004,-0.1352344572385256
0,15.2391,2.35625,-0.1360187898633512
0,15.2391,2.359375,-0.13680957643135574
0,15.2391,2.3625,-0.13760688192881862
0,15.2391,2.365625,-0.13841077205465233
0,15.2391,2.3687500000000004,-0.13922131322743012
0,15.2391,2.371875,-0.1400385725924269
0,15.2391,2.375,-0.14086261802866928
0,15.2391,2.378125,-0.14169351815599115
0,15.2391,2.38125,-0.14253134234209242
0,15.2391,2.3843750000000004,-0.1433761607095959
0,15.2391,2.3875,-0.14422804414310006
0,15.2391,2.390625,-0.1450870642962217
0,15.2391,2.39375,-0.14595329359862522
0,15.2391,2.396875,-0.1468268052630335
0,15.2391,2.4000000000000004,-0.14770767329221543
0,15.2391,2.403125,-0.14859597248594517
0,15.2391,2.40625,-0.1494917784479278
0,15.2391,2.409375,-0.15039516759268456
0,15.2391,2.4125,-0.15130621715239326
0,15.2391,2.4156250000000004,-0.15222500518367565
0,15.2391,2.41875,-0.15315161057432736
0,15.2391,2.421875,-0.15408611304998207
0,15.2391,2.425,-0.15502859318070275
0,15.2391,2.428125,-0.15597913238749306
0,15.2391,2.4312500000000004,-0.15693781294872125
0,15.2391,2.434375,-0.15790471800644876
0,15.2391,2.4375,-0.1588799315726558
0,15.2391,2.440625,-0.15986353853535518
0,15.2391,2.44375,-0.1608556246645867
0,15.2391,2.4468750000000004,-0.16185627661828422
0,15.2391,2.45,-0.16286558194800785
0,15.2391,2.453125,-0.1638836291045332
0,15.2391,2.45625,-0.16491050744329
0,15.2391,2.459375,-0.16594630722964457
0,15.2391,2.4625000000000004,-0.16699111964401847
0,15.2391,2.465625,-0.16804503678683977
0,15.2391,2.46875,-0.1691081516833217
0,15.2391,2.471875,-0.17018055828806475
0,15.2391,2.475,-0.17126235148948124
0,15.2391,2.4781250000000004,-0.17235362711404062
0,15.2391,2.48125,-0.1734544819303372
0,15.2391,2.484375,-0.1745650136529811
0,15.2391,2.4875,-0.17568532094631548
0,15.2391,2.490625,-0.17681550342796465
0,15.2391,2.4937500000000004,-0.17795566167221694
0,15.2391,2.496875,-0.17910589721324838
0,15.2391,2.5,-0.18026631254819098
0,15.2391,2.503125,-0.18143701114004754
0,15.2391,2.50625,-0.1826180974204567
0,15.2391,2.5093750000000004,-0.183809676792303
0,15.2391,2.5125,-0.18501185563216793
0,15.2391,2.515625,-0.18622474129260796
0,15.2391,2.51875,-0.18744844210424025
0,15.2391,2.521875,-0.1886830673776091
0,15.2391,2.5250000000000004,-0.18992872740479652
0,15.2391,2.528125,-0.19118553346073086
0,15.2391,2.53125,-0.1924535978041389
0,15.2391,2.534375,-0.19373303367807287
0,15.2391,2.5375,-0.19502395530994238
0,15.2391,2.5406250000000004,-0.1963264779109662
0,15.2391,2.54375,-0.19764071767496116
0,15.2391,2.546875,-0.1989667917763766
0,15.2391,2.55,-0.20030481836748498
0,15.2391,2.553125,-0.2016549165746457
0,15.2391,2.5562500000000004,-0.20301720649355934
0,15.2391,2.559375,-0.20439180918344474
0,15.2391,2.5625,-0.2057788466600789
0,15.2391,2.565625,-0.20717844188765216
0,15.2391,2.56875,-0.2085907187694086
0,15.2391,2.5718750000000004,-0.2100158021370503
0,15.2391,2.575,-0.2114538177389024
0,15.2391,2.578125,-0.21290489222684125
0,15.2391,2.58125,-0.2143691531419992
0,15.2391,2.584375,-0.2158467288992655
0,15.2391,2.5875000000000004,-0.2173377487706042
0,15.2391,2.590625,-0.21884234286720913
0,15.2391,2.59375,-0.22036064212051537
0,15.2391,2.596875,-0.22189277826207343
0,15.2391,2.6,-0.22343888380229485
0,15.2391,2.6031250000000004,-0.22499909200805787
0,15.2391,2.60625,-0.22657353687916018
0,15.2391,2.609375,-0.22816235312359007
0,15.2391,2.6125,-0.22976567613157725
0,15.2391,2.615625,-0.2313836419483784
0,15.2391,2.6187500000000004,-0.23301638724573925
0,15.2391,2.621875,-0.2346640492919715
0,15.2391,2.625,-0.2363267659205734
0,15.2391,2.628125,-0.23800467549731794
0,15.2391,2.63125,-0.23969791688572978
0,15.2391,2.6343750000000004,-0.24140662941086743
0,15.2391,2.6375,-0.24313095282132674
0,15.2391,2.640625,-0.24487102724937862
0,15.2391,2.64375,-0.24662699316915165
0,15.2391,2.646875,-0.2483989913527739
0,15.2391,2.6500000000000004,-0.2501871628243837
0,15.2391,2.653125,-0.2519916488119218
0,15.2391,2.65625,-0.25381259069661716
0,15.2391,2.659375,-0.2556501299600733
0,15.2391,2.6625,-0.2575044081288727
0,15.2391,2.6656250000000004,-0.2593755667166038
0,15.2391,2.66875,-0.26126374716322565
0,15.2391,2.671875,-0.26316909077167905
0,15.2391,2.675,-0.26509173864165003
0,15.2391,2.678125,-0.2670318316003989
0,15.2391,2.6812500000000004,-0.26898951013055744
0,15.2391,2.684375,-0.27096491429480424
0,15.2391,2.6875,-0.2729581836573211
0,15.2391,2.690625,-0.27496945720193355
0,15.2391,2.69375,-0.27699887324683825
0,15.2391,2.6968750000000004,-0.279046569355818
0,15.2391,2.7,-0.2811126822458441
0,15.2391,2.703125,-0.28319734769096316
0,15.2391,2.70625,-0.2853007004223635
0,15.2391,2.709375,-0.28742287402451894
0,15.2391,2.7125000000000004,-0.28956400082729905
0,15.2391,2.715625,-0.29172421179394276
0,15.2391,2.71875,-0.293903636404784
0,15.2391,2.721875,-0.2961024025366172
0,15.2391,2.725,-0.29832063633759437
0,15.2391,2.7281250000000004,-0.30055846209753984
0,15.2391,2.73125,-0.3028160021135704
0,15.2391,2.734375,-0.30509337655090807
0,15.2391,2.7375,-0.3073907032987683
0,15.2391,2.740625,-0.3097080978212126
0,15.2391,2.7437500000000004,-0.3120456730028494
0,15.2391,2.746875,-0.3144035389892709
0,15.2391,2.75,-0.3167818030221103
0,15.2391,2.753125,-0.31918056926860694
0,15.2391,2.75625,-0.3215999386455671
0,15.2391,2.7593750000000004,-0.32404000863760996
0,15.2391,2.7625,-0.3265008731095905
0,15.2391,2.765625,-0.32898262211309076
0,15.2391,2.76875,-0.33148534168687327
0,15.2391,2.771875,-0.33400911365119695
0,15.2391,2.7750000000000004,-0.3365540153958937
0,15.2391,2.778125,-0.3391201196621118
0,15.2391,2.78125,-0.34170749431763375
0,15.2391,2.784375,-0.34431620212567915
0,15.2391,2.7875,-0.3469463005071128
0,15.2391,2.7906250000000004,-0.34959784129597815
0,15.2391,2.79375,-0.3522708704882886
0,15.2391,2.796875,-0.3549654279840105
0,15.2391,2.8,-0.35768154732217716
0,15.2391,2.803125,-0.3604192554090928
0,15.2391,2.8062500000000004,-0.3631785722395758
0,15.2391,2.809375,-0.3659595106112195
0,15.2391,2.8125,-0.3687620758316445
0,15.2391,2.815625,-0.3715862654187292
0,15.2391,2.81875,-0.3744320687938275
0,15.2391,2.8218750000000004,-0.3772994669679796
0,15.2391,2.825,-0.3801884322211492
0,15.2391,2.828125,-0.3830989277745261
0,15.2391,2.83125,-0.3860309074559491
0,15.2391,2.834375,-0.3889843153585264
0,15.2391,2.8375000000000004,-0.3919590854925386
0,15.2391,2.840625,-0.39495514143073895
0,15.2391,2.84375,-0.39797239594717426
0,15.2391,2.846875,-0.4010107506496752
0,15.2391,2.85,-0.40407009560618795
0,15.2391,2.8531250000000004,-0.40715030896513743
0,15.2391,2.85625,-0.4102512565700415
0,15.2391,2.859375,-0.41337279156861634
0,15.2391,2.8625,-0.4165147540166387
0,15.2391,2.865625,-0.41967697047686514
0,15.2391,2.8687500000000004,-0.42285925361332727
0,15.2391,2.871875,-0.42606140178136237
0,15.2391,2.875,-0.42928319861376174
0,15.2391,2.878125,-0.4325244126034542
0,15.2391,2.88125,-0.43578479668317815
0,15.2391,2.8843750000000004,-0.4390640878026267
0,15.2391,2.8875,-0.44236200650359203
0,15.2391,2.890625,-0.44567825649366555
0,15.2391,2.89375,-0.4490125242190927
0,15.2391,2.896875,-0.4523644784374213
0,15.2391,2.9000000000000004,-0.45573376979062075
0,15.2391,2.903125,-0.459120030379394
0,15.2391,2.90625,-0.4625228733394437
0,15.2391,2.909375,-0.46594189242049716
0,15.2391,2.9125,-0.46937666156894176
0,15.2391,2.9156250000000004,-0.47282673451496315
0,15.2391,2.91875,-0.4762916443651312
0,15.2391,2.921875,-0.47977090320141424
0,15.2391,2.925,-0.4832640016876546
0,15.2391,2.928125,-0.48677040868458527
0,15.2391,2.9312500000000004,-0.49028957087450803
0,15.2391,2.934375,-0.4938209123968081
0,15.2391,2.9375,-0.49736383449551724
0,15.2391,2.940625,-0.5009177151801859
0,15.2391,2.94375,-0.5044819089013702
0,15.2391,2.9468750000000004,-0.5080557462420819
0,15.2391,2.95,-0.51163853362659
0,15.2391,2.953125,-0.5152295530480082
0,15.2391,2.95625,-0.5188280618161294
0,15.2391,2.959375,-0.5224332923270211
0,15.2391,2.9625000000000004,-0.5260444518559132
0,15.2391,2.965625,-0.5296607223749569
0,15.2391,2.96875,-0.5332812603974493
0,15.2391,2.971875,-0.5369051968501466
0,15.2391,2.975,-0.5405316369753156
0,15.2391,2.9781250000000004,-0.5441596602641818
0,15.2391,2.98125,-0.5477883204234546
0,15.2391,2.984375,-0.5514166453766103
0,15.2391,2.9875,-0.5550436373016169
0,15.2391,2.990625,-0.5586682727067906
0,15.2391,2.9937500000000004,-0.56228950254645
0,15.2391,2.996875,-0.5659062523780395
0,15.2391,3.0,-0.5695174225623514
0,15.2391,3.0031250000000003,-0.573121888508459
0,15.2391,3.00625,-0.576718500964934
0,15.2391,3.009375,-0.5803060863588838
0,15.2391,3.0125,-0.5838834471842788
0,15.2391,3.015625,-0.5874493624409909
0,15.2391,3.0187500000000003,-0.5910025881259011
0,15.2391,3.021875,-0.5945418577773324
0,15.2391,3.025,-0.5980658830740109
0,15.2391,3.028125,-0.601573354489633
0,15.2391,3.03125,-0.6050629420040259
0,15.2391,3.0343750000000003,-0.6085332958717811
0,15.2391,3.0375,-0.6119830474490887
0,15.2391,3.040625,-0.6154108100794059
0,15.2391,3.04375,-0.6188151800384118
0,15.2391,3.046875,-0.6221947375385732
0,15.2391,3.0500000000000003,-0.6255480477934803
0,15.2391,3.053125,-0.6288736621419249
0,15.2391,3.05625,-0.6321701192315415
0,15.2391,3.059375,-0.635435946261618
0,15.2391,3.0625,-0.6386696602845009
0,15.2391,3.0656250000000003,-0.6418697695648243
0,15.2391,3.06875,-0.6450347749955598
0,15.2391,3.071875,-0.6481631715696978
0,15.2391,3.075,-0.6512534499061255
0,15.2391,3.078125,-0.6543040978280578
0,15.2391,3.0812500000000003,-0.6573136019921472
0,15.2391,3.084375,-0.660280449566157
0,15.2391,3.0875,-0.663203129952869
0,15.2391,3.090625,-0.6660801365576435
0,15.2391,3.09375,-0.6689099685968322
0,15.2391,3.0968750000000003,-0.6716911329440154
0,15.2391,3.1,-0.6744221460107909
0,15.2391,3.103125,-0.6771015356586481
0,15.2391,3.10625,-0.6797278431382154
0,15.2391,3.109375,-0.6822996250519834
0,15.2391,3.1125000000000003,-0.6848154553363947
0,15.2391,3.115625,-0.6872739272590015
0,15.2391,3.11875,-0.6896736554262216
0,15.2391,3.121875,-0.6920132777970457
0,15.2391,3.125,-0.6942914576979067
0,15.2391,3.1281250000000003,-0.6965068858337878
0,15.2391,3.13125,-0.6986582822905115
0,15.2391,3.134375,-0.700744398523072
0,15.2391,3.1375,-0.7027640193247715
0,15.2391,3.140625,-0.7047159647718707
0,15.2391,3.1437500000000003,-0.7065990921384229
0,15.2391,3.146875,-0.7084122977759283
0,15.2391,3.15,-0.7101545189524694
0,15.2391,3.153125,-0.7118247356459957
0,15.2391,3.15625,-0.7134219722864857
0,15.2391,3.1593750000000003,-0.7149452994417906
0,15.2391,3.1625,-0.7163938354420507
0,15.2391,3.165625,-0.7177667479377118
0,15.2391,3.16875,-0.7190632553863061
0,15.2391,3.171875,-0.7202826284633309
0,15.2391,3.1750000000000003,-0.7214241913927604
0,15.2391,3.178125,-0.7224873231929311
0,15.2391,3.18125,-0.7234714588337857
0,15.2391,3.184375,-0.7243760903017139
0,15.2391,3.1875,-0.7252007675685059
0,15.2391,3.1906250000000003,-0.7259450994612376
0,15.2391,3.19375,-0.7266087544302059
0,15.2391,3.196875,-0.727191461212373
0,15.2391,3.2,-0.7276930093881148
0,15.2391,3.203125,-0.7281132498294183
0,15.2391,3.2062500000000003,-0.7284520950380488
0,15.2391,3.209375,-0.7287095193725631
0,15.2391,3.2125,-0.7288855591634393
0,15.2391,3.215625,-0.7289803127159625
0,15.2391,3.21875,-0.728993940200899
0,15.2391,3.2218750000000003,-0.7289266634333698
0,15.2391,3.225,-0.7287787655407202
0,15.2391,3.228125,-0.7285505905205555
0,15.2391,3.23125,-0.728242542690487
0,15.2391,3.234375,-0.7278550860314943
0,15.2391,3.2375000000000003,-0.7273887434271612
0,15.2391,3.240625,-0.7268440958013843
0,15.2391,3.24375,-0.7262217811574782
0,15.2391,3.246875,-0.7255224935219131
0,15.2391,3.25,-0.7247469817962141
0,15.2391,3.2531250000000003,-0.7238960485208255
0,15.2391,3.25625,-0.7229705485550008
0,15.2391,3.259375,-0.7219713876770103
0,15.2391,3.2625,-0.7208995211091787
0,15.2391,3.265625,-0.7197559519724421
0,15.2391,3.2687500000000003,-0.718541729675297
0,15.2391,3.271875,-0.7172579482421426
0,15.2391,3.275,-0.7159057445861473
0,15.2391,3.278125,-0.714486296731861
0,15.2391,3.28125,-0.7130008219928674
0,15.2391,3.2843750000000003,-0.711450575109814
0,15.2391,3.2875,-0.7098368463541925
0,15.2391,3.290625,-0.7081609596032253
0,15.2391,3.29375,-0.7064242703912096
0,15.2391,3.296875,-0.7046281639426172
0,15.2391,3.3000000000000003,-0.7027740531921819
0,15.2391,3.303125,-0.7008633767971341
0,15.2391,3.30625,-0.6988975971466189
0,15.2391,3.309375,-0.6968781983732381
0,15.2391,3.3125,-0.6948066843714936
0,15.2391,3.3156250000000003,-0.6926845768277744
0,15.2391,3.31875,-0.6905134132663582
0,15.2391,3.321875,-0.6882947451157073
0,15.2391,3.325,-0.6860301357991728
0,15.2391,3.328125,-0.6837211588539922
0,15.2391,3.3312500000000003,-0.6813693960822723
0,15.2391,3.334375,-0.6789764357374372
0,15.2391,3.3375,-0.6765438707493789
0,15.2391,3.340625,-0.674073296991347
0,15.2391,3.34375,-0.6715663115913618
0,15.2391,3.3468750000000003,-0.6690245112907209
0,15.2391,3.35,-0.6664494908519257
0,15.2391,3.353125,-0.6638428415181269
0,15.2391,3.35625,-0.661206149525962
0,15.2391,3.359375,-0.6585409946734256
0,15.2391,3.3625000000000003,-0.6558489489441856
0,15.2391,3.365625,-0.6531315751895554
0,15.2391,3.36875,-0.6503904258690977
0,15.2391,3.371875,-0.6476270418506443
0,15.2391,3.375,-0.6448429512703076
0,15.2391,3.3781250000000003,-0.6420396684528649
0,15.2391,3.38125,-0.6392186928927206
0,15.2391,3.384375,-0.6363815082954557
0,15.2391,3.3875,-0.6335295816798301
0,15.2391,3.390625,-0.6306643625399194
0,15.2391,3.3937500000000003,-0.6277872820669328
0,15.2391,3.396875,-0.6248997524301128
0,15.2391,3.4000000000000004,-0.622003166115985
0,15.2391,3.403125,-0.6190988953251072
0,15.2391,3.40625,-0.6161882914253474
0,15.2391,3.4093750000000003,-0.6132726844606308
0,15.2391,3.4125,-0.6103533827139881
0,15.2391,3.4156250000000004,-0.6074316723236578
0,15.2391,3.41875,-0.6045088169509303
0,15.2391,3.421875,-0.6015860574983319
0,15.2391,3.4250000000000003,-0.5986646118767192
0,15.2391,3.428125,-0.5957456748197776
0,15.2391,3.4312500000000004,-0.5928304177443897
0,15.2391,3.434375,-0.5899199886553107
0,15.2391,3.4375,-0.5870155120925435
0,15.2391,3.4406250000000003,-0.5841180891198076
0,15.2391,3.44375,-0.5812287973524696
0,15.2391,3.4468750000000004,-0.5783486910232989
0,15.2391,3.45,-0.5754788010844201
0,15.2391,3.453125,-0.5726201353438243
0,15.2391,3.4562500000000003,-0.569773678634827
0,15.2391,3.459375,-0.5669403930168672
0,15.2391,3.4625000000000004,-0.5641212180060579
0,15.2391,3.465625,-0.561317070833937
0,15.2391,3.46875,-0.5585288467328758
0,15.2391,3.4718750000000003,-0.555757419246649
0,15.2391,3.475,-0.5530036405646981
0,15.2391,3.4781250000000004,-0.5502683418786499
0,15.2391,3.48125,-0.547552333759709
0,15.2391,3.484375,-0.5448564065555587
0,15.2391,3.4875000000000003,-0.5421813308054773
0,15.2391,3.490625,-0.5395278576723963
0,15.2391,3.4937500000000004,-0.5368967193906843
0,15.2391,3.496875,-0.5342886297284934
0,15.2391,3.5,-0.531704284463535
0,15.2391,3.5031250000000003,-0.5291443618712232
0,15.2391,3.50625,-0.5266095232241546
0,15.2391,3.5093750000000004,-0.5241004133019483
0,15.2391,3.5125,-0.5216176609105292
0,15.2391,3.515625,-0.5191618794099684
0,15.2391,3.5187500000000003,-0.5167336672500638
0,15.2391,3.521875,-0.514333608512878
0,15.2391,3.5250000000000004,-0.5119622734615057
0,15.2391,3.528125,-0.509620219094392
0,15.2391,3.53125,-0.507307989704566
0,15.2391,3.5343750000000003,-0.5050261174432057
0,15.2391,3.5375,-0.5027751228869934
0,15.2391,3.5406250000000004,-0.5005555156087632
0,15.2391,3.54375,-0.49836779475099696
0,15.2391,3.546875,-0.4962124496017517
0,15.2391,3.5500000000000003,-0.4940899601726629
0,15.2391,3.553125,-0.4920007977786951
0,15.2391,3.5562500000000004,-0.48994542561935406
0,15.2391,3.559375,-0.48792429936112575
0,15.2391,3.5625,-0.4859378677209256
0,15.2391,3.5656250000000003,-0.48398657305039977
0,15.2391,3.56875,-0.4820708519209419
0,15.2391,3.5718750000000004,-0.48019113570932825
0,15.2391,3.575,-0.478347851183915
0,15.2391,3.578125,-0.4765414210913616
0,15.2391,3.5812500000000003,-0.4747722647438918
0,15.2391,3.584375,-0.4730407986071233
0,15.2391,3.5875000000000004,-0.4713474368885322
0,15.2391,3.590625,-0.4696925921266528
0,15.2391,3.59375,-0.46807667578113166
0,15.2391,3.5968750000000003,-0.4665000988237928
0,15.2391,3.6,-0.46496327233089635
0,15.2391,3.6031250000000004,-0.46346660807679074
0,15.2391,3.60625,-0.46201051912920144
0,15.2391,3.609375,-0.46059542044640434
0,15.2391,3.6125000000000003,-0.4592217294765769
0,15.2391,3.615625,-0.45788986675962695
0,15.2391,3.6187500000000004,-0.4566002565318332
0,15.2391,3.621875,-0.4553533273336529
0,15.2391,3.625,-0.45414951262106945
0,15.2391,3.6281250000000003,-0.4529892513808836
0,15.2391,3.63125,-0.45187298875036547
0,15.2391,3.6343750000000004,-0.45080117664171093
0,15.2391,3.6375,-0.4497742743717676
0,15.2391,3.640625,-0.44879274929751123
0,15.2391,3.6437500000000003,-0.44785707745778114
0,15.2391,3.646875,-0.4469677442217989
0,15.2391,3.6500000000000004,-0.44612524494501404
0,15.2391,3.653125,-0.4453300856328463
0,15.2391,3.65625,-0.4445827836129067
0,15.2391,3.6593750000000003,-0.4438838682163032
0,15.2391,3.6625,-0.443233881468658
0,15.2391,3.6656250000000004,-0.44263337879147685
0,15.2391,3.66875,-0.4420829297145368
0,15.2391,3.671875,-0.4415831185999737
0,15.2391,3.6750000000000003,-0.4411345453787695
0,15.2391,3.678125,-0.4407378263003622
0,15.2391,3.6812500000000004,-0.44039359469611417
0,15.2391,3.684375,-0.4401025017573979
0,15.2391,3.6875,-0.43986521732907247
0,15.2391,3.6906250000000003,-0.4396824307191442
0,15.2391,3.69375,-0.439554851525421
0,15.2391,3.6968750000000004,-0.43948321047998723
0,15.2391,3.7,-0.439468260312341
0,15.2391,3.703125,-0.43951077663205396
0,15.2391,3.7062500000000003,-0.4396115588318247
0,15.2391,3.709375,-0.43977143101181376
0,15.2391,3.7125000000000004,-0.43999124292616104
0,15.2391,3.715625,-0.4402718709525942
0,15.2391,3.71875,-0.4406142190860525
0,15.2391,3.7218750000000003,-0.4410192199572539
0,15.2391,3.725,-0.4414878358771409
0,15.2391,3.7281250000000004,-0.4420210599081495
0,15.2391,3.73125,-0.44261991696323844
0,15.2391,3.734375,-0.4432854649336238
0,15.2391,3.7375000000000003,-0.4440187958461542
0,15.2391,3.740625,-0.4448210370512542
0,15.2391,3.7437500000000004,-0.4456933524423548
0,15.2391,3.746875,-0.44663694370770707
0,15.2391,3.75,-0.4476530516154582
0,15.2391,3.7531250000000003,-0.4487429573328377
0,15.2391,3.75625,-0.4499079837802633
0,15.2391,3.7593750000000004,-0.45114949702114343
0,15.2391,3.7625,-0.4524689076880872
0,15.2391,3.765625,-0.4538676724461857
0,15.2391,3.7687500000000003,-0.4553472954939479
0,15.2391,3.771875,-0.4569093301023923
0,15.2391,3.7750000000000004,-0.45855538019270503
0,15.2391,3.778125,-0.4602871019527524
0,15.2391,3.78125,-0.4621062054926219
0,15.2391,3.7843750000000003,-0.46401445653920514
0,15.2391,3.7875,-0.46601367816968053
0,15.2391,3.7906250000000004,-0.46810575258356324
0,15.2391,3.79375,-0.47029262291276763
0,15.2391,3.796875,-0.47257629506890314
0,15.2391,3.8000000000000003,-0.47495883962673324
0,15.2391,3.803125,-0.477442393742438
0,15.2391,3.8062500000000004,-0.48002916310497407
0,15.2391,3.809375,-0.4827214239184342
0,15.2391,3.8125,-0.4855215249128995
0,15.2391,3.8156250000000003,-0.4884318893807757
0,15.2391,3.81875,-0.4914550172350932
0,15.2391,3.8218750000000004,-0.4945934870856498
0,15.2391,3.825,-0.49784995832820733
0,15.2391,3.828125,-0.5012271732412443
0,15.2391,3.8312500000000003,-0.504727959083932
0,15.2391,3.834375,-0.5083552301881157
0,15.2391,3.8375000000000004,-0.5121119900360954
0,15.2391,3.840625,-0.5160013333148823
0,15.2391,3.84375,-0.5200264479364181
0,15.2391,3.8468750000000003,-0.5241906170118896
0,15.2391,3.85,-0.5284972207668059
0,15.2391,3.8531250000000004,-0.532949738381892
0,15.2391,3.85625,-0.5375517497430476
0,15.2391,3.859375,-0.5423069370816984
0,15.2391,3.8625000000000003,-0.5472190864846849
0,15.2391,3.865625,-0.5522920892505055
0,15.2391,3.8687500000000004,-0.5575299430661607
0,15.2391,3.871875,-0.562936752976002
0,15.2391,3.875,-0.5685167321109669
0,15.2391,3.8781250000000003,-0.5742742021431856
0,15.2391,3.88125,-0.5802135934273341
0,15.2391,3.8843750000000004,-0.5863394447861499
0,15.2391,3.8875,-0.5926564028931894
0,15.2391,3.890625,-0.5991692212013174
0,15.2391,3.8937500000000003,-0.6058827583603154
0,15.2391,3.896875,-0.6128019760616111
0,15.2391,3.9000000000000004,-0.6199319362422759
0,15.2391,3.903125,-0.6272777975741199
0,15.2391,3.90625,-0.6348448111570391
0,15.2391,3.9093750000000003,-0.6426383153285175
0,15.2391,3.9125,-0.6506637294935669
0,15.2391,3.9156250000000004,-0.6589265468712543
0,15.2391,3.91875,-0.6674323260453356
0,15.2391,3.921875,-0.6761866811975308
0,15.2391,3.9250000000000003,-0.685195270892445
0,15.2391,3.928125,-0.6944637852733159
0,15.2391,3.9312500000000004,-0.7039979315175678
0,15.2391,3.934375,-0.7138034173906591
0,15.2391,3.9375,-0.7238859327261187
0,15.2391,3.9406250000000003,-0.7342511286489182
0,15.2391,3.94375,-0.7449045943487566
0,15.2391,3.9468750000000004,-0.7558518311995012
0,15.2391,3.95,-0.7670982240111356
0,15.2391,3.953125,-0.7786490091915602
0,15.2391,3.9562500000000003,-0.7905092395874945
0,15.2391,3.959375,-0.8026837457672112
0,15.2391,3.9625000000000004,-0.8151770935031604
0,15.2391,3.965625,-0.827993537210172
0,15.2391,3.96875,-0.8411369690957086
0,15.2391,3.9718750000000003,-0.8546108637828385
0,15.2391,3.975,-0.8684182181753684
0,15.2391,3.9781250000000004,-0.8825614863484871
0,15.2391,3.98125,-0.8970425092682952
0,15.2391,3.984375,-0.9118624391709615
0,15.2391,3.9875000000000003,-0.9270216584677118
0,15.2391,3.990625,-0.9425196930869723
0,15.2391,3.9937500000000004,-0.9583551202208013
0,15.2391,3.996875,-0.9745254705105115
0,15.2391,4.0,-0.9910271247877197
0,15.2391,4.003125000000001,-1.0078552055828116
0,15.2391,4.00625,-1.0250034637246128
0,15.2391,4.009375,-1.0424641604838676
0,15.2391,4.0125,-1.0602279458593966
0,15.2391,4.015625,-1.0782837337712352
0,15.2391,4.018750000000001,-1.0966185751082191
0,15.2391,4.021875,-1.115217529779597
0,15.2391,4.025,-1.1340635391393716
0,15.2391,4.028125,-1.153137300386372
0,15.2391,4.03125,-1.172417144790793
0,15.2391,4.034375000000001,-1.1918789218536165
0,15.2391,4.0375,-1.2114958917655139
0,15.2391,4.040625,-1.2312386287890216
0,15.2391,4.04375,-1.251074938434005
0,15.2391,4.046875,-1.2709697915233766
0,15.2391,4.050000000000001,-1.2908852784408782
0,15.2391,4.053125,-1.310780587005019
0,15.2391,4.05625,-1.3306120075081846
0,15.2391,4.059375,-1.3503329684831609
0,15.2391,4.0625,-1.3698941066969608
0,15.2391,4.065625000000001,-1.3892433747074904
0,15.2391,4.06875,-1.4083261890401368
0,15.2391,4.071875,-1.4270856216357832
0,15.2391,4.075,-1.4454626366798005
0,15.2391,4.078125,-1.4633963742390095
0,15.2391,4.081250000000001,-1.4808244813083549
0,15.2391,4.084375,-1.497683489908465
0,15.2391,4.0875,-1.513909240790949
0,15.2391,4.090625,-1.5294373501203957
0,15.2391,4.09375,-1.5442037152396906
0,15.2391,4.096875000000001,-1.5581450543228115
0,15.2391,4.1,-1.5711994734213421
0,15.2391,4.103125,-1.5833070531656517
0,15.2391,4.10625,-1.5944104462423376
0,15.2391,4.109375,-1.6044554757917862
0,15.2391,4.112500000000001,-1.613391724106333
0,15.2391,4.115625,-1.6211731005112997
0,15.2391,4.11875,-1.6277583771195454
0,15.2391,4.121875,-1.6331116812966053
0,15.2391,4.125,-1.6372029341763086
0,15.2391,4.128125000000001,-1.6400082254274158
0,15.2391,4.13125,-1.641510115676274
0,15.2391,4.134375,-1.6416978595062897
0,15.2391,4.1375,-1.6405675437341847
0,15.2391,4.140625,-1.6381221376431285
0,15.2391,4.143750000000001,-1.634371453960345
0,15.2391,4.146875,-1.6293320215212148
0,15.2391,4.15,-1.6230268726798152
0,15.2391,4.153125,-1.6154852505263095
0,15.2391,4.15625,-1.6067422427796232
0,15.2391,4.159375000000001,-1.596838350775966
0,15.2391,4.1625,-1.585819003219326
0,15.2391,4.165625,-1.5737340252653096
0,15.2391,4.16875,-1.5606370740577895
0,15.2391,4.171875,-1.5465850520282811
0,15.2391,4.175000000000001,-1.5316375091177254
0,15.2391,4.178125,-1.5158560446182983
0,15.2391,4.18125,-1.4993037186004843
0,15.2391,4.184375,-1.4820444819370062
0,15.2391,4.1875,-1.464142632812891
0,15.2391,4.190625000000001,-1.4456623063764593
0,15.2391,4.19375,-1.4266670028914616
0,15.2391,4.196875,-1.407219158446502
0,15.2391,4.2,-1.387379761008336
0,15.2391,4.203125,-1.36720801340636
0,15.2391,4.206250000000001,-1.3467610437374784
0,15.2391,4.209375,-1.326093662703018
0,15.2391,4.2125,-1.3052581665469751
0,15.2391,4.215625,-1.2843041835642286
0,15.2391,4.21875,-1.2632785615875801
0,15.2391,4.221875000000001,-1.2422252934407165
0,15.2391,4.225,-1.2211854770497768
0,15.2391,4.228125,-1.2001973067285938
0,15.2391,4.23125,-1.1792960920782598
0,15.2391,4.234375,-1.1585143009545822
0,15.2391,4.237500000000001,-1.1378816230443052
0,15.2391,4.240625,-1.1174250507361747
0,15.2391,4.24375,-1.097168974163554
0,15.2391,4.246875,-1.0771352875187503
0,15.2391,4.25,-1.0573435039832701
0,15.2391,4.253125000000001,-1.0378108768750398
0,15.2391,4.25625,-1.0185525248732616
0,15.2391,4.259375,-0.9995815594384933
0,15.2391,4.2625,-0.9809092127944852
0,15.2391,4.265625,-0.9625449650741568
0,15.2391,4.268750000000001,-0.9444966694537603
0,15.2391,4.271875,-0.9267706743030922
0,15.2391,4.275,-0.9093719415655305
0,15.2391,4.278125,-0.8923041607493005
0,15.2391,4.28125,-0.8755698580597687
0,15.2391,4.284375000000001,-0.8591705003339426
0,15.2391,4.2875,-0.8431065935518984
0,15.2391,4.290625,-0.827377775797689
0,15.2391,4.29375,-0.8119829046255017
0,15.2391,4.296875,-0.7969201388559062
0,15.2391,4.300000000000001,-0.7821870148846751
0,15.2391,4.303125,-0.7677805176327519
0,15.2391,4.30625,-0.7536971463026458
0,15.2391,4.309375,-0.7399329751350051
0,15.2391,4.3125,-0.7264837093796829
0,15.2391,4.315625000000001,-0.7133447367106199
0,15.2391,4.31875,-0.7005111743229475
0,15.2391,4.321875,-0.6879779119555425
0,15.2391,4.325,-0.6757396510835649
0,15.2391,4.328125,-0.6637909405232176
0,15.2391,4.331250000000001,-0.6521262086868865
0,15.2391,4.334375,-0.6407397927202676
0,15.2391,4.3375,-0.6296259647452346
0,15.2391,4.340625,-0.6187789554234181
0,15.2391,4.34375,-0.6081929750454097
0,15.2391,4.346875000000001,-0.5978622323405075
0,15.2391,4.35,-0.5877809511911607
0,15.2391,4.353125,-0.5779433854255904
0,15.2391,4.35625,-0.5683438318515611
0,15.2391,4.359375,-0.5589766416835341
0,15.2391,4.362500000000001,-0.5498362305054548
0,15.2391,4.365625,-0.5409170869013618
0,15.2391,4.36875,-0.5322137798764973
0,15.2391,4.371875,-0.5237209651826303
0,15.2391,4.375,-0.515433390652434
0,15.2391,4.378125000000001,-0.5073459006397935
0,15.2391,4.38125,-0.49945343965506517
0,15.2391,4.384375,-0.4917510552770674
0,15.2391,4.3875,-0.48423390041691305
0,15.2391,4.390625,-0.4768972350022581
0,15.2391,4.393750000000001,-0.4697364271448415
0,15.2391,4.396875,-0.462746953848585
0,15.2391,4.4,-0.4559244013104463
0,15.2391,4.403125,-0.44926446486162935
0,15.2391,4.40625,-0.44276294859223747
0,15.2391,4.409375000000001,-0.43641576469863325
0,15.2391,4.4125,-0.43021893258898214
0,15.2391,4.415625,-0.424168577779079
0,15.2391,4.41875,-0.4182609306075526
0,15.2391,4.421875,-0.412492324796545
0,15.2391,4.425000000000001,-0.4068591958815165
0,15.2391,4.428125,-0.4013580795313605
0,15.2391,4.43125,-0.3959856097778446
0,15.2391,4.434375,-0.3907385171715011
0,15.2391,4.4375,-0.3856136268791572
0,15.2391,4.440625000000001,-0.38060785673678904
0,15.2391,4.44375,-0.3757182152698154
0,15.2391,4.446875,-0.37094179969160057
0,15.2391,4.45,-0.366275793889783
0,15.2391,4.453125,-0.3617174664088192
0,15.2391,4.456250000000001,-0.35726416843624803
0,15.2391,4.459375,-0.352913331799201
0,15.2391,4.4625,-0.3486624669768687
0,15.2391,4.465625,-0.34450916113396296
0,15.2391,4.46875,-0.3404510761794397
0,15.2391,4.471875000000001,-0.3364859468542596
0,15.2391,4.475,-0.3326115788513616
0,15.2391,4.478125,-0.3288258469705438
0,15.2391,4.48125,-0.3251266933105762
0,15.2391,4.484375,-0.32151212550038705
0,15.2391,4.487500000000001,-0.31798021497091616
0,15.2391,4.490625,-0.31452909526886524
0,15.2391,4.49375,-0.31115696041330204
0,15.2391,4.496875,-0.30786206329588917
0,15.2391,4.5,-0.30464271412520394
0,15.2391,4.503125000000001,-0.3014972789155172
0,15.2391,4.50625,-0.29842417802017324
0,15.2391,4.509375,-0.2954218847095748
0,15.2391,4.5125,-0.29248892379369107
0,15.2391,4.515625,-0.2896238702888181
0,15.2391,4.518750000000001,-0.2868253481283029
0,15.2391,4.521875,-0.2840920289168048
0,15.2391,4.525,-0.2814226307276025
0,15.2391,4.528125,-0.27881591694242963
0,15.2391,4.53125,-0.2762706951331994
0,15.2391,4.534375000000001,-0.2737858159850032
0,15.2391,4.5375,-0.2713601722596815
0,15.2391,4.540625,-0.2689926977992408
0,15.2391,4.54375,-0.2666823665683895
0,15.2391,4.546875,-0.2644281917353889
0,15.2391,4.550000000000001,-0.2622292247904483
0,15.2391,4.553125,-0.26008455470084113
0,15.2391,4.55625,-0.25799330710190216
0,15.2391,4.559375,-0.25595464352308533
0,15.2391,4.5625,-0.2539677606481903
0,15.2391,4.565625000000001,-0.2520318896089093
0,15.2391,4.56875,-0.2501462953107941
0,15.2391,4.571875,-0.2483102757907309
0,15.2391,4.575,-0.24652316160502288
0,15.2391,4.578125,-0.2447843152471107
0,15.2391,4.581250000000001,-0.24309313059398896
0,15.2391,4.584375,-0.24144903238031978
0,15.2391,4.5875,-0.2398514756992186
0,15.2391,4.590625,-0.2382999455286764
0,15.2391,4.59375,-0.23679395628250358
0,15.2391,4.596875000000001,-0.2353330513846753
0,15.2391,4.6,-0.2339168028658824
0,15.2391,4.603125,-0.23254481098103297
0,15.2391,4.60625,-0.231216703846405
0,15.2391,4.609375,-0.22993213709503793
0,15.2391,4.612500000000001,-0.22869079354890087
0,15.2391,4.615625,-0.22749238290625462
0,15.2391,4.61875,-0.22633664144251942
0,15.2391,4.621875,-0.22522333172285472
0,15.2391,4.625,-0.2241522423244907
0,15.2391,4.628125000000001,-0.22312318756673097
0,15.2391,4.63125,-0.22213600724635696
0,15.2391,4.634375,-0.22119056637598192
0,15.2391,4.6375,-0.22028675492270672
0,15.2391,4.640625,-0.2194244875441823
0,15.2391,4.643750000000001,-0.21860370331895457
0,15.2391,4.646875,-0.21782436546767775
0,15.2391,4.65,-0.21708646106148338
0,15.2391,4.653125,-0.2163900007134745
0,15.2391,4.65625,-0.21573501824893354
0,15.2391,4.659375000000001,-0.21512157034946408
0,15.2391,4.6625,-0.2145497361658462
0,15.2391,4.665625,-0.21401961689392895
0,15.2391,4.66875,-0.21353133530739232
0,15.2391,4.671875,-0.21308503524066127
0,15.2391,4.675000000000001,-0.21268088101469135
0,15.2391,4.678125,-0.21231905679771812
0,15.2391,4.68125,-0.2119997658924035
0,15.2391,4.684375,-0.21172322994011428
0,15.2391,4.6875,-0.21148968803231255
0,15.2391,4.690625000000001,-0.2112993957182602
0,15.2391,4.69375,-0.2111526238974055
0,15.2391,4.696875,-0.2110496575839586
0,15.2391,4.7,-0.21099079453026576
0,15.2391,4.703125,-0.2109763436946649
0,15.2391,4.706250000000001,-0.21100662353856464
0,15.2391,4.709375,-0.2110819601365308
0,15.2391,4.7125,-0.21120268508221393
0,15.2391,4.715625,-0.211369133172014
0,15.2391,4.71875,-0.21158163984747894
0,15.2391,4.721875000000001,-0.21184053837658898
0,15.2391,4.725,-0.2121461567533187
0,15.2391,4.728125,-0.21249881429422754
0,15.2391,4.73125,-0.21289881791033055
0,15.2391,4.734375,-0.21334645803221172
0,15.2391,4.737500000000001,-0.21384200416628166
0,15.2391,4.740625,-0.21438570006033367
0,15.2391,4.74375,-0.2149777584571664
0,15.2391,4.746875,-0.2156183554160853
0,15.2391,4.75,-0.21630762418367575
0,15.2391,4.753125000000001,-0.21704564859740522
0,15.2391,4.75625,-0.21783245600849888
0,15.2391,4.759375,-0.21866800971422448
0,15.2391,4.7625,-0.2195522008943156
0,15.2391,4.765625,-0.22048484005192656
0,15.2391,4.768750000000001,-0.22146564796628582
0,15.2391,4.771875,-0.22249424617229133
0,15.2391,4.775,-0.22357014699174113
0,15.2391,4.778125,-0.22469274315181015
0,15.2391,4.78125,-0.2258612970389163
0,15.2391,4.784375000000001,-0.2270749296502377
0,15.2391,4.7875,-0.22833260932097008
0,15.2391,4.790625,-0.2296331403228848
0,15.2391,4.79375,-0.230975151448787
0,15.2391,4.796875,-0.2323570847180267
0,15.2391,4.800000000000001,-0.23377718435994974
0,15.2391,4.803125,-0.23523348625490043
0,15.2391,4.80625,-0.23672380803562773
0,15.2391,4.809375,-0.23824574007515037
0,15.2391,4.8125,-0.2397966376097398
0,15.2391,4.815625000000001,-0.24137361426674217
0,15.2391,4.81875,-0.24297353728568516
0,15.2391,4.821875,-0.24459302473636016
0,15.2391,4.825,-0.24622844504814073
0,15.2391,4.828125,-0.24787591916951907
0,15.2391,4.831250000000001,-0.2495313256742344
0,15.2391,4.834375,-0.25119030911923007
0,15.2391,4.8375,-0.2528482919386478
0,15.2391,4.840625,-0.2545004901259765
0,15.2391,4.84375,-0.25614193291247966
0,15.2391,4.846875000000001,-0.2577674865933412
0,15.2391,4.85,-0.25937188258352345
0,15.2391,4.853125,-0.26094974970331186
0,15.2391,4.85625,-0.2624956505997962
0,15.2391,4.859375,-0.2640041221067509
0,15.2391,4.862500000000001,-0.2654697192335961
0,15.2391,4.865625,-0.26688706235748205
0,15.2391,4.86875,-0.2682508870745413
0,15.2391,4.871875,-0.26955609605125336
0,15.2391,4.875,-0.2707978121093747
0,15.2391,4.878125000000001,-0.2719714316828056
0,15.2391,4.88125,-0.27307267770713645
0,15.2391,4.884375,-0.27409765094701544
0,15.2391,4.8875,-0.2750428787370197
0,15.2391,4.890625,-0.2759053601116925
0,15.2391,4.893750000000001,-0.27668260633185643
0,15.2391,4.896875,-0.2773726758781076
0,15.2391,4.9,-0.27797420307777465
0,15.2391,4.903125,-0.27848641965633275
0,15.2391,4.90625,-0.2789091686545865
0,15.2391,4.909375000000001,-0.27924291032367626
0,15.2391,4.9125,-0.2794887197949467
0,15.2391,4.915625,-0.279648276513879
0,15.2391,4.91875,-0.27972384561920155
0,15.2391,4.921875,-0.27971825163257014
0,15.2391,4.925000000000001,-0.27963484499384356
0,15.2391,4.928125,-0.27947746212585906
0,15.2391,4.93125,-0.279250379835699
0,15.2391,4.934375,-0.2789582649531486
0,15.2391,4.9375,-0.2786061201692479
0,15.2391,4.940625000000001,-0.27819922706801986
0,15.2391,4.94375,-0.27774308734355957
0,15.2391,4.946875,-0.2772433631649611
0,15.2391,4.95,-0.2767058175964794
0,15.2391,4.953125,-0.27613625590405416
0,15.2391,4.956250000000001,-0.27554046848671643
0,15.2391,4.959375,-0.2749241760674169
0,15.2391,4.9625,-0.27429297766753663
0,15.2391,4.965625,-0.2736523017774802
0,15.2391,4.96875,-0.27300736102659917
0,15.2391,4.971875000000001,-0.27236311055299417
0,15.2391,4.975,-0.27172421018045523
0,15.2391,4.978125,-0.2710949904282606
0,15.2391,4.98125,-0.27047942231133454
0,15.2391,4.984375,-0.26988109083421574
0,15.2391,4.987500000000001,-0.26930317204275633
0,15.2391,4.990625,-0.2687484134721158
0,15.2391,4.99375,-0.2682191178177617
0,15.2391,4.996875,-0.2677171296567377
0,15.2391,5.0,-0.2672438250580043
0,15.2391,5.003125,-0.26680010394164905
0,15.2391,5.0062500000000005,-0.26638638507540563
0,15.2391,5.009375,-0.2660026036313799
0,15.2391,5.0125,-0.2656482112642218
0,15.2391,5.015625,-0.2653221787122386
0,15.2391,5.01875,-0.2650230009631213
0,15.2391,5.0218750000000005,-0.2647487050640769
0,15.2391,5.025,-0.2644968606902562
0,15.2391,5.028125,-0.26426459361350396
0,15.2391,5.03125,-0.2640486022338028
0,15.2391,5.034375,-0.2638451773465732
0,15.2391,5.0375000000000005,-0.263650225318662
0,15.2391,5.040625,-0.26345929483302605
0,15.2391,5.04375,-0.2632676073357465
0,15.2391,5.046875,-0.26307009127838593
0,15.2391,5.05,-0.26286142019360037
0,15.2391,5.0531250000000005,-0.2626360545726663
0,15.2391,5.05625,-0.2623882874311056
0,15.2391,5.059375,-0.2621122933545303
0,15.2391,5.0625,-0.26180218071352274
0,15.2391,5.065625,-0.26145204662689153
0,15.2391,5.0687500000000005,-0.2610560341407427
0,15.2391,5.071875,-0.2606083909808184
0,15.2391,5.075,-0.26010352913225687
0,15.2391,5.078125,-0.2595360844093436
0,15.2391,5.08125,-0.2589009751029803
0,15.2391,5.0843750000000005,-0.25819345874024474
0,15.2391,5.0875,-0.2574091859627526
0,15.2391,5.090625,-0.25654425053186
0,15.2391,5.09375,-0.2555952345012918
0,15.2391,5.096875,-0.25455924766235116
0,15.2391,5.1000000000000005,-0.2534339604628384
0,15.2391,5.103125,-0.25221762972595735
0,15.2391,5.10625,-0.25090911664607324
0,15.2391,5.109375,-0.24950789670915027
0,15.2391,5.1125,-0.248014061370765
0,15.2391,5.1156250000000005,-0.2464283115167921
0,15.2391,5.11875,-0.24475194292374186
0,15.2391,5.121875,-0.24298682411987446
0,15.2391,5.125,-0.24113536721767584
0,15.2391,5.128125,-0.23920049243683125
0,15.2391,5.1312500000000005,-0.23718558715949914
0,15.2391,5.134375,-0.2350944604527827
0,15.2391,5.1375,-0.23293129405467536
0,15.2391,5.140625,-0.2307005908488704
0,15.2391,5.14375,-0.22840712185149095
0,15.2391,5.1468750000000005,-0.22605587270130115
0,15.2391,5.15,-0.2236519905875778
0,15.2391,5.153125,-0.2212007324707047
0,15.2391,5.15625,-0.21870741535442959
0,15.2391,5.159375,-0.2161773692604492
0,15.2391,5.1625000000000005,-0.21361589344054646
0,15.2391,5.165625,-0.21102821624347184
0,15.2391,5.16875,-0.20841945893732297
0,15.2391,5.171875,-0.20579460367696042
0,15.2391,5.175,-0.20315846570281917
0,15.2391,5.1781250000000005,-0.2005156697646154
0,15.2391,5.18125,-0.19787063068233018
0,15.2391,5.184375,-0.19522753788831546
0,15.2391,5.1875,-0.1925903437386948
0,15.2391,5.190625,-0.18996275533908158
0,15.2391,5.1937500000000005,-0.18734822959844075
0,15.2391,5.196875,-0.18474997120465764
0,15.2391,5.2,-0.18217093320488714
0,15.2391,5.203125,-0.17961381987179142
0,15.2391,5.20625,-0.17708109154191168
0,15.2391,5.2093750000000005,-0.17457497112341716
0,15.2391,5.2125,-0.1720974519860075
0,15.2391,5.215625,-0.16965030696464597
0,15.2391,5.21875,-0.16723509823006086
0,15.2391,5.221875,-0.16485318780156583
0,15.2391,5.2250000000000005,-0.16250574850101185
0,15.2391,5.228125,-0.16019377516989416
0,15.2391,5.23125,-0.15791809599427176
0,15.2391,5.234375,-0.1556793838038612
0,15.2391,5.2375,-0.15347816723205843
0,15.2391,5.2406250000000005,-0.15131484164259787
0,15.2391,5.24375,-0.14918967974590291
0,15.2391,5.246875,-0.1471028418438562
0,15.2391,5.25,-0.1450543856557544
0,15.2391,5.253125,-0.14304427569057812
0,15.2391,5.2562500000000005,-0.14107239214153525
0,15.2391,5.259375,-0.13913853928817366
0,15.2391,5.2625,-0.1372424533993112
0,15.2391,5.265625,-0.1353838101367521
0,15.2391,5.26875,-0.13356223146529583
0,15.2391,5.2718750000000005,-0.13177729207908792
0,15.2391,5.275,-0.13002852535798204
0,15.2391,5.278125,-0.1283154288703921
0,15.2391,5.28125,-0.1266374694412552
0,15.2391,5.284375,-0.12499408780523044
0,15.2391,5.2875000000000005,-0.1233847028662801
0,15.2391,5.290625,-0.1218087155853581
0,15.2391,5.29375,-0.12026551251813844
0,15.2391,5.296875,-0.11875446902465539
0,15.2391,5.3,-0.11727495217238978
0,15.2391,5.3031250000000005,-0.11582632335383497
0,15.2391,5.30625,-0.11440794063891456
0,15.2391,5.309375,-0.11301916088184226
0,15.2391,5.3125,-0.11165934160117387
0,15.2391,5.315625,-0.11032784265087446
0,15.2391,5.3187500000000005,-0.1090240276992889
0,15.2391,5.321875,-0.10774726553194024
0,15.2391,5.325,-0.10649693119311385
0,15.2391,5.328125,-0.10527240698024407
0,15.2391,5.33125,-0.10407308330417807
0,15.2391,5.3343750000000005,-0.10289835942749474
0,15.2391,5.3375,-0.101747644092185
0,15.2391,5.340625,-0.10062035604716081
0,15.2391,5.34375,-0.09951592448527664
0,15.2391,5.346875,-0.09843378939878371
0,15.2391,5.3500000000000005,-0.097373401861433
0,15.2391,5.353125,-0.0963342242447755
0,15.2391,5.35625,-0.0953157303755751
0,15.2391,5.359375,-0.09431740564067556
0,15.2391,5.3625,-0.0933387470451074
0,15.2391,5.3656250000000005,-0.09237926322871907
0,15.2391,5.36875,-0.09143847444614685
0,15.2391,5.371875,-0.09051591251449799
0,15.2391,5.375,-0.08961112073272849
0,15.2391,5.378125,-0.08872365377631737
0,15.2391,5.3812500000000005,-0.08785307757050385
0,15.2391,5.384375,-0.08699896914503982
0,15.2391,5.3875,-0.08616091647311849
0,15.2391,5.390625,-0.08533851829688398
0,15.2391,5.39375,-0.08453138394167801
0,15.2391,5.3968750000000005,-0.08373913312096397
0,15.2391,5.4,-0.0829613957336672
0,15.2391,5.403125,-0.08219781165548325
0,15.2391,5.40625,-0.08144803052554583
0,15.2391,5.409375,-0.08071171152968737
0,15.2391,5.4125000000000005,-0.07998852318139092
0,15.2391,5.415625,-0.07927814310140756
0,15.2391,5.41875,-0.07858025779689527
0,15.2391,5.421875,-0.07789456244084007
0,15.2391,5.425,-0.07722076065241996
0,15.2391,5.4281250000000005,-0.07655856427889256
0,15.2391,5.43125,-0.07590769317951127
0,15.2391,5.434375,-0.07526787501190312
0,15.2391,5.4375,-0.0746388450212862
0,15.2391,5.440625,-0.0740203458328433
0,15.2391,5.4437500000000005,-0.07341212724752225
0,15.2391,5.446875,-0.07281394604148916
0,15.2391,5.45,-0.07222556576941754
0,15.2391,5.453125,-0.07164675657176683
0,15.2391,5.45625,-0.07107729498616648
0,15.2391,5.4593750000000005,-0.07051696376299633
0,15.2391,5.4625,-0.06996555168523018
0,15.2391,5.465625,-0.06942285339258293
0,15.2391,5.46875,-0.0688886692099884
0,15.2391,5.471875,-0.06836280498041213
0,15.2391,5.4750000000000005,-0.06784507190199136
0,15.2391,5.478125,-0.06733528636948127
0,15.2391,5.48125,-0.06683326981997195
0,15.2391,5.484375,-0.06633884858283619
0,15.2391,5.4875,-0.06585185373385383
0,15.2391,5.4906250000000005,-0.06537212095345471
0,15.2391,5.49375,-0.06489949038901555
0,15.2391,5.496875,-0.064433806521138
0,15.2391,5.5,-0.06397491803383627
0,15.2391,5.503125,-0.06352267768855363
0,15.2391,5.5062500000000005,-0.0630769422019271
0,15.2391,5.509375,-0.06263757212721832
0,15.2391,5.5125,-0.06220443173932285
0,15.2391,5.515625,-0.061777388923274695
0,15.2391,5.51875,-0.061356315066157276
0,15.2391,5.5218750000000005,-0.060941084952334044
0,15.2391,5.525,-0.060531576661912306
0,15.2391,5.528125,-0.06012767147235137
0,15.2391,5.53125,-0.059729253763131304
0,15.2391,5.534375,-0.05933621092339447
0,15.2391,5.5375000000000005,-0.05894843326247645
0,15.2391,5.540625,-0.058565813923242754
0,15.2391,5.54375,-0.05818824879814797
0,15.2391,5.546875,-0.057815636447938495
0,15.2391,5.55,-0.057447878022917946
0,15.2391,5.5531250000000005,-0.0570848771866981
0,15.2391,5.55625,-0.05672654004235963
0,15.2391,5.559375,-0.05637277506094688
0,15.2391,5.5625,-0.056023493012226006
0,15.2391,5.565625,-0.05567860689763383
0,15.2391,5.5687500000000005,-0.05533803188534905
0,15.2391,5.571875,-0.05500168524741884
0,15.2391,5.575,-0.05466948629887372
0,15.2391,5.578125,-0.05434135633876898
0,15.2391,5.58125,-0.05401721859308917
0,15.2391,5.5843750000000005,-0.05369699815945595
0,15.2391,5.5875,-0.053380621953581106
0,15.2391,5.590625,-0.05306801865740685
0,15.2391,5.59375,-0.0527591186688799
0,15.2391,5.596875,-0.05245385405330469
0,15.2391,5.6000000000000005,-0.05215215849622447
0,15.2391,5.603125,-0.051853967257780346
0,15.2391,5.60625,-0.0515592171284986
0,15.2391,5.609375,-0.051267846386460814
0,15.2391,5.6125,-0.05097979475581001
0,15.2391,5.6156250000000005,-0.05069500336654907
0,15.2391,5.61875,-0.05041341471558936
0,15.2391,5.621875,-0.0501349726290068
0,15.2391,5.625,-0.049859622225467255
0,15.2391,5.628125,-0.04958730988078144
0,15.2391,5.6312500000000005,-0.049317983193552274
0,15.2391,5.634375,-0.04905159095187913
0,15.2391,5.6375,-0.04878808310108276
0,15.2391,5.640625,-0.04852741071241897
0,15.2391,5.64375,-0.04826952595274707
0,15.2391,5.6468750000000005,-0.048014382055122075
0,15.2391,5.65,-0.04776193329028069
0,15.2391,5.653125,-0.04751213493899054
0,15.2391,5.65625,-0.04726494326523554
0,15.2391,5.659375,-0.047020315490209234
0,15.2391,5.6625000000000005,-0.046778209767089664
0,15.2391,5.665625,-0.04653858515657064
0,15.2391,5.66875,-0.04630140160312376
0,15.2391,5.671875,-0.04606661991196841
0,15.2391,5.675,-0.04583420172672601
0,15.2391,5.6781250000000005,-0.04560410950773636
0,15.2391,5.68125,-0.04537630651101484
0,15.2391,5.684375,-0.045150756767828974
0,15.2391,5.6875,-0.04492742506487542
0,15.2391,5.690625,-0.04470627692503705
0,15.2391,5.6937500000000005,-0.04448727858870178
0,15.2391,5.696875,-0.0442703969956254
0,15.2391,5.7,-0.04405559976732001
0,15.2391,5.703125,-0.043842855189952394
0,15.2391,5.70625,-0.04363213219773522
0,15.2391,5.7093750000000005,-0.04342340035679563
0,15.2391,5.7125,-0.0432166298495062
0,15.2391,5.715625,-0.043011791459262934
0,15.2391,5.71875,-0.04280885655569715
0,15.2391,5.721875,-0.04260779708030668
0,15.2391,5.7250000000000005,-0.042408585532493645
0,15.2391,5.728125,-0.04221119495599591
0,15.2391,5.73125,-0.042015598925699546
0,15.2391,5.734375,-0.04182177153482109
0,15.2391,5.7375,-0.041629687382447475
0,15.2391,5.7406250000000005,-0.041439321561422604
0,15.2391,5.74375,-0.04125064964657019
0,15.2391,5.746875,-0.04106364768324167
0,15.2391,5.75,-0.04087829217618016
0,15.2391,5.753125,-0.040694560078689886
0,15.2391,5.7562500000000005,-0.04051242878210212
0,15.2391,5.759375,-0.040331876105528665
0,15.2391,5.7625,-0.04015288028589339
0,15.2391,5.765625,-0.03997541996823439
0,15.2391,5.76875,-0.03979947419626779
0,15.2391,5.7718750000000005,-0.03962502240320542
0,15.2391,5.775,-0.03945204440281917
0,15.2391,5.778125,-0.039280520380743526
0,15.2391,5.78125,-0.03911043088601052
0,15.2391,5.784375,-0.03894175682280898
0,15.2391,5.7875000000000005,-0.03877447944246206
0,15.2391,5.790625,-0.03860858033561636
0,15.2391,5.79375,-0.03844404142463599
0,15.2391,5.796875,-0.038280844956196304
0,15.2391,5.800000000000001,-0.0381189734940706
0,15.2391,5.8031250000000005,-0.03795840991210488
0,15.2391,5.80625,-0.03779913738737422
0,15.2391,5.809375,-0.03764113939351632
0,15.2391,5.8125,-0.037484399694236684
0,15.2391,5.815625000000001,-0.03732890233698034
0,15.2391,5.8187500000000005,-0.037174631646765606
0,15.2391,5.821875,-0.0370215722201747
0,15.2391,5.825,-0.03686970891949727
0,15.2391,5.828125,-0.036719026867022074
0,15.2391,5.831250000000001,-0.0365695114394726
0,15.2391,5.8343750000000005,-0.03642114826258285
0,15.2391,5.8375,-0.03627392320580851
0,15.2391,5.840625,-0.03612782237717073
0,15.2391,5.84375,-0.035982832118227906
0,15.2391,5.846875000000001,-0.035838938999172225
0,15.2391,5.8500000000000005,-0.0356961298140475
0,15.2391,5.853125,-0.0355543915760846
0,15.2391,5.85625,-0.03541371151315155
0,15.2391,5.859375,-0.03527407706331488
0,15.2391,5.862500000000001,-0.03513547587050916
0,15.2391,5.8656250000000005,-0.03499789578031195
0,15.2391,5.86875,-0.034861324835820696
0,15.2391,5.871875,-0.03472575127362944
0,15.2391,5.875,-0.0345911635199022
0,15.2391,5.878125000000001,-0.03445755018654042
0,15.2391,5.8812500000000005,-0.034324900067442175
0,15.2391,5.884375,-0.03419320213485005
0,15.2391,5.8875,-0.03406244553578604
0,15.2391,5.890625,-0.03393261958857063
0,15.2391,5.893750000000001,-0.033803713779423816
0,15.2391,5.8968750000000005,-0.033675717759146205
0,15.2391,5.9,-0.033548621339877474
0,15.2391,5.903125,-0.03342241449193072
0,15.2391,5.90625,-0.033297087340700283
0,15.2391,5.909375000000001,-0.033172630163641276
0,15.2391,5.9125000000000005,-0.03304903338731898
0,15.2391,5.915625,-0.03292628758452582
0,15.2391,5.91875,-0.03280438347146485
0,15.2391,5.921875,-0.03268331190499747
0,15.2391,5.925000000000001,-0.0325630638799538
0,15.2391,5.9281250000000005,-0.032443630526504424
0,15.2391,5.93125,-0.03232500310759111
0,15.2391,5.934375,-0.032207173016416055
0,15.2391,5.9375,-0.03209013177398725
0,15.2391,5.940625000000001,-0.03197387102671892
0,15.2391,5.9437500000000005,-0.03185838254408568
0,15.2391,5.946875,-0.031743658216328685
0,15.2391,5.95,-0.03162969005221291
0,15.2391,5.953125,-0.03151647017683391
0,15.2391,5.956250000000001,-0.03140399082947291
0,15.2391,5.9593750000000005,-0.03129224436149917
0,15.2391,5.9625,-0.031181223234318017
0,15.2391,5.965625,-0.031070920017363907
0,15.2391,5.96875,-0.030961327386137043
0,15.2391,5.971875000000001,-0.030852438120282516
0,15.2391,5.9750000000000005,-0.03074424510171117
0,15.2391,5.978125,-0.030636741312760608
0,15.2391,5.98125,-0.030529919834395954
0,15.2391,5.984375,-0.030423773844449057
0,15.2391,5.987500000000001,-0.030318296615895156
0,15.2391,5.9906250000000005,-0.030213481515166393
0,15.2391,5.99375,-0.030109322000500767
0,15.2391,5.996875,-0.030005811620326235
0,15.2391,6.0,-0.02990294401167872
