"Current","Field","Frequency","Spectra"
0,32.0123,1.0,-0.026126259634856232
0,32.0123,1.003125,-0.02619585270766265
0,32.0123,1.00625,-0.026265723901793554
0,32.0123,1.009375,-0.026335874697441176
0,32.0123,1.0125,-0.026406306584643678
0,32.0123,1.015625,-0.026477021063364057
0,32.0123,1.01875,-0.02654801964356996
0,32.0123,1.021875,-0.0266193038453142
0,32.0123,1.025,-0.026690875198815963
0,32.0123,1.028125,-0.026762735244542975
0,32.0123,1.03125,-0.02683488553329428
0,32.0123,1.034375,-0.026907327626283926
0,32.0123,1.0375,-0.026980063095225423
0,32.0123,1.040625,-0.027053093522416947
0,32.0123,1.04375,-0.027126420500827565
0,32.0123,1.046875,-0.027200045634184024
0,32.0123,1.05,-0.027273970537058642
0,32.0123,1.053125,-0.027348196834957882
0,32.0123,1.05625,-0.027422726164411826
0,32.0123,1.059375,-0.027497560173064633
0,32.0123,1.0625,-0.02757270051976569
0,32.0123,1.065625,-0.027648148874661833
0,32.0123,1.06875,-0.0277239069192904
0,32.0123,1.071875,-0.02779997634667314
0,32.0123,1.075,-0.027876358861411224
0,32.0123,1.078125,-0.027953056179780972
0,32.0123,1.08125,-0.02803007002983072
0,32.0123,1.084375,-0.028107402151478573
0,32.0123,1.0875,-0.028185054296611074
0,32.0123,1.090625,-0.02826302822918299
0,32.0123,1.09375,-0.028341325725317924
0,32.0123,1.096875,-0.028419948573410167
0,32.0123,1.1,-0.028498898574227327
0,32.0123,1.103125,-0.028578177541014126
0,32.0123,1.10625,-0.02865778729959727
0,32.0123,1.109375,-0.028737729688491285
0,32.0123,1.1125,-0.028818006559005467
0,32.0123,1.115625,-0.028898619775351977
0,32.0123,1.11875,-0.028979571214754904
0,32.0123,1.121875,-0.029060862767560605
0,32.0123,1.125,-0.02914249633734899
0,32.0123,1.128125,-0.029224473841046154
0,32.0123,1.13125,-0.029306797209037987
0,32.0123,1.134375,-0.029389468385285028
0,32.0123,1.1375,-0.02947248932743855
0,32.0123,1.140625,-0.029555862006957735
0,32.0123,1.14375,-0.029639588409228198
0,32.0123,1.146875,-0.029723670533681645
0,32.0123,1.15,-0.029808110393916766
0,32.0123,1.153125,-0.029892910017821545
0,32.0123,1.15625,-0.02997807144769661
0,32.0123,1.159375,-0.030063596740380148
0,32.0123,1.1625,-0.030149487967373902
0,32.0123,1.165625,-0.03023574721497061
0,32.0123,1.16875,-0.030322376584382863
0,32.0123,1.171875,-0.03040937819187314
0,32.0123,1.175,-0.030496754168885414
0,32.0123,1.178125,-0.03058450666217809
0,32.0123,1.18125,-0.030672637833958283
0,32.0123,1.184375,-0.030761149862017754
0,32.0123,1.1875,-0.030850044939870022
0,32.0123,1.190625,-0.03093932527688927
0,32.0123,1.19375,-0.03102899309845046
0,32.0123,1.196875,-0.031119050646071192
0,32.0123,1.2,-0.031209500177554986
0,32.0123,1.203125,-0.03130034396713615
0,32.0123,1.20625,-0.031391584305626316
0,32.0123,1.209375,-0.03148322350056244
0,32.0123,1.2125,-0.03157526387635659
0,32.0123,1.215625,-0.03166770777444726
0,32.0123,1.21875,-0.031760557553452425
0,32.0123,1.221875,-0.031853815589324326
0,32.0123,1.225,-0.031947484275505936
0,32.0123,1.228125,-0.032041566023089135
0,32.0123,1.23125,-0.032136063260974845
0,32.0123,1.234375,-0.03223097843603469
0,32.0123,1.2375,-0.03232631401327471
0,32.0123,1.240625,-0.03242207247600093
0,32.0123,1.24375,-0.032518256325986594
0,32.0123,1.246875,-0.03261486808364158
0,32.0123,1.25,-0.03271191028818358
0,32.0123,1.253125,-0.03280938549781128
0,32.0123,1.25625,-0.03290729628987967
0,32.0123,1.259375,-0.033005645261077146
0,32.0123,1.2625,-0.033104435027604864
0,32.0123,1.265625,-0.03320366822535816
0,32.0123,1.26875,-0.03330334751011
0,32.0123,1.271875,-0.03340347555769665
0,32.0123,1.275,-0.03350405506420558
0,32.0123,1.278125,-0.03360508874616551
0,32.0123,1.28125,-0.03370657934073875
0,32.0123,1.284375,-0.03380852960591584
0,32.0123,1.2875,-0.033910942320712546
0,32.0123,1.290625,-0.034013820285369145
0,32.0123,1.29375,-0.03411716632155225
0,32.0123,1.296875,-0.03422098327255889
0,32.0123,1.3,-0.0343252740035233
0,32.0123,1.303125,-0.03443004140162609
0,32.0123,1.30625,-0.03453528837630595
0,32.0123,1.309375,-0.03464101785947415
0,32.0123,1.3125,-0.03474723280573151
0,32.0123,1.315625,-0.03485393619258817
0,32.0123,1.31875,-0.03496113102068602
0,32.0123,1.321875,-0.035068820314024064
0,32.0123,1.325,-0.03517700712018648
0,32.0123,1.328125,-0.03528569451057363
0,32.0123,1.33125,-0.03539488558063599
0,32.0123,1.334375,-0.03550458345011114
0,32.0123,1.3375,-0.03561479126326366
0,32.0123,1.340625,-0.03572551218912828
0,32.0123,1.34375,-0.035836749421756034
0,32.0123,1.346875,-0.035948506180463705
0,32.0123,1.35,-0.03606078571008654
0,32.0123,1.353125,-0.03617359128123425
0,32.0123,1.35625,-0.0362869261905504
0,32.0123,1.359375,-0.03640079376097528
0,32.0123,1.3625,-0.03651519734201222
0,32.0123,1.365625,-0.03663014030999758
0,32.0123,1.36875,-0.03674562606837429
0,32.0123,1.371875,-0.036861658047969134
0,32.0123,1.375,-0.03697823970727381
0,32.0123,1.378125,-0.03709537453272991
0,32.0123,1.38125,-0.037213066039017674
0,32.0123,1.384375,-0.03733131776934895
0,32.0123,1.3875,-0.03745013329576405
0,32.0123,1.390625,-0.03756951621943291
0,32.0123,1.39375,-0.03768947017096036
0,32.0123,1.396875,-0.0378099988106959
0,32.0123,1.4,-0.03793110582904771
0,32.0123,1.403125,-0.0380527949468013
0,32.0123,1.40625,-0.038175069915442686
0,32.0123,1.409375,-0.038297934517486254
0,32.0123,1.4125,-0.038421392566807516
0,32.0123,1.415625,-0.03854544790898058
0,32.0123,1.41875,-0.038670104421620805
0,32.0123,1.421875,-0.03879536601473236
0,32.0123,1.425,-0.03892123663106119
0,32.0123,1.428125,-0.03904772024645309
0,32.0123,1.43125,-0.03917482087021736
0,32.0123,1.434375,-0.03930254254549602
0,32.0123,1.4375,-0.0394308893496385
0,32.0123,1.440625,-0.039559865394582366
0,32.0123,1.44375,-0.03968947482723984
0,32.0123,1.446875,-0.039819721829890374
0,32.0123,1.45,-0.03995061062057945
0,32.0123,1.453125,-0.04008214545352375
0,32.0123,1.45625,-0.040214330619522655
0,32.0123,1.459375,-0.040347170446376514
0,32.0123,1.4625,-0.04048066929931168
0,32.0123,1.465625,-0.040614831581412415
0,32.0123,1.46875,-0.04074966173405985
0,32.0123,1.471875,-0.0408851642373784
0,32.0123,1.475,-0.04102134361068939
0,32.0123,1.478125,-0.041158204412972466
0,32.0123,1.48125,-0.041295751243334726
0,32.0123,1.484375,-0.041433988741487834
0,32.0123,1.4875,-0.04157292158823332
0,32.0123,1.490625,-0.04171255450595633
0,32.0123,1.49375,-0.04185289225912782
0,32.0123,1.496875,-0.041993939654815744
0,32.0123,1.5,-0.04213570154320507
0,32.0123,1.503125,-0.042278182818127195
0,32.0123,1.50625,-0.04242138841759874
0,32.0123,1.509375,-0.042565323324370144
0,32.0123,1.5125000000000002,-0.0427099925664842
0,32.0123,1.515625,-0.042855401217844785
0,32.0123,1.51875,-0.04300155439879617
0,32.0123,1.521875,-0.043148457276713
0,32.0123,1.525,-0.043296115066601366
0,32.0123,1.5281250000000002,-0.043444533031711335
0,32.0123,1.53125,-0.04359371648416078
0,32.0123,1.534375,-0.04374367078557163
0,32.0123,1.5375,-0.043894401347717965
0,32.0123,1.540625,-0.04404591363318695
0,32.0123,1.5437500000000002,-0.04419821315605269
0,32.0123,1.546875,-0.04435130548256316
0,32.0123,1.55,-0.0445051962318411
0,32.0123,1.553125,-0.04465989107659868
0,32.0123,1.55625,-0.04481539574386668
0,32.0123,1.5593750000000002,-0.04497171601573841
0,32.0123,1.5625,-0.04512885773012887
0,32.0123,1.565625,-0.045286826781549536
0,32.0123,1.56875,-0.04544562912189915
0,32.0123,1.571875,-0.045605270761271105
0,32.0123,1.5750000000000002,-0.04576575776877766
0,32.0123,1.578125,-0.045927096273391685
0,32.0123,1.58125,-0.0460892924648063
0,32.0123,1.584375,-0.046252352594312936
0,32.0123,1.5875,-0.04641628297569823
0,32.0123,1.5906250000000002,-0.04658108998616058
0,32.0123,1.59375,-0.04674678006724646
0,32.0123,1.596875,-0.0469133597258075
0,32.0123,1.6,-0.04708083553497857
0,32.0123,1.603125,-0.04724921413517761
0,32.0123,1.6062500000000002,-0.04741850223512787
0,32.0123,1.609375,-0.04758870661290283
0,32.0123,1.6125,-0.04775983411699512
0,32.0123,1.615625,-0.04793189166740919
0,32.0123,1.61875,-0.04810488625677911
0,32.0123,1.6218750000000002,-0.048278824951512
0,32.0123,1.625,-0.04845371489295734
0,32.0123,1.628125,-0.04862956329860365
0,32.0123,1.63125,-0.04880637746330247
0,32.0123,1.634375,-0.04898416476052088
0,32.0123,1.6375000000000002,-0.049162932643623126
0,32.0123,1.640625,-0.04934268864718195
0,32.0123,1.64375,-0.04952344038832069
0,32.0123,1.646875,-0.0497051955680866
0,32.0123,1.65,-0.049887961972856235
0,32.0123,1.6531250000000002,-0.05007174747577396
0,32.0123,1.65625,-0.05025656003822362
0,32.0123,1.659375,-0.05044240771133503
0,32.0123,1.6625,-0.05062929863752535
0,32.0123,1.665625,-0.05081724105207626
0,32.0123,1.6687500000000002,-0.051006243284747926
0,32.0123,1.671875,-0.05119631376142989
0,32.0123,1.675,-0.051387461005830304
0,32.0123,1.678125,-0.05157969364120338
0,32.0123,1.68125,-0.05177302039211614
0,32.0123,1.6843750000000002,-0.05196745008625502
0,32.0123,1.6875,-0.0521629916562724
0,32.0123,1.690625,-0.0523596541416741
0,32.0123,1.69375,-0.05255744669074765
0,32.0123,1.696875,-0.05275637856253189
0,32.0123,1.7000000000000002,-0.052956459128828175
0,32.0123,1.703125,-0.053157697876252685
0,32.0123,1.70625,-0.053360104408330646
0,32.0123,1.709375,-0.05356368844763123
0,32.0123,1.7125,-0.053768459837943594
0,32.0123,1.7156250000000002,-0.053974428546492946
0,32.0123,1.71875,-0.05418160466619577
0,32.0123,1.721875,-0.05438999841795387
0,32.0123,1.725,-0.054599620152984744
0,32.0123,1.728125,-0.054810480355187784
0,32.0123,1.7312500000000002,-0.05502258964354354
0,32.0123,1.734375,-0.05523595877454393
0,32.0123,1.7375,-0.05545059864465086
0,32.0123,1.740625,-0.05566652029277933
0,32.0123,1.74375,-0.05588373490280195
0,32.0123,1.7468750000000002,-0.056102253806069965
0,32.0123,1.75,-0.05632208848394577
0,32.0123,1.753125,-0.05654325057034148
0,32.0123,1.75625,-0.05676575185425649
0,32.0123,1.759375,-0.056989604282306906
0,32.0123,1.7625000000000002,-0.05721481996123832
0,32.0123,1.765625,-0.05744141116041204
0,32.0123,1.76875,-0.057669390314254824
0,32.0123,1.771875,-0.057898770024659096
0,32.0123,1.775,-0.05812956306332092
0,32.0123,1.7781250000000002,-0.05836178237400043
0,32.0123,1.78125,-0.05859544107468761
0,32.0123,1.784375,-0.058830552459655384
0,32.0123,1.7875,-0.05906713000137844
0,32.0123,1.790625,-0.05930518735229531
0,32.0123,1.7937500000000002,-0.05954473834638799
0,32.0123,1.796875,-0.05978579700055054
0,32.0123,1.8,-0.06002837751571609
0,32.0123,1.803125,-0.060272494277707214
0,32.0123,1.80625,-0.060518161857772056
0,32.0123,1.8093750000000002,-0.060765395012764734
0,32.0123,1.8125,-0.06101420868492382
0,32.0123,1.815625,-0.06126461800119944
0,32.0123,1.81875,-0.06151663827207347
0,32.0123,1.821875,-0.06177028498981343
0,32.0123,1.8250000000000002,-0.06202557382609451
0,32.0123,1.828125,-0.06228252062891859
0,32.0123,1.83125,-0.06254114141875299
0,32.0123,1.834375,-0.06280145238380487
0,32.0123,1.8375,-0.06306346987434085
0,32.0123,1.8406250000000002,-0.06332721039595332
0,32.0123,1.84375,-0.06359269060166772
0,32.0123,1.846875,-0.06385992728277798
0,32.0123,1.85,-0.06412893735828684
0,32.0123,1.853125,-0.06439973786282206
0,32.0123,1.8562500000000002,-0.06467234593288934
0,32.0123,1.859375,-0.06494677879131418
0,32.0123,1.8625,-0.06522305372971796
0,32.0123,1.865625,-0.06550118808886304
0,32.0123,1.86875,-0.06578119923669604
0,32.0123,1.8718750000000002,-0.06606310454391001
0,32.0123,1.875,-0.06634692135684002
0,32.0123,1.878125,-0.06663266696750245
0,32.0123,1.88125,-0.06692035858058396
0,32.0123,1.884375,-0.06721001327718457
0,32.0123,1.8875000000000002,-0.06750164797512144
0,32.0123,1.890625,-0.06779527938560163
0,32.0123,1.89375,-0.06809092396608248
0,32.0123,1.896875,-0.06838859786914708
0,32.0123,1.9,-0.06868831688724192
0,32.0123,1.9031250000000002,-0.06899009639314438
0,32.0123,1.90625,-0.06929395127605836
0,32.0123,1.909375,-0.06959989587327395
0,32.0123,1.9125,-0.06990794389737129
0,32.0123,1.915625,-0.07021810835900677
0,32.0123,1.9187500000000002,-0.07053040148538503
0,32.0123,1.921875,-0.0708448346345984
0,32.0123,1.925,-0.07116141820610856
0,32.0123,1.928125,-0.0714801615477479
0,32.0123,1.93125,-0.07180107285973948
0,32.0123,1.9343750000000002,-0.07212415909636756
0,32.0123,1.9375,-0.07244942586607979
0,32.0123,1.940625,-0.07277687733096683
0,32.0123,1.94375,-0.07310651610674045
0,32.0123,1.946875,-0.0734383431645228
0,32.0123,1.9500000000000002,-0.07377235773595679
0,32.0123,1.953125,-0.07410855722335398
0,32.0123,1.95625,-0.07444693711680504
0,32.0123,1.959375,-0.07478749092038095
0,32.0123,1.9625,-0.07513021008975082
0,32.0123,1.9656250000000002,-0.07547508398371863
0,32.0123,1.96875,-0.07582209983233344
0,32.0123,1.971875,-0.0761712427243446
0,32.0123,1.975,-0.07652249561683924
0,32.0123,1.978125,-0.07687583936991152
0,32.0123,1.9812500000000002,-0.07723125280915011
0,32.0123,1.984375,-0.07758871281858656
0,32.0123,1.9875,-0.07794819446651122
0,32.0123,1.990625,-0.07830967116622124
0,32.0123,1.99375,-0.07867311487331788
0,32.0123,1.9968750000000002,-0.0790384963206048
0,32.0123,2.0,-0.07940578529096425
0,32.0123,2.003125,-0.07977495092780426
0,32.0123,2.00625,-0.08014596208178759
0,32.0123,2.0093750000000004,-0.08051878769159372
0,32.0123,2.0125,-0.08089339719544864
0,32.0123,2.015625,-0.08126976096911231
0,32.0123,2.01875,-0.08164785078497924
0,32.0123,2.021875,-0.0820276402859613
0,32.0123,2.0250000000000004,-0.08240910546692545
0,32.0123,2.028125,-0.08279222515570059
0,32.0123,2.03125,-0.08317698148508393
0,32.0123,2.034375,-0.08356336034691358
0,32.0123,2.0375,-0.08395135181915914
0,32.0123,2.0406250000000004,-0.08434095055713901
0,32.0123,2.04375,-0.08473215614041978
0,32.0123,2.046875,-0.08512497336768036
0,32.0123,2.05,-0.0855194124928277
0,32.0123,2.053125,-0.08591548939689624
0,32.0123,2.0562500000000004,-0.08631322569171382
0,32.0123,2.059375,-0.08671264875292115
0,32.0123,2.0625,-0.08711379168162554
0,32.0123,2.065625,-0.08751669319569563
0,32.0123,2.06875,-0.08792139745338777
0,32.0123,2.0718750000000004,-0.08832795381357625
0,32.0123,2.075,-0.08873641653828013
0,32.0123,2.078125,-0.0891468444443875
0,32.0123,2.08125,-0.08955930051243514
0,32.0123,2.084375,-0.08997385146098676
0,32.0123,2.0875000000000004,-0.09039056729554766
0,32.0123,2.090625,-0.0908095208410662
0,32.0123,2.09375,-0.09123078726691379
0,32.0123,2.096875,-0.09165444361283129
0,32.0123,2.1,-0.09208056832371585
0,32.0123,2.1031250000000004,-0.09250924080033633
0,32.0123,2.10625,-0.09294054097215249
0,32.0123,2.109375,-0.09337454889741396
0,32.0123,2.1125,-0.09381134439467795
0,32.0123,2.115625,-0.09425100670884108
0,32.0123,2.1187500000000004,-0.09469361421377342
0,32.0123,2.121875,-0.09513924415269216
0,32.0123,2.125,-0.09558797241654837
0,32.0123,2.128125,-0.09603987335993164
0,32.0123,2.13125,-0.09649501965334216
0,32.0123,2.1343750000000004,-0.0969534821701333
0,32.0123,2.1375,-0.09741532990599885
0,32.0123,2.140625,-0.09788062992855469
0,32.0123,2.14375,-0.09834944735434543
0,32.0123,2.146875,-0.09882184535047596
0,32.0123,2.1500000000000004,-0.09929788515801971
0,32.0123,2.153125,-0.09977762613437605
0,32.0123,2.15625,-0.10026112581182552
0,32.0123,2.159375,-0.10074843996965394
0,32.0123,2.1625,-0.10123962271737492
0,32.0123,2.1656250000000004,-0.1017347265867597
0,32.0123,2.16875,-0.1022338026305834
0,32.0123,2.171875,-0.10273690052620033
0,32.0123,2.175,-0.10324406868227054
0,32.0123,2.178125,-0.1037553543471642
0,32.0123,2.1812500000000004,-0.10427080371776828
0,32.0123,2.184375,-0.10479046204760734
0,32.0123,2.1875,-0.10531437375336594
0,32.0123,2.190625,-0.10584258251905986
0,32.0123,2.19375,-0.1063751313972526
0,32.0123,2.1968750000000004,-0.1069120629068423
0,32.0123,2.2,-0.10745341912706437
0,32.0123,2.203125,-0.10799924178745489
0,32.0123,2.20625,-0.10854957235361112
0,32.0123,2.209375,-0.10910445210866043
0,32.0123,2.2125000000000004,-0.10966392223041457
0,32.0123,2.215625,-0.1102280238642404
0,32.0123,2.21875,-0.11079679819172097
0,32.0123,2.221875,-0.11137028649521814
0,32.0123,2.225,-0.11194853021847546
0,32.0123,2.2281250000000004,-0.11253157102342061
0,32.0123,2.23125,-0.11311945084334465
0,32.0123,2.234375,-0.11371221193264286
0,32.0123,2.2375,-0.11430989691331013
0,32.0123,2.240625,-0.11491254881838706
0,32.0123,2.2437500000000004,-0.11552021113255061
0,32.0123,2.246875,-0.11613292783004332
0,32.0123,2.25,-0.1167507434101276
0,32.0123,2.253125,-0.11737370293024633
0,32.0123,2.25625,-0.11800185203706383
0,32.0123,2.2593750000000004,-0.1186352369955508
0,32.0123,2.2625,-0.11927390471626949
0,32.0123,2.265625,-0.11991790278100256
0,32.0123,2.26875,-0.12056727946685922
0,32.0123,2.271875,-0.12122208376898229
0,32.0123,2.2750000000000004,-0.12188236542196529
0,32.0123,2.278125,-0.12254817492008038
0,32.0123,2.28125,-0.12321956353640308
0,32.0123,2.284375,-0.12389658334090717
0,32.0123,2.2875,-0.12457928721759391
0,32.0123,2.2906250000000004,-0.12526772888070148
0,32.0123,2.29375,-0.12596196289003195
0,32.0123,2.296875,-0.12666204466541656
0,32.0123,2.3,-0.1273680305003254
0,32.0123,2.303125,-0.12807997757461415
0,32.0123,2.3062500000000004,-0.12879794396638297
0,32.0123,2.309375,-0.12952198866290793
0,32.0123,2.3125,-0.1302521715705849
0,32.0123,2.315625,-0.1309885535238086
0,32.0123,2.31875,-0.1317311962926888
0,32.0123,2.3218750000000004,-0.13248016258948353
0,32.0123,2.325,-0.13323551607360587
0,32.0123,2.328125,-0.13399732135503573
0,32.0123,2.33125,-0.13476564399593888
0,32.0123,2.334375,-0.13554055051026914
0,32.0123,2.3375000000000004,-0.13632210836109415
0,32.0123,2.340625,-0.13711038595535363
0,32.0123,2.34375,-0.1379054526357206
0,32.0123,2.346875,-0.13870737866919608
0,32.0123,2.35,-0.13951623523202747
0,32.0123,2.3531250000000004,-0.1403320943904936
0,32.0123,2.35625,-0.14115502907705518
0,32.0123,2.359375,-0.14198511306131784
0,32.0123,2.3625,-0.14282242091520472
0,32.0123,2.365625,-0.1436670279716851
0,32.0123,2.3687500000000004,-0.14451901027635117
0,32.0123,2.371875,-0.1453784445310876
0,32.0123,2.375,-0.14624540802902602
0,32.0123,2.378125,-0.14711997857993592
0,32.0123,2.38125,-0.1480022344251639
0,32.0123,2.3843750000000004,-0.14889225414120746
0,32.0123,2.3875,-0.14979011653099303
0,32.0123,2.390625,-0.150695900501933
0,32.0123,2.39375,-0.1516096849298576
0,32.0123,2.396875,-0.15253154850797587
0,32.0123,2.4000000000000004,-0.15346156958010188
0,32.0123,2.403125,-0.15439982595751642
0,32.0123,2.40625,-0.15534639471901182
0,32.0123,2.409375,-0.15630135199390516
0,32.0123,2.4125,-0.15726477272811765
0,32.0123,2.4156250000000004,-0.15823673043379827
0,32.0123,2.41875,-0.15921729692344924
0,32.0123,2.421875,-0.16020654203007856
0,32.0123,2.425,-0.16120453331557993
0,32.0123,2.428125,-0.1622113357703285
0,32.0123,2.4312500000000004,-0.16322701150786922
0,32.0123,2.434375,-0.16425161945958144
0,32.0123,2.4375,-0.16528521507529625
0,32.0123,2.440625,-0.1663278500370176
0,32.0123,2.44375,-0.1673795719941226
0,32.0123,2.4468750000000004,-0.1684404243296458
0,32.0123,2.45,-0.16951044596843926
0,32.0123,2.453125,-0.1705896712390724
0,32.0123,2.45625,-0.1716781298022141
0,32.0123,2.459375,-0.17277584665883478
0,32.0123,2.4625000000000004,-0.17388284225176176
0,32.0123,2.465625,-0.1749991326738261
0,32.0123,2.46875,-0.17612472999492387
0,32.0123,2.471875,-0.17725964271869826
0,32.0123,2.475,-0.17840387637714547
0,32.0123,2.4781250000000004,-0.17955743426820317
0,32.0123,2.48125,-0.18072031833731125
0,32.0123,2.484375,-0.1818925301990727
0,32.0123,2.4875,-0.18307407228962952
0,32.0123,2.490625,-0.18426494913438515
0,32.0123,2.4937500000000004,-0.18546516870951782
0,32.0123,2.496875,-0.186674743869675
0,32.0123,2.5,-0.18789369380868412
0,32.0123,2.503125,-0.18912204551547368
0,32.0123,2.50625,-0.19035983518406474
0,32.0123,2.5093750000000004,-0.1916071095348136
0,32.0123,2.5125,-0.19286392700434712
0,32.0123,2.515625,-0.19413035876398135
0,32.0123,2.51875,-0.1954064895308733
0,32.0123,2.521875,-0.1966924181425914
0,32.0123,2.5250000000000004,-0.1979882578738972
0,32.0123,2.528125,-0.1992941364838882
0,32.0123,2.53125,-0.20061019599171132
0,32.0123,2.534375,-0.20193659218922339
0,32.0123,2.5375,-0.20327349390864174
0,32.0123,2.5406250000000004,-0.20462108207182067
0,32.0123,2.54375,-0.20597954855484582
0,32.0123,2.546875,-0.20734909490680134
0,32.0123,2.55,-0.20872993096465156
0,32.0123,2.553125,-0.21012227340715062
0,32.0123,2.5562500000000004,-0.21152634428965633
0,32.0123,2.559375,-0.21294236959892945
0,32.0123,2.5625,-0.21437057786276284
0,32.0123,2.565625,-0.2158111988439994
0,32.0123,2.56875,-0.2172644623425754
0,32.0123,2.5718750000000004,-0.21873059712303808
0,32.0123,2.575,-0.2202098299789039
0,32.0123,2.578125,-0.22170238493951722
0,32.0123,2.58125,-0.223208482619966
0,32.0123,2.584375,-0.2247283397102592
0,32.0123,2.5875000000000004,-0.22626216859643547
0,32.0123,2.590625,-0.22781017710358353
0,32.0123,2.59375,-0.22937256834887032
0,32.0123,2.596875,-0.23094954069152365
0,32.0123,2.6,-0.23254128776622268
0,32.0123,2.6031250000000004,-0.23414799858638055
0,32.0123,2.60625,-0.2357698577042773
0,32.0123,2.609375,-0.2374070454157876
0,32.0123,2.6125,-0.23905973799846175
0,32.0123,2.615625,-0.2407281079728772
0,32.0123,2.6187500000000004,-0.2424123243783922
0,32.0123,2.621875,-0.24411255305566956
0,32.0123,2.625,-0.24582895692952605
0,32.0123,2.628125,-0.2475616962867895
0,32.0123,2.63125,-0.2493109290448818
0,32.0123,2.6343750000000004,-0.251076811007774
0,32.0123,2.6375,-0.2528594961067821
0,32.0123,2.640625,-0.25465913662438333
0,32.0123,2.64375,-0.2564758833998338
0,32.0123,2.646875,-0.2583098860158814
0,32.0123,2.6500000000000004,-0.2601612929662721
0,32.0123,2.653125,-0.2620302518040907
0,32.0123,2.65625,-0.26391690927122663
0,32.0123,2.659375,-0.26582141140946186
0,32.0123,2.6625,-0.2677439036538153
0,32.0123,2.6656250000000004,-0.26968453090888395
0,32.0123,2.66875,-0.27164343760897974
0,32.0123,2.671875,-0.2736207677628949
0,32.0123,2.675,-0.2756166649841341
0,32.0123,2.678125,-0.27763127250744857
0,32.0123,2.6812500000000004,-0.2796647331924716
0,32.0123,2.684375,-0.2817171895152324
0,32.0123,2.6875,-0.28378878354826864
0,32.0123,2.690625,-0.2858796569300192
0,32.0123,2.69375,-0.2879899508241242
0,32.0123,2.6968750000000004,-0.29011980586920516
0,32.0123,2.7,-0.2922693621196495
0,32.0123,2.703125,-0.29443875897786864
0,32.0123,2.70625,-0.29662813511844666
0,32.0123,2.709375,-0.2988376284045554
0,32.0123,2.7125000000000004,-0.30106737579695697
0,32.0123,2.715625,-0.3033175132558816
0,32.0123,2.71875,-0.30558817563602064
0,32.0123,2.721875,-0.30787949657483876
0,32.0123,2.725,-0.3101916083743806
0,32.0123,2.7281250000000004,-0.3125246418767062
0,32.0123,2.73125,-0.3148787263330721
0,32.0123,2.734375,-0.3172539892669372
0,32.0123,2.7375,-0.3196505563308559
0,32.0123,2.740625,-0.3220685511572983
0,32.0123,2.7437500000000004,-0.3245080952034157
0,32.0123,2.746875,-0.326969307589756
0,32.0123,2.75,-0.3294523049329164
0,32.0123,2.753125,-0.33195720117210326
0,32.0123,2.75625,-0.33448410738956746
0,32.0123,2.7593750000000004,-0.33703313162486054
0,32.0123,2.7625,-0.3396043786828598
0,32.0123,2.765625,-0.3421979499354971
0,32.0123,2.76875,-0.34481394311711566
0,32.0123,2.771875,-0.34745245211338677
0,32.0123,2.7750000000000004,-0.35011356674370103
0,32.0123,2.778125,-0.3527973725369557
0,32.0123,2.78125,-0.3555039505006552
0,32.0123,2.784375,-0.3582333768832355
0,32.0123,2.7875,-0.36098572292953374
0,32.0123,2.7906250000000004,-0.36376105462931746
0,32.0123,2.79375,-0.3665594324587949
0,32.0123,2.796875,-0.36938091111502863
0,32.0123,2.8,-0.37222553924317714
0,32.0123,2.803125,-0.3750933591564991
0,32.0123,2.8062500000000004,-0.37798440654905446
0,32.0123,2.809375,-0.3808987102010509
0,32.0123,2.8125,-0.3838362916767844
0,32.0123,2.815625,-0.38679716501513334
0,32.0123,2.81875,-0.3897813364125794
0,32.0123,2.8218750000000004,-0.3927888038987321
0,32.0123,2.825,-0.3958195570043524
0,32.0123,2.828125,-0.39887357642187726
0,32.0123,2.83125,-0.40195083365846174
0,32.0123,2.834375,-0.40505129068157414
0,32.0123,2.8375000000000004,-0.4081748995571881
0,32.0123,2.840625,-0.4113216020806391
0,32.0123,2.84375,-0.41449132940022815
0,32.0123,2.846875,-0.4176840016336678
0,32.0123,2.85,-0.4208995274774999
0,32.0123,2.8531250000000004,-0.42413780380962
0,32.0123,2.85625,-0.42739871528508
0,32.0123,2.859375,-0.43068213392535437
0,32.0123,2.8625,-0.43398791870128367
0,32.0123,2.865625,-0.43731591510993667
0,32.0123,2.8687500000000004,-0.44066595474565784
0,32.0123,2.871875,-0.4440378548656006
0,32.0123,2.875,-0.4474314179500713
0,32.0123,2.878125,-0.4508464312580401
0,32.0123,2.88125,-0.45428266637821646
0,32.0123,2.8843750000000004,-0.4577398787761119
0,32.0123,2.8875,-0.4612178073375535
0,32.0123,2.890625,-0.46471617390915027
0,32.0123,2.89375,-0.46823468283624314
0,32.0123,2.896875,-0.4717730204989236
0,32.0123,2.9000000000000004,-0.47533085484673393
0,32.0123,2.903125,-0.47890783493271394
0,32.0123,2.90625,-0.48250359044749747
0,32.0123,2.909375,-0.4861177312542018
0,32.0123,2.9125,-0.4897498469249126
0,32.0123,2.9156250000000004,-0.4933995062795967
0,32.0123,2.91875,-0.4970662569283379
0,32.0123,2.921875,-0.5007496248178286
0,32.0123,2.925,-0.5044491137830998
0,32.0123,2.928125,-0.5081642051055282
0,32.0123,2.9312500000000004,-0.5118943570782023
0,32.0123,2.934375,-0.5156390045797825
0,32.0123,2.9375,-0.5193975586580426
0,32.0123,2.940625,-0.5231694061243197
0,32.0123,2.94375,-0.5269539091601664
0,32.0123,2.9468750000000004,-0.5307504049375308
0,32.0123,2.95,-0.5345582052538557
0,32.0123,2.953125,-0.5383765961835196
0,32.0123,2.95625,-0.5422048377471015
0,32.0123,2.959375,-0.5460421635999865
0,32.0123,2.9625000000000004,-0.5498877807418835
0,32.0123,2.965625,-0.5537408692488573
0,32.0123,2.96875,-0.5576005820295241
0,32.0123,2.971875,-0.5614660446070858
0,32.0123,2.975,-0.5653363549289255
0,32.0123,2.9781250000000004,-0.569210583205502
0,32.0123,2.98125,-0.5730877717803186
0,32.0123,2.984375,-0.5769669350327586
0,32.0123,2.9875,-0.580847059315591
0,32.0123,2.990625,-0.5847271029289742
0,32.0123,2.9937500000000004,-0.5886059961327832
0,32.0123,2.996875,-0.5924826411990946
0,32.0123,3.0,-0.5963559125066492
0,32.0123,3.0031250000000003,-0.6002246566791095
0,32.0123,3.00625,-0.6040876927689023
0,32.0123,3.009375,-0.6079438124884254
0,32.0123,3.0125,-0.6117917804903448
0,32.0123,3.015625,-0.6156303346986767
0,32.0123,3.0187500000000003,-0.6194581866923111
0,32.0123,3.021875,-0.6232740221425412
0,32.0123,3.025,-0.6270765013061366
0,32.0123,3.028125,-0.6308642595753832
0,32.0123,3.03125,-0.6346359080864499
0,32.0123,3.0343750000000003,-0.638390034387342
0,32.0123,3.0375,-0.6421252031665716
0,32.0123,3.040625,-0.6458399570435984
0,32.0123,3.04375,-0.6495328174219256
0,32.0123,3.046875,-0.6532022854056201
0,32.0123,3.0500000000000003,-0.6568468427798829
0,32.0123,3.053125,-0.6604649530561099
0,32.0123,3.05625,-0.6640550625817487
0,32.0123,3.059375,-0.667615601715051
0,32.0123,3.0625,-0.6711449860646431
0,32.0123,3.0656250000000003,-0.6746416177936493
0,32.0123,3.06875,-0.6781038869878692
0,32.0123,3.071875,-0.6815301730873318
0,32.0123,3.075,-0.6849188463802919
0,32.0123,3.078125,-0.6882682695585286
0,32.0123,3.0812500000000003,-0.6915767993325684
0,32.0123,3.084375,-0.6948427881051923
0,32.0123,3.0875,-0.6980645857013781
0,32.0123,3.090625,-0.701240541152545
0,32.0123,3.09375,-0.704369004532735
0,32.0123,3.0968750000000003,-0.7074483288441185
0,32.0123,3.1,-0.7104768719489326
0,32.0123,3.103125,-0.7134529985447473
0,32.0123,3.10625,-0.7163750821796709
0,32.0123,3.109375,-0.71924150730388
0,32.0123,3.1125000000000003,-0.7220506713536259
0,32.0123,3.115625,-0.7248009868636129
0,32.0123,3.11875,-0.7274908836034502
0,32.0123,3.121875,-0.730118810733639
0,32.0123,3.125,-0.7326832389763713
0,32.0123,3.1281250000000003,-0.735182662796221
0,32.0123,3.13125,-0.7376156025856287
0,32.0123,3.134375,-0.7399806068499342
0,32.0123,3.1375,-0.742276254386552
0,32.0123,3.140625,-0.7445011564527751
0,32.0123,3.1437500000000003,-0.746653958916588
0,32.0123,3.146875,-0.748733344384773
0,32.0123,3.15,-0.7507380343025548
0,32.0123,3.153125,-0.7526667910189725
0,32.0123,3.15625,-0.7545184198121642
0,32.0123,3.1593750000000003,-0.7562917708687635
0,32.0123,3.1625,-0.7579857412116305
0,32.0123,3.165625,-0.759599276570221
0,32.0123,3.16875,-0.7611313731879694
0,32.0123,3.171875,-0.7625810795611866
0,32.0123,3.1750000000000003,-0.7639474981041117
0,32.0123,3.178125,-0.7652297867349184
0,32.0123,3.18125,-0.7664271603776817
0,32.0123,3.184375,-0.7675388923755116
0,32.0123,3.1875,-0.7685643158103158
0,32.0123,3.1906250000000003,-0.7695028247249119
0,32.0123,3.19375,-0.7703538752434939
0,32.0123,3.196875,-0.7711169865867741
0,32.0123,3.2,-0.771791741978439
0,32.0123,3.203125,-0.7723777894399086
0,32.0123,3.2062500000000003,-0.7728748424707483
0,32.0123,3.209375,-0.7732826806124573
0,32.0123,3.2125,-0.7736011498937463
0,32.0123,3.215625,-0.773830163155813
0,32.0123,3.21875,-0.773969700256534
0,32.0123,3.2218750000000003,-0.7740198081528993
0,32.0123,3.225,-0.7739806008614326
0,32.0123,3.228125,-0.7738522592967638
0,32.0123,3.23125,-0.7736350309889257
0,32.0123,3.234375,-0.773329229680367
0,32.0123,3.2375000000000003,-0.7729352348040831
0,32.0123,3.240625,-0.7724534908446619
0,32.0123,3.24375,-0.7718845065844321
0,32.0123,3.246875,-0.7712288542372842
0,32.0123,3.25,-0.7704871684730982
0,32.0123,3.2531250000000003,-0.7696601453360551
0,32.0123,3.25625,-0.7687485410604513
0,32.0123,3.259375,-0.7677531707879373
0,32.0123,3.2625,-0.7666749071904027
0,32.0123,3.265625,-0.7655146790029939
0,32.0123,3.2687500000000003,-0.7642734694720006
0,32.0123,3.271875,-0.7629523147225711
0,32.0123,3.275,-0.7615523020514134
0,32.0123,3.278125,-0.7600745681498139
0,32.0123,3.28125,-0.758520297262453
0,32.0123,3.2843750000000003,-0.7568907192876126
0,32.0123,3.2875,-0.7551871078244804
0,32.0123,3.290625,-0.7534107781733012
0,32.0123,3.29375,-0.7515630852941961
0,32.0123,3.296875,-0.7496454217304662
0,32.0123,3.3000000000000003,-0.747659215502198
0,32.0123,3.303125,-0.745605927975964
0,32.0123,3.30625,-0.743487051716341
0,32.0123,3.309375,-0.7413041083249065
0,32.0123,3.3125,-0.7390586462722701
0,32.0123,3.3156250000000003,-0.7367522387285698
0,32.0123,3.31875,-0.7343864813977432
0,32.0123,3.321875,-0.7319629903607084
0,32.0123,3.325,-0.7294833999324373
0,32.0123,3.328125,-0.7269493605377035
0,32.0123,3.3312500000000003,-0.7243625366100914
0,32.0123,3.334375,-0.7217246045186518
0,32.0123,3.3375,-0.7190372505263508
0,32.0123,3.340625,-0.7163021687842432
0,32.0123,3.34375,-0.7135210593650614
0,32.0123,3.3468750000000003,-0.7106956263396565
0,32.0123,3.35,-0.7078275758995023
0,32.0123,3.353125,-0.7049186145281966
0,32.0123,3.35625,-0.7019704472246707
0,32.0123,3.359375,-0.6989847757805383
0,32.0123,3.3625000000000003,-0.6959632971137816
0,32.0123,3.365625,-0.6929077016607228
0,32.0123,3.36875,-0.689819671827969
0,32.0123,3.371875,-0.6867008805057958
0,32.0123,3.375,-0.683552989644186
0,32.0123,3.3781250000000003,-0.6803776488925088
0,32.0123,3.38125,-0.6771764943036154
0,32.0123,3.384375,-0.6739511471028877
0,32.0123,3.3875,-0.6707032125225953
0,32.0123,3.390625,-0.6674342787016965
0,32.0123,3.3937500000000003,-0.6641459156510332
0,32.0123,3.396875,-0.660839674283705
0,32.0123,3.4000000000000004,-0.6575170855102072
0,32.0123,3.403125,-0.6541796593977901
0,32.0123,3.40625,-0.650828884393319
0,32.0123,3.4093750000000003,-0.6474662266087928
0,32.0123,3.4125,-0.6440931291685416
0,32.0123,3.4156250000000004,-0.640711011616999
0,32.0123,3.41875,-0.6373212693858558
0,32.0123,3.421875,-0.6339252733192731
0,32.0123,3.4250000000000003,-0.6305243692557736
0,32.0123,3.428125,-0.627119877665333
0,32.0123,3.4312500000000004,-0.6237130933401208
0,32.0123,3.434375,-0.6203052851373044
0,32.0123,3.4375,-0.6168976957722396
0,32.0123,3.4406250000000003,-0.6134915416603691
0,32.0123,3.44375,-0.6100880128060863
0,32.0123,3.4468750000000004,-0.6066882727368033
0,32.0123,3.45,-0.6032934584804566
0,32.0123,3.453125,-0.5999046805846449
0,32.0123,3.4562500000000003,-0.5965230231756138
0,32.0123,3.459375,-0.5931495440552923
0,32.0123,3.4625000000000004,-0.5897852748345825
0,32.0123,3.465625,-0.586431221101142
0,32.0123,3.46875,-0.5830883626198838
0,32.0123,3.4718750000000003,-0.5797576535644736
0,32.0123,3.475,-0.5764400227781002
0,32.0123,3.4781250000000004,-0.5731363740618461
0,32.0123,3.48125,-0.5698475864890116
0,32.0123,3.484375,-0.5665745147437794
0,32.0123,3.4875000000000003,-0.5633179894826539
0,32.0123,3.490625,-0.5600788177171471
0,32.0123,3.4937500000000004,-0.5568577832162231
0,32.0123,3.496875,-0.5536556469270758
0,32.0123,3.5,-0.5504731474128357
0,32.0123,3.5031250000000003,-0.5473110013058821
0,32.0123,3.50625,-0.5441699037754636
0,32.0123,3.5093750000000004,-0.5410505290083852
0,32.0123,3.5125,-0.5379535307015908
0,32.0123,3.515625,-0.5348795425654872
0,32.0123,3.5187500000000003,-0.5318291788369476
0,32.0123,3.521875,-0.5288030348009551
0,32.0123,3.5250000000000004,-0.5258016873199078
0,32.0123,3.528125,-0.5228256953696722
0,32.0123,3.53125,-0.5198756005814967
0,32.0123,3.5343750000000003,-0.5169519277889779
0,32.0123,3.5375,-0.5140551855792995
0,32.0123,3.5406250000000004,-0.5111858668480199
0,32.0123,3.54375,-0.5083444493567449
0,32.0123,3.546875,-0.5055313962930488
0,32.0123,3.5500000000000003,-0.5027471568320739
0,32.0123,3.553125,-0.4999921666992717
0,32.0123,3.5562500000000004,-0.49726684873379423
0,32.0123,3.559375,-0.49457161345210077
0,32.0123,3.5625,-0.4919068596113655
0,32.0123,3.5656250000000003,-0.4892729747723347
0,32.0123,3.56875,-0.48667033586131003
0,32.0123,3.5718750000000004,-0.48409930973096926
0,32.0123,3.575,-0.4815602537197932
0,32.0123,3.578125,-0.47905351620987724
0,32.0123,3.5812500000000003,-0.4765794371829631
0,32.0123,3.584375,-0.4741383487745521
0,32.0123,3.5875000000000004,-0.4717305758259885
0,32.0123,3.590625,-0.4693564364344473
0,32.0123,3.59375,-0.467016242500775
0,32.0123,3.5968750000000003,-0.4647103002751783
0,32.0123,3.6,-0.4624389109007711
0,32.0123,3.6031250000000004,-0.46020237095502103
0,32.0123,3.60625,-0.4580009729891732
0,32.0123,3.609375,-0.45583500606573546
0,32.0123,3.6125000000000003,-0.4537047562941545
0,32.0123,3.615625,-0.45161050736482306
0,32.0123,3.6187500000000004,-0.44955254108158227
0,32.0123,3.621875,-0.4475311378929154
0,32.0123,3.625,-0.4455465774220372
0,32.0123,3.6281250000000003,-0.44359913899611497
0,32.0123,3.63125,-0.44168910217487184
0,32.0123,3.6343750000000004,-0.43981674727884207
0,32.0123,3.6375,-0.43798235591757256
0,32.0123,3.640625,-0.43618621151807535
0,32.0123,3.6437500000000003,-0.4344285998538599
0,32.0123,3.646875,-0.43270980957489047
0,32.0123,3.6500000000000004,-0.4310301327388244
0,32.0123,3.653125,-0.42938986534391566
0,32.0123,3.65625,-0.4277893078639706
0,32.0123,3.6593750000000003,-0.42622876578576924
0,32.0123,3.6625,-0.42470855014937603
0,32.0123,3.6656250000000004,-0.42322897809177606
0,32.0123,3.66875,-0.42179037339429676
0,32.0123,3.671875,-0.4203930670342773
0,32.0123,3.6750000000000003,-0.419037397741474
0,32.0123,3.678125,-0.41772371255969454
0,32.0123,3.6812500000000004,-0.4164523674141707
0,32.0123,3.684375,-0.41522372768519716
0,32.0123,3.6875,-0.4140381687885663
0,32.0123,3.6906250000000003,-0.4128960767633525
0,32.0123,3.69375,-0.41179784886760556
0,32.0123,3.6968750000000004,-0.4107438941825244
0,32.0123,3.7,-0.409734634225699
0,32.0123,3.703125,-0.4087705035740122
0,32.0123,3.7062500000000003,-0.40785195049681033
0,32.0123,3.709375,-0.4069794375999591
0,32.0123,3.7125000000000004,-0.40615344248140545
0,32.0123,3.715625,-0.4053744583988874
0,32.0123,3.71875,-0.4046429949504264
0,32.0123,3.7218750000000003,-0.40395957876825567
0,32.0123,3.725,-0.403324754226838
0,32.0123,3.7281250000000004,-0.4027390841656311
0,32.0123,3.73125,-0.4022031506272661
0,32.0123,3.734375,-0.4017175556117993
0,32.0123,3.7375000000000003,-0.4012829218477061
0,32.0123,3.740625,-0.4008998935802746
0,32.0123,3.7437500000000004,-0.40056913737805927
0,32.0123,3.746875,-0.4002913429580443
0,32.0123,3.75,-0.4000672240301566
0,32.0123,3.7531250000000003,-0.39989751916175764
0,32.0123,3.75625,-0.3997829926627213
0,32.0123,3.7593750000000004,-0.3997244354916908
0,32.0123,3.7625,-0.39972266618407476
0,32.0123,3.765625,-0.3997785318023173
0,32.0123,3.7687500000000003,-0.3998929089089363
0,32.0123,3.771875,-0.4000667045627834
0,32.0123,3.7750000000000004,-0.4003008573389259
0,32.0123,3.778125,-0.40059633837249475
0,32.0123,3.78125,-0.400954152426773
0,32.0123,3.7843750000000003,-0.4013753389857214
0,32.0123,3.7875,-0.40186097337105003
0,32.0123,3.7906250000000004,-0.40241216788384226
0,32.0123,3.79375,-0.40303007297062066
0,32.0123,3.796875,-0.4037158784136184
0,32.0123,3.8000000000000003,-0.4044708145448663
0,32.0123,3.803125,-0.40529615348354314
0,32.0123,3.8062500000000004,-0.406193210395852
0,32.0123,3.809375,-0.4071633447764655
0,32.0123,3.8125,-0.408207961750365
0,32.0123,3.8156250000000003,-0.40932851339361664
0,32.0123,3.81875,-0.4105265000713471
0,32.0123,3.8218750000000004,-0.41180347179085225
0,32.0123,3.825,-0.4131610295673988
0,32.0123,3.828125,-0.41460082679988813
0,32.0123,3.8312500000000003,-0.4161245706530868
0,32.0123,3.834375,-0.4177340234426366
0,32.0123,3.8375000000000004,-0.4194310040185066
0,32.0123,3.840625,-0.4212173891419224
0,32.0123,3.84375,-0.42309511485015067
0,32.0123,3.8468750000000003,-0.4250661778027481
0,32.0123,3.85,-0.42713263660207273
0,32.0123,3.8531250000000004,-0.4292966130799404
0,32.0123,3.85625,-0.4315602935413004
0,32.0123,3.859375,-0.433925929954716
0,32.0123,3.8625000000000003,-0.43639584107820706
0,32.0123,3.865625,-0.4389724135076951
0,32.0123,3.8687500000000004,-0.44165810263383004
0,32.0123,3.871875,-0.44445543349137323
0,32.0123,3.875,-0.4473670014835806
0,32.0123,3.8781250000000003,-0.45039547296210536
0,32.0123,3.88125,-0.4535435856408684
0,32.0123,3.8843750000000004,-0.4568141488200796
0,32.0123,3.8875,-0.46021004339411004
0,32.0123,3.890625,-0.4637342216142593
0,32.0123,3.8937500000000003,-0.4673897065745334
0,32.0123,3.896875,-0.4711795913854125
0,32.0123,3.9000000000000004,-0.47510703799720055
0,32.0123,3.903125,-0.47917527563085227
0,32.0123,3.90625,-0.48338759877027093
0,32.0123,3.9093750000000003,-0.48774736466580015
0,32.0123,3.9125,-0.49225799029413203
0,32.0123,3.9156250000000004,-0.4969229487150123
0,32.0123,3.91875,-0.5017457647599729
0,32.0123,3.921875,-0.5067300099828984
0,32.0123,3.9250000000000003,-0.5118792967964585
0,32.0123,3.928125,-0.517197271712418
0,32.0123,3.9312500000000004,-0.5226876075975297
0,32.0123,3.934375,-0.5283539948501343
0,32.0123,3.9375,-0.5342001313958801
0,32.0123,3.9406250000000003,-0.5402297113940177
0,32.0123,3.94375,-0.5464464125387616
0,32.0123,3.9468750000000004,-0.5528538818332047
0,32.0123,3.95,-0.5594557197063511
0,32.0123,3.953125,-0.566255462337214
0,32.0123,3.9562500000000003,-0.5732565620435925
0,32.0123,3.959375,-0.5804623655874706
0,32.0123,3.9625000000000004,-0.5878760902440666
0,32.0123,3.965625,-0.5955007974776694
0,32.0123,3.96875,-0.6033393640649461
0,32.0123,3.9718750000000003,-0.6113944505055644
0,32.0123,3.975,-0.6196684665613114
0,32.0123,3.9781250000000004,-0.6281635337687862
0,32.0123,3.98125,-0.6368814447776587
0,32.0123,3.984375,-0.6458236193771714
0,32.0123,3.9875000000000003,-0.6549910570884114
0,32.0123,3.990625,-0.6643842862198126
0,32.0123,3.9937500000000004,-0.6740033093089867
0,32.0123,3.996875,-0.6838475449061056
0,32.0123,4.0,-0.6939157656936638
0,32.0123,4.003125000000001,-0.7042060329851603
0,32.0123,4.00625,-0.714715627702119
0,32.0123,4.009375,-0.7254409779957219
0,32.0123,4.0125,-0.7363775837566255
0,32.0123,4.015625,-0.7475199383456496
0,32.0123,4.018750000000001,-0.7588614479784701
0,32.0123,4.021875,-0.7703943493104778
0,32.0123,4.025,-0.7821096258930019
0,32.0123,4.028125,-0.793996924308684
0,32.0123,4.03125,-0.8060444709417981
0,32.0123,4.034375000000001,-0.8182389904962252
0,32.0123,4.0375,-0.8305656275386014
0,32.0123,4.040625,-0.8430078725134351
0,32.0123,4.04375,-0.8555474938469404
0,32.0123,4.046875,-0.8681644779231451
0,32.0123,4.050000000000001,-0.8808369788727262
0,32.0123,4.053125,-0.89354128025655
0,32.0123,4.05625,-0.9062517708438644
0,32.0123,4.059375,-0.9189409367709709
0,32.0123,4.0625,-0.931579372411672
0,32.0123,4.065625000000001,-0.9441358122849661
0,32.0123,4.06875,-0.9565771862598196
0,32.0123,4.071875,-0.9688687001811311
0,32.0123,4.075,-0.9809739438266272
0,32.0123,4.078125,-0.9928550278047943
0,32.0123,4.081250000000001,-1.0044727506128555
0,32.0123,4.084375,-1.0157867965900271
0,32.0123,4.0875,-1.0267559649253966
0,32.0123,4.090625,-1.0373384292171703
0,32.0123,4.09375,-1.047492026341559
0,32.0123,4.096875000000001,-1.0571745725893829
0,32.0123,4.1,-1.066344204188088
0,32.0123,4.103125,-1.0749597384710399
0,32.0123,4.10625,-1.082981051114665
0,32.0123,4.109375,-1.0903694640710944
0,32.0123,4.112500000000001,-1.0970881381141238
0,32.0123,4.115625,-1.1031024633263677
0,32.0123,4.11875,-1.108380440419387
0,32.0123,4.121875,-1.1128930455273187
0,32.0123,4.125,-1.1166145710734967
0,32.0123,4.128125000000001,-1.1195229354955354
0,32.0123,4.13125,-1.1215999550357076
0,32.0123,4.134375,-1.1228315714570407
0,32.0123,4.1375,-1.1232080304173488
0,32.0123,4.140625,-1.1227240062983428
0,32.0123,4.143750000000001,-1.1213786705094
0,32.0123,4.146875,-1.1191757016217194
0,32.0123,4.15,-1.1161232370879972
0,32.0123,4.153125,-1.1122337677117056
0,32.0123,4.15625,-1.107523977393984
0,32.0123,4.159375000000001,-1.102014531953403
0,32.0123,4.1625,-1.0957298219377758
0,32.0123,4.165625,-1.088697665289268
0,32.0123,4.16875,-1.080948976455497
0,32.0123,4.171875,-1.0725174090418066
0,32.0123,4.175000000000001,-1.0634389793672587
0,32.0123,4.178125,-1.0537516783228256
0,32.0123,4.18125,-1.043495078749326
0,32.0123,4.184375,-1.0327099451775208
0,32.0123,4.1875,-1.0214378522320366
0,32.0123,4.190625000000001,-1.009720817328784
0,32.0123,4.19375,-0.9976009525270836
0,32.0123,4.196875,-0.9851201395692616
0,32.0123,4.2,-0.9723197312863392
0,32.0123,4.203125,-0.9592402816991694
0,32.0123,4.206250000000001,-0.9459213063281244
0,32.0123,4.209375,-0.9324010734623103
0,32.0123,4.2125,-0.9187164264490194
0,32.0123,4.215625,-0.9049026364576358
0,32.0123,4.21875,-0.8909932846557221
0,32.0123,4.221875000000001,-0.8770201723124034
0,32.0123,4.225,-0.8630132570129917
0,32.0123,4.228125,-0.8490006129256298
0,32.0123,4.23125,-0.8350084128989819
0,32.0123,4.234375,-0.8210609300806422
0,32.0123,4.237500000000001,-0.8071805567209924
0,32.0123,4.240625,-0.793387837855728
0,32.0123,4.24375,-0.7797015176332386
0,32.0123,4.246875,-0.7661385961611635
0,32.0123,4.25,-0.7527143948802292
0,32.0123,4.253125000000001,-0.7394426286263426
0,32.0123,4.25625,-0.7263354827056436
0,32.0123,4.259375,-0.7134036934767023
0,32.0123,4.2625,-0.7006566311042582
0,32.0123,4.265625,-0.6881023833151902
0,32.0123,4.268750000000001,-0.6757478391477753
0,32.0123,4.271875,-0.6635987718362867
0,32.0123,4.275,-0.6516599201136779
0,32.0123,4.278125,-0.6399350673444355
0,32.0123,4.28125,-0.6284271180164871
0,32.0123,4.284375000000001,-0.6171381712262521
0,32.0123,4.2875,-0.6060695908836458
0,32.0123,4.290625,-0.5952220724452069
0,32.0123,4.29375,-0.5845957060540925
0,32.0123,4.296875,-0.5741900360256121
0,32.0123,4.300000000000001,-0.5640041166680826
0,32.0123,4.303125,-0.5540365644708934
0,32.0123,4.30625,-0.5442856067263211
0,32.0123,4.309375,-0.5347491266795772
0,32.0123,4.3125,-0.525424705323128
0,32.0123,4.315625000000001,-0.5163096599681258
0,32.0123,4.31875,-0.5074010797376733
0,32.0123,4.321875,-0.49869585813481143
0,32.0123,4.325,-0.490190722843142
0,32.0123,4.328125,-0.48188226291992636
0,32.0123,4.331250000000001,-0.47376695354161297
0,32.0123,4.334375,-0.46584117845965484
0,32.0123,4.3375,-0.45810125032106264
0,32.0123,4.340625,-0.45054342900367894
0,32.0123,4.34375,-0.44316393811050175
0,32.0123,4.346875000000001,-0.4359589797614827
0,32.0123,4.35,-0.42892474781455187
0,32.0123,4.353125,-0.42205743964079495
0,32.0123,4.35625,-0.4153532665718406
0,32.0123,4.359375,-0.40880846313033237
0,32.0123,4.362500000000001,-0.4024192951475892
0,32.0123,4.365625,-0.39618206686563134
0,32.0123,4.36875,-0.39009312711413174
0,32.0123,4.371875,-0.38414887464654734
0,32.0123,4.375,-0.37834576271339726
0,32.0123,4.378125000000001,-0.3726803029449596
0,32.0123,4.38125,-0.3671490686100173
0,32.0123,4.384375,-0.3617486973120333
0,32.0123,4.3875,-0.3564758931792947
0,32.0123,4.390625,-0.35132742860078103
0,32.0123,4.393750000000001,-0.34630014555533134
0,32.0123,4.396875,-0.34139095657755236
0,32.0123,4.4,-0.3365968454001539
0,32.0123,4.403125,-0.3319148673089946
0,32.0123,4.40625,-0.32734214924375415
0,32.0123,4.409375000000001,-0.3228758896742966
0,32.0123,4.4125,-0.3185133582799522
0,32.0123,4.415625,-0.3142518954564143
0,32.0123,4.41875,-0.3100889116726807
0,32.0123,4.421875,-0.3060218866982162
0,32.0123,4.425000000000001,-0.30204836871865876
0,32.0123,4.428125,-0.29816597335652617
0,32.0123,4.43125,-0.2943723826117365
0,32.0123,4.434375,-0.29066534373531466
0,32.0123,4.4375,-0.28704266804818745
0,32.0123,4.440625000000001,-0.28350222971581857
0,32.0123,4.44375,-0.2800419644882379
0,32.0123,4.446875,-0.27665986841398943
0,32.0123,4.45,-0.2733539965356341
0,32.0123,4.453125,-0.2701224615735076
0,32.0123,4.456250000000001,-0.26696343260374633
0,32.0123,4.459375,-0.26387513373584215
0,32.0123,4.4625,-0.26085584279436014
0,32.0123,4.465625,-0.2579038900089254
0,32.0123,4.46875,-0.2550176567159961
0,32.0123,4.471875000000001,-0.2521955740755518
0,32.0123,4.475,-0.24943612180536048
0,32.0123,4.478125,-0.24673782693511548
0,32.0123,4.48125,-0.24409926258243794
0,32.0123,4.484375,-0.2415190467523692
0,32.0123,4.487500000000001,-0.23899584116177577
0,32.0123,4.490625,-0.23652835008980747
0,32.0123,4.49375,-0.23411531925533222
0,32.0123,4.496875,-0.23175553472212057
0,32.0123,4.5,-0.22944782183231718
0,32.0123,4.503125000000001,-0.22719104416864966
0,32.0123,4.50625,-0.22498410254565146
0,32.0123,4.509375,-0.22282593403005957
0,32.0123,4.5125,-0.22071551099047945
0,32.0123,4.515625,-0.2186518401762577
0,32.0123,4.518750000000001,-0.21663396182548525
0,32.0123,4.521875,-0.21466094880194395
0,32.0123,4.525,-0.2127319057607535
0,32.0123,4.528125,-0.21084596834245348
0,32.0123,4.53125,-0.20900230239515735
0,32.0123,4.534375000000001,-0.20720010322442958
0,32.0123,4.5375,-0.20543859487046962
0,32.0123,4.540625,-0.20371702941216133
0,32.0123,4.54375,-0.20203468629754906
0,32.0123,4.546875,-0.2003908717002338
0,32.0123,4.550000000000001,-0.1987849179012139
0,32.0123,4.553125,-0.19721618269564672
0,32.0123,4.55625,-0.19568404882400173
0,32.0123,4.559375,-0.19418792342708202
0,32.0123,4.5625,-0.1927272375243463
0,32.0123,4.565625000000001,-0.19130144551498976
0,32.0123,4.56875,-0.18991002470120952
0,32.0123,4.571875,-0.18855247483307294
0,32.0123,4.575,-0.18722831767441764
0,32.0123,4.578125,-0.18593709658916505
0,32.0123,4.581250000000001,-0.18467837614745594
0,32.0123,4.584375,-0.18345174175097728
0,32.0123,4.5875,-0.18225679927683816
0,32.0123,4.590625,-0.18109317473935246
0,32.0123,4.59375,-0.17996051396903537
0,32.0123,4.596875000000001,-0.17885848230812637
0,32.0123,4.6,-0.17778676432190774
0,32.0123,4.603125,-0.17674506352505462
0,32.0123,4.60625,-0.17573310212223578
0,32.0123,4.609375,-0.1747506207621143
0,32.0123,4.612500000000001,-0.17379737830388015
0,32.0123,4.615625,-0.17287315159537503
0,32.0123,4.61875,-0.17197773526181453
0,32.0123,4.621875,-0.17111094150405734
0,32.0123,4.625,-0.17027259990527507
0,32.0123,4.628125000000001,-0.16946255724481554
0,32.0123,4.63125,-0.1686806773179442
0,32.0123,4.634375,-0.16792684076004638
0,32.0123,4.6375,-0.16720094487377024
0,32.0123,4.640625,-0.16650290345744206
0,32.0123,4.643750000000001,-0.16583264663296649
0,32.0123,4.646875,-0.1651901206712555
0,32.0123,4.65,-0.1645752878130624
0,32.0123,4.653125,-0.1639881260829181
0,32.0123,4.65625,-0.16342862909364883
0,32.0123,4.659375000000001,-0.16289680583874444
0,32.0123,4.6625,-0.16239268046959576
0,32.0123,4.665625,-0.16191629205435282
0,32.0123,4.66875,-0.1614676943148785
0,32.0123,4.671875,-0.16104695533794683
0,32.0123,4.675000000000001,-0.16065415725651197
0,32.0123,4.678125,-0.16028939589650562
0,32.0123,4.68125,-0.15995278038423047
0,32.0123,4.684375,-0.15964443270900958
0,32.0123,4.6875,-0.1593644872352967
0,32.0123,4.690625000000001,-0.1591130901579907
0,32.0123,4.69375,-0.15889039889419176
0,32.0123,4.696875,-0.15869658140411202
0,32.0123,4.7,-0.15853181543330394
0,32.0123,4.703125,-0.15839628766779082
0,32.0123,4.706250000000001,-0.15829019279309076
0,32.0123,4.709375,-0.1582137324475147
0,32.0123,4.7125,-0.15816711405949294
0,32.0123,4.715625,-0.1581505495580639
0,32.0123,4.71875,-0.15816425394503292
0,32.0123,4.721875000000001,-0.15820844371670525
0,32.0123,4.725,-0.15828333512251958
0,32.0123,4.728125,-0.15838914224737488
0,32.0123,4.73125,-0.15852607490397153
0,32.0123,4.734375,-0.15869433632110216
0,32.0123,4.737500000000001,-0.15889412061355096
0,32.0123,4.740625,-0.1591256100191223
0,32.0123,4.74375,-0.1593889718883593
0,32.0123,4.746875,-0.15968435541276033
0,32.0123,4.75,-0.16001188807781286
0,32.0123,4.753125000000001,-0.16037167182797474
0,32.0123,4.75625,-0.16076377893191174
0,32.0123,4.759375,-0.16118824753789854
0,32.0123,4.7625,-0.16164507691137123
0,32.0123,4.765625,-0.16213422234927036
0,32.0123,4.768750000000001,-0.16265558976907962
0,32.0123,4.771875,-0.16320902997445208
0,32.0123,4.775,-0.1637943326040859
0,32.0123,4.778125,-0.16441121977613135
0,32.0123,4.78125,-0.16505933944698833
0,32.0123,4.784375000000001,-0.16573825851089913
0,32.0123,4.7875,-0.16644745567536082
0,32.0123,4.790625,-0.16718631415707388
0,32.0123,4.79375,-0.16795411425392168
0,32.0123,4.796875,-0.16875002586035306
0,32.0123,4.800000000000001,-0.16957310100639833
0,32.0123,4.803125,-0.17042226651434375
0,32.0123,4.80625,-0.17129631688162225
0,32.0123,4.809375,-0.17219390751351477
0,32.0123,4.8125,-0.17311354844454901
0,32.0123,4.815625000000001,-0.1740535987025687
0,32.0123,4.81875,-0.17501226148393972
0,32.0123,4.821875,-0.17598758032164963
0,32.0123,4.825,-0.1769774364395043
0,32.0123,4.828125,-0.17797954749454417
0,32.0123,4.831250000000001,-0.17899146791531487
0,32.0123,4.834375,-0.18001059104496153
0,32.0123,4.8375,-0.18103415329434078
0,32.0123,4.840625,-0.1820592405005951
0,32.0123,4.84375,-0.18308279667014066
0,32.0123,4.846875000000001,-0.18410163526099185
0,32.0123,4.85,-0.18511245312732055
0,32.0123,4.853125,-0.18611184720875612
0,32.0123,4.85625,-0.18709633399814557
0,32.0123,4.859375,-0.18806237176469978
0,32.0123,4.862500000000001,-0.18900638544529477
0,32.0123,4.865625,-0.18992479404645432
0,32.0123,4.86875,-0.1908140403248062
0,32.0123,4.871875,-0.19167062243669597
0,32.0123,4.875,-0.1924911271707436
0,32.0123,4.878125000000001,-0.19327226430324904
0,32.0123,4.88125,-0.1940109015487089
0,32.0123,4.884375,-0.19470409951948686
0,32.0123,4.8875,-0.19534914606307152
0,32.0123,4.890625,-0.19594358931533082
0,32.0123,4.893750000000001,-0.19648526879615033
0,32.0123,4.896875,-0.19697234388175422
0,32.0123,4.9,-0.1974033190168746
0,32.0123,4.903125,-0.19777706507990064
0,32.0123,4.90625,-0.19809283638437722
0,32.0123,4.909375000000001,-0.19835028288881718
0,32.0123,4.9125,-0.19854945729095708
0,32.0123,4.915625,-0.19869081679862996
0,32.0123,4.91875,-0.19877521949304192
0,32.0123,4.921875,-0.1988039153266843
0,32.0123,4.925000000000001,-0.19877853192248462
0,32.0123,4.928125,-0.19870105545833272
0,32.0123,4.93125,-0.1985738070274148
0,32.0123,4.934375,-0.19839941495610516
0,32.0123,4.9375,-0.19818078363454095
0,32.0123,4.940625000000001,-0.1979210594684743
0,32.0123,4.94375,-0.1976235945935638
0,32.0123,4.946875,-0.19729190900497837
0,32.0123,4.95,-0.19692965174702157
0,32.0123,4.953125,-0.19654056178123383
0,32.0123,4.956250000000001,-0.19612842910957484
0,32.0123,4.959375,-0.19569705667475013
0,32.0123,4.9625,-0.1952502234957579
0,32.0123,4.965625,-0.1947916494266129
0,32.0123,4.96875,-0.19432496185316722
0,32.0123,4.971875000000001,-0.19385366457003556
0,32.0123,4.975,-0.19338110900948677
0,32.0123,4.978125,-0.19291046792905683
0,32.0123,4.98125,-0.1924447116063674
0,32.0123,4.984375,-0.1919865865394937
0,32.0123,4.987500000000001,-0.19153859661010758
0,32.0123,4.990625,-0.1911029866349064
0,32.0123,4.99375,-0.19068172820859072
0,32.0123,4.996875,-0.19027650772856736
0,32.0123,5.0,-0.18988871648703956
0,32.0123,5.003125,-0.1895194427194415
0,32.0123,5.0062500000000005,-0.18916946550827554
0,32.0123,5.009375,-0.18883925045726602
0,32.0123,5.0125,-0.18852894707113943
0,32.0123,5.015625,-0.18823838780007332
0,32.0123,5.01875,-0.18796708873361603
0,32.0123,5.0218750000000005,-0.1877142519553956
0,32.0123,5.025,-0.1874787695958961
0,32.0123,5.028125,-0.1872592296446774
0,32.0123,5.03125,-0.18705392360438752
0,32.0123,5.034375,-0.1868608560855054
0,32.0123,5.0375000000000005,-0.18667775645176954
0,32.0123,5.040625,-0.18650209263060094
0,32.0123,5.04375,-0.1863310871995115
0,32.0123,5.046875,-0.18616173584770201
0,32.0123,5.05,-0.18599082829116584
0,32.0123,5.0531250000000005,-0.1858149716893005
0,32.0123,5.05625,-0.18563061657126162
0,32.0123,5.059375,-0.18543408523143767
0,32.0123,5.0625,-0.18522160249627026
0,32.0123,5.065625,-0.18498932870043402
0,32.0123,5.0687500000000005,-0.18473339464085867
0,32.0123,5.071875,-0.1844499382044027
0,32.0123,5.075,-0.18413514229179356
0,32.0123,5.078125,-0.18378527358970362
0,32.0123,5.08125,-0.18339672167773574
0,32.0123,5.0843750000000005,-0.18296603790096966
0,32.0123,5.0875,-0.18248997339481232
0,32.0123,5.090625,-0.18196551562019486
0,32.0123,5.09375,-0.1813899227562168
0,32.0123,5.096875,-0.18076075530605568
0,32.0123,5.1000000000000005,-0.18007590430145148
0,32.0123,5.103125,-0.17933361554151914
0,32.0123,5.10625,-0.1785325093722048
0,32.0123,5.109375,-0.17767159560155704
0,32.0123,5.1125,-0.17675028325030157
0,32.0123,5.1156250000000005,-0.175768384953358
0,32.0123,5.11875,-0.1747261159516036
0,32.0123,5.121875,-0.17362408773962734
0,32.0123,5.125,-0.1724632965595592
0,32.0123,5.128125,-0.17124510704848367
0,32.0123,5.1312500000000005,-0.16997123145310017
0,32.0123,5.134375,-0.16864370491636957
0,32.0123,5.1375,-0.1672648574139386
0,32.0123,5.140625,-0.1658372829711597
0,32.0123,5.14375,-0.16436380682348178
0,32.0123,5.1468750000000005,-0.16284745119391886
0,32.0123,5.15,-0.16129140035211323
0,32.0123,5.153125,-0.15969896559195532
0,32.0123,5.15625,-0.15807355072124105
0,32.0123,5.159375,-0.1564186186002658
0,32.0123,5.1625000000000005,-0.15473765919978166
0,32.0123,5.165625,-0.15303415957559624
0,32.0123,5.16875,-0.15131157608041917
0,32.0123,5.171875,-0.14957330905634228
0,32.0123,5.175,-0.14782268017609923
0,32.0123,5.1781250000000005,-0.14606291253023265
0,32.0123,5.18125,-0.14429711349218177
0,32.0123,5.184375,-0.14252826033534727
0,32.0123,5.1875,-0.1407591885262281
0,32.0123,5.190625,-0.13899258257608127
0,32.0123,5.1937500000000005,-0.13723096930031695
0,32.0123,5.196875,-0.13547671330968658
0,32.0123,5.2,-0.1337320145397436
0,32.0123,5.203125,-0.13199890761438776
0,32.0123,5.20625,-0.1302792628346976
0,32.0123,5.2093750000000005,-0.12857478858488908
0,32.0123,5.2125,-0.1268870349522128
0,32.0123,5.215625,-0.12521739836604506
0,32.0123,5.21875,-0.12356712707257779
0,32.0123,5.221875,-0.12193732727455685
0,32.0123,5.2250000000000005,-0.12032896977987159
0,32.0123,5.228125,-0.11874289701784284
0,32.0123,5.23125,-0.11717983029731785
0,32.0123,5.234375,-0.11564037719579989
0,32.0123,5.2375,-0.11412503898344435
0,32.0123,5.2406250000000005,-0.11263421799966593
0,32.0123,5.24375,-0.11116822491311606
0,32.0123,5.246875,-0.1097272858077933
0,32.0123,5.25,-0.1083115490490084
0,32.0123,5.253125,-0.10692109189276276
0,32.0123,5.2562500000000005,-0.10555592681087121
0,32.0123,5.259375,-0.1042160075118696
0,32.0123,5.2625,-0.10290123464444148
0,32.0123,5.265625,-0.10161146117587234
0,32.0123,5.26875,-0.10034649744291166
0,32.0123,5.2718750000000005,-0.09910611587652164
0,32.0123,5.275,-0.09789005540536092
0,32.0123,5.278125,-0.09669802554557314
0,32.0123,5.28125,-0.09552971018662136
0,32.0123,5.284375,-0.09438477108455975
0,32.0123,5.2875000000000005,-0.09326285107537152
0,32.0123,5.290625,-0.0921635770218627
0,32.0123,5.29375,-0.09108656250814019
0,32.0123,5.296875,-0.09003141029599715
0,32.0123,5.3,-0.08899771455757756
0,32.0123,5.3031250000000005,-0.08798506289858336
0,32.0123,5.30625,-0.08699303818602394
0,32.0123,5.309375,-0.08602122019412607
0,32.0123,5.3125,-0.08506918708156856
0,32.0123,5.315625,-0.08413651671266542
0,32.0123,5.3187500000000005,-0.08322278783455045
0,32.0123,5.321875,-0.08232758112180866
0,32.0123,5.325,-0.08145048009937063
0,32.0123,5.328125,-0.08059107195386314
0,32.0123,5.33125,-0.0797489482429724
0,32.0123,5.3343750000000005,-0.07892370551176256
0,32.0123,5.3375,-0.07811494582428789
0,32.0123,5.340625,-0.0773222772182491
0,32.0123,5.34375,-0.07654531408989042
0,32.0123,5.346875,-0.07578367751578952
0,32.0123,5.3500000000000005,-0.07503699551768821
0,32.0123,5.353125,-0.07430490327602778
0,32.0123,5.35625,-0.07358704329739545
0,32.0123,5.359375,-0.0728830655406674
0,32.0123,5.3625,-0.07219262750622814
0,32.0123,5.3656250000000005,-0.07151539429227556
0,32.0123,5.36875,-0.07085103862187504
0,32.0123,5.371875,-0.07019924084409833
0,32.0123,5.375,-0.06955968891229145
0,32.0123,5.378125,-0.06893207834223247
0,32.0123,5.3812500000000005,-0.06831611215268879
0,32.0123,5.384375,-0.06771150079064815
0,32.0123,5.3875,-0.06711796204327826
0,32.0123,5.390625,-0.06653522093847711
0,32.0123,5.39375,-0.06596300963568764
0,32.0123,5.3968750000000005,-0.0654010673084881
0,32.0123,5.4,-0.06484914002031505
0,32.0123,5.403125,-0.06430698059453543
0,32.0123,5.40625,-0.06377434847996098
0,32.0123,5.409375,-0.06325100961277771
0,32.0123,5.4125000000000005,-0.06273673627576055
0,32.0123,5.415625,-0.06223130695554764
0,32.0123,5.41875,-0.06173450619865852
0,32.0123,5.421875,-0.06124612446686664
0,32.0123,5.425,-0.06076595799246006
0,32.0123,5.4281250000000005,-0.06029380863386274
0,32.0123,5.43125,-0.059829483732029246
0,32.0123,5.434375,-0.05937279596797127
0,32.0123,5.4375,-0.05892356322173092
0,32.0123,5.440625,-0.05848160843306772
0,32.0123,5.4437500000000005,-0.05804675946409151
0,32.0123,5.446875,-0.05761884896403706
0,32.0123,5.45,-0.05719771423634434
0,32.0123,5.453125,-0.05678319710818349
0,32.0123,5.45625,-0.05637514380253524
0,32.0123,5.4593750000000005,-0.05597340481291714
0,32.0123,5.4625,-0.05557783478082658
0,32.0123,5.465625,-0.05518829237595138
0,32.0123,5.46875,-0.054804640179187285
0,32.0123,5.471875,-0.05442674456848381
0,32.0123,5.4750000000000005,-0.0540544756075301
0,32.0123,5.478125,-0.05368770693728148
0,32.0123,5.48125,-0.05332631567031623
0,32.0123,5.484375,-0.05297018228800728
0,32.0123,5.4875,-0.05261919054048279
0,32.0123,5.4906250000000005,-0.05227322734934573
0,32.0123,5.49375,-0.051932182713117093
0,32.0123,5.496875,-0.05159594961536079
0,32.0123,5.5,-0.05126442393544807
0,32.0123,5.503125,-0.05093750436191283
0,32.0123,5.5062500000000005,-0.050615092308348056
0,32.0123,5.509375,-0.050297091831791964
0,32.0123,5.5125,-0.04998340955354842
0,32.0123,5.515625,-0.049673954582388755
0,32.0123,5.51875,-0.0493686384400771
0,32.0123,5.5218750000000005,-0.049067374989163366
0,32.0123,5.525,-0.04877008036298712
0,32.0123,5.528125,-0.04847667289783376
0,32.0123,5.53125,-0.048187073067187856
0,32.0123,5.534375,-0.04790120341802536
0,32.0123,5.5375000000000005,-0.04761898850908869
0,32.0123,5.540625,-0.047340354851089346
0,32.0123,5.54375,-0.04706523084878156
0,32.0123,5.546875,-0.046793546744854364
0,32.0123,5.55,-0.04652523456558708
0,32.0123,5.5531250000000005,-0.046260228068216405
0,32.0123,5.55625,-0.04599846268996356
0,32.0123,5.559375,-0.04573987549867007
0,32.0123,5.5625,-0.04548440514499412
0,32.0123,5.565625,-0.04523199181611804
0,32.0123,5.5687500000000005,-0.044982577190920234
0,32.0123,5.571875,-0.04473610439656578
0,32.0123,5.575,-0.04449251796646973
0,32.0123,5.578125,-0.044251763799591046
0,32.0123,5.58125,-0.044013789121013384
0,32.0123,5.5843750000000005,-0.04377854244377194
0,32.0123,5.5875,-0.0435459735318863
0,32.0123,5.590625,-0.0433160333645595
0,32.0123,5.59375,-0.04308867410150654
0,32.0123,5.596875,-0.04286384904937478
0,32.0123,5.6000000000000005,-0.04264151262922062
0,32.0123,5.603125,-0.04242162034500855
0,32.0123,5.60625,-0.04220412875309776
0,32.0123,5.609375,-0.041988995432685375
0,32.0123,5.6125,-0.04177617895717379
0,32.0123,5.6156250000000005,-0.04156563886643192
0,32.0123,5.61875,-0.041357335639921416
0,32.0123,5.621875,-0.04115123067065804
0,32.0123,5.625,-0.040947286239982256
0,32.0123,5.628125,-0.04074546549311101
0,32.0123,5.6312500000000005,-0.04054573241544551
0,32.0123,5.634375,-0.040348051809610035
0,32.0123,5.6375,-0.04015238927319704
0,32.0123,5.640625,-0.039958711177196155
0,32.0123,5.64375,-0.039766984645083776
0,32.0123,5.6468750000000005,-0.03957717753255166
0,32.0123,5.65,-0.039389258407853754
0,32.0123,5.653125,-0.039203196532750215
0,32.0123,5.65625,-0.03901896184402966
0,32.0123,5.659375,-0.038836524935590394
0,32.0123,5.6625000000000005,-0.03865585704106194
0,32.0123,5.665625,-0.038476930016949816
0,32.0123,5.66875,-0.03829971632628558
0,32.0123,5.671875,-0.03812418902276633
0,32.0123,5.675,-0.03795032173536747
0,32.0123,5.6781250000000005,-0.037778088653412895
0,32.0123,5.68125,-0.037607464512088504
0,32.0123,5.684375,-0.03743842457838371
0,32.0123,5.6875,-0.03727094463744775
0,32.0123,5.690625,-0.03710500097934723
0,32.0123,5.6937500000000005,-0.036940570386211506
0,32.0123,5.696875,-0.036777630119754184
0,32.0123,5.7,-0.036616157909157565
0,32.0123,5.703125,-0.03645613193930951
0,32.0123,5.70625,-0.03629753083938055
0,32.0123,5.7093750000000005,-0.03614033367173082
0,32.0123,5.7125,-0.035984519921136306
0,32.0123,5.715625,-0.0358300694843236
0,32.0123,5.71875,-0.03567696265980441
0,32.0123,5.721875,-0.03552518013799941
0,32.0123,5.7250000000000005,-0.03537470299164275
0,32.0123,5.728125,-0.03522551266645835
0,32.0123,5.73125,-0.035077590972098956
0,32.0123,5.734375,-0.03493092007334055
0,32.0123,5.7375,-0.03478548248152329
0,32.0123,5.7406250000000005,-0.034641261046231824
0,32.0123,5.74375,-0.034498238947207355
0,32.0123,5.746875,-0.034356399686483935
0,32.0123,5.75,-0.03421572708074275
0,32.0123,5.753125,-0.03407620525387693
0,32.0123,5.7562500000000005,-0.03393781862976087
0,32.0123,5.759375,-0.03380055192521764
0,32.0123,5.7625,-0.033664390143178125
0,32.0123,5.765625,-0.033529318566026645
0,32.0123,5.76875,-0.03339532274912675
0,32.0123,5.7718750000000005,-0.03326238851452212
0,32.0123,5.775,-0.03313050194480716
0,32.0123,5.778125,-0.03299964937716184
0,32.0123,5.78125,-0.03286981739754642
0,32.0123,5.784375,-0.032740992835050844
0,32.0123,5.7875000000000005,-0.03261316275639413
0,32.0123,5.790625,-0.0324863144605697
0,32.0123,5.79375,-0.03236043547363163
0,32.0123,5.796875,-0.032235513543618234
0,32.0123,5.800000000000001,-0.03211153663560873
0,32.0123,5.8031250000000005,-0.03198849292690891
0,32.0123,5.80625,-0.031866370802362085
0,32.0123,5.809375,-0.03174515884978174
0,32.0123,5.8125,-0.031624845855502216
0,32.0123,5.815625000000001,-0.031505420800044044
0,32.0123,5.8187500000000005,-0.03138687285389058
0,32.0123,5.821875,-0.03126919137337246
0,32.0123,5.825,-0.031152365896657378
0,32.0123,5.828125,-0.03103638613984141
0,32.0123,5.831250000000001,-0.030921241993139482
0,32.0123,5.8343750000000005,-0.030806923517172024
0,32.0123,5.8375,-0.030693420939344747
0,32.0123,5.840625,-0.030580724650319375
0,32.0123,5.84375,-0.03046882520057249
0,32.0123,5.846875000000001,-0.0303577132970399
0,32.0123,5.8500000000000005,-0.030247379799844435
0,32.0123,5.853125,-0.030137815719104333
0,32.0123,5.85625,-0.030029012211820538
0,32.0123,5.859375,-0.029920960578840222
0,32.0123,5.862500000000001,-0.02981365226189464
0,32.0123,5.8656250000000005,-0.029707078840709323
0,32.0123,5.86875,-0.029601232030184155
0,32.0123,5.871875,-0.029496103677642098
0,32.0123,5.875,-0.02939168576014407
0,32.0123,5.878125000000001,-0.029287970381868436
0,32.0123,5.8812500000000005,-0.029184949771553458
0,32.0123,5.884375,-0.02908261628000048
0,32.0123,5.8875,-0.028980962377636862
0,32.0123,5.890625,-0.028879980652136587
0,32.0123,5.893750000000001,-0.02877966380609708
0,32.0123,5.8968750000000005,-0.02868000465477088
0,32.0123,5.9,-0.02858099612385037
0,32.0123,5.903125,-0.028482631247304494
0,32.0123,5.90625,-0.028384903165265894
0,32.0123,5.909375000000001,-0.028287805121967036
0,32.0123,5.9125000000000005,-0.02819133046372436
0,32.0123,5.915625,-0.02809547263696863
0,32.0123,5.91875,-0.028000225186320858
0,32.0123,5.921875,-0.027905581752712242
0,32.0123,5.925000000000001,-0.02781153607154701
0,32.0123,5.9281250000000005,-0.027718081970907228
0,32.0123,5.93125,-0.027625213369798132
0,32.0123,5.934375,-0.027532924276433335
0,32.0123,5.9375,-0.027441208786558587
0,32.0123,5.940625000000001,-0.027350061081813187
0,32.0123,5.9437500000000005,-0.0272594754281282
0,32.0123,5.946875,-0.02716944617416017
0,32.0123,5.95,-0.027079967749759855
0,32.0123,5.953125,-0.026991034664474885
0,32.0123,5.956250000000001,-0.026902641506085383
0,32.0123,5.9593750000000005,-0.026814782939172006
0,32.0123,5.9625,-0.02672745370371512
0,32.0123,5.965625,-0.026640648613724904
0,32.0123,5.96875,-0.026554362555901125
0,32.0123,5.971875000000001,-0.02646859048832207
0,32.0123,5.9750000000000005,-0.02638332743916195
0,32.0123,5.978125,-0.026298568505435778
0,32.0123,5.98125,-0.02621430885177142
0,32.0123,5.984375,-0.026130543709207896
0,32.0123,5.987500000000001,-0.026047268374019338
0,32.0123,5.9906250000000005,-0.02596447820656409
0,32.0123,5.99375,-0.025882168630158048
0,32.0123,5.996875,-0.025800335129971954
0,32.0123,6.0,-0.025718973251951972
