"Current","Field","Frequency","Spectra"
0,33.8309,1.0,-0.025904985341424176
0,33.8309,1.003125,-0.02597416692247826
0,33.8309,1.00625,-0.02604362584709691
0,33.8309,1.009375,-0.02611336359885139
0,33.8309,1.0125,-0.026183381671277876
0,33.8309,1.015625,-0.026253681567958934
0,33.8309,1.01875,-0.026324264802605926
0,33.8309,1.021875,-0.02639513289914214
0,33.8309,1.025,-0.02646628739178674
0,33.8309,1.028125,-0.0265377298251397
0,33.8309,1.03125,-0.026609461754267344
0,33.8309,1.034375,-0.026681484744789
0,33.8309,1.0375,-0.02675380037296435
0,33.8309,1.040625,-0.026826410225781694
0,33.8309,1.04375,-0.026899315901047185
0,33.8309,1.046875,-0.026972519007474837
0,33.8309,1.05,-0.027046021164777584
0,33.8309,1.053125,-0.027119824003759157
0,33.8309,1.05625,-0.027193929166406925
0,33.8309,1.059375,-0.02726833830598576
0,33.8309,1.0625,-0.02734305308713273
0,33.8309,1.065625,-0.02741807518595287
0,33.8309,1.06875,-0.02749340629011593
0,33.8309,1.071875,-0.027569048098954028
0,33.8309,1.075,-0.02764500232356046
0,33.8309,1.078125,-0.027721270686889406
0,33.8309,1.08125,-0.027797854923856734
0,33.8309,1.084375,-0.0278747567814419
0,33.8309,1.0875,-0.027951978018790763
0,33.8309,1.090625,-0.028029520407319677
0,33.8309,1.09375,-0.028107385730820496
0,33.8309,1.096875,-0.02818557578556685
0,33.8309,1.1,-0.028264092380421397
0,33.8309,1.103125,-0.028342937336944284
0,33.8309,1.10625,-0.02842211248950283
0,33.8309,1.109375,-0.028501619685382198
0,33.8309,1.1125,-0.028581460784897445
0,33.8309,1.115625,-0.028661637661506666
0,33.8309,1.11875,-0.028742152201925327
0,33.8309,1.121875,-0.02882300630624198
0,33.8309,1.125,-0.028904201888035032
0,33.8309,1.128125,-0.028985740874490955
0,33.8309,1.13125,-0.029067625206523687
0,33.8309,1.134375,-0.029149856838895344
0,33.8309,1.1375,-0.029232437740338315
0,33.8309,1.140625,-0.029315369893678608
0,33.8309,1.14375,-0.029398655295960637
0,33.8309,1.146875,-0.02948229595857337
0,33.8309,1.15,-0.029566293907377812
0,33.8309,1.153125,-0.02965065118283601
0,33.8309,1.15625,-0.02973536984014141
0,33.8309,1.159375,-0.02982045194935076
0,33.8309,1.1625,-0.02990589959551742
0,33.8309,1.165625,-0.029991714878826174
0,33.8309,1.16875,-0.030077899914729683
0,33.8309,1.171875,-0.030164456834086324
0,33.8309,1.175,-0.030251387783299707
0,33.8309,1.178125,-0.03033869492445983
0,33.8309,1.18125,-0.030426380435485647
0,33.8309,1.184375,-0.030514446510269543
0,33.8309,1.1875,-0.030602895358823295
0,33.8309,1.190625,-0.030691729207425814
0,33.8309,1.19375,-0.030780950298772564
0,33.8309,1.196875,-0.030870560892126732
0,33.8309,1.2,-0.03096056326347223
0,33.8309,1.203125,-0.031050959705668367
0,33.8309,1.20625,-0.031141752528606566
0,33.8309,1.209375,-0.0312329440593687
0,33.8309,1.2125,-0.03132453664238744
0,33.8309,1.215625,-0.031416532639608585
0,33.8309,1.21875,-0.031508934430655146
0,33.8309,1.221875,-0.03160174441299365
0,33.8309,1.225,-0.03169496500210225
0,33.8309,1.228125,-0.03178859863164098
0,33.8309,1.23125,-0.031882647753624094
0,33.8309,1.234375,-0.03197711483859446
0,33.8309,1.2375,-0.032072002375800185
0,33.8309,1.240625,-0.03216731287337334
0,33.8309,1.24375,-0.032263048858510925
0,33.8309,1.246875,-0.03235921287765816
0,33.8309,1.25,-0.032455807496693946
0,33.8309,1.253125,-0.032552835301118806
0,33.8309,1.25625,-0.032650298896245045
0,33.8309,1.259375,-0.032748200907389495
0,33.8309,1.2625,-0.03284654398006853
0,33.8309,1.265625,-0.032945330780195764
0,33.8309,1.26875,-0.033044563994282135
0,33.8309,1.271875,-0.03314424632963872
0,33.8309,1.275,-0.03324438051458203
0,33.8309,1.278125,-0.03334496929864214
0,33.8309,1.28125,-0.033446015452773474
0,33.8309,1.284375,-0.03354752176956831
0,33.8309,1.2875,-0.033649491063473244
0,33.8309,1.290625,-0.03375192617100842
0,33.8309,1.29375,-0.033854829950989825
0,33.8309,1.296875,-0.03395820528475438
0,33.8309,1.3,-0.034062055076388265
0,33.8309,1.303125,-0.034166382252958274
0,33.8309,1.30625,-0.03427118976474624
0,33.8309,1.309375,-0.03437648058548686
0,33.8309,1.3125,-0.03448225771260869
0,33.8309,1.315625,-0.03458852416747845
0,33.8309,1.31875,-0.03469528299564885
0,33.8309,1.321875,-0.03480253726710979
0,33.8309,1.325,-0.03491029007654321
0,33.8309,1.328125,-0.03501854454358143
0,33.8309,1.33125,-0.0351273038130693
0,33.8309,1.334375,-0.035236571055330006
0,33.8309,1.3375,-0.03534634946643478
0,33.8309,1.340625,-0.03545664226847658
0,33.8309,1.34375,-0.035567452709847534
0,33.8309,1.346875,-0.03567878406552078
0,33.8309,1.35,-0.03579063963733621
0,33.8309,1.353125,-0.035903022754290574
0,33.8309,1.35625,-0.03601593677283195
0,33.8309,1.359375,-0.036129385077158585
0,33.8309,1.3625,-0.036243371079522205
0,33.8309,1.365625,-0.03635789822053614
0,33.8309,1.36875,-0.03647296996948793
0,33.8309,1.371875,-0.03658858982465693
0,33.8309,1.375,-0.036704761313636806
0,33.8309,1.378125,-0.03682148799366294
0,33.8309,1.38125,-0.036938773451945205
0,33.8309,1.384375,-0.03705662130600579
0,33.8309,1.3875,-0.03717503520402258
0,33.8309,1.390625,-0.03729401882517787
0,33.8309,1.39375,-0.03741357588001288
0,33.8309,1.396875,-0.03753371011078787
0,33.8309,1.4,-0.03765442529184823
0,33.8309,1.403125,-0.037775725229996636
0,33.8309,1.40625,-0.03789761376487125
0,33.8309,1.409375,-0.038020094769330326
0,33.8309,1.4125,-0.0381431721498432
0,33.8309,1.415625,-0.038266849846888044
0,33.8309,1.41875,-0.03839113183535619
0,33.8309,1.421875,-0.038516022124963564
0,33.8309,1.425,-0.038641524760669115
0,33.8309,1.428125,-0.038767643823100564
0,33.8309,1.43125,-0.038894383428987614
0,33.8309,1.434375,-0.03902174773160282
0,33.8309,1.4375,-0.039149740921210256
0,33.8309,1.440625,-0.03927836722552219
0,33.8309,1.44375,-0.0394076309101641
0,33.8309,1.446875,-0.03953753627914798
0,33.8309,1.45,-0.03966808767535445
0,33.8309,1.453125,-0.03979928948102366
0,33.8309,1.45625,-0.039931146118255274
0,33.8309,1.459375,-0.0400636620495179
0,33.8309,1.4625,-0.040196841778168055
0,33.8309,1.465625,-0.04033068984897896
0,33.8309,1.46875,-0.04046521084867949
0,33.8309,1.471875,-0.040600409406503384
0,33.8309,1.475,-0.040736290194749294
0,33.8309,1.478125,-0.04087285792935158
0,33.8309,1.48125,-0.04101011737046252
0,33.8309,1.484375,-0.04114807332304586
0,33.8309,1.4875,-0.04128673063748237
0,33.8309,1.490625,-0.04142609421018761
0,33.8309,1.49375,-0.04156616898424201
0,33.8309,1.496875,-0.04170695995003412
0,33.8309,1.5,-0.0418484721459168
0,33.8309,1.503125,-0.04199071065887716
0,33.8309,1.50625,-0.04213368062522057
0,33.8309,1.509375,-0.04227738723126876
0,33.8309,1.5125000000000002,-0.04242183571407311
0,33.8309,1.515625,-0.042567031362142696
0,33.8309,1.51875,-0.042712979516188486
0,33.8309,1.521875,-0.04285968556988319
0,33.8309,1.525,-0.04300715497063799
0,33.8309,1.5281250000000002,-0.04315539322039616
0,33.8309,1.53125,-0.04330440587644427
0,33.8309,1.534375,-0.043454198552241585
0,33.8309,1.5375,-0.04360477691826778
0,33.8309,1.540625,-0.04375614670289008
0,33.8309,1.5437500000000002,-0.04390831369325004
0,33.8309,1.546875,-0.0440612837361704
0,33.8309,1.55,-0.04421506273908325
0,33.8309,1.553125,-0.04436965667097936
0,33.8309,1.55625,-0.04452507156337983
0,33.8309,1.5593750000000002,-0.04468131351133058
0,33.8309,1.5625,-0.0448383886744203
0,33.8309,1.565625,-0.04499630327782273
0,33.8309,1.56875,-0.04515506361336374
0,33.8309,1.571875,-0.04531467604061421
0,33.8309,1.5750000000000002,-0.04547514698800946
0,33.8309,1.578125,-0.04563648295399572
0,33.8309,1.58125,-0.04579869050820502
0,33.8309,1.584375,-0.045961776292658726
0,33.8309,1.5875,-0.04612574702300108
0,33.8309,1.5906250000000002,-0.04629060948976344
0,33.8309,1.59375,-0.04645637055965995
0,33.8309,1.596875,-0.04662303717691615
0,33.8309,1.6,-0.04679061636463081
0,33.8309,1.603125,-0.04695911522617245
0,33.8309,1.6062500000000002,-0.0471285409466115
0,33.8309,1.609375,-0.04729890079418889
0,33.8309,1.6125,-0.04747020212182255
0,33.8309,1.615625,-0.04764245236865257
0,33.8309,1.61875,-0.047815659061626256
0,33.8309,1.6218750000000002,-0.047989829817124484
0,33.8309,1.625,-0.04816497234262987
0,33.8309,1.628125,-0.04834109443843877
0,33.8309,1.63125,-0.048518203999417725
0,33.8309,1.634375,-0.04869630901680571
0,33.8309,1.6375000000000002,-0.04887541758006366
0,33.8309,1.640625,-0.049055537878772135
0,33.8309,1.64375,-0.04923667820457891
0,33.8309,1.646875,-0.04941884695319715
0,33.8309,1.65,-0.049602052626455964
0,33.8309,1.6531250000000002,-0.04978630383440452
0,33.8309,1.65625,-0.049971609297470514
0,33.8309,1.659375,-0.05015797784867519
0,33.8309,1.6625,-0.050345418435905134
0,33.8309,1.665625,-0.05053394012424282
0,33.8309,1.6687500000000002,-0.05072355209835683
0,33.8309,1.671875,-0.05091426366495266
0,33.8309,1.675,-0.0511060842552858
0,33.8309,1.678125,-0.05129902342773755
0,33.8309,1.68125,-0.051493090870454755
0,33.8309,1.6843750000000002,-0.051688296404054514
0,33.8309,1.6875,-0.051884649984394245
0,33.8309,1.690625,-0.05208216170540824
0,33.8309,1.69375,-0.05228084180201061
0,33.8309,1.696875,-0.052480700653065586
0,33.8309,1.7000000000000002,-0.052681748784424914
0,33.8309,1.703125,-0.05288399687203228
0,33.8309,1.70625,-0.053087455745094866
0,33.8309,1.709375,-0.05329213638932079
0,33.8309,1.7125,-0.05349804995022212
0,33.8309,1.7156250000000002,-0.05370520773648199
0,33.8309,1.71875,-0.0539136212233837
0,33.8309,1.721875,-0.05412330205630071
0,33.8309,1.725,-0.0543342620542437
0,33.8309,1.728125,-0.054546513213462364
0,33.8309,1.7312500000000002,-0.05476006771109787
0,33.8309,1.734375,-0.054974937908880896
0,33.8309,1.7375,-0.055191136356871055
0,33.8309,1.740625,-0.055408675797230286
0,33.8309,1.74375,-0.055627569168023645
0,33.8309,1.7468750000000002,-0.05584782960703931
0,33.8309,1.75,-0.05606947045561775
0,33.8309,1.753125,-0.05629250526247995
0,33.8309,1.75625,-0.05651694778754165
0,33.8309,1.759375,-0.05674281200570034
0,33.8309,1.7625000000000002,-0.05697011211057884
0,33.8309,1.765625,-0.05719886251820774
0,33.8309,1.76875,-0.057429077870627364
0,33.8309,1.771875,-0.057660773039386
0,33.8309,1.775,-0.05789396312891033
0,33.8309,1.7781250000000002,-0.058128663479719934
0,33.8309,1.78125,-0.05836488967145431
0,33.8309,1.784375,-0.05860265752567894
0,33.8309,1.7875,-0.05884198310843106
0,33.8309,1.790625,-0.05908288273246339
0,33.8309,1.7937500000000002,-0.05932537295913833
0,33.8309,1.796875,-0.05956947059992089
0,33.8309,1.8,-0.05981519271741314
0,33.8309,1.803125,-0.060062556625866514
0,33.8309,1.80625,-0.06031157989110291
0,33.8309,1.8093750000000002,-0.06056228032976815
0,33.8309,1.8125,-0.0608146760078335
0,33.8309,1.815625,-0.061068785238254354
0,33.8309,1.81875,-0.06132462657768469
0,33.8309,1.821875,-0.061582218822138525
0,33.8309,1.8250000000000002,-0.06184158100147852
0,33.8309,1.828125,-0.06210273237260149
0,33.8309,1.83125,-0.062365692411180444
0,33.8309,1.834375,-0.06263048080180908
0,33.8309,1.8375,-0.06289711742638393
0,33.8309,1.8406250000000002,-0.06316562235054525
0,33.8309,1.84375,-0.06343601580798391
0,33.8309,1.846875,-0.06370831818240835
0,33.8309,1.85,-0.06398254998694944
0,33.8309,1.853125,-0.06425873184076747
0,33.8309,1.8562500000000002,-0.06453688444260984
0,33.8309,1.859375,-0.0648170285410521
0,33.8309,1.8625,-0.06509918490114189
0,33.8309,1.865625,-0.06538337426714862
0,33.8309,1.86875,-0.06566961732111043
0,33.8309,1.8718750000000002,-0.06595793463685631
0,33.8309,1.875,-0.0662483466291709
0,33.8309,1.878125,-0.06654087349776246
0,33.8309,1.88125,-0.06683553516568792
0,33.8309,1.884375,-0.06713235121188826
0,33.8309,1.8875000000000002,-0.06743134079749154
0,33.8309,1.890625,-0.06773252258554754
0,33.8309,1.89375,-0.0680359146538771
0,33.8309,1.896875,-0.06834153440073948
0,33.8309,1.9,-0.06864939844305677
0,33.8309,1.9031250000000002,-0.06895952250697789
0,33.8309,1.90625,-0.06927192131062035
0,33.8309,1.909375,-0.06958660843890085
0,33.8309,1.9125,-0.06990359621045147
0,33.8309,1.915625,-0.07022289553672406
0,33.8309,1.9187500000000002,-0.07054451577351058
0,33.8309,1.921875,-0.07086846456525311
0,33.8309,1.925,-0.07119474768268909
0,33.8309,1.928125,-0.07152336885456893
0,33.8309,1.93125,-0.07185432959440792
0,33.8309,1.9343750000000002,-0.07218762902347753
0,33.8309,1.9375,-0.07252326369151621
0,33.8309,1.940625,-0.07286122739693965
0,33.8309,1.94375,-0.07320151100864908
0,33.8309,1.946875,-0.07354410229188241
0,33.8309,1.9500000000000002,-0.07388898574090894
0,33.8309,1.953125,-0.0742361424217353
0,33.8309,1.95625,-0.07458554982836148
0,33.8309,1.959375,-0.07493718175648202
0,33.8309,1.9625,-0.07529100819886916
0,33.8309,1.9656250000000002,-0.07564699526697492
0,33.8309,1.96875,-0.07600510514354111
0,33.8309,1.971875,-0.07636529607118556
0,33.8309,1.975,-0.0767275223820215
0,33.8309,1.978125,-0.07709173457334609
0,33.8309,1.9812500000000002,-0.07745787943427736
0,33.8309,1.984375,-0.07782590022791201
0,33.8309,1.9875,-0.0781957369330964
0,33.8309,1.990625,-0.07856732654923548
0,33.8309,1.99375,-0.07894060346670134
0,33.8309,1.9968750000000002,-0.07931549990433537
0,33.8309,2.0,-0.07969194641427312
0,33.8309,2.003125,-0.08006987245287084
0,33.8309,2.00625,-0.08044920701489612
0,33.8309,2.0093750000000004,-0.08082987932640366
0,33.8309,2.0125,-0.08121181958988931
0,33.8309,2.015625,-0.08159495977345958
0,33.8309,2.01875,-0.0819792344339379
0,33.8309,2.021875,-0.0823645815621209
0,33.8309,2.0250000000000004,-0.08275094343688
0,33.8309,2.028125,-0.08313826747354999
0,33.8309,2.03125,-0.08352650705113351
0,33.8309,2.034375,-0.08391562230234254
0,33.8309,2.0375,-0.08430558085045115
0,33.8309,2.0406250000000004,-0.08469635847737984
0,33.8309,2.04375,-0.08508793970839058
0,33.8309,2.046875,-0.08548031830022937
0,33.8309,2.05,-0.08587349762148243
0,33.8309,2.053125,-0.08626749091625367
0,33.8309,2.0562500000000004,-0.08666232144494608
0,33.8309,2.059375,-0.08705802249884213
0,33.8309,2.0625,-0.08745463728821926
0,33.8309,2.065625,-0.08785221870678515
0,33.8309,2.06875,-0.08825082897816322
0,33.8309,2.0718750000000004,-0.08865053919287932
0,33.8309,2.075,-0.08905142874670978
0,33.8309,2.078125,-0.08945358469325258
0,33.8309,2.08125,-0.08985710102512927
0,33.8309,2.084375,-0.09026207789927038
0,33.8309,2.0875000000000004,-0.09066862082227252
0,33.8309,2.090625,-0.09107683981185151
0,33.8309,2.09375,-0.09148684854998508
0,33.8309,2.096875,-0.09189876354249138
0,33.8309,2.1,-0.09231270329859133
0,33.8309,2.1031250000000004,-0.09272878754252328
0,33.8309,2.10625,-0.09314713646759995
0,33.8309,2.109375,-0.09356787004129377
0,33.8309,2.1125,-0.09399110736808221
0,33.8309,2.115625,-0.09441696611495101
0,33.8309,2.1187500000000004,-0.09484556200268854
0,33.8309,2.121875,-0.09527700836446781
0,33.8309,2.125,-0.0957114157717299
0,33.8309,2.128125,-0.09614889172608328
0,33.8309,2.13125,-0.09658954041483465
0,33.8309,2.1343750000000004,-0.09703346252686447
0,33.8309,2.1375,-0.0974807551248625
0,33.8309,2.140625,-0.09793151156942648
0,33.8309,2.14375,-0.0983858214901896
0,33.8309,2.146875,-0.09884377079896459
0,33.8309,2.1500000000000004,-0.099305441739846
0,33.8309,2.153125,-0.09977091297128596
0,33.8309,2.15625,-0.10024025967532289
0,33.8309,2.159375,-0.10071355368938228
0,33.8309,2.1625,-0.10119086365636544
0,33.8309,2.1656250000000004,-0.1016722551890726
0,33.8309,2.16875,-0.10215779104536717
0,33.8309,2.171875,-0.10264753131085337
0,33.8309,2.175,-0.10314153358620862
0,33.8309,2.178125,-0.10363985317667279
0,33.8309,2.1812500000000004,-0.1041425432815417
0,33.8309,2.184375,-0.1046496551818381
0,33.8309,2.1875,-0.1051612384246367
0,33.8309,2.190625,-0.10567734100279699
0,33.8309,2.19375,-0.10619800952910981
0,33.8309,2.1968750000000004,-0.10672328940408866
0,33.8309,2.2,-0.1072532249768362
0,33.8309,2.203125,-0.10778785969858944
0,33.8309,2.20625,-0.10832723626869936
0,33.8309,2.209375,-0.10887139677292768
0,33.8309,2.2125000000000004,-0.10942038281405314
0,33.8309,2.215625,-0.10997423563486868
0,33.8309,2.21875,-0.11053299623372478
0,33.8309,2.221875,-0.11109670547283261
0,33.8309,2.225,-0.11166540417958633
0,33.8309,2.2281250000000004,-0.11223913324119843
0,33.8309,2.23125,-0.1128179336929669
0,33.8309,2.234375,-0.11340184680050851
0,33.8309,2.2375,-0.1139909141363011
0,33.8309,2.240625,-0.11458517765088218
0,33.8309,2.2437500000000004,-0.11518467973904771
0,33.8309,2.246875,-0.11578946330138905
0,33.8309,2.25,-0.11639957180149722
0,33.8309,2.253125,-0.11701504931914894
0,33.8309,2.25625,-0.11763594059977704
0,33.8309,2.2593750000000004,-0.11826229110050912
0,33.8309,2.2625,-0.11889414703304217
0,33.8309,2.265625,-0.1195315554036005
0,33.8309,2.26875,-0.12017456405020506
0,33.8309,2.271875,-0.12082322167746255
0,33.8309,2.2750000000000004,-0.12147757788905886
0,33.8309,2.278125,-0.1221376832181239
0,33.8309,2.28125,-0.12280358915560867
0,33.8309,2.284375,-0.12347534817679386
0,33.8309,2.2875,-0.1241530137660274
0,33.8309,2.2906250000000004,-0.12483664043976196
0,33.8309,2.29375,-0.12552628376794003
0,33.8309,2.296875,-0.12622200039374815
0,33.8309,2.3,-0.12692384805173307
0,33.8309,2.303125,-0.12763188558424707
0,33.8309,2.3062500000000004,-0.12834617295615727
0,33.8309,2.309375,-0.1290667712677232
0,33.8309,2.3125,-0.12979374276551323
0,33.8309,2.315625,-0.13052715085119265
0,33.8309,2.31875,-0.13126706008797928
0,33.8309,2.3218750000000004,-0.1320135362045196
0,33.8309,2.325,-0.13276664609589414
0,33.8309,2.328125,-0.13352645782141137
0,33.8309,2.33125,-0.13429304059879743
0,33.8309,2.334375,-0.13506646479433287
0,33.8309,2.3375000000000004,-0.13584680190842632
0,33.8309,2.340625,-0.13663412455605017
0,33.8309,2.34375,-0.13742850644139334
0,33.8309,2.346875,-0.13823002232601028
0,33.8309,2.35,-0.13903874798966936
0,33.8309,2.3531250000000004,-0.13985476018301637
0,33.8309,2.35625,-0.14067813657108674
0,33.8309,2.359375,-0.14150895566660546
0,33.8309,2.3625,-0.1423472967519241
0,33.8309,2.365625,-0.14319323978835247
0,33.8309,2.3687500000000004,-0.14404686531155036
0,33.8309,2.371875,-0.14490825431155957
0,33.8309,2.375,-0.14577748809597738
0,33.8309,2.378125,-0.14665464813470347
0,33.8309,2.38125,-0.1475398158846446
0,33.8309,2.3843750000000004,-0.14843307259272964
0,33.8309,2.3875,-0.14933449907559376
0,33.8309,2.390625,-0.15024417547432622
0,33.8309,2.39375,-0.15116218098276935
0,33.8309,2.396875,-0.1520885935480042
0,33.8309,2.4000000000000004,-0.1530234895418808
0,33.8309,2.403125,-0.15396694340276357
0,33.8309,2.40625,-0.1549190272470754
0,33.8309,2.409375,-0.1558798104507581
0,33.8309,2.4125,-0.15684935920144286
0,33.8309,2.4156250000000004,-0.1578277360229483
0,33.8309,2.41875,-0.15881499927472498
0,33.8309,2.421875,-0.15981120263004583
0,33.8309,2.425,-0.1608163945381161
0,33.8309,2.428125,-0.16183061767685017
0,33.8309,2.4312500000000004,-0.16285390840481995
0,33.8309,2.434375,-0.16388629622281672
0,33.8309,2.4375,-0.16492780325753886
0,33.8309,2.440625,-0.1659784437820852
0,33.8309,2.44375,-0.16703822379012292
0,33.8309,2.4468750000000004,-0.1681071406427127
0,33.8309,2.45,-0.1691851828087043
0,33.8309,2.453125,-0.1702723297212145
0,33.8309,2.45625,-0.17136855177379864
0,33.8309,2.459375,-0.1724738104803573
0,33.8309,2.4625000000000004,-0.17358805882236694
0,33.8309,2.465625,-0.17471124180551628
0,33.8309,2.46875,-0.17584329724506895
0,33.8309,2.471875,-0.17698415679513246
0,33.8309,2.475,-0.1781337472313961
0,33.8309,2.4781250000000004,-0.17929199198979184
0,33.8309,2.48125,-0.18045881295503075
0,33.8309,2.484375,-0.18163413248326327
0,33.8309,2.4875,-0.18281787563254703
0,33.8309,2.490625,-0.18400997256383786
0,33.8309,2.4937500000000004,-0.18521036106441716
0,33.8309,2.496875,-0.18641898913570962
0,33.8309,2.5,-0.18763581757903197
0,33.8309,2.503125,-0.18886082250665975
0,33.8309,2.50625,-0.19009399770234517
0,33.8309,2.5093750000000004,-0.1913353567555597
0,33.8309,2.5125,-0.19258493489757494
0,33.8309,2.515625,-0.193842790475092
0,33.8309,2.51875,-0.1951090060082566
0,33.8309,2.521875,-0.19638368879406257
0,33.8309,2.5250000000000004,-0.19766697103259362
0,33.8309,2.528125,-0.19895900947134945
0,33.8309,2.53125,-0.2002599845809765
0,33.8309,2.534375,-0.20157009929300249
0,33.8309,2.5375,-0.2028895773456402
0,33.8309,2.5406250000000004,-0.2042186612965115
0,33.8309,2.54375,-0.20555761027063374
0,33.8309,2.546875,-0.2069066975178148
0,33.8309,2.55,-0.2082662078556558
0,33.8309,2.553125,-0.20963643507282392
0,33.8309,2.5562500000000004,-0.2110176793625437
0,33.8309,2.559375,-0.2124102448489388
0,33.8309,2.5625,-0.21381443725960939
0,33.8309,2.565625,-0.21523056178738084
0,33.8309,2.56875,-0.21665892117320248
0,33.8309,2.5718750000000004,-0.21809981403132783
0,33.8309,2.575,-0.21955353342771075
0,33.8309,2.578125,-0.2210203657133847
0,33.8309,2.58125,-0.22250058960673788
0,33.8309,2.584375,-0.22399447551220078
0,33.8309,2.5875000000000004,-0.2255022850579505
0,33.8309,2.590625,-0.22702427083177573
0,33.8309,2.59375,-0.22856067629210022
0,33.8309,2.596875,-0.23011173583018266
0,33.8309,2.6,-0.2316776749595067
0,33.8309,2.6031250000000004,-0.23325871060914286
0,33.8309,2.60625,-0.23485505149922825
0,33.8309,2.609375,-0.23646689857848202
0,33.8309,2.6125,-0.23809444550570713
0,33.8309,2.615625,-0.23973787915939504
0,33.8309,2.6187500000000004,-0.24139738016173212
0,33.8309,2.621875,-0.24307312340543805
0,33.8309,2.625,-0.24476527857387503
0,33.8309,2.628125,-0.2464740106467189
0,33.8309,2.63125,-0.248199480385155
0,33.8309,2.6343750000000004,-0.2499418447920368
0,33.8309,2.6375,-0.2517012575437256
0,33.8309,2.640625,-0.2534778693914235
0,33.8309,2.64375,-0.25527182853071956
0,33.8309,2.646875,-0.2570832809388263
0,33.8309,2.6500000000000004,-0.2589123706795826
0,33.8309,2.653125,-0.26075924017677443
0,33.8309,2.65625,-0.2626240304566873
0,33.8309,2.659375,-0.26450688136106626
0,33.8309,2.6625,-0.26640793173184935
0,33.8309,2.6656250000000004,-0.26832731956915457
0,33.8309,2.66875,-0.27026518216406653
0,33.8309,2.671875,-0.2722216562077866
0,33.8309,2.675,-0.2741968778786958
0,33.8309,2.678125,-0.27619098290884325
0,33.8309,2.6812500000000004,-0.2782041066313064
0,33.8309,2.684375,-0.28023638400980083
0,33.8309,2.6875,-0.2822879496518319
0,33.8309,2.690625,-0.2843589378065877
0,33.8309,2.69375,-0.2864494823486888
0,33.8309,2.6968750000000004,-0.2885597167488095
0,33.8309,2.7,-0.29068977403210244
0,33.8309,2.703125,-0.2928397867252643
0,33.8309,2.70625,-0.2950098867929968
0,33.8309,2.709375,-0.29720020556454024
0,33.8309,2.7125000000000004,-0.2994108736508775
0,33.8309,2.715625,-0.30164202085313957
0,33.8309,2.71875,-0.3038937760626745
0,33.8309,2.721875,-0.3061662671531819
0,33.8309,2.725,-0.3084596208652633
0,33.8309,2.7281250000000004,-0.31077396268368107
0,33.8309,2.73125,-0.3131094167075804
0,33.8309,2.734375,-0.3154661055138794
0,33.8309,2.7375,-0.31784415001399646
0,33.8309,2.740625,-0.32024366930405374
0,33.8309,2.7437500000000004,-0.32266478050865754
0,33.8309,2.746875,-0.3251075986183366
0,33.8309,2.75,-0.3275722363206889
0,33.8309,2.753125,-0.3300588038252666
0,33.8309,2.75625,-0.3325674086822134
0,33.8309,2.7593750000000004,-0.3350981555946455
0,33.8309,2.7625,-0.3376511462247611
0,33.8309,2.765625,-0.34022647899364145
0,33.8309,2.76875,-0.34282424887470164
0,33.8309,2.771875,-0.34544454718073947
0,33.8309,2.7750000000000004,-0.34808746134451973
0,33.8309,2.778125,-0.35075307469283357
0,33.8309,2.78125,-0.3534414662139577
0,33.8309,2.784375,-0.35615271031844153
0,33.8309,2.7875,-0.3588868765931477
0,33.8309,2.7906250000000004,-0.36164402954846875
0,33.8309,2.79375,-0.3644242283586459
0,33.8309,2.796875,-0.367227526595117
0,33.8309,2.8,-0.3700539719528162
0,33.8309,2.803125,-0.3729036059693661
0,33.8309,2.8062500000000004,-0.3757764637370926
0,33.8309,2.809375,-0.3786725736078093
0,33.8309,2.8125,-0.38159195689032116
0,33.8309,2.815625,-0.3845346275406003
0,33.8309,2.81875,-0.3875005918446062
0,33.8309,2.8218750000000004,-0.39048984809371956
0,33.8309,2.825,-0.3935023862527842
0,33.8309,2.828125,-0.3965381876207497
0,33.8309,2.83125,-0.39959722448392804
0,33.8309,2.834375,-0.4026794597618909
0,33.8309,2.8375000000000004,-0.4057848466460453
0,33.8309,2.840625,-0.40891332823094995
0,33.8309,2.84375,-0.4120648371384419
0,33.8309,2.846875,-0.41523929513466656
0,33.8309,2.85,-0.41843661274012617
0,33.8309,2.8531250000000004,-0.42165668883287705
0,33.8309,2.85625,-0.4248994102450346
0,33.8309,2.859375,-0.42816465135276427
0,33.8309,2.8625,-0.4314522736599579
0,33.8309,2.865625,-0.434762125375832
0,33.8309,2.8687500000000004,-0.43809404098669824
0,33.8309,2.871875,-0.4414478408221989
0,33.8309,2.875,-0.4448233306163172
0,33.8309,2.878125,-0.4482203010635111
0,33.8309,2.88125,-0.45163852737035126
0,33.8309,2.8843750000000004,-0.4550777688030752
0,33.8309,2.8875,-0.4585377682315079
0,33.8309,2.890625,-0.462018251669837
0,33.8309,2.89375,-0.4655189278147588
0,33.8309,2.896875,-0.46903948758156694
0,33.8309,2.9000000000000004,-0.47257960363878104
0,33.8309,2.903125,-0.4761389299419649
0,33.8309,2.90625,-0.4797171012674229
0,33.8309,2.909375,-0.48331373274650274
0,33.8309,2.9125,-0.4869284194012883
0,33.8309,2.9156250000000004,-0.4905607356825016
0,33.8309,2.91875,-0.4942102350104911
0,33.8309,2.921875,-0.4978764493202223
0,33.8309,2.925,-0.5015588886112357
0,33.8309,2.928125,-0.5052570405035957
0,33.8309,2.9312500000000004,-0.5089703698008932
0,33.8309,2.934375,-0.5126983180614191
0,33.8309,2.9375,-0.5164403031786795
0,33.8309,2.940625,-0.5201957189724647
0,33.8309,2.94375,-0.5239639347917424
0,33.8309,2.9468750000000004,-0.5277442951306894
0,33.8309,2.95,-0.5315361192592328
0,33.8309,2.953125,-0.535338700869509
0,33.8309,2.95625,-0.5391513077397008
0,33.8309,2.959375,-0.542973181416764
0,33.8309,2.9625000000000004,-0.5468035369195855
0,33.8309,2.965625,-0.5506415624641728
0,33.8309,2.96875,-0.5544864192125019
0,33.8309,2.971875,-0.5583372410466892
0,33.8309,2.975,-0.5621931343701964
0,33.8309,2.9781250000000004,-0.5660531779377936
0,33.8309,2.98125,-0.5699164227160495
0,33.8309,2.984375,-0.5737818917761244
0,33.8309,2.9875,-0.5776485802206707
0,33.8309,2.990625,-0.581515455146657
0,33.8309,2.9937500000000004,-0.5853814556459376
0,33.8309,2.996875,-0.589245492845398
0,33.8309,3.0,-0.5931064499884985
0,33.8309,3.0031250000000003,-0.5969631825600299
0,33.8309,3.00625,-0.6008145184558766
0,33.8309,3.009375,-0.6046592581995728
0,33.8309,3.0125,-0.6084961752073816
0,33.8309,3.015625,-0.6123240161036074
0,33.8309,3.0187500000000003,-0.6161415010878025
0,33.8309,3.021875,-0.6199473243554579
0,33.8309,3.025,-0.6237401545737256
0,33.8309,3.028125,-0.6275186354136226
0,33.8309,3.03125,-0.6312813861400957
0,33.8309,3.0343750000000003,-0.6350270022612359
0,33.8309,3.0375,-0.6387540562378076
0,33.8309,3.040625,-0.6424610982541706
0,33.8309,3.04375,-0.6461466570515226
0,33.8309,3.046875,-0.6498092408242706
0,33.8309,3.0500000000000003,-0.6534473381801958
0,33.8309,3.053125,-0.6570594191649033
0,33.8309,3.05625,-0.660643936350911
0,33.8309,3.059375,-0.6641993259915246
0,33.8309,3.0625,-0.6677240092394842
0,33.8309,3.0656250000000003,-0.6712163934301704
0,33.8309,3.06875,-0.6746748734289337
0,33.8309,3.071875,-0.6780978330419348
0,33.8309,3.075,-0.6814836464896268
0,33.8309,3.078125,-0.6848306799418081
0,33.8309,3.0812500000000003,-0.6881372931129389
0,33.8309,3.084375,-0.6914018409161544
0,33.8309,3.0875,-0.6946226751741997
0,33.8309,3.090625,-0.6977981463852262
0,33.8309,3.09375,-0.7009266055411666
0,33.8309,3.0968750000000003,-0.7040064059961452
0,33.8309,3.1,-0.7070359053821169
0,33.8309,3.103125,-0.710013467568701
0,33.8309,3.10625,-0.712937464663899
0,33.8309,3.109375,-0.7158062790521635
0,33.8309,3.1125000000000003,-0.7186183054660354
0,33.8309,3.115625,-0.7213719530873203
0,33.8309,3.11875,-0.724065647673581
0,33.8309,3.121875,-0.7266978337054683
0,33.8309,3.125,-0.7292669765502332
0,33.8309,3.1281250000000003,-0.7317715646365658
0,33.8309,3.13125,-0.734210111635711
0,33.8309,3.134375,-0.7365811586436731
0,33.8309,3.1375,-0.7388832763591513
0,33.8309,3.140625,-0.7411150672517298
0,33.8309,3.1437500000000003,-0.7432751677147431
0,33.8309,3.146875,-0.7453622501971265
0,33.8309,3.15,-0.7473750253085263
0,33.8309,3.153125,-0.7493122438918671
0,33.8309,3.15625,-0.7511726990575803
0,33.8309,3.1593750000000003,-0.7529552281736873
0,33.8309,3.1625,-0.75465871480596
0,33.8309,3.165625,-0.7562820906024481
0,33.8309,3.16875,-0.7578243371167274
0,33.8309,3.171875,-0.7592844875643434
0,33.8309,3.1750000000000003,-0.7606616285070528
0,33.8309,3.178125,-0.7619549014596183
0,33.8309,3.18125,-0.7631635044141138
0,33.8309,3.184375,-0.7642866932768858
0,33.8309,3.1875,-0.7653237832135663
0,33.8309,3.1906250000000003,-0.7662741498977872
0,33.8309,3.19375,-0.7671372306595183
0,33.8309,3.196875,-0.7679125255292648
0,33.8309,3.2,-0.7685995981746692
0,33.8309,3.203125,-0.7691980767264135
0,33.8309,3.2062500000000003,-0.7697076544906624
0,33.8309,3.209375,-0.7701280905456668
0,33.8309,3.2125,-0.7704592102205313
0,33.8309,3.215625,-0.7707009054545342
0,33.8309,3.21875,-0.770853135035805
0,33.8309,3.2218750000000003,-0.770915924718567
0,33.8309,3.225,-0.7708893672185646
0,33.8309,3.228125,-0.7707736220867187
0,33.8309,3.23125,-0.7705689154614656
0,33.8309,3.234375,-0.7702755397006454
0,33.8309,3.2375000000000003,-0.7698938528942244
0,33.8309,3.240625,-0.7694242782595254
0,33.8309,3.24375,-0.7688673034210455
0,33.8309,3.246875,-0.7682234795773114
0,33.8309,3.25,-0.7674934205576014
0,33.8309,3.2531250000000003,-0.7666778017717045
0,33.8309,3.25625,-0.765777359056237
0,33.8309,3.259375,-0.764792887421341
0,33.8309,3.2625,-0.7637252397019009
0,33.8309,3.265625,-0.7625753251176779
0,33.8309,3.2687500000000003,-0.761344107747023
0,33.8309,3.271875,-0.7600326049190592
0,33.8309,3.275,-0.7586418855294269
0,33.8309,3.278125,-0.7571730682848667
0,33.8309,3.28125,-0.7556273198820715
0,33.8309,3.2843750000000003,-0.7540058531263645
0,33.8309,3.2875,-0.7523099249958651
0,33.8309,3.290625,-0.7505408346568819
0,33.8309,3.29375,-0.7486999214363178
0,33.8309,3.296875,-0.7467885627569055
0,33.8309,3.3000000000000003,-0.7448081720410795
0,33.8309,3.303125,-0.7427601965892826
0,33.8309,3.30625,-0.7406461154384378
0,33.8309,3.309375,-0.738467437206265
0,33.8309,3.3125,-0.7362256979270153
0,33.8309,3.3156250000000003,-0.7339224588840879
0,33.8309,3.31875,-0.7315593044448684
0,33.8309,3.321875,-0.7291378399029629
0,33.8309,3.325,-0.7266596893328547
0,33.8309,3.328125,-0.7241264934618145
0,33.8309,3.3312500000000003,-0.7215399075636987
0,33.8309,3.334375,-0.7189015993790822
0,33.8309,3.3375,-0.7162132470659255
0,33.8309,3.340625,-0.7134765371847732
0,33.8309,3.34375,-0.7106931627222323
0,33.8309,3.3468750000000003,-0.7078648211562408
0,33.8309,3.35,-0.7049932125663961
0,33.8309,3.353125,-0.7020800377923492
0,33.8309,3.35625,-0.6991269966430435
0,33.8309,3.359375,-0.6961357861592993
0,33.8309,3.3625000000000003,-0.6931080989320093
0,33.8309,3.365625,-0.6900456214779591
0,33.8309,3.36875,-0.6869500326750345
0,33.8309,3.371875,-0.6838230022583419
0,33.8309,3.375,-0.6806661893785254
0,33.8309,3.3781250000000003,-0.6774812412233316
0,33.8309,3.38125,-0.6742697917032552
0,33.8309,3.384375,-0.6710334602018687
0,33.8309,3.3875,-0.6677738503912433
0,33.8309,3.390625,-0.6644925491126553
0,33.8309,3.3937500000000003,-0.6611911253225804
0,33.8309,3.396875,-0.6578711291038111
0,33.8309,3.4000000000000004,-0.6545340907413311
0,33.8309,3.403125,-0.6511815198624481
0,33.8309,3.40625,-0.6478149046405048
0,33.8309,3.4093750000000003,-0.644435711061371
0,33.8309,3.4125,-0.6410453822517653
0,33.8309,3.4156250000000004,-0.6376453378683468
0,33.8309,3.41875,-0.6342369735464007
0,33.8309,3.421875,-0.6308216604068381
0,33.8309,3.4250000000000003,-0.6274007446201403
0,33.8309,3.428125,-0.6239755470258043
0,33.8309,3.4312500000000004,-0.6205473628057493
0,33.8309,3.434375,-0.617117461210118
0,33.8309,3.4375,-0.6136870853338138
0,33.8309,3.4406250000000003,-0.6102574519421013
0,33.8309,3.44375,-0.6068297513435432
0,33.8309,3.4468750000000004,-0.6034051473085142
0,33.8309,3.45,-0.5999847770315359
0,33.8309,3.453125,-0.5965697511356252
0,33.8309,3.4562500000000003,-0.5931611537168786
0,33.8309,3.459375,-0.589760042427488
0,33.8309,3.4625000000000004,-0.586367448595395
0,33.8309,3.465625,-0.5829843773788144
0,33.8309,3.46875,-0.5796118079538479
0,33.8309,3.4718750000000003,-0.5762506937334588
0,33.8309,3.475,-0.5729019626160797
0,33.8309,3.4781250000000004,-0.5695665172621616
0,33.8309,3.48125,-0.5662452353970195
0,33.8309,3.484375,-0.5629389701383364
0,33.8309,3.4875000000000003,-0.559648550346757
0,33.8309,3.490625,-0.5563747809980241
0,33.8309,3.4937500000000004,-0.553118443575157
0,33.8309,3.496875,-0.5498802964792305
0,33.8309,3.5,-0.5466610754573354
0,33.8309,3.5031250000000003,-0.5434614940463798
0,33.8309,3.50625,-0.5402822440314158
0,33.8309,3.5093750000000004,-0.5371239959172381
0,33.8309,3.5125,-0.533987399412055
0,33.8309,3.515625,-0.5308730839220733
0,33.8309,3.5187500000000003,-0.5277816590559047
0,33.8309,3.521875,-0.5247137151377422
0,33.8309,3.5250000000000004,-0.5216698237283097
0,33.8309,3.528125,-0.5186505381526477
0,33.8309,3.53125,-0.5156563940338337
0,33.8309,3.5343750000000003,-0.5126879098318059
0,33.8309,3.5375,-0.5097455873864942
0,33.8309,3.5406250000000004,-0.5068299124645144
0,33.8309,3.54375,-0.5039413553087417
0,33.8309,3.546875,-0.5010803711901096
0,33.8309,3.5500000000000003,-0.4982474009610413
0,33.8309,3.553125,-0.49544287160996286
0,33.8309,3.5562500000000004,-0.49266719681638305
0,33.8309,3.559375,-0.4899207775060867
0,33.8309,3.5625,-0.48720400240600953
0,33.8309,3.5656250000000003,-0.4845172485984223
0,33.8309,3.56875,-0.48186088207408134
0,33.8309,3.5718750000000004,-0.4792352582840402
0,33.8309,3.575,-0.4766407226898674
0,33.8309,3.578125,-0.4740776113120333
0,33.8309,3.5812500000000003,-0.4715462512762825
0,33.8309,3.584375,-0.4690469613578298
0,33.8309,3.5875000000000004,-0.4665800525232525
0,33.8309,3.590625,-0.4641458284699931
0,33.8309,3.59375,-0.46174458616340097
0,33.8309,3.5968750000000003,-0.45937661637128724
0,33.8309,3.6,-0.45704220419598607
0,33.8309,3.6031250000000004,-0.45474162960394016
0,33.8309,3.60625,-0.45247516795287074
0,33.8309,3.609375,-0.45024309051659417
0,33.8309,3.6125000000000003,-0.4480456650075952
0,33.8309,3.615625,-0.44588315609747353
0,33.8309,3.6187500000000004,-0.4437558259354113
0,33.8309,3.621875,-0.4416639346648307
0,33.8309,3.625,-0.43960774093842725
0,33.8309,3.6281250000000003,-0.4375875024317924
0,33.8309,3.63125,-0.4356034763558531
0,33.8309,3.6343750000000004,-0.43365591996837277
0,33.8309,3.6375,-0.43174509108478987
0,33.8309,3.640625,-0.42987124858866665
0,33.8309,3.6437500000000003,-0.42803465294206205
0,33.8309,3.646875,-0.4262355666961395
0,33.8309,3.6500000000000004,-0.4244742550023471
0,33.8309,3.653125,-0.4227509861245249
0,33.8309,3.65625,-0.4210660319522988
0,33.8309,3.6593750000000003,-0.41941966851615053
0,33.8309,3.6625,-0.417812176504555
0,33.8309,3.6656250000000004,-0.4162438417835954
0,33.8309,3.66875,-0.4147149559194868
0,33.8309,3.671875,-0.4132258167044369
0,33.8309,3.6750000000000003,-0.41177672868630527
0,33.8309,3.678125,-0.41036800370252063
0,33.8309,3.6812500000000004,-0.40899996141873274
0,33.8309,3.684375,-0.4076729298726936
0,33.8309,3.6875,-0.4063872460238657
0,33.8309,3.6906250000000003,-0.4051432563092735
0,33.8309,3.69375,-0.40394131720612375
0,33.8309,3.6968750000000004,-0.40278179580172985
0,33.8309,3.7,-0.4016650703712897
0,33.8309,3.703125,-0.4005915309640727
0,33.8309,3.7062500000000003,-0.39956157999858605
0,33.8309,3.709375,-0.39857563286729536
0,33.8309,3.7125000000000004,-0.39763411855148567
0,33.8309,3.715625,-0.39673748024685856
0,33.8309,3.71875,-0.39588617600046405
0,33.8309,3.7218750000000003,-0.39508067935957714
0,33.8309,3.725,-0.3943214800331313
0,33.8309,3.7281250000000004,-0.3936090845663262
0,33.8309,3.73125,-0.3929440170290318
0,33.8309,3.734375,-0.3923268197186093
0,33.8309,3.7375000000000003,-0.3917580538777737
0,33.8309,3.740625,-0.3912383004281177
0,33.8309,3.7437500000000004,-0.3907681607199128
0,33.8309,3.746875,-0.39034825729880146
0,33.8309,3.75,-0.389979234689978
0,33.8309,3.7531250000000003,-0.38966176020045357
0,33.8309,3.75625,-0.38939652473997494
0,33.8309,3.7593750000000004,-0.3891842436611572
0,33.8309,3.7625,-0.389025657619361
0,33.8309,3.765625,-0.38892153345281943
0,33.8309,3.7687500000000003,-0.3888726650834883
0,33.8309,3.771875,-0.38887987443904987
0,33.8309,3.7750000000000004,-0.38894401239645804
0,33.8309,3.778125,-0.38906595974735964
0,33.8309,3.78125,-0.38924662818566313
0,33.8309,3.7843750000000003,-0.3894869613174571
0,33.8309,3.7875,-0.3897879356934002
0,33.8309,3.7906250000000004,-0.39015056186361285
0,33.8309,3.79375,-0.39057588545499383
0,33.8309,3.796875,-0.3910649882707709
0,33.8309,3.8000000000000003,-0.3916189894119587
0,33.8309,3.803125,-0.3922390464202443
0,33.8309,3.8062500000000004,-0.392926356441657
0,33.8309,3.809375,-0.39368215741018364
0,33.8309,3.8125,-0.39450772925027994
0,33.8309,3.8156250000000003,-0.39540439509698994
0,33.8309,3.81875,-0.3963735225321184
0,33.8309,3.8218750000000004,-0.39741652483460593
0,33.8309,3.825,-0.39853486224292295
0,33.8309,3.828125,-0.3997300432269344
0,33.8309,3.8312500000000003,-0.4010036257662749
0,33.8309,3.834375,-0.40235721863182206
0,33.8309,3.8375000000000004,-0.4037924826663556
0,33.8309,3.840625,-0.40531113205992664
0,33.8309,3.84375,-0.40691493561485526
0,33.8309,3.8468750000000003,-0.4086057179945851
0,33.8309,3.85,-0.4103853609498812
0,33.8309,3.8531250000000004,-0.4122558045150265
0,33.8309,3.85625,-0.41421904816575966
0,33.8309,3.859375,-0.41627715192970066
0,33.8309,3.8625000000000003,-0.41843223743890157
0,33.8309,3.865625,-0.42068648891295657
0,33.8309,3.8687500000000004,-0.42304215405977935
0,33.8309,3.871875,-0.4255015448796971
0,33.8309,3.875,-0.42806703835693266
0,33.8309,3.8781250000000003,-0.4307410770207993
0,33.8309,3.88125,-0.4335261693570437
0,33.8309,3.8843750000000004,-0.43642489004771357
0,33.8309,3.8875,-0.4394398800156629
0,33.8309,3.890625,-0.44257384624739127
0,33.8309,3.8937500000000003,-0.44582956136524104
0,33.8309,3.896875,-0.44920986291712495
0,33.8309,3.9000000000000004,-0.452717652348859
0,33.8309,3.903125,-0.45635589362081175
0,33.8309,3.90625,-0.4601276114270192
0,33.8309,3.9093750000000003,-0.4640358889710128
0,33.8309,3.9125,-0.46808386524849926
0,33.8309,3.9156250000000004,-0.4722747317826134
0,33.8309,3.91875,-0.47661172875274077
0,33.8309,3.921875,-0.48109814045296345
0,33.8309,3.9250000000000003,-0.4857372900108777
0,33.8309,3.928125,-0.490532533292029
0,33.8309,3.9312500000000004,-0.495487251909413
0,33.8309,3.934375,-0.500604845251459
0,33.8309,3.9375,-0.5058887214357298
0,33.8309,3.9406250000000003,-0.511342287089175
0,33.8309,3.94375,-0.5169689358493375
0,33.8309,3.9468750000000004,-0.5227720354744468
0,33.8309,3.95,-0.5287549134439031
0,33.8309,3.953125,-0.5349208409244981
0,33.8309,3.9562500000000003,-0.5412730149717953
0,33.8309,3.959375,-0.5478145388307427
0,33.8309,3.9625000000000004,-0.5545484001949076
0,33.8309,3.965625,-0.5614774472799355
0,33.8309,3.96875,-0.5686043625643371
0,33.8309,3.9718750000000003,-0.575931634049613
0,33.8309,3.975,-0.5834615238926135
0,33.8309,3.9781250000000004,-0.5911960342661641
0,33.8309,3.98125,-0.5991368703098566
0,33.8309,3.984375,-0.6072854000421426
0,33.8309,3.9875000000000003,-0.6156426111178469
0,33.8309,3.990625,-0.624209064332788
0,33.8309,3.9937500000000004,-0.6329848437999048
0,33.8309,3.996875,-0.6419695037498552
0,33.8309,4.0,-0.6511620119444098
0,33.8309,4.003125000000001,-0.6605606897336526
0,33.8309,4.00625,-0.6701631488390434
0,33.8309,4.009375,-0.6799662250045039
0,33.8309,4.0125,-0.6899659087273443
0,33.8309,4.015625,-0.7001572733613152
0,33.8309,4.018750000000001,-0.7105344009749311
0,33.8309,4.021875,-0.7210903064506933
0,33.8309,4.025,-0.7318168604244039
0,33.8309,4.028125,-0.7427047117881365
0,33.8309,4.03125,-0.7537432106154779
0,33.8309,4.034375000000001,-0.7649203325112397
0,33.8309,4.0375,-0.7762226055390882
0,33.8309,4.040625,-0.7876350410364106
0,33.8309,4.04375,-0.7991410697829214
0,33.8309,4.046875,-0.810722485144571
0,33.8309,4.050000000000001,-0.8223593949611815
0,33.8309,4.053125,-0.8340301840800695
0,33.8309,4.05625,-0.8457114895511897
0,33.8309,4.059375,-0.8573781905844498
0,33.8309,4.0625,-0.8690034154190742
0,33.8309,4.065625000000001,-0.8805585672583487
0,33.8309,4.06875,-0.8920133713727848
0,33.8309,4.071875,-0.9033359453612482
0,33.8309,4.075,-0.9144928943746761
0,33.8309,4.078125,-0.9254494328444122
0,33.8309,4.081250000000001,-0.9361695339107086
0,33.8309,4.084375,-0.946616107314997
0,33.8309,4.0875,-0.9567512060020128
0,33.8309,4.090625,-0.9665362610790424
0,33.8309,4.09375,-0.9759323441086724
0,33.8309,4.096875000000001,-0.9849004549806966
0,33.8309,4.1,-0.9934018328373421
0,33.8309,4.103125,-1.0013982867357802
0,33.8309,4.10625,-1.0088525419500578
0,33.8309,4.109375,-1.0157285970718717
0,33.8309,4.112500000000001,-1.0219920863978633
0,33.8309,4.115625,-1.02761064152437
0,33.8309,4.11875,-1.0325542456406294
0,33.8309,4.121875,-1.0367955737475876
0,33.8309,4.125,-1.0403103119563082
0,33.8309,4.128125000000001,-1.0430774491543564
0,33.8309,4.13125,-1.0450795346798378
0,33.8309,4.134375,-1.046302896209822
0,33.8309,4.1375,-1.0467378128415956
0,33.8309,4.140625,-1.0463786393001182
0,33.8309,4.143750000000001,-1.045223878311853
0,33.8309,4.146875,-1.0432761994045934
0,33.8309,4.15,-1.040542403679239
0,33.8309,4.153125,-1.037033335403407
0,33.8309,4.15625,-1.032763742547809
0,33.8309,4.159375000000001,-1.0277520895760999
0,33.8309,4.1625,-1.0220203268632846
0,33.8309,4.165625,-1.0155936220197397
0,33.8309,4.16875,-1.0085000591092363
0,33.8309,4.171875,-1.0007703122512637
0,33.8309,4.175000000000001,-0.9924373003829638
0,33.8309,4.178125,-0.9835358300257778
0,33.8309,4.18125,-0.9741022327684163
0,33.8309,4.184375,-0.9641740038607124
0,33.8309,4.1875,-0.9537894478377962
0,33.8309,4.190625000000001,-0.9429873364920259
0,33.8309,4.19375,-0.9318065838131646
0,33.8309,4.196875,-0.9202859417591879
0,33.8309,4.2,-0.908463719932908
0,33.8309,4.203125,-0.8963775314521126
0,33.8309,4.206250000000001,-0.8840640665398894
0,33.8309,4.209375,-0.871558894647534
0,33.8309,4.2125,-0.8588962952721729
0,33.8309,4.215625,-0.8461091170567789
0,33.8309,4.21875,-0.8332286642681437
0,33.8309,4.221875000000001,-0.820284609342852
0,33.8309,4.225,-0.8073049298706703
0,33.8309,4.228125,-0.794315868146312
0,33.8309,4.23125,-0.7813419112585034
0,33.8309,4.234375,-0.7684057895915347
0,33.8309,4.237500000000001,-0.7555284915818079
0,33.8309,4.240625,-0.7427292925901445
0,33.8309,4.24375,-0.7300257958115449
0,33.8309,4.246875,-0.7174339832389538
0,33.8309,4.25,-0.7049682748175233
0,33.8309,4.253125000000001,-0.6926415940646332
0,33.8309,4.25625,-0.6804654385807853
0,33.8309,4.259375,-0.6684499540325408
0,33.8309,4.2625,-0.6566040103461636
0,33.8309,4.265625,-0.6449352790050316
0,33.8309,4.268750000000001,-0.6334503104933144
0,33.8309,4.271875,-0.622154611069463
0,33.8309,4.275,-0.6110527181848449
0,33.8309,4.278125,-0.6001482739842674
0,33.8309,4.28125,-0.5894440964350133
0,33.8309,4.284375000000001,-0.5789422477301778
0,33.8309,4.2875,-0.5686440996996937
0,33.8309,4.290625,-0.5585503960394097
0,33.8309,4.29375,-0.548661311235537
0,33.8309,4.296875,-0.5389765061187284
0,33.8309,4.300000000000001,-0.5294951800307375
0,33.8309,4.303125,-0.520216119626842
0,33.8309,4.30625,-0.5111377443703923
0,33.8309,4.309375,-0.5022581488027266
0,33.8309,4.3125,-0.49357514169251887
0,33.8309,4.315625000000001,-0.4850862821849506
0,33.8309,4.31875,-0.4767889130827543
0,33.8309,4.321875,-0.46868019139931416
0,33.8309,4.325,-0.4607571163291367
0,33.8309,4.328125,-0.4530165547831927
0,33.8309,4.331250000000001,-0.44545526463707663
0,33.8309,4.334375,-0.43806991583826305
0,33.8309,4.3375,-0.43085710951579936
0,33.8309,4.340625,-0.4238133952318238
0,33.8309,4.34375,-0.416935286509191
0,33.8309,4.346875000000001,-0.41021927476412523
0,33.8309,4.35,-0.40366184176671793
0,33.8309,4.353125,-0.39725947074580775
0,33.8309,4.35625,-0.3910086562484615
0,33.8309,4.359375,-0.3849059128576236
0,33.8309,4.362500000000001,-0.37894778286523867
0,33.8309,4.365625,-0.3731308429917272
0,33.8309,4.36875,-0.3674517102365382
0,33.8309,4.371875,-0.3619070469386468
0,33.8309,4.375,-0.35649356512000524
0,33.8309,4.378125000000001,-0.3512080301796501
0,33.8309,4.38125,-0.34604726400090113
0,33.8309,4.384375,-0.34100814752919734
0,33.8309,4.3875,-0.3360876228735805
0,33.8309,4.390625,-0.3312826949803802
0,33.8309,4.393750000000001,-0.3265904329237312
0,33.8309,4.396875,-0.3220079708536987
0,33.8309,4.4,-0.31753250863926796
0,33.8309,4.403125,-0.313161312240266
0,33.8309,4.40625,-0.30889171383913633
0,33.8309,4.409375000000001,-0.3047211117608087
0,33.8309,4.4125,-0.3006469702062529
0,33.8309,4.415625,-0.29666681882292906
0,33.8309,4.41875,-0.29277825213322384
0,33.8309,4.421875,-0.28897892883984627
0,33.8309,4.425000000000001,-0.28526657102542097
0,33.8309,4.428125,-0.28163896326176074
0,33.8309,4.43125,-0.2780939516427644
0,33.8309,4.434375,-0.2746294427535261
0,33.8309,4.4375,-0.27124340258686863
0,33.8309,4.440625000000001,-0.2679338554174264
0,33.8309,4.44375,-0.26469888264228414
0,33.8309,4.446875,-0.2615366215962054
0,33.8309,4.45,-0.2584452643486558
0,33.8309,4.453125,-0.255423056488939
0,33.8309,4.456250000000001,-0.25246829590512454
0,33.8309,4.459375,-0.24957933156173462
0,33.8309,4.4625,-0.24675456228056877
0,33.8309,4.465625,-0.24399243552855074
0,33.8309,4.46875,-0.24129144621592452
0,33.8309,4.471875000000001,-0.238650135507764
0,33.8309,4.475,-0.23606708965132014
0,33.8309,4.478125,-0.23354093882138194
0,33.8309,4.48125,-0.23107035598554646
0,33.8309,4.484375,-0.22865405579094444
0,33.8309,4.487500000000001,-0.22629079347377973
0,33.8309,4.490625,-0.22397936379277072
0,33.8309,4.49375,-0.2217185999873829
0,33.8309,4.496875,-0.21950737276159427
0,33.8309,4.5,-0.21734458929371747
0,33.8309,4.503125000000001,-0.21522919227271678
0,33.8309,4.50625,-0.21316015896129742
0,33.8309,4.509375,-0.21113650028593287
0,33.8309,4.5125,-0.20915725995393092
0,33.8309,4.515625,-0.20722151359749974
0,33.8309,4.518750000000001,-0.2053283679447515
0,33.8309,4.521875,-0.2034769600174842
0,33.8309,4.525,-0.20166645635552446
0,33.8309,4.528125,-0.19989605226739504
0,33.8309,4.53125,-0.19816497110697803
0,33.8309,4.534375000000001,-0.19647246357585746
0,33.8309,4.5375,-0.19481780705096174
0,33.8309,4.540625,-0.19320030493710263
0,33.8309,4.54375,-0.19161928604400758
0,33.8309,4.546875,-0.19007410398738342
0,33.8309,4.550000000000001,-0.1885641366135712
0,33.8309,4.553125,-0.18708878544731322
0,33.8309,4.55625,-0.18564747516214378
0,33.8309,4.559375,-0.18423965307292292
0,33.8309,4.5625,-0.18286478864998912
0,33.8309,4.565625000000001,-0.18152237305443253
0,33.8309,4.56875,-0.18021191869396003
0,33.8309,4.571875,-0.17893295879881518
0,33.8309,4.575,-0.17768504701722757
0,33.8309,4.578125,-0.17646775702982265
0,33.8309,4.581250000000001,-0.17528068218244583
0,33.8309,4.584375,-0.17412343513682252
0,33.8309,4.5875,-0.17299564753846133
0,33.8309,4.590625,-0.17189696970121185
0,33.8309,4.59375,-0.17082707030783822
0,33.8309,4.596875000000001,-0.16978563612597924
0,33.8309,4.6,-0.16877237173882326
0,33.8309,4.603125,-0.16778699928979737
0,33.8309,4.60625,-0.16682925824055572
0,33.8309,4.609375,-0.16589890514148795
0,33.8309,4.612500000000001,-0.16499571341395247
0,33.8309,4.615625,-0.16411947314337724
0,33.8309,4.61875,-0.16326999088231658
0,33.8309,4.621875,-0.1624470894625064
0,33.8309,4.625,-0.16165060781487062
0,33.8309,4.628125000000001,-0.16088040079637736
0,33.8309,4.63125,-0.1601363390225454
0,33.8309,4.634375,-0.1594183087043094
0,33.8309,4.6375,-0.15872621148785676
0,33.8309,4.640625,-0.15805996429591884
0,33.8309,4.643750000000001,-0.15741949916888595
0,33.8309,4.646875,-0.15680476310396604
0,33.8309,4.65,-0.1562157178904529
0,33.8309,4.653125,-0.1556523399390079
0,33.8309,4.65625,-0.15511462010265917
0,33.8309,4.659375000000001,-0.1546025634870341
0,33.8309,4.6625,-0.15411618924710876
0,33.8309,4.665625,-0.15365553036751942
0,33.8309,4.66875,-0.1532206334232249
0,33.8309,4.671875,-0.15281155831701426
0,33.8309,4.675000000000001,-0.15242837799005962
0,33.8309,4.678125,-0.15207117810137577
0,33.8309,4.68125,-0.15174005667169538
0,33.8309,4.684375,-0.15143512368689366
0,33.8309,4.6875,-0.1511565006556814
0,33.8309,4.690625000000001,-0.15090432011586377
0,33.8309,4.69375,-0.1506787250829988
0,33.8309,4.696875,-0.15047986843480834
0,33.8309,4.7,-0.15030791222419287
0,33.8309,4.703125,-0.15016302691316577
0,33.8309,4.706250000000001,-0.15004539051948407
0,33.8309,4.709375,-0.14995518766718344
0,33.8309,4.7125,-0.14989260853165498
0,33.8309,4.715625,-0.1498578476693222
0,33.8309,4.71875,-0.14985110272140015
0,33.8309,4.721875000000001,-0.14987257298065693
0,33.8309,4.725,-0.14992245780955765
0,33.8309,4.728125,-0.1500009548976704
0,33.8309,4.73125,-0.15010825834576583
0,33.8309,4.734375,-0.1502445565636717
0,33.8309,4.737500000000001,-0.15041002996866618
0,33.8309,4.740625,-0.15060484847104422
0,33.8309,4.74375,-0.15082916873349597
0,33.8309,4.746875,-0.15108313119112704
0,33.8309,4.75,-0.15136685681938056
0,33.8309,4.753125000000001,-0.1516804436378145
0,33.8309,4.75625,-0.15202396293871617
0,33.8309,4.759375,-0.15239745523094006
0,33.8309,4.7625,-0.1528009258911942
0,33.8309,4.765625,-0.15323434051735585
0,33.8309,4.768750000000001,-0.1536976199813066
0,33.8309,4.771875,-0.15419063518234347
0,33.8309,4.775,-0.1547132015064958
0,33.8309,4.778125,-0.1552650730021286
0,33.8309,4.78125,-0.15584593628813273
0,33.8309,4.784375000000001,-0.15645540421781326
0,33.8309,4.7875,-0.15709300932937414
0,33.8309,4.790625,-0.1577581971226823
0,33.8309,4.79375,-0.15845031921177258
0,33.8309,4.796875,-0.1591686264133611
0,33.8309,4.800000000000001,-0.15991226184335663
0,33.8309,4.803125,-0.16068025410596856
0,33.8309,4.80625,-0.16147151067333013
0,33.8309,4.809375,-0.1622848115673835
0,33.8309,4.8125,-0.16311880346989072
0,33.8309,4.815625000000001,-0.1639719944004294
0,33.8309,4.81875,-0.1648427491157579
0,33.8309,4.821875,-0.16572928539644943
0,33.8309,4.825,-0.16662967139761142
0,33.8309,4.828125,-0.16754182424921218
0,33.8309,4.831250000000001,-0.16846351009723
0,33.8309,4.834375,-0.16939234577880782
0,33.8309,4.8375,-0.17032580232199296
0,33.8309,4.840625,-0.17126121045264636
0,33.8309,4.84375,-0.17219576827701538
0,33.8309,4.846875000000001,-0.17312655128750842
0,33.8309,4.85,-0.17405052481094663
0,33.8309,4.853125,-0.17496455898260097
0,33.8309,4.85625,-0.17586544628558884
0,33.8309,4.859375,-0.1767499216439856
0,33.8309,4.862500000000001,-0.17761468499984204
0,33.8309,4.865625,-0.1784564262402869
0,33.8309,4.86875,-0.17927185227243314
0,33.8309,4.871875,-0.18005771597278483
0,33.8309,4.875,-0.18081084666657593
0,33.8309,4.878125000000001,-0.18152818172351182
0,33.8309,4.88125,-0.18220679879266918
0,33.8309,4.884375,-0.1828439481437776
0,33.8309,4.8875,-0.18343708453772622
0,33.8309,4.890625,-0.18398389801870604
0,33.8309,4.893750000000001,-0.18448234300624103
0,33.8309,4.896875,-0.18493066506936465
0,33.8309,4.9,-0.18532742478845535
0,33.8309,4.903125,-0.18567151815303648
0,33.8309,4.90625,-0.18596219300557584
0,33.8309,4.909375000000001,-0.18619906112037946
0,33.8309,4.9125,-0.18638210560063256
0,33.8309,4.915625,-0.18651168338222326
0,33.8309,4.91875,-0.18658852274627816
0,33.8309,4.921875,-0.1866137158590478
0,33.8309,4.925000000000001,-0.18658870647334846
0,33.8309,4.928125,-0.18651527303577423
0,33.8309,4.93125,-0.18639550754419232
0,33.8309,4.934375,-0.1862317905870395
0,33.8309,4.9375,-0.186026763066792
0,33.8309,4.940625000000001,-0.18578329516268396
0,33.8309,4.94375,-0.18550445312123984
0,33.8309,4.946875,-0.18519346447732485
0,33.8309,4.95,-0.1848536823039861
0,33.8309,4.953125,-0.18448854906786252
0,33.8309,4.956250000000001,-0.18410156063060804
0,33.8309,4.959375,-0.18369623088821171
0,33.8309,4.9625,-0.18327605748228135
0,33.8309,4.965625,-0.1828444889533405
0,33.8309,4.96875,-0.18240489363896234
0,33.8309,4.971875000000001,-0.1819605305519934
0,33.8309,4.975,-0.1815145224086946
0,33.8309,4.978125,-0.18106983091552706
0,33.8309,4.98125,-0.1806292343682686
0,33.8309,4.984375,-0.18019530756943458
0,33.8309,4.987500000000001,-0.1797704040304938
0,33.8309,4.990625,-0.17935664039453614
0,33.8309,4.99375,-0.17895588299297693
0,33.8309,4.996875,-0.17856973643634716
0,33.8309,5.0,-0.17819953413370868
0,33.8309,5.003125,-0.17784633063708316
0,33.8309,5.0062500000000005,-0.1775108957155855
0,33.8309,5.009375,-0.17719371007775195
0,33.8309,5.0125,-0.17689496267874688
0,33.8309,5.015625,-0.17661454957060768
0,33.8309,5.01875,-0.17635207427724428
0,33.8309,5.0218750000000005,-0.1761068497003789
0,33.8309,5.025,-0.17587790158677083
0,33.8309,5.028125,-0.1756639736097244
0,33.8309,5.03125,-0.17546353413784638
0,33.8309,5.034375,-0.17527478478013062
0,33.8309,5.0375000000000005,-0.17509567080760777
0,33.8309,5.040625,-0.1749238935569597
0,33.8309,5.04375,-0.17475692491973271
0,33.8309,5.046875,-0.17459202401130522
0,33.8309,5.05,-0.17442625609596357
0,33.8309,5.0531250000000005,-0.17425651381796112
0,33.8309,5.05625,-0.17407954075320523
0,33.8309,5.059375,-0.173891957252496
0,33.8309,5.0625,-0.17369028849570423
0,33.8309,5.065625,-0.17347099461798063
0,33.8309,5.0687500000000005,-0.1732305027055686
0,33.8309,5.071875,-0.17296524039198677
0,33.8309,5.075,-0.172671670717614
0,33.8309,5.078125,-0.17234632784973752
0,33.8309,5.08125,-0.17198585319884802
0,33.8309,5.0843750000000005,-0.17158703141344078
0,33.8309,5.0875,-0.17114682569283646
0,33.8309,5.090625,-0.17066241182837588
0,33.8309,5.09375,-0.17013121037022766
0,33.8309,5.096875,-0.16955091632182961
0,33.8309,5.1000000000000005,-0.16891952578784872
0,33.8309,5.103125,-0.16823535904480094
0,33.8309,5.10625,-0.16749707956552012
0,33.8309,5.109375,-0.16670370860797784
0,33.8309,5.1125,-0.16585463507307094
0,33.8309,5.1156250000000005,-0.16494962044167727
0,33.8309,5.11875,-0.16398879871463712
0,33.8309,5.121875,-0.16297267139602262
0,33.8309,5.125,-0.1619020976756088
0,33.8309,5.128125,-0.1607782800763773
0,33.8309,5.1312500000000005,-0.15960274593305374
0,33.8309,5.134375,-0.15837732515448782
0,33.8309,5.1375,-0.15710412479324679
0,33.8309,5.140625,-0.15578550099811406
0,33.8309,5.14375,-0.15442402895813784
0,33.8309,5.1468750000000005,-0.15302247146032463
0,33.8309,5.15,-0.15158374667773347
0,33.8309,5.153125,-0.1501108957820805
0,33.8309,5.15625,-0.1486070509371795
0,33.8309,5.159375,-0.14707540417916695
0,33.8309,5.1625000000000005,-0.14551917762942668
0,33.8309,5.165625,-0.14394159541940055
0,33.8309,5.16875,-0.14234585763599517
0,33.8309,5.171875,-0.14073511652485407
0,33.8309,5.175,-0.13911245511876458
0,33.8309,5.1781250000000005,-0.13748086839204532
0,33.8309,5.18125,-0.1358432469805482
0,33.8309,5.184375,-0.134202363452136
0,33.8309,5.1875,-0.13256086106501327
0,33.8309,5.190625,-0.13092124491145224
0,33.8309,5.1937500000000005,-0.12928587531240385
0,33.8309,5.196875,-0.127656963303966
0,33.8309,5.2,-0.12603656803925575
0,33.8309,5.203125,-0.12442659591831931
0,33.8309,5.20625,-0.12282880125352594
0,33.8309,5.2093750000000005,-0.12124478827769902
0,33.8309,5.2125,-0.11967601430618731
0,33.8309,5.215625,-0.11812379387137657
0,33.8309,5.21875,-0.11658930365806111
0,33.8309,5.221875,-0.11507358807988351
0,33.8309,5.2250000000000005,-0.11357756535014683
0,33.8309,5.228125,-0.11210203391412346
0,33.8309,5.23125,-0.11064767912408023
0,33.8309,5.234375,-0.10921508005225711
0,33.8309,5.2375,-0.1078047163506271
0,33.8309,5.2406250000000005,-0.10641697507924802
0,33.8309,5.24375,-0.10505215743719458
0,33.8309,5.246875,-0.10371048534131763
0,33.8309,5.25,-0.10239210780837726
0,33.8309,5.253125,-0.10109710710536307
0,33.8309,5.2562500000000005,-0.09982550464109377
0,33.8309,5.259375,-0.09857726657947856
0,33.8309,5.2625,-0.097352309161167
0,33.8309,5.265625,-0.09615050372579602
0,33.8309,5.26875,-0.09497168143168042
0,33.8309,5.2718750000000005,-0.09381563767370338
0,33.8309,5.275,-0.09268213620338789
0,33.8309,5.278125,-0.09157091295774299
0,33.8309,5.28125,-0.09048167960557191
0,33.8309,5.284375,-0.08941412682152942
0,33.8309,5.2875000000000005,-0.08836792729942568
0,33.8309,5.290625,-0.08734273851712257
0,33.8309,5.29375,-0.08633820526591712
0,33.8309,5.296875,-0.08535396195761447
0,33.8309,5.3,-0.08438963472257398
0,33.8309,5.3031250000000005,-0.08344484331193593
0,33.8309,5.30625,-0.08251920281701487
0,33.8309,5.309375,-0.0816123252185104
0,33.8309,5.3125,-0.0807238207777773
0,33.8309,5.315625,-0.07985329928190932
0,33.8309,5.3187500000000005,-0.07900037115386777
0,33.8309,5.321875,-0.0781646484383302
0,33.8309,5.325,-0.0773457456733539
0,33.8309,5.328125,-0.07654328065737472
0,33.8309,5.33125,-0.07575687512047195
0,33.8309,5.3343750000000005,-0.07498615530826044
0,33.8309,5.3375,-0.07423075248621158
0,33.8309,5.340625,-0.07349030337165598
0,33.8309,5.34375,-0.07276445050020712
0,33.8309,5.346875,-0.07205284253283674
0,33.8309,5.3500000000000005,-0.07135513450936276
0,33.8309,5.353125,-0.07067098805365966
0,33.8309,5.35625,-0.0700000715354722
0,33.8309,5.359375,-0.06934206019332279
0,33.8309,5.3625,-0.06869663622262033
0,33.8309,5.3656250000000005,-0.06806348883273489
0,33.8309,5.36875,-0.0674423142764764
0,33.8309,5.371875,-0.06683281585511057
0,33.8309,5.375,-0.06623470390177108
0,33.8309,5.378125,-0.06564769574586261
0,33.8309,5.3812500000000005,-0.06507151566081273
0,33.8309,5.384375,-0.06450589479731121
0,33.8309,5.3875,-0.06395057110396854
0,33.8309,5.390625,-0.06340528923714556
0,33.8309,5.39375,-0.06286980046152871
0,33.8309,5.3968750000000005,-0.06234386254287291
0,33.8309,5.4,-0.06182723963419061
0,33.8309,5.403125,-0.06131970215653124
0,33.8309,5.40625,-0.06082102667538203
0,33.8309,5.409375,-0.060330995773606295
0,33.8309,5.4125000000000005,-0.059849397921739995
0,33.8309,5.415625,-0.059376027346376405
0,33.8309,5.41875,-0.05891068389728516
0,33.8309,5.421875,-0.05845317291384163
0,33.8309,5.425,-0.058003305091271204
0,33.8309,5.4281250000000005,-0.05756089634715444
0,33.8309,5.43125,-0.0571257676885844
0,33.8309,5.434375,-0.05669774508031479
0,33.8309,5.4375,-0.05627665931419749
0,33.8309,5.440625,-0.05586234588016303
0,33.8309,5.4437500000000005,-0.055454644838963854
0,33.8309,5.446875,-0.05505340069686749
0,33.8309,5.45,-0.05465846228245509
0,33.8309,5.453125,-0.05426968262565868
0,33.8309,5.45625,-0.05388691883914297
0,33.8309,5.4593750000000005,-0.05351003200211869
0,33.8309,5.4625,-0.053138887046656265
0,33.8309,5.465625,-0.05277335264654908
0,33.8309,5.46875,-0.05241330110876547
0,33.8309,5.471875,-0.0520586082675111
0,33.8309,5.4750000000000005,-0.05170915338091443
0,33.8309,5.478125,-0.05136481903033767
0,33.8309,5.48125,-0.051025491022304685
0,33.8309,5.484375,-0.05069105829303332
0,33.8309,5.4875,-0.05036141281554885
0,33.8309,5.4906250000000005,-0.05003644950935218
0,33.8309,5.49375,-0.049716066152610455
0,33.8309,5.496875,-0.04940016329683268
0,33.8309,5.5,-0.049088644183991254
0,33.8309,5.503125,-0.048781414666045436
0,33.8309,5.5062500000000005,-0.04847838312682101
0,33.8309,5.509375,-0.04817946040619879
0,33.8309,5.5125,-0.047884559726561395
0,33.8309,5.515625,-0.04759359662144908
0,33.8309,5.51875,-0.04730648886637177
0,33.8309,5.5218750000000005,-0.047023156411725484
0,33.8309,5.525,-0.04674352131776079
0,33.8309,5.528125,-0.04646750769154924
0,33.8309,5.53125,-0.04619504162589672
0,33.8309,5.534375,-0.04592605114014983
0,33.8309,5.5375000000000005,-0.04566046612284361
0,33.8309,5.540625,-0.04539821827613901
0,33.8309,5.54375,-0.0451392410619983
0,33.8309,5.546875,-0.04488346965004921
0,33.8309,5.55,-0.04463084086708716
0,33.8309,5.5531250000000005,-0.04438129314816724
0,33.8309,5.55625,-0.04413476648923855
0,33.8309,5.559375,-0.043891202401272776
0,33.8309,5.5625,-0.04365054386584276
0,33.8309,5.565625,-0.04341273529210504
0,33.8309,5.5687500000000005,-0.043177722475143
0,33.8309,5.571875,-0.04294545255562831
0,33.8309,5.575,-0.042715873980757796
0,33.8309,5.578125,-0.042488936466426805
0,33.8309,5.58125,-0.042264590960598494
0,33.8309,5.5843750000000005,-0.04204278960783087
0,33.8309,5.5875,-0.04182348571492481
0,33.8309,5.590625,-0.04160663371765566
0,33.8309,5.59375,-0.041392189148554664
0,33.8309,5.596875,-0.04118010860570498
0,33.8309,5.6000000000000005,-0.04097034972251957
0,33.8309,5.603125,-0.04076287113846908
0,33.8309,5.60625,-0.04055763247072773
0,33.8309,5.609375,-0.04035459428670814
0,33.8309,5.6125,-0.040153718077455186
0,33.8309,5.6156250000000005,-0.03995496623187056
0,33.8309,5.61875,-0.039758302011741305
0,33.8309,5.621875,-0.039563689527544625
0,33.8309,5.625,-0.03937109371500472
0,33.8309,5.628125,-0.039180480312375726
0,33.8309,5.6312500000000005,-0.038991815838427375
0,33.8309,5.634375,-0.03880506757111
0,33.8309,5.6375,-0.038620203526876076
0,33.8309,5.640625,-0.03843719244063741
0,33.8309,5.64375,-0.03825600374633623
0,33.8309,5.6468750000000005,-0.03807660755811026
0,33.8309,5.65,-0.037898974652032444
0,33.8309,5.653125,-0.03772307644840555
0,33.8309,5.65625,-0.037548884994594446
0,33.8309,5.659375,-0.03737637294837761
0,33.8309,5.6625000000000005,-0.03720551356180109
0,33.8309,5.665625,-0.037036280665518624
0,33.8309,5.66875,-0.036868648653601295
0,33.8309,5.671875,-0.03670259246880231
0,33.8309,5.675,-0.03653808758826132
0,33.8309,5.6781250000000005,-0.03637511000963423
0,33.8309,5.68125,-0.036213636237634676
0,33.8309,5.684375,-0.03605364327097344
0,33.8309,5.6875,-0.03589510858968342
0,33.8309,5.690625,-0.035738010142817314
0,33.8309,5.6937500000000005,-0.0355823263365059
0,33.8309,5.696875,-0.035428036022365744
0,33.8309,5.7,-0.03527511848624431
0,33.8309,5.703125,-0.0351235534372924
0,33.8309,5.70625,-0.034973320997353036
0,33.8309,5.7093750000000005,-0.03482440169065658
0,33.8309,5.7125,-0.03467677643381282
0,33.8309,5.715625,-0.03453042652608952
0,33.8309,5.71875,-0.034385333639969776
0,33.8309,5.721875,-0.03424147981197798
0,33.8309,5.7250000000000005,-0.034098847433766746
0,33.8309,5.728125,-0.03395741924345636
0,33.8309,5.73125,-0.033817178317218415
0,33.8309,5.734375,-0.033678108061096536
0,33.8309,5.7375,-0.03354019220305655
0,33.8309,5.7406250000000005,-0.03340341478525861
0,33.8309,5.74375,-0.03326776015654509
0,33.8309,5.746875,-0.0331332129651366
0,33.8309,5.75,-0.03299975815153045
0,33.8309,5.753125,-0.03286738094159505
0,33.8309,5.7562500000000005,-0.0327360668398539
0,33.8309,5.759375,-0.032605801622954116
0,33.8309,5.7625,-0.0324765713333126
0,33.8309,5.765625,-0.032348362272935804
0,33.8309,5.76875,-0.03222116099740677
0,33.8309,5.7718750000000005,-0.03209495431003482
0,33.8309,5.775,-0.03196972925616302
0,33.8309,5.778125,-0.031845473117628094
0,33.8309,5.78125,-0.03172217340736901
0,33.8309,5.784375,-0.031599817864179064
0,33.8309,5.7875000000000005,-0.03147839444759756
0,33.8309,5.790625,-0.03135789133293691
0,33.8309,5.79375,-0.0312382969064406
0,33.8309,5.796875,-0.031119599760568918
0,33.8309,5.800000000000001,-0.031001788689408092
0,33.8309,5.8031250000000005,-0.03088485268419951
0,33.8309,5.80625,-0.030768780928985027
0,33.8309,5.809375,-0.030653562796365566
0,33.8309,5.8125,-0.030539187843369293
0,33.8309,5.815625000000001,-0.030425645807426162
0,33.8309,5.8187500000000005,-0.030312926602446055
0,33.8309,5.821875,-0.030201020314996958
0,33.8309,5.825,-0.030089917200580886
0,33.8309,5.828125,-0.029979607680004346
0,33.8309,5.831250000000001,-0.029870082335840677
0,33.8309,5.8343750000000005,-0.029761331908981843
0,33.8309,5.8375,-0.029653347295276702
0,33.8309,5.840625,-0.029546119542253762
0,33.8309,5.84375,-0.02943963984592571
0,33.8309,5.846875000000001,-0.029333899547673462
0,33.8309,5.8500000000000005,-0.029228890131207653
0,33.8309,5.853125,-0.02912460321960499
0,33.8309,5.85625,-0.029021030572417866
0,33.8309,5.859375,-0.0289181640828548
0,33.8309,5.862500000000001,-0.028815995775029905
0,33.8309,5.8656250000000005,-0.02871451780127951
0,33.8309,5.86875,-0.028613722439543736
0,33.8309,5.871875,-0.02851360209081177
0,33.8309,5.875,-0.028414149276628605
0,33.8309,5.878125000000001,-0.028315356636661793
0,33.8309,5.8812500000000005,-0.028217216926326616
0,33.8309,5.884375,-0.028119723014467732
0,33.8309,5.8875,-0.028022867881096255
0,33.8309,5.890625,-0.027926644615180386
0,33.8309,5.893750000000001,-0.02783104641248829
0,33.8309,5.8968750000000005,-0.0277360665734819
0,33.8309,5.9,-0.027641698501259894
0,33.8309,5.903125,-0.02754793569954913
0,33.8309,5.90625,-0.027454771770742726
0,33.8309,5.909375000000001,-0.027362200413983736
0,33.8309,5.9125000000000005,-0.02727021542329338
0,33.8309,5.915625,-0.027178810685742166
0,33.8309,5.91875,-0.027087980179663365
0,33.8309,5.921875,-0.026997717972907308
0,33.8309,5.925000000000001,-0.026908018221135567
0,33.8309,5.9281250000000005,-0.026818875166154086
0,33.8309,5.93125,-0.0267302831342839
0,33.8309,5.934375,-0.026642236534768958
0,33.8309,5.9375,-0.026554729858219665
0,33.8309,5.940625000000001,-0.026467757675091422
0,33.8309,5.9437500000000005,-0.026381314634197347
0,33.8309,5.946875,-0.026295395461253895
0,33.8309,5.95,-0.026209994957459137
0,33.8309,5.953125,-0.026125107998102297
0,33.8309,5.956250000000001,-0.026040729531204163
0,33.8309,5.9593750000000005,-0.02595685457618737
0,33.8309,5.9625,-0.02587347822257578
0,33.8309,5.965625,-0.025790595628722376
0,33.8309,5.96875,-0.025708202020564914
0,33.8309,5.971875000000001,-0.025626292690408482
0,33.8309,5.9750000000000005,-0.025544862995734594
0,33.8309,5.978125,-0.02546390835803569
0,33.8309,5.98125,-0.02538342426167499
0,33.8309,5.984375,-0.02530340625277062
0,33.8309,5.987500000000001,-0.025223849938103598
0,33.8309,5.9906250000000005,-0.025144750984049148
0,33.8309,5.99375,-0.025066105115530504
0,33.8309,5.996875,-0.02498790811499503
0,33.8309,6.0,-0.024910155821411824
