"Current","Field","Frequency","Spectra"
0,38.9643,1.0,-0.023266295307749384
0,38.9643,1.003125,-0.023332625938161364
0,38.9643,1.00625,-0.02339925303797064
0,38.9643,1.009375,-0.023466178516699198
0,38.9643,1.0125,-0.02353340430111393
0,38.9643,1.015625,-0.023600932335440153
0,38.9643,1.01875,-0.023668764581578794
0,38.9643,1.021875,-0.023736903019326953
0,38.9643,1.025,-0.023805349646602157
0,38.9643,1.028125,-0.023874106479670348
0,38.9643,1.03125,-0.02394317555337753
0,38.9643,1.034375,-0.024012558921385374
0,38.9643,1.0375,-0.024082258656410675
0,38.9643,1.040625,-0.024152276850468807
0,38.9643,1.04375,-0.024222615615121335
0,38.9643,1.046875,-0.0242932770817277
0,38.9643,1.05,-0.02436426340170126
0,38.9643,1.053125,-0.024435576746769615
0,38.9643,1.05625,-0.024507219309239357
0,38.9643,1.059375,-0.024579193302265455
0,38.9643,1.0625,-0.024651500960125104
0,38.9643,1.065625,-0.024724144538496466
0,38.9643,1.06875,-0.024797126314742145
0,38.9643,1.071875,-0.024870448588197563
0,38.9643,1.075,-0.02494411368046449
0,38.9643,1.078125,-0.025018123935709572
0,38.9643,1.08125,-0.025092481720968243
0,38.9643,1.084375,-0.025167189426453938
0,38.9643,1.0875,-0.02524224946587274
0,38.9643,1.090625,-0.025317664276743784
0,38.9643,1.09375,-0.02539343632072522
0,38.9643,1.096875,-0.02546956808394615
0,38.9643,1.1,-0.025546062077344497
0,38.9643,1.103125,-0.025622920837010947
0,38.9643,1.10625,-0.025700146924539282
0,38.9643,1.109375,-0.025777742927382878
0,38.9643,1.1125,-0.025855711459218
0,38.9643,1.115625,-0.025934055160313538
0,38.9643,1.11875,-0.026012776697907712
0,38.9643,1.121875,-0.026091878766591768
0,38.9643,1.125,-0.026171364088700667
0,38.9643,1.128125,-0.026251235414711298
0,38.9643,1.13125,-0.026331495523647983
0,38.9643,1.134375,-0.02641214722349568
0,38.9643,1.1375,-0.026493193351621074
0,38.9643,1.140625,-0.02657463677520154
0,38.9643,1.14375,-0.026656480391662407
0,38.9643,1.146875,-0.026738727129122543
0,38.9643,1.15,-0.026821379946848488
0,38.9643,1.153125,-0.02690444183571743
0,38.9643,1.15625,-0.026987915818689062
0,38.9643,1.159375,-0.027071804951286745
0,38.9643,1.1625,-0.027156112322087967
0,38.9643,1.165625,-0.027240841053224496
0,38.9643,1.16875,-0.027325994300892404
0,38.9643,1.171875,-0.027411575255872102
0,38.9643,1.175,-0.027497587144058828
0,38.9643,1.178125,-0.027584033227003667
0,38.9643,1.18125,-0.027670916802465372
0,38.9643,1.184375,-0.027758241204973395
0,38.9643,1.1875,-0.027846009806402165
0,38.9643,1.190625,-0.02793422601655719
0,38.9643,1.19375,-0.028022893283772943
0,38.9643,1.196875,-0.028112015095523028
0,38.9643,1.2,-0.028201594979043017
0,38.9643,1.203125,-0.02829163650196588
0,38.9643,1.20625,-0.028382143272970825
0,38.9643,1.209375,-0.02847311894244557
0,38.9643,1.2125,-0.0285645672031623
0,38.9643,1.215625,-0.028656491790968085
0,38.9643,1.21875,-0.028748896485489568
0,38.9643,1.221875,-0.028841785110852787
0,38.9643,1.225,-0.028935161536418133
0,38.9643,1.228125,-0.029029029677531053
0,38.9643,1.23125,-0.029123393496288893
0,38.9643,1.234375,-0.029218257002324097
0,38.9643,1.2375,-0.02931362425360447
0,38.9643,1.240625,-0.029409499357250703
0,38.9643,1.24375,-0.0295058864703718
0,38.9643,1.246875,-0.029602789800918683
0,38.9643,1.25,-0.029700213608556632
0,38.9643,1.253125,-0.029798162205556932
0,38.9643,1.25625,-0.029896639957708294
0,38.9643,1.259375,-0.029995651285248517
0,38.9643,1.2625,-0.030095200663817042
0,38.9643,1.265625,-0.030195292625428798
0,38.9643,1.26875,-0.030295931759470002
0,38.9643,1.271875,-0.03039712271371654
0,38.9643,1.275,-0.030498870195375425
0,38.9643,1.278125,-0.03060117897215007
0,38.9643,1.28125,-0.03070405387332991
0,38.9643,1.284375,-0.030807499790905135
0,38.9643,1.2875,-0.030911521680707155
0,38.9643,1.290625,-0.031016124563575543
0,38.9643,1.29375,-0.03112131352655218
0,38.9643,1.296875,-0.03122709372410325
0,38.9643,1.3,-0.03133347037937008
0,38.9643,1.303125,-0.03144044878544935
0,38.9643,1.30625,-0.031548034306703755
0,38.9643,1.309375,-0.031656232380103795
0,38.9643,1.3125,-0.03176504851660158
0,38.9643,1.315625,-0.03187448830253764
0,38.9643,1.31875,-0.03198455740108166
0,38.9643,1.321875,-0.03209526155370796
0,38.9643,1.325,-0.032206606581706966
0,38.9643,1.328125,-0.03231859838773336
0,38.9643,1.33125,-0.032431242957392345
0,38.9643,1.334375,-0.03254454636086482
0,38.9643,1.3375,-0.03265851475457268
0,38.9643,1.340625,-0.0327731543828855
0,38.9643,1.34375,-0.032888471579869655
0,38.9643,1.346875,-0.03300447277108119
0,38.9643,1.35,-0.03312116447540378
0,38.9643,1.353125,-0.03323855330693291
0,38.9643,1.35625,-0.033356645976907885
0,38.9643,1.359375,-0.033475449295692926
0,38.9643,1.3625,-0.03359497017480875
0,38.9643,1.365625,-0.03371521562901638
0,38.9643,1.36875,-0.03383619277845449
0,38.9643,1.371875,-0.033957908850832004
0,38.9643,1.375,-0.0340803711836776
0,38.9643,1.378125,-0.034203587226647854
0,38.9643,1.38125,-0.03432756454389579
0,38.9643,1.384375,-0.034452310816501526
0,38.9643,1.3875,-0.034577833844967217
0,38.9643,1.390625,-0.03470414155177792
0,38.9643,1.39375,-0.034831241984030654
0,38.9643,1.396875,-0.03495914331613359
0,38.9643,1.4,-0.03508785385257761
0,38.9643,1.403125,-0.03521738203078255
0,38.9643,1.40625,-0.035347736424020136
0,38.9643,1.409375,-0.03547892574441647
0,38.9643,1.4125,-0.03561095884603615
0,38.9643,1.415625,-0.03574384472805071
0,38.9643,1.41875,-0.03587759253799419
0,38.9643,1.421875,-0.03601221157510827
0,38.9643,1.425,-0.03614771129378008
0,38.9643,1.428125,-0.03628410130707549
0,38.9643,1.43125,-0.03642139139037087
0,38.9643,1.434375,-0.03655959148508669
0,38.9643,1.4375,-0.03669871170252585
0,38.9643,1.440625,-0.03683876232782047
0,38.9643,1.44375,-0.03697975382399036
0,38.9643,1.446875,-0.03712169683611697
0,38.9643,1.45,-0.03726460219563639
0,38.9643,1.453125,-0.03740848092475538
0,38.9643,1.45625,-0.03755334424099432
0,38.9643,1.459375,-0.0376992035618614
0,38.9643,1.4625,-0.03784607050966211
0,38.9643,1.465625,-0.03799395691644875
0,38.9643,1.46875,-0.03814287482911417
0,38.9643,1.471875,-0.038292836514634915
0,38.9643,1.475,-0.038443854465468455
0,38.9643,1.478125,-0.03859594140510965
0,38.9643,1.48125,-0.03874911029381185
0,38.9643,1.484375,-0.03890337433447784
0,38.9643,1.4875,-0.039058746978726626
0,38.9643,1.490625,-0.039215241933141784
0,38.9643,1.49375,-0.039372873165707305
0,38.9643,1.496875,-0.039531654912437646
0,38.9643,1.5,-0.039691601684207975
0,38.9643,1.503125,-0.03985272827379181
0,38.9643,1.50625,-0.04001504976311291
0,38.9643,1.509375,-0.04017858153071858
0,38.9643,1.5125000000000002,-0.04034333925948201
0,38.9643,1.515625,-0.0405093389445413
0,38.9643,1.51875,-0.040676596901483515
0,38.9643,1.521875,-0.04084512977478168
0,38.9643,1.525,-0.04101495454649365
0,38.9643,1.5281250000000002,-0.04118608854523189
0,38.9643,1.53125,-0.041358549455412966
0,38.9643,1.534375,-0.04153235532679699
0,38.9643,1.5375,-0.041707524584326236
0,38.9643,1.540625,-0.041884076038273835
0,38.9643,1.5437500000000002,-0.04206202889471285
0,38.9643,1.546875,-0.04224140276631665
0,38.9643,1.55,-0.04242221768350249
0,38.9643,1.553125,-0.04260449410592931
0,38.9643,1.55625,-0.04278825293436273
0,38.9643,1.5593750000000002,-0.042973515522919406
0,38.9643,1.5625,-0.04316030369170372
0,38.9643,1.565625,-0.04334863973985094
0,38.9643,1.56875,-0.043538546458989906
0,38.9643,1.571875,-0.04373004714714034
0,38.9643,1.5750000000000002,-0.04392316562305962
0,38.9643,1.578125,-0.04411792624105385
0,38.9643,1.58125,-0.044314353906270115
0,38.9643,1.584375,-0.04451247409048535
0,38.9643,1.5875,-0.04471231284840946
0,38.9643,1.5906250000000002,-0.04491389683451992
0,38.9643,1.59375,-0.04511725332044586
0,38.9643,1.596875,-0.04532241021292046
0,38.9643,1.6,-0.04552939607232052
0,38.9643,1.603125,-0.0457382401318133
0,38.9643,1.6062500000000002,-0.04594897231713068
0,38.9643,1.609375,-0.04616162326699148
0,38.9643,1.6125,-0.04637622435419414
0,38.9643,1.615625,-0.0465928077074007
0,38.9643,1.61875,-0.046811406233635854
0,38.9643,1.6218750000000002,-0.04703205364152377
0,38.9643,1.625,-0.04725478446528651
0,38.9643,1.628125,-0.047479634089528946
0,38.9643,1.63125,-0.0477066387748345
0,38.9643,1.634375,-0.04793583568419772
0,38.9643,1.6375000000000002,-0.04816726291031973
0,38.9643,1.640625,-0.04840095950379246
0,38.9643,1.64375,-0.048636965502199835
0,38.9643,1.646875,-0.048875321960161984
0,38.9643,1.65,-0.04911607098035129
0,38.9643,1.6531250000000002,-0.049359255745508
0,38.9643,1.65625,-0.049604920551483515
0,38.9643,1.659375,-0.049853110841340614
0,38.9643,1.6625,-0.05010387324053844
0,38.9643,1.665625,-0.05035725559323149
0,38.9643,1.6687500000000002,-0.050613306999711026
0,38.9643,1.671875,-0.05087207785501665
0,38.9643,1.675,-0.051133619888747255
0,38.9643,1.678125,-0.051397986206097056
0,38.9643,1.68125,-0.05166523133014464
0,38.9643,1.6843750000000002,-0.051935411245420296
0,38.9643,1.6875,-0.05220858344277567
0,38.9643,1.690625,-0.05248480696557994
0,38.9643,1.69375,-0.05276414245726247
0,38.9643,1.696875,-0.05304665221022243
0,38.9643,1.7000000000000002,-0.053332400216121616
0,38.9643,1.703125,-0.053621452217574424
0,38.9643,1.70625,-0.05391387576124614
0,38.9643,1.709375,-0.05420974025236593
0,38.9643,1.7125,-0.05450911701065739
0,38.9643,1.7156250000000002,-0.054812079327684005
0,38.9643,1.71875,-0.055118702525601304
0,38.9643,1.721875,-0.05542906401730118
0,38.9643,1.725,-0.05574324336792599
0,38.9643,1.728125,-0.05606132235772248
0,38.9643,1.7312500000000002,-0.05638338504619572
0,38.9643,1.734375,-0.05670951783751245
0,38.9643,1.7375,-0.05703980954709275
0,38.9643,1.740625,-0.05737435146931377
0,38.9643,1.74375,-0.057713237446236305
0,38.9643,1.7468750000000002,-0.058056563937247604
0,38.9643,1.75,-0.05840443008949506
0,38.9643,1.753125,-0.058756937808966556
0,38.9643,1.75625,-0.059114191832048135
0,38.9643,1.759375,-0.059476299797366905
0,38.9643,1.7625000000000002,-0.05984337231769714
0,38.9643,1.765625,-0.06021552305167743
0,38.9643,1.76875,-0.06059286877505294
0,38.9643,1.771875,-0.06097552945111722
0,38.9643,1.775,-0.06136362829998808
0,38.9643,1.7781250000000002,-0.06175729186630498
0,38.9643,1.78125,-0.06215665008488379
0,38.9643,1.784375,-0.06256183634381121
0,38.9643,1.7875,-0.06297298754439633
0,38.9643,1.790625,-0.06339024415733255
0,38.9643,1.7937500000000002,-0.06381375027434691
0,38.9643,1.796875,-0.06424365365453316
0,38.9643,1.8,-0.06468010576447758
0,38.9643,1.803125,-0.06512326181118694
0,38.9643,1.80625,-0.06557328076672499
0,38.9643,1.8093750000000002,-0.06603032538334662
0,38.9643,1.8125,-0.06649456219779354
0,38.9643,1.815625,-0.06696616152328058
0,38.9643,1.81875,-0.06744529742755066
0,38.9643,1.821875,-0.0679321476952198
0,38.9643,1.8250000000000002,-0.06842689377245745
0,38.9643,1.828125,-0.06892972069186204
0,38.9643,1.83125,-0.06944081697519083
0,38.9643,1.834375,-0.06996037451138576
0,38.9643,1.8375,-0.0704885884071075
0,38.9643,1.8406250000000002,-0.07102565680674251
0,38.9643,1.84375,-0.07157178067858382
0,38.9643,1.846875,-0.07212716356361107
0,38.9643,1.85,-0.07269201128299663
0,38.9643,1.853125,-0.07326653160015964
0,38.9643,1.8562500000000002,-0.07385093383286323
0,38.9643,1.859375,-0.0744454284105149
0,38.9643,1.8625,-0.07505022637148381
0,38.9643,1.865625,-0.07566553879489027
0,38.9643,1.86875,-0.07629157616096466
0,38.9643,1.8718750000000002,-0.0769285476337098
0,38.9643,1.875,-0.07757666025924259
0,38.9643,1.878125,-0.07823611807284611
0,38.9643,1.88125,-0.07890712110743181
0,38.9643,1.884375,-0.07958986429581388
0,38.9643,1.8875000000000002,-0.08028453625893422
0,38.9643,1.890625,-0.08099131797196626
0,38.9643,1.89375,-0.08171038130008629
0,38.9643,1.896875,-0.08244188739563862
0,38.9643,1.9,-0.08318598494847299
0,38.9643,1.9031250000000002,-0.08394280828140566
0,38.9643,1.90625,-0.08471247528308583
0,38.9643,1.909375,-0.08549508517106533
0,38.9643,1.9125,-0.08629071607859462
0,38.9643,1.915625,-0.08709942245965327
0,38.9643,1.9187500000000002,-0.08792123230799033
0,38.9643,1.921875,-0.08875614418755019
0,38.9643,1.925,-0.08960412407363644
0,38.9643,1.928125,-0.09046510200655213
0,38.9643,1.93125,-0.09133896856231274
0,38.9643,1.9343750000000002,-0.09222557114838414
0,38.9643,1.9375,-0.09312471013630158
0,38.9643,1.940625,-0.09403613484751576
0,38.9643,1.94375,-0.09495953941390131
0,38.9643,1.946875,-0.09589455854009135
0,38.9643,1.9500000000000002,-0.09684076320114854
0,38.9643,1.953125,-0.09779765631604685
0,38.9643,1.95625,-0.09876466844498044
0,38.9643,1.959375,-0.0997411535665519
0,38.9643,1.9625,-0.10072638499934909
0,38.9643,1.9656250000000002,-0.10171955154112987
0,38.9643,1.96875,-0.10271975390763491
0,38.9643,1.971875,-0.10372600156170536
0,38.9643,1.975,-0.10473721003160524
0,38.9643,1.978125,-0.10575219882492702
0,38.9643,1.9812500000000002,-0.10676969005078843
0,38.9643,1.984375,-0.10778830786779817
0,38.9643,1.9875,-0.108806578878005
0,38.9643,1.990625,-0.10982293358724887
0,38.9643,1.99375,-0.11083570904951327
0,38.9643,1.9968750000000002,-0.11184315280652737
0,38.9643,2.0,-0.11284342822353291
0,38.9643,2.003125,-0.11383462130743409
0,38.9643,2.00625,-0.1148147490741816
0,38.9643,2.0093750000000004,-0.11578176950808203
0,38.9643,2.0125,-0.11673359312678289
0,38.9643,2.015625,-0.117668096132206
0,38.9643,2.01875,-0.11858313509017235
0,38.9643,2.021875,-0.11947656304061763
0,38.9643,2.0250000000000004,-0.12034624689714692
0,38.9643,2.028125,-0.12119008595049632
0,38.9643,2.03125,-0.12200603124675982
0,38.9643,2.034375,-0.12279210556970058
0,38.9643,2.0375,-0.12354642371892313
0,38.9643,2.0406250000000004,-0.12426721274398786
0,38.9643,2.04375,-0.12495283177051901
0,38.9643,2.046875,-0.1256017910396145
0,38.9643,2.05,-0.12621276977777593
0,38.9643,2.053125,-0.12678463252210875
0,38.9643,2.0562500000000004,-0.1273164435451884
0,38.9643,2.059375,-0.12780747905570683
0,38.9643,2.0625,-0.12825723689417376
0,38.9643,2.065625,-0.12866544349634654
0,38.9643,2.06875,-0.1290320579589603
0,38.9643,2.0718750000000004,-0.1293572731105174
0,38.9643,2.075,-0.12964151356182704
0,38.9643,2.078125,-0.1298854307838949
0,38.9643,2.08125,-0.13008989533183543
0,38.9643,2.084375,-0.13025598640000327
0,38.9643,2.0875000000000004,-0.13038497895305112
0,38.9643,2.090625,-0.13047832872805476
0,38.9643,2.09375,-0.1305376554426082
0,38.9643,2.096875,-0.1305647245718585
0,38.9643,2.1,-0.13056142807337323
0,38.9643,2.1031250000000004,-0.13052976444263412
0,38.9643,2.10625,-0.13047181847448294
0,38.9643,2.109375,-0.13038974108810478
0,38.9643,2.1125,-0.13028572954657675
0,38.9643,2.115625,-0.13016200836833514
0,38.9643,2.1187500000000004,-0.13002081118894976
0,38.9643,2.121875,-0.1298643637892059
0,38.9643,2.125,-0.1296948684614712
0,38.9643,2.128125,-0.12951448984230823
0,38.9643,2.13125,-0.12932534229673112
0,38.9643,2.1343750000000004,-0.1291294788995775
0,38.9643,2.1375,-0.12892888202311437
0,38.9643,2.140625,-0.12872545550786998
0,38.9643,2.14375,-0.12852101836619056
0,38.9643,2.146875,-0.12831729994533514
0,38.9643,2.1500000000000004,-0.1281159364590091
0,38.9643,2.153125,-0.12791846878291163
0,38.9643,2.15625,-0.1277263414008059
0,38.9643,2.159375,-0.12754090238240323
0,38.9643,2.1625,-0.12736340427251322
0,38.9643,2.1656250000000004,-0.1271950057719482
0,38.9643,2.16875,-0.12703677409408254
0,38.9643,2.171875,-0.12688968788626478
0,38.9643,2.175,-0.12675464061200953
0,38.9643,2.178125,-0.12663244429764112
0,38.9643,2.1812500000000004,-0.12652383355545505
0,38.9643,2.184375,-0.126429469804192
0,38.9643,2.1875,-0.12634994561641838
0,38.9643,2.190625,-0.12628578913106006
0,38.9643,2.19375,-0.1262374684776775
0,38.9643,2.1968750000000004,-0.1262053961669686
0,38.9643,2.2,-0.12618993340935694
0,38.9643,2.203125,-0.12619139433030144
0,38.9643,2.20625,-0.12621005005712488
0,38.9643,2.209375,-0.1262461326576866
0,38.9643,2.2125000000000004,-0.1262998389161308
0,38.9643,2.215625,-0.126371333935244
0,38.9643,2.21875,-0.12646075455868616
0,38.9643,2.221875,-0.12656821260955395
0,38.9643,2.225,-0.12669379794443508
0,38.9643,2.2281250000000004,-0.1268375813243641
0,38.9643,2.23125,-0.126999617105934
0,38.9643,2.234375,-0.1271799457572997
0,38.9643,2.2375,-0.1273785962049715
0,38.9643,2.240625,-0.1275955880181777
0,38.9643,2.2437500000000004,-0.1278309334382126
0,38.9643,2.246875,-0.12808463926061375
0,38.9643,2.25,-0.12835670857826056
0,38.9643,2.253125,-0.12864714239358263
0,38.9643,2.25625,-0.12895594110803704
0,38.9643,2.2593750000000004,-0.12928310589687636
0,38.9643,2.2625,-0.12962863997700627
0,38.9643,2.265625,-0.129992549775437
0,38.9643,2.26875,-0.13037484600547897
0,38.9643,2.271875,-0.1307755446574344
0,38.9643,2.2750000000000004,-0.13119466791009776
0,38.9643,2.278125,-0.13163224496891027
0,38.9643,2.28125,-0.13208831283611927
0,38.9643,2.284375,-0.13256291701777906
0,38.9643,2.2875,-0.13305611217189514
0,38.9643,2.2906250000000004,-0.13356796270146393
0,38.9643,2.29375,-0.13409854329559198
0,38.9643,2.296875,-0.1346479394212916
0,38.9643,2.3,-0.13521624776794647
0,38.9643,2.303125,-0.13580357664581222
0,38.9643,2.3062500000000004,-0.13641004633926493
0,38.9643,2.309375,-0.1370357894148297
0,38.9643,2.3125,-0.13768095098330482
0,38.9643,2.315625,-0.1383456889145431
0,38.9643,2.31875,-0.13903017400265338
0,38.9643,2.3218750000000004,-0.13973459007853473
0,38.9643,2.325,-0.1404591340657488
0,38.9643,2.328125,-0.14120401597476376
0,38.9643,2.33125,-0.14196945882955936
0,38.9643,2.334375,-0.1427556985194622
0,38.9643,2.3375000000000004,-0.1435629835678707
0,38.9643,2.340625,-0.14439157480823145
0,38.9643,2.34375,-0.14524174495622755
0,38.9643,2.346875,-0.1461137780656378
0,38.9643,2.35,-0.14700796885371695
0,38.9643,2.3531250000000004,-0.14792462188022446
0,38.9643,2.35625,-0.14886405056240515
0,38.9643,2.359375,-0.14982657600628865
0,38.9643,2.3625,-0.150812525632647
0,38.9643,2.365625,-0.15182223157383976
0,38.9643,2.3687500000000004,-0.1528560288156026
0,38.9643,2.371875,-0.15391425305563358
0,38.9643,2.375,-0.15499723824863623
0,38.9643,2.378125,-0.1561053138053418
0,38.9643,2.38125,-0.15723880141103325
0,38.9643,2.3843750000000004,-0.15839801142729598
0,38.9643,2.3875,-0.1595832388392516
0,38.9643,2.390625,-0.1607947587095057
0,38.9643,2.39375,-0.16203282109961886
0,38.9643,2.396875,-0.1632976454202856
0,38.9643,2.4000000000000004,-0.16458941417278175
0,38.9643,2.403125,-0.16590826604688746
0,38.9643,2.40625,-0.16725428834468523
0,38.9643,2.409375,-0.1686275087057049
0,38.9643,2.4125,-0.1700278861171982
0,38.9643,2.4156250000000004,-0.17145530120425312
0,38.9643,2.41875,-0.17290954580842374
0,38.9643,2.421875,-0.1743903118809499
0,38.9643,2.425,-0.17589717973788177
0,38.9643,2.428125,-0.17742960574986766
0,38.9643,2.4312500000000004,-0.1789869095692753
0,38.9643,2.434375,-0.1805682610318889
0,38.9643,2.4375,-0.1821726669096205
0,38.9643,2.440625,-0.18379895773428873
0,38.9643,2.44375,-0.18544577495999562
0,38.9643,2.4468750000000004,-0.18711155878207097
0,38.9643,2.45,-0.1887945369826064
0,38.9643,2.453125,-0.19049271522438863
0,38.9643,2.45625,-0.19220386926414293
0,38.9643,2.459375,-0.19392553959939127
0,38.9643,2.4625000000000004,-0.1956550290973006
0,38.9643,2.465625,-0.197389404174553
0,38.9643,2.46875,-0.19912550010000313
0,38.9643,2.471875,-0.20085993097205876
0,38.9643,2.475,-0.20258910487581572
0,38.9643,2.4781250000000004,-0.20430924464700326
0,38.9643,2.48125,-0.2060164145577832
0,38.9643,2.484375,-0.20770655309190308
0,38.9643,2.4875,-0.20937551179421876
0,38.9643,2.490625,-0.21101909996527304
0,38.9643,2.4937500000000004,-0.21263313473143874
0,38.9643,2.496875,-0.21421349576419485
0,38.9643,2.5,-0.2157561836604596
0,38.9643,2.503125,-0.2172573807441983
0,38.9643,2.50625,-0.21871351282420237
0,38.9643,2.5093750000000004,-0.2201213102611216
0,38.9643,2.5125,-0.22147786657495025
0,38.9643,2.515625,-0.22278069277635476
0,38.9643,2.51875,-0.2240277656417769
0,38.9643,2.521875,-0.2252175682782237
0,38.9643,2.5250000000000004,-0.22634912153787703
0,38.9643,2.528125,-0.22742200513731703
0,38.9643,2.53125,-0.2284363676969552
0,38.9643,2.534375,-0.22939292532343802
0,38.9643,2.5375,-0.230292948787529
0,38.9643,2.5406250000000004,-0.23113823977656586
0,38.9643,2.54375,-0.231931097098557
0,38.9643,2.546875,-0.23267427406134963
0,38.9643,2.55,-0.23337092852649496
0,38.9643,2.553125,-0.23402456733069232
0,38.9643,2.5562500000000004,-0.23463898687179716
0,38.9643,2.559375,-0.23521821167175003
0,38.9643,2.5625,-0.23576643266185932
0,38.9643,2.565625,-0.23628794679801265
0,38.9643,2.56875,-0.2367870994194501
0,38.9643,2.5718750000000004,-0.23726823053142698
0,38.9643,2.575,-0.23773562593651543
0,38.9643,2.578125,-0.2381934738775335
0,38.9643,2.58125,-0.23864582760122072
0,38.9643,2.584375,-0.2390965740171667
0,38.9643,2.5875000000000004,-0.23954940841946565
0,38.9643,2.590625,-0.24000781506439184
0,38.9643,2.59375,-0.24047505325851573
0,38.9643,2.596875,-0.24095414850813415
0,38.9643,2.6,-0.2414478882107864
0,38.9643,2.6031250000000004,-0.24195882132968938
0,38.9643,2.60625,-0.24248926147800698
0,38.9643,2.609375,-0.24304129284738138
0,38.9643,2.6125,-0.24361677843947072
0,38.9643,2.615625,-0.24421737009593592
0,38.9643,2.6187500000000004,-0.24484451986741035
0,38.9643,2.621875,-0.2454994923119937
0,38.9643,2.625,-0.2461833773658721
0,38.9643,2.628125,-0.24689710348047558
0,38.9643,2.63125,-0.2476414507704161
0,38.9643,2.6343750000000004,-0.2484170639630575
0,38.9643,2.6375,-0.24922446498315018
0,38.9643,2.640625,-0.25006406504405687
0,38.9643,2.64375,-0.2509361761505264
0,38.9643,2.646875,-0.25184102194679414
0,38.9643,2.6500000000000004,-0.252778747868178
0,38.9643,2.653125,-0.2537494305746259
0,38.9643,2.65625,-0.2547530866612045
0,38.9643,2.659375,-0.25578968065371793
0,38.9643,2.6625,-0.2568591323079159
0,38.9643,2.6656250000000004,-0.2579613232384899
0,38.9643,2.66875,-0.25909610290966195
0,38.9643,2.671875,-0.2602632940229706
0,38.9643,2.675,-0.2614626973401919
0,38.9643,2.678125,-0.2626940959804663
0,38.9643,2.6812500000000004,-0.2639572592308863
0,38.9643,2.684375,-0.265251945909245
0,38.9643,2.6875,-0.2665779073165255
0,38.9643,2.690625,-0.2679348898151851
0,38.9643,2.69375,-0.26932263706747245
0,38.9643,2.6968750000000004,-0.27074089196600787
0,38.9643,2.7,-0.2721893982867534
0,38.9643,2.703125,-0.2736679020923426
0,38.9643,2.70625,-0.2751761529115944
0,38.9643,2.709375,-0.27671390471894164
0,38.9643,2.7125000000000004,-0.27828091673546984
0,38.9643,2.715625,-0.2798769540713368
0,38.9643,2.71875,-0.28150178822750604
0,38.9643,2.721875,-0.2831551974730176
0,38.9643,2.725,-0.2848369671124206
0,38.9643,2.7281250000000004,-0.2865468896565118
0,38.9643,2.73125,-0.28828476490816324
0,38.9643,2.734375,-0.2900503999737693
0,38.9643,2.7375,-0.2918436092097017
0,38.9643,2.740625,-0.2936642141121253
0,38.9643,2.7437500000000004,-0.29551204315757595
0,38.9643,2.746875,-0.2973869316008601
0,38.9643,2.75,-0.2992887212360556
0,38.9643,2.753125,-0.3012172601257042
0,38.9643,2.75625,-0.3031724023026684
0,38.9643,2.7593750000000004,-0.3051540074485603
0,38.9643,2.7625,-0.3071619405521609
0,38.9643,2.765625,-0.3091960715507989
0,38.9643,2.76875,-0.3112562749572603
0,38.9643,2.771875,-0.31334242947445784
0,38.9643,2.7750000000000004,-0.3154544175997683
0,38.9643,2.778125,-0.3175921252206765
0,38.9643,2.78125,-0.3197554412031209
0,38.9643,2.784375,-0.32194425697371404
0,38.9643,2.7875,-0.3241584660968368
0,38.9643,2.7906250000000004,-0.3263979638474254
0,38.9643,2.79375,-0.3286626467801384
0,38.9643,2.796875,-0.33095241229545835
0,38.9643,2.8,-0.3332671582031733
0,38.9643,2.803125,-0.3356067822835979
0,38.9643,2.8062500000000004,-0.33797118184679986
0,38.9643,2.809375,-0.340360253290045
0,38.9643,2.8125,-0.34277389165360195
0,38.9643,2.815625,-0.34521199017500565
0,38.9643,2.81875,-0.3476744398418387
0,38.9643,2.8218750000000004,-0.3501611289430558
0,38.9643,2.825,-0.352671942618852
0,38.9643,2.828125,-0.3552067624090554
0,38.9643,2.83125,-0.3577654658000077
0,38.9643,2.834375,-0.3603479257698938
0,38.9643,2.8375000000000004,-0.3629540103324694
0,38.9643,2.840625,-0.36558358207914254
0,38.9643,2.84375,-0.36823649771935996
0,38.9643,2.846875,-0.3709126076192609
0,38.9643,2.85,-0.37361175533857
0,38.9643,2.8531250000000004,-0.3763337771657091
0,38.9643,2.85625,-0.37907850165112933
0,38.9643,2.859375,-0.3818457491388769
0,38.9643,2.8625,-0.384635331296423
0,38.9643,2.865625,-0.3874470506428204
0,38.9643,2.8687500000000004,-0.3902807000752585
0,38.9643,2.871875,-0.39313606239412785
0,38.9643,2.875,-0.3960129098267234
0,38.9643,2.878125,-0.39891100354974357
0,38.9643,2.88125,-0.4018300932107828
0,38.9643,2.8843750000000004,-0.4047699164490325
0,38.9643,2.8875,-0.4077301984154544
0,38.9643,2.890625,-0.4107106512927137
0,38.9643,2.89375,-0.4137109738151968
0,38.9643,2.896875,-0.41673085078948285
0,38.9643,2.9000000000000004,-0.41976995261566946
0,38.9643,2.903125,-0.4228279348099984
0,38.9643,2.90625,-0.4259044375292642
0,38.9643,2.909375,-0.42899908509753076
0,38.9643,2.9125,-0.43211148553572876
0,38.9643,2.9156250000000004,-0.43524123009474325
0,38.9643,2.91875,-0.43838789279265394
0,38.9643,2.921875,-0.4415510299568313
0,38.9643,2.925,-0.4447301797716337
0,38.9643,2.928125,-0.44792486183250974
0,38.9643,2.9312500000000004,-0.45113457670734264
0,38.9643,2.934375,-0.4543588055059358
0,38.9643,2.9375,-0.4575970094585734
0,38.9643,2.940625,-0.4608486295046422
0,38.9643,2.94375,-0.46411308589235484
0,38.9643,2.9468750000000004,-0.46738977779064783
0,38.9643,2.95,-0.4706780829143925
0,38.9643,2.953125,-0.4739773571640861
0,38.9643,2.95625,-0.4772869342812439
0,38.9643,2.959375,-0.48060612552075865
0,38.9643,2.9625000000000004,-0.4839342193415295
0,38.9643,2.965625,-0.4872704811167136
0,38.9643,2.96875,-0.49061415286498095
0,38.9643,2.971875,-0.49396445300419795
0,38.9643,2.975,-0.4973205761289992
0,38.9643,2.9781250000000004,-0.5006816928137329
0,38.9643,2.98125,-0.5040469494423033
0,38.9643,2.984375,-0.507415468066452
0,38.9643,2.9875,-0.5107863462940377
0,38.9643,2.990625,-0.5141586572089062
0,38.9643,2.9937500000000004,-0.517531449323935
0,38.9643,2.996875,-0.5209037465688687
0,38.9643,3.0,-0.5242745483145409
0,38.9643,3.0031250000000003,-0.5276428294350899
0,38.9643,3.00625,-0.5310075404097657
0,38.9643,3.009375,-0.534367607465909
0,38.9643,3.0125,-0.5377219327646596
0,38.9643,3.015625,-0.5410693946309264
0,38.9643,3.0187500000000003,-0.544408847829119
0,38.9643,3.021875,-0.5477391238860865
0,38.9643,3.025,-0.551059031462676
0,38.9643,3.028125,-0.5543673567752445
0,38.9643,3.03125,-0.557662864068402
0,38.9643,3.0343750000000003,-0.5609442961401945
0,38.9643,3.0375,-0.5642103749208244
0,38.9643,3.040625,-0.5674598021059463
0,38.9643,3.04375,-0.5706912598454421
0,38.9643,3.046875,-0.5739034114884854
0,38.9643,3.0500000000000003,-0.5770949023855813
0,38.9643,3.053125,-0.5802643607481234
0,38.9643,3.05625,-0.5834103985658935
0,38.9643,3.059375,-0.5865316125827519
0,38.9643,3.0625,-0.5896265853306323
0,38.9643,3.0656250000000003,-0.5926938862217763
0,38.9643,3.06875,-0.5957320726989651
0,38.9643,3.071875,-0.5987396914433367
0,38.9643,3.075,-0.6017152796391664
0,38.9643,3.078125,-0.6046573662948088
0,38.9643,3.0812500000000003,-0.6075644736187897
0,38.9643,3.084375,-0.610435118449817
0,38.9643,3.0875,-0.6132678137392854
0,38.9643,3.090625,-0.6160610700846102
0,38.9643,3.09375,-0.6188133973115172
0,38.9643,3.0968750000000003,-0.6215233061031903
0,38.9643,3.1,-0.6241893096739435
0,38.9643,3.103125,-0.6268099254848746
0,38.9643,3.10625,-0.6293836769987154
0,38.9643,3.109375,-0.6319090954708858
0,38.9643,3.1125000000000003,-0.6343847217735347
0,38.9643,3.115625,-0.6368091082491324
0,38.9643,3.11875,-0.6391808205899798
0,38.9643,3.121875,-0.6414984397397904
0,38.9643,3.125,-0.643760563813313
0,38.9643,3.1281250000000003,-0.6459658100297867
0,38.9643,3.13125,-0.6481128166558322
0,38.9643,3.134375,-0.6502002449532489
0,38.9643,3.1375,-0.6522267811270205
0,38.9643,3.140625,-0.6541911382687184
0,38.9643,3.1437500000000003,-0.656092058290376
0,38.9643,3.146875,-0.6579283138438083
0,38.9643,3.15,-0.6596987102202806
0,38.9643,3.153125,-0.6614020872253716
0,38.9643,3.15625,-0.6630373210238389
0,38.9643,3.1593750000000003,-0.6646033259492862
0,38.9643,3.1625,-0.6660990562734325
0,38.9643,3.165625,-0.6675235079298187
0,38.9643,3.16875,-0.6688757201868393
0,38.9643,3.171875,-0.6701547772650602
0,38.9643,3.1750000000000003,-0.6713598098938931
0,38.9643,3.178125,-0.6724899968028053
0,38.9643,3.18125,-0.6735445661424088
0,38.9643,3.184375,-0.6745227968309245
0,38.9643,3.1875,-0.6754240198217206
0,38.9643,3.1906250000000003,-0.6762476192878358
0,38.9643,3.19375,-0.6769930337196277
0,38.9643,3.196875,-0.6776597569319462
0,38.9643,3.2,-0.678247338977503
0,38.9643,3.203125,-0.6787553869633981
0,38.9643,3.2062500000000003,-0.6791835657680715
0,38.9643,3.209375,-0.6795315986562703
0,38.9643,3.2125,-0.6797992677899564
0,38.9643,3.215625,-0.6799864146334195
0,38.9643,3.21875,-0.6800929402512255
0,38.9643,3.2218750000000003,-0.6801188054979829
0,38.9643,3.225,-0.6800640310992844
0,38.9643,3.228125,-0.6799286976235475
0,38.9643,3.23125,-0.6797129453448527
0,38.9643,3.234375,-0.679416973997256
0,38.9643,3.2375000000000003,-0.6790410424214078
0,38.9643,3.240625,-0.6785854681046947
0,38.9643,3.24375,-0.67805062661646
0,38.9643,3.246875,-0.6774369509402253
0,38.9643,3.25,-0.6767449307051647
0,38.9643,3.2531250000000003,-0.6759751113194121
0,38.9643,3.25625,-0.675128093008105
0,38.9643,3.259375,-0.674204529759349
0,38.9643,3.2625,-0.6732051281815894
0,38.9643,3.265625,-0.6721306462761216
0,38.9643,3.2687500000000003,-0.6709818921287264
0,38.9643,3.271875,-0.669759722524637
0,38.9643,3.275,-0.6684650414912443
0,38.9643,3.278125,-0.6670987987731314
0,38.9643,3.28125,-0.6656619882441819
0,38.9643,3.2843750000000003,-0.6641556462616401
0,38.9643,3.2875,-0.6625808499671221
0,38.9643,3.290625,-0.6609387155396446
0,38.9643,3.29375,-0.6592303964058263
0,38.9643,3.296875,-0.6574570814124404
0,38.9643,3.3000000000000003,-0.6556199929665184
0,38.9643,3.303125,-0.6537203851482118
0,38.9643,3.30625,-0.6517595418015744
0,38.9643,3.309375,-0.6497387746084002
0,38.9643,3.3125,-0.647659421150172
0,38.9643,3.3156250000000003,-0.6455228429630906
0,38.9643,3.31875,-0.6433304235910626
0,38.9643,3.321875,-0.641083566641385
0,38.9643,3.325,-0.6387836938477436
0,38.9643,3.328125,-0.6364322431449838
0,38.9643,3.3312500000000003,-0.6340306667599432
0,38.9643,3.334375,-0.63158042932247
0,38.9643,3.3375,-0.6290830060005518
0,38.9643,3.340625,-0.6265398806632876
0,38.9643,3.34375,-0.6239525440752369
0,38.9643,3.3468750000000003,-0.6213224921254492
0,38.9643,3.35,-0.6186512240942886
0,38.9643,3.353125,-0.6159402409609165
0,38.9643,3.35625,-0.6131910437540982
0,38.9643,3.359375,-0.6104051319487583
0,38.9643,3.3625000000000003,-0.6075840019104841
0,38.9643,3.365625,-0.6047291453899651
0,38.9643,3.36875,-0.6018420480691131
0,38.9643,3.371875,-0.598924188160408
0,38.9643,3.375,-0.5959770350607809
0,38.9643,3.3781250000000003,-0.593002048061141
0,38.9643,3.38125,-0.590000675112453
0,38.9643,3.384375,-0.5869743516490519
0,38.9643,3.3875,-0.5839244994697089
0,38.9643,3.390625,-0.5808525256767668
0,38.9643,3.3937500000000003,-0.5777598216734702
0,38.9643,3.396875,-0.5746477622194784
0,38.9643,3.4000000000000004,-0.5715177045443453
0,38.9643,3.403125,-0.5683709875186335
0,38.9643,3.40625,-0.5652089308821573
0,38.9643,3.4093750000000003,-0.5620328345287313
0,38.9643,3.4125,-0.5588439778466685
0,38.9643,3.4156250000000004,-0.5556436191141482
0,38.9643,3.41875,-0.5524329949484819
0,38.9643,3.421875,-0.5492133198081881
0,38.9643,3.4250000000000003,-0.5459857855467106
0,38.9643,3.428125,-0.5427515610165318
0,38.9643,3.4312500000000004,-0.539511791722348
0,38.9643,3.434375,-0.536267599521936
0,38.9643,3.4375,-0.5330200823732516
0,38.9643,3.4406250000000003,-0.5297703141262838
0,38.9643,3.44375,-0.5265193443581344
0,38.9643,3.4468750000000004,-0.5232681982497511
0,38.9643,3.45,-0.5200178765027453
0,38.9643,3.453125,-0.5167693552946735
0,38.9643,3.4562500000000003,-0.513523586271177
0,38.9643,3.459375,-0.5102814965733548
0,38.9643,3.4625000000000004,-0.5070439888987384
0,38.9643,3.465625,-0.5038119415942668
0,38.9643,3.46875,-0.5005862087796327
0,38.9643,3.4718750000000003,-0.49736762049942485
0,38.9643,3.475,-0.4941569829024804
0,38.9643,3.4781250000000004,-0.49095507844689207
0,38.9643,3.48125,-0.48776266612915475
0,38.9643,3.484375,-0.4845804817359379
0,38.9643,3.4875000000000003,-0.4814092381170303
0,38.9643,3.490625,-0.4782496254780206
0,38.9643,3.4937500000000004,-0.47510231169131306
0,38.9643,3.496875,-0.47196794262413566
0,38.9643,3.5,-0.46884714248220793
0,38.9643,3.5031250000000003,-0.4657405141678088
0,38.9643,3.50625,-0.4626486396510068
0,38.9643,3.5093750000000004,-0.45957208035286123
0,38.9643,3.5125,-0.4565113775394636
0,38.9643,3.515625,-0.45346705272570764
0,38.9643,3.5187500000000003,-0.45043960808774763
0,38.9643,3.521875,-0.4474295268831344
0,38.9643,3.5250000000000004,-0.44443727387766363
0,38.9643,3.528125,-0.4414632957780327
0,38.9643,3.53125,-0.4385080216694242
0,38.9643,3.5343750000000003,-0.43557186345719867
0,38.9643,3.5375,-0.4326552163119159
0,38.9643,3.5406250000000004,-0.42975845911693994
0,38.9643,3.54375,-0.4268819549179457
0,38.9643,3.546875,-0.42402605137366267
0,38.9643,3.5500000000000003,-0.42119108120725346
0,38.9643,3.553125,-0.4183773626577552
0,38.9643,3.5562500000000004,-0.41558519993104587
0,38.9643,3.559375,-0.4128148836498547
0,38.9643,3.5625,-0.41006669130234596
0,38.9643,3.5656250000000003,-0.4073408876888702
0,38.9643,3.56875,-0.40463772536649056
0,38.9643,3.5718750000000004,-0.4019574450909321
0,38.9643,3.575,-0.399300276255643
0,38.9643,3.578125,-0.39666643732767237
0,38.9643,3.5812500000000003,-0.39405613628011577
0,38.9643,3.584375,-0.39146957102089786
0,38.9643,3.5875000000000004,-0.38890692981769154
0,38.9643,3.590625,-0.38636839171880816
0,38.9643,3.59375,-0.3838541269699045
0,38.9643,3.5968750000000003,-0.38136429742639283
0,38.9643,3.6,-0.3788990569614543
0,38.9643,3.6031250000000004,-0.3764585518695767
0,38.9643,3.60625,-0.37404292126557337
0,38.9643,3.609375,-0.3716522974790399
0,38.9643,3.6125000000000003,-0.3692868064442467
0,38.9643,3.615625,-0.3669465680854684
0,38.9643,3.6187500000000004,-0.36463169669777284
0,38.9643,3.621875,-0.3623423013233198
0,38.9643,3.625,-0.36007848612321736
0,38.9643,3.6281250000000003,-0.3578403507450169
0,38.9643,3.63125,-0.35562799068593365
0,38.9643,3.6343750000000004,-0.35344149765189037
0,38.9643,3.6375,-0.3512809599125084
0,38.9643,3.640625,-0.34914646265216576
0,38.9643,3.6437500000000003,-0.34703808831726973
0,38.9643,3.646875,-0.34495591695989264
0,38.9643,3.6500000000000004,-0.34290002657793167
0,38.9643,3.653125,-0.3408704934519726
0,38.9643,3.65625,-0.3388673924790319
0,38.9643,3.6593750000000003,-0.33689079750337664
0,38.9643,3.6625,-0.3349407816446208
0,38.9643,3.6656250000000004,-0.33301741762330594
0,38.9643,3.66875,-0.33112077808418783
0,38.9643,3.671875,-0.32925093591745147
0,38.9643,3.6750000000000003,-0.3274079645780888
0,38.9643,3.678125,-0.32559193840368017
0,38.9643,3.6812500000000004,-0.32380293293082074
0,38.9643,3.684375,-0.3220410252104527
0,38.9643,3.6875,-0.320306294122354
0,38.9643,3.6906250000000003,-0.3185988206890534
0,38.9643,3.69375,-0.31691868838943976
0,38.9643,3.6968750000000004,-0.3152659834723397
0,38.9643,3.7,-0.3136407952703449
0,38.9643,3.703125,-0.3120432165141717
0,38.9643,3.7062500000000003,-0.31047334364784335
0,38.9643,3.709375,-0.3089312771449859
0,38.9643,3.7125000000000004,-0.3074171218265326
0,38.9643,3.715625,-0.3059309871801392
0,38.9643,3.71875,-0.3044729876816081
0,38.9643,3.7218750000000003,-0.30304324311862807
0,38.9643,3.725,-0.3016418789171373
0,38.9643,3.7281250000000004,-0.3002690264706113
0,38.9643,3.73125,-0.2989248234725934
0,38.9643,3.734375,-0.29760941425276766
0,38.9643,3.7375000000000003,-0.2963229501168905
0,38.9643,3.740625,-0.29506558969088437
0,38.9643,3.7437500000000004,-0.2938374992693985
0,38.9643,3.746875,-0.2926388531691445
0,38.9643,3.75,-0.29146983408729926
0,38.9643,3.7531250000000003,-0.29033063346527466
0,38.9643,3.75625,-0.28922145185813847
0,38.9643,3.7593750000000004,-0.2881424993099667
0,38.9643,3.7625,-0.287093995735399
0,38.9643,3.765625,-0.28607617130765445
0,38.9643,3.7687500000000003,-0.2850892668532551
0,38.9643,3.771875,-0.28413353425368637
0,38.9643,3.7750000000000004,-0.28320923685420685
0,38.9643,3.778125,-0.2823166498799994
0,38.9643,3.78125,-0.2814560608598285
0,38.9643,3.7843750000000003,-0.2806277700573472
0,38.9643,3.7875,-0.2798320909101581
0,38.9643,3.7906250000000004,-0.279069350476703
0,38.9643,3.79375,-0.278339889891013
0,38.9643,3.796875,-0.2776440648253037
0,38.9643,3.8000000000000003,-0.2769822459603519
0,38.9643,3.803125,-0.27635481946352886
0,38.9643,3.8062500000000004,-0.27576218747430026
0,38.9643,3.809375,-0.27520476859693116
0,38.9643,3.8125,-0.2746829984000511
0,38.9643,3.8156250000000003,-0.27419732992264156
0,38.9643,3.81875,-0.2737482341859077
0,38.9643,3.8218750000000004,-0.2733362007103792
0,38.9643,3.825,-0.27296173803746127
0,38.9643,3.828125,-0.2726253742545102
0,38.9643,3.8312500000000003,-0.27232765752235605
0,38.9643,3.834375,-0.2720691566040164
0,38.9643,3.8375000000000004,-0.27185046139315383
0,38.9643,3.840625,-0.27167218344061356
0,38.9643,3.84375,-0.2715349564771438
0,38.9643,3.8468750000000003,-0.2714394369301362
0,38.9643,3.85,-0.27138630443193773
0,38.9643,3.8531250000000004,-0.2713762623169634
0,38.9643,3.85625,-0.27141003810449293
0,38.9643,3.859375,-0.27148838396364283
0,38.9643,3.8625000000000003,-0.2716120771565858
0,38.9643,3.865625,-0.27178192045561755
0,38.9643,3.8687500000000004,-0.27199874252916667
0,38.9643,3.871875,-0.27226339829127516
0,38.9643,3.875,-0.27257676920846957
0,38.9643,3.8781250000000003,-0.272939763557268
0,38.9643,3.88125,-0.2733533166248395
0,38.9643,3.8843750000000004,-0.2738183908445302
0,38.9643,3.8875,-0.2743359758571034
0,38.9643,3.890625,-0.27490708848759654
0,38.9643,3.8937500000000003,-0.2755327726266663
0,38.9643,3.896875,-0.27621409900418875
0,38.9643,3.9000000000000004,-0.27695216484167073
0,38.9643,3.903125,-0.27774809336873396
0,38.9643,3.90625,-0.2786030331875332
0,38.9643,3.9093750000000003,-0.27951815746746306
0,38.9643,3.9125,-0.2804946629508959
0,38.9643,3.9156250000000004,-0.28153376874897196
0,38.9643,3.91875,-0.2826367149046163
0,38.9643,3.921875,-0.28380476069801186
0,38.9643,3.9250000000000003,-0.2850391826676875
0,38.9643,3.928125,-0.2863412723181979
0,38.9643,3.9312500000000004,-0.2877123334830984
0,38.9643,3.934375,-0.2891536793095206
0,38.9643,3.9375,-0.29066662882820365
0,38.9643,3.9406250000000003,-0.29225250307027945
0,38.9643,3.94375,-0.2939126206895361
0,38.9643,3.9468750000000004,-0.29564829304626683
0,38.9643,3.95,-0.2974608187062095
0,38.9643,3.953125,-0.29935147730554285
0,38.9643,3.9562500000000003,-0.3013215227304546
0,38.9643,3.959375,-0.30337217555752516
0,38.9643,3.9625000000000004,-0.305504614699134
0,38.9643,3.965625,-0.3077199681963755
0,38.9643,3.96875,-0.3100193031007023
0,38.9643,3.9718750000000003,-0.31240361438476266
0,38.9643,3.975,-0.31487381282285654
0,38.9643,3.9781250000000004,-0.31743071178222215
0,38.9643,3.98125,-0.32007501286815976
0,38.9643,3.984375,-0.32280729036903794
0,38.9643,3.9875000000000003,-0.32562797445167135
0,38.9643,3.990625,-0.3285373330637096
0,38.9643,3.9937500000000004,-0.3315354525077717
0,38.9643,3.996875,-0.3346222166623698
0,38.9643,4.0,-0.3377972848375472
0,38.9643,4.003125000000001,-0.3410600682688497
0,38.9643,4.00625,-0.34440970527214443
0,38.9643,4.009375,-0.34784503510419357
0,38.9643,4.0125,-0.35136457060001125
0,38.9643,4.015625,-0.35496646968835893
0,38.9643,4.018750000000001,-0.35864850592120046
0,38.9643,4.021875,-0.36240803819200473
0,38.9643,4.025,-0.36624197986134427
0,38.9643,4.028125,-0.3701467675562291
0,38.9643,4.03125,-0.37411832996206695
0,38.9643,4.034375000000001,-0.37815205698230603
0,38.9643,4.0375,-0.3822427697004648
0,38.9643,4.040625,-0.3863846916412825
0,38.9643,4.04375,-0.39057142189099636
0,38.9643,4.046875,-0.39479591069998987
0,38.9643,4.050000000000001,-0.39905043825207553
0,38.9643,4.053125,-0.40332659734162096
0,38.9643,4.05625,-0.40761528074981385
0,38.9643,4.059375,-0.4119066741516488
0,38.9643,4.0625,-0.41619025541271093
0,38.9643,4.065625000000001,-0.42045480114566847
0,38.9643,4.06875,-0.4246884013873276
0,38.9643,4.071875,-0.42887848322430283
0,38.9643,4.075,-0.4330118441353489
0,38.9643,4.078125,-0.4370746957283592
0,38.9643,4.081250000000001,-0.4410527184271105
0,38.9643,4.084375,-0.4449311275058101
0,38.9643,4.0875,-0.44869475067771597
0,38.9643,4.090625,-0.45232811721847527
0,38.9643,4.09375,-0.45581555834820464
0,38.9643,4.096875000000001,-0.45914131831273336
0,38.9643,4.1,-0.46228967530054166
0,38.9643,4.103125,-0.4652450710157722
0,38.9643,4.10625,-0.46799224740935547
0,38.9643,4.109375,-0.4705163887615423
0,38.9643,4.112500000000001,-0.4728032670224632
0,38.9643,4.115625,-0.47483938806638054
0,38.9643,4.11875,-0.4766121363131778
0,38.9643,4.121875,-0.4781099150298907
0,38.9643,4.125,-0.4793222795566761
0,38.9643,4.128125000000001,-0.48024006071382824
0,38.9643,4.13125,-0.4808554757448277
0,38.9643,4.134375,-0.4811622243364264
0,38.9643,4.1375,-0.48115556752807664
0,38.9643,4.140625,-0.4808323876729415
0,38.9643,4.143750000000001,-0.4801912280305642
0,38.9643,4.146875,-0.4792323110426925
0,38.9643,4.15,-0.47795753485148684
0,38.9643,4.153125,-0.4763704481440893
0,38.9643,4.15625,-0.4744762039290047
0,38.9643,4.159375000000001,-0.47228149334793956
0,38.9643,4.1625,-0.4697944610828227
0,38.9643,4.165625,-0.4670246043153021
0,38.9643,4.16875,-0.4639826575218829
0,38.9643,4.171875,-0.46068046563244325
0,38.9643,4.175000000000001,-0.4571308482380715
0,38.9643,4.178125,-0.45334745760465184
0,38.9643,4.18125,-0.449344633234409
0,38.9643,4.184375,-0.44513725562513184
0,38.9643,4.1875,-0.4407406017151356
0,38.9643,4.190625000000001,-0.43617020428301173
0,38.9643,4.19375,-0.43144171730733355
0,38.9643,4.196875,-0.42657078899636885
0,38.9643,4.2,-0.42157294388473565
0,38.9643,4.203125,-0.41646347507502224
0,38.9643,4.206250000000001,-0.4112573473892368
0,38.9643,4.209375,-0.405969111896651
0,38.9643,4.2125,-0.4006128320090359
0,38.9643,4.215625,-0.3952020210871964
0,38.9643,4.21875,-0.38974959128758724
0,38.9643,4.221875000000001,-0.3842678131971735
0,38.9643,4.225,-0.37876828565856135
0,38.9643,4.228125,-0.37326191507524753
0,38.9643,4.23125,-0.36775890340670075
0,38.9643,4.234375,-0.3622687440119229
0,38.9643,4.237500000000001,-0.3568002244754089
0,38.9643,4.240625,-0.35136143554701316
0,38.9643,4.24375,-0.3459597853438053
0,38.9643,4.246875,-0.3406020179939665
0,38.9643,4.25,-0.33529423594644303
0,38.9643,4.253125000000001,-0.33004192522275433
0,38.9643,4.25625,-0.3248499829457751
0,38.9643,4.259375,-0.31972274654229316
0,38.9643,4.2625,-0.3146640240796074
0,38.9643,4.265625,-0.3096771252593641
0,38.9643,4.268750000000001,-0.3047648926533208
0,38.9643,4.271875,-0.299929732824255
0,38.9643,4.275,-0.2951736470303094
0,38.9643,4.278125,-0.2904982612621549
0,38.9643,4.28125,-0.2859048554088593
0,38.9643,4.284375000000001,-0.28139439139058287
0,38.9643,4.2875,-0.27696754013372477
0,38.9643,4.290625,-0.27262470729730126
0,38.9643,4.29375,-0.2683660576883279
0,38.9643,4.296875,-0.26419153832879205
0,38.9643,4.300000000000001,-0.2601009001581512
0,38.9643,4.303125,-0.2560937183730558
0,38.9643,4.30625,-0.25216941142077565
0,38.9643,4.309375,-0.24832725867488312
0,38.9643,4.3125,-0.24456641683122773
0,38.9643,4.315625000000001,-0.24088593506977957
0,38.9643,4.31875,-0.23728476903343065
0,38.9643,4.321875,-0.2337617936788274
0,38.9643,4.325,-0.23031581505697069
0,38.9643,4.328125,-0.22694558108269028
0,38.9643,4.331250000000001,-0.22364979135269503
0,38.9643,4.334375,-0.22042710607155636
0,38.9643,4.3375,-0.21727615414406184
0,38.9643,4.340625,-0.21419554049099498
0,38.9643,4.34375,-0.21118385264348896
0,38.9643,4.346875000000001,-0.20823966666906263
0,38.9643,4.35,-0.20536155248005955
0,38.9643,4.353125,-0.20254807857273288
0,38.9643,4.35625,-0.19979781624269494
0,38.9643,4.359375,-0.19710934331976987
0,38.9643,4.362500000000001,-0.1944812474627566
0,38.9643,4.365625,-0.19191212905198693
0,38.9643,4.36875,-0.1894006037150519
0,38.9643,4.371875,-0.18694530451866428
0,38.9643,4.375,-0.1845448838572103
0,38.9643,4.378125000000001,-0.18219801506635835
0,38.9643,4.38125,-0.17990339378790976
0,38.9643,4.384375,-0.17765973911004826
0,38.9643,4.3875,-0.17546579450526592
0,38.9643,4.390625,-0.17332032858638072
0,38.9643,4.393750000000001,-0.17122213569943545
0,38.9643,4.396875,-0.16917003637065053
0,38.9643,4.4,-0.16716287762313786
0,38.9643,4.403125,-0.16519953317774874
0,38.9643,4.40625,-0.16327890355110727
0,38.9643,4.409375000000001,-0.16139991606276366
0,38.9643,4.4125,-0.15956152476228408
0,38.9643,4.415625,-0.15776271028609734
0,38.9643,4.41875,-0.15600247965302871
0,38.9643,4.421875,-0.15427986600655777
0,38.9643,4.425000000000001,-0.15259392831110946
0,38.9643,4.428125,-0.15094375100894822
0,38.9643,4.43125,-0.14932844364359438
0,38.9643,4.434375,-0.14774714045511567
0,38.9643,4.4375,-0.14619899995205785
0,38.9643,4.440625000000001,-0.14468320446432956
0,38.9643,4.44375,-0.1431989596808756
0,38.9643,4.446875,-0.14174549417556762
0,38.9643,4.45,-0.14032205892438707
0,38.9643,4.453125,-0.13892792681660282
0,38.9643,4.456250000000001,-0.1375623921623729
0,38.9643,4.459375,-0.1362247701989015
0,38.9643,4.4625,-0.13491439659702892
0,38.9643,4.465625,-0.13363062696992745
0,38.9643,4.46875,-0.132372836385335
0,38.9643,4.471875000000001,-0.13114041888260797
0,38.9643,4.475,-0.1299327869956862
0,38.9643,4.478125,-0.12874937128291497
0,38.9643,4.48125,-0.12758961986455025
0,38.9643,4.484375,-0.12645299796862483
0,38.9643,4.487500000000001,-0.12533898748577177
0,38.9643,4.490625,-0.12424708653348925
0,38.9643,4.49375,-0.12317680903024138
0,38.9643,4.496875,-0.1221276842797322
0,38.9643,4.5,-0.12109925656559194
0,38.9643,4.503125000000001,-0.1200910847566816
0,38.9643,4.50625,-0.11910274192315083
0,38.9643,4.509375,-0.11813381496333733
0,38.9643,4.5125,-0.11718390424156781
0,38.9643,4.515625,-0.11625262323686024
0,38.9643,4.518750000000001,-0.11533959820251771
0,38.9643,4.521875,-0.11444446783656162
0,38.9643,4.525,-0.11356688296292687
0,38.9643,4.528125,-0.11270650622333514
0,38.9643,4.53125,-0.11186301177971934
0,38.9643,4.534375000000001,-0.11103608502708023
0,38.9643,4.5375,-0.11022542231662798
0,38.9643,4.540625,-0.10943073068904992
0,38.9643,4.54375,-0.10865172761774868
0,38.9643,4.546875,-0.10788814076186488
0,38.9643,4.550000000000001,-0.10713970772891279
0,38.9643,4.553125,-0.10640617584683744
0,38.9643,4.55625,-0.10568730194529753
0,38.9643,4.559375,-0.1049828521459846
0,38.9643,4.5625,-0.10429260166176645
0,38.9643,4.565625000000001,-0.1036163346044576
0,38.9643,4.56875,-0.1029538438010041
0,38.9643,4.571875,-0.10230493061786773
0,38.9643,4.575,-0.10166940479340088
0,38.9643,4.578125,-0.10104708427798223
0,38.9643,4.581250000000001,-0.10043779508169776
0,38.9643,4.584375,-0.09984137112933425
0,38.9643,4.5875,-0.09925765412244977
0,38.9643,4.590625,-0.09868649340828789
0,38.9643,4.59375,-0.09812774585527997
0,38.9643,4.596875000000001,-0.09758127573488785
0,38.9643,4.6,-0.09704695460952016
0,38.9643,4.603125,-0.09652466122624528
0,38.9643,4.60625,-0.09601428141602052
0,38.9643,4.609375,-0.09551570799812883
0,38.9643,4.612500000000001,-0.09502884068951312
0,38.9643,4.615625,-0.09455358601867046
0,38.9643,4.61875,-0.09408985724375016
0,38.9643,4.621875,-0.09363757427448274
0,38.9643,4.625,-0.09319666359752961
0,38.9643,4.628125000000001,-0.09276705820482616
0,38.9643,4.63125,-0.09234869752445178
0,38.9643,4.634375,-0.09194152735352373
0,38.9643,4.6375,-0.09154549979257946
0,38.9643,4.640625,-0.09116057318085607
0,38.9643,4.643750000000001,-0.09078671203183784
0,38.9643,4.646875,-0.09042388696838162
0,38.9643,4.65,-0.09007207465667144
0,38.9643,4.653125,-0.08973125773819306
0,38.9643,4.65625,-0.0894014247588387
0,38.9643,4.659375000000001,-0.08908257009418294
0,38.9643,4.6625,-0.08877469386987943
0,38.9643,4.665625,-0.08847780187603502
0,38.9643,4.66875,-0.08819190547432115
0,38.9643,4.671875,-0.0879170214964651
0,38.9643,4.675000000000001,-0.0876531721326521
0,38.9643,4.678125,-0.08740038480823607
0,38.9643,4.68125,-0.08715869204701966
0,38.9643,4.684375,-0.08692813131921942
0,38.9643,4.6875,-0.08670874487206773
0,38.9643,4.690625000000001,-0.08650057954083981
0,38.9643,4.69375,-0.08630368653791211
0,38.9643,4.696875,-0.08611812121726836
0,38.9643,4.7,-0.08594394281167406
0,38.9643,4.703125,-0.08578121413952582
0,38.9643,4.706250000000001,-0.08563000127817073
0,38.9643,4.709375,-0.08549037320026368
0,38.9643,4.7125,-0.08536240136950095
0,38.9643,4.715625,-0.08524615929183926
0,38.9643,4.71875,-0.08514172201807114
0,38.9643,4.721875000000001,-0.08504916559340246
0,38.9643,4.725,-0.08496856644945237
0,38.9643,4.728125,-0.08490000073388546
0,38.9643,4.73125,-0.08484354357269651
0,38.9643,4.734375,-0.08479926825999876
0,38.9643,4.737500000000001,-0.08476724537003824
0,38.9643,4.740625,-0.08474754178606787
0,38.9643,4.74375,-0.08474021964068479
0,38.9643,4.746875,-0.08474533516227294
0,38.9643,4.75,-0.08476293742231653
0,38.9643,4.753125000000001,-0.08479306697857414
0,38.9643,4.75625,-0.08483575440944992
0,38.9643,4.759375,-0.0848910187353861
0,38.9643,4.7625,-0.08495886572375277
0,38.9643,4.765625,-0.08503928607455573
0,38.9643,4.768750000000001,-0.08513225348534106
0,38.9643,4.771875,-0.08523772259498023
0,38.9643,4.775,-0.08535562680759755
0,38.9643,4.778125,-0.08548587599977972
0,38.9643,4.78125,-0.08562835411641982
0,38.9643,4.784375000000001,-0.08578291666311126
0,38.9643,4.7875,-0.08594938810595258
0,38.9643,4.790625,-0.08612755919296669
0,38.9643,4.79375,-0.08631718421507936
0,38.9643,4.796875,-0.08651797822876128
0,38.9643,4.800000000000001,-0.08672961426697949
0,38.9643,4.803125,-0.0869517205700213
0,38.9643,4.80625,-0.08718387787298938
0,38.9643,4.809375,-0.08742561679225118
0,38.9643,4.8125,-0.08767641535877893
0,38.9643,4.815625000000001,-0.08793569675199683
0,38.9643,4.81875,-0.08820282729332596
0,38.9643,4.821875,-0.08847711476388936
0,38.9643,4.825,-0.08875780711558813
0,38.9643,4.828125,-0.08904409164874852
0,38.9643,4.831250000000001,-0.08933509473246562
0,38.9643,4.834375,-0.08962988214534866
0,38.9643,4.8375,-0.0899274601142703
0,38.9643,4.840625,-0.09022677712660819
0,38.9643,4.84375,-0.09052672658703984
0,38.9643,4.846875000000001,-0.0908261503828911
0,38.9643,4.85,-0.09112384341212437
0,38.9643,4.853125,-0.09141855911509073
0,38.9643,4.85625,-0.09170901603507602
0,38.9643,4.859375,-0.09199390541349303
0,38.9643,4.862500000000001,-0.09227189980345342
0,38.9643,4.865625,-0.09254166266075232
0,38.9643,4.86875,-0.09280185884449425
0,38.9643,4.871875,-0.09305116593135802
0,38.9643,4.875,-0.09328828621869566
0,38.9643,4.878125000000001,-0.09351195926325485
0,38.9643,4.88125,-0.0937209747754412
0,38.9643,4.884375,-0.09391418566486735
0,38.9643,4.8875,-0.09409052101268302
0,38.9643,4.890625,-0.09424899873100978
0,38.9643,4.893750000000001,-0.09438873766075262
0,38.9643,4.896875,-0.09450896885699235
0,38.9643,4.9,-0.09460904581667774
0,38.9643,4.903125,-0.09468845341671324
0,38.9643,4.90625,-0.09474681535172151
0,38.9643,4.909375000000001,-0.09478389988928985
0,38.9643,4.9125,-0.09479962379557759
0,38.9643,4.915625,-0.0947940543246009
0,38.9643,4.91875,-0.09476740920886377
0,38.9643,4.921875,-0.09472005463560546
0,38.9643,4.925000000000001,-0.09465250123997945
0,38.9643,4.928125,-0.09456539819215687
0,38.9643,4.93125,-0.0944595254979058
0,38.9643,4.934375,-0.09433578467008404
0,38.9643,4.9375,-0.09419518796037671
0,38.9643,4.940625000000001,-0.09403884636554583
0,38.9643,4.94375,-0.09386795663980457
0,38.9643,4.946875,-0.09368378755445886
0,38.9643,4.95,-0.09348766564780316
0,38.9643,4.953125,-0.09328096070288389
0,38.9643,4.956250000000001,-0.09306507117892301
0,38.9643,4.959375,-0.09284140980490176
0,38.9643,4.9625,-0.09261138952217934
0,38.9643,4.965625,-0.09237640993829413
0,38.9643,4.96875,-0.09213784442747462
0,38.9643,4.971875000000001,-0.09189702798608472
0,38.9643,4.975,-0.09165524592430145
0,38.9643,4.978125,-0.0914137234497333
0,38.9643,4.98125,-0.0911736161752196
0,38.9643,4.984375,-0.0909360015622995
0,38.9643,4.987500000000001,-0.09070187129425945
0,38.9643,4.990625,-0.09047212455850102
0,38.9643,4.99375,-0.09024756220733621
0,38.9643,4.996875,-0.09002888175918512
0,38.9643,5.0,-0.08981667319836156
0,38.9643,5.003125,-0.0896114155309592
0,38.9643,5.0062500000000005,-0.08941347405646101
0,38.9643,5.009375,-0.08922309831921893
0,38.9643,5.0125,-0.0890404207104684
0,38.9643,5.015625,-0.08886545569960766
0,38.9643,5.01875,-0.08869809968261422
0,38.9643,5.0218750000000005,-0.0885381314452162
0,38.9643,5.025,-0.08838521324829823
0,38.9643,5.028125,-0.08823889255251342
0,38.9643,5.03125,-0.08809860440771777
0,38.9643,5.034375,-0.08796367454016042
0,38.9643,5.0375000000000005,-0.08783332317590185
0,38.9643,5.040625,-0.08770666964225475
0,38.9643,5.04375,-0.0875827377897497
0,38.9643,5.046875,-0.0874604622748758
0,38.9643,5.05,-0.08733869573834603
0,38.9643,5.0531250000000005,-0.08721621690469883
0,38.9643,5.05625,-0.08709173961657711
0,38.9643,5.059375,-0.08696392280106305
0,38.9643,5.0625,-0.08683138134617989
0,38.9643,5.065625,-0.08669269784344547
0,38.9643,5.0687500000000005,-0.08654643512770478
0,38.9643,5.071875,-0.08639114951907922
0,38.9643,5.075,-0.08622540464461785
0,38.9643,5.078125,-0.0860477856901476
0,38.9643,5.08125,-0.08585691390702767
0,38.9643,5.0843750000000005,-0.08565146117524067
0,38.9643,5.0875,-0.08543016440472896
0,38.9643,5.090625,-0.08519183954229428
0,38.9643,5.09375,-0.0849353949427951
0,38.9643,5.096875,-0.0846598438616682
0,38.9643,5.1000000000000005,-0.08436431583159415
0,38.9643,5.103125,-0.08404806669971897
0,38.9643,5.10625,-0.08371048712317887
0,38.9643,5.109375,-0.08335110934932483
0,38.9643,5.1125,-0.08296961214218836
0,38.9643,5.1156250000000005,-0.08256582375722207
0,38.9643,5.11875,-0.08213972291073486
0,38.9643,5.121875,-0.08169143773705084
0,38.9643,5.125,-0.08122124277346797
0,38.9643,5.128125,-0.08072955405874088
0,38.9643,5.1312500000000005,-0.08021692247333453
0,38.9643,5.134375,-0.07968402548751087
0,38.9643,5.1375,-0.07913165751510921
0,38.9643,5.140625,-0.07856071909568194
0,38.9643,5.14375,-0.07797220514480688
0,38.9643,5.1468750000000005,-0.07736719252168359
0,38.9643,5.15,-0.07674682716464369
0,38.9643,5.153125,-0.07611231103941811
0,38.9643,5.15625,-0.07546488913266346
0,38.9643,5.159375,-0.07480583670529443
0,38.9643,5.1625000000000005,-0.07413644699774119
0,38.9643,5.165625,-0.07345801955352331
0,38.9643,5.16875,-0.07277184929971885
0,38.9643,5.171875,-0.07207921649416742
0,38.9643,5.175,-0.07138137762061854
0,38.9643,5.1781250000000005,-0.07067955728545561
0,38.9643,5.18125,-0.06997494114383859
0,38.9643,5.184375,-0.06926866985969256
0,38.9643,5.1875,-0.06856183408335231
0,38.9643,5.190625,-0.0678554704130757
0,38.9643,5.1937500000000005,-0.06715055829217759
0,38.9643,5.196875,-0.06644801778217102
0,38.9643,5.2,-0.06574870814389293
0,38.9643,5.203125,-0.06505342715293713
0,38.9643,5.20625,-0.06436291107252122
0,38.9643,5.2093750000000005,-0.06367783520588922
0,38.9643,5.2125,-0.06299881495116078
0,38.9643,5.215625,-0.062326407283851346
0,38.9643,5.21875,-0.061661112595808754
0,38.9643,5.221875,-0.061003376823718876
0,38.9643,5.2250000000000005,-0.06035359380538839
0,38.9643,5.228125,-0.05971210780746309
0,38.9643,5.23125,-0.059079216173888
0,38.9643,5.234375,-0.05845517205010416
0,38.9643,5.2375,-0.05784018714354807
0,38.9643,5.2406250000000005,-0.0572344344863894
0,38.9643,5.24375,-0.05663805117151776
0,38.9643,5.246875,-0.05605114103751347
0,38.9643,5.25,-0.05547377728268722
0,38.9643,5.253125,-0.05490600499220995
0,38.9643,5.2562500000000005,-0.054347843565891424
0,38.9643,5.259375,-0.05379928903729881
0,38.9643,5.2625,-0.05326031627764763
0,38.9643,5.265625,-0.05273088108028042
0,38.9643,5.26875,-0.05221092212357716
0,38.9643,5.2718750000000005,-0.051700362811862834
0,38.9643,5.275,-0.051199112995308854
0,38.9643,5.278125,-0.05070707057099491
0,38.9643,5.28125,-0.050224122968245466
0,38.9643,5.284375,-0.0497501485220902
0,38.9643,5.2875000000000005,-0.04928501773926346
0,38.9643,5.290625,-0.04882859446156837
0,38.9643,5.29375,-0.048380736931707184
0,38.9643,5.296875,-0.04794129876685374
0,38.9643,5.3,-0.04751012984531447
0,38.9643,5.3031250000000005,-0.047087077111626845
0,38.9643,5.30625,-0.04667198530538122
0,38.9643,5.309375,-0.04626469761893628
0,38.9643,5.3125,-0.045865056289051166
0,38.9643,5.315625,-0.04547290312727018
0,38.9643,5.3187500000000005,-0.0450880799936955
0,38.9643,5.321875,-0.04471042921856316
0,38.9643,5.325,-0.044339793975807035
0,38.9643,5.328125,-0.04397601861256536
0,38.9643,5.33125,-0.04361894893834527
0,38.9643,5.3343750000000005,-0.04326843247732999
0,38.9643,5.3375,-0.04292431868708446
0,38.9643,5.340625,-0.04258645914669035
0,38.9643,5.34375,-0.04225470771713028
0,38.9643,5.346875,-0.041928920676531485
0,38.9643,5.3500000000000005,-0.041608956832684243
0,38.9643,5.353125,-0.041294677615064446
0,38.9643,5.35625,-0.04098594714841086
0,38.9643,5.359375,-0.040682632309745524
0,38.9643,5.3625,-0.040384602770566436
0,38.9643,5.3656250000000005,-0.04009173102579809
0,38.9643,5.36875,-0.039803892410949664
0,38.9643,5.371875,-0.03952096510880256
0,38.9643,5.375,-0.039242830146834995
0,38.9643,5.378125,-0.038969371386479525
0,38.9643,5.3812500000000005,-0.038700475505211156
0,38.9643,5.384375,-0.03843603197237083
0,38.9643,5.3875,-0.03817593301954263
0,38.9643,5.390625,-0.03792007360622718
0,38.9643,5.39375,-0.03766835138147928
0,38.9643,5.3968750000000005,-0.03742066664211339
0,38.9643,5.4,-0.03717692228802026
0,38.9643,5.403125,-0.036937023775081415
0,38.9643,5.40625,-0.03670087906612025
0,38.9643,5.409375,-0.03646839858028034
0,38.9643,5.4125000000000005,-0.036239495141180744
0,38.9643,5.415625,-0.03601408392416049
0,38.9643,5.41875,-0.03579208240288806
0,38.9643,5.421875,-0.03557341029558308
0,38.9643,5.425,-0.03535798951106606
0,38.9643,5.4281250000000005,-0.035145744094828235
0,38.9643,5.43125,-0.034936600175289705
0,38.9643,5.434375,-0.03473048591039194
0,38.9643,5.4375,-0.034527331434653925
0,38.9643,5.440625,-0.03432706880680177
0,38.9643,5.4437500000000005,-0.03412963195806752
0,38.9643,5.446875,-0.03393495664123902
0,38.9643,5.45,-0.0337429803805289
0,38.9643,5.453125,-0.03355364242232171
0,38.9643,5.45625,-0.03336688368684642
0,38.9643,5.4593750000000005,-0.03318264672081331
0,38.9643,5.4625,-0.03300087565104646
0,38.9643,5.465625,-0.03282151613913528
0,38.9643,5.46875,-0.032644515337123134
0,38.9643,5.471875,-0.032469821844244934
0,38.9643,5.4750000000000005,-0.03229738566472043
0,38.9643,5.478125,-0.032127158166606606
0,38.9643,5.48125,-0.031959092041707056
0,38.9643,5.484375,-0.03179314126653497
0,38.9643,5.4875,-0.03162926106432175
0,38.9643,5.4906250000000005,-0.03146740786806129
0,38.9643,5.49375,-0.031307539284578474
0,38.9643,5.496875,-0.031149614059606912
0,38.9643,5.5,-0.03099359204386151
0,38.9643,5.503125,-0.03083943416008827
0,38.9643,5.5062500000000005,-0.030687102371073492
0,38.9643,5.509375,-0.03053655964859376
0,38.9643,5.5125,-0.030387769943286416
0,38.9643,5.515625,-0.030240698155421127
0,38.9643,5.51875,-0.03009531010655128
0,38.9643,5.5218750000000005,-0.02995157251202442
0,38.9643,5.525,-0.029809452954330778
0,38.9643,5.528125,-0.02966891985726803
0,38.9643,5.53125,-0.029529942460901654
0,38.9643,5.534375,-0.02939249079729925
0,38.9643,5.5375000000000005,-0.02925653566701772
0,38.9643,5.540625,-0.029122048616322588
0,38.9643,5.54375,-0.028989001915118235
0,38.9643,5.546875,-0.028857368535569246
0,38.9643,5.55,-0.028727122131392186
0,38.9643,5.5531250000000005,-0.02859823701779817
0,38.9643,5.55625,-0.028470688152067013
0,38.9643,5.559375,-0.028344451114733073
0,38.9643,5.5625,-0.02821950209136525
0,38.9643,5.565625,-0.02809581785492182
0,38.9643,5.5687500000000005,-0.027973375748662873
0,38.9643,5.571875,-0.027852153669602742
0,38.9643,5.575,-0.027732130052485177
0,38.9643,5.578125,-0.027613283854265137
0,38.9643,5.58125,-0.027495594539080837
0,38.9643,5.5843750000000005,-0.027379042063700215
0,38.9643,5.5875,-0.027263606863427037
0,38.9643,5.590625,-0.027149269838451062
0,38.9643,5.59375,-0.027036012340628725
0,38.9643,5.596875,-0.026923816160679723
0,38.9643,5.6000000000000005,-0.026812663515786192
0,38.9643,5.603125,-0.026702537037581468
0,38.9643,5.60625,-0.026593419760515186
0,38.9643,5.609375,-0.02648529511058297
0,38.9643,5.6125,-0.02637814689440841
0,38.9643,5.6156250000000005,-0.026271959288665644
0,38.9643,5.61875,-0.02616671682983175
0,38.9643,5.621875,-0.026062404404257417
0,38.9643,5.625,-0.025959007238546068
0,38.9643,5.628125,-0.025856510890230854
0,38.9643,5.6312500000000005,-0.025754901238739736
0,38.9643,5.634375,-0.025654164476639388
0,38.9643,5.6375,-0.025554287101148185
0,38.9643,5.640625,-0.02545525590591003
0,38.9643,5.64375,-0.025357057973019962
0,38.9643,5.6468750000000005,-0.025259680665293393
0,38.9643,5.65,-0.02516311161877103
0,38.9643,5.653125,-0.025067338735451437
0,38.9643,5.65625,-0.024972350176244093
0,38.9643,5.659375,-0.02487813435413545
0,38.9643,5.6625000000000005,-0.02478467992756107
0,38.9643,5.665625,-0.02469197579397722
0,38.9643,5.66875,-0.024600011083624963
0,38.9643,5.671875,-0.024508775153481027
0,38.9643,5.675,-0.02441825758138888
0,38.9643,5.6781250000000005,-0.024328448160364394
0,38.9643,5.68125,-0.02423933689307034
0,38.9643,5.684375,-0.024150913986454057
0,38.9643,5.6875,-0.024063169846543317
0,38.9643,5.690625,-0.023976095073395026
0,38.9643,5.6937500000000005,-0.02388968045619186
0,38.9643,5.696875,-0.023803916968482195
0,38.9643,5.7,-0.0237187957635584
0,38.9643,5.703125,-0.023634308169969438
0,38.9643,5.70625,-0.02355044568716317
0,38.9643,5.7093750000000005,-0.023467199981254367
0,38.9643,5.7125,-0.023384562880914415
0,38.9643,5.715625,-0.023302526373378568
0,38.9643,5.71875,-0.023221082600567496
0,38.9643,5.721875,-0.02314022385531906
0,38.9643,5.7250000000000005,-0.02305994257772704
0,38.9643,5.728125,-0.022980231351583516
0,38.9643,5.73125,-0.022901082900921233
0,38.9643,5.734375,-0.022822490086653414
0,38.9643,5.7375,-0.02274444590330745
0,38.9643,5.7406250000000005,-0.022666943475849802
0,38.9643,5.74375,-0.022589976056599247
0,38.9643,5.746875,-0.022513537022225513
0,38.9643,5.75,-0.022437619870830997
0,38.9643,5.753125,-0.022362218219112745
0,38.9643,5.7562500000000005,-0.022287325799602246
0,38.9643,5.759375,-0.022212936457980826
0,38.9643,5.7625,-0.02213904415046796
0,38.9643,5.765625,-0.022065642941280755
0,38.9643,5.76875,-0.021992727000161978
0,38.9643,5.7718750000000005,-0.021920290599974853
0,38.9643,5.775,-0.021848328114362506
0,38.9643,5.778125,-0.021776834015469905
0,38.9643,5.78125,-0.021705802871726857
0,38.9643,5.784375,-0.021635229345689747
0,38.9643,5.7875000000000005,-0.021565108191940567
0,38.9643,5.790625,-0.02149543425504146
0,38.9643,5.79375,-0.02142620246754295
0,38.9643,5.796875,-0.021357407848044557
0,38.9643,5.800000000000001,-0.02128904549930595
0,38.9643,5.8031250000000005,-0.02122111060640747
0,38.9643,5.80625,-0.021153598434958128
0,38.9643,5.809375,-0.021086504329350133
0,38.9643,5.8125,-0.021019823711058327
0,38.9643,5.815625000000001,-0.020953552076983264
0,38.9643,5.8187500000000005,-0.020887684997836723
0,38.9643,5.821875,-0.020822218116568286
0,38.9643,5.825,-0.020757147146831984
0,38.9643,5.828125,-0.020692467871491694
0,38.9643,5.831250000000001,-0.02062817614116425
0,38.9643,5.8343750000000005,-0.020564267872799212
0,38.9643,5.8375,-0.02050073904829409
0,38.9643,5.840625,-0.020437585713144215
0,38.9643,5.84375,-0.020374803975126206
0,38.9643,5.846875000000001,-0.020312390003013936
0,38.9643,5.8500000000000005,-0.02025034002532639
0,38.9643,5.853125,-0.020188650329106075
0,38.9643,5.85625,-0.020127317258727614
0,38.9643,5.859375,-0.02006633721473532
0,38.9643,5.862500000000001,-0.02000570665270906
0,38.9643,5.8656250000000005,-0.019945422082157736
0,38.9643,5.86875,-0.019885480065439335
0,38.9643,5.871875,-0.019825877216707137
0,38.9643,5.875,-0.01976661020088114
0,38.9643,5.878125000000001,-0.019707675732644047
0,38.9643,5.8812500000000005,-0.019649070575461374
0,38.9643,5.884375,-0.01959079154062446
0,38.9643,5.8875,-0.019532835486316485
0,38.9643,5.890625,-0.019475199316700283
0,38.9643,5.893750000000001,-0.01941787998102764
0,38.9643,5.8968750000000005,-0.01936087447276953
0,38.9643,5.9,-0.01930417982876643
0,38.9643,5.903125,-0.019247793128398614
0,38.9643,5.90625,-0.019191711492775494
0,38.9643,5.909375000000001,-0.019135932083943763
0,38.9643,5.9125000000000005,-0.01908045210411374
0,38.9643,5.915625,-0.01902526879490335
0,38.9643,5.91875,-0.018970379436599474
0,38.9643,5.921875,-0.018915781347436083
0,38.9643,5.925000000000001,-0.018861471882888687
0,38.9643,5.9281250000000005,-0.018807448434984806
0,38.9643,5.93125,-0.01875370843162986
0,38.9643,5.934375,-0.018700249335948264
0,38.9643,5.9375,-0.01864706864563924
0,38.9643,5.940625000000001,-0.018594163892346933
0,38.9643,5.9437500000000005,-0.018541532641044595
0,38.9643,5.946875,-0.018489172489432285
0,38.9643,5.95,-0.018437081067347903
0,38.9643,5.953125,-0.018385256036191164
0,38.9643,5.956250000000001,-0.018333695088360167
0,38.9643,5.9593750000000005,-0.018282395946700305
0,38.9643,5.9625,-0.01823135636396498
0,38.9643,5.965625,-0.018180574122288243
0,38.9643,5.96875,-0.018130047032668618
0,38.9643,5.971875000000001,-0.018079772934464118
0,38.9643,5.9750000000000005,-0.018029749694898126
0,38.9643,5.978125,-0.017979975208575676
0,38.9643,5.98125,-0.017930447397010177
0,38.9643,5.984375,-0.01788116420816012
0,38.9643,5.987500000000001,-0.01783212361597556
0,38.9643,5.9906250000000005,-0.017783323619954203
0,38.9643,5.99375,-0.017734762244706735
0,38.9643,5.996875,-0.017686437539531294
0,38.9643,6.0,-0.017638347577996805
