"Current","Field","Frequency","Spectra"
0,39.346854,1,-0.019172818
0,39.346854,1.003125,-0.019244806
0,39.346854,1.00625,-0.019317268
0,39.346854,1.009375,-0.019390206
0,39.346854,1.0125,-0.019463627
0,39.346854,1.015625,-0.019537534
0,39.346854,1.01875,-0.019611932
0,39.346854,1.021875,-0.019686827
0,39.346854,1.025,-0.019762222
0,39.346854,1.028125,-0.019838122
0,39.346854,1.03125,-0.019914534
0,39.346854,1.034375,-0.01999146
0,39.346854,1.0375,-0.020068907
0,39.346854,1.040625,-0.02014688
0,39.346854,1.04375,-0.020225383
0,39.346854,1.046875,-0.020304422
0,39.346854,1.05,-0.020384003
0,39.346854,1.053125,-0.02046413
0,39.346854,1.05625,-0.020544809
0,39.346854,1.059375,-0.020626046
0,39.346854,1.0625,-0.020707846
0,39.346854,1.065625,-0.020790214
0,39.346854,1.06875,-0.020873157
0,39.346854,1.071875,-0.02095668
0,39.346854,1.075,-0.021040789
0,39.346854,1.078125,-0.021125491
0,39.346854,1.08125,-0.02121079
0,39.346854,1.084375,-0.021296694
0,39.346854,1.0875,-0.021383208
0,39.346854,1.090625,-0.021470338
0,39.346854,1.09375,-0.021558091
0,39.346854,1.096875,-0.021646474
0,39.346854,1.1,-0.021735493
0,39.346854,1.103125,-0.021825154
0,39.346854,1.10625,-0.021915464
0,39.346854,1.109375,-0.02200643
0,39.346854,1.1125,-0.022098059
0,39.346854,1.115625,-0.022190357
0,39.346854,1.11875,-0.022283333
0,39.346854,1.121875,-0.022376992
0,39.346854,1.125,-0.022471343
0,39.346854,1.128125,-0.022566392
0,39.346854,1.13125,-0.022662147
0,39.346854,1.134375,-0.022758616
0,39.346854,1.1375,-0.022855806
0,39.346854,1.140625,-0.022953725
0,39.346854,1.14375,-0.023052381
0,39.346854,1.146875,-0.023151781
0,39.346854,1.15,-0.023251935
0,39.346854,1.153125,-0.02335285
0,39.346854,1.15625,-0.023454534
0,39.346854,1.159375,-0.023556996
0,39.346854,1.1625,-0.023660244
0,39.346854,1.165625,-0.023764288
0,39.346854,1.16875,-0.023869135
0,39.346854,1.171875,-0.023974796
0,39.346854,1.175,-0.024081278
0,39.346854,1.178125,-0.024188591
0,39.346854,1.18125,-0.024296745
0,39.346854,1.184375,-0.024405748
0,39.346854,1.1875,-0.024515611
0,39.346854,1.190625,-0.024626344
0,39.346854,1.19375,-0.024737955
0,39.346854,1.196875,-0.024850455
0,39.346854,1.2,-0.024963854
0,39.346854,1.203125,-0.025078163
0,39.346854,1.20625,-0.025193392
0,39.346854,1.209375,-0.025309552
0,39.346854,1.2125,-0.025426653
0,39.346854,1.215625,-0.025544706
0,39.346854,1.21875,-0.025663722
0,39.346854,1.221875,-0.025783714
0,39.346854,1.225,-0.025904691
0,39.346854,1.228125,-0.026026666
0,39.346854,1.23125,-0.02614965
0,39.346854,1.234375,-0.026273656
0,39.346854,1.2375,-0.026398696
0,39.346854,1.240625,-0.026524781
0,39.346854,1.24375,-0.026651925
0,39.346854,1.246875,-0.026780139
0,39.346854,1.25,-0.026909438
0,39.346854,1.253125,-0.027039834
0,39.346854,1.25625,-0.02717134
0,39.346854,1.259375,-0.027303971
0,39.346854,1.2625,-0.027437738
0,39.346854,1.265625,-0.027572658
0,39.346854,1.26875,-0.027708743
0,39.346854,1.271875,-0.027846008
0,39.346854,1.275,-0.027984468
0,39.346854,1.278125,-0.028124137
0,39.346854,1.28125,-0.028265031
0,39.346854,1.284375,-0.028407165
0,39.346854,1.2875,-0.028550555
0,39.346854,1.290625,-0.028695215
0,39.346854,1.29375,-0.028841163
0,39.346854,1.296875,-0.028988415
0,39.346854,1.3,-0.029136987
0,39.346854,1.303125,-0.029286896
0,39.346854,1.30625,-0.029438159
0,39.346854,1.309375,-0.029590794
0,39.346854,1.3125,-0.029744818
0,39.346854,1.315625,-0.029900249
0,39.346854,1.31875,-0.030057106
0,39.346854,1.321875,-0.030215407
0,39.346854,1.325,-0.030375171
0,39.346854,1.328125,-0.030536417
0,39.346854,1.33125,-0.030699165
0,39.346854,1.334375,-0.030863435
0,39.346854,1.3375,-0.031029247
0,39.346854,1.340625,-0.031196621
0,39.346854,1.34375,-0.031365578
0,39.346854,1.346875,-0.03153614
0,39.346854,1.35,-0.031708328
0,39.346854,1.353125,-0.031882164
0,39.346854,1.35625,-0.03205767
0,39.346854,1.359375,-0.03223487
0,39.346854,1.3625,-0.032413786
0,39.346854,1.365625,-0.032594442
0,39.346854,1.36875,-0.032776861
0,39.346854,1.371875,-0.032961069
0,39.346854,1.375,-0.03314709
0,39.346854,1.378125,-0.033334949
0,39.346854,1.38125,-0.033524671
0,39.346854,1.384375,-0.033716284
0,39.346854,1.3875,-0.033909814
0,39.346854,1.390625,-0.034105287
0,39.346854,1.39375,-0.034302731
0,39.346854,1.396875,-0.034502174
0,39.346854,1.4,-0.034703646
0,39.346854,1.403125,-0.034907174
0,39.346854,1.40625,-0.035112789
0,39.346854,1.409375,-0.03532052
0,39.346854,1.4125,-0.035530399
0,39.346854,1.415625,-0.035742457
0,39.346854,1.41875,-0.035956725
0,39.346854,1.421875,-0.036173236
0,39.346854,1.425,-0.036392023
0,39.346854,1.428125,-0.036613119
0,39.346854,1.43125,-0.03683656
0,39.346854,1.434375,-0.037062379
0,39.346854,1.4375,-0.037290613
0,39.346854,1.440625,-0.037521297
0,39.346854,1.44375,-0.037754469
0,39.346854,1.446875,-0.037990166
0,39.346854,1.45,-0.038228427
0,39.346854,1.453125,-0.038469291
0,39.346854,1.45625,-0.038712798
0,39.346854,1.459375,-0.038958987
0,39.346854,1.4625,-0.039207902
0,39.346854,1.465625,-0.039459583
0,39.346854,1.46875,-0.039714074
0,39.346854,1.471875,-0.039971419
0,39.346854,1.475,-0.040231663
0,39.346854,1.478125,-0.040494851
0,39.346854,1.48125,-0.04076103
0,39.346854,1.484375,-0.041030248
0,39.346854,1.4875,-0.041302552
0,39.346854,1.490625,-0.041577992
0,39.346854,1.49375,-0.041856619
0,39.346854,1.496875,-0.042138484
0,39.346854,1.5,-0.04242364
0,39.346854,1.503125,-0.04271214
0,39.346854,1.50625,-0.043004038
0,39.346854,1.509375,-0.043299391
0,39.346854,1.5125,-0.043598256
0,39.346854,1.515625,-0.04390069
0,39.346854,1.51875,-0.044206752
0,39.346854,1.521875,-0.044516504
0,39.346854,1.525,-0.044830007
0,39.346854,1.528125,-0.045147324
0,39.346854,1.53125,-0.04546852
0,39.346854,1.534375,-0.045793661
0,39.346854,1.5375,-0.046122813
0,39.346854,1.540625,-0.046456045
0,39.346854,1.54375,-0.046793428
0,39.346854,1.546875,-0.047135033
0,39.346854,1.55,-0.047480933
0,39.346854,1.553125,-0.047831202
0,39.346854,1.55625,-0.048185918
0,39.346854,1.559375,-0.048545159
0,39.346854,1.5625,-0.048909003
0,39.346854,1.565625,-0.049277533
0,39.346854,1.56875,-0.049650832
0,39.346854,1.571875,-0.050028985
0,39.346854,1.575,-0.050412079
0,39.346854,1.578125,-0.050800203
0,39.346854,1.58125,-0.051193449
0,39.346854,1.584375,-0.051591908
0,39.346854,1.5875,-0.051995677
0,39.346854,1.590625,-0.052404853
0,39.346854,1.59375,-0.052819534
0,39.346854,1.596875,-0.053239824
0,39.346854,1.6,-0.053665826
0,39.346854,1.603125,-0.054097647
0,39.346854,1.60625,-0.054535396
0,39.346854,1.609375,-0.054979184
0,39.346854,1.6125,-0.055429126
0,39.346854,1.615625,-0.055885339
0,39.346854,1.61875,-0.056347942
0,39.346854,1.621875,-0.056817057
0,39.346854,1.625,-0.057292811
0,39.346854,1.628125,-0.057775331
0,39.346854,1.63125,-0.058264749
0,39.346854,1.634375,-0.0587612
0,39.346854,1.6375,-0.05926482
0,39.346854,1.640625,-0.059775753
0,39.346854,1.64375,-0.060294141
0,39.346854,1.646875,-0.060820134
0,39.346854,1.65,-0.061353883
0,39.346854,1.653125,-0.061895544
0,39.346854,1.65625,-0.062445276
0,39.346854,1.659375,-0.063003242
0,39.346854,1.6625,-0.063569611
0,39.346854,1.665625,-0.064144552
0,39.346854,1.66875,-0.064728243
0,39.346854,1.671875,-0.065320864
0,39.346854,1.675,-0.065922599
0,39.346854,1.678125,-0.066533639
0,39.346854,1.68125,-0.067154177
0,39.346854,1.684375,-0.067784414
0,39.346854,1.6875,-0.068424553
0,39.346854,1.690625,-0.069074805
0,39.346854,1.69375,-0.069735385
0,39.346854,1.696875,-0.070406514
0,39.346854,1.7,-0.071088418
0,39.346854,1.703125,-0.07178133
0,39.346854,1.70625,-0.07248549
0,39.346854,1.709375,-0.073201141
0,39.346854,1.7125,-0.073928537
0,39.346854,1.715625,-0.074667934
0,39.346854,1.71875,-0.075419598
0,39.346854,1.721875,-0.076183802
0,39.346854,1.725,-0.076960824
0,39.346854,1.728125,-0.077750953
0,39.346854,1.73125,-0.078554484
0,39.346854,1.734375,-0.079371719
0,39.346854,1.7375,-0.080202969
0,39.346854,1.740625,-0.081048556
0,39.346854,1.74375,-0.081908806
0,39.346854,1.746875,-0.082784059
0,39.346854,1.75,-0.083674662
0,39.346854,1.753125,-0.08458097
0,39.346854,1.75625,-0.085503352
0,39.346854,1.759375,-0.086442183
0,39.346854,1.7625,-0.087397853
0,39.346854,1.765625,-0.088370759
0,39.346854,1.76875,-0.089361312
0,39.346854,1.771875,-0.090369933
0,39.346854,1.775,-0.091397055
0,39.346854,1.778125,-0.092443125
0,39.346854,1.78125,-0.093508602
0,39.346854,1.784375,-0.094593957
0,39.346854,1.7875,-0.095699676
0,39.346854,1.790625,-0.096826259
0,39.346854,1.79375,-0.09797422
0,39.346854,1.796875,-0.099144088
0,39.346854,1.8,-0.10033641
0,39.346854,1.803125,-0.10155174
0,39.346854,1.80625,-0.10279066
0,39.346854,1.809375,-0.10405376
0,39.346854,1.8125,-0.10534166
0,39.346854,1.815625,-0.10665498
0,39.346854,1.81875,-0.10799437
0,39.346854,1.821875,-0.1093605
0,39.346854,1.825,-0.11075405
0,39.346854,1.828125,-0.11217574
0,39.346854,1.83125,-0.11362629
0,39.346854,1.834375,-0.11510645
0,39.346854,1.8375,-0.11661699
0,39.346854,1.840625,-0.11815871
0,39.346854,1.84375,-0.11973243
0,39.346854,1.846875,-0.12133899
0,39.346854,1.85,-0.12297926
0,39.346854,1.853125,-0.12465413
0,39.346854,1.85625,-0.12636453
0,39.346854,1.859375,-0.12811141
0,39.346854,1.8625,-0.12989574
0,39.346854,1.865625,-0.13171852
0,39.346854,1.86875,-0.13358081
0,39.346854,1.871875,-0.13548365
0,39.346854,1.875,-0.13742816
0,39.346854,1.878125,-0.13941546
0,39.346854,1.88125,-0.14144672
0,39.346854,1.884375,-0.14352313
0,39.346854,1.8875,-0.14564593
0,39.346854,1.890625,-0.14781639
0,39.346854,1.89375,-0.15003581
0,39.346854,1.896875,-0.15230554
0,39.346854,1.9,-0.15462697
0,39.346854,1.903125,-0.1570015
0,39.346854,1.90625,-0.15943061
0,39.346854,1.909375,-0.1619158
0,39.346854,1.9125,-0.1644586
0,39.346854,1.915625,-0.16706061
0,39.346854,1.91875,-0.16972346
0,39.346854,1.921875,-0.17244881
0,39.346854,1.925,-0.17523837
0,39.346854,1.928125,-0.17809392
0,39.346854,1.93125,-0.18101726
0,39.346854,1.934375,-0.18401022
0,39.346854,1.9375,-0.18707471
0,39.346854,1.940625,-0.19021266
0,39.346854,1.94375,-0.19342605
0,39.346854,1.946875,-0.19671692
0,39.346854,1.95,-0.20008732
0,39.346854,1.953125,-0.20353936
0,39.346854,1.95625,-0.2070752
0,39.346854,1.959375,-0.21069703
0,39.346854,1.9625,-0.21440707
0,39.346854,1.965625,-0.21820759
0,39.346854,1.96875,-0.22210088
0,39.346854,1.971875,-0.22608926
0,39.346854,1.975,-0.23017509
0,39.346854,1.978125,-0.23436074
0,39.346854,1.98125,-0.23864859
0,39.346854,1.984375,-0.24304105
0,39.346854,1.9875,-0.24754052
0,39.346854,1.990625,-0.2521494
0,39.346854,1.99375,-0.25687009
0,39.346854,1.996875,-0.26170497
0,39.346854,2,-0.26665637
0,39.346854,2.003125,-0.27172662
0,39.346854,2.00625,-0.27691796
0,39.346854,2.009375,-0.28223258
0,39.346854,2.0125,-0.28767261
0,39.346854,2.015625,-0.29324005
0,39.346854,2.01875,-0.29893682
0,39.346854,2.021875,-0.30476467
0,39.346854,2.025,-0.31072522
0,39.346854,2.028125,-0.31681991
0,39.346854,2.03125,-0.32304997
0,39.346854,2.034375,-0.32941641
0,39.346854,2.0375,-0.33591996
0,39.346854,2.040625,-0.34256108
0,39.346854,2.04375,-0.34933989
0,39.346854,2.046875,-0.35625615
0,39.346854,2.05,-0.36330922
0,39.346854,2.053125,-0.37049802
0,39.346854,2.05625,-0.37782099
0,39.346854,2.059375,-0.38527603
0,39.346854,2.0625,-0.39286047
0,39.346854,2.065625,-0.40057102
0,39.346854,2.06875,-0.40840369
0,39.346854,2.071875,-0.41635378
0,39.346854,2.075,-0.42441581
0,39.346854,2.078125,-0.43258347
0,39.346854,2.08125,-0.44084955
0,39.346854,2.084375,-0.44920591
0,39.346854,2.0875,-0.45764343
0,39.346854,2.090625,-0.46615194
0,39.346854,2.09375,-0.47472021
0,39.346854,2.096875,-0.4833359
0,39.346854,2.1,-0.49198549
0,39.346854,2.103125,-0.50065431
0,39.346854,2.10625,-0.50932651
0,39.346854,2.109375,-0.51798502
0,39.346854,2.1125,-0.5266116
0,39.346854,2.115625,-0.53518683
0,39.346854,2.11875,-0.54369014
0,39.346854,2.121875,-0.55209989
0,39.346854,2.125,-0.56039339
0,39.346854,2.128125,-0.56854702
0,39.346854,2.13125,-0.57653633
0,39.346854,2.134375,-0.58433613
0,39.346854,2.1375,-0.59192067
0,39.346854,2.140625,-0.59926378
0,39.346854,2.14375,-0.60633905
0,39.346854,2.146875,-0.61312003
0,39.346854,2.15,-0.61958044
0,39.346854,2.153125,-0.6256944
0,39.346854,2.15625,-0.63143667
0,39.346854,2.159375,-0.63678288
0,39.346854,2.1625,-0.64170976
0,39.346854,2.165625,-0.64619546
0,39.346854,2.16875,-0.65021969
0,39.346854,2.171875,-0.65376402
0,39.346854,2.175,-0.65681209
0,39.346854,2.178125,-0.65934978
0,39.346854,2.18125,-0.66136539
0,39.346854,2.184375,-0.66284983
0,39.346854,2.1875,-0.66379666
0,39.346854,2.190625,-0.66420224
0,39.346854,2.19375,-0.66406577
0,39.346854,2.196875,-0.66338925
0,39.346854,2.2,-0.66217751
0,39.346854,2.203125,-0.66043813
0,39.346854,2.20625,-0.65818134
0,39.346854,2.209375,-0.6554199
0,39.346854,2.2125,-0.65216891
0,39.346854,2.215625,-0.64844569
0,39.346854,2.21875,-0.64426951
0,39.346854,2.221875,-0.63966141
0,39.346854,2.225,-0.63464394
0,39.346854,2.228125,-0.62924094
0,39.346854,2.23125,-0.62347725
0,39.346854,2.234375,-0.61737853
0,39.346854,2.2375,-0.61097097
0,39.346854,2.240625,-0.60428106
0,39.346854,2.24375,-0.59733539
0,39.346854,2.246875,-0.59016044
0,39.346854,2.25,-0.58278237
0,39.346854,2.253125,-0.57522687
0,39.346854,2.25625,-0.567519
0,39.346854,2.259375,-0.55968306
0,39.346854,2.2625,-0.55174246
0,39.346854,2.265625,-0.54371963
0,39.346854,2.26875,-0.53563598
0,39.346854,2.271875,-0.52751177
0,39.346854,2.275,-0.51936615
0,39.346854,2.278125,-0.51121705
0,39.346854,2.28125,-0.50308124
0,39.346854,2.284375,-0.49497429
0,39.346854,2.2875,-0.48691058
0,39.346854,2.290625,-0.47890334
0,39.346854,2.29375,-0.47096467
0,39.346854,2.296875,-0.46310555
0,39.346854,2.3,-0.45533592
0,39.346854,2.303125,-0.44766472
0,39.346854,2.30625,-0.4400999
0,39.346854,2.309375,-0.43264851
0,39.346854,2.3125,-0.42531674
0,39.346854,2.315625,-0.41810996
0,39.346854,2.31875,-0.4110328
0,39.346854,2.321875,-0.40408919
0,39.346854,2.325,-0.39728238
0,39.346854,2.328125,-0.39061504
0,39.346854,2.33125,-0.38408929
0,39.346854,2.334375,-0.37770673
0,39.346854,2.3375,-0.37146851
0,39.346854,2.340625,-0.36537536
0,39.346854,2.34375,-0.35942761
0,39.346854,2.346875,-0.35362528
0,39.346854,2.35,-0.34796806
0,39.346854,2.353125,-0.34245539
0,39.346854,2.35625,-0.33708644
0,39.346854,2.359375,-0.3318602
0,39.346854,2.3625,-0.32677546
0,39.346854,2.365625,-0.32183084
0,39.346854,2.36875,-0.31702485
0,39.346854,2.371875,-0.31235584
0,39.346854,2.375,-0.30782212
0,39.346854,2.378125,-0.30342188
0,39.346854,2.38125,-0.29915325
0,39.346854,2.384375,-0.29501433
0,39.346854,2.3875,-0.29100317
0,39.346854,2.390625,-0.28711781
0,39.346854,2.39375,-0.28335626
0,39.346854,2.396875,-0.27971655
0,39.346854,2.4,-0.27619671
0,39.346854,2.403125,-0.27279477
0,39.346854,2.40625,-0.26950881
0,39.346854,2.409375,-0.26633692
0,39.346854,2.4125,-0.26327722
0,39.346854,2.415625,-0.26032789
0,39.346854,2.41875,-0.25748714
0,39.346854,2.421875,-0.25475323
0,39.346854,2.425,-0.25212449
0,39.346854,2.428125,-0.24959928
0,39.346854,2.43125,-0.24717604
0,39.346854,2.434375,-0.24485325
0,39.346854,2.4375,-0.24262948
0,39.346854,2.440625,-0.24050334
0,39.346854,2.44375,-0.23847353
0,39.346854,2.446875,-0.23653879
0,39.346854,2.45,-0.23469797
0,39.346854,2.453125,-0.23294996
0,39.346854,2.45625,-0.23129373
0,39.346854,2.459375,-0.22972833
0,39.346854,2.4625,-0.22825288
0,39.346854,2.465625,-0.22686659
0,39.346854,2.46875,-0.22556871
0,39.346854,2.471875,-0.22435862
0,39.346854,2.475,-0.22323573
0,39.346854,2.478125,-0.22219955
0,39.346854,2.48125,-0.22124967
0,39.346854,2.484375,-0.22038576
0,39.346854,2.4875,-0.21960757
0,39.346854,2.490625,-0.21891492
0,39.346854,2.49375,-0.21830773
0,39.346854,2.496875,-0.217786
0,39.346854,2.5,-0.2173498
0,39.346854,2.503125,-0.2169993
0,39.346854,2.50625,-0.21673474
0,39.346854,2.509375,-0.21655645
0,39.346854,2.5125,-0.21646486
0,39.346854,2.515625,-0.21646046
0,39.346854,2.51875,-0.21654386
0,39.346854,2.521875,-0.21671573
0,39.346854,2.525,-0.21697683
0,39.346854,2.528125,-0.21732804
0,39.346854,2.53125,-0.21777028
0,39.346854,2.534375,-0.2183046
0,39.346854,2.5375,-0.21893211
0,39.346854,2.540625,-0.21965403
0,39.346854,2.54375,-0.22047165
0,39.346854,2.546875,-0.22138636
0,39.346854,2.55,-0.22239963
0,39.346854,2.553125,-0.223513
0,39.346854,2.55625,-0.22472811
0,39.346854,2.559375,-0.22604667
0,39.346854,2.5625,-0.22747048
0,39.346854,2.565625,-0.22900138
0,39.346854,2.56875,-0.2306413
0,39.346854,2.571875,-0.23239222
0,39.346854,2.575,-0.23425619
0,39.346854,2.578125,-0.23623528
0,39.346854,2.58125,-0.2383316
0,39.346854,2.584375,-0.24054729
0,39.346854,2.5875,-0.24288451
0,39.346854,2.590625,-0.24534539
0,39.346854,2.59375,-0.24793206
0,39.346854,2.596875,-0.2506466
0,39.346854,2.6,-0.25349102
0,39.346854,2.603125,-0.25646725
0,39.346854,2.60625,-0.2595771
0,39.346854,2.609375,-0.26282223
0,39.346854,2.6125,-0.26620412
0,39.346854,2.615625,-0.26972401
0,39.346854,2.61875,-0.2733829
0,39.346854,2.621875,-0.27718144
0,39.346854,2.625,-0.28111994
0,39.346854,2.628125,-0.28519828
0,39.346854,2.63125,-0.28941583
0,39.346854,2.634375,-0.29377141
0,39.346854,2.6375,-0.29826323
0,39.346854,2.640625,-0.30288876
0,39.346854,2.64375,-0.30764471
0,39.346854,2.646875,-0.31252689
0,39.346854,2.65,-0.31753014
0,39.346854,2.653125,-0.32264828
0,39.346854,2.65625,-0.32787394
0,39.346854,2.659375,-0.33319851
0,39.346854,2.6625,-0.33861206
0,39.346854,2.665625,-0.34410325
0,39.346854,2.66875,-0.34965921
0,39.346854,2.671875,-0.35526553
0,39.346854,2.675,-0.36090617
0,39.346854,2.678125,-0.36656343
0,39.346854,2.68125,-0.37221792
0,39.346854,2.684375,-0.37784862
0,39.346854,2.6875,-0.38343282
0,39.346854,2.690625,-0.38894629
0,39.346854,2.69375,-0.39436333
0,39.346854,2.696875,-0.39965691
0,39.346854,2.7,-0.40479889
0,39.346854,2.703125,-0.40976022
0,39.346854,2.70625,-0.41451121
0,39.346854,2.709375,-0.41902188
0,39.346854,2.7125,-0.42326226
0,39.346854,2.715625,-0.42720282
0,39.346854,2.71875,-0.43081483
0,39.346854,2.721875,-0.43407083
0,39.346854,2.725,-0.43694505
0,39.346854,2.728125,-0.43941382
0,39.346854,2.73125,-0.44145601
0,39.346854,2.734375,-0.4430534
0,39.346854,2.7375,-0.44419102
0,39.346854,2.740625,-0.44485743
0,39.346854,2.74375,-0.44504497
0,39.346854,2.746875,-0.44474988
0,39.346854,2.75,-0.44397238
0,39.346854,2.753125,-0.44271669
0,39.346854,2.75625,-0.4409909
0,39.346854,2.759375,-0.43880684
0,39.346854,2.7625,-0.43617983
0,39.346854,2.765625,-0.43312838
0,39.346854,2.76875,-0.42967385
0,39.346854,2.771875,-0.42584006
0,39.346854,2.775,-0.42165287
0,39.346854,2.778125,-0.41713974
0,39.346854,2.78125,-0.41232932
0,39.346854,2.784375,-0.40725101
0,39.346854,2.7875,-0.40193455
0,39.346854,2.790625,-0.39640965
0,39.346854,2.79375,-0.39070565
0,39.346854,2.796875,-0.3848512
0,39.346854,2.8,-0.378874
0,39.346854,2.803125,-0.3728006
0,39.346854,2.80625,-0.3666562
0,39.346854,2.809375,-0.36046449
0,39.346854,2.8125,-0.35424762
0,39.346854,2.815625,-0.34802606
0,39.346854,2.81875,-0.34181862
0,39.346854,2.821875,-0.33564241
0,39.346854,2.825,-0.32951292
0,39.346854,2.828125,-0.32344397
0,39.346854,2.83125,-0.31744787
0,39.346854,2.834375,-0.3115354
0,39.346854,2.8375,-0.30571596
0,39.346854,2.840625,-0.2999976
0,39.346854,2.84375,-0.29438716
0,39.346854,2.846875,-0.28889032
0,39.346854,2.85,-0.28351172
0,39.346854,2.853125,-0.27825504
0,39.346854,2.85625,-0.27312309
0,39.346854,2.859375,-0.26811791
0,39.346854,2.8625,-0.26324081
0,39.346854,2.865625,-0.25849251
0,39.346854,2.86875,-0.25387314
0,39.346854,2.871875,-0.24938237
0,39.346854,2.875,-0.24501943
0,39.346854,2.878125,-0.24078319
0,39.346854,2.88125,-0.2366722
0,39.346854,2.884375,-0.23268473
0,39.346854,2.8875,-0.22881884
0,39.346854,2.890625,-0.22507238
0,39.346854,2.89375,-0.22144307
0,39.346854,2.896875,-0.21792849
0,39.346854,2.9,-0.21452613
0,39.346854,2.903125,-0.21123339
0,39.346854,2.90625,-0.20804765
0,39.346854,2.909375,-0.20496624
0,39.346854,2.9125,-0.20198646
0,39.346854,2.915625,-0.19910564
0,39.346854,2.91875,-0.1963211
0,39.346854,2.921875,-0.19363018
0,39.346854,2.925,-0.19103025
0,39.346854,2.928125,-0.18851873
0,39.346854,2.93125,-0.18609308
0,39.346854,2.934375,-0.18375079
0,39.346854,2.9375,-0.18148944
0,39.346854,2.940625,-0.17930662
0,39.346854,2.94375,-0.17720002
0,39.346854,2.946875,-0.17516737
0,39.346854,2.95,-0.17320646
0,39.346854,2.953125,-0.17131518
0,39.346854,2.95625,-0.16949143
0,39.346854,2.959375,-0.16773321
0,39.346854,2.9625,-0.16603858
0,39.346854,2.965625,-0.16440565
0,39.346854,2.96875,-0.16283262
0,39.346854,2.971875,-0.16131772
0,39.346854,2.975,-0.15985927
0,39.346854,2.978125,-0.15845564
0,39.346854,2.98125,-0.15710524
0,39.346854,2.984375,-0.15580657
0,39.346854,2.9875,-0.15455818
0,39.346854,2.990625,-0.15335865
0,39.346854,2.99375,-0.15220665
0,39.346854,2.996875,-0.15110087
0,39.346854,3,-0.15004007
0,39.346854,3.003125,-0.14902306
0,39.346854,3.00625,-0.14804869
0,39.346854,3.009375,-0.14711587
0,39.346854,3.0125,-0.14622352
0,39.346854,3.015625,-0.14537066
0,39.346854,3.01875,-0.1445563
0,39.346854,3.021875,-0.14377953
0,39.346854,3.025,-0.14303945
0,39.346854,3.028125,-0.14233522
0,39.346854,3.03125,-0.14166602
0,39.346854,3.034375,-0.14103109
0,39.346854,3.0375,-0.14042969
0,39.346854,3.040625,-0.13986111
0,39.346854,3.04375,-0.13932468
0,39.346854,3.046875,-0.13881976
0,39.346854,3.05,-0.13834574
0,39.346854,3.053125,-0.13790206
0,39.346854,3.05625,-0.13748815
0,39.346854,3.059375,-0.13710351
0,39.346854,3.0625,-0.13674763
0,39.346854,3.065625,-0.13642006
0,39.346854,3.06875,-0.13612036
0,39.346854,3.071875,-0.13584812
0,39.346854,3.075,-0.13560295
0,39.346854,3.078125,-0.13538448
0,39.346854,3.08125,-0.13519238
0,39.346854,3.084375,-0.13502634
0,39.346854,3.0875,-0.13488606
0,39.346854,3.090625,-0.13477127
0,39.346854,3.09375,-0.13468172
0,39.346854,3.096875,-0.1346172
0,39.346854,3.1,-0.13457749
0,39.346854,3.103125,-0.13456241
0,39.346854,3.10625,-0.1345718
0,39.346854,3.109375,-0.13460552
0,39.346854,3.1125,-0.13466344
0,39.346854,3.115625,-0.13474547
0,39.346854,3.11875,-0.13485152
0,39.346854,3.121875,-0.13498153
0,39.346854,3.125,-0.13513545
0,39.346854,3.128125,-0.13531327
0,39.346854,3.13125,-0.13551499
0,39.346854,3.134375,-0.13574061
0,39.346854,3.1375,-0.13599018
0,39.346854,3.140625,-0.13626375
0,39.346854,3.14375,-0.13656141
0,39.346854,3.146875,-0.13688323
0,39.346854,3.15,-0.13722935
0,39.346854,3.153125,-0.1375999
0,39.346854,3.15625,-0.13799503
0,39.346854,3.159375,-0.13841493
0,39.346854,3.1625,-0.13885979
0,39.346854,3.165625,-0.13932983
0,39.346854,3.16875,-0.13982531
0,39.346854,3.171875,-0.14034648
0,39.346854,3.175,-0.14089363
0,39.346854,3.178125,-0.14146708
0,39.346854,3.18125,-0.14206715
0,39.346854,3.184375,-0.14269422
0,39.346854,3.1875,-0.14334865
0,39.346854,3.190625,-0.14403088
0,39.346854,3.19375,-0.14474132
0,39.346854,3.196875,-0.14548045
0,39.346854,3.2,-0.14624876
0,39.346854,3.203125,-0.14704676
0,39.346854,3.20625,-0.14787502
0,39.346854,3.209375,-0.1487341
0,39.346854,3.2125,-0.14962463
0,39.346854,3.215625,-0.15054724
0,39.346854,3.21875,-0.15150262
0,39.346854,3.221875,-0.15249148
0,39.346854,3.225,-0.15351457
0,39.346854,3.228125,-0.15457268
0,39.346854,3.23125,-0.15566664
0,39.346854,3.234375,-0.15679731
0,39.346854,3.2375,-0.1579656
0,39.346854,3.240625,-0.15917246
0,39.346854,3.24375,-0.16041889
0,39.346854,3.246875,-0.16170594
0,39.346854,3.25,-0.16303469
0,39.346854,3.253125,-0.16440628
0,39.346854,3.25625,-0.16582191
0,39.346854,3.259375,-0.16728282
0,39.346854,3.2625,-0.16879032
0,39.346854,3.265625,-0.17034577
0,39.346854,3.26875,-0.17195058
0,39.346854,3.271875,-0.17360624
0,39.346854,3.275,-0.17531429
0,39.346854,3.278125,-0.17707634
0,39.346854,3.28125,-0.17889407
0,39.346854,3.284375,-0.18076924
0,39.346854,3.2875,-0.18270366
0,39.346854,3.290625,-0.18469923
0,39.346854,3.29375,-0.18675792
0,39.346854,3.296875,-0.18888179
0,39.346854,3.3,-0.19107297
0,39.346854,3.303125,-0.19333367
0,39.346854,3.30625,-0.1956662
0,39.346854,3.309375,-0.19807294
0,39.346854,3.3125,-0.20055637
0,39.346854,3.315625,-0.20311906
0,39.346854,3.31875,-0.20576365
0,39.346854,3.321875,-0.2084929
0,39.346854,3.325,-0.21130964
0,39.346854,3.328125,-0.21421682
0,39.346854,3.33125,-0.21721745
0,39.346854,3.334375,-0.22031465
0,39.346854,3.3375,-0.22351163
0,39.346854,3.340625,-0.2268117
0,39.346854,3.34375,-0.23021826
0,39.346854,3.346875,-0.23373477
0,39.346854,3.35,-0.23736482
0,39.346854,3.353125,-0.24111204
0,39.346854,3.35625,-0.24498018
0,39.346854,3.359375,-0.24897303
0,39.346854,3.3625,-0.25309446
0,39.346854,3.365625,-0.25734839
0,39.346854,3.36875,-0.2617388
0,39.346854,3.371875,-0.26626968
0,39.346854,3.375,-0.270945
0,39.346854,3.378125,-0.27576874
0,39.346854,3.38125,-0.28074473
0,39.346854,3.384375,-0.2858767
0,39.346854,3.3875,-0.29116806
0,39.346854,3.390625,-0.29662186
0,39.346854,3.39375,-0.30224053
0,39.346854,3.396875,-0.30802568
0,39.346854,3.4,-0.31397771
0,39.346854,3.403125,-0.32009547
0,39.346854,3.40625,-0.32637566
0,39.346854,3.409375,-0.3328123
0,39.346854,3.4125,-0.3393961
0,39.346854,3.415625,-0.34611383
0,39.346854,3.41875,-0.352948
0,39.346854,3.421875,-0.35987678
0,39.346854,3.425,-0.36687453
0,39.346854,3.428125,-0.37391315
0,39.346854,3.43125,-0.3809642
0,39.346854,3.434375,-0.38800169
0,39.346854,3.4375,-0.3950052
0,39.346854,3.440625,-0.4019627
0,39.346854,3.44375,-0.40887231
0,39.346854,3.446875,-0.41574279
0,39.346854,3.45,-0.4225925
0,39.346854,3.453125,-0.42944721
0,39.346854,3.45625,-0.43633745
0,39.346854,3.459375,-0.44329578
0,39.346854,3.4625,-0.45035471
0,39.346854,3.465625,-0.45754516
0,39.346854,3.46875,-0.46489551
0,39.346854,3.471875,-0.47243108
0,39.346854,3.475,-0.48017355
0,39.346854,3.478125,-0.4881403
0,39.346854,3.48125,-0.49634317
0,39.346854,3.484375,-0.50478667
0,39.346854,3.4875,-0.51346546
0,39.346854,3.490625,-0.52236111
0,39.346854,3.49375,-0.53143836
0,39.346854,3.496875,-0.54064131
0,39.346854,3.5,-0.54989007
0,39.346854,3.503125,-0.559079
0,39.346854,3.50625,-0.56807763
0,39.346854,3.509375,-0.57673544
0,39.346854,3.5125,-0.58489142
0,39.346854,3.515625,-0.59238814
0,39.346854,3.51875,-0.5990893
0,39.346854,3.521875,-0.60489765
0,39.346854,3.525,-0.6097699
0,39.346854,3.528125,-0.61372496
0,39.346854,3.53125,-0.61684337
0,39.346854,3.534375,-0.61925784
0,39.346854,3.5375,-0.62113711
0,39.346854,3.540625,-0.6226666
0,39.346854,3.54375,-0.62402944
0,39.346854,3.546875,-0.62539053
0,39.346854,3.55,-0.62688512
0,39.346854,3.553125,-0.62861191
0,39.346854,3.55625,-0.63063024
0,39.346854,3.559375,-0.63296058
0,39.346854,3.5625,-0.63558767
0,39.346854,3.565625,-0.63846617
0,39.346854,3.56875,-0.64152846
0,39.346854,3.571875,-0.64469436
0,39.346854,3.575,-0.64788177
0,39.346854,3.578125,-0.65101656
0,39.346854,3.58125,-0.65403994
0,39.346854,3.584375,-0.65691193
0,39.346854,3.5875,-0.65961068
0,39.346854,3.590625,-0.66212867
0,39.346854,3.59375,-0.66446763
0,39.346854,3.596875,-0.66663387
0,39.346854,3.6,-0.6686351
0,39.346854,3.603125,-0.67047903
0,39.346854,3.60625,-0.67217333
0,39.346854,3.609375,-0.67372644
0,39.346854,3.6125,-0.67514862
0,39.346854,3.615625,-0.67645272
0,39.346854,3.61875,-0.67765467
0,39.346854,3.621875,-0.67877337
0,39.346854,3.625,-0.67983033
0,39.346854,3.628125,-0.68084882
0,39.346854,3.63125,-0.68185304
0,39.346854,3.634375,-0.68286707
0,39.346854,3.6375,-0.68391389
0,39.346854,3.640625,-0.68501458
0,39.346854,3.64375,-0.68618754
0,39.346854,3.646875,-0.68744798
0,39.346854,3.65,-0.68880768
0,39.346854,3.653125,-0.6902749
0,39.346854,3.65625,-0.69185467
0,39.346854,3.659375,-0.6935493
0,39.346854,3.6625,-0.69535908
0,39.346854,3.665625,-0.69728329
0,39.346854,3.66875,-0.69932107
0,39.346854,3.671875,-0.70147222
0,39.346854,3.675,-0.70373755
0,39.346854,3.678125,-0.70611857
0,39.346854,3.68125,-0.70861646
0,39.346854,3.684375,-0.71123026
0,39.346854,3.6875,-0.71395467
0,39.346854,3.690625,-0.71677765
0,39.346854,3.69375,-0.71967869
0,39.346854,3.696875,-0.72262806
0,39.346854,3.7,-0.72558783
0,39.346854,3.703125,-0.72851472
0,39.346854,3.70625,-0.73136455
0,39.346854,3.709375,-0.73409747
0,39.346854,3.7125,-0.73668269
0,39.346854,3.715625,-0.73910128
0,39.346854,3.71875,-0.74134614
0,39.346854,3.721875,-0.74341945
0,39.346854,3.725,-0.74532833
0,39.346854,3.728125,-0.74708053
0,39.346854,3.73125,-0.74868151
0,39.346854,3.734375,-0.75013364
0,39.346854,3.7375,-0.75143774
0,39.346854,3.740625,-0.75259598
0,39.346854,3.74375,-0.75361525
0,39.346854,3.746875,-0.75451007
0,39.346854,3.75,-0.75530421
0,39.346854,3.753125,-0.75603097
0,39.346854,3.75625,-0.75673205
0,39.346854,3.759375,-0.7574555
0,39.346854,3.7625,-0.75825311
0,39.346854,3.765625,-0.75917764
0,39.346854,3.76875,-0.76028029
0,39.346854,3.771875,-0.76160868
0,39.346854,3.775,-0.76320535
0,39.346854,3.778125,-0.76510703
0,39.346854,3.78125,-0.76734465
0,39.346854,3.784375,-0.76994393
0,39.346854,3.7875,-0.77292656
0,39.346854,3.790625,-0.77631166
0,39.346854,3.79375,-0.7801171
0,39.346854,3.796875,-0.78436047
0,39.346854,3.8,-0.78905933
0,39.346854,3.803125,-0.79423086
0,39.346854,3.80625,-0.79989078
0,39.346854,3.809375,-0.80605215
0,39.346854,3.8125,-0.81272406
0,39.346854,3.815625,-0.81991046
0,39.346854,3.81875,-0.82760933
0,39.346854,3.821875,-0.83581214
0,39.346854,3.825,-0.84450357
0,39.346854,3.828125,-0.85366152
0,39.346854,3.83125,-0.86325742
0,39.346854,3.834375,-0.87325692
0,39.346854,3.8375,-0.88362085
0,39.346854,3.840625,-0.89430656
0,39.346854,3.84375,-0.90526946
0,39.346854,3.846875,-0.91646463
0,39.346854,3.85,-0.92784822
0,39.346854,3.853125,-0.93937846
0,39.346854,3.85625,-0.95101595
0,39.346854,3.859375,-0.96272333
0,39.346854,3.8625,-0.97446425
0,39.346854,3.865625,-0.98620203
0,39.346854,3.86875,-0.99789826
0,39.346854,3.871875,-1.0095119
0,39.346854,3.875,-1.020999
0,39.346854,3.878125,-1.0323135
0,39.346854,3.88125,-1.043409
0,39.346854,3.884375,-1.0542417
0,39.346854,3.8875,-1.0647732
0,39.346854,3.890625,-1.0749741
0,39.346854,3.89375,-1.0848271
0,39.346854,3.896875,-1.0943293
0,39.346854,3.9,-1.1034936
0,39.346854,3.903125,-1.1123486
0,39.346854,3.90625,-1.1209379
0,39.346854,3.909375,-1.1293178
0,39.346854,3.9125,-1.137555
0,39.346854,3.915625,-1.1457228
0,39.346854,3.91875,-1.153898
0,39.346854,3.921875,-1.1621564
0,39.346854,3.925,-1.1705689
0,39.346854,3.928125,-1.1791974
0,39.346854,3.93125,-1.1880903
0,39.346854,3.934375,-1.197278
0,39.346854,3.9375,-1.2067689
0,39.346854,3.940625,-1.2165462
0,39.346854,3.94375,-1.2265649
0,39.346854,3.946875,-1.2367522
0,39.346854,3.95,-1.2470103
0,39.346854,3.953125,-1.2572221
0,39.346854,3.95625,-1.2672624
0,39.346854,3.959375,-1.2770103
0,39.346854,3.9625,-1.2863641
0,39.346854,3.965625,-1.2952536
0,39.346854,3.96875,-1.303649
0,39.346854,3.971875,-1.3115633
0,39.346854,3.975,-1.3190484
0,39.346854,3.978125,-1.3261864
0,39.346854,3.98125,-1.333079
0,39.346854,3.984375,-1.3398367
0,39.346854,3.9875,-1.3465696
0,39.346854,3.990625,-1.3533821
0,39.346854,3.99375,-1.3603688
0,39.346854,3.996875,-1.367614
0,39.346854,4,-1.3751919
0,39.346854,4.003125,-1.3831678
0,39.346854,4.00625,-1.3915994
0,39.346854,4.009375,-1.4005381
0,39.346854,4.0125,-1.4100293
0,39.346854,4.015625,-1.4201119
0,39.346854,4.01875,-1.4308175
0,39.346854,4.021875,-1.4421692
0,39.346854,4.025,-1.4541807
0,39.346854,4.028125,-1.4668563
0,39.346854,4.03125,-1.4801905
0,39.346854,4.034375,-1.4941695
0,39.346854,4.0375,-1.5087718
0,39.346854,4.040625,-1.5239695
0,39.346854,4.04375,-1.5397302
0,39.346854,4.046875,-1.5560174
0,39.346854,4.05,-1.5727917
0,39.346854,4.053125,-1.5900117
0,39.346854,4.05625,-1.6076338
0,39.346854,4.059375,-1.6256125
0,39.346854,4.0625,-1.6438999
0,39.346854,4.065625,-1.6624453
0,39.346854,4.06875,-1.6811944
0,39.346854,4.071875,-1.7000886
0,39.346854,4.075,-1.719064
0,39.346854,4.078125,-1.7380507
0,39.346854,4.08125,-1.7569719
0,39.346854,4.084375,-1.7757427
0,39.346854,4.0875,-1.7942697
0,39.346854,4.090625,-1.8124501
0,39.346854,4.09375,-1.8301718
0,39.346854,4.096875,-1.8473143
0,39.346854,4.1,-1.8637501
0,39.346854,4.103125,-1.8793486
0,39.346854,4.10625,-1.8939811
0,39.346854,4.109375,-1.9075269
0,39.346854,4.1125,-1.9198803
0,39.346854,4.115625,-1.9309578
0,39.346854,4.11875,-1.9407021
0,39.346854,4.121875,-1.9490852
0,39.346854,4.125,-1.9561073
0,39.346854,4.128125,-1.9617935
0,39.346854,4.13125,-1.9661891
0,39.346854,4.134375,-1.9693537
0,39.346854,4.1375,-1.9713569
0,39.346854,4.140625,-1.9722737
0,39.346854,4.14375,-1.972183
0,39.346854,4.146875,-1.971166
0,39.346854,4.15,-1.9693061
0,39.346854,4.153125,-1.9666891
0,39.346854,4.15625,-1.9634035
0,39.346854,4.159375,-1.9595409
0,39.346854,4.1625,-1.9551958
0,39.346854,4.165625,-1.9504651
0,39.346854,4.16875,-1.9454474
0,39.346854,4.171875,-1.9402421
0,39.346854,4.175,-1.9349479
0,39.346854,4.178125,-1.9296614
0,39.346854,4.18125,-1.9244758
0,39.346854,4.184375,-1.9194786
0,39.346854,4.1875,-1.9147511
0,39.346854,4.190625,-1.9103655
0,39.346854,4.19375,-1.9063844
0,39.346854,4.196875,-1.9028587
0,39.346854,4.2,-1.8998263
0,39.346854,4.203125,-1.8973106
0,39.346854,4.20625,-1.8953192
0,39.346854,4.209375,-1.8938424
0,39.346854,4.2125,-1.8928518
0,39.346854,4.215625,-1.8922986
0,39.346854,4.21875,-1.8921128
0,39.346854,4.221875,-1.8922018
0,39.346854,4.225,-1.8924514
0,39.346854,4.228125,-1.8927292
0,39.346854,4.23125,-1.8928916
0,39.346854,4.234375,-1.8927967
0,39.346854,4.2375,-1.8923209
0,39.346854,4.240625,-1.8913782
0,39.346854,4.24375,-1.889935
0,39.346854,4.246875,-1.8880172
0,39.346854,4.25,-1.8857069
0,39.346854,4.253125,-1.8831287
0,39.346854,4.25625,-1.8804338
0,39.346854,4.259375,-1.8777826
0,39.346854,4.2625,-1.8753335
0,39.346854,4.265625,-1.8732351
0,39.346854,4.26875,-1.8716217
0,39.346854,4.271875,-1.8706109
0,39.346854,4.275,-1.8703015
0,39.346854,4.278125,-1.8707713
0,39.346854,4.28125,-1.8720749
0,39.346854,4.284375,-1.8742421
0,39.346854,4.2875,-1.8772754
0,39.346854,4.290625,-1.8811472
0,39.346854,4.29375,-1.8857966
0,39.346854,4.296875,-1.8911255
0,39.346854,4.3,-1.8969942
0,39.346854,4.303125,-1.9032194
0,39.346854,4.30625,-1.9095748
0,39.346854,4.309375,-1.9157986
0,39.346854,4.3125,-1.9216092
0,39.346854,4.315625,-1.9267292
0,39.346854,4.31875,-1.9309129
0,39.346854,4.321875,-1.9339706
0,39.346854,4.325,-1.9357804
0,39.346854,4.328125,-1.9362818
0,39.346854,4.33125,-1.9354542
0,39.346854,4.334375,-1.9332889
0,39.346854,4.3375,-1.9297659
0,39.346854,4.340625,-1.9248451
0,39.346854,4.34375,-1.9184744
0,39.346854,4.346875,-1.9106099
0,39.346854,4.35,-1.9012399
0,39.346854,4.353125,-1.8904046
0,39.346854,4.35625,-1.8782035
0,39.346854,4.359375,-1.8647921
0,39.346854,4.3625,-1.8503669
0,39.346854,4.365625,-1.8351471
0,39.346854,4.36875,-1.8193561
0,39.346854,4.371875,-1.8032068
0,39.346854,4.375,-1.7868924
0,39.346854,4.378125,-1.7705817
0,39.346854,4.38125,-1.7544187
0,39.346854,4.384375,-1.7385246
0,39.346854,4.3875,-1.723
0,39.346854,4.390625,-1.7079288
0,39.346854,4.39375,-1.693381
0,39.346854,4.396875,-1.6794146
0,39.346854,4.4,-1.6660783
0,39.346854,4.403125,-1.6534125
0,39.346854,4.40625,-1.6414501
0,39.346854,4.409375,-1.630218
0,39.346854,4.4125,-1.6197379
0,39.346854,4.415625,-1.6100276
0,39.346854,4.41875,-1.6011036
0,39.346854,4.421875,-1.5929838
0,39.346854,4.425,-1.5856915
0,39.346854,4.428125,-1.5792585
0,39.346854,4.43125,-1.5737281
0,39.346854,4.434375,-1.5691558
0,39.346854,4.4375,-1.5656064
0,39.346854,4.440625,-1.5631486
0,39.346854,4.44375,-1.5618459
0,39.346854,4.446875,-1.5617463
0,39.346854,4.45,-1.5628725
0,39.346854,4.453125,-1.5652146
0,39.346854,4.45625,-1.5687273
0,39.346854,4.459375,-1.5733306
0,39.346854,4.4625,-1.5789142
0,39.346854,4.465625,-1.5853406
0,39.346854,4.46875,-1.5924432
0,39.346854,4.471875,-1.6000191
0,39.346854,4.475,-1.6078143
0,39.346854,4.478125,-1.6155115
0,39.346854,4.48125,-1.6227245
0,39.346854,4.484375,-1.6290081
0,39.346854,4.4875,-1.6338886
0,39.346854,4.490625,-1.6369126
0,39.346854,4.49375,-1.637708
0,39.346854,4.496875,-1.6360446
0,39.346854,4.5,-1.6318787
0,39.346854,4.503125,-1.6253685
0,39.346854,4.50625,-1.6168558
0,39.346854,4.509375,-1.6068166
0,39.346854,4.5125,-1.5957969
0,39.346854,4.515625,-1.5843469
0,39.346854,4.51875,-1.5729691
0,39.346854,4.521875,-1.5620854
0,39.346854,4.525,-1.5520238
0,39.346854,4.528125,-1.5430207
0,39.346854,4.53125,-1.5352321
0,39.346854,4.534375,-1.5287497
0,39.346854,4.5375,-1.5236168
0,39.346854,4.540625,-1.5198429
0,39.346854,4.54375,-1.517415
0,39.346854,4.546875,-1.5163063
0,39.346854,4.55,-1.5164828
0,39.346854,4.553125,-1.5179067
0,39.346854,4.55625,-1.5205383
0,39.346854,4.559375,-1.5243362
0,39.346854,4.5625,-1.5292548
0,39.346854,4.565625,-1.5352402
0,39.346854,4.56875,-1.5422236
0,39.346854,4.571875,-1.5501112
0,39.346854,4.575,-1.558773
0,39.346854,4.578125,-1.5680291
0,39.346854,4.58125,-1.5776379
0,39.346854,4.584375,-1.5872893
0,39.346854,4.5875,-1.5966092
0,39.346854,4.590625,-1.6051806
0,39.346854,4.59375,-1.612584
0,39.346854,4.596875,-1.6184526
0,39.346854,4.6,-1.6225298
0,39.346854,4.603125,-1.6247114
0,39.346854,4.60625,-1.6250575
0,39.346854,4.609375,-1.6237705
0,39.346854,4.6125,-1.6211491
0,39.346854,4.615625,-1.6175343
0,39.346854,4.61875,-1.6132637
0,39.346854,4.621875,-1.6086421
0,39.346854,4.625,-1.6039274
0,39.346854,4.628125,-1.5993294
0,39.346854,4.63125,-1.5950137
0,39.346854,4.634375,-1.5911061
0,39.346854,4.6375,-1.5876967
0,39.346854,4.640625,-1.5848404
0,39.346854,4.64375,-1.5825547
0,39.346854,4.646875,-1.5808161
0,39.346854,4.65,-1.5795541
0,39.346854,4.653125,-1.5786453
0,39.346854,4.65625,-1.5779086
0,39.346854,4.659375,-1.5771033
0,39.346854,4.6625,-1.5759337
0,39.346854,4.665625,-1.5740639
0,39.346854,4.66875,-1.5711436
0,39.346854,4.671875,-1.5668472
0,39.346854,4.675,-1.5609178
0,39.346854,4.678125,-1.5532092
0,39.346854,4.68125,-1.5437122
0,39.346854,4.684375,-1.532558
0,39.346854,4.6875,-1.5199982
0,39.346854,4.690625,-1.5063677
0,39.346854,4.69375,-1.4920429
0,39.346854,4.696875,-1.4774046
0,39.346854,4.7,-1.462812
0,39.346854,4.703125,-1.4485887
0,39.346854,4.70625,-1.4350175
0,39.346854,4.709375,-1.4223412
0,39.346854,4.7125,-1.410766
0,39.346854,4.715625,-1.4004644
0,39.346854,4.71875,-1.3915768
0,39.346854,4.721875,-1.3842103
0,39.346854,4.725,-1.3784349
0,39.346854,4.728125,-1.374276
0,39.346854,4.73125,-1.371704
0,39.346854,4.734375,-1.3706217
0,39.346854,4.7375,-1.3708502
0,39.346854,4.740625,-1.3721165
0,39.346854,4.74375,-1.3740468
0,39.346854,4.746875,-1.3761693
0,39.346854,4.75,-1.3779337
0,39.346854,4.753125,-1.3787482
0,39.346854,4.75625,-1.3780373
0,39.346854,4.759375,-1.3753095
0,39.346854,4.7625,-1.3702265
0,39.346854,4.765625,-1.3626529
0,39.346854,4.76875,-1.3526773
0,39.346854,4.771875,-1.3405949
0,39.346854,4.775,-1.3268588
0,39.346854,4.778125,-1.3120136
0,39.346854,4.78125,-1.2966261
0,39.346854,4.784375,-1.2812275
0,39.346854,4.7875,-1.2662745
0,39.346854,4.790625,-1.2521288
0,39.346854,4.79375,-1.239054
0,39.346854,4.796875,-1.2272218
0,39.346854,4.8,-1.2167256
0,39.346854,4.803125,-1.2075946
0,39.346854,4.80625,-1.1998091
0,39.346854,4.809375,-1.1933127
0,39.346854,4.8125,-1.1880233
0,39.346854,4.815625,-1.1838409
0,39.346854,4.81875,-1.1806546
0,39.346854,4.821875,-1.1783472
0,39.346854,4.825,-1.1767988
0,39.346854,4.828125,-1.1758897
0,39.346854,4.83125,-1.1755025
0,39.346854,4.834375,-1.1755236
0,39.346854,4.8375,-1.1758442
0,39.346854,4.840625,-1.1763614
0,39.346854,4.84375,-1.1769791
0,39.346854,4.846875,-1.1776079
0,39.346854,4.85,-1.1781664
0,39.346854,4.853125,-1.1785813
0,39.346854,4.85625,-1.1787887
0,39.346854,4.859375,-1.1787342
0,39.346854,4.8625,-1.1783744
0,39.346854,4.865625,-1.1776773
0,39.346854,4.86875,-1.1766229
0,39.346854,4.871875,-1.1752036
0,39.346854,4.875,-1.1734239
0,39.346854,4.878125,-1.1712997
0,39.346854,4.88125,-1.1688576
0,39.346854,4.884375,-1.1661329
0,39.346854,4.8875,-1.1631684
0,39.346854,4.890625,-1.160012
0,39.346854,4.89375,-1.1567151
0,39.346854,4.896875,-1.1533297
0,39.346854,4.9,-1.1499069
0,39.346854,4.903125,-1.1464948
0,39.346854,4.90625,-1.1431368
0,39.346854,4.909375,-1.1398704
0,39.346854,4.9125,-1.1367267
0,39.346854,4.915625,-1.1337296
0,39.346854,4.91875,-1.1308961
0,39.346854,4.921875,-1.1282365
0,39.346854,4.925,-1.1257551
0,39.346854,4.928125,-1.1234503
0,39.346854,4.93125,-1.1213151
0,39.346854,4.934375,-1.1193377
0,39.346854,4.9375,-1.1175016
0,39.346854,4.940625,-1.1157856
0,39.346854,4.94375,-1.1141639
0,39.346854,4.946875,-1.1126063
0,39.346854,4.95,-1.1110783
0,39.346854,4.953125,-1.1095415
0,39.346854,4.95625,-1.1079538
0,39.346854,4.959375,-1.1062707
0,39.346854,4.9625,-1.1044462
0,39.346854,4.965625,-1.1024341
0,39.346854,4.96875,-1.1001902
0,39.346854,4.971875,-1.0976735
0,39.346854,4.975,-1.0948485
0,39.346854,4.978125,-1.0916871
0,39.346854,4.98125,-1.0881689
0,39.346854,4.984375,-1.0842831
0,39.346854,4.9875,-1.0800274
0,39.346854,4.990625,-1.0754081
0,39.346854,4.99375,-1.0704385
0,39.346854,4.996875,-1.0651375
0,39.346854,5,-1.0595282
0,39.346854,5.003125,-1.0536361
0,39.346854,5.00625,-1.047488
0,39.346854,5.009375,-1.0411119
0,39.346854,5.0125,-1.0345361
0,39.346854,5.015625,-1.0277896
0,39.346854,5.01875,-1.0209022
0,39.346854,5.021875,-1.0139045
0,39.346854,5.025,-1.0068274
0,39.346854,5.028125,-0.99970116
0,39.346854,5.03125,-0.99255337
0,39.346854,5.034375,-0.98540646
0,39.346854,5.0375,-0.97827439
0,39.346854,5.040625,-0.97115937
0,39.346854,5.04375,-0.96404948
0,39.346854,5.046875,-0.95691784
0,39.346854,5.05,-0.94972448
0,39.346854,5.053125,-0.9424211
0,39.346854,5.05625,-0.93495802
0,39.346854,5.059375,-0.92729181
0,39.346854,5.0625,-0.9193914
0,39.346854,5.065625,-0.91124134
0,39.346854,5.06875,-0.90284198
0,39.346854,5.071875,-0.89420767
0,39.346854,5.075,-0.88536465
0,39.346854,5.078125,-0.87634942
0,39.346854,5.08125,-0.86720762
0,39.346854,5.084375,-0.85799265
0,39.346854,5.0875,-0.8487632
0,39.346854,5.090625,-0.83957975
0,39.346854,5.09375,-0.83050043
0,39.346854,5.096875,-0.82157713
0,39.346854,5.1,-0.81285273
0,39.346854,5.103125,-0.80435945
0,39.346854,5.10625,-0.79611874
0,39.346854,5.109375,-0.78814198
0,39.346854,5.1125,-0.78043187
0,39.346854,5.115625,-0.77298409
0,39.346854,5.11875,-0.76578887
0,39.346854,5.121875,-0.7588324
0,39.346854,5.125,-0.75209799
0,39.346854,5.128125,-0.74556686
0,39.346854,5.13125,-0.73921878
0,39.346854,5.134375,-0.73303236
0,39.346854,5.1375,-0.72698523
0,39.346854,5.140625,-0.72105408
0,39.346854,5.14375,-0.71521461
0,39.346854,5.146875,-0.70944156
0,39.346854,5.15,-0.70370882
0,39.346854,5.153125,-0.69798979
0,39.346854,5.15625,-0.69225812
0,39.346854,5.159375,-0.68648876
0,39.346854,5.1625,-0.68065943
0,39.346854,5.165625,-0.67475239
0,39.346854,5.16875,-0.66875604
0,39.346854,5.171875,-0.66266636
0,39.346854,5.175,-0.65648749
0,39.346854,5.178125,-0.6502314
0,39.346854,5.18125,-0.64391645
0,39.346854,5.184375,-0.63756501
0,39.346854,5.1875,-0.63120038
0,39.346854,5.190625,-0.62484329
0,39.346854,5.19375,-0.61850848
0,39.346854,5.196875,-0.61220149
0,39.346854,5.2,-0.60591599
0,39.346854,5.203125,-0.59963173
0,39.346854,5.20625,-0.59331356
0,39.346854,5.209375,-0.58691156
0,39.346854,5.2125,-0.58036292
0,39.346854,5.215625,-0.5735956
0,39.346854,5.21875,-0.5665341
0,39.346854,5.221875,-0.55910679
0,39.346854,5.225,-0.55125413
0,39.346854,5.228125,-0.54293637
0,39.346854,5.23125,-0.5341393
0,39.346854,5.234375,-0.52487676
0,39.346854,5.2375,-0.5151894
0,39.346854,5.240625,-0.50514011
0,39.346854,5.24375,-0.49480709
0,39.346854,5.246875,-0.48427614
0,39.346854,5.25,-0.47363348
0,39.346854,5.253125,-0.4629601
0,39.346854,5.25625,-0.45232799
0,39.346854,5.259375,-0.44179817
0,39.346854,5.2625,-0.43142025
0,39.346854,5.265625,-0.42123302
0,39.346854,5.26875,-0.41126563
0,39.346854,5.271875,-0.40153899
0,39.346854,5.275,-0.39206729
0,39.346854,5.278125,-0.38285929
0,39.346854,5.28125,-0.37391953
0,39.346854,5.284375,-0.36524926
0,39.346854,5.2875,-0.35684728
0,39.346854,5.290625,-0.3487105
0,39.346854,5.29375,-0.34083444
0,39.346854,5.296875,-0.33321362
0,39.346854,5.3,-0.32584181
0,39.346854,5.303125,-0.3187123
0,39.346854,5.30625,-0.311818
0,39.346854,5.309375,-0.30515163
0,39.346854,5.3125,-0.2987058
0,39.346854,5.315625,-0.29247307
0,39.346854,5.31875,-0.28644605
0,39.346854,5.321875,-0.2806174
0,39.346854,5.325,-0.2749799
0,39.346854,5.328125,-0.26952648
0,39.346854,5.33125,-0.26425023
0,39.346854,5.334375,-0.25914441
0,39.346854,5.3375,-0.2542025
0,39.346854,5.340625,-0.24941814
0,39.346854,5.34375,-0.24478522
0,39.346854,5.346875,-0.24029782
0,39.346854,5.35,-0.23595023
0,39.346854,5.353125,-0.23173696
0,39.346854,5.35625,-0.22765273
0,39.346854,5.359375,-0.22369247
0,39.346854,5.3625,-0.21985131
0,39.346854,5.365625,-0.21612458
0,39.346854,5.36875,-0.21250779
0,39.346854,5.371875,-0.20899667
0,39.346854,5.375,-0.20558711
0,39.346854,5.378125,-0.20227517
0,39.346854,5.38125,-0.1990571
0,39.346854,5.384375,-0.19592929
0,39.346854,5.3875,-0.19288831
0,39.346854,5.390625,-0.18993087
0,39.346854,5.39375,-0.18705382
0,39.346854,5.396875,-0.18425415
0,39.346854,5.4,-0.18152899
0,39.346854,5.403125,-0.17887559
0,39.346854,5.40625,-0.17629132
0,39.346854,5.409375,-0.17377367
0,39.346854,5.4125,-0.17132023
0,39.346854,5.415625,-0.16892871
0,39.346854,5.41875,-0.1665969
0,39.346854,5.421875,-0.16432271
0,39.346854,5.425,-0.16210411
0,39.346854,5.428125,-0.15993919
0,39.346854,5.43125,-0.15782609
0,39.346854,5.434375,-0.15576306
0,39.346854,5.4375,-0.1537484
0,39.346854,5.440625,-0.15178049
0,39.346854,5.44375,-0.14985778
0,39.346854,5.446875,-0.14797878
0,39.346854,5.45,-0.14614207
0,39.346854,5.453125,-0.14434627
0,39.346854,5.45625,-0.14259008
0,39.346854,5.459375,-0.14087223
0,39.346854,5.4625,-0.13919153
0,39.346854,5.465625,-0.1375468
0,39.346854,5.46875,-0.13593693
0,39.346854,5.471875,-0.13436086
0,39.346854,5.475,-0.13281756
0,39.346854,5.478125,-0.13130604
0,39.346854,5.48125,-0.12982534
0,39.346854,5.484375,-0.12837456
0,39.346854,5.4875,-0.12695282
0,39.346854,5.490625,-0.12555927
0,39.346854,5.49375,-0.1241931
0,39.346854,5.496875,-0.12285352
0,39.346854,5.5,-0.12153978
0,39.346854,5.503125,-0.12025115
0,39.346854,5.50625,-0.11898693
0,39.346854,5.509375,-0.11774645
0,39.346854,5.5125,-0.11652906
0,39.346854,5.515625,-0.11533412
0,39.346854,5.51875,-0.11416104
0,39.346854,5.521875,-0.11300922
0,39.346854,5.525,-0.11187811
0,39.346854,5.528125,-0.11076715
0,39.346854,5.53125,-0.10967583
0,39.346854,5.534375,-0.10860363
0,39.346854,5.5375,-0.10755006
0,39.346854,5.540625,-0.10651466
0,39.346854,5.54375,-0.10549695
0,39.346854,5.546875,-0.1044965
0,39.346854,5.55,-0.10351288
0,39.346854,5.553125,-0.10254567
0,39.346854,5.55625,-0.10159448
0,39.346854,5.559375,-0.1006589
0,39.346854,5.5625,-0.099738569
0,39.346854,5.565625,-0.09883312
0,39.346854,5.56875,-0.097942198
0,39.346854,5.571875,-0.097065462
0,39.346854,5.575,-0.09620258
0,39.346854,5.578125,-0.095353232
0,39.346854,5.58125,-0.094517104
0,39.346854,5.584375,-0.093693896
0,39.346854,5.5875,-0.092883313
0,39.346854,5.590625,-0.092085073
0,39.346854,5.59375,-0.091298898
0,39.346854,5.596875,-0.090524522
0,39.346854,5.6,-0.089761683
0,39.346854,5.603125,-0.08901013
0,39.346854,5.60625,-0.088269618
0,39.346854,5.609375,-0.087539908
0,39.346854,5.6125,-0.08682077
0,39.346854,5.615625,-0.086111977
0,39.346854,5.61875,-0.085413313
0,39.346854,5.621875,-0.084724563
0,39.346854,5.625,-0.084045523
0,39.346854,5.628125,-0.083375991
0,39.346854,5.63125,-0.082715771
0,39.346854,5.634375,-0.082064673
0,39.346854,5.6375,-0.081422513
0,39.346854,5.640625,-0.080789111
0,39.346854,5.64375,-0.080164291
0,39.346854,5.646875,-0.079547883
0,39.346854,5.65,-0.07893972
0,39.346854,5.653125,-0.078339641
0,39.346854,5.65625,-0.077747489
0,39.346854,5.659375,-0.077163109
0,39.346854,5.6625,-0.076586353
0,39.346854,5.665625,-0.076017074
0,39.346854,5.66875,-0.07545513
0,39.346854,5.671875,-0.074900383
0,39.346854,5.675,-0.074352698
0,39.346854,5.678125,-0.073811943
0,39.346854,5.68125,-0.073277989
0,39.346854,5.684375,-0.072750712
0,39.346854,5.6875,-0.072229989
0,39.346854,5.690625,-0.071715701
0,39.346854,5.69375,-0.071207731
0,39.346854,5.696875,-0.070705965
0,39.346854,5.7,-0.070210294
0,39.346854,5.703125,-0.069720608
0,39.346854,5.70625,-0.069236802
0,39.346854,5.709375,-0.068758772
0,39.346854,5.7125,-0.068286419
0,39.346854,5.715625,-0.067819642
0,39.346854,5.71875,-0.067358346
0,39.346854,5.721875,-0.066902436
0,39.346854,5.725,-0.066451822
0,39.346854,5.728125,-0.066006412
0,39.346854,5.73125,-0.06556612
0,39.346854,5.734375,-0.065130859
0,39.346854,5.7375,-0.064700545
0,39.346854,5.740625,-0.064275097
0,39.346854,5.74375,-0.063854433
0,39.346854,5.746875,-0.063438475
0,39.346854,5.75,-0.063027148
0,39.346854,5.753125,-0.062620374
0,39.346854,5.75625,-0.062218081
0,39.346854,5.759375,-0.061820197
0,39.346854,5.7625,-0.061426651
0,39.346854,5.765625,-0.061037375
0,39.346854,5.76875,-0.060652301
0,39.346854,5.771875,-0.060271362
0,39.346854,5.775,-0.059894494
0,39.346854,5.778125,-0.059521634
0,39.346854,5.78125,-0.05915272
0,39.346854,5.784375,-0.05878769
0,39.346854,5.7875,-0.058426486
0,39.346854,5.790625,-0.058069048
0,39.346854,5.79375,-0.05771532
0,39.346854,5.796875,-0.057365246
0,39.346854,5.8,-0.057018771
0,39.346854,5.803125,-0.05667584
0,39.346854,5.80625,-0.056336402
0,39.346854,5.809375,-0.056000405
0,39.346854,5.8125,-0.055667797
0,39.346854,5.815625,-0.05533853
0,39.346854,5.81875,-0.055012554
0,39.346854,5.821875,-0.054689821
0,39.346854,5.825,-0.054370286
0,39.346854,5.828125,-0.054053901
0,39.346854,5.83125,-0.053740622
0,39.346854,5.834375,-0.053430404
0,39.346854,5.8375,-0.053123205
0,39.346854,5.840625,-0.05281898
0,39.346854,5.84375,-0.05251769
0,39.346854,5.846875,-0.052219292
0,39.346854,5.85,-0.051923746
0,39.346854,5.853125,-0.051631014
0,39.346854,5.85625,-0.051341055
0,39.346854,5.859375,-0.051053833
0,39.346854,5.8625,-0.050769308
0,39.346854,5.865625,-0.050487446
0,39.346854,5.86875,-0.05020821
0,39.346854,5.871875,-0.049931564
0,39.346854,5.875,-0.049657473
0,39.346854,5.878125,-0.049385904
0,39.346854,5.88125,-0.049116823
0,39.346854,5.884375,-0.048850196
0,39.346854,5.8875,-0.048585993
0,39.346854,5.890625,-0.04832418
0,39.346854,5.89375,-0.048064726
0,39.346854,5.896875,-0.047807601
0,39.346854,5.9,-0.047552774
0,39.346854,5.903125,-0.047300217
0,39.346854,5.90625,-0.047049899
0,39.346854,5.909375,-0.046801792
0,39.346854,5.9125,-0.046555867
0,39.346854,5.915625,-0.046312098
0,39.346854,5.91875,-0.046070457
0,39.346854,5.921875,-0.045830916
0,39.346854,5.925,-0.04559345
0,39.346854,5.928125,-0.045358033
0,39.346854,5.93125,-0.04512464
0,39.346854,5.934375,-0.044893244
0,39.346854,5.9375,-0.044663822
0,39.346854,5.940625,-0.044436349
0,39.346854,5.94375,-0.044210801
0,39.346854,5.946875,-0.043987156
0,39.346854,5.95,-0.043765389
0,39.346854,5.953125,-0.043545479
0,39.346854,5.95625,-0.043327402
0,39.346854,5.959375,-0.043111137
0,39.346854,5.9625,-0.042896662
0,39.346854,5.965625,-0.042683955
0,39.346854,5.96875,-0.042472997
0,39.346854,5.971875,-0.042263765
0,39.346854,5.975,-0.042056241
0,39.346854,5.978125,-0.041850403
0,39.346854,5.98125,-0.041646232
0,39.346854,5.984375,-0.041443709
0,39.346854,5.9875,-0.041242815
0,39.346854,5.990625,-0.04104353
0,39.346854,5.99375,-0.040845837
0,39.346854,5.996875,-0.040649716
0,39.346854,6,-0.040455151
