"Current","Field","Frequency","Spectra"
0,45.772714,1,-0.01941165
0,45.772714,1.003125,-0.019487598
0,45.772714,1.00625,-0.019564067
0,45.772714,1.009375,-0.019641062
0,45.772714,1.0125,-0.019718589
0,45.772714,1.015625,-0.019796653
0,45.772714,1.01875,-0.01987526
0,45.772714,1.021875,-0.019954414
0,45.772714,1.025,-0.020034121
0,45.772714,1.028125,-0.020114387
0,45.772714,1.03125,-0.020195218
0,45.772714,1.034375,-0.020276619
0,45.772714,1.0375,-0.020358596
0,45.772714,1.040625,-0.020441156
0,45.772714,1.04375,-0.020524303
0,45.772714,1.046875,-0.020608044
0,45.772714,1.05,-0.020692384
0,45.772714,1.053125,-0.020777332
0,45.772714,1.05625,-0.020862892
0,45.772714,1.059375,-0.02094907
0,45.772714,1.0625,-0.021035874
0,45.772714,1.065625,-0.02112331
0,45.772714,1.06875,-0.021211385
0,45.772714,1.071875,-0.021300104
0,45.772714,1.075,-0.021389476
0,45.772714,1.078125,-0.021479507
0,45.772714,1.08125,-0.021570204
0,45.772714,1.084375,-0.021661573
0,45.772714,1.0875,-0.021753623
0,45.772714,1.090625,-0.02184636
0,45.772714,1.09375,-0.021939793
0,45.772714,1.096875,-0.022033927
0,45.772714,1.1,-0.022128772
0,45.772714,1.103125,-0.022224334
0,45.772714,1.10625,-0.022320622
0,45.772714,1.109375,-0.022417643
0,45.772714,1.1125,-0.022515406
0,45.772714,1.115625,-0.022613918
0,45.772714,1.11875,-0.022713188
0,45.772714,1.121875,-0.022813225
0,45.772714,1.125,-0.022914035
0,45.772714,1.128125,-0.02301563
0,45.772714,1.13125,-0.023118016
0,45.772714,1.134375,-0.023221203
0,45.772714,1.1375,-0.0233252
0,45.772714,1.140625,-0.023430016
0,45.772714,1.14375,-0.023535661
0,45.772714,1.146875,-0.023642143
0,45.772714,1.15,-0.023749472
0,45.772714,1.153125,-0.023857658
0,45.772714,1.15625,-0.02396671
0,45.772714,1.159375,-0.02407664
0,45.772714,1.1625,-0.024187455
0,45.772714,1.165625,-0.024299168
0,45.772714,1.16875,-0.024411788
0,45.772714,1.171875,-0.024525326
0,45.772714,1.175,-0.024639793
0,45.772714,1.178125,-0.024755199
0,45.772714,1.18125,-0.024871556
0,45.772714,1.184375,-0.024988874
0,45.772714,1.1875,-0.025107165
0,45.772714,1.190625,-0.025226441
0,45.772714,1.19375,-0.025346713
0,45.772714,1.196875,-0.025467993
0,45.772714,1.2,-0.025590294
0,45.772714,1.203125,-0.025713627
0,45.772714,1.20625,-0.025838005
0,45.772714,1.209375,-0.025963441
0,45.772714,1.2125,-0.026089947
0,45.772714,1.215625,-0.026217537
0,45.772714,1.21875,-0.026346223
0,45.772714,1.221875,-0.02647602
0,45.772714,1.225,-0.02660694
0,45.772714,1.228125,-0.026738998
0,45.772714,1.23125,-0.026872208
0,45.772714,1.234375,-0.027006585
0,45.772714,1.2375,-0.027142141
0,45.772714,1.240625,-0.027278894
0,45.772714,1.24375,-0.027416856
0,45.772714,1.246875,-0.027556045
0,45.772714,1.25,-0.027696474
0,45.772714,1.253125,-0.027838161
0,45.772714,1.25625,-0.027981121
0,45.772714,1.259375,-0.02812537
0,45.772714,1.2625,-0.028270924
0,45.772714,1.265625,-0.028417801
0,45.772714,1.26875,-0.028566018
0,45.772714,1.271875,-0.028715592
0,45.772714,1.275,-0.028866541
0,45.772714,1.278125,-0.029018882
0,45.772714,1.28125,-0.029172634
0,45.772714,1.284375,-0.029327815
0,45.772714,1.2875,-0.029484445
0,45.772714,1.290625,-0.029642542
0,45.772714,1.29375,-0.029802126
0,45.772714,1.296875,-0.029963216
0,45.772714,1.3,-0.030125834
0,45.772714,1.303125,-0.030289999
0,45.772714,1.30625,-0.030455732
0,45.772714,1.309375,-0.030623054
0,45.772714,1.3125,-0.030791988
0,45.772714,1.315625,-0.030962554
0,45.772714,1.31875,-0.031134776
0,45.772714,1.321875,-0.031308676
0,45.772714,1.325,-0.031484277
0,45.772714,1.328125,-0.031661603
0,45.772714,1.33125,-0.031840677
0,45.772714,1.334375,-0.032021524
0,45.772714,1.3375,-0.032204169
0,45.772714,1.340625,-0.032388637
0,45.772714,1.34375,-0.032574954
0,45.772714,1.346875,-0.032763145
0,45.772714,1.35,-0.032953238
0,45.772714,1.353125,-0.033145259
0,45.772714,1.35625,-0.033339237
0,45.772714,1.359375,-0.033535198
0,45.772714,1.3625,-0.033733172
0,45.772714,1.365625,-0.033933188
0,45.772714,1.36875,-0.034135275
0,45.772714,1.371875,-0.034339464
0,45.772714,1.375,-0.034545785
0,45.772714,1.378125,-0.03475427
0,45.772714,1.38125,-0.03496495
0,45.772714,1.384375,-0.035177859
0,45.772714,1.3875,-0.035393029
0,45.772714,1.390625,-0.035610493
0,45.772714,1.39375,-0.035830287
0,45.772714,1.396875,-0.036052445
0,45.772714,1.4,-0.036277003
0,45.772714,1.403125,-0.036503997
0,45.772714,1.40625,-0.036733464
0,45.772714,1.409375,-0.036965443
0,45.772714,1.4125,-0.037199971
0,45.772714,1.415625,-0.037437087
0,45.772714,1.41875,-0.037676833
0,45.772714,1.421875,-0.037919248
0,45.772714,1.425,-0.038164374
0,45.772714,1.428125,-0.038412253
0,45.772714,1.43125,-0.03866293
0,45.772714,1.434375,-0.038916447
0,45.772714,1.4375,-0.039172849
0,45.772714,1.440625,-0.039432184
0,45.772714,1.44375,-0.039694496
0,45.772714,1.446875,-0.039959835
0,45.772714,1.45,-0.040228249
0,45.772714,1.453125,-0.040499786
0,45.772714,1.45625,-0.040774499
0,45.772714,1.459375,-0.041052439
0,45.772714,1.4625,-0.041333658
0,45.772714,1.465625,-0.04161821
0,45.772714,1.46875,-0.04190615
0,45.772714,1.471875,-0.042197535
0,45.772714,1.475,-0.042492421
0,45.772714,1.478125,-0.042790868
0,45.772714,1.48125,-0.043092934
0,45.772714,1.484375,-0.04339868
0,45.772714,1.4875,-0.04370817
0,45.772714,1.490625,-0.044021465
0,45.772714,1.49375,-0.044338632
0,45.772714,1.496875,-0.044659737
0,45.772714,1.5,-0.044984846
0,45.772714,1.503125,-0.04531403
0,45.772714,1.50625,-0.045647358
0,45.772714,1.509375,-0.045984904
0,45.772714,1.5125,-0.046326741
0,45.772714,1.515625,-0.046672943
0,45.772714,1.51875,-0.047023589
0,45.772714,1.521875,-0.047378756
0,45.772714,1.525,-0.047738526
0,45.772714,1.528125,-0.04810298
0,45.772714,1.53125,-0.048472202
0,45.772714,1.534375,-0.048846279
0,45.772714,1.5375,-0.049225299
0,45.772714,1.540625,-0.04960935
0,45.772714,1.54375,-0.049998526
0,45.772714,1.546875,-0.050392919
0,45.772714,1.55,-0.050792627
0,45.772714,1.553125,-0.051197746
0,45.772714,1.55625,-0.051608379
0,45.772714,1.559375,-0.052024628
0,45.772714,1.5625,-0.052446598
0,45.772714,1.565625,-0.052874397
0,45.772714,1.56875,-0.053308135
0,45.772714,1.571875,-0.053747924
0,45.772714,1.575,-0.054193882
0,45.772714,1.578125,-0.054646125
0,45.772714,1.58125,-0.055104775
0,45.772714,1.584375,-0.055569955
0,45.772714,1.5875,-0.056041793
0,45.772714,1.590625,-0.056520419
0,45.772714,1.59375,-0.057005965
0,45.772714,1.596875,-0.057498569
0,45.772714,1.6,-0.057998368
0,45.772714,1.603125,-0.058505508
0,45.772714,1.60625,-0.059020133
0,45.772714,1.609375,-0.059542395
0,45.772714,1.6125,-0.060072447
0,45.772714,1.615625,-0.060610447
0,45.772714,1.61875,-0.061156557
0,45.772714,1.621875,-0.061710941
0,45.772714,1.625,-0.062273771
0,45.772714,1.628125,-0.062845219
0,45.772714,1.63125,-0.063425466
0,45.772714,1.634375,-0.064014693
0,45.772714,1.6375,-0.064613088
0,45.772714,1.640625,-0.065220844
0,45.772714,1.64375,-0.065838159
0,45.772714,1.646875,-0.066465235
0,45.772714,1.65,-0.06710228
0,45.772714,1.653125,-0.067749506
0,45.772714,1.65625,-0.068407134
0,45.772714,1.659375,-0.069075388
0,45.772714,1.6625,-0.069754498
0,45.772714,1.665625,-0.0704447
0,45.772714,1.66875,-0.071146238
0,45.772714,1.671875,-0.07185936
0,45.772714,1.675,-0.072584324
0,45.772714,1.678125,-0.073321392
0,45.772714,1.68125,-0.074070833
0,45.772714,1.684375,-0.074832925
0,45.772714,1.6875,-0.075607953
0,45.772714,1.690625,-0.07639621
0,45.772714,1.69375,-0.077197995
0,45.772714,1.696875,-0.078013619
0,45.772714,1.7,-0.078843397
0,45.772714,1.703125,-0.079687657
0,45.772714,1.70625,-0.080546733
0,45.772714,1.709375,-0.081420969
0,45.772714,1.7125,-0.082310721
0,45.772714,1.715625,-0.083216352
0,45.772714,1.71875,-0.084138236
0,45.772714,1.721875,-0.085076758
0,45.772714,1.725,-0.086032313
0,45.772714,1.728125,-0.08700531
0,45.772714,1.73125,-0.087996166
0,45.772714,1.734375,-0.089005312
0,45.772714,1.7375,-0.09003319
0,45.772714,1.740625,-0.091080257
0,45.772714,1.74375,-0.092146981
0,45.772714,1.746875,-0.093233844
0,45.772714,1.75,-0.094341344
0,45.772714,1.753125,-0.095469989
0,45.772714,1.75625,-0.096620307
0,45.772714,1.759375,-0.097792838
0,45.772714,1.7625,-0.098988138
0,45.772714,1.765625,-0.10020678
0,45.772714,1.76875,-0.10144936
0,45.772714,1.771875,-0.10271648
0,45.772714,1.775,-0.10400876
0,45.772714,1.778125,-0.10532686
0,45.772714,1.78125,-0.10667142
0,45.772714,1.784375,-0.10804314
0,45.772714,1.7875,-0.10944273
0,45.772714,1.790625,-0.11087089
0,45.772714,1.79375,-0.11232838
0,45.772714,1.796875,-0.11381597
0,45.772714,1.8,-0.11533445
0,45.772714,1.803125,-0.11688462
0,45.772714,1.80625,-0.11846734
0,45.772714,1.809375,-0.12008346
0,45.772714,1.8125,-0.12173387
0,45.772714,1.815625,-0.12341949
0,45.772714,1.81875,-0.12514127
0,45.772714,1.821875,-0.12690016
0,45.772714,1.825,-0.12869718
0,45.772714,1.828125,-0.13053336
0,45.772714,1.83125,-0.13240974
0,45.772714,1.834375,-0.13432744
0,45.772714,1.8375,-0.13628756
0,45.772714,1.840625,-0.13829127
0,45.772714,1.84375,-0.14033976
0,45.772714,1.846875,-0.14243425
0,45.772714,1.85,-0.14457601
0,45.772714,1.853125,-0.14676632
0,45.772714,1.85625,-0.14900653
0,45.772714,1.859375,-0.15129801
0,45.772714,1.8625,-0.15364216
0,45.772714,1.865625,-0.15604044
0,45.772714,1.86875,-0.15849434
0,45.772714,1.871875,-0.16100538
0,45.772714,1.875,-0.16357514
0,45.772714,1.878125,-0.16620524
0,45.772714,1.88125,-0.16889732
0,45.772714,1.884375,-0.17165308
0,45.772714,1.8875,-0.17447428
0,45.772714,1.890625,-0.17736268
0,45.772714,1.89375,-0.18032012
0,45.772714,1.896875,-0.18334846
0,45.772714,1.9,-0.18644962
0,45.772714,1.903125,-0.18962556
0,45.772714,1.90625,-0.19287826
0,45.772714,1.909375,-0.19620977
0,45.772714,1.9125,-0.19962215
0,45.772714,1.915625,-0.20311753
0,45.772714,1.91875,-0.20669805
0,45.772714,1.921875,-0.21036589
0,45.772714,1.925,-0.21412327
0,45.772714,1.928125,-0.21797243
0,45.772714,1.93125,-0.22191564
0,45.772714,1.934375,-0.22595519
0,45.772714,1.9375,-0.23009338
0,45.772714,1.940625,-0.23433253
0,45.772714,1.94375,-0.23867495
0,45.772714,1.946875,-0.24312296
0,45.772714,1.95,-0.24767889
0,45.772714,1.953125,-0.252345
0,45.772714,1.95625,-0.25712358
0,45.772714,1.959375,-0.26201684
0,45.772714,1.9625,-0.26702696
0,45.772714,1.965625,-0.27215606
0,45.772714,1.96875,-0.27740617
0,45.772714,1.971875,-0.28277923
0,45.772714,1.975,-0.28827708
0,45.772714,1.978125,-0.29390142
0,45.772714,1.98125,-0.29965381
0,45.772714,1.984375,-0.30553564
0,45.772714,1.9875,-0.31154807
0,45.772714,1.990625,-0.31769209
0,45.772714,1.99375,-0.3239684
0,45.772714,1.996875,-0.33037744
0,45.772714,2,-0.3369193
0,45.772714,2.003125,-0.34359377
0,45.772714,2.00625,-0.35040022
0,45.772714,2.009375,-0.3573376
0,45.772714,2.0125,-0.36440439
0,45.772714,2.015625,-0.37159857
0,45.772714,2.01875,-0.37891754
0,45.772714,2.021875,-0.38635813
0,45.772714,2.025,-0.39391647
0,45.772714,2.028125,-0.40158804
0,45.772714,2.03125,-0.40936753
0,45.772714,2.034375,-0.41724883
0,45.772714,2.0375,-0.42522499
0,45.772714,2.040625,-0.43328813
0,45.772714,2.04375,-0.44142946
0,45.772714,2.046875,-0.44963914
0,45.772714,2.05,-0.45790634
0,45.772714,2.053125,-0.46621912
0,45.772714,2.05625,-0.47456444
0,45.772714,2.059375,-0.48292815
0,45.772714,2.0625,-0.49129492
0,45.772714,2.065625,-0.49964829
0,45.772714,2.06875,-0.50797065
0,45.772714,2.071875,-0.51624325
0,45.772714,2.075,-0.52444625
0,45.772714,2.078125,-0.53255877
0,45.772714,2.08125,-0.5405589
0,45.772714,2.084375,-0.54842389
0,45.772714,2.0875,-0.55613011
0,45.772714,2.090625,-0.5636533
0,45.772714,2.09375,-0.57096862
0,45.772714,2.096875,-0.57805082
0,45.772714,2.1,-0.58487446
0,45.772714,2.103125,-0.59141403
0,45.772714,2.10625,-0.59764421
0,45.772714,2.109375,-0.60354007
0,45.772714,2.1125,-0.60907728
0,45.772714,2.115625,-0.61423237
0,45.772714,2.11875,-0.61898296
0,45.772714,2.121875,-0.62330798
0,45.772714,2.125,-0.62718794
0,45.772714,2.128125,-0.6306051
0,45.772714,2.13125,-0.63354374
0,45.772714,2.134375,-0.63599029
0,45.772714,2.1375,-0.63793354
0,45.772714,2.140625,-0.63936477
0,45.772714,2.14375,-0.64027785
0,45.772714,2.146875,-0.64066933
0,45.772714,2.15,-0.64053848
0,45.772714,2.153125,-0.63988732
0,45.772714,2.15625,-0.63872055
0,45.772714,2.159375,-0.63704556
0,45.772714,2.1625,-0.63487225
0,45.772714,2.165625,-0.63221299
0,45.772714,2.16875,-0.6290824
0,45.772714,2.171875,-0.62549722
0,45.772714,2.175,-0.62147608
0,45.772714,2.178125,-0.61703931
0,45.772714,2.18125,-0.61220869
0,45.772714,2.184375,-0.60700722
0,45.772714,2.1875,-0.60145892
0,45.772714,2.190625,-0.59558852
0,45.772714,2.19375,-0.58942129
0,45.772714,2.196875,-0.58298281
0,45.772714,2.2,-0.57629871
0,45.772714,2.203125,-0.56939454
0,45.772714,2.20625,-0.56229553
0,45.772714,2.209375,-0.55502644
0,45.772714,2.2125,-0.54761145
0,45.772714,2.215625,-0.54007397
0,45.772714,2.21875,-0.53243658
0,45.772714,2.221875,-0.52472091
0,45.772714,2.225,-0.51694758
0,45.772714,2.228125,-0.50913613
0,45.772714,2.23125,-0.50130501
0,45.772714,2.234375,-0.49347152
0,45.772714,2.2375,-0.48565181
0,45.772714,2.240625,-0.47786089
0,45.772714,2.24375,-0.47011263
0,45.772714,2.246875,-0.46241978
0,45.772714,2.25,-0.454794
0,45.772714,2.253125,-0.44724589
0,45.772714,2.25625,-0.43978504
0,45.772714,2.259375,-0.43242007
0,45.772714,2.2625,-0.42515865
0,45.772714,2.265625,-0.41800759
0,45.772714,2.26875,-0.41097286
0,45.772714,2.271875,-0.40405968
0,45.772714,2.275,-0.3972725
0,45.772714,2.278125,-0.39061513
0,45.772714,2.28125,-0.38409075
0,45.772714,2.284375,-0.37770193
0,45.772714,2.2875,-0.37145075
0,45.772714,2.290625,-0.36533878
0,45.772714,2.29375,-0.35936715
0,45.772714,2.296875,-0.35353659
0,45.772714,2.3,-0.34784748
0,45.772714,2.303125,-0.34229985
0,45.772714,2.30625,-0.33689345
0,45.772714,2.309375,-0.33162777
0,45.772714,2.3125,-0.32650208
0,45.772714,2.315625,-0.32151542
0,45.772714,2.31875,-0.31666668
0,45.772714,2.321875,-0.31195459
0,45.772714,2.325,-0.30737776
0,45.772714,2.328125,-0.30293466
0,45.772714,2.33125,-0.29862371
0,45.772714,2.334375,-0.29444322
0,45.772714,2.3375,-0.29039147
0,45.772714,2.340625,-0.28646668
0,45.772714,2.34375,-0.28266705
0,45.772714,2.346875,-0.27899075
0,45.772714,2.35,-0.27543595
0,45.772714,2.353125,-0.27200082
0,45.772714,2.35625,-0.26868354
0,45.772714,2.359375,-0.26548231
0,45.772714,2.3625,-0.26239535
0,45.772714,2.365625,-0.25942092
0,45.772714,2.36875,-0.25655731
0,45.772714,2.371875,-0.25380285
0,45.772714,2.375,-0.25115594
0,45.772714,2.378125,-0.24861499
0,45.772714,2.38125,-0.24617852
0,45.772714,2.384375,-0.24384505
0,45.772714,2.3875,-0.24161321
0,45.772714,2.390625,-0.23948166
0,45.772714,2.39375,-0.23744914
0,45.772714,2.396875,-0.23551447
0,45.772714,2.4,-0.23367652
0,45.772714,2.403125,-0.23193425
0,45.772714,2.40625,-0.23028667
0,45.772714,2.409375,-0.2287329
0,45.772714,2.4125,-0.22727209
0,45.772714,2.415625,-0.22590352
0,45.772714,2.41875,-0.22462651
0,45.772714,2.421875,-0.22344047
0,45.772714,2.425,-0.2223449
0,45.772714,2.428125,-0.22133937
0,45.772714,2.43125,-0.22042353
0,45.772714,2.434375,-0.21959714
0,45.772714,2.4375,-0.21886001
0,45.772714,2.440625,-0.21821205
0,45.772714,2.44375,-0.21765326
0,45.772714,2.446875,-0.21718372
0,45.772714,2.45,-0.21680359
0,45.772714,2.453125,-0.21651314
0,45.772714,2.45625,-0.2163127
0,45.772714,2.459375,-0.21620271
0,45.772714,2.4625,-0.21618368
0,45.772714,2.465625,-0.21625623
0,45.772714,2.46875,-0.21642106
0,45.772714,2.471875,-0.21667895
0,45.772714,2.475,-0.21703078
0,45.772714,2.478125,-0.21747753
0,45.772714,2.48125,-0.21802023
0,45.772714,2.484375,-0.21866005
0,45.772714,2.4875,-0.2193982
0,45.772714,2.490625,-0.22023601
0,45.772714,2.49375,-0.22117487
0,45.772714,2.496875,-0.22221625
0,45.772714,2.5,-0.22336172
0,45.772714,2.503125,-0.2246129
0,45.772714,2.50625,-0.2259715
0,45.772714,2.509375,-0.22743927
0,45.772714,2.5125,-0.22901804
0,45.772714,2.515625,-0.23070967
0,45.772714,2.51875,-0.23251609
0,45.772714,2.521875,-0.23443922
0,45.772714,2.525,-0.23648105
0,45.772714,2.528125,-0.23864352
0,45.772714,2.53125,-0.24092862
0,45.772714,2.534375,-0.24333826
0,45.772714,2.5375,-0.24587433
0,45.772714,2.540625,-0.24853866
0,45.772714,2.54375,-0.25133295
0,45.772714,2.546875,-0.25425881
0,45.772714,2.55,-0.25731767
0,45.772714,2.553125,-0.26051079
0,45.772714,2.55625,-0.26383917
0,45.772714,2.559375,-0.26730356
0,45.772714,2.5625,-0.27090436
0,45.772714,2.565625,-0.27464162
0,45.772714,2.56875,-0.27851493
0,45.772714,2.571875,-0.28252339
0,45.772714,2.575,-0.28666554
0,45.772714,2.578125,-0.29093927
0,45.772714,2.58125,-0.29534176
0,45.772714,2.584375,-0.2998694
0,45.772714,2.5875,-0.30451768
0,45.772714,2.590625,-0.30928114
0,45.772714,2.59375,-0.31415327
0,45.772714,2.596875,-0.31912638
0,45.772714,2.6,-0.32419158
0,45.772714,2.603125,-0.32933865
0,45.772714,2.60625,-0.33455597
0,45.772714,2.609375,-0.33983043
0,45.772714,2.6125,-0.34514744
0,45.772714,2.615625,-0.35049078
0,45.772714,2.61875,-0.35584265
0,45.772714,2.621875,-0.36118366
0,45.772714,2.625,-0.36649279
0,45.772714,2.628125,-0.37174752
0,45.772714,2.63125,-0.37692383
0,45.772714,2.634375,-0.3819964
0,45.772714,2.6375,-0.38693869
0,45.772714,2.640625,-0.39172322
0,45.772714,2.64375,-0.39632171
0,45.772714,2.646875,-0.40070546
0,45.772714,2.65,-0.40484561
0,45.772714,2.653125,-0.40871348
0,45.772714,2.65625,-0.412281
0,45.772714,2.659375,-0.41552108
0,45.772714,2.6625,-0.41840803
0,45.772714,2.665625,-0.42091797
0,45.772714,2.66875,-0.42302926
0,45.772714,2.671875,-0.42472285
0,45.772714,2.675,-0.42598265
0,45.772714,2.678125,-0.42679583
0,45.772714,2.68125,-0.42715308
0,45.772714,2.684375,-0.42704876
0,45.772714,2.6875,-0.42648106
0,45.772714,2.690625,-0.42545197
0,45.772714,2.69375,-0.42396729
0,45.772714,2.696875,-0.4220365
0,45.772714,2.7,-0.41967254
0,45.772714,2.703125,-0.4168916
0,45.772714,2.70625,-0.41371278
0,45.772714,2.709375,-0.41015772
0,45.772714,2.7125,-0.40625026
0,45.772714,2.715625,-0.40201599
0,45.772714,2.71875,-0.39748186
0,45.772714,2.721875,-0.39267574
0,45.772714,2.725,-0.38762606
0,45.772714,2.728125,-0.38236139
0,45.772714,2.73125,-0.3769101
0,45.772714,2.734375,-0.37130008
0,45.772714,2.7375,-0.36555843
0,45.772714,2.740625,-0.35971122
0,45.772714,2.74375,-0.35378335
0,45.772714,2.746875,-0.34779831
0,45.772714,2.75,-0.34177817
0,45.772714,2.753125,-0.3357434
0,45.772714,2.75625,-0.32971291
0,45.772714,2.759375,-0.32370396
0,45.772714,2.7625,-0.31773223
0,45.772714,2.765625,-0.31181181
0,45.772714,2.76875,-0.30595526
0,45.772714,2.771875,-0.30017369
0,45.772714,2.775,-0.29447679
0,45.772714,2.778125,-0.28887295
0,45.772714,2.78125,-0.28336932
0,45.772714,2.784375,-0.27797191
0,45.772714,2.7875,-0.27268568
0,45.772714,2.790625,-0.26751461
0,45.772714,2.79375,-0.26246183
0,45.772714,2.796875,-0.25752965
0,45.772714,2.8,-0.25271967
0,45.772714,2.803125,-0.24803286
0,45.772714,2.80625,-0.2434696
0,45.772714,2.809375,-0.23902979
0,45.772714,2.8125,-0.2347129
0,45.772714,2.815625,-0.23051798
0,45.772714,2.81875,-0.22644379
0,45.772714,2.821875,-0.22248878
0,45.772714,2.825,-0.21865117
0,45.772714,2.828125,-0.21492898
0,45.772714,2.83125,-0.21132007
0,45.772714,2.834375,-0.20782214
0,45.772714,2.8375,-0.20443282
0,45.772714,2.840625,-0.20114964
0,45.772714,2.84375,-0.19797007
0,45.772714,2.846875,-0.19489153
0,45.772714,2.85,-0.19191144
0,45.772714,2.853125,-0.18902719
0,45.772714,2.85625,-0.18623619
0,45.772714,2.859375,-0.18353585
0,45.772714,2.8625,-0.18092361
0,45.772714,2.865625,-0.17839694
0,45.772714,2.86875,-0.17595336
0,45.772714,2.871875,-0.17359042
0,45.772714,2.875,-0.17130572
0,45.772714,2.878125,-0.16909693
0,45.772714,2.88125,-0.16696174
0,45.772714,2.884375,-0.16489794
0,45.772714,2.8875,-0.16290334
0,45.772714,2.890625,-0.16097585
0,45.772714,2.89375,-0.1591134
0,45.772714,2.896875,-0.15731401
0,45.772714,2.9,-0.15557576
0,45.772714,2.903125,-0.15389678
0,45.772714,2.90625,-0.15227526
0,45.772714,2.909375,-0.15070945
0,45.772714,2.9125,-0.14919768
0,45.772714,2.915625,-0.14773832
0,45.772714,2.91875,-0.14632978
0,45.772714,2.921875,-0.14497057
0,45.772714,2.925,-0.14365921
0,45.772714,2.928125,-0.1423943
0,45.772714,2.93125,-0.14117449
0,45.772714,2.934375,-0.13999847
0,45.772714,2.9375,-0.13886497
0,45.772714,2.940625,-0.1377728
0,45.772714,2.94375,-0.13672079
0,45.772714,2.946875,-0.13570781
0,45.772714,2.95,-0.1347328
0,45.772714,2.953125,-0.13379472
0,45.772714,2.95625,-0.13289258
0,45.772714,2.959375,-0.13202542
0,45.772714,2.9625,-0.13119233
0,45.772714,2.965625,-0.13039242
0,45.772714,2.96875,-0.12962486
0,45.772714,2.971875,-0.12888882
0,45.772714,2.975,-0.12818355
0,45.772714,2.978125,-0.12750828
0,45.772714,2.98125,-0.12686231
0,45.772714,2.984375,-0.12624495
0,45.772714,2.9875,-0.12565555
0,45.772714,2.990625,-0.12509348
0,45.772714,2.99375,-0.12455813
0,45.772714,2.996875,-0.12404893
0,45.772714,3,-0.12356534
0,45.772714,3.003125,-0.12310682
0,45.772714,3.00625,-0.12267288
0,45.772714,3.009375,-0.12226304
0,45.772714,3.0125,-0.12187683
0,45.772714,3.015625,-0.12151383
0,45.772714,3.01875,-0.12117362
0,45.772714,3.021875,-0.1208558
0,45.772714,3.025,-0.12056
0,45.772714,3.028125,-0.12028587
0,45.772714,3.03125,-0.12003307
0,45.772714,3.034375,-0.11980127
0,45.772714,3.0375,-0.11959018
0,45.772714,3.040625,-0.11939951
0,45.772714,3.04375,-0.11922899
0,45.772714,3.046875,-0.11907837
0,45.772714,3.05,-0.11894742
0,45.772714,3.053125,-0.11883591
0,45.772714,3.05625,-0.11874364
0,45.772714,3.059375,-0.11867041
0,45.772714,3.0625,-0.11861606
0,45.772714,3.065625,-0.11858041
0,45.772714,3.06875,-0.11856333
0,45.772714,3.071875,-0.11856467
0,45.772714,3.075,-0.11858432
0,45.772714,3.078125,-0.11862217
0,45.772714,3.08125,-0.11867813
0,45.772714,3.084375,-0.11875211
0,45.772714,3.0875,-0.11884405
0,45.772714,3.090625,-0.1189539
0,45.772714,3.09375,-0.11908161
0,45.772714,3.096875,-0.11922715
0,45.772714,3.1,-0.1193905
0,45.772714,3.103125,-0.11957167
0,45.772714,3.10625,-0.11977067
0,45.772714,3.109375,-0.11998751
0,45.772714,3.1125,-0.12022222
0,45.772714,3.115625,-0.12047487
0,45.772714,3.11875,-0.1207455
0,45.772714,3.121875,-0.12103419
0,45.772714,3.125,-0.12134103
0,45.772714,3.128125,-0.12166611
0,45.772714,3.13125,-0.12200955
0,45.772714,3.134375,-0.12237148
0,45.772714,3.1375,-0.12275203
0,45.772714,3.140625,-0.12315136
0,45.772714,3.14375,-0.12356963
0,45.772714,3.146875,-0.12400703
0,45.772714,3.15,-0.12446375
0,45.772714,3.153125,-0.12494001
0,45.772714,3.15625,-0.12543603
0,45.772714,3.159375,-0.12595205
0,45.772714,3.1625,-0.12648833
0,45.772714,3.165625,-0.12704515
0,45.772714,3.16875,-0.12762279
0,45.772714,3.171875,-0.12822157
0,45.772714,3.175,-0.1288418
0,45.772714,3.178125,-0.12948384
0,45.772714,3.18125,-0.13014805
0,45.772714,3.184375,-0.1308348
0,45.772714,3.1875,-0.1315445
0,45.772714,3.190625,-0.13227756
0,45.772714,3.19375,-0.13303444
0,45.772714,3.196875,-0.13381559
0,45.772714,3.2,-0.1346215
0,45.772714,3.203125,-0.13545268
0,45.772714,3.20625,-0.13630967
0,45.772714,3.209375,-0.13719301
0,45.772714,3.2125,-0.1381033
0,45.772714,3.215625,-0.13904114
0,45.772714,3.21875,-0.14000716
0,45.772714,3.221875,-0.14100205
0,45.772714,3.225,-0.14202648
0,45.772714,3.228125,-0.14308118
0,45.772714,3.23125,-0.14416691
0,45.772714,3.234375,-0.14528446
0,45.772714,3.2375,-0.14643464
0,45.772714,3.240625,-0.14761832
0,45.772714,3.24375,-0.14883638
0,45.772714,3.246875,-0.15008976
0,45.772714,3.25,-0.15137941
0,45.772714,3.253125,-0.15270635
0,45.772714,3.25625,-0.15407162
0,45.772714,3.259375,-0.15547632
0,45.772714,3.2625,-0.15692157
0,45.772714,3.265625,-0.15840855
0,45.772714,3.26875,-0.15993848
0,45.772714,3.271875,-0.16151263
0,45.772714,3.275,-0.16313233
0,45.772714,3.278125,-0.16479893
0,45.772714,3.28125,-0.16651386
0,45.772714,3.284375,-0.16827858
0,45.772714,3.2875,-0.17009462
0,45.772714,3.290625,-0.17196355
0,45.772714,3.29375,-0.17388701
0,45.772714,3.296875,-0.17586666
0,45.772714,3.3,-0.17790427
0,45.772714,3.303125,-0.18000161
0,45.772714,3.30625,-0.18216055
0,45.772714,3.309375,-0.18438297
0,45.772714,3.3125,-0.18667084
0,45.772714,3.315625,-0.18902617
0,45.772714,3.31875,-0.19145103
0,45.772714,3.321875,-0.19394751
0,45.772714,3.325,-0.19651778
0,45.772714,3.328125,-0.19916403
0,45.772714,3.33125,-0.20188851
0,45.772714,3.334375,-0.20469349
0,45.772714,3.3375,-0.20758128
0,45.772714,3.340625,-0.21055419
0,45.772714,3.34375,-0.21361458
0,45.772714,3.346875,-0.2167648
0,45.772714,3.35,-0.22000719
0,45.772714,3.353125,-0.22334411
0,45.772714,3.35625,-0.22677788
0,45.772714,3.359375,-0.23031078
0,45.772714,3.3625,-0.23394507
0,45.772714,3.365625,-0.23768293
0,45.772714,3.36875,-0.24152649
0,45.772714,3.371875,-0.2454778
0,45.772714,3.375,-0.24953878
0,45.772714,3.378125,-0.25371129
0,45.772714,3.38125,-0.25799704
0,45.772714,3.384375,-0.26239763
0,45.772714,3.3875,-0.26691453
0,45.772714,3.390625,-0.27154908
0,45.772714,3.39375,-0.2763025
0,45.772714,3.396875,-0.28117591
0,45.772714,3.4,-0.28617033
0,45.772714,3.403125,-0.29128673
0,45.772714,3.40625,-0.29652606
0,45.772714,3.409375,-0.3018893
0,45.772714,3.4125,-0.30737753
0,45.772714,3.415625,-0.31299193
0,45.772714,3.41875,-0.31873391
0,45.772714,3.421875,-0.32460506
0,45.772714,3.425,-0.33060722
0,45.772714,3.428125,-0.33674242
0,45.772714,3.43125,-0.34301275
0,45.772714,3.434375,-0.34942022
0,45.772714,3.4375,-0.35596647
0,45.772714,3.440625,-0.36265239
0,45.772714,3.44375,-0.36947771
0,45.772714,3.446875,-0.37644058
0,45.772714,3.45,-0.3835372
0,45.772714,3.453125,-0.39076179
0,45.772714,3.45625,-0.39810688
0,45.772714,3.459375,-0.40556419
0,45.772714,3.4625,-0.41312604
0,45.772714,3.465625,-0.42078715
0,45.772714,3.46875,-0.4285464
0,45.772714,3.471875,-0.43640792
0,45.772714,3.475,-0.44438092
0,45.772714,3.478125,-0.45247782
0,45.772714,3.48125,-0.46071056
0,45.772714,3.484375,-0.46908541
0,45.772714,3.4875,-0.4775969
0,45.772714,3.490625,-0.48622166
0,45.772714,3.49375,-0.49491303
0,45.772714,3.496875,-0.50359734
0,45.772714,3.5,-0.51217279
0,45.772714,3.503125,-0.52051203
0,45.772714,3.50625,-0.52846921
0,45.772714,3.509375,-0.53589174
0,45.772714,3.5125,-0.5426362
0,45.772714,3.515625,-0.54858627
0,45.772714,3.51875,-0.55366967
0,45.772714,3.521875,-0.55787042
0,45.772714,3.525,-0.56123347
0,45.772714,3.528125,-0.56386055
0,45.772714,3.53125,-0.56589829
0,45.772714,3.534375,-0.56752116
0,45.772714,3.5375,-0.56891312
0,45.772714,3.540625,-0.57025093
0,45.772714,3.54375,-0.57169115
0,45.772714,3.546875,-0.57336174
0,45.772714,3.55,-0.5753576
0,45.772714,3.553125,-0.57773928
0,45.772714,3.55625,-0.58053381
0,45.772714,3.559375,-0.58373679
0,45.772714,3.5625,-0.58731538
0,45.772714,3.565625,-0.5912123
0,45.772714,3.56875,-0.59535102
0,45.772714,3.571875,-0.59964266
0,45.772714,3.575,-0.60399439
0,45.772714,3.578125,-0.60831884
0,45.772714,3.58125,-0.61254295
0,45.772714,3.584375,-0.61661451
0,45.772714,3.5875,-0.62050494
0,45.772714,3.590625,-0.62420799
0,45.772714,3.59375,-0.62773495
0,45.772714,3.596875,-0.6311084
0,45.772714,3.6,-0.63435589
0,45.772714,3.603125,-0.6375051
0,45.772714,3.60625,-0.64058066
0,45.772714,3.609375,-0.6436028
0,45.772714,3.6125,-0.64658714
0,45.772714,3.615625,-0.64954535
0,45.772714,3.61875,-0.6524861
0,45.772714,3.621875,-0.65541611
0,45.772714,3.625,-0.65834114
0,45.772714,3.628125,-0.66126675
0,45.772714,3.63125,-0.66419898
0,45.772714,3.634375,-0.6671447
0,45.772714,3.6375,-0.67011185
0,45.772714,3.640625,-0.67310945
0,45.772714,3.64375,-0.67614751
0,45.772714,3.646875,-0.67923672
0,45.772714,3.65,-0.68238808
0,45.772714,3.653125,-0.68561238
0,45.772714,3.65625,-0.68891956
0,45.772714,3.659375,-0.69231798
0,45.772714,3.6625,-0.69581361
0,45.772714,3.665625,-0.69940909
0,45.772714,3.66875,-0.70310281
0,45.772714,3.671875,-0.70688796
0,45.772714,3.675,-0.71075159
0,45.772714,3.678125,-0.71467395
0,45.772714,3.68125,-0.7186279
0,45.772714,3.684375,-0.72257874
0,45.772714,3.6875,-0.7264844
0,45.772714,3.690625,-0.73029602
0,45.772714,3.69375,-0.73395913
0,45.772714,3.696875,-0.73741546
0,45.772714,3.7,-0.74060556
0,45.772714,3.703125,-0.7434722
0,45.772714,3.70625,-0.74596456
0,45.772714,3.709375,-0.74804273
0,45.772714,3.7125,-0.74968194
0,45.772714,3.715625,-0.75087571
0,45.772714,3.71875,-0.75163734
0,45.772714,3.721875,-0.75199922
0,45.772714,3.725,-0.75201012
0,45.772714,3.728125,-0.7517311
0,45.772714,3.73125,-0.75123073
0,45.772714,3.734375,-0.75058045
0,45.772714,3.7375,-0.74985072
0,45.772714,3.740625,-0.74910797
0,45.772714,3.74375,-0.74841252
0,45.772714,3.746875,-0.74781714
0,45.772714,3.75,-0.74736636
0,45.772714,3.753125,-0.74709634
0,45.772714,3.75625,-0.74703543
0,45.772714,3.759375,-0.74720529
0,45.772714,3.7625,-0.74762243
0,45.772714,3.765625,-0.74829998
0,45.772714,3.76875,-0.74924933
0,45.772714,3.771875,-0.75048169
0,45.772714,3.775,-0.75200916
0,45.772714,3.778125,-0.75384552
0,45.772714,3.78125,-0.75600645
0,45.772714,3.784375,-0.75850943
0,45.772714,3.7875,-0.7613733
0,45.772714,3.790625,-0.76461759
0,45.772714,3.79375,-0.76826173
0,45.772714,3.796875,-0.77232438
0,45.772714,3.8,-0.77682274
0,45.772714,3.803125,-0.78177212
0,45.772714,3.80625,-0.78718557
0,45.772714,3.809375,-0.79307376
0,45.772714,3.8125,-0.79944487
0,45.772714,3.815625,-0.80630455
0,45.772714,3.81875,-0.81365594
0,45.772714,3.821875,-0.82149951
0,45.772714,3.825,-0.82983291
0,45.772714,3.828125,-0.8386506
0,45.772714,3.83125,-0.84794339
0,45.772714,3.834375,-0.85769779
0,45.772714,3.8375,-0.86789527
0,45.772714,3.840625,-0.87851142
0,45.772714,3.84375,-0.88951517
0,45.772714,3.846875,-0.90086808
0,45.772714,3.85,-0.91252388
0,45.772714,3.853125,-0.9244285
0,45.772714,3.85625,-0.93652055
0,45.772714,3.859375,-0.94873251
0,45.772714,3.8625,-0.96099263
0,45.772714,3.865625,-0.97322744
0,45.772714,3.86875,-0.98536473
0,45.772714,3.871875,-0.99733663
0,45.772714,3.875,-1.0090826
0,45.772714,3.878125,-1.0205517
0,45.772714,3.88125,-1.0317046
0,45.772714,3.884375,-1.0425144
0,45.772714,3.8875,-1.0529671
0,45.772714,3.890625,-1.0630617
0,45.772714,3.89375,-1.0728098
0,45.772714,3.896875,-1.0822355
0,45.772714,3.9,-1.0913748
0,45.772714,3.903125,-1.1002754
0,45.772714,3.90625,-1.1089951
0,45.772714,3.909375,-1.1176009
0,45.772714,3.9125,-1.1261668
0,45.772714,3.915625,-1.1347712
0,45.772714,3.91875,-1.1434936
0,45.772714,3.921875,-1.1524114
0,45.772714,3.925,-1.1615956
0,45.772714,3.928125,-1.171107
0,45.772714,3.93125,-1.180991
0,45.772714,3.934375,-1.1912734
0,45.772714,3.9375,-1.2019553
0,45.772714,3.940625,-1.2130083
0,45.772714,3.94375,-1.2243709
0,45.772714,3.946875,-1.2359463
0,45.772714,3.95,-1.2476032
0,45.772714,3.953125,-1.2591816
0,45.772714,3.95625,-1.2705024
0,45.772714,3.959375,-1.2813836
0,45.772714,3.9625,-1.2916595
0,45.772714,3.965625,-1.3012014
0,45.772714,3.96875,-1.3099348
0,45.772714,3.971875,-1.3178505
0,45.772714,3.975,-1.3250061
0,45.772714,3.978125,-1.3315183
0,45.772714,3.98125,-1.337549
0,45.772714,3.984375,-1.3432878
0,45.772714,3.9875,-1.3489347
0,45.772714,3.990625,-1.3546861
0,45.772714,3.99375,-1.3607242
0,45.772714,3.996875,-1.3672109
0,45.772714,4,-1.3742845
0,45.772714,4.003125,-1.3820586
0,45.772714,4.00625,-1.3906226
0,45.772714,4.009375,-1.400042
0,45.772714,4.0125,-1.41036
0,45.772714,4.015625,-1.4215976
0,45.772714,4.01875,-1.4337547
0,45.772714,4.021875,-1.4468102
0,45.772714,4.025,-1.460722
0,45.772714,4.028125,-1.4754285
0,45.772714,4.03125,-1.4908486
0,45.772714,4.034375,-1.5068847
0,45.772714,4.0375,-1.5234259
0,45.772714,4.040625,-1.5403532
0,45.772714,4.04375,-1.5575466
0,45.772714,4.046875,-1.5748926
0,45.772714,4.05,-1.5922922
0,45.772714,4.053125,-1.6096665
0,45.772714,4.05625,-1.6269612
0,45.772714,4.059375,-1.6441456
0,45.772714,4.0625,-1.6612099
0,45.772714,4.065625,-1.6781589
0,45.772714,4.06875,-1.6950046
0,45.772714,4.071875,-1.7117591
0,45.772714,4.075,-1.728429
0,45.772714,4.078125,-1.7450108
0,45.772714,4.08125,-1.7614892
0,45.772714,4.084375,-1.7778363
0,45.772714,4.0875,-1.7940126
0,45.772714,4.090625,-1.8099686
0,45.772714,4.09375,-1.8256464
0,45.772714,4.096875,-1.8409823
0,45.772714,4.1,-1.8559084
0,45.772714,4.103125,-1.8703548
0,45.772714,4.10625,-1.8842513
0,45.772714,4.109375,-1.897529
0,45.772714,4.1125,-1.9101216
0,45.772714,4.115625,-1.9219666
0,45.772714,4.11875,-1.9330066
0,45.772714,4.121875,-1.9431901
0,45.772714,4.125,-1.9524722
0,45.772714,4.128125,-1.9608157
0,45.772714,4.13125,-1.9681912
0,45.772714,4.134375,-1.9745783
0,45.772714,4.1375,-1.9799654
0,45.772714,4.140625,-1.9843503
0,45.772714,4.14375,-1.9877401
0,45.772714,4.146875,-1.9901514
0,45.772714,4.15,-1.9916098
0,45.772714,4.153125,-1.9921497
0,45.772714,4.15625,-1.9918137
0,45.772714,4.159375,-1.9906517
0,45.772714,4.1625,-1.9887202
0,45.772714,4.165625,-1.9860814
0,45.772714,4.16875,-1.9828015
0,45.772714,4.171875,-1.9789504
0,45.772714,4.175,-1.9745993
0,45.772714,4.178125,-1.9698205
0,45.772714,4.18125,-1.9646853
0,45.772714,4.184375,-1.9592629
0,45.772714,4.1875,-1.953619
0,45.772714,4.190625,-1.9478149
0,45.772714,4.19375,-1.9419057
0,45.772714,4.196875,-1.9359403
0,45.772714,4.2,-1.92996
0,45.772714,4.203125,-1.923999
0,45.772714,4.20625,-1.918084
0,45.772714,4.209375,-1.9122355
0,45.772714,4.2125,-1.9064687
0,45.772714,4.215625,-1.9007954
0,45.772714,4.21875,-1.8952255
0,45.772714,4.221875,-1.8897686
0,45.772714,4.225,-1.8844347
0,45.772714,4.228125,-1.8792334
0,45.772714,4.23125,-1.8741725
0,45.772714,4.234375,-1.8692535
0,45.772714,4.2375,-1.8644673
0,45.772714,4.240625,-1.8597884
0,45.772714,4.24375,-1.8551707
0,45.772714,4.246875,-1.8505464
0,45.772714,4.25,-1.8458309
0,45.772714,4.253125,-1.8409339
0,45.772714,4.25625,-1.8357791
0,45.772714,4.259375,-1.8303281
0,45.772714,4.2625,-1.8246051
0,45.772714,4.265625,-1.8187119
0,45.772714,4.26875,-1.8128304
0,45.772714,4.271875,-1.8072065
0,45.772714,4.275,-1.802123
0,45.772714,4.278125,-1.7978657
0,45.772714,4.28125,-1.7946944
0,45.772714,4.284375,-1.7928209
0,45.772714,4.2875,-1.7923982
0,45.772714,4.290625,-1.7935171
0,45.772714,4.29375,-1.7962092
0,45.772714,4.296875,-1.8004509
0,45.772714,4.3,-1.8061693
0,45.772714,4.303125,-1.8132459
0,45.772714,4.30625,-1.82152
0,45.772714,4.309375,-1.8307903
0,45.772714,4.3125,-1.8408168
0,45.772714,4.315625,-1.8513229
0,45.772714,4.31875,-1.8619998
0,45.772714,4.321875,-1.8725128
0,45.772714,4.325,-1.8825088
0,45.772714,4.328125,-1.8916254
0,45.772714,4.33125,-1.8994994
0,45.772714,4.334375,-1.9057763
0,45.772714,4.3375,-1.9101237
0,45.772714,4.340625,-1.9122512
0,45.772714,4.34375,-1.9119374
0,45.772714,4.346875,-1.9090587
0,45.772714,4.35,-1.9036119
0,45.772714,4.353125,-1.8957192
0,45.772714,4.35625,-1.8856127
0,45.772714,4.359375,-1.8736011
0,45.772714,4.3625,-1.8600295
0,45.772714,4.365625,-1.8452427
0,45.772714,4.36875,-1.8295589
0,45.772714,4.371875,-1.8132559
0,45.772714,4.375,-1.796567
0,45.772714,4.378125,-1.7796844
0,45.772714,4.38125,-1.7627639
0,45.772714,4.384375,-1.745931
0,45.772714,4.3875,-1.7292864
0,45.772714,4.390625,-1.7129096
0,45.772714,4.39375,-1.6968623
0,45.772714,4.396875,-1.6811913
0,45.772714,4.4,-1.6659315
0,45.772714,4.403125,-1.6511102
0,45.772714,4.40625,-1.6367521
0,45.772714,4.409375,-1.6228852
0,45.772714,4.4125,-1.6095478
0,45.772714,4.415625,-1.5967934
0,45.772714,4.41875,-1.5846945
0,45.772714,4.421875,-1.5733425
0,45.772714,4.425,-1.5628444
0,45.772714,4.428125,-1.5533151
0,45.772714,4.43125,-1.5448667
0,45.772714,4.434375,-1.537596
0,45.772714,4.4375,-1.5315707
0,45.772714,4.440625,-1.5268159
0,45.772714,4.44375,-1.5233031
0,45.772714,4.446875,-1.5209439
0,45.772714,4.45,-1.5195899
0,45.772714,4.453125,-1.5190449
0,45.772714,4.45625,-1.5190863
0,45.772714,4.459375,-1.5194962
0,45.772714,4.4625,-1.5200932
0,45.772714,4.465625,-1.5207558
0,45.772714,4.46875,-1.5214286
0,45.772714,4.471875,-1.5221068
0,45.772714,4.475,-1.5228047
0,45.772714,4.478125,-1.5235158
0,45.772714,4.48125,-1.524179
0,45.772714,4.484375,-1.5246592
0,45.772714,4.4875,-1.5247503
0,45.772714,4.490625,-1.5242012
0,45.772714,4.49375,-1.5227601
0,45.772714,4.496875,-1.5202279
0,45.772714,4.5,-1.5165064
0,45.772714,4.503125,-1.5116301
0,45.772714,4.50625,-1.5057718
0,45.772714,4.509375,-1.4992233
0,45.772714,4.5125,-1.4923567
0,45.772714,4.515625,-1.4855779
0,45.772714,4.51875,-1.4792836
0,45.772714,4.521875,-1.4738288
0,45.772714,4.525,-1.4695075
0,45.772714,4.528125,-1.4665452
0,45.772714,4.53125,-1.4650995
0,45.772714,4.534375,-1.4652648
0,45.772714,4.5375,-1.4670767
0,45.772714,4.540625,-1.4705145
0,45.772714,4.54375,-1.4754986
0,45.772714,4.546875,-1.4818844
0,45.772714,4.55,-1.4894514
0,45.772714,4.553125,-1.497893
0,45.772714,4.55625,-1.5068098
0,45.772714,4.559375,-1.5157165
0,45.772714,4.5625,-1.5240688
0,45.772714,4.565625,-1.5313146
0,45.772714,4.56875,-1.5369669
0,45.772714,4.571875,-1.5406819
0,45.772714,4.575,-1.542319
0,45.772714,4.578125,-1.5419612
0,45.772714,4.58125,-1.5398887
0,45.772714,4.584375,-1.536514
0,45.772714,4.5875,-1.5323028
0,45.772714,4.590625,-1.5277025
0,45.772714,4.59375,-1.5230936
0,45.772714,4.596875,-1.5187659
0,45.772714,4.6,-1.5149163
0,45.772714,4.603125,-1.511659
0,45.772714,4.60625,-1.5090422
0,45.772714,4.609375,-1.5070654
0,45.772714,4.6125,-1.5056964
0,45.772714,4.615625,-1.5048841
0,45.772714,4.61875,-1.5045684
0,45.772714,4.621875,-1.5046861
0,45.772714,4.625,-1.5051722
0,45.772714,4.628125,-1.5059569
0,45.772714,4.63125,-1.5069585
0,45.772714,4.634375,-1.5080725
0,45.772714,4.6375,-1.5091596
0,45.772714,4.640625,-1.5100354
0,45.772714,4.64375,-1.5104657
0,45.772714,4.646875,-1.5101729
0,45.772714,4.65,-1.508856
0,45.772714,4.653125,-1.5062254
0,45.772714,4.65625,-1.5020463
0,45.772714,4.659375,-1.4961806
0,45.772714,4.6625,-1.4886136
0,45.772714,4.665625,-1.4794577
0,45.772714,4.66875,-1.4689299
0,45.772714,4.671875,-1.4573141
0,45.772714,4.675,-1.444918
0,45.772714,4.678125,-1.4320374
0,45.772714,4.68125,-1.4189332
0,45.772714,4.684375,-1.4058227
0,45.772714,4.6875,-1.3928815
0,45.772714,4.690625,-1.3802509
0,45.772714,4.69375,-1.3680485
0,45.772714,4.696875,-1.3563779
0,45.772714,4.7,-1.3453359
0,45.772714,4.703125,-1.3350175
0,45.772714,4.70625,-1.3255178
0,45.772714,4.709375,-1.3169319
0,45.772714,4.7125,-1.3093525
0,45.772714,4.715625,-1.3028662
0,45.772714,4.71875,-1.2975476
0,45.772714,4.721875,-1.2934521
0,45.772714,4.725,-1.290607
0,45.772714,4.728125,-1.2890002
0,45.772714,4.73125,-1.2885677
0,45.772714,4.734375,-1.2891801
0,45.772714,4.7375,-1.2906306
0,45.772714,4.740625,-1.2926272
0,45.772714,4.74375,-1.2947918
0,45.772714,4.746875,-1.296674
0,45.772714,4.75,-1.2977789
0,45.772714,4.753125,-1.2976129
0,45.772714,4.75625,-1.2957408
0,45.772714,4.759375,-1.2918447
0,45.772714,4.7625,-1.2857714
0,45.772714,4.765625,-1.2775551
0,45.772714,4.76875,-1.2674091
0,45.772714,4.771875,-1.2556888
0,45.772714,4.775,-1.2428371
0,45.772714,4.778125,-1.2293244
0,45.772714,4.78125,-1.215598
0,45.772714,4.784375,-1.2020456
0,45.772714,4.7875,-1.1889758
0,45.772714,4.790625,-1.1766138
0,45.772714,4.79375,-1.1651061
0,45.772714,4.796875,-1.1545323
0,45.772714,4.8,-1.1449181
0,45.772714,4.803125,-1.1362493
0,45.772714,4.80625,-1.1284829
0,45.772714,4.809375,-1.1215573
0,45.772714,4.8125,-1.1153995
0,45.772714,4.815625,-1.1099309
0,45.772714,4.81875,-1.105071
0,45.772714,4.821875,-1.1007394
0,45.772714,4.825,-1.0968572
0,45.772714,4.828125,-1.0933479
0,45.772714,4.83125,-1.0901369
0,45.772714,4.834375,-1.0871515
0,45.772714,4.8375,-1.0843211
0,45.772714,4.840625,-1.0815769
0,45.772714,4.84375,-1.0788522
0,45.772714,4.846875,-1.0760837
0,45.772714,4.85,-1.0732119
0,45.772714,4.853125,-1.0701829
0,45.772714,4.85625,-1.06695
0,45.772714,4.859375,-1.0634753
0,45.772714,4.8625,-1.0597314
0,45.772714,4.865625,-1.0557025
0,45.772714,4.86875,-1.0513862
0,45.772714,4.871875,-1.0467938
0,45.772714,4.875,-1.0419506
0,45.772714,4.878125,-1.0368958
0,45.772714,4.88125,-1.0316811
0,45.772714,4.884375,-1.026369
0,45.772714,4.8875,-1.0210305
0,45.772714,4.890625,-1.0157421
0,45.772714,4.89375,-1.0105826
0,45.772714,4.896875,-1.0056296
0,45.772714,4.9,-1.0009573
0,45.772714,4.903125,-0.9966338
0,45.772714,4.90625,-0.99271945
0,45.772714,4.909375,-0.98926601
0,45.772714,4.9125,-0.98631609
0,45.772714,4.915625,-0.98390322
0,45.772714,4.91875,-0.98205216
0,45.772714,4.921875,-0.98077935
0,45.772714,4.925,-0.98009354
0,45.772714,4.928125,-0.97999628
0,45.772714,4.93125,-0.98048242
0,45.772714,4.934375,-0.98154058
0,45.772714,4.9375,-0.98315338
0,45.772714,4.940625,-0.98529776
0,45.772714,4.94375,-0.98794503
0,45.772714,4.946875,-0.99106099
0,45.772714,4.95,-0.9946058
0,45.772714,4.953125,-0.99853383
0,45.772714,4.95625,-1.0027933
0,45.772714,4.959375,-1.0073261
0,45.772714,4.9625,-1.0120671
0,45.772714,4.965625,-1.0169439
0,45.772714,4.96875,-1.0218773
0,45.772714,4.971875,-1.0267811
0,45.772714,4.975,-1.031564
0,45.772714,4.978125,-1.0361305
0,45.772714,4.98125,-1.0403844
0,45.772714,4.984375,-1.0442316
0,45.772714,4.9875,-1.0475835
0,45.772714,4.990625,-1.0503609
0,45.772714,4.99375,-1.0524966
0,45.772714,4.996875,-1.0539379
0,45.772714,5,-1.0546468
0,45.772714,5.003125,-1.0546002
0,45.772714,5.00625,-1.0537876
0,45.772714,5.009375,-1.0522083
0,45.772714,5.0125,-1.049868
0,45.772714,5.015625,-1.0467759
0,45.772714,5.01875,-1.0429424
0,45.772714,5.021875,-1.0383786
0,45.772714,5.025,-1.0330984
0,45.772714,5.028125,-1.0271227
0,45.772714,5.03125,-1.0204844
0,45.772714,5.034375,-1.0132329
0,45.772714,5.0375,-1.0054368
0,45.772714,5.040625,-0.99718192
0,45.772714,5.04375,-0.98856556
0,45.772714,5.046875,-0.97968871
0,45.772714,5.05,-0.97064715
0,45.772714,5.053125,-0.9615237
0,45.772714,5.05625,-0.95238266
0,45.772714,5.059375,-0.94326687
0,45.772714,5.0625,-0.93419724
0,45.772714,5.065625,-0.9251748
0,45.772714,5.06875,-0.91618487
0,45.772714,5.071875,-0.90720324
0,45.772714,5.075,-0.8982034
0,45.772714,5.078125,-0.88916404
0,45.772714,5.08125,-0.88007512
0,45.772714,5.084375,-0.87094149
0,45.772714,5.0875,-0.86178317
0,45.772714,5.090625,-0.85263251
0,45.772714,5.09375,-0.8435292
0,45.772714,5.096875,-0.83451445
0,45.772714,5.1,-0.82562573
0,45.772714,5.103125,-0.81689276
0,45.772714,5.10625,-0.80833527
0,45.772714,5.109375,-0.79996208
0,45.772714,5.1125,-0.79177153
0,45.772714,5.115625,-0.78375245
0,45.772714,5.11875,-0.77588562
0,45.772714,5.121875,-0.76814533
0,45.772714,5.125,-0.7605011
0,45.772714,5.128125,-0.75291943
0,45.772714,5.13125,-0.74536575
0,45.772714,5.134375,-0.73780652
0,45.772714,5.1375,-0.73021145
0,45.772714,5.140625,-0.72255573
0,45.772714,5.14375,-0.71482198
0,45.772714,5.146875,-0.7070017
0,45.772714,5.15,-0.69909585
0,45.772714,5.153125,-0.69111463
0,45.772714,5.15625,-0.6830763
0,45.772714,5.159375,-0.67500543
0,45.772714,5.1625,-0.66693084
0,45.772714,5.165625,-0.6588835
0,45.772714,5.16875,-0.65089474
0,45.772714,5.171875,-0.64299475
0,45.772714,5.175,-0.63521147
0,45.772714,5.178125,-0.62756974
0,45.772714,5.18125,-0.6200906
0,45.772714,5.184375,-0.61279057
0,45.772714,5.1875,-0.60568075
0,45.772714,5.190625,-0.59876577
0,45.772714,5.19375,-0.59204247
0,45.772714,5.196875,-0.58549844
0,45.772714,5.2,-0.57911058
0,45.772714,5.203125,-0.57284385
0,45.772714,5.20625,-0.56665083
0,45.772714,5.209375,-0.56047234
0,45.772714,5.2125,-0.55423964
0,45.772714,5.215625,-0.54787853
0,45.772714,5.21875,-0.54131522
0,45.772714,5.221875,-0.53448343
0,45.772714,5.225,-0.52733164
0,45.772714,5.228125,-0.51982913
0,45.772714,5.23125,-0.51196951
0,45.772714,5.234375,-0.50377085
0,45.772714,5.2375,-0.49527259
0,45.772714,5.240625,-0.48652986
0,45.772714,5.24375,-0.47760659
0,45.772714,5.246875,-0.46856876
0,45.772714,5.25,-0.45947891
0,45.772714,5.253125,-0.45039228
0,45.772714,5.25625,-0.44135481
0,45.772714,5.259375,-0.43240268
0,45.772714,5.2625,-0.42356289
0,45.772714,5.265625,-0.41485454
0,45.772714,5.26875,-0.40629036
0,45.772714,5.271875,-0.39787821
0,45.772714,5.275,-0.38962253
0,45.772714,5.278125,-0.38152544
0,45.772714,5.28125,-0.37358768
0,45.772714,5.284375,-0.36580925
0,45.772714,5.2875,-0.35818985
0,45.772714,5.290625,-0.35072915
0,45.772714,5.29375,-0.34342695
0,45.772714,5.296875,-0.33628322
0,45.772714,5.3,-0.32929807
0,45.772714,5.303125,-0.32247168
0,45.772714,5.30625,-0.31580425
0,45.772714,5.309375,-0.30929592
0,45.772714,5.3125,-0.30294665
0,45.772714,5.315625,-0.29675619
0,45.772714,5.31875,-0.29072401
0,45.772714,5.321875,-0.28484927
0,45.772714,5.325,-0.27913079
0,45.772714,5.328125,-0.27356708
0,45.772714,5.33125,-0.26815627
0,45.772714,5.334375,-0.26289621
0,45.772714,5.3375,-0.25778444
0,45.772714,5.340625,-0.25281823
0,45.772714,5.34375,-0.24799462
0,45.772714,5.346875,-0.24331045
0,45.772714,5.35,-0.23876238
0,45.772714,5.353125,-0.23434696
0,45.772714,5.35625,-0.23006062
0,45.772714,5.359375,-0.22589972
0,45.772714,5.3625,-0.2218606
0,45.772714,5.365625,-0.21793954
0,45.772714,5.36875,-0.21413286
0,45.772714,5.371875,-0.21043689
0,45.772714,5.375,-0.206848
0,45.772714,5.378125,-0.2033626
0,45.772714,5.38125,-0.19997719
0,45.772714,5.384375,-0.19668832
0,45.772714,5.3875,-0.19349264
0,45.772714,5.390625,-0.19038689
0,45.772714,5.39375,-0.18736788
0,45.772714,5.396875,-0.18443254
0,45.772714,5.4,-0.18157789
0,45.772714,5.403125,-0.17880105
0,45.772714,5.40625,-0.17609924
0,45.772714,5.409375,-0.17346978
0,45.772714,5.4125,-0.17091008
0,45.772714,5.415625,-0.16841765
0,45.772714,5.41875,-0.16599011
0,45.772714,5.421875,-0.16362515
0,45.772714,5.425,-0.16132056
0,45.772714,5.428125,-0.15907422
0,45.772714,5.43125,-0.1568841
0,45.772714,5.434375,-0.15474822
0,45.772714,5.4375,-0.15266473
0,45.772714,5.440625,-0.1506318
0,45.772714,5.44375,-0.14864773
0,45.772714,5.446875,-0.14671084
0,45.772714,5.45,-0.14481955
0,45.772714,5.453125,-0.14297232
0,45.772714,5.45625,-0.14116771
0,45.772714,5.459375,-0.13940429
0,45.772714,5.4625,-0.13768073
0,45.772714,5.465625,-0.13599573
0,45.772714,5.46875,-0.13434804
0,45.772714,5.471875,-0.13273648
0,45.772714,5.475,-0.1311599
0,45.772714,5.478125,-0.1296172
0,45.772714,5.48125,-0.12810733
0,45.772714,5.484375,-0.12662928
0,45.772714,5.4875,-0.12518206
0,45.772714,5.490625,-0.12376474
0,45.772714,5.49375,-0.12237642
0,45.772714,5.496875,-0.12101624
0,45.772714,5.5,-0.11968336
0,45.772714,5.503125,-0.11837699
0,45.772714,5.50625,-0.11709634
0,45.772714,5.509375,-0.11584068
0,45.772714,5.5125,-0.1146093
0,45.772714,5.515625,-0.1134015
0,45.772714,5.51875,-0.11221663
0,45.772714,5.521875,-0.11105404
0,45.772714,5.525,-0.10991312
0,45.772714,5.528125,-0.10879328
0,45.772714,5.53125,-0.10769393
0,45.772714,5.534375,-0.10661454
0,45.772714,5.5375,-0.10555456
0,45.772714,5.540625,-0.10451349
0,45.772714,5.54375,-0.10349083
0,45.772714,5.546875,-0.10248609
0,45.772714,5.55,-0.10149881
0,45.772714,5.553125,-0.10052856
0,45.772714,5.55625,-0.099574883
0,45.772714,5.559375,-0.098637376
0,45.772714,5.5625,-0.097715631
0,45.772714,5.565625,-0.096809258
0,45.772714,5.56875,-0.095917877
0,45.772714,5.571875,-0.095041124
0,45.772714,5.575,-0.094178643
0,45.772714,5.578125,-0.093330092
0,45.772714,5.58125,-0.09249514
0,45.772714,5.584375,-0.091673464
0,45.772714,5.5875,-0.090864752
0,45.772714,5.590625,-0.090068704
0,45.772714,5.59375,-0.089285025
0,45.772714,5.596875,-0.088513434
0,45.772714,5.6,-0.087753653
0,45.772714,5.603125,-0.087005417
0,45.772714,5.60625,-0.086268467
0,45.772714,5.609375,-0.085542551
0,45.772714,5.6125,-0.084827426
0,45.772714,5.615625,-0.084122854
0,45.772714,5.61875,-0.083428607
0,45.772714,5.621875,-0.082744461
0,45.772714,5.625,-0.082070198
0,45.772714,5.628125,-0.081405609
0,45.772714,5.63125,-0.080750489
0,45.772714,5.634375,-0.080104639
0,45.772714,5.6375,-0.079467865
0,45.772714,5.640625,-0.078839979
0,45.772714,5.64375,-0.078220798
0,45.772714,5.646875,-0.077610145
0,45.772714,5.65,-0.077007846
0,45.772714,5.653125,-0.076413734
0,45.772714,5.65625,-0.075827643
0,45.772714,5.659375,-0.075249414
0,45.772714,5.6625,-0.074678893
0,45.772714,5.665625,-0.074115927
0,45.772714,5.66875,-0.073560369
0,45.772714,5.671875,-0.073012077
0,45.772714,5.675,-0.072470909
0,45.772714,5.678125,-0.07193673
0,45.772714,5.68125,-0.071409407
0,45.772714,5.684375,-0.07088881
0,45.772714,5.6875,-0.070374814
0,45.772714,5.690625,-0.069867295
0,45.772714,5.69375,-0.069366132
0,45.772714,5.696875,-0.06887121
0,45.772714,5.7,-0.068382414
0,45.772714,5.703125,-0.067899632
0,45.772714,5.70625,-0.067422756
0,45.772714,5.709375,-0.066951679
0,45.772714,5.7125,-0.066486298
0,45.772714,5.715625,-0.066026512
0,45.772714,5.71875,-0.065572221
0,45.772714,5.721875,-0.065123331
0,45.772714,5.725,-0.064679746
0,45.772714,5.728125,-0.064241374
0,45.772714,5.73125,-0.063808125
0,45.772714,5.734375,-0.063379913
0,45.772714,5.7375,-0.06295665
0,45.772714,5.740625,-0.062538253
0,45.772714,5.74375,-0.06212464
0,45.772714,5.746875,-0.061715731
0,45.772714,5.75,-0.061311447
0,45.772714,5.753125,-0.060911712
0,45.772714,5.75625,-0.060516451
0,45.772714,5.759375,-0.06012559
0,45.772714,5.7625,-0.059739058
0,45.772714,5.765625,-0.059356784
0,45.772714,5.76875,-0.058978701
0,45.772714,5.771875,-0.05860474
0,45.772714,5.775,-0.058234837
0,45.772714,5.778125,-0.057868925
0,45.772714,5.78125,-0.057506944
0,45.772714,5.784375,-0.05714883
0,45.772714,5.7875,-0.056794525
0,45.772714,5.790625,-0.056443967
0,45.772714,5.79375,-0.0560971
0,45.772714,5.796875,-0.055753866
0,45.772714,5.8,-0.055414211
0,45.772714,5.803125,-0.05507808
0,45.772714,5.80625,-0.054745419
0,45.772714,5.809375,-0.054416175
0,45.772714,5.8125,-0.054090299
0,45.772714,5.815625,-0.05376774
0,45.772714,5.81875,-0.053448447
0,45.772714,5.821875,-0.053132374
0,45.772714,5.825,-0.052819473
0,45.772714,5.828125,-0.052509697
0,45.772714,5.83125,-0.052203002
0,45.772714,5.834375,-0.051899341
0,45.772714,5.8375,-0.051598673
0,45.772714,5.840625,-0.051300953
0,45.772714,5.84375,-0.051006139
0,45.772714,5.846875,-0.050714191
0,45.772714,5.85,-0.050425068
0,45.772714,5.853125,-0.05013873
0,45.772714,5.85625,-0.049855138
0,45.772714,5.859375,-0.049574254
0,45.772714,5.8625,-0.04929604
0,45.772714,5.865625,-0.049020459
0,45.772714,5.86875,-0.048747476
0,45.772714,5.871875,-0.048477054
0,45.772714,5.875,-0.048209158
0,45.772714,5.878125,-0.047943755
0,45.772714,5.88125,-0.047680811
0,45.772714,5.884375,-0.047420292
0,45.772714,5.8875,-0.047162167
0,45.772714,5.890625,-0.046906403
0,45.772714,5.89375,-0.046652969
0,45.772714,5.896875,-0.046401833
0,45.772714,5.9,-0.046152967
0,45.772714,5.903125,-0.04590634
0,45.772714,5.90625,-0.045661924
0,45.772714,5.909375,-0.045419688
0,45.772714,5.9125,-0.045179606
0,45.772714,5.915625,-0.044941649
0,45.772714,5.91875,-0.04470579
0,45.772714,5.921875,-0.044472003
0,45.772714,5.925,-0.044240261
0,45.772714,5.928125,-0.044010538
0,45.772714,5.93125,-0.043782809
0,45.772714,5.934375,-0.043557048
0,45.772714,5.9375,-0.043333232
0,45.772714,5.940625,-0.043111336
0,45.772714,5.94375,-0.042891335
0,45.772714,5.946875,-0.042673208
0,45.772714,5.95,-0.04245693
0,45.772714,5.953125,-0.042242479
0,45.772714,5.95625,-0.042029833
0,45.772714,5.959375,-0.04181897
0,45.772714,5.9625,-0.041609868
0,45.772714,5.965625,-0.041402506
0,45.772714,5.96875,-0.041196863
0,45.772714,5.971875,-0.040992919
0,45.772714,5.975,-0.040790653
0,45.772714,5.978125,-0.040590045
0,45.772714,5.98125,-0.040391077
0,45.772714,5.984375,-0.040193728
0,45.772714,5.9875,-0.039997979
0,45.772714,5.990625,-0.039803812
0,45.772714,5.99375,-0.039611209
0,45.772714,5.996875,-0.039420151
0,45.772714,6,-0.03923062
