"Current","Field","Frequency","Spectra"
0,38.548922,1,-0.018428836
0,38.548922,1.003125,-0.018497101
0,38.548922,1.00625,-0.018565812
0,38.548922,1.009375,-0.018634971
0,38.548922,1.0125,-0.018704584
0,38.548922,1.015625,-0.018774654
0,38.548922,1.01875,-0.018845186
0,38.548922,1.021875,-0.018916185
0,38.548922,1.025,-0.018987654
0,38.548922,1.028125,-0.019059599
0,38.548922,1.03125,-0.019132023
0,38.548922,1.034375,-0.019204932
0,38.548922,1.0375,-0.019278331
0,38.548922,1.040625,-0.019352224
0,38.548922,1.04375,-0.019426615
0,38.548922,1.046875,-0.019501511
0,38.548922,1.05,-0.019576915
0,38.548922,1.053125,-0.019652833
0,38.548922,1.05625,-0.01972927
0,38.548922,1.059375,-0.019806231
0,38.548922,1.0625,-0.019883721
0,38.548922,1.065625,-0.019961746
0,38.548922,1.06875,-0.02004031
0,38.548922,1.071875,-0.02011942
0,38.548922,1.075,-0.020199081
0,38.548922,1.078125,-0.020279298
0,38.548922,1.08125,-0.020360076
0,38.548922,1.084375,-0.020441423
0,38.548922,1.0875,-0.020523343
0,38.548922,1.090625,-0.020605842
0,38.548922,1.09375,-0.020688927
0,38.548922,1.096875,-0.020772603
0,38.548922,1.1,-0.020856876
0,38.548922,1.103125,-0.020941753
0,38.548922,1.10625,-0.021027239
0,38.548922,1.109375,-0.021113342
0,38.548922,1.1125,-0.021200067
0,38.548922,1.115625,-0.021287421
0,38.548922,1.11875,-0.021375412
0,38.548922,1.121875,-0.021464044
0,38.548922,1.125,-0.021553325
0,38.548922,1.128125,-0.021643263
0,38.548922,1.13125,-0.021733864
0,38.548922,1.134375,-0.021825134
0,38.548922,1.1375,-0.021917082
0,38.548922,1.140625,-0.022009715
0,38.548922,1.14375,-0.022103039
0,38.548922,1.146875,-0.022197063
0,38.548922,1.15,-0.022291793
0,38.548922,1.153125,-0.022387239
0,38.548922,1.15625,-0.022483406
0,38.548922,1.159375,-0.022580304
0,38.548922,1.1625,-0.02267794
0,38.548922,1.165625,-0.022776323
0,38.548922,1.16875,-0.02287546
0,38.548922,1.171875,-0.02297536
0,38.548922,1.175,-0.023076032
0,38.548922,1.178125,-0.023177483
0,38.548922,1.18125,-0.023279724
0,38.548922,1.184375,-0.023382762
0,38.548922,1.1875,-0.023486606
0,38.548922,1.190625,-0.023591266
0,38.548922,1.19375,-0.023696752
0,38.548922,1.196875,-0.023803071
0,38.548922,1.2,-0.023910234
0,38.548922,1.203125,-0.024018251
0,38.548922,1.20625,-0.024127131
0,38.548922,1.209375,-0.024236883
0,38.548922,1.2125,-0.02434752
0,38.548922,1.215625,-0.024459049
0,38.548922,1.21875,-0.024571483
0,38.548922,1.221875,-0.02468483
0,38.548922,1.225,-0.024799103
0,38.548922,1.228125,-0.024914312
0,38.548922,1.23125,-0.025030467
0,38.548922,1.234375,-0.025147581
0,38.548922,1.2375,-0.025265664
0,38.548922,1.240625,-0.025384728
0,38.548922,1.24375,-0.025504784
0,38.548922,1.246875,-0.025625845
0,38.548922,1.25,-0.025747923
0,38.548922,1.253125,-0.02587103
0,38.548922,1.25625,-0.025995178
0,38.548922,1.259375,-0.02612038
0,38.548922,1.2625,-0.026246648
0,38.548922,1.265625,-0.026373996
0,38.548922,1.26875,-0.026502438
0,38.548922,1.271875,-0.026631986
0,38.548922,1.275,-0.026762653
0,38.548922,1.278125,-0.026894455
0,38.548922,1.28125,-0.027027405
0,38.548922,1.284375,-0.027161517
0,38.548922,1.2875,-0.027296807
0,38.548922,1.290625,-0.027433287
0,38.548922,1.29375,-0.027570975
0,38.548922,1.296875,-0.027709885
0,38.548922,1.3,-0.027850031
0,38.548922,1.303125,-0.027991432
0,38.548922,1.30625,-0.028134101
0,38.548922,1.309375,-0.028278056
0,38.548922,1.3125,-0.028423313
0,38.548922,1.315625,-0.028569888
0,38.548922,1.31875,-0.0287178
0,38.548922,1.321875,-0.028867065
0,38.548922,1.325,-0.029017701
0,38.548922,1.328125,-0.029169726
0,38.548922,1.33125,-0.029323157
0,38.548922,1.334375,-0.029478015
0,38.548922,1.3375,-0.029634317
0,38.548922,1.340625,-0.029792083
0,38.548922,1.34375,-0.029951332
0,38.548922,1.346875,-0.030112085
0,38.548922,1.35,-0.030274361
0,38.548922,1.353125,-0.03043818
0,38.548922,1.35625,-0.030603565
0,38.548922,1.359375,-0.030770535
0,38.548922,1.3625,-0.030939113
0,38.548922,1.365625,-0.031109321
0,38.548922,1.36875,-0.03128118
0,38.548922,1.371875,-0.031454715
0,38.548922,1.375,-0.031629947
0,38.548922,1.378125,-0.031806901
0,38.548922,1.38125,-0.0319856
0,38.548922,1.384375,-0.032166069
0,38.548922,1.3875,-0.032348333
0,38.548922,1.390625,-0.032532416
0,38.548922,1.39375,-0.032718346
0,38.548922,1.396875,-0.032906148
0,38.548922,1.4,-0.033095848
0,38.548922,1.403125,-0.033287474
0,38.548922,1.40625,-0.033481053
0,38.548922,1.409375,-0.033676614
0,38.548922,1.4125,-0.033874186
0,38.548922,1.415625,-0.034073797
0,38.548922,1.41875,-0.034275477
0,38.548922,1.421875,-0.034479257
0,38.548922,1.425,-0.034685167
0,38.548922,1.428125,-0.034893239
0,38.548922,1.43125,-0.035103505
0,38.548922,1.434375,-0.035315998
0,38.548922,1.4375,-0.03553075
0,38.548922,1.440625,-0.035747796
0,38.548922,1.44375,-0.035967169
0,38.548922,1.446875,-0.036188906
0,38.548922,1.45,-0.036413043
0,38.548922,1.453125,-0.036639614
0,38.548922,1.45625,-0.036868659
0,38.548922,1.459375,-0.037100214
0,38.548922,1.4625,-0.037334319
0,38.548922,1.465625,-0.037571012
0,38.548922,1.46875,-0.037810335
0,38.548922,1.471875,-0.038052328
0,38.548922,1.475,-0.038297032
0,38.548922,1.478125,-0.038544492
0,38.548922,1.48125,-0.038794749
0,38.548922,1.484375,-0.039047848
0,38.548922,1.4875,-0.039303835
0,38.548922,1.490625,-0.039562755
0,38.548922,1.49375,-0.039824657
0,38.548922,1.496875,-0.040089586
0,38.548922,1.5,-0.040357594
0,38.548922,1.503125,-0.040628729
0,38.548922,1.50625,-0.040903043
0,38.548922,1.509375,-0.041180588
0,38.548922,1.5125,-0.041461416
0,38.548922,1.515625,-0.041745583
0,38.548922,1.51875,-0.042033143
0,38.548922,1.521875,-0.042324153
0,38.548922,1.525,-0.04261867
0,38.548922,1.528125,-0.042916754
0,38.548922,1.53125,-0.043218464
0,38.548922,1.534375,-0.043523863
0,38.548922,1.5375,-0.043833012
0,38.548922,1.540625,-0.044145976
0,38.548922,1.54375,-0.04446282
0,38.548922,1.546875,-0.044783611
0,38.548922,1.55,-0.045108417
0,38.548922,1.553125,-0.045437308
0,38.548922,1.55625,-0.045770356
0,38.548922,1.559375,-0.046107632
0,38.548922,1.5625,-0.046449212
0,38.548922,1.565625,-0.046795172
0,38.548922,1.56875,-0.047145588
0,38.548922,1.571875,-0.047500542
0,38.548922,1.575,-0.047860113
0,38.548922,1.578125,-0.048224385
0,38.548922,1.58125,-0.048593443
0,38.548922,1.584375,-0.048967374
0,38.548922,1.5875,-0.049346266
0,38.548922,1.590625,-0.04973021
0,38.548922,1.59375,-0.050119299
0,38.548922,1.596875,-0.050513629
0,38.548922,1.6,-0.050913295
0,38.548922,1.603125,-0.051318398
0,38.548922,1.60625,-0.05172904
0,38.548922,1.609375,-0.052145323
0,38.548922,1.6125,-0.052567356
0,38.548922,1.615625,-0.052995247
0,38.548922,1.61875,-0.053429107
0,38.548922,1.621875,-0.05386905
0,38.548922,1.625,-0.054315195
0,38.548922,1.628125,-0.054767659
0,38.548922,1.63125,-0.055226567
0,38.548922,1.634375,-0.055692043
0,38.548922,1.6375,-0.056164216
0,38.548922,1.640625,-0.056643217
0,38.548922,1.64375,-0.057129182
0,38.548922,1.646875,-0.057622248
0,38.548922,1.65,-0.058122557
0,38.548922,1.653125,-0.058630255
0,38.548922,1.65625,-0.059145489
0,38.548922,1.659375,-0.059668412
0,38.548922,1.6625,-0.06019918
0,38.548922,1.665625,-0.060737952
0,38.548922,1.66875,-0.061284894
0,38.548922,1.671875,-0.061840173
0,38.548922,1.675,-0.062403961
0,38.548922,1.678125,-0.062976436
0,38.548922,1.68125,-0.063557778
0,38.548922,1.684375,-0.064148173
0,38.548922,1.6875,-0.064747812
0,38.548922,1.690625,-0.06535689
0,38.548922,1.69375,-0.065975609
0,38.548922,1.696875,-0.066604173
0,38.548922,1.7,-0.067242795
0,38.548922,1.703125,-0.067891691
0,38.548922,1.70625,-0.068551084
0,38.548922,1.709375,-0.069221202
0,38.548922,1.7125,-0.069902278
0,38.548922,1.715625,-0.070594555
0,38.548922,1.71875,-0.071298279
0,38.548922,1.721875,-0.072013704
0,38.548922,1.725,-0.07274109
0,38.548922,1.728125,-0.073480705
0,38.548922,1.73125,-0.074232823
0,38.548922,1.734375,-0.074997728
0,38.548922,1.7375,-0.075775709
0,38.548922,1.740625,-0.076567064
0,38.548922,1.74375,-0.0773721
0,38.548922,1.746875,-0.07819113
0,38.548922,1.75,-0.079024479
0,38.548922,1.753125,-0.079872479
0,38.548922,1.75625,-0.08073547
0,38.548922,1.759375,-0.081613806
0,38.548922,1.7625,-0.082507846
0,38.548922,1.765625,-0.083417963
0,38.548922,1.76875,-0.084344537
0,38.548922,1.771875,-0.085287961
0,38.548922,1.775,-0.08624864
0,38.548922,1.778125,-0.087226988
0,38.548922,1.78125,-0.088223433
0,38.548922,1.784375,-0.089238415
0,38.548922,1.7875,-0.090272384
0,38.548922,1.790625,-0.091325808
0,38.548922,1.79375,-0.092399164
0,38.548922,1.796875,-0.093492945
0,38.548922,1.8,-0.094607658
0,38.548922,1.803125,-0.095743825
0,38.548922,1.80625,-0.096901983
0,38.548922,1.809375,-0.098082685
0,38.548922,1.8125,-0.099286501
0,38.548922,1.815625,-0.10051401
0,38.548922,1.81875,-0.10176583
0,38.548922,1.821875,-0.10304257
0,38.548922,1.825,-0.10434487
0,38.548922,1.828125,-0.1056734
0,38.548922,1.83125,-0.10702882
0,38.548922,1.834375,-0.10841184
0,38.548922,1.8375,-0.10982317
0,38.548922,1.840625,-0.11126357
0,38.548922,1.84375,-0.11273378
0,38.548922,1.846875,-0.1142346
0,38.548922,1.85,-0.11576683
0,38.548922,1.853125,-0.1173313
0,38.548922,1.85625,-0.11892888
0,38.548922,1.859375,-0.12056045
0,38.548922,1.8625,-0.12222692
0,38.548922,1.865625,-0.12392922
0,38.548922,1.86875,-0.12566833
0,38.548922,1.871875,-0.12744522
0,38.548922,1.875,-0.12926093
0,38.548922,1.878125,-0.13111651
0,38.548922,1.88125,-0.13301304
0,38.548922,1.884375,-0.13495164
0,38.548922,1.8875,-0.13693346
0,38.548922,1.890625,-0.13895968
0,38.548922,1.89375,-0.14103152
0,38.548922,1.896875,-0.14315023
0,38.548922,1.9,-0.14531709
0,38.548922,1.903125,-0.14753343
0,38.548922,1.90625,-0.14980061
0,38.548922,1.909375,-0.15212003
0,38.548922,1.9125,-0.15449313
0,38.548922,1.915625,-0.15692138
0,38.548922,1.91875,-0.15940631
0,38.548922,1.921875,-0.16194947
0,38.548922,1.925,-0.16455246
0,38.548922,1.928125,-0.16721691
0,38.548922,1.93125,-0.16994452
0,38.548922,1.934375,-0.17273701
0,38.548922,1.9375,-0.17559614
0,38.548922,1.940625,-0.17852371
0,38.548922,1.94375,-0.18152158
0,38.548922,1.946875,-0.18459164
0,38.548922,1.95,-0.18773582
0,38.548922,1.953125,-0.19095608
0,38.548922,1.95625,-0.19425444
0,38.548922,1.959375,-0.19763294
0,38.548922,1.9625,-0.20109367
0,38.548922,1.965625,-0.20463873
0,38.548922,1.96875,-0.20827029
0,38.548922,1.971875,-0.21199051
0,38.548922,1.975,-0.21580159
0,38.548922,1.978125,-0.21970576
0,38.548922,1.98125,-0.22370526
0,38.548922,1.984375,-0.22780234
0,38.548922,1.9875,-0.23199925
0,38.548922,1.990625,-0.23629827
0,38.548922,1.99375,-0.24070164
0,38.548922,1.996875,-0.24521159
0,38.548922,2,-0.24983036
0,38.548922,2.003125,-0.2545601
0,38.548922,2.00625,-0.25940298
0,38.548922,2.009375,-0.26436105
0,38.548922,2.0125,-0.26943635
0,38.548922,2.015625,-0.27463078
0,38.548922,2.01875,-0.27994617
0,38.548922,2.021875,-0.28538423
0,38.548922,2.025,-0.29094652
0,38.548922,2.028125,-0.29663445
0,38.548922,2.03125,-0.30244923
0,38.548922,2.034375,-0.30839189
0,38.548922,2.0375,-0.31446319
0,38.548922,2.040625,-0.32066365
0,38.548922,2.04375,-0.32699349
0,38.548922,2.046875,-0.33345259
0,38.548922,2.05,-0.34004048
0,38.548922,2.053125,-0.34675626
0,38.548922,2.05625,-0.35359863
0,38.548922,2.059375,-0.36056577
0,38.548922,2.0625,-0.36765535
0,38.548922,2.065625,-0.37486446
0,38.548922,2.06875,-0.38218956
0,38.548922,2.071875,-0.38962646
0,38.548922,2.075,-0.39717024
0,38.548922,2.078125,-0.40481521
0,38.548922,2.08125,-0.41255488
0,38.548922,2.084375,-0.42038188
0,38.548922,2.0875,-0.42828792
0,38.548922,2.090625,-0.43626376
0,38.548922,2.09375,-0.44429918
0,38.548922,2.096875,-0.45238289
0,38.548922,2.1,-0.46050255
0,38.548922,2.103125,-0.46864472
0,38.548922,2.10625,-0.47679484
0,38.548922,2.109375,-0.48493723
0,38.548922,2.1125,-0.49305509
0,38.548922,2.115625,-0.50113052
0,38.548922,2.11875,-0.50914453
0,38.548922,2.121875,-0.51707706
0,38.548922,2.125,-0.52490712
0,38.548922,2.128125,-0.53261277
0,38.548922,2.13125,-0.54017124
0,38.548922,2.134375,-0.54755908
0,38.548922,2.1375,-0.55475224
0,38.548922,2.140625,-0.56172621
0,38.548922,2.14375,-0.56845622
0,38.548922,2.146875,-0.57491742
0,38.548922,2.15,-0.58108501
0,38.548922,2.153125,-0.58693453
0,38.548922,2.15625,-0.59244204
0,38.548922,2.159375,-0.59758434
0,38.548922,2.1625,-0.60233922
0,38.548922,2.165625,-0.60668568
0,38.548922,2.16875,-0.61060416
0,38.548922,2.171875,-0.61407677
0,38.548922,2.175,-0.61708748
0,38.548922,2.178125,-0.61962233
0,38.548922,2.18125,-0.6216696
0,38.548922,2.184375,-0.62321993
0,38.548922,2.1875,-0.62426649
0,38.548922,2.190625,-0.62480501
0,38.548922,2.19375,-0.62483387
0,38.548922,2.196875,-0.62435413
0,38.548922,2.2,-0.62336949
0,38.548922,2.203125,-0.62188626
0,38.548922,2.20625,-0.61991328
0,38.548922,2.209375,-0.61746178
0,38.548922,2.2125,-0.6145453
0,38.548922,2.215625,-0.61117945
0,38.548922,2.21875,-0.6073818
0,38.548922,2.221875,-0.60317161
0,38.548922,2.225,-0.59856965
0,38.548922,2.228125,-0.59359795
0,38.548922,2.23125,-0.58827961
0,38.548922,2.234375,-0.5826385
0,38.548922,2.2375,-0.57669911
0,38.548922,2.240625,-0.57048626
0,38.548922,2.24375,-0.56402494
0,38.548922,2.246875,-0.55734008
0,38.548922,2.25,-0.55045638
0,38.548922,2.253125,-0.54339814
0,38.548922,2.25625,-0.53618911
0,38.548922,2.259375,-0.52885235
0,38.548922,2.2625,-0.52141016
0,38.548922,2.265625,-0.5138839
0,38.548922,2.26875,-0.50629399
0,38.548922,2.271875,-0.49865984
0,38.548922,2.275,-0.49099976
0,38.548922,2.278125,-0.48333096
0,38.548922,2.28125,-0.47566956
0,38.548922,2.284375,-0.46803052
0,38.548922,2.2875,-0.46042771
0,38.548922,2.290625,-0.45287391
0,38.548922,2.29375,-0.44538081
0,38.548922,2.296875,-0.43795905
0,38.548922,2.3,-0.43061827
0,38.548922,2.303125,-0.42336717
0,38.548922,2.30625,-0.41621349
0,38.548922,2.309375,-0.40916411
0,38.548922,2.3125,-0.4022251
0,38.548922,2.315625,-0.39540174
0,38.548922,2.31875,-0.38869859
0,38.548922,2.321875,-0.38211951
0,38.548922,2.325,-0.37566777
0,38.548922,2.328125,-0.36934604
0,38.548922,2.33125,-0.36315644
0,38.548922,2.334375,-0.35710063
0,38.548922,2.3375,-0.3511798
0,38.548922,2.340625,-0.34539474
0,38.548922,2.34375,-0.33974588
0,38.548922,2.346875,-0.33423331
0,38.548922,2.35,-0.32885682
0,38.548922,2.353125,-0.32361594
0,38.548922,2.35625,-0.31850996
0,38.548922,2.359375,-0.31353796
0,38.548922,2.3625,-0.30869885
0,38.548922,2.365625,-0.30399136
0,38.548922,2.36875,-0.29941411
0,38.548922,2.371875,-0.29496559
0,38.548922,2.375,-0.29064419
0,38.548922,2.378125,-0.28644823
0,38.548922,2.38125,-0.28237595
0,38.548922,2.384375,-0.27842556
0,38.548922,2.3875,-0.27459522
0,38.548922,2.390625,-0.27088306
0,38.548922,2.39375,-0.26728722
0,38.548922,2.396875,-0.2638058
0,38.548922,2.4,-0.26043693
0,38.548922,2.403125,-0.25717874
0,38.548922,2.40625,-0.25402939
0,38.548922,2.409375,-0.25098704
0,38.548922,2.4125,-0.24804991
0,38.548922,2.415625,-0.24521624
0,38.548922,2.41875,-0.24248431
0,38.548922,2.421875,-0.23985244
0,38.548922,2.425,-0.23731901
0,38.548922,2.428125,-0.23488244
0,38.548922,2.43125,-0.23254121
0,38.548922,2.434375,-0.23029385
0,38.548922,2.4375,-0.22813895
0,38.548922,2.440625,-0.22607516
0,38.548922,2.44375,-0.2241012
0,38.548922,2.446875,-0.22221584
0,38.548922,2.45,-0.22041791
0,38.548922,2.453125,-0.21870633
0,38.548922,2.45625,-0.21708006
0,38.548922,2.459375,-0.21553815
0,38.548922,2.4625,-0.2140797
0,38.548922,2.465625,-0.2127039
0,38.548922,2.46875,-0.21140998
0,38.548922,2.471875,-0.21019726
0,38.548922,2.475,-0.20906514
0,38.548922,2.478125,-0.20801307
0,38.548922,2.48125,-0.20704059
0,38.548922,2.484375,-0.20614731
0,38.548922,2.4875,-0.2053329
0,38.548922,2.490625,-0.20459711
0,38.548922,2.49375,-0.20393979
0,38.548922,2.496875,-0.20336082
0,38.548922,2.5,-0.2028602
0,38.548922,2.503125,-0.20243797
0,38.548922,2.50625,-0.20209427
0,38.548922,2.509375,-0.20182932
0,38.548922,2.5125,-0.20164339
0,38.548922,2.515625,-0.20153685
0,38.548922,2.51875,-0.20151016
0,38.548922,2.521875,-0.20156383
0,38.548922,2.525,-0.20169847
0,38.548922,2.528125,-0.20191476
0,38.548922,2.53125,-0.20221347
0,38.548922,2.534375,-0.20259544
0,38.548922,2.5375,-0.2030616
0,38.548922,2.540625,-0.20361295
0,38.548922,2.54375,-0.20425057
0,38.548922,2.546875,-0.20497564
0,38.548922,2.55,-0.20578937
0,38.548922,2.553125,-0.2066931
0,38.548922,2.55625,-0.20768821
0,38.548922,2.559375,-0.20877616
0,38.548922,2.5625,-0.20995849
0,38.548922,2.565625,-0.21123678
0,38.548922,2.56875,-0.21261271
0,38.548922,2.571875,-0.21408798
0,38.548922,2.575,-0.21566436
0,38.548922,2.578125,-0.21734367
0,38.548922,2.58125,-0.21912773
0,38.548922,2.584375,-0.22101844
0,38.548922,2.5875,-0.22301766
0,38.548922,2.590625,-0.2251273
0,38.548922,2.59375,-0.22734922
0,38.548922,2.596875,-0.22968528
0,38.548922,2.6,-0.23213728
0,38.548922,2.603125,-0.23470695
0,38.548922,2.60625,-0.23739593
0,38.548922,2.609375,-0.24020575
0,38.548922,2.6125,-0.24313777
0,38.548922,2.615625,-0.24619318
0,38.548922,2.61875,-0.24937295
0,38.548922,2.621875,-0.2526778
0,38.548922,2.625,-0.25610811
0,38.548922,2.628125,-0.25966393
0,38.548922,2.63125,-0.2633449
0,38.548922,2.634375,-0.26715018
0,38.548922,2.6375,-0.27107841
0,38.548922,2.640625,-0.27512761
0,38.548922,2.64375,-0.27929514
0,38.548922,2.646875,-0.28357763
0,38.548922,2.65,-0.28797087
0,38.548922,2.653125,-0.29246974
0,38.548922,2.65625,-0.29706813
0,38.548922,2.659375,-0.30175888
0,38.548922,2.6625,-0.30653366
0,38.548922,2.665625,-0.31138292
0,38.548922,2.66875,-0.31629578
0,38.548922,2.671875,-0.32126003
0,38.548922,2.675,-0.32626201
0,38.548922,2.678125,-0.3312866
0,38.548922,2.68125,-0.3363172
0,38.548922,2.684375,-0.3413357
0,38.548922,2.6875,-0.34632255
0,38.548922,2.690625,-0.35125673
0,38.548922,2.69375,-0.35611592
0,38.548922,2.696875,-0.36087654
0,38.548922,2.7,-0.36551393
0,38.548922,2.703125,-0.37000256
0,38.548922,2.70625,-0.3743162
0,38.548922,2.709375,-0.37842822
0,38.548922,2.7125,-0.38231188
0,38.548922,2.715625,-0.38594067
0,38.548922,2.71875,-0.38928863
0,38.548922,2.721875,-0.39233078
0,38.548922,2.725,-0.39504343
0,38.548922,2.728125,-0.39740465
0,38.548922,2.73125,-0.39939457
0,38.548922,2.734375,-0.40099579
0,38.548922,2.7375,-0.40219366
0,38.548922,2.740625,-0.40297658
0,38.548922,2.74375,-0.40333624
0,38.548922,2.746875,-0.40326772
0,38.548922,2.75,-0.40276968
0,38.548922,2.753125,-0.4018443
0,38.548922,2.75625,-0.40049727
0,38.548922,2.759375,-0.3987377
0,38.548922,2.7625,-0.39657787
0,38.548922,2.765625,-0.39403307
0,38.548922,2.76875,-0.39112123
0,38.548922,2.771875,-0.38786264
0,38.548922,2.775,-0.38427957
0,38.548922,2.778125,-0.3803959
0,38.548922,2.78125,-0.37623673
0,38.548922,2.784375,-0.37182797
0,38.548922,2.7875,-0.36719602
0,38.548922,2.790625,-0.36236738
0,38.548922,2.79375,-0.35736837
0,38.548922,2.796875,-0.35222479
0,38.548922,2.8,-0.34696172
0,38.548922,2.803125,-0.34160326
0,38.548922,2.80625,-0.3361724
0,38.548922,2.809375,-0.33069084
0,38.548922,2.8125,-0.32517891
0,38.548922,2.815625,-0.31965551
0,38.548922,2.81875,-0.31413803
0,38.548922,2.821875,-0.30864239
0,38.548922,2.825,-0.303183
0,38.548922,2.828125,-0.29777282
0,38.548922,2.83125,-0.29242339
0,38.548922,2.834375,-0.28714492
0,38.548922,2.8375,-0.2819463
0,38.548922,2.840625,-0.27683522
0,38.548922,2.84375,-0.27181824
0,38.548922,2.846875,-0.26690087
0,38.548922,2.85,-0.26208762
0,38.548922,2.853125,-0.25738216
0,38.548922,2.85625,-0.25278731
0,38.548922,2.859375,-0.24830519
0,38.548922,2.8625,-0.24393725
0,38.548922,2.865625,-0.23968434
0,38.548922,2.86875,-0.23554683
0,38.548922,2.871875,-0.23152458
0,38.548922,2.875,-0.22761708
0,38.548922,2.878125,-0.22382347
0,38.548922,2.88125,-0.22014258
0,38.548922,2.884375,-0.21657297
0,38.548922,2.8875,-0.213113
0,38.548922,2.890625,-0.20976085
0,38.548922,2.89375,-0.20651454
0,38.548922,2.896875,-0.20337196
0,38.548922,2.9,-0.20033091
0,38.548922,2.903125,-0.19738913
0,38.548922,2.90625,-0.19454429
0,38.548922,2.909375,-0.19179404
0,38.548922,2.9125,-0.18913599
0,38.548922,2.915625,-0.18656776
0,38.548922,2.91875,-0.18408696
0,38.548922,2.921875,-0.18169123
0,38.548922,2.925,-0.17937823
0,38.548922,2.928125,-0.17714565
0,38.548922,2.93125,-0.1749912
0,38.548922,2.934375,-0.17291266
0,38.548922,2.9375,-0.17090784
0,38.548922,2.940625,-0.1689746
0,38.548922,2.94375,-0.16711086
0,38.548922,2.946875,-0.16531458
0,38.548922,2.95,-0.16358379
0,38.548922,2.953125,-0.16191658
0,38.548922,2.95625,-0.16031107
0,38.548922,2.959375,-0.15876548
0,38.548922,2.9625,-0.15727805
0,38.548922,2.965625,-0.1558471
0,38.548922,2.96875,-0.15447099
0,38.548922,2.971875,-0.15314815
0,38.548922,2.975,-0.15187708
0,38.548922,2.978125,-0.15065629
0,38.548922,2.98125,-0.14948439
0,38.548922,2.984375,-0.14836001
0,38.548922,2.9875,-0.14728185
0,38.548922,2.990625,-0.14624866
0,38.548922,2.99375,-0.14525924
0,38.548922,2.996875,-0.14431241
0,38.548922,3,-0.14340707
0,38.548922,3.003125,-0.14254216
0,38.548922,3.00625,-0.14171666
0,38.548922,3.009375,-0.14092957
0,38.548922,3.0125,-0.14017997
0,38.548922,3.015625,-0.13946696
0,38.548922,3.01875,-0.13878968
0,38.548922,3.021875,-0.1381473
0,38.548922,3.025,-0.13753905
0,38.548922,3.028125,-0.13696417
0,38.548922,3.03125,-0.13642196
0,38.548922,3.034375,-0.13591173
0,38.548922,3.0375,-0.13543283
0,38.548922,3.040625,-0.13498465
0,38.548922,3.04375,-0.1345666
0,38.548922,3.046875,-0.13417813
0,38.548922,3.05,-0.13381871
0,38.548922,3.053125,-0.13348785
0,38.548922,3.05625,-0.13318507
0,38.548922,3.059375,-0.13290992
0,38.548922,3.0625,-0.132662
0,38.548922,3.065625,-0.13244091
0,38.548922,3.06875,-0.13224627
0,38.548922,3.071875,-0.13207776
0,38.548922,3.075,-0.13193504
0,38.548922,3.078125,-0.13181782
0,38.548922,3.08125,-0.13172583
0,38.548922,3.084375,-0.13165881
0,38.548922,3.0875,-0.13161654
0,38.548922,3.090625,-0.1315988
0,38.548922,3.09375,-0.13160542
0,38.548922,3.096875,-0.13163621
0,38.548922,3.1,-0.13169104
0,38.548922,3.103125,-0.13176979
0,38.548922,3.10625,-0.13187234
0,38.548922,3.109375,-0.13199861
0,38.548922,3.1125,-0.13214854
0,38.548922,3.115625,-0.13232207
0,38.548922,3.11875,-0.13251919
0,38.548922,3.121875,-0.13273988
0,38.548922,3.125,-0.13298416
0,38.548922,3.128125,-0.13325206
0,38.548922,3.13125,-0.13354363
0,38.548922,3.134375,-0.13385894
0,38.548922,3.1375,-0.13419809
0,38.548922,3.140625,-0.13456118
0,38.548922,3.14375,-0.13494834
0,38.548922,3.146875,-0.13535973
0,38.548922,3.15,-0.13579552
0,38.548922,3.153125,-0.13625589
0,38.548922,3.15625,-0.13674107
0,38.548922,3.159375,-0.13725128
0,38.548922,3.1625,-0.13778678
0,38.548922,3.165625,-0.13834784
0,38.548922,3.16875,-0.13893477
0,38.548922,3.171875,-0.13954789
0,38.548922,3.175,-0.14018754
0,38.548922,3.178125,-0.1408541
0,38.548922,3.18125,-0.14154795
0,38.548922,3.184375,-0.14226951
0,38.548922,3.1875,-0.14301923
0,38.548922,3.190625,-0.14379758
0,38.548922,3.19375,-0.14460504
0,38.548922,3.196875,-0.14544216
0,38.548922,3.2,-0.14630947
0,38.548922,3.203125,-0.14720755
0,38.548922,3.20625,-0.14813703
0,38.548922,3.209375,-0.14909853
0,38.548922,3.2125,-0.15009272
0,38.548922,3.215625,-0.15112032
0,38.548922,3.21875,-0.15218206
0,38.548922,3.221875,-0.15327871
0,38.548922,3.225,-0.15441107
0,38.548922,3.228125,-0.15557999
0,38.548922,3.23125,-0.15678634
0,38.548922,3.234375,-0.15803104
0,38.548922,3.2375,-0.15931505
0,38.548922,3.240625,-0.16063935
0,38.548922,3.24375,-0.16200499
0,38.548922,3.246875,-0.16341304
0,38.548922,3.25,-0.16486461
0,38.548922,3.253125,-0.16636088
0,38.548922,3.25625,-0.16790304
0,38.548922,3.259375,-0.16949235
0,38.548922,3.2625,-0.1711301
0,38.548922,3.265625,-0.17281763
0,38.548922,3.26875,-0.17455634
0,38.548922,3.271875,-0.17634765
0,38.548922,3.275,-0.17819305
0,38.548922,3.278125,-0.18009408
0,38.548922,3.28125,-0.18205229
0,38.548922,3.284375,-0.18406931
0,38.548922,3.2875,-0.1861468
0,38.548922,3.290625,-0.18828648
0,38.548922,3.29375,-0.1904901
0,38.548922,3.296875,-0.19275943
0,38.548922,3.3,-0.19509632
0,38.548922,3.303125,-0.19750261
0,38.548922,3.30625,-0.19998021
0,38.548922,3.309375,-0.20253104
0,38.548922,3.3125,-0.20515703
0,38.548922,3.315625,-0.20786014
0,38.548922,3.31875,-0.21064235
0,38.548922,3.321875,-0.21350562
0,38.548922,3.325,-0.21645194
0,38.548922,3.328125,-0.21948325
0,38.548922,3.33125,-0.22260149
0,38.548922,3.334375,-0.22580857
0,38.548922,3.3375,-0.22910634
0,38.548922,3.340625,-0.23249663
0,38.548922,3.34375,-0.23598116
0,38.548922,3.346875,-0.23956161
0,38.548922,3.35,-0.24323954
0,38.548922,3.353125,-0.24701641
0,38.548922,3.35625,-0.25089357
0,38.548922,3.359375,-0.25487223
0,38.548922,3.3625,-0.25895345
0,38.548922,3.365625,-0.26313814
0,38.548922,3.36875,-0.26742702
0,38.548922,3.371875,-0.27182065
0,38.548922,3.375,-0.2763194
0,38.548922,3.378125,-0.28092343
0,38.548922,3.38125,-0.28563272
0,38.548922,3.384375,-0.29044706
0,38.548922,3.3875,-0.29536606
0,38.548922,3.390625,-0.30038913
0,38.548922,3.39375,-0.30551555
0,38.548922,3.396875,-0.31074444
0,38.548922,3.4,-0.31607484
0,38.548922,3.403125,-0.32150566
0,38.548922,3.40625,-0.32703578
0,38.548922,3.409375,-0.33266405
0,38.548922,3.4125,-0.33838927
0,38.548922,3.415625,-0.34421024
0,38.548922,3.41875,-0.35012567
0,38.548922,3.421875,-0.35613417
0,38.548922,3.425,-0.36223403
0,38.548922,3.428125,-0.36842311
0,38.548922,3.43125,-0.37469849
0,38.548922,3.434375,-0.38105616
0,38.548922,3.4375,-0.38749063
0,38.548922,3.440625,-0.39399454
0,38.548922,3.44375,-0.40055844
0,38.548922,3.446875,-0.4071709
0,38.548922,3.45,-0.41381896
0,38.548922,3.453125,-0.42048935
0,38.548922,3.45625,-0.42717035
0,38.548922,3.459375,-0.43385416
0,38.548922,3.4625,-0.44053959
0,38.548922,3.465625,-0.44723432
0,38.548922,3.46875,-0.45395638
0,38.548922,3.471875,-0.46073418
0,38.548922,3.475,-0.46760524
0,38.548922,3.478125,-0.47461368
0,38.548922,3.48125,-0.48180702
0,38.548922,3.484375,-0.48923272
0,38.548922,3.4875,-0.49693482
0,38.548922,3.490625,-0.50495072
0,38.548922,3.49375,-0.51330811
0,38.548922,3.496875,-0.52202167
0,38.548922,3.5,-0.53108963
0,38.548922,3.503125,-0.54049001
0,38.548922,3.50625,-0.55017681
0,38.548922,3.509375,-0.56007681
0,38.548922,3.5125,-0.57008761
0,38.548922,3.515625,-0.58007837
0,38.548922,3.51875,-0.58989408
0,38.548922,3.521875,-0.59936462
0,38.548922,3.525,-0.60831841
0,38.548922,3.528125,-0.6165997
0,38.548922,3.53125,-0.62408677
0,38.548922,3.534375,-0.63070763
0,38.548922,3.5375,-0.63644952
0,38.548922,3.540625,-0.64135976
0,38.548922,3.54375,-0.64553774
0,38.548922,3.546875,-0.64911977
0,38.548922,3.55,-0.65226033
0,38.548922,3.553125,-0.65511317
0,38.548922,3.55625,-0.65781548
0,38.548922,3.559375,-0.66047661
0,38.548922,3.5625,-0.66317202
0,38.548922,3.565625,-0.66594225
0,38.548922,3.56875,-0.66879629
0,38.548922,3.571875,-0.6717187
0,38.548922,3.575,-0.6746792
0,38.548922,3.578125,-0.6776432
0,38.548922,3.58125,-0.68058142
0,38.548922,3.584375,-0.68347633
0,38.548922,3.5875,-0.68632449
0,38.548922,3.590625,-0.68913462
0,38.548922,3.59375,-0.69192284
0,38.548922,3.596875,-0.6947069
0,38.548922,3.6,-0.69750109
0,38.548922,3.603125,-0.70031287
0,38.548922,3.60625,-0.70314133
0,38.548922,3.609375,-0.70597709
0,38.548922,3.6125,-0.70880314
0,38.548922,3.615625,-0.71159592
0,38.548922,3.61875,-0.71432652
0,38.548922,3.621875,-0.71696165
0,38.548922,3.625,-0.71946472
0,38.548922,3.628125,-0.72179701
0,38.548922,3.63125,-0.72391947
0,38.548922,3.634375,-0.72579506
0,38.548922,3.6375,-0.727392
0,38.548922,3.640625,-0.72868744
0,38.548922,3.64375,-0.72967113
0,38.548922,3.646875,-0.73034831
0,38.548922,3.65,-0.73074107
0,38.548922,3.653125,-0.73088772
0,38.548922,3.65625,-0.73084011
0,38.548922,3.659375,-0.73065935
0,38.548922,3.6625,-0.73041083
0,38.548922,3.665625,-0.73015934
0,38.548922,3.66875,-0.72996503
0,38.548922,3.671875,-0.7298805
0,38.548922,3.675,-0.72994925
0,38.548922,3.678125,-0.73020502
0,38.548922,3.68125,-0.730672
0,38.548922,3.684375,-0.73136525
0,38.548922,3.6875,-0.73229134
0,38.548922,3.690625,-0.73344867
0,38.548922,3.69375,-0.73482758
0,38.548922,3.696875,-0.73641005
0,38.548922,3.7,-0.73816921
0,38.548922,3.703125,-0.74006873
0,38.548922,3.70625,-0.74206256
0,38.548922,3.709375,-0.7440955
0,38.548922,3.7125,-0.74610495
0,38.548922,3.715625,-0.74802433
0,38.548922,3.71875,-0.74978813
0,38.548922,3.721875,-0.75133821
0,38.548922,3.725,-0.75263054
0,38.548922,3.728125,-0.75364113
0,38.548922,3.73125,-0.75436996
0,38.548922,3.734375,-0.75484217
0,38.548922,3.7375,-0.75510606
0,38.548922,3.740625,-0.75522844
0,38.548922,3.74375,-0.75528821
0,38.548922,3.746875,-0.75536926
0,38.548922,3.75,-0.75555387
0,38.548922,3.753125,-0.75591741
0,38.548922,3.75625,-0.75652459
0,38.548922,3.759375,-0.75742751
0,38.548922,3.7625,-0.75866521
0,38.548922,3.765625,-0.76026434
0,38.548922,3.76875,-0.76224073
0,38.548922,3.771875,-0.76460138
0,38.548922,3.775,-0.76734673
0,38.548922,3.778125,-0.77047288
0,38.548922,3.78125,-0.77397373
0,38.548922,3.784375,-0.77784276
0,38.548922,3.7875,-0.78207456
0,38.548922,3.790625,-0.78666583
0,38.548922,3.79375,-0.79161598
0,38.548922,3.796875,-0.79692734
0,38.548922,3.8,-0.80260489
0,38.548922,3.803125,-0.80865576
0,38.548922,3.80625,-0.81508842
0,38.548922,3.809375,-0.8219118
0,38.548922,3.8125,-0.82913427
0,38.548922,3.815625,-0.8367627
0,38.548922,3.81875,-0.84480154
0,38.548922,3.821875,-0.85325193
0,38.548922,3.825,-0.86211094
0,38.548922,3.828125,-0.87137084
0,38.548922,3.83125,-0.88101848
0,38.548922,3.834375,-0.89103462
0,38.548922,3.8375,-0.9013934
0,38.548922,3.840625,-0.91206181
0,38.548922,3.84375,-0.92299923
0,38.548922,3.846875,-0.9341571
0,38.548922,3.85,-0.94547876
0,38.548922,3.853125,-0.95689957
0,38.548922,3.85625,-0.96834735
0,38.548922,3.859375,-0.97974334
0,38.548922,3.8625,-0.99100361
0,38.548922,3.865625,-1.0020413
0,38.548922,3.86875,-1.0127692
0,38.548922,3.871875,-1.0231035
0,38.548922,3.875,-1.0329674
0,38.548922,3.878125,-1.0422954
0,38.548922,3.88125,-1.0510374
0,38.548922,3.884375,-1.0591625
0,38.548922,3.8875,-1.0666617
0,38.548922,3.890625,-1.0735494
0,38.548922,3.89375,-1.0798643
0,38.548922,3.896875,-1.0856671
0,38.548922,3.9,-1.0910387
0,38.548922,3.903125,-1.0960758
0,38.548922,3.90625,-1.1008862
0,38.548922,3.909375,-1.1055844
0,38.548922,3.9125,-1.1102868
0,38.548922,3.915625,-1.1151082
0,38.548922,3.91875,-1.1201583
0,38.548922,3.921875,-1.1255398
0,38.548922,3.925,-1.1313472
0,38.548922,3.928125,-1.137666
0,38.548922,3.93125,-1.1445723
0,38.548922,3.934375,-1.1521329
0,38.548922,3.9375,-1.1604047
0,38.548922,3.940625,-1.1694347
0,38.548922,3.94375,-1.1792588
0,38.548922,3.946875,-1.1899004
0,38.548922,3.95,-1.2013679
0,38.548922,3.953125,-1.2136521
0,38.548922,3.95625,-1.2267221
0,38.548922,3.959375,-1.2405215
0,38.548922,3.9625,-1.2549641
0,38.548922,3.965625,-1.2699303
0,38.548922,3.96875,-1.2852655
0,38.548922,3.971875,-1.3007823
0,38.548922,3.975,-1.3162663
0,38.548922,3.978125,-1.3314886
0,38.548922,3.98125,-1.3462236
0,38.548922,3.984375,-1.3602713
0,38.548922,3.9875,-1.37348
0,38.548922,3.990625,-1.3857653
0,38.548922,3.99375,-1.3971213
0,38.548922,3.996875,-1.4076209
0,38.548922,4,-1.4174052
0,38.548922,4.003125,-1.426665
0,38.548922,4.00625,-1.4356195
0,38.548922,4.009375,-1.4444939
0,38.548922,4.0125,-1.4535028
0,38.548922,4.015625,-1.4628374
0,38.548922,4.01875,-1.4726585
0,38.548922,4.021875,-1.4830935
0,38.548922,4.025,-1.4942369
0,38.548922,4.028125,-1.5061527
0,38.548922,4.03125,-1.5188775
0,38.548922,4.034375,-1.5324245
0,38.548922,4.0375,-1.5467874
0,38.548922,4.040625,-1.5619439
0,38.548922,4.04375,-1.5778592
0,38.548922,4.046875,-1.5944883
0,38.548922,4.05,-1.6117789
0,38.548922,4.053125,-1.6296717
0,38.548922,4.05625,-1.6481015
0,38.548922,4.059375,-1.6669967
0,38.548922,4.0625,-1.686278
0,38.548922,4.065625,-1.7058572
0,38.548922,4.06875,-1.7256361
0,38.548922,4.071875,-1.7455057
0,38.548922,4.075,-1.7653471
0,38.548922,4.078125,-1.7850343
0,38.548922,4.08125,-1.8044381
0,38.548922,4.084375,-1.8234329
0,38.548922,4.0875,-1.841903
0,38.548922,4.090625,-1.8597496
0,38.548922,4.09375,-1.876895
0,38.548922,4.096875,-1.8932849
0,38.548922,4.1,-1.9088866
0,38.548922,4.103125,-1.9236849
0,38.548922,4.10625,-1.9376768
0,38.548922,4.109375,-1.950865
0,38.548922,4.1125,-1.9632529
0,38.548922,4.115625,-1.9748408
0,38.548922,4.11875,-1.9856241
0,38.548922,4.121875,-1.9955924
0,38.548922,4.125,-2.0047304
0,38.548922,4.128125,-2.0130193
0,38.548922,4.13125,-2.0204382
0,38.548922,4.134375,-2.0269661
0,38.548922,4.1375,-2.0325839
0,38.548922,4.140625,-2.0372752
0,38.548922,4.14375,-2.0410283
0,38.548922,4.146875,-2.0438374
0,38.548922,4.15,-2.0457028
0,38.548922,4.153125,-2.0466325
0,38.548922,4.15625,-2.0466423
0,38.548922,4.159375,-2.0457561
0,38.548922,4.1625,-2.0440065
0,38.548922,4.165625,-2.041434
0,38.548922,4.16875,-2.0380875
0,38.548922,4.171875,-2.0340227
0,38.548922,4.175,-2.0293023
0,38.548922,4.178125,-2.0239939
0,38.548922,4.18125,-2.0181694
0,38.548922,4.184375,-2.0119035
0,38.548922,4.1875,-2.005272
0,38.548922,4.190625,-1.9983509
0,38.548922,4.19375,-1.9912151
0,38.548922,4.196875,-1.9839377
0,38.548922,4.2,-1.9765901
0,38.548922,4.203125,-1.969242
0,38.548922,4.20625,-1.9619627
0,38.548922,4.209375,-1.9548222
0,38.548922,4.2125,-1.9478934
0,38.548922,4.215625,-1.9412535
0,38.548922,4.21875,-1.9349855
0,38.548922,4.221875,-1.9291794
0,38.548922,4.225,-1.9239313
0,38.548922,4.228125,-1.9193419
0,38.548922,4.23125,-1.9155129
0,38.548922,4.234375,-1.9125417
0,38.548922,4.2375,-1.9105141
0,38.548922,4.240625,-1.9094944
0,38.548922,4.24375,-1.9095138
0,38.548922,4.246875,-1.9105565
0,38.548922,4.25,-1.9125441
0,38.548922,4.253125,-1.9153203
0,38.548922,4.25625,-1.9186383
0,38.548922,4.259375,-1.9221561
0,38.548922,4.2625,-1.9254448
0,38.548922,4.265625,-1.9280169
0,38.548922,4.26875,-1.9293749
0,38.548922,4.271875,-1.929079
0,38.548922,4.275,-1.9268201
0,38.548922,4.278125,-1.92248
0,38.548922,4.28125,-1.9161614
0,38.548922,4.284375,-1.9081762
0,38.548922,4.2875,-1.8989949
0,38.548922,4.290625,-1.8891721
0,38.548922,4.29375,-1.879268
0,38.548922,4.296875,-1.8697843
0,38.548922,4.3,-1.8611226
0,38.548922,4.303125,-1.8535667
0,38.548922,4.30625,-1.8472833
0,38.548922,4.309375,-1.8423323
0,38.548922,4.3125,-1.8386828
0,38.548922,4.315625,-1.8362284
0,38.548922,4.31875,-1.8348014
0,38.548922,4.321875,-1.8341847
0,38.548922,4.325,-1.8341233
0,38.548922,4.328125,-1.8343366
0,38.548922,4.33125,-1.8345333
0,38.548922,4.334375,-1.8344287
0,38.548922,4.3375,-1.833765
0,38.548922,4.340625,-1.8323323
0,38.548922,4.34375,-1.8299855
0,38.548922,4.346875,-1.8266557
0,38.548922,4.35,-1.8223512
0,38.548922,4.353125,-1.8171486
0,38.548922,4.35625,-1.8111767
0,38.548922,4.359375,-1.8045953
0,38.548922,4.3625,-1.797575
0,38.548922,4.365625,-1.7902787
0,38.548922,4.36875,-1.7828498
0,38.548922,4.371875,-1.7754036
0,38.548922,4.375,-1.7680244
0,38.548922,4.378125,-1.7607656
0,38.548922,4.38125,-1.7536523
0,38.548922,4.384375,-1.7466853
0,38.548922,4.3875,-1.7398465
0,38.548922,4.390625,-1.7331045
0,38.548922,4.39375,-1.7264208
0,38.548922,4.396875,-1.7197554
0,38.548922,4.4,-1.7130719
0,38.548922,4.403125,-1.7063425
0,38.548922,4.40625,-1.6995511
0,38.548922,4.409375,-1.6926959
0,38.548922,4.4125,-1.6857911
0,38.548922,4.415625,-1.6788674
0,38.548922,4.41875,-1.6719723
0,38.548922,4.421875,-1.6651698
0,38.548922,4.425,-1.65854
0,38.548922,4.428125,-1.652178
0,38.548922,4.43125,-1.6461914
0,38.548922,4.434375,-1.6406959
0,38.548922,4.4375,-1.6358095
0,38.548922,4.440625,-1.6316436
0,38.548922,4.44375,-1.6282952
0,38.548922,4.446875,-1.6258386
0,38.548922,4.45,-1.6243207
0,38.548922,4.453125,-1.6237588
0,38.548922,4.45625,-1.6241397
0,38.548922,4.459375,-1.6254163
0,38.548922,4.4625,-1.6275001
0,38.548922,4.465625,-1.6302467
0,38.548922,4.46875,-1.6334392
0,38.548922,4.471875,-1.6367768
0,38.548922,4.475,-1.6398775
0,38.548922,4.478125,-1.6423028
0,38.548922,4.48125,-1.6436061
0,38.548922,4.484375,-1.6433968
0,38.548922,4.4875,-1.6414062
0,38.548922,4.490625,-1.6375369
0,38.548922,4.49375,-1.6318834
0,38.548922,4.496875,-1.6247175
0,38.548922,4.5,-1.6164461
0,38.548922,4.503125,-1.6075535
0,38.548922,4.50625,-1.5985431
0,38.548922,4.509375,-1.5898895
0,38.548922,4.5125,-1.5820064
0,38.548922,4.515625,-1.57523
0,38.548922,4.51875,-1.5698158
0,38.548922,4.521875,-1.5659428
0,38.548922,4.525,-1.5637219
0,38.548922,4.528125,-1.5632039
0,38.548922,4.53125,-1.5643857
0,38.548922,4.534375,-1.5672117
0,38.548922,4.5375,-1.5715703
0,38.548922,4.540625,-1.577285
0,38.548922,4.54375,-1.5841019
0,38.548922,4.546875,-1.5916764
0,38.548922,4.55,-1.5995654
0,38.548922,4.553125,-1.607233
0,38.548922,4.55625,-1.614079
0,38.548922,4.559375,-1.6194954
0,38.548922,4.5625,-1.6229463
0,38.548922,4.565625,-1.6240552
0,38.548922,4.56875,-1.6226724
0,38.548922,4.571875,-1.6188981
0,38.548922,4.575,-1.6130532
0,38.548922,4.578125,-1.6056062
0,38.548922,4.58125,-1.5970833
0,38.548922,4.584375,-1.5879886
0,38.548922,4.5875,-1.5787489
0,38.548922,4.590625,-1.5696885
0,38.548922,4.59375,-1.5610288
0,38.548922,4.596875,-1.552902
0,38.548922,4.6,-1.5453734
0,38.548922,4.603125,-1.538464
0,38.548922,4.60625,-1.532171
0,38.548922,4.609375,-1.5264837
0,38.548922,4.6125,-1.5213951
0,38.548922,4.615625,-1.5169076
0,38.548922,4.61875,-1.5130355
0,38.548922,4.621875,-1.5098017
0,38.548922,4.625,-1.5072334
0,38.548922,4.628125,-1.5053536
0,38.548922,4.63125,-1.5041713
0,38.548922,4.634375,-1.5036708
0,38.548922,4.6375,-1.5037992
0,38.548922,4.640625,-1.5044549
0,38.548922,4.64375,-1.5054789
0,38.548922,4.646875,-1.5066511
0,38.548922,4.65,-1.5076973
0,38.548922,4.653125,-1.508309
0,38.548922,4.65625,-1.5081785
0,38.548922,4.659375,-1.507043
0,38.548922,4.6625,-1.504729
0,38.548922,4.665625,-1.5011835
0,38.548922,4.66875,-1.4964809
0,38.548922,4.671875,-1.4908041
0,38.548922,4.675,-1.4844061
0,38.548922,4.678125,-1.4775651
0,38.548922,4.68125,-1.4705461
0,38.548922,4.684375,-1.4635755
0,38.548922,4.6875,-1.4568307
0,38.548922,4.690625,-1.4504412
0,38.548922,4.69375,-1.4444977
0,38.548922,4.696875,-1.4390631
0,38.548922,4.7,-1.4341842
0,38.548922,4.703125,-1.4299005
0,38.548922,4.70625,-1.4262503
0,38.548922,4.709375,-1.4232732
0,38.548922,4.7125,-1.4210085
0,38.548922,4.715625,-1.4194902
0,38.548922,4.71875,-1.4187378
0,38.548922,4.721875,-1.4187436
0,38.548922,4.725,-1.4194564
0,38.548922,4.728125,-1.4207641
0,38.548922,4.73125,-1.4224761
0,38.548922,4.734375,-1.4243093
0,38.548922,4.7375,-1.4258836
0,38.548922,4.740625,-1.4267309
0,38.548922,4.74375,-1.4263237
0,38.548922,4.746875,-1.4241234
0,38.548922,4.75,-1.419646
0,38.548922,4.753125,-1.4125332
0,38.548922,4.75625,-1.4026131
0,38.548922,4.759375,-1.3899355
0,38.548922,4.7625,-1.3747698
0,38.548922,4.765625,-1.3575677
0,38.548922,4.76875,-1.3389003
0,38.548922,4.771875,-1.3193864
0,38.548922,4.775,-1.2996272
0,38.548922,4.778125,-1.2801577
0,38.548922,4.78125,-1.2614189
0,38.548922,4.784375,-1.2437471
0,38.548922,4.7875,-1.2273776
0,38.548922,4.790625,-1.2124564
0,38.548922,4.79375,-1.1990544
0,38.548922,4.796875,-1.1871834
0,38.548922,4.8,-1.1768098
0,38.548922,4.803125,-1.1678657
0,38.548922,4.80625,-1.1602591
0,38.548922,4.809375,-1.1538802
0,38.548922,4.8125,-1.1486071
0,38.548922,4.815625,-1.1443103
0,38.548922,4.81875,-1.1408559
0,38.548922,4.821875,-1.1381089
0,38.548922,4.825,-1.135936
0,38.548922,4.828125,-1.1342091
0,38.548922,4.83125,-1.1328078
0,38.548922,4.834375,-1.1316227
0,38.548922,4.8375,-1.1305578
0,38.548922,4.840625,-1.1295317
0,38.548922,4.84375,-1.1284786
0,38.548922,4.846875,-1.1273482
0,38.548922,4.85,-1.1261039
0,38.548922,4.853125,-1.1247209
0,38.548922,4.85625,-1.1231846
0,38.548922,4.859375,-1.1214877
0,38.548922,4.8625,-1.119629
0,38.548922,4.865625,-1.1176121
0,38.548922,4.86875,-1.1154449
0,38.548922,4.871875,-1.1131394
0,38.548922,4.875,-1.1107115
0,38.548922,4.878125,-1.108182
0,38.548922,4.88125,-1.1055754
0,38.548922,4.884375,-1.1029203
0,38.548922,4.8875,-1.100248
0,38.548922,4.890625,-1.0975916
0,38.548922,4.89375,-1.0949838
0,38.548922,4.896875,-1.0924558
0,38.548922,4.9,-1.090035
0,38.548922,4.903125,-1.0877436
0,38.548922,4.90625,-1.0855976
0,38.548922,4.909375,-1.0836057
0,38.548922,4.9125,-1.0817694
0,38.548922,4.915625,-1.0800836
0,38.548922,4.91875,-1.0785372
0,38.548922,4.921875,-1.0771148
0,38.548922,4.925,-1.0757986
0,38.548922,4.928125,-1.0745703
0,38.548922,4.93125,-1.0734129
0,38.548922,4.934375,-1.0723127
0,38.548922,4.9375,-1.0712611
0,38.548922,4.940625,-1.0702549
0,38.548922,4.94375,-1.0692978
0,38.548922,4.946875,-1.0683996
0,38.548922,4.95,-1.0675764
0,38.548922,4.953125,-1.066849
0,38.548922,4.95625,-1.0662421
0,38.548922,4.959375,-1.0657822
0,38.548922,4.9625,-1.065496
0,38.548922,4.965625,-1.0654079
0,38.548922,4.96875,-1.0655381
0,38.548922,4.971875,-1.0659007
0,38.548922,4.975,-1.0665012
0,38.548922,4.978125,-1.067335
0,38.548922,4.98125,-1.0683857
0,38.548922,4.984375,-1.0696241
0,38.548922,4.9875,-1.0710072
0,38.548922,4.990625,-1.0724785
0,38.548922,4.99375,-1.0739686
0,38.548922,4.996875,-1.0753966
0,38.548922,5,-1.076673
0,38.548922,5.003125,-1.0777026
0,38.548922,5.00625,-1.0783896
0,38.548922,5.009375,-1.0786415
0,38.548922,5.0125,-1.0783743
0,38.548922,5.015625,-1.0775169
0,38.548922,5.01875,-1.0760147
0,38.548922,5.021875,-1.0738313
0,38.548922,5.025,-1.0709493
0,38.548922,5.028125,-1.0673686
0,38.548922,5.03125,-1.0631032
0,38.548922,5.034375,-1.0581764
0,38.548922,5.0375,-1.0526161
0,38.548922,5.040625,-1.046449
0,38.548922,5.04375,-1.0396964
0,38.548922,5.046875,-1.032372
0,38.548922,5.05,-1.0244813
0,38.548922,5.053125,-1.0160247
0,38.548922,5.05625,-1.0070017
0,38.548922,5.059375,-0.99741572
0,38.548922,5.0625,-0.98727765
0,38.548922,5.065625,-0.97660735
0,38.548922,5.06875,-0.96543336
0,38.548922,5.071875,-0.95379196
0,38.548922,5.075,-0.94172687
0,38.548922,5.078125,-0.92928987
0,38.548922,5.08125,-0.91654175
0,38.548922,5.084375,-0.90355237
0,38.548922,5.0875,-0.89039895
0,38.548922,5.090625,-0.87716255
0,38.548922,5.09375,-0.86392348
0,38.548922,5.096875,-0.85075669
0,38.548922,5.1,-0.83772812
0,38.548922,5.103125,-0.82489258
0,38.548922,5.10625,-0.81229308
0,38.548922,5.109375,-0.79996137
0,38.548922,5.1125,-0.78791926
0,38.548922,5.115625,-0.77618026
0,38.548922,5.11875,-0.76475119
0,38.548922,5.121875,-0.75363364
0,38.548922,5.125,-0.7428251
0,38.548922,5.128125,-0.73231978
0,38.548922,5.13125,-0.72210913
0,38.548922,5.134375,-0.71218213
0,38.548922,5.1375,-0.7025254
0,38.548922,5.140625,-0.69312326
0,38.548922,5.14375,-0.68395782
0,38.548922,5.146875,-0.67500914
0,38.548922,5.15,-0.66625569
0,38.548922,5.153125,-0.65767509
0,38.548922,5.15625,-0.64924514
0,38.548922,5.159375,-0.6409452
0,38.548922,5.1625,-0.63275772
0,38.548922,5.165625,-0.62466968
0,38.548922,5.16875,-0.61667384
0,38.548922,5.171875,-0.60876935
0,38.548922,5.175,-0.60096181
0,38.548922,5.178125,-0.59326261
0,38.548922,5.18125,-0.58568779
0,38.548922,5.184375,-0.5782565
0,38.548922,5.1875,-0.57098942
0,38.548922,5.190625,-0.5639072
0,38.548922,5.19375,-0.55702909
0,38.548922,5.196875,-0.55037165
0,38.548922,5.2,-0.54394766
0,38.548922,5.203125,-0.53776501
0,38.548922,5.20625,-0.53182549
0,38.548922,5.209375,-0.52612351
0,38.548922,5.2125,-0.52064472
0,38.548922,5.215625,-0.51536454
0,38.548922,5.21875,-0.51024693
0,38.548922,5.221875,-0.50524368
0,38.548922,5.225,-0.50029456
0,38.548922,5.228125,-0.49532903
0,38.548922,5.23125,-0.49026964
0,38.548922,5.234375,-0.48503745
0,38.548922,5.2375,-0.47955909
0,38.548922,5.240625,-0.47377463
0,38.548922,5.24375,-0.46764482
0,38.548922,5.246875,-0.46115637
0,38.548922,5.25,-0.4543238
0,38.548922,5.253125,-0.44718771
0,38.548922,5.25625,-0.43980953
0,38.548922,5.259375,-0.43226418
0,38.548922,5.2625,-0.42463212
0,38.548922,5.265625,-0.41699203
0,38.548922,5.26875,-0.40941518
0,38.548922,5.271875,-0.40196185
0,38.548922,5.275,-0.3946796
0,38.548922,5.278125,-0.38760312
0,38.548922,5.28125,-0.38075509
0,38.548922,5.284375,-0.37414764
0,38.548922,5.2875,-0.36778411
0,38.548922,5.290625,-0.3616607
0,38.548922,5.29375,-0.35576813
0,38.548922,5.296875,-0.35009296
0,38.548922,5.3,-0.34461887
0,38.548922,5.303125,-0.33932755
0,38.548922,5.30625,-0.3341996
0,38.548922,5.309375,-0.32921521
0,38.548922,5.3125,-0.3243547
0,38.548922,5.315625,-0.31959908
0,38.548922,5.31875,-0.31493038
0,38.548922,5.321875,-0.31033205
0,38.548922,5.325,-0.30578926
0,38.548922,5.328125,-0.30128905
0,38.548922,5.33125,-0.29682054
0,38.548922,5.334375,-0.29237502
0,38.548922,5.3375,-0.28794593
0,38.548922,5.340625,-0.28352886
0,38.548922,5.34375,-0.27912143
0,38.548922,5.346875,-0.27472312
0,38.548922,5.35,-0.27033512
0,38.548922,5.353125,-0.26596004
0,38.548922,5.35625,-0.26160168
0,38.548922,5.359375,-0.25726479
0,38.548922,5.3625,-0.25295477
0,38.548922,5.365625,-0.24867746
0,38.548922,5.36875,-0.24443888
0,38.548922,5.371875,-0.24024506
0,38.548922,5.375,-0.23610183
0,38.548922,5.378125,-0.23201472
0,38.548922,5.38125,-0.22798882
0,38.548922,5.384375,-0.22402874
0,38.548922,5.3875,-0.2201385
0,38.548922,5.390625,-0.21632156
0,38.548922,5.39375,-0.21258078
0,38.548922,5.396875,-0.20891844
0,38.548922,5.4,-0.20533627
0,38.548922,5.403125,-0.20183546
0,38.548922,5.40625,-0.19841673
0,38.548922,5.409375,-0.19508034
0,38.548922,5.4125,-0.19182619
0,38.548922,5.415625,-0.18865377
0,38.548922,5.41875,-0.18556233
0,38.548922,5.421875,-0.18255081
0,38.548922,5.425,-0.17961795
0,38.548922,5.428125,-0.17676229
0,38.548922,5.43125,-0.17398225
0,38.548922,5.434375,-0.1712761
0,38.548922,5.4375,-0.16864204
0,38.548922,5.440625,-0.16607819
0,38.548922,5.44375,-0.16358262
0,38.548922,5.446875,-0.1611534
0,38.548922,5.45,-0.15878856
0,38.548922,5.453125,-0.15648614
0,38.548922,5.45625,-0.1542442
0,38.548922,5.459375,-0.15206081
0,38.548922,5.4625,-0.14993409
0,38.548922,5.465625,-0.14786219
0,38.548922,5.46875,-0.14584328
0,38.548922,5.471875,-0.14387559
0,38.548922,5.475,-0.14195742
0,38.548922,5.478125,-0.14008709
0,38.548922,5.48125,-0.13826298
0,38.548922,5.484375,-0.13648352
0,38.548922,5.4875,-0.13474721
0,38.548922,5.490625,-0.13305257
0,38.548922,5.49375,-0.13139821
0,38.548922,5.496875,-0.12978276
0,38.548922,5.5,-0.12820492
0,38.548922,5.503125,-0.12666342
0,38.548922,5.50625,-0.12515706
0,38.548922,5.509375,-0.12368467
0,38.548922,5.5125,-0.12224514
0,38.548922,5.515625,-0.12083738
0,38.548922,5.51875,-0.11946037
0,38.548922,5.521875,-0.11811311
0,38.548922,5.525,-0.11679464
0,38.548922,5.528125,-0.11550406
0,38.548922,5.53125,-0.11424047
0,38.548922,5.534375,-0.11300304
0,38.548922,5.5375,-0.11179096
0,38.548922,5.540625,-0.11060343
0,38.548922,5.54375,-0.10943972
0,38.548922,5.546875,-0.10829909
0,38.548922,5.55,-0.10718087
0,38.548922,5.553125,-0.10608437
0,38.548922,5.55625,-0.10500897
0,38.548922,5.559375,-0.10395404
0,38.548922,5.5625,-0.10291899
0,38.548922,5.565625,-0.10190326
0,38.548922,5.56875,-0.10090628
0,38.548922,5.571875,-0.099927543
0,38.548922,5.575,-0.09896653
0,38.548922,5.578125,-0.098022752
0,38.548922,5.58125,-0.097095738
0,38.548922,5.584375,-0.096185032
0,38.548922,5.5875,-0.095290196
0,38.548922,5.590625,-0.094410807
0,38.548922,5.59375,-0.093546458
0,38.548922,5.596875,-0.092696754
0,38.548922,5.6,-0.091861316
0,38.548922,5.603125,-0.091039779
0,38.548922,5.60625,-0.090231787
0,38.548922,5.609375,-0.089436999
0,38.548922,5.6125,-0.088655086
0,38.548922,5.615625,-0.087885727
0,38.548922,5.61875,-0.087128616
0,38.548922,5.621875,-0.086383453
0,38.548922,5.625,-0.08564995
0,38.548922,5.628125,-0.084927829
0,38.548922,5.63125,-0.08421682
0,38.548922,5.634375,-0.08351666
0,38.548922,5.6375,-0.082827099
0,38.548922,5.640625,-0.08214789
0,38.548922,5.64375,-0.081478796
0,38.548922,5.646875,-0.080819588
0,38.548922,5.65,-0.080170042
0,38.548922,5.653125,-0.079529944
0,38.548922,5.65625,-0.078899083
0,38.548922,5.659375,-0.078277256
0,38.548922,5.6625,-0.077664267
0,38.548922,5.665625,-0.077059923
0,38.548922,5.66875,-0.076464041
0,38.548922,5.671875,-0.075876439
0,38.548922,5.675,-0.075296943
0,38.548922,5.678125,-0.074725383
0,38.548922,5.68125,-0.074161593
0,38.548922,5.684375,-0.073605414
0,38.548922,5.6875,-0.07305669
0,38.548922,5.690625,-0.072515269
0,38.548922,5.69375,-0.071981004
0,38.548922,5.696875,-0.071453751
0,38.548922,5.7,-0.070933371
0,38.548922,5.703125,-0.07041973
0,38.548922,5.70625,-0.069912694
0,38.548922,5.709375,-0.069412135
0,38.548922,5.7125,-0.068917929
0,38.548922,5.715625,-0.068429953
0,38.548922,5.71875,-0.06794809
0,38.548922,5.721875,-0.067472223
0,38.548922,5.725,-0.06700224
0,38.548922,5.728125,-0.066538031
0,38.548922,5.73125,-0.06607949
0,38.548922,5.734375,-0.065626513
0,38.548922,5.7375,-0.065178998
0,38.548922,5.740625,-0.064736845
0,38.548922,5.74375,-0.064299959
0,38.548922,5.746875,-0.063868244
0,38.548922,5.75,-0.06344161
0,38.548922,5.753125,-0.063019966
0,38.548922,5.75625,-0.062603225
0,38.548922,5.759375,-0.062191302
0,38.548922,5.7625,-0.061784112
0,38.548922,5.765625,-0.061381575
0,38.548922,5.76875,-0.060983611
0,38.548922,5.771875,-0.060590142
0,38.548922,5.775,-0.060201092
0,38.548922,5.778125,-0.059816388
0,38.548922,5.78125,-0.059435956
0,38.548922,5.784375,-0.059059726
0,38.548922,5.7875,-0.058687628
0,38.548922,5.790625,-0.058319595
0,38.548922,5.79375,-0.05795556
0,38.548922,5.796875,-0.05759546
0,38.548922,5.8,-0.05723923
0,38.548922,5.803125,-0.056886808
0,38.548922,5.80625,-0.056538135
0,38.548922,5.809375,-0.05619315
0,38.548922,5.8125,-0.055851796
0,38.548922,5.815625,-0.055514016
0,38.548922,5.81875,-0.055179754
0,38.548922,5.821875,-0.054848956
0,38.548922,5.825,-0.054521569
0,38.548922,5.828125,-0.05419754
0,38.548922,5.83125,-0.053876819
0,38.548922,5.834375,-0.053559355
0,38.548922,5.8375,-0.053245099
0,38.548922,5.840625,-0.052934004
0,38.548922,5.84375,-0.052626022
0,38.548922,5.846875,-0.052321107
0,38.548922,5.85,-0.052019214
0,38.548922,5.853125,-0.051720299
0,38.548922,5.85625,-0.051424319
0,38.548922,5.859375,-0.05113123
0,38.548922,5.8625,-0.050840991
0,38.548922,5.865625,-0.050553562
0,38.548922,5.86875,-0.050268902
0,38.548922,5.871875,-0.049986972
0,38.548922,5.875,-0.049707732
0,38.548922,5.878125,-0.049431147
0,38.548922,5.88125,-0.049157177
0,38.548922,5.884375,-0.048885787
0,38.548922,5.8875,-0.048616942
0,38.548922,5.890625,-0.048350605
0,38.548922,5.89375,-0.048086743
0,38.548922,5.896875,-0.047825321
0,38.548922,5.9,-0.047566308
0,38.548922,5.903125,-0.047309669
0,38.548922,5.90625,-0.047055373
0,38.548922,5.909375,-0.04680339
0,38.548922,5.9125,-0.046553686
0,38.548922,5.915625,-0.046306234
0,38.548922,5.91875,-0.046061002
0,38.548922,5.921875,-0.045817962
0,38.548922,5.925,-0.045577085
0,38.548922,5.928125,-0.045338343
0,38.548922,5.93125,-0.045101708
0,38.548922,5.934375,-0.044867153
0,38.548922,5.9375,-0.044634651
0,38.548922,5.940625,-0.044404175
0,38.548922,5.94375,-0.044175701
0,38.548922,5.946875,-0.043949203
0,38.548922,5.95,-0.043724655
0,38.548922,5.953125,-0.043502033
0,38.548922,5.95625,-0.043281314
0,38.548922,5.959375,-0.043062472
0,38.548922,5.9625,-0.042845486
0,38.548922,5.965625,-0.042630332
0,38.548922,5.96875,-0.042416987
0,38.548922,5.971875,-0.04220543
0,38.548922,5.975,-0.041995639
0,38.548922,5.978125,-0.041787591
0,38.548922,5.98125,-0.041581267
0,38.548922,5.984375,-0.041376645
0,38.548922,5.9875,-0.041173704
0,38.548922,5.990625,-0.040972426
0,38.548922,5.99375,-0.040772789
0,38.548922,5.996875,-0.040574775
0,38.548922,6,-0.040378364
