"Current","Field","Frequency","Spectra"
0,43.979662,1,-0.021567424
0,43.979662,1.003125,-0.021650764
0,43.979662,1.00625,-0.021734668
0,43.979662,1.009375,-0.021819142
0,43.979662,1.0125,-0.02190419
0,43.979662,1.015625,-0.02198982
0,43.979662,1.01875,-0.022076036
0,43.979662,1.021875,-0.022162845
0,43.979662,1.025,-0.022250252
0,43.979662,1.028125,-0.022338263
0,43.979662,1.03125,-0.022426884
0,43.979662,1.034375,-0.022516122
0,43.979662,1.0375,-0.022605982
0,43.979662,1.040625,-0.02269647
0,43.979662,1.04375,-0.022787594
0,43.979662,1.046875,-0.02287936
0,43.979662,1.05,-0.022971773
0,43.979662,1.053125,-0.023064841
0,43.979662,1.05625,-0.023158571
0,43.979662,1.059375,-0.023252968
0,43.979662,1.0625,-0.023348041
0,43.979662,1.065625,-0.023443795
0,43.979662,1.06875,-0.023540238
0,43.979662,1.071875,-0.023637377
0,43.979662,1.075,-0.02373522
0,43.979662,1.078125,-0.023833773
0,43.979662,1.08125,-0.023933045
0,43.979662,1.084375,-0.024033042
0,43.979662,1.0875,-0.024133772
0,43.979662,1.090625,-0.024235243
0,43.979662,1.09375,-0.024337463
0,43.979662,1.096875,-0.02444044
0,43.979662,1.1,-0.024544181
0,43.979662,1.103125,-0.024648695
0,43.979662,1.10625,-0.024753991
0,43.979662,1.109375,-0.024860076
0,43.979662,1.1125,-0.02496696
0,43.979662,1.115625,-0.02507465
0,43.979662,1.11875,-0.025183156
0,43.979662,1.121875,-0.025292486
0,43.979662,1.125,-0.025402649
0,43.979662,1.128125,-0.025513655
0,43.979662,1.13125,-0.025625513
0,43.979662,1.134375,-0.025738232
0,43.979662,1.1375,-0.025851821
0,43.979662,1.140625,-0.025966291
0,43.979662,1.14375,-0.026081651
0,43.979662,1.146875,-0.02619791
0,43.979662,1.15,-0.02631508
0,43.979662,1.153125,-0.02643317
0,43.979662,1.15625,-0.026552191
0,43.979662,1.159375,-0.026672152
0,43.979662,1.1625,-0.026793066
0,43.979662,1.165625,-0.026914942
0,43.979662,1.16875,-0.027037792
0,43.979662,1.171875,-0.027161626
0,43.979662,1.175,-0.027286456
0,43.979662,1.178125,-0.027412294
0,43.979662,1.18125,-0.027539151
0,43.979662,1.184375,-0.027667038
0,43.979662,1.1875,-0.027795969
0,43.979662,1.190625,-0.027925954
0,43.979662,1.19375,-0.028057007
0,43.979662,1.196875,-0.02818914
0,43.979662,1.2,-0.028322366
0,43.979662,1.203125,-0.028456696
0,43.979662,1.20625,-0.028592146
0,43.979662,1.209375,-0.028728727
0,43.979662,1.2125,-0.028866454
0,43.979662,1.215625,-0.02900534
0,43.979662,1.21875,-0.029145399
0,43.979662,1.221875,-0.029286645
0,43.979662,1.225,-0.029429093
0,43.979662,1.228125,-0.029572756
0,43.979662,1.23125,-0.029717651
0,43.979662,1.234375,-0.029863791
0,43.979662,1.2375,-0.030011193
0,43.979662,1.240625,-0.030159871
0,43.979662,1.24375,-0.030309842
0,43.979662,1.246875,-0.030461121
0,43.979662,1.25,-0.030613725
0,43.979662,1.253125,-0.03076767
0,43.979662,1.25625,-0.030922973
0,43.979662,1.259375,-0.031079651
0,43.979662,1.2625,-0.031237721
0,43.979662,1.265625,-0.031397201
0,43.979662,1.26875,-0.031558108
0,43.979662,1.271875,-0.031720462
0,43.979662,1.275,-0.03188428
0,43.979662,1.278125,-0.032049581
0,43.979662,1.28125,-0.032216385
0,43.979662,1.284375,-0.032384709
0,43.979662,1.2875,-0.032554576
0,43.979662,1.290625,-0.032726003
0,43.979662,1.29375,-0.032899012
0,43.979662,1.296875,-0.033073623
0,43.979662,1.3,-0.033249858
0,43.979662,1.303125,-0.033427737
0,43.979662,1.30625,-0.033607283
0,43.979662,1.309375,-0.033788517
0,43.979662,1.3125,-0.033971463
0,43.979662,1.315625,-0.034156142
0,43.979662,1.31875,-0.034342579
0,43.979662,1.321875,-0.034530796
0,43.979662,1.325,-0.034720818
0,43.979662,1.328125,-0.03491267
0,43.979662,1.33125,-0.035106375
0,43.979662,1.334375,-0.035301961
0,43.979662,1.3375,-0.035499451
0,43.979662,1.340625,-0.035698874
0,43.979662,1.34375,-0.035900254
0,43.979662,1.346875,-0.036103619
0,43.979662,1.35,-0.036308998
0,43.979662,1.353125,-0.036516418
0,43.979662,1.35625,-0.036725907
0,43.979662,1.359375,-0.036937495
0,43.979662,1.3625,-0.037151211
0,43.979662,1.365625,-0.037367086
0,43.979662,1.36875,-0.03758515
0,43.979662,1.371875,-0.037805434
0,43.979662,1.375,-0.038027971
0,43.979662,1.378125,-0.038252793
0,43.979662,1.38125,-0.038479932
0,43.979662,1.384375,-0.038709422
0,43.979662,1.3875,-0.038941298
0,43.979662,1.390625,-0.039175594
0,43.979662,1.39375,-0.039412345
0,43.979662,1.396875,-0.039651589
0,43.979662,1.4,-0.039893361
0,43.979662,1.403125,-0.040137699
0,43.979662,1.40625,-0.040384642
0,43.979662,1.409375,-0.040634228
0,43.979662,1.4125,-0.040886497
0,43.979662,1.415625,-0.041141489
0,43.979662,1.41875,-0.041399246
0,43.979662,1.421875,-0.041659809
0,43.979662,1.425,-0.041923222
0,43.979662,1.428125,-0.042189527
0,43.979662,1.43125,-0.042458769
0,43.979662,1.434375,-0.042730994
0,43.979662,1.4375,-0.043006248
0,43.979662,1.440625,-0.043284577
0,43.979662,1.44375,-0.04356603
0,43.979662,1.446875,-0.043850656
0,43.979662,1.45,-0.044138504
0,43.979662,1.453125,-0.044429626
0,43.979662,1.45625,-0.044724073
0,43.979662,1.459375,-0.045021898
0,43.979662,1.4625,-0.045323155
0,43.979662,1.465625,-0.0456279
0,43.979662,1.46875,-0.045936188
0,43.979662,1.471875,-0.046248077
0,43.979662,1.475,-0.046563626
0,43.979662,1.478125,-0.046882893
0,43.979662,1.48125,-0.04720594
0,43.979662,1.484375,-0.04753283
0,43.979662,1.4875,-0.047863624
0,43.979662,1.490625,-0.048198389
0,43.979662,1.49375,-0.048537191
0,43.979662,1.496875,-0.048880096
0,43.979662,1.5,-0.049227174
0,43.979662,1.503125,-0.049578495
0,43.979662,1.50625,-0.049934131
0,43.979662,1.509375,-0.050294155
0,43.979662,1.5125,-0.050658643
0,43.979662,1.515625,-0.05102767
0,43.979662,1.51875,-0.051401315
0,43.979662,1.521875,-0.051779658
0,43.979662,1.525,-0.05216278
0,43.979662,1.528125,-0.052550765
0,43.979662,1.53125,-0.052943697
0,43.979662,1.534375,-0.053341664
0,43.979662,1.5375,-0.053744755
0,43.979662,1.540625,-0.054153061
0,43.979662,1.54375,-0.054566674
0,43.979662,1.546875,-0.054985689
0,43.979662,1.55,-0.055410204
0,43.979662,1.553125,-0.055840318
0,43.979662,1.55625,-0.056276132
0,43.979662,1.559375,-0.056717751
0,43.979662,1.5625,-0.057165279
0,43.979662,1.565625,-0.057618826
0,43.979662,1.56875,-0.058078504
0,43.979662,1.571875,-0.058544424
0,43.979662,1.575,-0.059016704
0,43.979662,1.578125,-0.059495462
0,43.979662,1.58125,-0.05998082
0,43.979662,1.584375,-0.060472903
0,43.979662,1.5875,-0.060971838
0,43.979662,1.590625,-0.061477755
0,43.979662,1.59375,-0.061990787
0,43.979662,1.596875,-0.062511072
0,43.979662,1.6,-0.063038749
0,43.979662,1.603125,-0.063573961
0,43.979662,1.60625,-0.064116855
0,43.979662,1.609375,-0.064667582
0,43.979662,1.6125,-0.065226294
0,43.979662,1.615625,-0.065793149
0,43.979662,1.61875,-0.066368309
0,43.979662,1.621875,-0.066951939
0,43.979662,1.625,-0.067544208
0,43.979662,1.628125,-0.06814529
0,43.979662,1.63125,-0.068755362
0,43.979662,1.634375,-0.069374607
0,43.979662,1.6375,-0.070003212
0,43.979662,1.640625,-0.070641368
0,43.979662,1.64375,-0.07128927
0,43.979662,1.646875,-0.071947122
0,43.979662,1.65,-0.072615128
0,43.979662,1.653125,-0.0732935
0,43.979662,1.65625,-0.073982455
0,43.979662,1.659375,-0.074682216
0,43.979662,1.6625,-0.075393011
0,43.979662,1.665625,-0.076115074
0,43.979662,1.66875,-0.076848645
0,43.979662,1.671875,-0.077593971
0,43.979662,1.675,-0.078351304
0,43.979662,1.678125,-0.079120905
0,43.979662,1.68125,-0.079903039
0,43.979662,1.684375,-0.08069798
0,43.979662,1.6875,-0.081506009
0,43.979662,1.690625,-0.082327414
0,43.979662,1.69375,-0.08316249
0,43.979662,1.696875,-0.084011542
0,43.979662,1.7,-0.084874881
0,43.979662,1.703125,-0.085752829
0,43.979662,1.70625,-0.086645714
0,43.979662,1.709375,-0.087553874
0,43.979662,1.7125,-0.088477657
0,43.979662,1.715625,-0.089417419
0,43.979662,1.71875,-0.090373528
0,43.979662,1.721875,-0.091346361
0,43.979662,1.725,-0.092336304
0,43.979662,1.728125,-0.093343756
0,43.979662,1.73125,-0.094369127
0,43.979662,1.734375,-0.095412836
0,43.979662,1.7375,-0.096475317
0,43.979662,1.740625,-0.097557014
0,43.979662,1.74375,-0.098658386
0,43.979662,1.746875,-0.099779901
0,43.979662,1.75,-0.10092204
0,43.979662,1.753125,-0.10208531
0,43.979662,1.75625,-0.10327022
0,43.979662,1.759375,-0.10447729
0,43.979662,1.7625,-0.10570707
0,43.979662,1.765625,-0.10696011
0,43.979662,1.76875,-0.10823699
0,43.979662,1.771875,-0.1095383
0,43.979662,1.775,-0.11086464
0,43.979662,1.778125,-0.11221665
0,43.979662,1.78125,-0.11359496
0,43.979662,1.784375,-0.11500023
0,43.979662,1.7875,-0.11643316
0,43.979662,1.790625,-0.11789444
0,43.979662,1.79375,-0.11938479
0,43.979662,1.796875,-0.12090496
0,43.979662,1.8,-0.12245572
0,43.979662,1.803125,-0.12403785
0,43.979662,1.80625,-0.12565217
0,43.979662,1.809375,-0.12729952
0,43.979662,1.8125,-0.12898075
0,43.979662,1.815625,-0.13069676
0,43.979662,1.81875,-0.13244845
0,43.979662,1.821875,-0.13423678
0,43.979662,1.825,-0.1360627
0,43.979662,1.828125,-0.13792723
0,43.979662,1.83125,-0.13983138
0,43.979662,1.834375,-0.14177622
0,43.979662,1.8375,-0.14376283
0,43.979662,1.840625,-0.14579234
0,43.979662,1.84375,-0.14786591
0,43.979662,1.846875,-0.14998473
0,43.979662,1.85,-0.15215002
0,43.979662,1.853125,-0.15436305
0,43.979662,1.85625,-0.15662511
0,43.979662,1.859375,-0.15893755
0,43.979662,1.8625,-0.16130174
0,43.979662,1.865625,-0.1637191
0,43.979662,1.86875,-0.16619108
0,43.979662,1.871875,-0.16871919
0,43.979662,1.875,-0.17130497
0,43.979662,1.878125,-0.17395
0,43.979662,1.88125,-0.17665592
0,43.979662,1.884375,-0.17942441
0,43.979662,1.8875,-0.18225718
0,43.979662,1.890625,-0.18515601
0,43.979662,1.89375,-0.18812272
0,43.979662,1.896875,-0.19115917
0,43.979662,1.9,-0.19426728
0,43.979662,1.903125,-0.19744901
0,43.979662,1.90625,-0.20070637
0,43.979662,1.909375,-0.20404144
0,43.979662,1.9125,-0.20745633
0,43.979662,1.915625,-0.21095319
0,43.979662,1.91875,-0.21453424
0,43.979662,1.921875,-0.21820175
0,43.979662,1.925,-0.22195802
0,43.979662,1.928125,-0.22580541
0,43.979662,1.93125,-0.22974633
0,43.979662,1.934375,-0.23378321
0,43.979662,1.9375,-0.23791856
0,43.979662,1.940625,-0.24215489
0,43.979662,1.94375,-0.24649478
0,43.979662,1.946875,-0.25094082
0,43.979662,1.95,-0.25549565
0,43.979662,1.953125,-0.2601619
0,43.979662,1.95625,-0.26494226
0,43.979662,1.959375,-0.26983941
0,43.979662,1.9625,-0.27485604
0,43.979662,1.965625,-0.27999484
0,43.979662,1.96875,-0.28525849
0,43.979662,1.971875,-0.29064966
0,43.979662,1.975,-0.29617097
0,43.979662,1.978125,-0.30182501
0,43.979662,1.98125,-0.30761431
0,43.979662,1.984375,-0.31354133
0,43.979662,1.9875,-0.31960844
0,43.979662,1.990625,-0.32581792
0,43.979662,1.99375,-0.3321719
0,43.979662,1.996875,-0.33867237
0,43.979662,2,-0.34532116
0,43.979662,2.003125,-0.3521199
0,43.979662,2.00625,-0.35906998
0,43.979662,2.009375,-0.36617255
0,43.979662,2.0125,-0.37342846
0,43.979662,2.015625,-0.38083826
0,43.979662,2.01875,-0.3884021
0,43.979662,2.021875,-0.39611976
0,43.979662,2.025,-0.40399057
0,43.979662,2.028125,-0.41201335
0,43.979662,2.03125,-0.42018641
0,43.979662,2.034375,-0.42850746
0,43.979662,2.0375,-0.43697355
0,43.979662,2.040625,-0.44558106
0,43.979662,2.04375,-0.45432562
0,43.979662,2.046875,-0.46320201
0,43.979662,2.05,-0.47220419
0,43.979662,2.053125,-0.48132517
0,43.979662,2.05625,-0.49055696
0,43.979662,2.059375,-0.49989056
0,43.979662,2.0625,-0.50931584
0,43.979662,2.065625,-0.51882153
0,43.979662,2.06875,-0.52839516
0,43.979662,2.071875,-0.538023
0,43.979662,2.075,-0.54769006
0,43.979662,2.078125,-0.55738003
0,43.979662,2.08125,-0.56707525
0,43.979662,2.084375,-0.57675676
0,43.979662,2.0875,-0.58640422
0,43.979662,2.090625,-0.59599603
0,43.979662,2.09375,-0.60550925
0,43.979662,2.096875,-0.61491975
0,43.979662,2.1,-0.62420224
0,43.979662,2.103125,-0.63333036
0,43.979662,2.10625,-0.6422768
0,43.979662,2.109375,-0.65101343
0,43.979662,2.1125,-0.65951145
0,43.979662,2.115625,-0.66774161
0,43.979662,2.11875,-0.67567433
0,43.979662,2.121875,-0.68328001
0,43.979662,2.125,-0.69052919
0,43.979662,2.128125,-0.69739284
0,43.979662,2.13125,-0.70384261
0,43.979662,2.134375,-0.70985112
0,43.979662,2.1375,-0.71539221
0,43.979662,2.140625,-0.72044123
0,43.979662,2.14375,-0.72497531
0,43.979662,2.146875,-0.72897362
0,43.979662,2.15,-0.73241761
0,43.979662,2.153125,-0.73529124
0,43.979662,2.15625,-0.73758117
0,43.979662,2.159375,-0.73927693
0,43.979662,2.1625,-0.74037106
0,43.979662,2.165625,-0.7408592
0,43.979662,2.16875,-0.74074014
0,43.979662,2.171875,-0.74001586
0,43.979662,2.175,-0.73869147
0,43.979662,2.178125,-0.7367752
0,43.979662,2.18125,-0.73427822
0,43.979662,2.184375,-0.73121458
0,43.979662,2.1875,-0.72760095
0,43.979662,2.190625,-0.72345652
0,43.979662,2.19375,-0.71880266
0,43.979662,2.196875,-0.71366276
0,43.979662,2.2,-0.70806193
0,43.979662,2.203125,-0.70202673
0,43.979662,2.20625,-0.6955849
0,43.979662,2.209375,-0.68876508
0,43.979662,2.2125,-0.68159654
0,43.979662,2.215625,-0.67410893
0,43.979662,2.21875,-0.66633201
0,43.979662,2.221875,-0.65829543
0,43.979662,2.225,-0.65002854
0,43.979662,2.228125,-0.64156014
0,43.979662,2.23125,-0.63291835
0,43.979662,2.234375,-0.62413046
0,43.979662,2.2375,-0.61522276
0,43.979662,2.240625,-0.60622048
0,43.979662,2.24375,-0.59714766
0,43.979662,2.246875,-0.58802712
0,43.979662,2.25,-0.57888039
0,43.979662,2.253125,-0.56972769
0,43.979662,2.25625,-0.56058788
0,43.979662,2.259375,-0.55147851
0,43.979662,2.2625,-0.5424158
0,43.979662,2.265625,-0.53341467
0,43.979662,2.26875,-0.52448876
0,43.979662,2.271875,-0.51565049
0,43.979662,2.275,-0.50691107
0,43.979662,2.278125,-0.4982806
0,43.979662,2.28125,-0.48976807
0,43.979662,2.284375,-0.48138145
0,43.979662,2.2875,-0.47312777
0,43.979662,2.290625,-0.46501309
0,43.979662,2.29375,-0.45704268
0,43.979662,2.296875,-0.44922097
0,43.979662,2.3,-0.44155168
0,43.979662,2.303125,-0.43403784
0,43.979662,2.30625,-0.42668188
0,43.979662,2.309375,-0.41948561
0,43.979662,2.3125,-0.41245037
0,43.979662,2.315625,-0.405577
0,43.979662,2.31875,-0.39886591
0,43.979662,2.321875,-0.39231714
0,43.979662,2.325,-0.38593036
0,43.979662,2.328125,-0.37970495
0,43.979662,2.33125,-0.37364002
0,43.979662,2.334375,-0.36773443
0,43.979662,2.3375,-0.36198683
0,43.979662,2.340625,-0.3563957
0,43.979662,2.34375,-0.35095935
0,43.979662,2.346875,-0.34567597
0,43.979662,2.35,-0.34054362
0,43.979662,2.353125,-0.3355603
0,43.979662,2.35625,-0.33072391
0,43.979662,2.359375,-0.32603231
0,43.979662,2.3625,-0.32148331
0,43.979662,2.365625,-0.31707471
0,43.979662,2.36875,-0.31280427
0,43.979662,2.371875,-0.30866976
0,43.979662,2.375,-0.30466898
0,43.979662,2.378125,-0.3007997
0,43.979662,2.38125,-0.29705976
0,43.979662,2.384375,-0.293447
0,43.979662,2.3875,-0.28995931
0,43.979662,2.390625,-0.28659463
0,43.979662,2.39375,-0.28335094
0,43.979662,2.396875,-0.28022627
0,43.979662,2.4,-0.27721873
0,43.979662,2.403125,-0.27432647
0,43.979662,2.40625,-0.27154772
0,43.979662,2.409375,-0.26888077
0,43.979662,2.4125,-0.26632397
0,43.979662,2.415625,-0.26387577
0,43.979662,2.41875,-0.26153468
0,43.979662,2.421875,-0.25929928
0,43.979662,2.425,-0.25716824
0,43.979662,2.428125,-0.2551403
0,43.979662,2.43125,-0.2532143
0,43.979662,2.434375,-0.25138913
0,43.979662,2.4375,-0.24966379
0,43.979662,2.440625,-0.24803736
0,43.979662,2.44375,-0.24650899
0,43.979662,2.446875,-0.24507794
0,43.979662,2.45,-0.24374353
0,43.979662,2.453125,-0.24250519
0,43.979662,2.45625,-0.24136243
0,43.979662,2.459375,-0.24031483
0,43.979662,2.4625,-0.23936209
0,43.979662,2.465625,-0.23850399
0,43.979662,2.46875,-0.23774038
0,43.979662,2.471875,-0.23707123
0,43.979662,2.475,-0.23649658
0,43.979662,2.478125,-0.23601658
0,43.979662,2.48125,-0.23563145
0,43.979662,2.484375,-0.23534152
0,43.979662,2.4875,-0.23514721
0,43.979662,2.490625,-0.23504903
0,43.979662,2.49375,-0.23504759
0,43.979662,2.496875,-0.23514359
0,43.979662,2.5,-0.23533781
0,43.979662,2.503125,-0.23563114
0,43.979662,2.50625,-0.23602456
0,43.979662,2.509375,-0.23651914
0,43.979662,2.5125,-0.23711605
0,43.979662,2.515625,-0.23781652
0,43.979662,2.51875,-0.2386219
0,43.979662,2.521875,-0.2395336
0,43.979662,2.525,-0.24055315
0,43.979662,2.528125,-0.24168211
0,43.979662,2.53125,-0.24292214
0,43.979662,2.534375,-0.24427498
0,43.979662,2.5375,-0.24574241
0,43.979662,2.540625,-0.24732629
0,43.979662,2.54375,-0.2490285
0,43.979662,2.546875,-0.25085099
0,43.979662,2.55,-0.25279571
0,43.979662,2.553125,-0.25486463
0,43.979662,2.55625,-0.25705974
0,43.979662,2.559375,-0.25938299
0,43.979662,2.5625,-0.2618363
0,43.979662,2.565625,-0.26442153
0,43.979662,2.56875,-0.26714046
0,43.979662,2.571875,-0.26999475
0,43.979662,2.575,-0.27298593
0,43.979662,2.578125,-0.27611535
0,43.979662,2.58125,-0.27938413
0,43.979662,2.584375,-0.28279314
0,43.979662,2.5875,-0.28634295
0,43.979662,2.590625,-0.29003376
0,43.979662,2.59375,-0.29386536
0,43.979662,2.596875,-0.29783707
0,43.979662,2.6,-0.30194764
0,43.979662,2.603125,-0.30619523
0,43.979662,2.60625,-0.3105773
0,43.979662,2.609375,-0.31509054
0,43.979662,2.6125,-0.31973078
0,43.979662,2.615625,-0.32449289
0,43.979662,2.61875,-0.32937073
0,43.979662,2.621875,-0.33435702
0,43.979662,2.625,-0.33944327
0,43.979662,2.628125,-0.34461966
0,43.979662,2.63125,-0.34987501
0,43.979662,2.634375,-0.35519665
0,43.979662,2.6375,-0.36057039
0,43.979662,2.640625,-0.36598045
0,43.979662,2.64375,-0.3714094
0,43.979662,2.646875,-0.37683818
0,43.979662,2.65,-0.38224611
0,43.979662,2.653125,-0.38761089
0,43.979662,2.65625,-0.39290866
0,43.979662,2.659375,-0.39811418
0,43.979662,2.6625,-0.40320087
0,43.979662,2.665625,-0.40814107
0,43.979662,2.66875,-0.41290623
0,43.979662,2.671875,-0.41746716
0,43.979662,2.675,-0.42179438
0,43.979662,2.678125,-0.42585842
0,43.979662,2.68125,-0.42963024
0,43.979662,2.684375,-0.4330816
0,43.979662,2.6875,-0.43618545
0,43.979662,2.690625,-0.43891645
0,43.979662,2.69375,-0.44125129
0,43.979662,2.696875,-0.44316916
0,43.979662,2.7,-0.44465208
0,43.979662,2.703125,-0.44568529
0,43.979662,2.70625,-0.44625747
0,43.979662,2.709375,-0.44636103
0,43.979662,2.7125,-0.44599218
0,43.979662,2.715625,-0.44515107
0,43.979662,2.71875,-0.44384175
0,43.979662,2.721875,-0.44207208
0,43.979662,2.725,-0.43985361
0,43.979662,2.728125,-0.43720129
0,43.979662,2.73125,-0.43413325
0,43.979662,2.734375,-0.43067038
0,43.979662,2.7375,-0.42683601
0,43.979662,2.740625,-0.42265547
0,43.979662,2.74375,-0.4181557
0,43.979662,2.746875,-0.41336476
0,43.979662,2.75,-0.40831149
0,43.979662,2.753125,-0.40302506
0,43.979662,2.75625,-0.39753462
0,43.979662,2.759375,-0.39186894
0,43.979662,2.7625,-0.38605614
0,43.979662,2.765625,-0.38012342
0,43.979662,2.76875,-0.37409682
0,43.979662,2.771875,-0.36800106
0,43.979662,2.775,-0.36185943
0,43.979662,2.778125,-0.35569365
0,43.979662,2.78125,-0.34952381
0,43.979662,2.784375,-0.34336839
0,43.979662,2.7875,-0.33724418
0,43.979662,2.790625,-0.33116638
0,43.979662,2.79375,-0.32514859
0,43.979662,2.796875,-0.31920284
0,43.979662,2.8,-0.31333976
0,43.979662,2.803125,-0.30756855
0,43.979662,2.80625,-0.30189711
0,43.979662,2.809375,-0.29633216
0,43.979662,2.8125,-0.29087926
0,43.979662,2.815625,-0.28554297
0,43.979662,2.81875,-0.28032689
0,43.979662,2.821875,-0.27523378
0,43.979662,2.825,-0.27026561
0,43.979662,2.828125,-0.26542368
0,43.979662,2.83125,-0.26070867
0,43.979662,2.834375,-0.2561207
0,43.979662,2.8375,-0.25165945
0,43.979662,2.840625,-0.24732413
0,43.979662,2.84375,-0.24311363
0,43.979662,2.846875,-0.2390265
0,43.979662,2.85,-0.23506104
0,43.979662,2.853125,-0.23121532
0,43.979662,2.85625,-0.22748723
0,43.979662,2.859375,-0.2238745
0,43.979662,2.8625,-0.22037474
0,43.979662,2.865625,-0.21698548
0,43.979662,2.86875,-0.21370415
0,43.979662,2.871875,-0.21052815
0,43.979662,2.875,-0.20745484
0,43.979662,2.878125,-0.20448157
0,43.979662,2.88125,-0.20160568
0,43.979662,2.884375,-0.19882454
0,43.979662,2.8875,-0.1961355
0,43.979662,2.890625,-0.19353599
0,43.979662,2.89375,-0.19102344
0,43.979662,2.896875,-0.18859532
0,43.979662,2.9,-0.18624918
0,43.979662,2.903125,-0.1839826
0,43.979662,2.90625,-0.18179322
0,43.979662,2.909375,-0.17967873
0,43.979662,2.9125,-0.17763688
0,43.979662,2.915625,-0.17566551
0,43.979662,2.91875,-0.17376249
0,43.979662,2.921875,-0.17192577
0,43.979662,2.925,-0.17015335
0,43.979662,2.928125,-0.1684433
0,43.979662,2.93125,-0.16679376
0,43.979662,2.934375,-0.16520292
0,43.979662,2.9375,-0.16366904
0,43.979662,2.940625,-0.16219043
0,43.979662,2.94375,-0.16076547
0,43.979662,2.946875,-0.1593926
0,43.979662,2.95,-0.1580703
0,43.979662,2.953125,-0.15679712
0,43.979662,2.95625,-0.15557166
0,43.979662,2.959375,-0.15439256
0,43.979662,2.9625,-0.15325854
0,43.979662,2.965625,-0.15216835
0,43.979662,2.96875,-0.15112078
0,43.979662,2.971875,-0.15011469
0,43.979662,2.975,-0.14914895
0,43.979662,2.978125,-0.14822252
0,43.979662,2.98125,-0.14733437
0,43.979662,2.984375,-0.14648352
0,43.979662,2.9875,-0.14566903
0,43.979662,2.990625,-0.14489
0,43.979662,2.99375,-0.14414555
0,43.979662,2.996875,-0.14343487
0,43.979662,3,-0.14275716
0,43.979662,3.003125,-0.14211166
0,43.979662,3.00625,-0.14149764
0,43.979662,3.009375,-0.14091441
0,43.979662,3.0125,-0.1403613
0,43.979662,3.015625,-0.13983766
0,43.979662,3.01875,-0.13934291
0,43.979662,3.021875,-0.13887645
0,43.979662,3.025,-0.13843773
0,43.979662,3.028125,-0.13802623
0,43.979662,3.03125,-0.13764144
0,43.979662,3.034375,-0.13728289
0,43.979662,3.0375,-0.13695012
0,43.979662,3.040625,-0.1366427
0,43.979662,3.04375,-0.13636021
0,43.979662,3.046875,-0.13610229
0,43.979662,3.05,-0.13586854
0,43.979662,3.053125,-0.13565864
0,43.979662,3.05625,-0.13547226
0,43.979662,3.059375,-0.13530909
0,43.979662,3.0625,-0.13516884
0,43.979662,3.065625,-0.13505124
0,43.979662,3.06875,-0.13495604
0,43.979662,3.071875,-0.13488301
0,43.979662,3.075,-0.13483194
0,43.979662,3.078125,-0.13480263
0,43.979662,3.08125,-0.13479488
0,43.979662,3.084375,-0.13480855
0,43.979662,3.0875,-0.13484348
0,43.979662,3.090625,-0.13489953
0,43.979662,3.09375,-0.13497659
0,43.979662,3.096875,-0.13507456
0,43.979662,3.1,-0.13519334
0,43.979662,3.103125,-0.13533288
0,43.979662,3.10625,-0.1354931
0,43.979662,3.109375,-0.13567398
0,43.979662,3.1125,-0.13587548
0,43.979662,3.115625,-0.13609759
0,43.979662,3.11875,-0.13634032
0,43.979662,3.121875,-0.13660368
0,43.979662,3.125,-0.13688771
0,43.979662,3.128125,-0.13719245
0,43.979662,3.13125,-0.13751796
0,43.979662,3.134375,-0.13786433
0,43.979662,3.1375,-0.13823165
0,43.979662,3.140625,-0.13862001
0,43.979662,3.14375,-0.13902955
0,43.979662,3.146875,-0.13946041
0,43.979662,3.15,-0.13991273
0,43.979662,3.153125,-0.14038669
0,43.979662,3.15625,-0.14088248
0,43.979662,3.159375,-0.14140029
0,43.979662,3.1625,-0.14194035
0,43.979662,3.165625,-0.14250289
0,43.979662,3.16875,-0.14308816
0,43.979662,3.171875,-0.14369644
0,43.979662,3.175,-0.14432802
0,43.979662,3.178125,-0.1449832
0,43.979662,3.18125,-0.14566231
0,43.979662,3.184375,-0.1463657
0,43.979662,3.1875,-0.14709373
0,43.979662,3.190625,-0.1478468
0,43.979662,3.19375,-0.14862531
0,43.979662,3.196875,-0.14942969
0,43.979662,3.2,-0.15026039
0,43.979662,3.203125,-0.1511179
0,43.979662,3.20625,-0.1520027
0,43.979662,3.209375,-0.15291534
0,43.979662,3.2125,-0.15385636
0,43.979662,3.215625,-0.15482633
0,43.979662,3.21875,-0.15582587
0,43.979662,3.221875,-0.1568556
0,43.979662,3.225,-0.1579162
0,43.979662,3.228125,-0.15900835
0,43.979662,3.23125,-0.16013279
0,43.979662,3.234375,-0.16129027
0,43.979662,3.2375,-0.16248159
0,43.979662,3.240625,-0.16370759
0,43.979662,3.24375,-0.16496912
0,43.979662,3.246875,-0.1662671
0,43.979662,3.25,-0.16760247
0,43.979662,3.253125,-0.16897623
0,43.979662,3.25625,-0.1703894
0,43.979662,3.259375,-0.17184307
0,43.979662,3.2625,-0.17333836
0,43.979662,3.265625,-0.17487646
0,43.979662,3.26875,-0.17645859
0,43.979662,3.271875,-0.17808603
0,43.979662,3.275,-0.17976012
0,43.979662,3.278125,-0.18148227
0,43.979662,3.28125,-0.18325392
0,43.979662,3.284375,-0.18507661
0,43.979662,3.2875,-0.18695193
0,43.979662,3.290625,-0.18888152
0,43.979662,3.29375,-0.19086714
0,43.979662,3.296875,-0.19291057
0,43.979662,3.3,-0.19501372
0,43.979662,3.303125,-0.19717855
0,43.979662,3.30625,-0.19940712
0,43.979662,3.309375,-0.20170157
0,43.979662,3.3125,-0.20406415
0,43.979662,3.315625,-0.20649718
0,43.979662,3.31875,-0.20900311
0,43.979662,3.321875,-0.21158448
0,43.979662,3.325,-0.21424396
0,43.979662,3.328125,-0.21698431
0,43.979662,3.33125,-0.21980842
0,43.979662,3.334375,-0.22271932
0,43.979662,3.3375,-0.22572015
0,43.979662,3.340625,-0.22881421
0,43.979662,3.34375,-0.23200492
0,43.979662,3.346875,-0.23529588
0,43.979662,3.35,-0.23869081
0,43.979662,3.353125,-0.24219363
0,43.979662,3.35625,-0.24580841
0,43.979662,3.359375,-0.2495394
0,43.979662,3.3625,-0.25339104
0,43.979662,3.365625,-0.25736798
0,43.979662,3.36875,-0.26147504
0,43.979662,3.371875,-0.26571729
0,43.979662,3.375,-0.27009997
0,43.979662,3.378125,-0.27462857
0,43.979662,3.38125,-0.27930878
0,43.979662,3.384375,-0.2841465
0,43.979662,3.3875,-0.28914784
0,43.979662,3.390625,-0.29431907
0,43.979662,3.39375,-0.29966655
0,43.979662,3.396875,-0.30519673
0,43.979662,3.4,-0.31091598
0,43.979662,3.403125,-0.31683045
0,43.979662,3.40625,-0.32294587
0,43.979662,3.409375,-0.32926724
0,43.979662,3.4125,-0.33579845
0,43.979662,3.415625,-0.34254174
0,43.979662,3.41875,-0.34949713
0,43.979662,3.421875,-0.35666164
0,43.979662,3.425,-0.36402853
0,43.979662,3.428125,-0.37158654
0,43.979662,3.43125,-0.37931928
0,43.979662,3.434375,-0.38720505
0,43.979662,3.4375,-0.39521733
0,43.979662,3.440625,-0.40332606
0,43.979662,3.44375,-0.41149997
0,43.979662,3.446875,-0.41970973
0,43.979662,3.45,-0.42793148
0,43.979662,3.453125,-0.43615007
0,43.979662,3.45625,-0.44436125
0,43.979662,3.459375,-0.45257225
0,43.979662,3.4625,-0.46080057
0,43.979662,3.465625,-0.46907139
0,43.979662,3.46875,-0.47741435
0,43.979662,3.471875,-0.48586034
0,43.979662,3.475,-0.49443904
0,43.979662,3.478125,-0.5031773
0,43.979662,3.48125,-0.51209854
0,43.979662,3.484375,-0.52122289
0,43.979662,3.4875,-0.53056779
0,43.979662,3.490625,-0.54014877
0,43.979662,3.49375,-0.54998036
0,43.979662,3.496875,-0.56007673
0,43.979662,3.5,-0.57045222
0,43.979662,3.503125,-0.58112142
0,43.979662,3.50625,-0.59209907
0,43.979662,3.509375,-0.60339942
0,43.979662,3.5125,-0.61503517
0,43.979662,3.515625,-0.62701594
0,43.979662,3.51875,-0.63934604
0,43.979662,3.521875,-0.65202168
0,43.979662,3.525,-0.66502738
0,43.979662,3.528125,-0.67833184
0,43.979662,3.53125,-0.69188331
0,43.979662,3.534375,-0.70560492
0,43.979662,3.5375,-0.71939067
0,43.979662,3.540625,-0.73310307
0,43.979662,3.54375,-0.74657366
0,43.979662,3.546875,-0.75960787
0,43.979662,3.55,-0.77199515
0,43.979662,3.553125,-0.78352455
0,43.979662,3.55625,-0.7940046
0,43.979662,3.559375,-0.80328453
0,43.979662,3.5625,-0.8112728
0,43.979662,3.565625,-0.81794868
0,43.979662,3.56875,-0.82336376
0,43.979662,3.571875,-0.82763277
0,43.979662,3.575,-0.83091559
0,43.979662,3.578125,-0.83339445
0,43.979662,3.58125,-0.83525067
0,43.979662,3.584375,-0.83664485
0,43.979662,3.5875,-0.83770304
0,43.979662,3.590625,-0.83851
0,43.979662,3.59375,-0.83910977
0,43.979662,3.596875,-0.83951285
0,43.979662,3.6,-0.83970865
0,43.979662,3.603125,-0.83968125
0,43.979662,3.60625,-0.83942512
0,43.979662,3.609375,-0.83895761
0,43.979662,3.6125,-0.83832523
0,43.979662,3.615625,-0.83760252
0,43.979662,3.61875,-0.83688438
0,43.979662,3.621875,-0.83627451
0,43.979662,3.625,-0.83587305
0,43.979662,3.628125,-0.83576582
0,43.979662,3.63125,-0.83601676
0,43.979662,3.634375,-0.83666338
0,43.979662,3.6375,-0.83771502
0,43.979662,3.640625,-0.83915276
0,43.979662,3.64375,-0.84093061
0,43.979662,3.646875,-0.84297713
0,43.979662,3.65,-0.84519785
0,43.979662,3.653125,-0.84747858
0,43.979662,3.65625,-0.84969024
0,43.979662,3.659375,-0.85169609
0,43.979662,3.6625,-0.85336166
0,43.979662,3.665625,-0.85456714
0,43.979662,3.66875,-0.85522088
0,43.979662,3.671875,-0.85527115
0,43.979662,3.675,-0.85471342
0,43.979662,3.678125,-0.85359067
0,43.979662,3.68125,-0.8519864
0,43.979662,3.684375,-0.8500122
0,43.979662,3.6875,-0.84779295
0,43.979662,3.690625,-0.84545296
0,43.979662,3.69375,-0.84310538
0,43.979662,3.696875,-0.84084569
0,43.979662,3.7,-0.83874899
0,43.979662,3.703125,-0.83687016
0,43.979662,3.70625,-0.8352457
0,43.979662,3.709375,-0.83389647
0,43.979662,3.7125,-0.83283054
0,43.979662,3.715625,-0.83204591
0,43.979662,3.71875,-0.83153285
0,43.979662,3.721875,-0.83127586
0,43.979662,3.725,-0.83125512
0,43.979662,3.728125,-0.83144766
0,43.979662,3.73125,-0.83182812
0,43.979662,3.734375,-0.83236934
0,43.979662,3.7375,-0.83304279
0,43.979662,3.740625,-0.83381917
0,43.979662,3.74375,-0.83466924
0,43.979662,3.746875,-0.8355652
0,43.979662,3.75,-0.83648243
0,43.979662,3.753125,-0.83740163
0,43.979662,3.75625,-0.83831095
0,43.979662,3.759375,-0.83920789
0,43.979662,3.7625,-0.84010051
0,43.979662,3.765625,-0.84100802
0,43.979662,3.76875,-0.84196058
0,43.979662,3.771875,-0.84299831
0,43.979662,3.775,-0.84416967
0,43.979662,3.778125,-0.84552911
0,43.979662,3.78125,-0.84713436
0,43.979662,3.784375,-0.84904336
0,43.979662,3.7875,-0.85131152
0,43.979662,3.790625,-0.8539893
0,43.979662,3.79375,-0.85712052
0,43.979662,3.796875,-0.86074151
0,43.979662,3.8,-0.86488098
0,43.979662,3.803125,-0.86956045
0,43.979662,3.80625,-0.87479528
0,43.979662,3.809375,-0.88059587
0,43.979662,3.8125,-0.88696903
0,43.979662,3.815625,-0.89391936
0,43.979662,3.81875,-0.90145041
0,43.979662,3.821875,-0.90956557
0,43.979662,3.825,-0.91826871
0,43.979662,3.828125,-0.92756431
0,43.979662,3.83125,-0.93745732
0,43.979662,3.834375,-0.94795259
0,43.979662,3.8375,-0.9590542
0,43.979662,3.840625,-0.97076446
0,43.979662,3.84375,-0.98308297
0,43.979662,3.846875,-0.99600563
0,43.979662,3.85,-1.0095236
0,43.979662,3.853125,-1.0236223
0,43.979662,3.85625,-1.0382807
0,43.979662,3.859375,-1.0534701
0,43.979662,3.8625,-1.0691533
0,43.979662,3.865625,-1.085284
0,43.979662,3.86875,-1.1018053
0,43.979662,3.871875,-1.1186497
0,43.979662,3.875,-1.1357381
0,43.979662,3.878125,-1.1529797
0,43.979662,3.88125,-1.1702723
0,43.979662,3.884375,-1.1875032
0,43.979662,3.8875,-1.2045506
0,43.979662,3.890625,-1.2212864
0,43.979662,3.89375,-1.2375795
0,43.979662,3.896875,-1.2533002
0,43.979662,3.9,-1.268325
0,43.979662,3.903125,-1.2825418
0,43.979662,3.90625,-1.2958547
0,43.979662,3.909375,-1.308188
0,43.979662,3.9125,-1.3194881
0,43.979662,3.915625,-1.3297241
0,43.979662,3.91875,-1.3388866
0,43.979662,3.921875,-1.3469847
0,43.979662,3.925,-1.3540432
0,43.979662,3.928125,-1.3600995
0,43.979662,3.93125,-1.365201
0,43.979662,3.934375,-1.3694046
0,43.979662,3.9375,-1.3727759
0,43.979662,3.940625,-1.3753916
0,43.979662,3.94375,-1.3773405
0,43.979662,3.946875,-1.3787257
0,43.979662,3.95,-1.3796643
0,43.979662,3.953125,-1.3802855
0,43.979662,3.95625,-1.3807251
0,43.979662,3.959375,-1.3811189
0,43.979662,3.9625,-1.3815955
0,43.979662,3.965625,-1.3822696
0,43.979662,3.96875,-1.3832385
0,43.979662,3.971875,-1.3845795
0,43.979662,3.975,-1.3863508
0,43.979662,3.978125,-1.3885938
0,43.979662,3.98125,-1.3913358
0,43.979662,3.984375,-1.3945943
0,43.979662,3.9875,-1.3983801
0,43.979662,3.990625,-1.4027005
0,43.979662,3.99375,-1.4075617
0,43.979662,3.996875,-1.4129702
0,43.979662,4,-1.4189334
0,43.979662,4.003125,-1.42546
0,43.979662,4.00625,-1.4325597
0,43.979662,4.009375,-1.4402427
0,43.979662,4.0125,-1.4485188
0,43.979662,4.015625,-1.4573972
0,43.979662,4.01875,-1.4668856
0,43.979662,4.021875,-1.4769898
0,43.979662,4.025,-1.4877131
0,43.979662,4.028125,-1.4990561
0,43.979662,4.03125,-1.5110159
0,43.979662,4.034375,-1.5235859
0,43.979662,4.0375,-1.5367554
0,43.979662,4.040625,-1.5505092
0,43.979662,4.04375,-1.564827
0,43.979662,4.046875,-1.5796837
0,43.979662,4.05,-1.5950487
0,43.979662,4.053125,-1.610886
0,43.979662,4.05625,-1.6271543
0,43.979662,4.059375,-1.6438066
0,43.979662,4.0625,-1.6607912
0,43.979662,4.065625,-1.6780512
0,43.979662,4.06875,-1.6955252
0,43.979662,4.071875,-1.7131478
0,43.979662,4.075,-1.7308498
0,43.979662,4.078125,-1.7485591
0,43.979662,4.08125,-1.7662012
0,43.979662,4.084375,-1.7836997
0,43.979662,4.0875,-1.8009776
0,43.979662,4.090625,-1.8179576
0,43.979662,4.09375,-1.8345632
0,43.979662,4.096875,-1.8507196
0,43.979662,4.1,-1.8663547
0,43.979662,4.103125,-1.8814
0,43.979662,4.10625,-1.8957916
0,43.979662,4.109375,-1.9094714
0,43.979662,4.1125,-1.9223876
0,43.979662,4.115625,-1.9344961
0,43.979662,4.11875,-1.9457611
0,43.979662,4.121875,-1.9561557
0,43.979662,4.125,-1.965663
0,43.979662,4.128125,-1.9742765
0,43.979662,4.13125,-1.9819999
0,43.979662,4.134375,-1.988848
0,43.979662,4.1375,-1.9948463
0,43.979662,4.140625,-2.0000305
0,43.979662,4.14375,-2.0044463
0,43.979662,4.146875,-2.0081485
0,43.979662,4.15,-2.0111999
0,43.979662,4.153125,-2.0136704
0,43.979662,4.15625,-2.0156354
0,43.979662,4.159375,-2.0171742
0,43.979662,4.1625,-2.0183684
0,43.979662,4.165625,-2.0193
0,43.979662,4.16875,-2.0200486
0,43.979662,4.171875,-2.020689
0,43.979662,4.175,-2.0212878
0,43.979662,4.178125,-2.0219
0,43.979662,4.18125,-2.0225648
0,43.979662,4.184375,-2.0233026
0,43.979662,4.1875,-2.0241127
0,43.979662,4.190625,-2.0249742
0,43.979662,4.19375,-2.0258502
0,43.979662,4.196875,-2.0266971
0,43.979662,4.2,-2.0274763
0,43.979662,4.203125,-2.028167
0,43.979662,4.20625,-2.0287742
0,43.979662,4.209375,-2.0293304
0,43.979662,4.2125,-2.0298881
0,43.979662,4.215625,-2.030507
0,43.979662,4.21875,-2.031239
0,43.979662,4.221875,-2.0321151
0,43.979662,4.225,-2.0331368
0,43.979662,4.228125,-2.0342717
0,43.979662,4.23125,-2.0354534
0,43.979662,4.234375,-2.0365842
0,43.979662,4.2375,-2.0375402
0,43.979662,4.240625,-2.0381792
0,43.979662,4.24375,-2.0383509
0,43.979662,4.246875,-2.0379094
0,43.979662,4.25,-2.0367266
0,43.979662,4.253125,-2.0347049
0,43.979662,4.25625,-2.0317854
0,43.979662,4.259375,-2.0279526
0,43.979662,4.2625,-2.0232328
0,43.979662,4.265625,-2.0176889
0,43.979662,4.26875,-2.0114127
0,43.979662,4.271875,-2.0045167
0,43.979662,4.275,-1.9971279
0,43.979662,4.278125,-1.989382
0,43.979662,4.28125,-1.9814203
0,43.979662,4.284375,-1.9733868
0,43.979662,4.2875,-1.9654263
0,43.979662,4.290625,-1.9576811
0,43.979662,4.29375,-1.9502886
0,43.979662,4.296875,-1.943376
0,43.979662,4.3,-1.937055
0,43.979662,4.303125,-1.931415
0,43.979662,4.30625,-1.9265148
0,43.979662,4.309375,-1.9223737
0,43.979662,4.3125,-1.9189623
0,43.979662,4.315625,-1.916194
0,43.979662,4.31875,-1.91392
0,43.979662,4.321875,-1.9119287
0,43.979662,4.325,-1.9099527
0,43.979662,4.328125,-1.9076863
0,43.979662,4.33125,-1.9048118
0,43.979662,4.334375,-1.9010334
0,43.979662,4.3375,-1.8961143
0,43.979662,4.340625,-1.8899075
0,43.979662,4.34375,-1.8823756
0,43.979662,4.346875,-1.8735929
0,43.979662,4.35,-1.8637321
0,43.979662,4.353125,-1.8530377
0,43.979662,4.35625,-1.8417939
0,43.979662,4.359375,-1.8302924
0,43.979662,4.3625,-1.8188046
0,43.979662,4.365625,-1.8075605
0,43.979662,4.36875,-1.7967348
0,43.979662,4.371875,-1.7864385
0,43.979662,4.375,-1.7767178
0,43.979662,4.378125,-1.7675582
0,43.979662,4.38125,-1.7588977
0,43.979662,4.384375,-1.7506454
0,43.979662,4.3875,-1.7427062
0,43.979662,4.390625,-1.7350059
0,43.979662,4.39375,-1.7275097
0,43.979662,4.396875,-1.7202305
0,43.979662,4.4,-1.7132239
0,43.979662,4.403125,-1.7065741
0,43.979662,4.40625,-1.7003749
0,43.979662,4.409375,-1.6947136
0,43.979662,4.4125,-1.6896594
0,43.979662,4.415625,-1.6852583
0,43.979662,4.41875,-1.6815329
0,43.979662,4.421875,-1.678485
0,43.979662,4.425,-1.6761001
0,43.979662,4.428125,-1.6743508
0,43.979662,4.43125,-1.6732006
0,43.979662,4.434375,-1.6726066
0,43.979662,4.4375,-1.6725218
0,43.979662,4.440625,-1.6728976
0,43.979662,4.44375,-1.6736874
0,43.979662,4.446875,-1.6748507
0,43.979662,4.45,-1.6763581
0,43.979662,4.453125,-1.678198
0,43.979662,4.45625,-1.6803807
0,43.979662,4.459375,-1.6829425
0,43.979662,4.4625,-1.6859451
0,43.979662,4.465625,-1.689471
0,43.979662,4.46875,-1.6936147
0,43.979662,4.471875,-1.6984698
0,43.979662,4.475,-1.7041133
0,43.979662,4.478125,-1.7105895
0,43.979662,4.48125,-1.7178939
0,43.979662,4.484375,-1.725959
0,43.979662,4.4875,-1.7346435
0,43.979662,4.490625,-1.7437262
0,43.979662,4.49375,-1.7529057
0,43.979662,4.496875,-1.7618074
0,43.979662,4.5,-1.7700011
0,43.979662,4.503125,-1.777028
0,43.979662,4.50625,-1.7824429
0,43.979662,4.509375,-1.7858648
0,43.979662,4.5125,-1.7870334
0,43.979662,4.515625,-1.7858552
0,43.979662,4.51875,-1.7824275
0,43.979662,4.521875,-1.7770282
0,43.979662,4.525,-1.7700758
0,43.979662,4.528125,-1.7620689
0,43.979662,4.53125,-1.7535224
0,43.979662,4.534375,-1.7449162
0,43.979662,4.5375,-1.7366615
0,43.979662,4.540625,-1.7290861
0,43.979662,4.54375,-1.7224351
0,43.979662,4.546875,-1.7168803
0,43.979662,4.55,-1.712533
0,43.979662,4.553125,-1.7094585
0,43.979662,4.55625,-1.7076882
0,43.979662,4.559375,-1.70723
0,43.979662,4.5625,-1.7080764
0,43.979662,4.565625,-1.7102098
0,43.979662,4.56875,-1.7136072
0,43.979662,4.571875,-1.7182425
0,43.979662,4.575,-1.7240883
0,43.979662,4.578125,-1.7311165
0,43.979662,4.58125,-1.7392984
0,43.979662,4.584375,-1.7486044
0,43.979662,4.5875,-1.7590027
0,43.979662,4.590625,-1.7704574
0,43.979662,4.59375,-1.7829264
0,43.979662,4.596875,-1.7963572
0,43.979662,4.6,-1.8106833
0,43.979662,4.603125,-1.8258172
0,43.979662,4.60625,-1.8416444
0,43.979662,4.609375,-1.8580151
0,43.979662,4.6125,-1.8747368
0,43.979662,4.615625,-1.8915695
0,43.979662,4.61875,-1.9082256
0,43.979662,4.621875,-1.9243791
0,43.979662,4.625,-1.9396863
0,43.979662,4.628125,-1.9538166
0,43.979662,4.63125,-1.9664912
0,43.979662,4.634375,-1.9775167
0,43.979662,4.6375,-1.9868066
0,43.979662,4.640625,-1.9943817
0,43.979662,4.64375,-2.0003511
0,43.979662,4.646875,-2.0048814
0,43.979662,4.65,-2.0081629
0,43.979662,4.653125,-2.0103818
0,43.979662,4.65625,-2.0117004
0,43.979662,4.659375,-2.0122456
0,43.979662,4.6625,-2.0121039
0,43.979662,4.665625,-2.0113184
0,43.979662,4.66875,-2.0098887
0,43.979662,4.671875,-2.0077703
0,43.979662,4.675,-2.0048758
0,43.979662,4.678125,-2.0010789
0,43.979662,4.68125,-1.9962225
0,43.979662,4.684375,-1.9901358
0,43.979662,4.6875,-1.9826591
0,43.979662,4.690625,-1.9736763
0,43.979662,4.69375,-1.9631498
0,43.979662,4.696875,-1.9511484
0,43.979662,4.7,-1.9378615
0,43.979662,4.703125,-1.9235925
0,43.979662,4.70625,-1.9087347
0,43.979662,4.709375,-1.8937368
0,43.979662,4.7125,-1.8790649
0,43.979662,4.715625,-1.8651712
0,43.979662,4.71875,-1.8524699
0,43.979662,4.721875,-1.8413212
0,43.979662,4.725,-1.8320215
0,43.979662,4.728125,-1.8247941
0,43.979662,4.73125,-1.8197807
0,43.979662,4.734375,-1.8170292
0,43.979662,4.7375,-1.8164779
0,43.979662,4.740625,-1.8179372
0,43.979662,4.74375,-1.82107
0,43.979662,4.746875,-1.8253768
0,43.979662,4.75,-1.8301906
0,43.979662,4.753125,-1.8346916
0,43.979662,4.75625,-1.8379487
0,43.979662,4.759375,-1.8389924
0,43.979662,4.7625,-1.8369146
0,43.979662,4.765625,-1.8309828
0,43.979662,4.76875,-1.8207436
0,43.979662,4.771875,-1.8060902
0,43.979662,4.775,-1.7872751
0,43.979662,4.778125,-1.7648642
0,43.979662,4.78125,-1.7396458
0,43.979662,4.784375,-1.712518
0,43.979662,4.7875,-1.6843814
0,43.979662,4.790625,-1.656055
0,43.979662,4.79375,-1.6282229
0,43.979662,4.796875,-1.6014123
0,43.979662,4.8,-1.5759937
0,43.979662,4.803125,-1.552197
0,43.979662,4.80625,-1.530135
0,43.979662,4.809375,-1.5098283
0,43.979662,4.8125,-1.4912294
0,43.979662,4.815625,-1.474244
0,43.979662,4.81875,-1.4587472
0,43.979662,4.821875,-1.4445983
0,43.979662,4.825,-1.43165
0,43.979662,4.828125,-1.4197572
0,43.979662,4.83125,-1.4087813
0,43.979662,4.834375,-1.3985946
0,43.979662,4.8375,-1.3890816
0,43.979662,4.840625,-1.38014
0,43.979662,4.84375,-1.3716802
0,43.979662,4.846875,-1.3636246
0,43.979662,4.85,-1.3559059
0,43.979662,4.853125,-1.3484658
0,43.979662,4.85625,-1.3412533
0,43.979662,4.859375,-1.3342238
0,43.979662,4.8625,-1.3273382
0,43.979662,4.865625,-1.3205623
0,43.979662,4.86875,-1.3138675
0,43.979662,4.871875,-1.3072306
0,43.979662,4.875,-1.300635
0,43.979662,4.878125,-1.2940709
0,43.979662,4.88125,-1.2875357
0,43.979662,4.884375,-1.2810344
0,43.979662,4.8875,-1.274579
0,43.979662,4.890625,-1.2681873
0,43.979662,4.89375,-1.2618819
0,43.979662,4.896875,-1.2556886
0,43.979662,4.9,-1.2496343
0,43.979662,4.903125,-1.2437458
0,43.979662,4.90625,-1.2380477
0,43.979662,4.909375,-1.2325614
0,43.979662,4.9125,-1.2273043
0,43.979662,4.915625,-1.2222883
0,43.979662,4.91875,-1.2175196
0,43.979662,4.921875,-1.2129982
0,43.979662,4.925,-1.2087174
0,43.979662,4.928125,-1.2046638
0,43.979662,4.93125,-1.2008179
0,43.979662,4.934375,-1.1971542
0,43.979662,4.9375,-1.193643
0,43.979662,4.940625,-1.1902512
0,43.979662,4.94375,-1.1869443
0,43.979662,4.946875,-1.183688
0,43.979662,4.95,-1.1804499
0,43.979662,4.953125,-1.1772002
0,43.979662,4.95625,-1.1739133
0,43.979662,4.959375,-1.1705677
0,43.979662,4.9625,-1.1671457
0,43.979662,4.965625,-1.1636335
0,43.979662,4.96875,-1.1600202
0,43.979662,4.971875,-1.1562972
0,43.979662,4.975,-1.1524577
0,43.979662,4.978125,-1.1484963
0,43.979662,4.98125,-1.1444089
0,43.979662,4.984375,-1.140193
0,43.979662,4.9875,-1.1358482
0,43.979662,4.990625,-1.1313765
0,43.979662,4.99375,-1.1267834
0,43.979662,4.996875,-1.1220784
0,43.979662,5,-1.1172752
0,43.979662,5.003125,-1.1123917
0,43.979662,5.00625,-1.1074503
0,43.979662,5.009375,-1.1024763
0,43.979662,5.0125,-1.0974972
0,43.979662,5.015625,-1.0925406
0,43.979662,5.01875,-1.0876329
0,43.979662,5.021875,-1.0827963
0,43.979662,5.025,-1.0780471
0,43.979662,5.028125,-1.0733928
0,43.979662,5.03125,-1.0688301
0,43.979662,5.034375,-1.0643426
0,43.979662,5.0375,-1.0598986
0,43.979662,5.040625,-1.0554507
0,43.979662,5.04375,-1.0509347
0,43.979662,5.046875,-1.0462718
0,43.979662,5.05,-1.0413721
0,43.979662,5.053125,-1.0361404
0,43.979662,5.05625,-1.0304852
0,43.979662,5.059375,-1.0243287
0,43.979662,5.0625,-1.0176165
0,43.979662,5.065625,-1.0103256
0,43.979662,5.06875,-1.002469
0,43.979662,5.071875,-0.99409389
0,43.979662,5.075,-0.98527678
0,43.979662,5.078125,-0.97611427
0,43.979662,5.08125,-0.96671305
0,43.979662,5.084375,-0.9571801
0,43.979662,5.0875,-0.94761468
0,43.979662,5.090625,-0.93810228
0,43.979662,5.09375,-0.9287103
0,43.979662,5.096875,-0.91948513
0,43.979662,5.1,-0.91044988
0,43.979662,5.103125,-0.9016029
0,43.979662,5.10625,-0.89291705
0,43.979662,5.109375,-0.8843408
0,43.979662,5.1125,-0.87580202
0,43.979662,5.115625,-0.86721556
0,43.979662,5.11875,-0.85849466
0,43.979662,5.121875,-0.84956495
0,43.979662,5.125,-0.84037797
0,43.979662,5.128125,-0.83092052
0,43.979662,5.13125,-0.82121682
0,43.979662,5.134375,-0.81132305
0,43.979662,5.1375,-0.80131618
0,43.979662,5.140625,-0.79128096
0,43.979662,5.14375,-0.78129851
0,43.979662,5.146875,-0.77143885
0,43.979662,5.15,-0.76175757
0,43.979662,5.153125,-0.75229603
0,43.979662,5.15625,-0.74308339
0,43.979662,5.159375,-0.7341395
0,43.979662,5.1625,-0.72547746
0,43.979662,5.165625,-0.7171055
0,43.979662,5.16875,-0.70902819
0,43.979662,5.171875,-0.70124693
0,43.979662,5.175,-0.69375999
0,43.979662,5.178125,-0.68656233
0,43.979662,5.18125,-0.67964523
0,43.979662,5.184375,-0.67299575
0,43.979662,5.1875,-0.66659611
0,43.979662,5.190625,-0.66042276
0,43.979662,5.19375,-0.65444529
0,43.979662,5.196875,-0.64862505
0,43.979662,5.2,-0.64291367
0,43.979662,5.203125,-0.63725164
0,43.979662,5.20625,-0.63156731
0,43.979662,5.209375,-0.62577691
0,43.979662,5.2125,-0.61978601
0,43.979662,5.215625,-0.61349315
0,43.979662,5.21875,-0.60679575
0,43.979662,5.221875,-0.59959828
0,43.979662,5.225,-0.59182171
0,43.979662,5.228125,-0.58341266
0,43.979662,5.23125,-0.57435066
0,43.979662,5.234375,-0.56465154
0,43.979662,5.2375,-0.55436632
0,43.979662,5.240625,-0.54357567
0,43.979662,5.24375,-0.53238122
0,43.979662,5.246875,-0.52089555
0,43.979662,5.25,-0.50923267
0,43.979662,5.253125,-0.4975002
0,43.979662,5.25625,-0.4857941
0,43.979662,5.259375,-0.47419574
0,43.979662,5.2625,-0.46277112
0,43.979662,5.265625,-0.45157144
0,43.979662,5.26875,-0.44063464
0,43.979662,5.271875,-0.42998734
0,43.979662,5.275,-0.41964684
0,43.979662,5.278125,-0.40962302
0,43.979662,5.28125,-0.39991998
0,43.979662,5.284375,-0.39053744
0,43.979662,5.2875,-0.38147187
0,43.979662,5.290625,-0.37271738
0,43.979662,5.29375,-0.36426641
0,43.979662,5.296875,-0.35611027
0,43.979662,5.3,-0.34823956
0,43.979662,5.303125,-0.34064443
0,43.979662,5.30625,-0.33331484
0,43.979662,5.309375,-0.32624071
0,43.979662,5.3125,-0.31941205
0,43.979662,5.315625,-0.31281904
0,43.979662,5.31875,-0.30645211
0,43.979662,5.321875,-0.30030194
0,43.979662,5.325,-0.29435953
0,43.979662,5.328125,-0.28861621
0,43.979662,5.33125,-0.28306361
0,43.979662,5.334375,-0.27769374
0,43.979662,5.3375,-0.27249889
0,43.979662,5.340625,-0.26747172
0,43.979662,5.34375,-0.2626052
0,43.979662,5.346875,-0.25789261
0,43.979662,5.35,-0.25332752
0,43.979662,5.353125,-0.24890381
0,43.979662,5.35625,-0.24461565
0,43.979662,5.359375,-0.24045746
0,43.979662,5.3625,-0.23642392
0,43.979662,5.365625,-0.23250998
0,43.979662,5.36875,-0.22871081
0,43.979662,5.371875,-0.2250218
0,43.979662,5.375,-0.22143858
0,43.979662,5.378125,-0.21795696
0,43.979662,5.38125,-0.21457295
0,43.979662,5.384375,-0.21128277
0,43.979662,5.3875,-0.20808279
0,43.979662,5.390625,-0.20496955
0,43.979662,5.39375,-0.20193976
0,43.979662,5.396875,-0.19899028
0,43.979662,5.4,-0.19611812
0,43.979662,5.403125,-0.1933204
0,43.979662,5.40625,-0.1905944
0,43.979662,5.409375,-0.18793752
0,43.979662,5.4125,-0.18534726
0,43.979662,5.415625,-0.18282124
0,43.979662,5.41875,-0.18035718
0,43.979662,5.421875,-0.17795292
0,43.979662,5.425,-0.17560638
0,43.979662,5.428125,-0.17331556
0,43.979662,5.43125,-0.17107857
0,43.979662,5.434375,-0.16889359
0,43.979662,5.4375,-0.16675887
0,43.979662,5.440625,-0.16467275
0,43.979662,5.44375,-0.16263362
0,43.979662,5.446875,-0.16063996
0,43.979662,5.45,-0.15869029
0,43.979662,5.453125,-0.15678322
0,43.979662,5.45625,-0.15491738
0,43.979662,5.459375,-0.15309148
0,43.979662,5.4625,-0.15130429
0,43.979662,5.465625,-0.14955459
0,43.979662,5.46875,-0.14784126
0,43.979662,5.471875,-0.14616319
0,43.979662,5.475,-0.14451931
0,43.979662,5.478125,-0.14290861
0,43.979662,5.48125,-0.14133012
0,43.979662,5.484375,-0.13978289
0,43.979662,5.4875,-0.13826601
0,43.979662,5.490625,-0.13677862
0,43.979662,5.49375,-0.13531987
0,43.979662,5.496875,-0.13388896
0,43.979662,5.5,-0.13248511
0,43.979662,5.503125,-0.13110757
0,43.979662,5.50625,-0.12975561
0,43.979662,5.509375,-0.12842853
0,43.979662,5.5125,-0.12712568
0,43.979662,5.515625,-0.12584639
0,43.979662,5.51875,-0.12459003
0,43.979662,5.521875,-0.12335602
0,43.979662,5.525,-0.12214375
0,43.979662,5.528125,-0.12095268
0,43.979662,5.53125,-0.11978225
0,43.979662,5.534375,-0.11863193
0,43.979662,5.5375,-0.11750123
0,43.979662,5.540625,-0.11638964
0,43.979662,5.54375,-0.11529669
0,43.979662,5.546875,-0.11422193
0,43.979662,5.55,-0.1131649
0,43.979662,5.553125,-0.11212518
0,43.979662,5.55625,-0.11110235
0,43.979662,5.559375,-0.110096
0,43.979662,5.5625,-0.10910575
0,43.979662,5.565625,-0.10813121
0,43.979662,5.56875,-0.10717202
0,43.979662,5.571875,-0.10622783
0,43.979662,5.575,-0.10529828
0,43.979662,5.578125,-0.10438304
0,43.979662,5.58125,-0.10348179
0,43.979662,5.584375,-0.10259422
0,43.979662,5.5875,-0.10172001
0,43.979662,5.590625,-0.10085888
0,43.979662,5.59375,-0.10001053
0,43.979662,5.596875,-0.099174682
0,43.979662,5.6,-0.098351071
0,43.979662,5.603125,-0.09753943
0,43.979662,5.60625,-0.096739504
0,43.979662,5.609375,-0.095951044
0,43.979662,5.6125,-0.095173807
0,43.979662,5.615625,-0.094407559
0,43.979662,5.61875,-0.093652072
0,43.979662,5.621875,-0.092907123
0,43.979662,5.625,-0.092172496
0,43.979662,5.628125,-0.091447982
0,43.979662,5.63125,-0.090733374
0,43.979662,5.634375,-0.090028474
0,43.979662,5.6375,-0.089333089
0,43.979662,5.640625,-0.08864703
0,43.979662,5.64375,-0.087970113
0,43.979662,5.646875,-0.087302158
0,43.979662,5.65,-0.086642993
0,43.979662,5.653125,-0.085992447
0,43.979662,5.65625,-0.085350354
0,43.979662,5.659375,-0.084716553
0,43.979662,5.6625,-0.084090888
0,43.979662,5.665625,-0.083473205
0,43.979662,5.66875,-0.082863354
0,43.979662,5.671875,-0.082261191
0,43.979662,5.675,-0.081666572
0,43.979662,5.678125,-0.08107936
0,43.979662,5.68125,-0.080499418
0,43.979662,5.684375,-0.079926616
0,43.979662,5.6875,-0.079360825
0,43.979662,5.690625,-0.078801918
0,43.979662,5.69375,-0.078249773
0,43.979662,5.696875,-0.07770427
0,43.979662,5.7,-0.077165293
0,43.979662,5.703125,-0.076632726
0,43.979662,5.70625,-0.07610646
0,43.979662,5.709375,-0.075586383
0,43.979662,5.7125,-0.075072391
0,43.979662,5.715625,-0.074564378
0,43.979662,5.71875,-0.074062244
0,43.979662,5.721875,-0.073565889
0,43.979662,5.725,-0.073075215
0,43.979662,5.728125,-0.072590127
0,43.979662,5.73125,-0.072110534
0,43.979662,5.734375,-0.071636343
0,43.979662,5.7375,-0.071167466
0,43.979662,5.740625,-0.070703816
0,43.979662,5.74375,-0.070245308
0,43.979662,5.746875,-0.069791859
0,43.979662,5.75,-0.069343388
0,43.979662,5.753125,-0.068899814
0,43.979662,5.75625,-0.06846106
0,43.979662,5.759375,-0.068027049
0,43.979662,5.7625,-0.067597707
0,43.979662,5.765625,-0.067172961
0,43.979662,5.76875,-0.066752738
0,43.979662,5.771875,-0.06633697
0,43.979662,5.775,-0.065925586
0,43.979662,5.778125,-0.06551852
0,43.979662,5.78125,-0.065115706
0,43.979662,5.784375,-0.064717079
0,43.979662,5.7875,-0.064322576
0,43.979662,5.790625,-0.063932134
0,43.979662,5.79375,-0.063545694
0,43.979662,5.796875,-0.063163195
0,43.979662,5.8,-0.06278458
0,43.979662,5.803125,-0.06240979
0,43.979662,5.80625,-0.062038769
0,43.979662,5.809375,-0.061671464
0,43.979662,5.8125,-0.061307819
0,43.979662,5.815625,-0.060947781
0,43.979662,5.81875,-0.060591299
0,43.979662,5.821875,-0.060238323
0,43.979662,5.825,-0.059888801
0,43.979662,5.828125,-0.059542684
0,43.979662,5.83125,-0.059199926
0,43.979662,5.834375,-0.058860478
0,43.979662,5.8375,-0.058524294
0,43.979662,5.840625,-0.058191329
0,43.979662,5.84375,-0.057861538
0,43.979662,5.846875,-0.057534877
0,43.979662,5.85,-0.057211304
0,43.979662,5.853125,-0.056890775
0,43.979662,5.85625,-0.05657325
0,43.979662,5.859375,-0.056258688
0,43.979662,5.8625,-0.05594705
0,43.979662,5.865625,-0.055638294
0,43.979662,5.86875,-0.055332384
0,43.979662,5.871875,-0.055029281
0,43.979662,5.875,-0.054728948
0,43.979662,5.878125,-0.054431348
0,43.979662,5.88125,-0.054136446
0,43.979662,5.884375,-0.053844206
0,43.979662,5.8875,-0.053554594
0,43.979662,5.890625,-0.053267575
0,43.979662,5.89375,-0.052983116
0,43.979662,5.896875,-0.052701184
0,43.979662,5.9,-0.052421746
0,43.979662,5.903125,-0.052144772
0,43.979662,5.90625,-0.051870229
0,43.979662,5.909375,-0.051598086
0,43.979662,5.9125,-0.051328314
0,43.979662,5.915625,-0.051060883
0,43.979662,5.91875,-0.050795764
0,43.979662,5.921875,-0.050532927
0,43.979662,5.925,-0.050272345
0,43.979662,5.928125,-0.050013989
0,43.979662,5.93125,-0.049757833
0,43.979662,5.934375,-0.049503849
0,43.979662,5.9375,-0.049252011
0,43.979662,5.940625,-0.049002293
0,43.979662,5.94375,-0.048754669
0,43.979662,5.946875,-0.048509113
0,43.979662,5.95,-0.048265602
0,43.979662,5.953125,-0.048024111
0,43.979662,5.95625,-0.047784615
0,43.979662,5.959375,-0.047547091
0,43.979662,5.9625,-0.047311515
0,43.979662,5.965625,-0.047077865
0,43.979662,5.96875,-0.046846119
0,43.979662,5.971875,-0.046616253
0,43.979662,5.975,-0.046388246
0,43.979662,5.978125,-0.046162076
0,43.979662,5.98125,-0.045937723
0,43.979662,5.984375,-0.045715165
0,43.979662,5.9875,-0.045494381
0,43.979662,5.990625,-0.045275352
0,43.979662,5.99375,-0.045058057
0,43.979662,5.996875,-0.044842477
0,43.979662,6,-0.044628593
