"Current","Field","Frequency","Spectra"
0,70.141628,1,-0.022965792
0,70.141628,1.003125,-0.023064972
0,70.141628,1.00625,-0.02316494
0,70.141628,1.009375,-0.023265705
0,70.141628,1.0125,-0.023367275
0,70.141628,1.015625,-0.023469662
0,70.141628,1.01875,-0.023572873
0,70.141628,1.021875,-0.023676919
0,70.141628,1.025,-0.02378181
0,70.141628,1.028125,-0.023887555
0,70.141628,1.03125,-0.023994164
0,70.141628,1.034375,-0.024101649
0,70.141628,1.0375,-0.02421002
0,70.141628,1.040625,-0.024319286
0,70.141628,1.04375,-0.024429459
0,70.141628,1.046875,-0.02454055
0,70.141628,1.05,-0.02465257
0,70.141628,1.053125,-0.02476553
0,70.141628,1.05625,-0.024879441
0,70.141628,1.059375,-0.024994316
0,70.141628,1.0625,-0.025110167
0,70.141628,1.065625,-0.025227004
0,70.141628,1.06875,-0.025344841
0,70.141628,1.071875,-0.025463689
0,70.141628,1.075,-0.025583562
0,70.141628,1.078125,-0.025704472
0,70.141628,1.08125,-0.025826432
0,70.141628,1.084375,-0.025949456
0,70.141628,1.0875,-0.026073556
0,70.141628,1.090625,-0.026198747
0,70.141628,1.09375,-0.026325042
0,70.141628,1.096875,-0.026452456
0,70.141628,1.1,-0.026581002
0,70.141628,1.103125,-0.026710696
0,70.141628,1.10625,-0.026841552
0,70.141628,1.109375,-0.026973585
0,70.141628,1.1125,-0.027106811
0,70.141628,1.115625,-0.027241245
0,70.141628,1.11875,-0.027376902
0,70.141628,1.121875,-0.0275138
0,70.141628,1.125,-0.027651954
0,70.141628,1.128125,-0.02779138
0,70.141628,1.13125,-0.027932097
0,70.141628,1.134375,-0.02807412
0,70.141628,1.1375,-0.028217468
0,70.141628,1.140625,-0.028362159
0,70.141628,1.14375,-0.028508209
0,70.141628,1.146875,-0.028655639
0,70.141628,1.15,-0.028804466
0,70.141628,1.153125,-0.028954709
0,70.141628,1.15625,-0.029106389
0,70.141628,1.159375,-0.029259524
0,70.141628,1.1625,-0.029414134
0,70.141628,1.165625,-0.029570241
0,70.141628,1.16875,-0.029727865
0,70.141628,1.171875,-0.029887027
0,70.141628,1.175,-0.030047748
0,70.141628,1.178125,-0.03021005
0,70.141628,1.18125,-0.030373957
0,70.141628,1.184375,-0.03053949
0,70.141628,1.1875,-0.030706672
0,70.141628,1.190625,-0.030875528
0,70.141628,1.19375,-0.03104608
0,70.141628,1.196875,-0.031218354
0,70.141628,1.2,-0.031392374
0,70.141628,1.203125,-0.031568165
0,70.141628,1.20625,-0.031745754
0,70.141628,1.209375,-0.031925166
0,70.141628,1.2125,-0.032106428
0,70.141628,1.215625,-0.032289568
0,70.141628,1.21875,-0.032474613
0,70.141628,1.221875,-0.032661591
0,70.141628,1.225,-0.032850531
0,70.141628,1.228125,-0.033041463
0,70.141628,1.23125,-0.033234416
0,70.141628,1.234375,-0.033429421
0,70.141628,1.2375,-0.033626508
0,70.141628,1.240625,-0.03382571
0,70.141628,1.24375,-0.034027058
0,70.141628,1.246875,-0.034230586
0,70.141628,1.25,-0.034436326
0,70.141628,1.253125,-0.034644314
0,70.141628,1.25625,-0.034854583
0,70.141628,1.259375,-0.03506717
0,70.141628,1.2625,-0.03528211
0,70.141628,1.265625,-0.03549944
0,70.141628,1.26875,-0.035719199
0,70.141628,1.271875,-0.035941423
0,70.141628,1.275,-0.036166153
0,70.141628,1.278125,-0.036393429
0,70.141628,1.28125,-0.03662329
0,70.141628,1.284375,-0.03685578
0,70.141628,1.2875,-0.037090939
0,70.141628,1.290625,-0.037328811
0,70.141628,1.29375,-0.037569441
0,70.141628,1.296875,-0.037812873
0,70.141628,1.3,-0.038059153
0,70.141628,1.303125,-0.038308329
0,70.141628,1.30625,-0.038560448
0,70.141628,1.309375,-0.038815559
0,70.141628,1.3125,-0.039073712
0,70.141628,1.315625,-0.039334957
0,70.141628,1.31875,-0.039599348
0,70.141628,1.321875,-0.039866936
0,70.141628,1.325,-0.040137777
0,70.141628,1.328125,-0.040411926
0,70.141628,1.33125,-0.040689438
0,70.141628,1.334375,-0.040970373
0,70.141628,1.3375,-0.041254788
0,70.141628,1.340625,-0.041542745
0,70.141628,1.34375,-0.041834305
0,70.141628,1.346875,-0.042129531
0,70.141628,1.35,-0.042428487
0,70.141628,1.353125,-0.04273124
0,70.141628,1.35625,-0.043037855
0,70.141628,1.359375,-0.043348403
0,70.141628,1.3625,-0.043662953
0,70.141628,1.365625,-0.043981577
0,70.141628,1.36875,-0.044304348
0,70.141628,1.371875,-0.044631342
0,70.141628,1.375,-0.044962636
0,70.141628,1.378125,-0.045298307
0,70.141628,1.38125,-0.045638436
0,70.141628,1.384375,-0.045983105
0,70.141628,1.3875,-0.046332399
0,70.141628,1.390625,-0.046686402
0,70.141628,1.39375,-0.047045204
0,70.141628,1.396875,-0.047408894
0,70.141628,1.4,-0.047777565
0,70.141628,1.403125,-0.048151309
0,70.141628,1.40625,-0.048530225
0,70.141628,1.409375,-0.04891441
0,70.141628,1.4125,-0.049303966
0,70.141628,1.415625,-0.049698995
0,70.141628,1.41875,-0.050099606
0,70.141628,1.421875,-0.050505904
0,70.141628,1.425,-0.050918003
0,70.141628,1.428125,-0.051336014
0,70.141628,1.43125,-0.051760056
0,70.141628,1.434375,-0.052190248
0,70.141628,1.4375,-0.052626711
0,70.141628,1.440625,-0.053069571
0,70.141628,1.44375,-0.053518957
0,70.141628,1.446875,-0.053975
0,70.141628,1.45,-0.054437835
0,70.141628,1.453125,-0.054907601
0,70.141628,1.45625,-0.055384438
0,70.141628,1.459375,-0.055868492
0,70.141628,1.4625,-0.056359913
0,70.141628,1.465625,-0.056858853
0,70.141628,1.46875,-0.057365468
0,70.141628,1.471875,-0.05787992
0,70.141628,1.475,-0.058402372
0,70.141628,1.478125,-0.058932995
0,70.141628,1.48125,-0.05947196
0,70.141628,1.484375,-0.060019447
0,70.141628,1.4875,-0.060575638
0,70.141628,1.490625,-0.06114072
0,70.141628,1.49375,-0.061714885
0,70.141628,1.496875,-0.062298331
0,70.141628,1.5,-0.06289126
0,70.141628,1.503125,-0.06349388
0,70.141628,1.50625,-0.064106404
0,70.141628,1.509375,-0.064729052
0,70.141628,1.5125,-0.065362049
0,70.141628,1.515625,-0.066005626
0,70.141628,1.51875,-0.06666002
0,70.141628,1.521875,-0.067325476
0,70.141628,1.525,-0.068002243
0,70.141628,1.528125,-0.06869058
0,70.141628,1.53125,-0.06939075
0,70.141628,1.534375,-0.070103026
0,70.141628,1.5375,-0.070827687
0,70.141628,1.540625,-0.07156502
0,70.141628,1.54375,-0.072315319
0,70.141628,1.546875,-0.07307889
0,70.141628,1.55,-0.073856042
0,70.141628,1.553125,-0.074647098
0,70.141628,1.55625,-0.075452386
0,70.141628,1.559375,-0.076272246
0,70.141628,1.5625,-0.077107026
0,70.141628,1.565625,-0.077957086
0,70.141628,1.56875,-0.078822793
0,70.141628,1.571875,-0.079704529
0,70.141628,1.575,-0.080602683
0,70.141628,1.578125,-0.081517656
0,70.141628,1.58125,-0.082449863
0,70.141628,1.584375,-0.083399729
0,70.141628,1.5875,-0.084367691
0,70.141628,1.590625,-0.0853542
0,70.141628,1.59375,-0.086359721
0,70.141628,1.596875,-0.087384729
0,70.141628,1.6,-0.088429717
0,70.141628,1.603125,-0.089495191
0,70.141628,1.60625,-0.090581671
0,70.141628,1.609375,-0.091689693
0,70.141628,1.6125,-0.09281981
0,70.141628,1.615625,-0.09397259
0,70.141628,1.61875,-0.095148619
0,70.141628,1.621875,-0.096348498
0,70.141628,1.625,-0.097572849
0,70.141628,1.628125,-0.098822311
0,70.141628,1.63125,-0.10009754
0,70.141628,1.634375,-0.10139922
0,70.141628,1.6375,-0.10272805
0,70.141628,1.640625,-0.10408473
0,70.141628,1.64375,-0.10547003
0,70.141628,1.646875,-0.10688469
0,70.141628,1.65,-0.1083295
0,70.141628,1.653125,-0.10980527
0,70.141628,1.65625,-0.11131284
0,70.141628,1.659375,-0.11285306
0,70.141628,1.6625,-0.11442681
0,70.141628,1.665625,-0.116035
0,70.141628,1.66875,-0.11767858
0,70.141628,1.671875,-0.11935849
0,70.141628,1.675,-0.12107573
0,70.141628,1.678125,-0.12283133
0,70.141628,1.68125,-0.12462633
0,70.141628,1.684375,-0.12646181
0,70.141628,1.6875,-0.12833888
0,70.141628,1.690625,-0.13025869
0,70.141628,1.69375,-0.1322224
0,70.141628,1.696875,-0.13423123
0,70.141628,1.7,-0.13628641
0,70.141628,1.703125,-0.13838922
0,70.141628,1.70625,-0.14054097
0,70.141628,1.709375,-0.142743
0,70.141628,1.7125,-0.1449967
0,70.141628,1.715625,-0.14730346
0,70.141628,1.71875,-0.14966475
0,70.141628,1.721875,-0.15208204
0,70.141628,1.725,-0.15455687
0,70.141628,1.728125,-0.15709078
0,70.141628,1.73125,-0.15968538
0,70.141628,1.734375,-0.16234228
0,70.141628,1.7375,-0.16506316
0,70.141628,1.740625,-0.1678497
0,70.141628,1.74375,-0.17070365
0,70.141628,1.746875,-0.17362675
0,70.141628,1.75,-0.17662081
0,70.141628,1.753125,-0.17968765
0,70.141628,1.75625,-0.1828291
0,70.141628,1.759375,-0.18604705
0,70.141628,1.7625,-0.18934339
0,70.141628,1.765625,-0.19272002
0,70.141628,1.76875,-0.19617888
0,70.141628,1.771875,-0.1997219
0,70.141628,1.775,-0.20335102
0,70.141628,1.778125,-0.20706818
0,70.141628,1.78125,-0.21087531
0,70.141628,1.784375,-0.21477433
0,70.141628,1.7875,-0.21876714
0,70.141628,1.790625,-0.22285562
0,70.141628,1.79375,-0.22704158
0,70.141628,1.796875,-0.23132681
0,70.141628,1.8,-0.23571303
0,70.141628,1.803125,-0.24020186
0,70.141628,1.80625,-0.24479488
0,70.141628,1.809375,-0.24949353
0,70.141628,1.8125,-0.25429912
0,70.141628,1.815625,-0.25921285
0,70.141628,1.81875,-0.26423574
0,70.141628,1.821875,-0.26936864
0,70.141628,1.825,-0.27461217
0,70.141628,1.828125,-0.27996676
0,70.141628,1.83125,-0.28543254
0,70.141628,1.834375,-0.29100939
0,70.141628,1.8375,-0.29669683
0,70.141628,1.840625,-0.30249407
0,70.141628,1.84375,-0.30839992
0,70.141628,1.846875,-0.31441277
0,70.141628,1.85,-0.32053054
0,70.141628,1.853125,-0.32675068
0,70.141628,1.85625,-0.33307006
0,70.141628,1.859375,-0.33948503
0,70.141628,1.8625,-0.34599125
0,70.141628,1.865625,-0.35258378
0,70.141628,1.86875,-0.35925692
0,70.141628,1.871875,-0.36600427
0,70.141628,1.875,-0.3728186
0,70.141628,1.878125,-0.37969189
0,70.141628,1.88125,-0.38661523
0,70.141628,1.884375,-0.39357883
0,70.141628,1.8875,-0.400572
0,70.141628,1.890625,-0.40758307
0,70.141628,1.89375,-0.41459944
0,70.141628,1.896875,-0.42160755
0,70.141628,1.9,-0.42859288
0,70.141628,1.903125,-0.43553995
0,70.141628,1.90625,-0.44243239
0,70.141628,1.909375,-0.4492529
0,70.141628,1.9125,-0.45598339
0,70.141628,1.915625,-0.46260499
0,70.141628,1.91875,-0.46909814
0,70.141628,1.921875,-0.47544267
0,70.141628,1.925,-0.48161797
0,70.141628,1.928125,-0.48760303
0,70.141628,1.93125,-0.49337668
0,70.141628,1.934375,-0.49891765
0,70.141628,1.9375,-0.5042048
0,70.141628,1.940625,-0.5092173
0,70.141628,1.94375,-0.51393477
0,70.141628,1.946875,-0.51833755
0,70.141628,1.95,-0.52240681
0,70.141628,1.953125,-0.52612482
0,70.141628,1.95625,-0.52947512
0,70.141628,1.959375,-0.53244271
0,70.141628,1.9625,-0.53501419
0,70.141628,1.965625,-0.53717799
0,70.141628,1.96875,-0.53892446
0,70.141628,1.971875,-0.54024601
0,70.141628,1.975,-0.5411372
0,70.141628,1.978125,-0.54159482
0,70.141628,1.98125,-0.54161795
0,70.141628,1.984375,-0.54120791
0,70.141628,1.9875,-0.54036832
0,70.141628,1.990625,-0.53910501
0,70.141628,1.99375,-0.53742596
0,70.141628,1.996875,-0.53534119
0,70.141628,2,-0.53286266
0,70.141628,2.003125,-0.53000409
0,70.141628,2.00625,-0.52678084
0,70.141628,2.009375,-0.52320968
0,70.141628,2.0125,-0.51930865
0,70.141628,2.015625,-0.51509685
0,70.141628,2.01875,-0.51059423
0,70.141628,2.021875,-0.5058214
0,70.141628,2.025,-0.50079944
0,70.141628,2.028125,-0.49554971
0,70.141628,2.03125,-0.49009367
0,70.141628,2.034375,-0.48445269
0,70.141628,2.0375,-0.47864796
0,70.141628,2.040625,-0.47270027
0,70.141628,2.04375,-0.46662994
0,70.141628,2.046875,-0.46045669
0,70.141628,2.05,-0.45419955
0,70.141628,2.053125,-0.44787676
0,70.141628,2.05625,-0.44150575
0,70.141628,2.059375,-0.43510306
0,70.141628,2.0625,-0.42868431
0,70.141628,2.065625,-0.42226419
0,70.141628,2.06875,-0.4158564
0,70.141628,2.071875,-0.40947373
0,70.141628,2.075,-0.403128
0,70.141628,2.078125,-0.39683009
0,70.141628,2.08125,-0.39059
0,70.141628,2.084375,-0.38441682
0,70.141628,2.0875,-0.37831879
0,70.141628,2.090625,-0.37230336
0,70.141628,2.09375,-0.36637718
0,70.141628,2.096875,-0.36054618
0,70.141628,2.1,-0.35481558
0,70.141628,2.103125,-0.34918998
0,70.141628,2.10625,-0.34367334
0,70.141628,2.109375,-0.33826907
0,70.141628,2.1125,-0.33298006
0,70.141628,2.115625,-0.32780872
0,70.141628,2.11875,-0.322757
0,70.141628,2.121875,-0.31782647
0,70.141628,2.125,-0.3130183
0,70.141628,2.128125,-0.30833336
0,70.141628,2.13125,-0.3037722
0,70.141628,2.134375,-0.2993351
0,70.141628,2.1375,-0.29502211
0,70.141628,2.140625,-0.29083307
0,70.141628,2.14375,-0.28676762
0,70.141628,2.146875,-0.28282525
0,70.141628,2.15,-0.27900529
0,70.141628,2.153125,-0.27530698
0,70.141628,2.15625,-0.27172944
0,70.141628,2.159375,-0.2682717
0,70.141628,2.1625,-0.26493274
0,70.141628,2.165625,-0.26171149
0,70.141628,2.16875,-0.25860682
0,70.141628,2.171875,-0.2556176
0,70.141628,2.175,-0.25274268
0,70.141628,2.178125,-0.24998089
0,70.141628,2.18125,-0.24733108
0,70.141628,2.184375,-0.24479212
0,70.141628,2.1875,-0.24236289
0,70.141628,2.190625,-0.24004231
0,70.141628,2.19375,-0.23782933
0,70.141628,2.196875,-0.23572295
0,70.141628,2.2,-0.2337222
0,70.141628,2.203125,-0.23182619
0,70.141628,2.20625,-0.23003406
0,70.141628,2.209375,-0.22834503
0,70.141628,2.2125,-0.22675838
0,70.141628,2.215625,-0.22527345
0,70.141628,2.21875,-0.22388967
0,70.141628,2.221875,-0.22260651
0,70.141628,2.225,-0.22142355
0,70.141628,2.228125,-0.22034042
0,70.141628,2.23125,-0.21935686
0,70.141628,2.234375,-0.21847265
0,70.141628,2.2375,-0.21768768
0,70.141628,2.240625,-0.21700191
0,70.141628,2.24375,-0.2164154
0,70.141628,2.246875,-0.21592827
0,70.141628,2.25,-0.21554073
0,70.141628,2.253125,-0.21525308
0,70.141628,2.25625,-0.21506568
0,70.141628,2.259375,-0.21497901
0,70.141628,2.2625,-0.21499359
0,70.141628,2.265625,-0.21511002
0,70.141628,2.26875,-0.21532901
0,70.141628,2.271875,-0.21565128
0,70.141628,2.275,-0.21607768
0,70.141628,2.278125,-0.21660907
0,70.141628,2.28125,-0.21724639
0,70.141628,2.284375,-0.21799063
0,70.141628,2.2875,-0.2188428
0,70.141628,2.290625,-0.21980397
0,70.141628,2.29375,-0.22087521
0,70.141628,2.296875,-0.2220576
0,70.141628,2.3,-0.22335222
0,70.141628,2.303125,-0.22476013
0,70.141628,2.30625,-0.22628236
0,70.141628,2.309375,-0.22791986
0,70.141628,2.3125,-0.22967352
0,70.141628,2.315625,-0.23154412
0,70.141628,2.31875,-0.23353229
0,70.141628,2.321875,-0.23563853
0,70.141628,2.325,-0.2378631
0,70.141628,2.328125,-0.24020607
0,70.141628,2.33125,-0.24266718
0,70.141628,2.334375,-0.24524591
0,70.141628,2.3375,-0.24794131
0,70.141628,2.340625,-0.25075205
0,70.141628,2.34375,-0.2536763
0,70.141628,2.346875,-0.25671169
0,70.141628,2.35,-0.25985527
0,70.141628,2.353125,-0.26310339
0,70.141628,2.35625,-0.2664517
0,70.141628,2.359375,-0.269895
0,70.141628,2.3625,-0.27342726
0,70.141628,2.365625,-0.27704148
0,70.141628,2.36875,-0.28072964
0,70.141628,2.371875,-0.28448265
0,70.141628,2.375,-0.2882903
0,70.141628,2.378125,-0.29214118
0,70.141628,2.38125,-0.29602265
0,70.141628,2.384375,-0.29992084
0,70.141628,2.3875,-0.3038206
0,70.141628,2.390625,-0.30770556
0,70.141628,2.39375,-0.31155812
0,70.141628,2.396875,-0.31535952
0,70.141628,2.4,-0.31908994
0,70.141628,2.403125,-0.3227286
0,70.141628,2.40625,-0.32625391
0,70.141628,2.409375,-0.32964367
0,70.141628,2.4125,-0.33287525
0,70.141628,2.415625,-0.33592585
0,70.141628,2.41875,-0.3387728
0,70.141628,2.421875,-0.34139378
0,70.141628,2.425,-0.34376719
0,70.141628,2.428125,-0.34587249
0,70.141628,2.43125,-0.34769045
0,70.141628,2.434375,-0.34920355
0,70.141628,2.4375,-0.35039624
0,70.141628,2.440625,-0.35125523
0,70.141628,2.44375,-0.35176975
0,70.141628,2.446875,-0.35193174
0,70.141628,2.45,-0.35173602
0,70.141628,2.453125,-0.35118038
0,70.141628,2.45625,-0.35026561
0,70.141628,2.459375,-0.3489955
0,70.141628,2.4625,-0.34737675
0,70.141628,2.465625,-0.34541883
0,70.141628,2.46875,-0.3431338
0,70.141628,2.471875,-0.34053605
0,70.141628,2.475,-0.33764208
0,70.141628,2.478125,-0.33447013
0,70.141628,2.48125,-0.33103993
0,70.141628,2.484375,-0.32737232
0,70.141628,2.4875,-0.32348898
0,70.141628,2.490625,-0.31941206
0,70.141628,2.49375,-0.31516389
0,70.141628,2.496875,-0.31076674
0,70.141628,2.5,-0.30624251
0,70.141628,2.503125,-0.30161256
0,70.141628,2.50625,-0.29689748
0,70.141628,2.509375,-0.29211695
0,70.141628,2.5125,-0.28728961
0,70.141628,2.515625,-0.28243296
0,70.141628,2.51875,-0.27756329
0,70.141628,2.521875,-0.27269566
0,70.141628,2.525,-0.26784384
0,70.141628,2.528125,-0.26302035
0,70.141628,2.53125,-0.25823648
0,70.141628,2.534375,-0.2535023
0,70.141628,2.5375,-0.2488267
0,70.141628,2.540625,-0.2442175
0,70.141628,2.54375,-0.23968144
0,70.141628,2.546875,-0.2352243
0,70.141628,2.55,-0.23085094
0,70.141628,2.553125,-0.22656538
0,70.141628,2.55625,-0.22237086
0,70.141628,2.559375,-0.21826994
0,70.141628,2.5625,-0.21426451
0,70.141628,2.565625,-0.21035592
0,70.141628,2.56875,-0.20654497
0,70.141628,2.571875,-0.20283203
0,70.141628,2.575,-0.19921706
0,70.141628,2.578125,-0.19569965
0,70.141628,2.58125,-0.19227911
0,70.141628,2.584375,-0.18895445
0,70.141628,2.5875,-0.18572448
0,70.141628,2.590625,-0.18258778
0,70.141628,2.59375,-0.17954282
0,70.141628,2.596875,-0.17658787
0,70.141628,2.6,-0.17372115
0,70.141628,2.603125,-0.17094074
0,70.141628,2.60625,-0.16824469
0,70.141628,2.609375,-0.16563099
0,70.141628,2.6125,-0.16309758
0,70.141628,2.615625,-0.16064239
0,70.141628,2.61875,-0.15826336
0,70.141628,2.621875,-0.15595839
0,70.141628,2.625,-0.15372543
0,70.141628,2.628125,-0.15156242
0,70.141628,2.63125,-0.14946733
0,70.141628,2.634375,-0.14743817
0,70.141628,2.6375,-0.14547298
0,70.141628,2.640625,-0.14356983
0,70.141628,2.64375,-0.14172683
0,70.141628,2.646875,-0.13994215
0,70.141628,2.65,-0.13821399
0,70.141628,2.653125,-0.13654059
0,70.141628,2.65625,-0.13492025
0,70.141628,2.659375,-0.13335133
0,70.141628,2.6625,-0.1318322
0,70.141628,2.665625,-0.13036131
0,70.141628,2.66875,-0.12893716
0,70.141628,2.671875,-0.12755827
0,70.141628,2.675,-0.12622324
0,70.141628,2.678125,-0.12493068
0,70.141628,2.68125,-0.12367928
0,70.141628,2.684375,-0.12246776
0,70.141628,2.6875,-0.12129487
0,70.141628,2.690625,-0.12015944
0,70.141628,2.69375,-0.1190603
0,70.141628,2.696875,-0.11799634
0,70.141628,2.7,-0.11696649
0,70.141628,2.703125,-0.11596972
0,70.141628,2.70625,-0.11500504
0,70.141628,2.709375,-0.11407147
0,70.141628,2.7125,-0.1131681
0,70.141628,2.715625,-0.11229402
0,70.141628,2.71875,-0.1114484
0,70.141628,2.721875,-0.11063038
0,70.141628,2.725,-0.10983918
0,70.141628,2.728125,-0.10907403
0,70.141628,2.73125,-0.10833418
0,70.141628,2.734375,-0.10761893
0,70.141628,2.7375,-0.10692758
0,70.141628,2.740625,-0.10625948
0,70.141628,2.74375,-0.10561398
0,70.141628,2.746875,-0.10499048
0,70.141628,2.75,-0.10438839
0,70.141628,2.753125,-0.10380713
0,70.141628,2.75625,-0.10324615
0,70.141628,2.759375,-0.10270494
0,70.141628,2.7625,-0.10218298
0,70.141628,2.765625,-0.10167978
0,70.141628,2.76875,-0.10119488
0,70.141628,2.771875,-0.10072781
0,70.141628,2.775,-0.10027814
0,70.141628,2.778125,-0.099845457
0,70.141628,2.78125,-0.099429349
0,70.141628,2.784375,-0.099029427
0,70.141628,2.7875,-0.098645317
0,70.141628,2.790625,-0.098276658
0,70.141628,2.79375,-0.0979231
0,70.141628,2.796875,-0.09758431
0,70.141628,2.8,-0.097259965
0,70.141628,2.803125,-0.096949755
0,70.141628,2.80625,-0.09665338
0,70.141628,2.809375,-0.096370554
0,70.141628,2.8125,-0.096101
0,70.141628,2.815625,-0.095844451
0,70.141628,2.81875,-0.095600651
0,70.141628,2.821875,-0.095369355
0,70.141628,2.825,-0.095150325
0,70.141628,2.828125,-0.094943333
0,70.141628,2.83125,-0.09474816
0,70.141628,2.834375,-0.094564596
0,70.141628,2.8375,-0.094392437
0,70.141628,2.840625,-0.094231491
0,70.141628,2.84375,-0.094081569
0,70.141628,2.846875,-0.093942492
0,70.141628,2.85,-0.093814089
0,70.141628,2.853125,-0.093696194
0,70.141628,2.85625,-0.093588648
0,70.141628,2.859375,-0.0934913
0,70.141628,2.8625,-0.093404005
0,70.141628,2.865625,-0.093326623
0,70.141628,2.86875,-0.093259021
0,70.141628,2.871875,-0.093201071
0,70.141628,2.875,-0.093152651
0,70.141628,2.878125,-0.093113646
0,70.141628,2.88125,-0.093083944
0,70.141628,2.884375,-0.093063439
0,70.141628,2.8875,-0.093052032
0,70.141628,2.890625,-0.093049625
0,70.141628,2.89375,-0.093056128
0,70.141628,2.896875,-0.093071456
0,70.141628,2.9,-0.093095526
0,70.141628,2.903125,-0.093128261
0,70.141628,2.90625,-0.093169589
0,70.141628,2.909375,-0.093219441
0,70.141628,2.9125,-0.093277753
0,70.141628,2.915625,-0.093344465
0,70.141628,2.91875,-0.093419522
0,70.141628,2.921875,-0.09350287
0,70.141628,2.925,-0.093594462
0,70.141628,2.928125,-0.093694253
0,70.141628,2.93125,-0.093802204
0,70.141628,2.934375,-0.093918276
0,70.141628,2.9375,-0.094042438
0,70.141628,2.940625,-0.094174659
0,70.141628,2.94375,-0.094314913
0,70.141628,2.946875,-0.094463178
0,70.141628,2.95,-0.094619435
0,70.141628,2.953125,-0.094783668
0,70.141628,2.95625,-0.094955865
0,70.141628,2.959375,-0.095136018
0,70.141628,2.9625,-0.09532412
0,70.141628,2.965625,-0.095520171
0,70.141628,2.96875,-0.095724171
0,70.141628,2.971875,-0.095936124
0,70.141628,2.975,-0.096156039
0,70.141628,2.978125,-0.096383927
0,70.141628,2.98125,-0.096619802
0,70.141628,2.984375,-0.096863682
0,70.141628,2.9875,-0.097115588
0,70.141628,2.990625,-0.097375544
0,70.141628,2.99375,-0.097643578
0,70.141628,2.996875,-0.097919721
0,70.141628,3,-0.098204007
0,70.141628,3.003125,-0.098496474
0,70.141628,3.00625,-0.098797162
0,70.141628,3.009375,-0.099106116
0,70.141628,3.0125,-0.099423383
0,70.141628,3.015625,-0.099749016
0,70.141628,3.01875,-0.10008307
0,70.141628,3.021875,-0.1004256
0,70.141628,3.025,-0.10077667
0,70.141628,3.028125,-0.10113634
0,70.141628,3.03125,-0.1015047
0,70.141628,3.034375,-0.10188179
0,70.141628,3.0375,-0.10226771
0,70.141628,3.040625,-0.10266254
0,70.141628,3.04375,-0.10306636
0,70.141628,3.046875,-0.10347925
0,70.141628,3.05,-0.10390131
0,70.141628,3.053125,-0.10433264
0,70.141628,3.05625,-0.10477334
0,70.141628,3.059375,-0.10522351
0,70.141628,3.0625,-0.10568326
0,70.141628,3.065625,-0.10615271
0,70.141628,3.06875,-0.10663198
0,70.141628,3.071875,-0.10712119
0,70.141628,3.075,-0.10762046
0,70.141628,3.078125,-0.10812994
0,70.141628,3.08125,-0.10864976
0,70.141628,3.084375,-0.10918006
0,70.141628,3.0875,-0.109721
0,70.141628,3.090625,-0.11027272
0,70.141628,3.09375,-0.1108354
0,70.141628,3.096875,-0.11140919
0,70.141628,3.1,-0.11199427
0,70.141628,3.103125,-0.11259082
0,70.141628,3.10625,-0.11319902
0,70.141628,3.109375,-0.11381908
0,70.141628,3.1125,-0.11445117
0,70.141628,3.115625,-0.11509552
0,70.141628,3.11875,-0.11575234
0,70.141628,3.121875,-0.11642185
0,70.141628,3.125,-0.11710427
0,70.141628,3.128125,-0.11779984
0,70.141628,3.13125,-0.11850882
0,70.141628,3.134375,-0.11923146
0,70.141628,3.1375,-0.11996802
0,70.141628,3.140625,-0.12071877
0,70.141628,3.14375,-0.12148399
0,70.141628,3.146875,-0.122264
0,70.141628,3.15,-0.12305907
0,70.141628,3.153125,-0.12386954
0,70.141628,3.15625,-0.12469573
0,70.141628,3.159375,-0.12553798
0,70.141628,3.1625,-0.12639664
0,70.141628,3.165625,-0.12727207
0,70.141628,3.16875,-0.12816465
0,70.141628,3.171875,-0.12907478
0,70.141628,3.175,-0.13000287
0,70.141628,3.178125,-0.13094933
0,70.141628,3.18125,-0.1319146
0,70.141628,3.184375,-0.13289914
0,70.141628,3.1875,-0.13390343
0,70.141628,3.190625,-0.13492795
0,70.141628,3.19375,-0.13597322
0,70.141628,3.196875,-0.13703976
0,70.141628,3.2,-0.13812813
0,70.141628,3.203125,-0.13923891
0,70.141628,3.20625,-0.14037269
0,70.141628,3.209375,-0.1415301
0,70.141628,3.2125,-0.14271178
0,70.141628,3.215625,-0.1439184
0,70.141628,3.21875,-0.14515068
0,70.141628,3.221875,-0.14640935
0,70.141628,3.225,-0.14769516
0,70.141628,3.228125,-0.14900893
0,70.141628,3.23125,-0.15035147
0,70.141628,3.234375,-0.15172367
0,70.141628,3.2375,-0.15312643
0,70.141628,3.240625,-0.1545607
0,70.141628,3.24375,-0.15602748
0,70.141628,3.246875,-0.1575278
0,70.141628,3.25,-0.15906275
0,70.141628,3.253125,-0.16063348
0,70.141628,3.25625,-0.16224117
0,70.141628,3.259375,-0.16388709
0,70.141628,3.2625,-0.16557253
0,70.141628,3.265625,-0.16729889
0,70.141628,3.26875,-0.16906761
0,70.141628,3.271875,-0.17088021
0,70.141628,3.275,-0.17273829
0,70.141628,3.278125,-0.17464354
0,70.141628,3.28125,-0.17659773
0,70.141628,3.284375,-0.17860273
0,70.141628,3.2875,-0.1806605
0,70.141628,3.290625,-0.18277312
0,70.141628,3.29375,-0.18494279
0,70.141628,3.296875,-0.18717181
0,70.141628,3.3,-0.18946264
0,70.141628,3.303125,-0.19181785
0,70.141628,3.30625,-0.19424018
0,70.141628,3.309375,-0.19673252
0,70.141628,3.3125,-0.19929792
0,70.141628,3.315625,-0.20193964
0,70.141628,3.31875,-0.20466111
0,70.141628,3.321875,-0.20746594
0,70.141628,3.325,-0.21035801
0,70.141628,3.328125,-0.21334138
0,70.141628,3.33125,-0.21642036
0,70.141628,3.334375,-0.21959953
0,70.141628,3.3375,-0.22288371
0,70.141628,3.340625,-0.22627799
0,70.141628,3.34375,-0.22978775
0,70.141628,3.346875,-0.23341864
0,70.141628,3.35,-0.23717663
0,70.141628,3.353125,-0.24106794
0,70.141628,3.35625,-0.24509913
0,70.141628,3.359375,-0.24927701
0,70.141628,3.3625,-0.2536087
0,70.141628,3.365625,-0.25810163
0,70.141628,3.36875,-0.26276351
0,70.141628,3.371875,-0.26760241
0,70.141628,3.375,-0.27262675
0,70.141628,3.378125,-0.27784542
0,70.141628,3.38125,-0.28326786
0,70.141628,3.384375,-0.28890423
0,70.141628,3.3875,-0.29476563
0,70.141628,3.390625,-0.30086434
0,70.141628,3.39375,-0.3072142
0,70.141628,3.396875,-0.31383086
0,70.141628,3.4,-0.32073222
0,70.141628,3.403125,-0.32793866
0,70.141628,3.40625,-0.33547334
0,70.141628,3.409375,-0.34336227
0,70.141628,3.4125,-0.35163424
0,70.141628,3.415625,-0.36032054
0,70.141628,3.41875,-0.36945445
0,70.141628,3.421875,-0.37907027
0,70.141628,3.425,-0.38920212
0,70.141628,3.428125,-0.3998821
0,70.141628,3.43125,-0.41113789
0,70.141628,3.434375,-0.42298952
0,70.141628,3.4375,-0.43544523
0,70.141628,3.440625,-0.44849636
0,70.141628,3.44375,-0.46211134
0,70.141628,3.446875,-0.47622923
0,70.141628,3.45,-0.49075373
0,70.141628,3.453125,-0.50554916
0,70.141628,3.45625,-0.52044043
0,70.141628,3.459375,-0.53521939
0,70.141628,3.4625,-0.54965929
0,70.141628,3.465625,-0.56353735
0,70.141628,3.46875,-0.57666293
0,70.141628,3.471875,-0.58890572
0,70.141628,3.475,-0.600217
0,70.141628,3.478125,-0.61063805
0,70.141628,3.48125,-0.62029335
0,70.141628,3.484375,-0.62937104
0,70.141628,3.4875,-0.63809639
0,70.141628,3.490625,-0.64670496
0,70.141628,3.49375,-0.65542038
0,70.141628,3.496875,-0.66443881
0,70.141628,3.5,-0.67391991
0,70.141628,3.503125,-0.68398229
0,70.141628,3.50625,-0.69470148
0,70.141628,3.509375,-0.70610854
0,70.141628,3.5125,-0.71818832
0,70.141628,3.515625,-0.73087718
0,70.141628,3.51875,-0.7440606
0,70.141628,3.521875,-0.75757203
0,70.141628,3.525,-0.77119453
0,70.141628,3.528125,-0.7846673
0,70.141628,3.53125,-0.79769867
0,70.141628,3.534375,-0.80998631
0,70.141628,3.5375,-0.82124367
0,70.141628,3.540625,-0.8312295
0,70.141628,3.54375,-0.83977559
0,70.141628,3.546875,-0.84680701
0,70.141628,3.55,-0.85235028
0,70.141628,3.553125,-0.85652753
0,70.141628,3.55625,-0.85953794
0,70.141628,3.559375,-0.86163105
0,70.141628,3.5625,-0.86307733
0,70.141628,3.565625,-0.86414149
0,70.141628,3.56875,-0.86506209
0,70.141628,3.571875,-0.86603878
0,70.141628,3.575,-0.86722697
0,70.141628,3.578125,-0.86873837
0,70.141628,3.58125,-0.87064543
0,70.141628,3.584375,-0.872988
0,70.141628,3.5875,-0.87578056
0,70.141628,3.590625,-0.87901923
0,70.141628,3.59375,-0.8826876
0,70.141628,3.596875,-0.88676125
0,70.141628,3.6,-0.89121068
0,70.141628,3.603125,-0.89600264
0,70.141628,3.60625,-0.90110003
0,70.141628,3.609375,-0.90646033
0,70.141628,3.6125,-0.91203307
0,70.141628,3.615625,-0.9177565
0,70.141628,3.61875,-0.92355425
0,70.141628,3.621875,-0.92933282
0,70.141628,3.625,-0.9349811
0,70.141628,3.628125,-0.9403731
0,70.141628,3.63125,-0.94537508
0,70.141628,3.634375,-0.94985699
0,70.141628,3.6375,-0.95370715
0,70.141628,3.640625,-0.9568476
0,70.141628,3.64375,-0.95924654
0,70.141628,3.646875,-0.96092491
0,70.141628,3.65,-0.96195564
0,70.141628,3.653125,-0.96245602
0,70.141628,3.65625,-0.96257529
0,70.141628,3.659375,-0.96248025
0,70.141628,3.6625,-0.96234111
0,70.141628,3.665625,-0.96231912
0,70.141628,3.66875,-0.96255662
0,70.141628,3.671875,-0.96316929
0,70.141628,3.675,-0.96424015
0,70.141628,3.678125,-0.96581474
0,70.141628,3.68125,-0.96789748
0,70.141628,3.684375,-0.97044961
0,70.141628,3.6875,-0.97339018
0,70.141628,3.690625,-0.976602
0,70.141628,3.69375,-0.9799444
0,70.141628,3.696875,-0.98327252
0,70.141628,3.7,-0.98646045
0,70.141628,3.703125,-0.98942207
0,70.141628,3.70625,-0.99212276
0,70.141628,3.709375,-0.99457799
0,70.141628,3.7125,-0.99683966
0,70.141628,3.715625,-0.99897608
0,70.141628,3.71875,-1.0010525
0,70.141628,3.721875,-1.0031172
0,70.141628,3.725,-1.0051957
0,70.141628,3.728125,-1.0072913
0,70.141628,3.73125,-1.0093897
0,70.141628,3.734375,-1.0114664
0,70.141628,3.7375,-1.0134934
0,70.141628,3.740625,-1.0154456
0,70.141628,3.74375,-1.0173056
0,70.141628,3.746875,-1.0190666
0,70.141628,3.75,-1.0207342
0,70.141628,3.753125,-1.0223263
0,70.141628,3.75625,-1.0238726
0,70.141628,3.759375,-1.0254124
0,70.141628,3.7625,-1.0269926
0,70.141628,3.765625,-1.0286645
0,70.141628,3.76875,-1.0304811
0,70.141628,3.771875,-1.0324947
0,70.141628,3.775,-1.0347541
0,70.141628,3.778125,-1.0373037
0,70.141628,3.78125,-1.0401828
0,70.141628,3.784375,-1.043426
0,70.141628,3.7875,-1.0470642
0,70.141628,3.790625,-1.051126
0,70.141628,3.79375,-1.0556384
0,70.141628,3.796875,-1.0606276
0,70.141628,3.8,-1.0661179
0,70.141628,3.803125,-1.0721308
0,70.141628,3.80625,-1.0786837
0,70.141628,3.809375,-1.0857874
0,70.141628,3.8125,-1.0934456
0,70.141628,3.815625,-1.1016542
0,70.141628,3.81875,-1.1104008
0,70.141628,3.821875,-1.1196651
0,70.141628,3.825,-1.1294196
0,70.141628,3.828125,-1.1396303
0,70.141628,3.83125,-1.1502576
0,70.141628,3.834375,-1.161257
0,70.141628,3.8375,-1.1725811
0,70.141628,3.840625,-1.1841805
0,70.141628,3.84375,-1.1960056
0,70.141628,3.846875,-1.2080076
0,70.141628,3.85,-1.2201408
0,70.141628,3.853125,-1.2323635
0,70.141628,3.85625,-1.2446396
0,70.141628,3.859375,-1.2569404
0,70.141628,3.8625,-1.2692457
0,70.141628,3.865625,-1.2815449
0,70.141628,3.86875,-1.2938374
0,70.141628,3.871875,-1.3061319
0,70.141628,3.875,-1.3184448
0,70.141628,3.878125,-1.3307977
0,70.141628,3.88125,-1.3432132
0,70.141628,3.884375,-1.3557103
0,70.141628,3.8875,-1.3682987
0,70.141628,3.890625,-1.3809729
0,70.141628,3.89375,-1.3937061
0,70.141628,3.896875,-1.4064465
0,70.141628,3.9,-1.4191135
0,70.141628,3.903125,-1.4315992
0,70.141628,3.90625,-1.443772
0,70.141628,3.909375,-1.4554863
0,70.141628,3.9125,-1.466595
0,70.141628,3.915625,-1.4769653
0,70.141628,3.91875,-1.486494
0,70.141628,3.921875,-1.4951201
0,70.141628,3.925,-1.5028313
0,70.141628,3.928125,-1.5096646
0,70.141628,3.93125,-1.5157009
0,70.141628,3.934375,-1.5210551
0,70.141628,3.9375,-1.5258657
0,70.141628,3.940625,-1.5302841
0,70.141628,3.94375,-1.5344669
0,70.141628,3.946875,-1.5385686
0,70.141628,3.95,-1.5427381
0,70.141628,3.953125,-1.5471145
0,70.141628,3.95625,-1.5518257
0,70.141628,3.959375,-1.556986
0,70.141628,3.9625,-1.5626943
0,70.141628,3.965625,-1.5690331
0,70.141628,3.96875,-1.5760668
0,70.141628,3.971875,-1.583841
0,70.141628,3.975,-1.5923819
0,70.141628,3.978125,-1.6016967
0,70.141628,3.98125,-1.6117747
0,70.141628,3.984375,-1.6225888
0,70.141628,3.9875,-1.6340991
0,70.141628,3.990625,-1.6462564
0,70.141628,3.99375,-1.6590064
0,70.141628,3.996875,-1.6722944
0,70.141628,4,-1.6860695
0,70.141628,4.003125,-1.700287
0,70.141628,4.00625,-1.7149104
0,70.141628,4.009375,-1.7299111
0,70.141628,4.0125,-1.7452672
0,70.141628,4.015625,-1.7609606
0,70.141628,4.01875,-1.7769749
0,70.141628,4.021875,-1.7932922
0,70.141628,4.025,-1.8098916
0,70.141628,4.028125,-1.8267482
0,70.141628,4.03125,-1.8438328
0,70.141628,4.034375,-1.8611131
0,70.141628,4.0375,-1.8785545
0,70.141628,4.040625,-1.8961222
0,70.141628,4.04375,-1.9137823
0,70.141628,4.046875,-1.9315038
0,70.141628,4.05,-1.9492592
0,70.141628,4.053125,-1.9670256
0,70.141628,4.05625,-1.9847847
0,70.141628,4.059375,-2.0025228
0,70.141628,4.0625,-2.0202299
0,70.141628,4.065625,-2.0378989
0,70.141628,4.06875,-2.055524
0,70.141628,4.071875,-2.0730991
0,70.141628,4.075,-2.0906161
0,70.141628,4.078125,-2.1080635
0,70.141628,4.08125,-2.125425
0,70.141628,4.084375,-2.1426786
0,70.141628,4.0875,-2.1597962
0,70.141628,4.090625,-2.1767432
0,70.141628,4.09375,-2.1934788
0,70.141628,4.096875,-2.2099566
0,70.141628,4.1,-2.2261248
0,70.141628,4.103125,-2.2419272
0,70.141628,4.10625,-2.2573037
0,70.141628,4.109375,-2.2721912
0,70.141628,4.1125,-2.286524
0,70.141628,4.115625,-2.3002348
0,70.141628,4.11875,-2.3132556
0,70.141628,4.121875,-2.3255184
0,70.141628,4.125,-2.3369569
0,70.141628,4.128125,-2.3475075
0,70.141628,4.13125,-2.3571117
0,70.141628,4.134375,-2.3657177
0,70.141628,4.1375,-2.3732829
0,70.141628,4.140625,-2.379776
0,70.141628,4.14375,-2.3851792
0,70.141628,4.146875,-2.3894896
0,70.141628,4.15,-2.3927202
0,70.141628,4.153125,-2.3948993
0,70.141628,4.15625,-2.3960692
0,70.141628,4.159375,-2.3962837
0,70.141628,4.1625,-2.3956034
0,70.141628,4.165625,-2.3940917
0,70.141628,4.16875,-2.3918087
0,70.141628,4.171875,-2.3888068
0,70.141628,4.175,-2.3851278
0,70.141628,4.178125,-2.3808025
0,70.141628,4.18125,-2.3758546
0,70.141628,4.184375,-2.3703079
0,70.141628,4.1875,-2.364195
0,70.141628,4.190625,-2.3575651
0,70.141628,4.19375,-2.3504865
0,70.141628,4.196875,-2.3430434
0,70.141628,4.2,-2.3353282
0,70.141628,4.203125,-2.3274315
0,70.141628,4.20625,-2.3194353
0,70.141628,4.209375,-2.3114105
0,70.141628,4.2125,-2.3034197
0,70.141628,4.215625,-2.2955237
0,70.141628,4.21875,-2.2877883
0,70.141628,4.221875,-2.2802905
0,70.141628,4.225,-2.2731196
0,70.141628,4.228125,-2.2663767
0,70.141628,4.23125,-2.2601698
0,70.141628,4.234375,-2.254609
0,70.141628,4.2375,-2.2498009
0,70.141628,4.240625,-2.2458453
0,70.141628,4.24375,-2.2428319
0,70.141628,4.246875,-2.2408392
0,70.141628,4.25,-2.2399331
0,70.141628,4.253125,-2.2401656
0,70.141628,4.25625,-2.2415722
0,70.141628,4.259375,-2.2441679
0,70.141628,4.2625,-2.2479408
0,70.141628,4.265625,-2.252844
0,70.141628,4.26875,-2.2587855
0,70.141628,4.271875,-2.265617
0,70.141628,4.275,-2.2731247
0,70.141628,4.278125,-2.2810228
0,70.141628,4.28125,-2.2889565
0,70.141628,4.284375,-2.2965145
0,70.141628,4.2875,-2.303258
0,70.141628,4.290625,-2.3087612
0,70.141628,4.29375,-2.3126628
0,70.141628,4.296875,-2.3147153
0,70.141628,4.3,-2.3148236
0,70.141628,4.303125,-2.313059
0,70.141628,4.30625,-2.3096468
0,70.141628,4.309375,-2.3049283
0,70.141628,4.3125,-2.2993073
0,70.141628,4.315625,-2.2931944
0,70.141628,4.31875,-2.2869584
0,70.141628,4.321875,-2.2808942
0,70.141628,4.325,-2.2752066
0,70.141628,4.328125,-2.2700104
0,70.141628,4.33125,-2.2653412
0,70.141628,4.334375,-2.2611731
0,70.141628,4.3375,-2.2574378
0,70.141628,4.340625,-2.2540442
0,70.141628,4.34375,-2.250894
0,70.141628,4.346875,-2.247895
0,70.141628,4.35,-2.2449702
0,70.141628,4.353125,-2.2420649
0,70.141628,4.35625,-2.2391511
0,70.141628,4.359375,-2.23623
0,70.141628,4.3625,-2.2333322
0,70.141628,4.365625,-2.2305162
0,70.141628,4.36875,-2.2278649
0,70.141628,4.371875,-2.22548
0,70.141628,4.375,-2.2234761
0,70.141628,4.378125,-2.2219734
0,70.141628,4.38125,-2.2210909
0,70.141628,4.384375,-2.2209405
0,70.141628,4.3875,-2.2216218
0,70.141628,4.390625,-2.223218
0,70.141628,4.39375,-2.225794
0,70.141628,4.396875,-2.2293944
0,70.141628,4.4,-2.2340432
0,70.141628,4.403125,-2.2397446
0,70.141628,4.40625,-2.2464833
0,70.141628,4.409375,-2.2542264
0,70.141628,4.4125,-2.2629246
0,70.141628,4.415625,-2.272514
0,70.141628,4.41875,-2.2829178
0,70.141628,4.421875,-2.2940478
0,70.141628,4.425,-2.3058064
0,70.141628,4.428125,-2.3180872
0,70.141628,4.43125,-2.3307761
0,70.141628,4.434375,-2.3437511
0,70.141628,4.4375,-2.356882
0,70.141628,4.440625,-2.3700281
0,70.141628,4.44375,-2.3830355
0,70.141628,4.446875,-2.3957332
0,70.141628,4.45,-2.4079285
0,70.141628,4.453125,-2.4194029
0,70.141628,4.45625,-2.42991
0,70.141628,4.459375,-2.4391783
0,70.141628,4.4625,-2.4469207
0,70.141628,4.465625,-2.452853
0,70.141628,4.46875,-2.4567219
0,70.141628,4.471875,-2.4583385
0,70.141628,4.475,-2.4576139
0,70.141628,4.478125,-2.4545848
0,70.141628,4.48125,-2.449425
0,70.141628,4.484375,-2.4424336
0,70.141628,4.4875,-2.4340047
0,70.141628,4.490625,-2.4245827
0,70.141628,4.49375,-2.4146152
0,70.141628,4.496875,-2.4045149
0,70.141628,4.5,-2.3946344
0,70.141628,4.503125,-2.3852566
0,70.141628,4.50625,-2.3765971
0,70.141628,4.509375,-2.3688136
0,70.141628,4.5125,-2.3620172
0,70.141628,4.515625,-2.3562817
0,70.141628,4.51875,-2.351648
0,70.141628,4.521875,-2.3481234
0,70.141628,4.525,-2.3456763
0,70.141628,4.528125,-2.3442286
0,70.141628,4.53125,-2.3436495
0,70.141628,4.534375,-2.3437541
0,70.141628,4.5375,-2.3443094
0,70.141628,4.540625,-2.3450528
0,70.141628,4.54375,-2.3457184
0,70.141628,4.546875,-2.34607
0,70.141628,4.55,-2.3459296
0,70.141628,4.553125,-2.3451943
0,70.141628,4.55625,-2.3438356
0,70.141628,4.559375,-2.3418822
0,70.141628,4.5625,-2.3393913
0,70.141628,4.565625,-2.3364199
0,70.141628,4.56875,-2.3330006
0,70.141628,4.571875,-2.3291289
0,70.141628,4.575,-2.3247598
0,70.141628,4.578125,-2.3198147
0,70.141628,4.58125,-2.3141928
0,70.141628,4.584375,-2.3077859
0,70.141628,4.5875,-2.3004953
0,70.141628,4.590625,-2.2922487
0,70.141628,4.59375,-2.2830169
0,70.141628,4.596875,-2.2728276
0,70.141628,4.6,-2.2617735
0,70.141628,4.603125,-2.2500108
0,70.141628,4.60625,-2.2377445
0,70.141628,4.609375,-2.2252031
0,70.141628,4.6125,-2.2126056
0,70.141628,4.615625,-2.2001291
0,70.141628,4.61875,-2.1878846
0,70.141628,4.621875,-2.175907
0,70.141628,4.625,-2.1641611
0,70.141628,4.628125,-2.1525653
0,70.141628,4.63125,-2.1410245
0,70.141628,4.634375,-2.1294655
0,70.141628,4.6375,-2.1178624
0,70.141628,4.640625,-2.1062437
0,70.141628,4.64375,-2.0946802
0,70.141628,4.646875,-2.0832578
0,70.141628,4.65,-2.0720459
0,70.141628,4.653125,-2.0610703
0,70.141628,4.65625,-2.0503004
0,70.141628,4.659375,-2.0396529
0,70.141628,4.6625,-2.0290115
0,70.141628,4.665625,-2.0182567
0,70.141628,4.66875,-2.0072972
0,70.141628,4.671875,-1.996094
0,70.141628,4.675,-1.9846702
0,70.141628,4.678125,-1.9731058
0,70.141628,4.68125,-1.9615225
0,70.141628,4.684375,-1.9500635
0,70.141628,4.6875,-1.9388766
0,70.141628,4.690625,-1.9281012
0,70.141628,4.69375,-1.9178614
0,70.141628,4.696875,-1.9082628
0,70.141628,4.7,-1.8993916
0,70.141628,4.703125,-1.8913155
0,70.141628,4.70625,-1.8840843
0,70.141628,4.709375,-1.8777315
0,70.141628,4.7125,-1.872276
0,70.141628,4.715625,-1.8677243
0,70.141628,4.71875,-1.864073
0,70.141628,4.721875,-1.8613116
0,70.141628,4.725,-1.859426
0,70.141628,4.728125,-1.8584017
0,70.141628,4.73125,-1.858227
0,70.141628,4.734375,-1.8588964
0,70.141628,4.7375,-1.8604134
0,70.141628,4.740625,-1.8627931
0,70.141628,4.74375,-1.8660644
0,70.141628,4.746875,-1.8702711
0,70.141628,4.75,-1.875473
0,70.141628,4.753125,-1.8817453
0,70.141628,4.75625,-1.8891776
0,70.141628,4.759375,-1.897871
0,70.141628,4.7625,-1.9079344
0,70.141628,4.765625,-1.9194783
0,70.141628,4.76875,-1.9326063
0,70.141628,4.771875,-1.9474038
0,70.141628,4.775,-1.9639229
0,70.141628,4.778125,-1.982163
0,70.141628,4.78125,-2.0020466
0,70.141628,4.784375,-2.0233912
0,70.141628,4.7875,-2.0458774
0,70.141628,4.790625,-2.0690177
0,70.141628,4.79375,-2.0921316
0,70.141628,4.796875,-2.1143347
0,70.141628,4.8,-2.1345543
0,70.141628,4.803125,-2.1515799
0,70.141628,4.80625,-2.1641555
0,70.141628,4.809375,-2.1711094
0,70.141628,4.8125,-2.1715024
0,70.141628,4.815625,-2.1647649
0,70.141628,4.81875,-2.1507895
0,70.141628,4.821875,-2.1299511
0,70.141628,4.825,-2.1030513
0,70.141628,4.828125,-2.0712013
0,70.141628,4.83125,-2.0356751
0,70.141628,4.834375,-1.9977673
0,70.141628,4.8375,-1.9586794
0,70.141628,4.840625,-1.9194465
0,70.141628,4.84375,-1.8809034
0,70.141628,4.846875,-1.8436817
0,70.141628,4.85,-1.8082261
0,70.141628,4.853125,-1.774822
0,70.141628,4.85625,-1.743625
0,70.141628,4.859375,-1.7146901
0,70.141628,4.8625,-1.687996
0,70.141628,4.865625,-1.6634663
0,70.141628,4.86875,-1.6409858
0,70.141628,4.871875,-1.6204136
0,70.141628,4.875,-1.6015934
0,70.141628,4.878125,-1.5843612
0,70.141628,4.88125,-1.5685521
0,70.141628,4.884375,-1.5540043
0,70.141628,4.8875,-1.5405636
0,70.141628,4.890625,-1.5280858
0,70.141628,4.89375,-1.516439
0,70.141628,4.896875,-1.5055051
0,70.141628,4.9,-1.4951805
0,70.141628,4.903125,-1.4853762
0,70.141628,4.90625,-1.4760176
0,70.141628,4.909375,-1.4670433
0,70.141628,4.9125,-1.4584035
0,70.141628,4.915625,-1.4500583
0,70.141628,4.91875,-1.441976
0,70.141628,4.921875,-1.4341308
0,70.141628,4.925,-1.4265015
0,70.141628,4.928125,-1.4190698
0,70.141628,4.93125,-1.4118199
0,70.141628,4.934375,-1.4047376
0,70.141628,4.9375,-1.3978101
0,70.141628,4.940625,-1.3910261
0,70.141628,4.94375,-1.384376
0,70.141628,4.946875,-1.3778517
0,70.141628,4.95,-1.3714468
0,70.141628,4.953125,-1.3651565
0,70.141628,4.95625,-1.3589772
0,70.141628,4.959375,-1.3529061
0,70.141628,4.9625,-1.3469405
0,70.141628,4.965625,-1.3410773
0,70.141628,4.96875,-1.3353122
0,70.141628,4.971875,-1.3296394
0,70.141628,4.975,-1.3240501
0,70.141628,4.978125,-1.3185329
0,70.141628,4.98125,-1.3130721
0,70.141628,4.984375,-1.3076476
0,70.141628,4.9875,-1.3022339
0,70.141628,4.990625,-1.2967988
0,70.141628,4.99375,-1.291303
0,70.141628,4.996875,-1.2856987
0,70.141628,5,-1.2799294
0,70.141628,5.003125,-1.2739301
0,70.141628,5.00625,-1.2676294
0,70.141628,5.009375,-1.260953
0,70.141628,5.0125,-1.2538296
0,70.141628,5.015625,-1.2461985
0,70.141628,5.01875,-1.2380181
0,70.141628,5.021875,-1.2292735
0,70.141628,5.025,-1.2199802
0,70.141628,5.028125,-1.2101844
0,70.141628,5.03125,-1.1999578
0,70.141628,5.034375,-1.1893889
0,70.141628,5.0375,-1.1785721
0,70.141628,5.040625,-1.1675981
0,70.141628,5.04375,-1.156546
0,70.141628,5.046875,-1.145479
0,70.141628,5.05,-1.1344433
0,70.141628,5.053125,-1.1234692
0,70.141628,5.05625,-1.1125744
0,70.141628,5.059375,-1.1017674
0,70.141628,5.0625,-1.0910514
0,70.141628,5.065625,-1.0804269
0,70.141628,5.06875,-1.0698948
0,70.141628,5.071875,-1.0594572
0,70.141628,5.075,-1.0491197
0,70.141628,5.078125,-1.0388911
0,70.141628,5.08125,-1.0287844
0,70.141628,5.084375,-1.0188172
0,70.141628,5.0875,-1.0090109
0,70.141628,5.090625,-0.99939159
0,70.141628,5.09375,-0.98998907
0,70.141628,5.096875,-0.9808368
0,70.141628,5.1,-0.97197132
0,70.141628,5.103125,-0.96343147
0,70.141628,5.10625,-0.95525755
0,70.141628,5.109375,-0.94749005
0,70.141628,5.1125,-0.94016796
0,70.141628,5.115625,-0.93332663
0,70.141628,5.11875,-0.92699481
0,70.141628,5.121875,-0.92119076
0,70.141628,5.125,-0.9159174
0,70.141628,5.128125,-0.91115635
0,70.141628,5.13125,-0.90686116
0,70.141628,5.134375,-0.90295052
0,70.141628,5.1375,-0.89930273
0,70.141628,5.140625,-0.89575349
0,70.141628,5.14375,-0.89209943
0,70.141628,5.146875,-0.88810942
0,70.141628,5.15,-0.88354414
0,70.141628,5.153125,-0.87818179
0,70.141628,5.15625,-0.8718447
0,70.141628,5.159375,-0.86442065
0,70.141628,5.1625,-0.85587355
0,70.141628,5.165625,-0.84624173
0,70.141628,5.16875,-0.83562637
0,70.141628,5.171875,-0.82417422
0,70.141628,5.175,-0.81205951
0,70.141628,5.178125,-0.7994677
0,70.141628,5.18125,-0.78658244
0,70.141628,5.184375,-0.77357592
0,70.141628,5.1875,-0.76060218
0,70.141628,5.190625,-0.74779317
0,70.141628,5.19375,-0.73525706
0,70.141628,5.196875,-0.72307832
0,70.141628,5.2,-0.71131921
0,70.141628,5.203125,-0.70002197
0,70.141628,5.20625,-0.6892114
0,70.141628,5.209375,-0.67889756
0,70.141628,5.2125,-0.6690782
0,70.141628,5.215625,-0.65974091
0,70.141628,5.21875,-0.65086502
0,70.141628,5.221875,-0.64242314
0,70.141628,5.225,-0.63438247
0,70.141628,5.228125,-0.62670589
0,70.141628,5.23125,-0.61935295
0,70.141628,5.234375,-0.61228076
0,70.141628,5.2375,-0.60544488
0,70.141628,5.240625,-0.59880013
0,70.141628,5.24375,-0.59230153
0,70.141628,5.246875,-0.5859051
0,70.141628,5.25,-0.57956885
0,70.141628,5.253125,-0.57325351
0,70.141628,5.25625,-0.56692344
0,70.141628,5.259375,-0.56054721
0,70.141628,5.2625,-0.55409821
0,70.141628,5.265625,-0.54755499
0,70.141628,5.26875,-0.54090142
0,70.141628,5.271875,-0.5341267
0,70.141628,5.275,-0.52722512
0,70.141628,5.278125,-0.52019565
0,70.141628,5.28125,-0.51304145
0,70.141628,5.284375,-0.50576926
0,70.141628,5.2875,-0.4983887
0,70.141628,5.290625,-0.49091162
0,70.141628,5.29375,-0.4833515
0,70.141628,5.296875,-0.47572285
0,70.141628,5.3,-0.46804074
0,70.141628,5.303125,-0.46032041
0,70.141628,5.30625,-0.45257699
0,70.141628,5.309375,-0.44482524
0,70.141628,5.3125,-0.43707944
0,70.141628,5.315625,-0.4293533
0,70.141628,5.31875,-0.42165989
0,70.141628,5.321875,-0.41401159
0,70.141628,5.325,-0.40642015
0,70.141628,5.328125,-0.3988966
0,70.141628,5.33125,-0.39145127
0,70.141628,5.334375,-0.3840938
0,70.141628,5.3375,-0.37683311
0,70.141628,5.340625,-0.36967736
0,70.141628,5.34375,-0.36263398
0,70.141628,5.346875,-0.35570959
0,70.141628,5.35,-0.34891008
0,70.141628,5.353125,-0.34224051
0,70.141628,5.35625,-0.33570517
0,70.141628,5.359375,-0.32930759
0,70.141628,5.3625,-0.32305055
0,70.141628,5.365625,-0.31693608
0,70.141628,5.36875,-0.31096555
0,70.141628,5.371875,-0.30513968
0,70.141628,5.375,-0.29945859
0,70.141628,5.378125,-0.29392185
0,70.141628,5.38125,-0.28852852
0,70.141628,5.384375,-0.28327724
0,70.141628,5.3875,-0.27816624
0,70.141628,5.390625,-0.27319339
0,70.141628,5.39375,-0.26835631
0,70.141628,5.396875,-0.26365234
0,70.141628,5.4,-0.25907861
0,70.141628,5.403125,-0.25463211
0,70.141628,5.40625,-0.25030968
0,70.141628,5.409375,-0.24610808
0,70.141628,5.4125,-0.24202401
0,70.141628,5.415625,-0.23805409
0,70.141628,5.41875,-0.23419498
0,70.141628,5.421875,-0.2304433
0,70.141628,5.425,-0.22679571
0,70.141628,5.428125,-0.2232489
0,70.141628,5.43125,-0.2197996
0,70.141628,5.434375,-0.21644462
0,70.141628,5.4375,-0.21318082
0,70.141628,5.440625,-0.21000512
0,70.141628,5.44375,-0.20691455
0,70.141628,5.446875,-0.2039062
0,70.141628,5.45,-0.20097724
0,70.141628,5.453125,-0.19812494
0,70.141628,5.45625,-0.19534666
0,70.141628,5.459375,-0.19263983
0,70.141628,5.4625,-0.19000198
0,70.141628,5.465625,-0.18743074
0,70.141628,5.46875,-0.18492379
0,70.141628,5.471875,-0.18247893
0,70.141628,5.475,-0.18009403
0,70.141628,5.478125,-0.17776702
0,70.141628,5.48125,-0.17549593
0,70.141628,5.484375,-0.17327888
0,70.141628,5.4875,-0.17111402
0,70.141628,5.490625,-0.16899962
0,70.141628,5.49375,-0.16693398
0,70.141628,5.496875,-0.16491548
0,70.141628,5.5,-0.16294257
0,70.141628,5.503125,-0.16101376
0,70.141628,5.50625,-0.15912761
0,70.141628,5.509375,-0.15728275
0,70.141628,5.5125,-0.15547784
0,70.141628,5.515625,-0.15371162
0,70.141628,5.51875,-0.15198287
0,70.141628,5.521875,-0.15029042
0,70.141628,5.525,-0.14863312
0,70.141628,5.528125,-0.14700991
0,70.141628,5.53125,-0.14541974
0,70.141628,5.534375,-0.14386161
0,70.141628,5.5375,-0.14233456
0,70.141628,5.540625,-0.14083765
0,70.141628,5.54375,-0.13937001
0,70.141628,5.546875,-0.13793076
0,70.141628,5.55,-0.1365191
0,70.141628,5.553125,-0.13513421
0,70.141628,5.55625,-0.13377535
0,70.141628,5.559375,-0.13244177
0,70.141628,5.5625,-0.13113277
0,70.141628,5.565625,-0.12984765
0,70.141628,5.56875,-0.12858577
0,70.141628,5.571875,-0.12734649
0,70.141628,5.575,-0.1261292
0,70.141628,5.578125,-0.12493331
0,70.141628,5.58125,-0.12375824
0,70.141628,5.584375,-0.12260345
0,70.141628,5.5875,-0.12146842
0,70.141628,5.590625,-0.12035262
0,70.141628,5.59375,-0.11925556
0,70.141628,5.596875,-0.11817677
0,70.141628,5.6,-0.11711579
0,70.141628,5.603125,-0.11607217
0,70.141628,5.60625,-0.11504547
0,70.141628,5.609375,-0.11403529
0,70.141628,5.6125,-0.11304122
0,70.141628,5.615625,-0.11206287
0,70.141628,5.61875,-0.11109987
0,70.141628,5.621875,-0.11015184
0,70.141628,5.625,-0.10921843
0,70.141628,5.628125,-0.10829931
0,70.141628,5.63125,-0.10739414
0,70.141628,5.634375,-0.1065026
0,70.141628,5.6375,-0.10562438
0,70.141628,5.640625,-0.10475918
0,70.141628,5.64375,-0.1039067
0,70.141628,5.646875,-0.10306667
0,70.141628,5.65,-0.1022388
0,70.141628,5.653125,-0.10142283
0,70.141628,5.65625,-0.1006185
0,70.141628,5.659375,-0.099825561
0,70.141628,5.6625,-0.099043768
0,70.141628,5.665625,-0.098272883
0,70.141628,5.66875,-0.097512677
0,70.141628,5.671875,-0.096762925
0,70.141628,5.675,-0.096023411
0,70.141628,5.678125,-0.095293924
0,70.141628,5.68125,-0.094574257
0,70.141628,5.684375,-0.093864212
0,70.141628,5.6875,-0.093163595
0,70.141628,5.690625,-0.092472216
0,70.141628,5.69375,-0.091789893
0,70.141628,5.696875,-0.091116446
0,70.141628,5.7,-0.090451701
0,70.141628,5.703125,-0.089795489
0,70.141628,5.70625,-0.089147645
0,70.141628,5.709375,-0.088508009
0,70.141628,5.7125,-0.087876425
0,70.141628,5.715625,-0.087252739
0,70.141628,5.71875,-0.086636804
0,70.141628,5.721875,-0.086028475
0,70.141628,5.725,-0.08542761
0,70.141628,5.728125,-0.084834073
0,70.141628,5.73125,-0.08424773
0,70.141628,5.734375,-0.083668449
0,70.141628,5.7375,-0.083096103
0,70.141628,5.740625,-0.082530569
0,70.141628,5.74375,-0.081971724
0,70.141628,5.746875,-0.08141945
0,70.141628,5.75,-0.080873632
0,70.141628,5.753125,-0.080334156
0,70.141628,5.75625,-0.079800913
0,70.141628,5.759375,-0.079273795
0,70.141628,5.7625,-0.078752698
0,70.141628,5.765625,-0.078237518
0,70.141628,5.76875,-0.077728155
0,70.141628,5.771875,-0.077224511
0,70.141628,5.775,-0.076726491
0,70.141628,5.778125,-0.076234002
0,70.141628,5.78125,-0.075746951
0,70.141628,5.784375,-0.075265249
0,70.141628,5.7875,-0.07478881
0,70.141628,5.790625,-0.074317547
0,70.141628,5.79375,-0.073851376
0,70.141628,5.796875,-0.073390218
0,70.141628,5.8,-0.07293399
0,70.141628,5.803125,-0.072482616
0,70.141628,5.80625,-0.072036017
0,70.141628,5.809375,-0.071594121
0,70.141628,5.8125,-0.071156853
0,70.141628,5.815625,-0.070724141
0,70.141628,5.81875,-0.070295915
0,70.141628,5.821875,-0.069872106
0,70.141628,5.825,-0.069452648
0,70.141628,5.828125,-0.069037473
0,70.141628,5.83125,-0.068626518
0,70.141628,5.834375,-0.068219718
0,70.141628,5.8375,-0.067817013
0,70.141628,5.840625,-0.067418341
0,70.141628,5.84375,-0.067023642
0,70.141628,5.846875,-0.066632858
0,70.141628,5.85,-0.066245932
0,70.141628,5.853125,-0.065862808
0,70.141628,5.85625,-0.06548343
0,70.141628,5.859375,-0.065107746
0,70.141628,5.8625,-0.064735702
0,70.141628,5.865625,-0.064367245
0,70.141628,5.86875,-0.064002326
0,70.141628,5.871875,-0.063640894
0,70.141628,5.875,-0.063282901
0,70.141628,5.878125,-0.062928298
0,70.141628,5.88125,-0.062577038
0,70.141628,5.884375,-0.062229076
0,70.141628,5.8875,-0.061884365
0,70.141628,5.890625,-0.061542861
0,70.141628,5.89375,-0.061204521
0,70.141628,5.896875,-0.060869301
0,70.141628,5.9,-0.06053716
0,70.141628,5.903125,-0.060208055
0,70.141628,5.90625,-0.059881947
0,70.141628,5.909375,-0.059558796
0,70.141628,5.9125,-0.059238562
0,70.141628,5.915625,-0.058921207
0,70.141628,5.91875,-0.058606692
0,70.141628,5.921875,-0.058294982
0,70.141628,5.925,-0.05798604
0,70.141628,5.928125,-0.057679829
0,70.141628,5.93125,-0.057376314
0,70.141628,5.934375,-0.057075461
0,70.141628,5.9375,-0.056777237
0,70.141628,5.940625,-0.056481606
0,70.141628,5.94375,-0.056188537
0,70.141628,5.946875,-0.055897997
0,70.141628,5.95,-0.055609955
0,70.141628,5.953125,-0.055324379
0,70.141628,5.95625,-0.055041239
0,70.141628,5.959375,-0.054760504
0,70.141628,5.9625,-0.054482145
0,70.141628,5.965625,-0.054206132
0,70.141628,5.96875,-0.053932437
0,70.141628,5.971875,-0.053661032
0,70.141628,5.975,-0.053391888
0,70.141628,5.978125,-0.053124979
0,70.141628,5.98125,-0.052860278
0,70.141628,5.984375,-0.052597757
0,70.141628,5.9875,-0.052337392
0,70.141628,5.990625,-0.052079156
0,70.141628,5.99375,-0.051823025
0,70.141628,5.996875,-0.051568973
0,70.141628,6,-0.051316976
