"Current","Field","Frequency","Spectra"
0,56.00528,1,-0.020412707
0,56.00528,1.003125,-0.020495438
0,56.00528,1.00625,-0.020578771
0,56.00528,1.009375,-0.020662711
0,56.00528,1.0125,-0.020747265
0,56.00528,1.015625,-0.02083244
0,56.00528,1.01875,-0.020918243
0,56.00528,1.021875,-0.021004679
0,56.00528,1.025,-0.021091757
0,56.00528,1.028125,-0.021179482
0,56.00528,1.03125,-0.021267862
0,56.00528,1.034375,-0.021356904
0,56.00528,1.0375,-0.021446615
0,56.00528,1.040625,-0.021537003
0,56.00528,1.04375,-0.021628074
0,56.00528,1.046875,-0.021719837
0,56.00528,1.05,-0.021812298
0,56.00528,1.053125,-0.021905467
0,56.00528,1.05625,-0.021999349
0,56.00528,1.059375,-0.022093954
0,56.00528,1.0625,-0.02218929
0,56.00528,1.065625,-0.022285364
0,56.00528,1.06875,-0.022382185
0,56.00528,1.071875,-0.022479762
0,56.00528,1.075,-0.022578102
0,56.00528,1.078125,-0.022677215
0,56.00528,1.08125,-0.022777109
0,56.00528,1.084375,-0.022877793
0,56.00528,1.0875,-0.022979277
0,56.00528,1.090625,-0.023081569
0,56.00528,1.09375,-0.023184679
0,56.00528,1.096875,-0.023288616
0,56.00528,1.1,-0.02339339
0,56.00528,1.103125,-0.02349901
0,56.00528,1.10625,-0.023605487
0,56.00528,1.109375,-0.02371283
0,56.00528,1.1125,-0.02382105
0,56.00528,1.115625,-0.023930157
0,56.00528,1.11875,-0.024040161
0,56.00528,1.121875,-0.024151073
0,56.00528,1.125,-0.024262904
0,56.00528,1.128125,-0.024375665
0,56.00528,1.13125,-0.024489367
0,56.00528,1.134375,-0.024604022
0,56.00528,1.1375,-0.02471964
0,56.00528,1.140625,-0.024836234
0,56.00528,1.14375,-0.024953815
0,56.00528,1.146875,-0.025072395
0,56.00528,1.15,-0.025191987
0,56.00528,1.153125,-0.025312603
0,56.00528,1.15625,-0.025434256
0,56.00528,1.159375,-0.025556958
0,56.00528,1.1625,-0.025680722
0,56.00528,1.165625,-0.025805563
0,56.00528,1.16875,-0.025931492
0,56.00528,1.171875,-0.026058524
0,56.00528,1.175,-0.026186673
0,56.00528,1.178125,-0.026315952
0,56.00528,1.18125,-0.026446377
0,56.00528,1.184375,-0.026577961
0,56.00528,1.1875,-0.026710719
0,56.00528,1.190625,-0.026844667
0,56.00528,1.19375,-0.026979819
0,56.00528,1.196875,-0.027116192
0,56.00528,1.2,-0.027253801
0,56.00528,1.203125,-0.027392661
0,56.00528,1.20625,-0.02753279
0,56.00528,1.209375,-0.027674204
0,56.00528,1.2125,-0.02781692
0,56.00528,1.215625,-0.027960954
0,56.00528,1.21875,-0.028106325
0,56.00528,1.221875,-0.02825305
0,56.00528,1.225,-0.028401146
0,56.00528,1.228125,-0.028550634
0,56.00528,1.23125,-0.02870153
0,56.00528,1.234375,-0.028853854
0,56.00528,1.2375,-0.029007626
0,56.00528,1.240625,-0.029162864
0,56.00528,1.24375,-0.029319589
0,56.00528,1.246875,-0.029477822
0,56.00528,1.25,-0.029637582
0,56.00528,1.253125,-0.029798891
0,56.00528,1.25625,-0.02996177
0,56.00528,1.259375,-0.030126241
0,56.00528,1.2625,-0.030292326
0,56.00528,1.265625,-0.030460048
0,56.00528,1.26875,-0.030629429
0,56.00528,1.271875,-0.030800493
0,56.00528,1.275,-0.030973264
0,56.00528,1.278125,-0.031147766
0,56.00528,1.28125,-0.031324023
0,56.00528,1.284375,-0.03150206
0,56.00528,1.2875,-0.031681904
0,56.00528,1.290625,-0.03186358
0,56.00528,1.29375,-0.032047114
0,56.00528,1.296875,-0.032232534
0,56.00528,1.3,-0.032419866
0,56.00528,1.303125,-0.03260914
0,56.00528,1.30625,-0.032800382
0,56.00528,1.309375,-0.032993623
0,56.00528,1.3125,-0.033188892
0,56.00528,1.315625,-0.033386219
0,56.00528,1.31875,-0.033585634
0,56.00528,1.321875,-0.033787169
0,56.00528,1.325,-0.033990856
0,56.00528,1.328125,-0.034196727
0,56.00528,1.33125,-0.034404815
0,56.00528,1.334375,-0.034615154
0,56.00528,1.3375,-0.034827778
0,56.00528,1.340625,-0.035042722
0,56.00528,1.34375,-0.035260022
0,56.00528,1.346875,-0.035479714
0,56.00528,1.35,-0.035701836
0,56.00528,1.353125,-0.035926424
0,56.00528,1.35625,-0.036153518
0,56.00528,1.359375,-0.036383157
0,56.00528,1.3625,-0.036615381
0,56.00528,1.365625,-0.036850231
0,56.00528,1.36875,-0.037087748
0,56.00528,1.371875,-0.037327976
0,56.00528,1.375,-0.037570957
0,56.00528,1.378125,-0.037816735
0,56.00528,1.38125,-0.038065357
0,56.00528,1.384375,-0.038316867
0,56.00528,1.3875,-0.038571314
0,56.00528,1.390625,-0.038828744
0,56.00528,1.39375,-0.039089208
0,56.00528,1.396875,-0.039352754
0,56.00528,1.4,-0.039619434
0,56.00528,1.403125,-0.0398893
0,56.00528,1.40625,-0.040162405
0,56.00528,1.409375,-0.040438803
0,56.00528,1.4125,-0.040718551
0,56.00528,1.415625,-0.041001703
0,56.00528,1.41875,-0.041288319
0,56.00528,1.421875,-0.041578457
0,56.00528,1.425,-0.041872177
0,56.00528,1.428125,-0.042169541
0,56.00528,1.43125,-0.042470612
0,56.00528,1.434375,-0.042775455
0,56.00528,1.4375,-0.043084134
0,56.00528,1.440625,-0.043396716
0,56.00528,1.44375,-0.043713271
0,56.00528,1.446875,-0.044033869
0,56.00528,1.45,-0.04435858
0,56.00528,1.453125,-0.044687479
0,56.00528,1.45625,-0.045020639
0,56.00528,1.459375,-0.045358138
0,56.00528,1.4625,-0.045700054
0,56.00528,1.465625,-0.046046466
0,56.00528,1.46875,-0.046397456
0,56.00528,1.471875,-0.046753109
0,56.00528,1.475,-0.047113508
0,56.00528,1.478125,-0.047478743
0,56.00528,1.48125,-0.047848901
0,56.00528,1.484375,-0.048224076
0,56.00528,1.4875,-0.048604359
0,56.00528,1.490625,-0.048989848
0,56.00528,1.49375,-0.04938064
0,56.00528,1.496875,-0.049776836
0,56.00528,1.5,-0.050178538
0,56.00528,1.503125,-0.050585851
0,56.00528,1.50625,-0.050998884
0,56.00528,1.509375,-0.051417745
0,56.00528,1.5125,-0.051842548
0,56.00528,1.515625,-0.052273409
0,56.00528,1.51875,-0.052710445
0,56.00528,1.521875,-0.053153778
0,56.00528,1.525,-0.053603531
0,56.00528,1.528125,-0.054059833
0,56.00528,1.53125,-0.054522812
0,56.00528,1.534375,-0.054992603
0,56.00528,1.5375,-0.055469342
0,56.00528,1.540625,-0.05595317
0,56.00528,1.54375,-0.056444229
0,56.00528,1.546875,-0.056942666
0,56.00528,1.55,-0.057448634
0,56.00528,1.553125,-0.057962285
0,56.00528,1.55625,-0.05848378
0,56.00528,1.559375,-0.059013279
0,56.00528,1.5625,-0.05955095
0,56.00528,1.565625,-0.060096964
0,56.00528,1.56875,-0.060651496
0,56.00528,1.571875,-0.061214726
0,56.00528,1.575,-0.061786838
0,56.00528,1.578125,-0.062368022
0,56.00528,1.58125,-0.062958471
0,56.00528,1.584375,-0.063558385
0,56.00528,1.5875,-0.064167969
0,56.00528,1.590625,-0.064787432
0,56.00528,1.59375,-0.065416989
0,56.00528,1.596875,-0.066056863
0,56.00528,1.6,-0.066707279
0,56.00528,1.603125,-0.067368471
0,56.00528,1.60625,-0.068040678
0,56.00528,1.609375,-0.068724147
0,56.00528,1.6125,-0.069419129
0,56.00528,1.615625,-0.070125885
0,56.00528,1.61875,-0.07084468
0,56.00528,1.621875,-0.071575788
0,56.00528,1.625,-0.07231949
0,56.00528,1.628125,-0.073076076
0,56.00528,1.63125,-0.073845842
0,56.00528,1.634375,-0.074629094
0,56.00528,1.6375,-0.075426145
0,56.00528,1.640625,-0.076237318
0,56.00528,1.64375,-0.077062945
0,56.00528,1.646875,-0.077903366
0,56.00528,1.65,-0.078758931
0,56.00528,1.653125,-0.079630002
0,56.00528,1.65625,-0.080516949
0,56.00528,1.659375,-0.081420154
0,56.00528,1.6625,-0.082340007
0,56.00528,1.665625,-0.083276914
0,56.00528,1.66875,-0.084231289
0,56.00528,1.671875,-0.085203558
0,56.00528,1.675,-0.086194162
0,56.00528,1.678125,-0.087203552
0,56.00528,1.68125,-0.088232194
0,56.00528,1.684375,-0.089280566
0,56.00528,1.6875,-0.090349162
0,56.00528,1.690625,-0.091438489
0,56.00528,1.69375,-0.092549069
0,56.00528,1.696875,-0.093681439
0,56.00528,1.7,-0.094836153
0,56.00528,1.703125,-0.09601378
0,56.00528,1.70625,-0.097214908
0,56.00528,1.709375,-0.098440141
0,56.00528,1.7125,-0.0996901
0,56.00528,1.715625,-0.10096543
0,56.00528,1.71875,-0.10226678
0,56.00528,1.721875,-0.10359484
0,56.00528,1.725,-0.1049503
0,56.00528,1.728125,-0.10633389
0,56.00528,1.73125,-0.10774635
0,56.00528,1.734375,-0.10918844
0,56.00528,1.7375,-0.11066095
0,56.00528,1.740625,-0.11216468
0,56.00528,1.74375,-0.11370048
0,56.00528,1.746875,-0.11526921
0,56.00528,1.75,-0.11687174
0,56.00528,1.753125,-0.11850899
0,56.00528,1.75625,-0.1201819
0,56.00528,1.759375,-0.12189143
0,56.00528,1.7625,-0.12363858
0,56.00528,1.765625,-0.12542437
0,56.00528,1.76875,-0.12724986
0,56.00528,1.771875,-0.12911612
0,56.00528,1.775,-0.13102429
0,56.00528,1.778125,-0.1329755
0,56.00528,1.78125,-0.13497093
0,56.00528,1.784375,-0.13701181
0,56.00528,1.7875,-0.13909937
0,56.00528,1.790625,-0.14123492
0,56.00528,1.79375,-0.14341975
0,56.00528,1.796875,-0.14565524
0,56.00528,1.8,-0.14794277
0,56.00528,1.803125,-0.15028377
0,56.00528,1.80625,-0.15267972
0,56.00528,1.809375,-0.15513212
0,56.00528,1.8125,-0.15764252
0,56.00528,1.815625,-0.16021249
0,56.00528,1.81875,-0.16284366
0,56.00528,1.821875,-0.1655377
0,56.00528,1.825,-0.1682963
0,56.00528,1.828125,-0.1711212
0,56.00528,1.83125,-0.17401418
0,56.00528,1.834375,-0.17697705
0,56.00528,1.8375,-0.18001166
0,56.00528,1.840625,-0.1831199
0,56.00528,1.84375,-0.18630368
0,56.00528,1.846875,-0.18956496
0,56.00528,1.85,-0.19290572
0,56.00528,1.853125,-0.19632796
0,56.00528,1.85625,-0.19983372
0,56.00528,1.859375,-0.20342506
0,56.00528,1.8625,-0.20710404
0,56.00528,1.865625,-0.21087275
0,56.00528,1.86875,-0.2147333
0,56.00528,1.871875,-0.21868776
0,56.00528,1.875,-0.22273825
0,56.00528,1.878125,-0.22688684
0,56.00528,1.88125,-0.2311356
0,56.00528,1.884375,-0.23548656
0,56.00528,1.8875,-0.23994174
0,56.00528,1.890625,-0.24450307
0,56.00528,1.89375,-0.24917246
0,56.00528,1.896875,-0.25395172
0,56.00528,1.9,-0.25884259
0,56.00528,1.903125,-0.26384669
0,56.00528,1.90625,-0.26896554
0,56.00528,1.909375,-0.2742005
0,56.00528,1.9125,-0.27955277
0,56.00528,1.915625,-0.28502337
0,56.00528,1.91875,-0.29061313
0,56.00528,1.921875,-0.29632261
0,56.00528,1.925,-0.30215214
0,56.00528,1.928125,-0.30810174
0,56.00528,1.93125,-0.31417111
0,56.00528,1.934375,-0.32035958
0,56.00528,1.9375,-0.32666611
0,56.00528,1.940625,-0.3330892
0,56.00528,1.94375,-0.3396269
0,56.00528,1.946875,-0.34627672
0,56.00528,1.95,-0.35303564
0,56.00528,1.953125,-0.35990001
0,56.00528,1.95625,-0.36686556
0,56.00528,1.959375,-0.37392731
0,56.00528,1.9625,-0.38107953
0,56.00528,1.965625,-0.38831575
0,56.00528,1.96875,-0.39562862
0,56.00528,1.971875,-0.40300994
0,56.00528,1.975,-0.41045062
0,56.00528,1.978125,-0.41794058
0,56.00528,1.98125,-0.42546879
0,56.00528,1.984375,-0.4330232
0,56.00528,1.9875,-0.44059075
0,56.00528,1.990625,-0.44815732
0,56.00528,1.99375,-0.45570777
0,56.00528,1.996875,-0.4632259
0,56.00528,2,-0.47069453
0,56.00528,2.003125,-0.47809547
0,56.00528,2.00625,-0.48540961
0,56.00528,2.009375,-0.49261695
0,56.00528,2.0125,-0.49969672
0,56.00528,2.015625,-0.50662743
0,56.00528,2.01875,-0.513387
0,56.00528,2.021875,-0.51995289
0,56.00528,2.025,-0.52630223
0,56.00528,2.028125,-0.53241202
0,56.00528,2.03125,-0.53825924
0,56.00528,2.034375,-0.54382112
0,56.00528,2.0375,-0.54907525
0,56.00528,2.040625,-0.55399986
0,56.00528,2.04375,-0.558574
0,56.00528,2.046875,-0.56277775
0,56.00528,2.05,-0.56659248
0,56.00528,2.053125,-0.57000097
0,56.00528,2.05625,-0.57298769
0,56.00528,2.059375,-0.57553895
0,56.00528,2.0625,-0.57764308
0,56.00528,2.065625,-0.57929055
0,56.00528,2.06875,-0.5804741
0,56.00528,2.071875,-0.58118887
0,56.00528,2.075,-0.58143241
0,56.00528,2.078125,-0.58120474
0,56.00528,2.08125,-0.58050835
0,56.00528,2.084375,-0.57934817
0,56.00528,2.0875,-0.5777315
0,56.00528,2.090625,-0.57566791
0,56.00528,2.09375,-0.57316915
0,56.00528,2.096875,-0.57024897
0,56.00528,2.1,-0.56692299
0,56.00528,2.103125,-0.56320848
0,56.00528,2.10625,-0.5591242
0,56.00528,2.109375,-0.55469015
0,56.00528,2.1125,-0.54992739
0,56.00528,2.115625,-0.54485783
0,56.00528,2.11875,-0.53950399
0,56.00528,2.121875,-0.53388879
0,56.00528,2.125,-0.52803539
0,56.00528,2.128125,-0.52196696
0,56.00528,2.13125,-0.51570653
0,56.00528,2.134375,-0.50927681
0,56.00528,2.1375,-0.50270006
0,56.00528,2.140625,-0.49599797
0,56.00528,2.14375,-0.48919151
0,56.00528,2.146875,-0.48230087
0,56.00528,2.15,-0.47534537
0,56.00528,2.153125,-0.4683434
0,56.00528,2.15625,-0.46131239
0,56.00528,2.159375,-0.45426874
0,56.00528,2.1625,-0.44722782
0,56.00528,2.165625,-0.44020398
0,56.00528,2.16875,-0.43321051
0,56.00528,2.171875,-0.42625971
0,56.00528,2.175,-0.41936286
0,56.00528,2.178125,-0.41253025
0,56.00528,2.18125,-0.40577125
0,56.00528,2.184375,-0.39909431
0,56.00528,2.1875,-0.39250701
0,56.00528,2.190625,-0.38601612
0,56.00528,2.19375,-0.37962762
0,56.00528,2.196875,-0.37334674
0,56.00528,2.2,-0.36717805
0,56.00528,2.203125,-0.36112547
0,56.00528,2.20625,-0.35519231
0,56.00528,2.209375,-0.34938134
0,56.00528,2.2125,-0.34369481
0,56.00528,2.215625,-0.33813453
0,56.00528,2.21875,-0.33270185
0,56.00528,2.221875,-0.32739775
0,56.00528,2.225,-0.32222286
0,56.00528,2.228125,-0.31717748
0,56.00528,2.23125,-0.31226165
0,56.00528,2.234375,-0.30747514
0,56.00528,2.2375,-0.30281749
0,56.00528,2.240625,-0.29828806
0,56.00528,2.24375,-0.29388602
0,56.00528,2.246875,-0.28961039
0,56.00528,2.25,-0.28546009
0,56.00528,2.253125,-0.28143389
0,56.00528,2.25625,-0.2775305
0,56.00528,2.259375,-0.27374855
0,56.00528,2.2625,-0.27008659
0,56.00528,2.265625,-0.26654316
0,56.00528,2.26875,-0.26311674
0,56.00528,2.271875,-0.2598058
0,56.00528,2.275,-0.2566088
0,56.00528,2.278125,-0.2535242
0,56.00528,2.28125,-0.25055047
0,56.00528,2.284375,-0.2476861
0,56.00528,2.2875,-0.24492958
0,56.00528,2.290625,-0.24227945
0,56.00528,2.29375,-0.2397343
0,56.00528,2.296875,-0.23729273
0,56.00528,2.3,-0.2349534
0,56.00528,2.303125,-0.23271503
0,56.00528,2.30625,-0.23057637
0,56.00528,2.309375,-0.22853625
0,56.00528,2.3125,-0.22659354
0,56.00528,2.315625,-0.22474719
0,56.00528,2.31875,-0.2229962
0,56.00528,2.321875,-0.22133967
0,56.00528,2.325,-0.21977672
0,56.00528,2.328125,-0.21830658
0,56.00528,2.33125,-0.21692854
0,56.00528,2.334375,-0.21564197
0,56.00528,2.3375,-0.21444631
0,56.00528,2.340625,-0.21334108
0,56.00528,2.34375,-0.21232587
0,56.00528,2.346875,-0.21140038
0,56.00528,2.35,-0.21056435
0,56.00528,2.353125,-0.20981762
0,56.00528,2.35625,-0.20916012
0,56.00528,2.359375,-0.20859186
0,56.00528,2.3625,-0.20811291
0,56.00528,2.365625,-0.20772345
0,56.00528,2.36875,-0.20742374
0,56.00528,2.371875,-0.2072141
0,56.00528,2.375,-0.20709497
0,56.00528,2.378125,-0.20706685
0,56.00528,2.38125,-0.20713031
0,56.00528,2.384375,-0.20728604
0,56.00528,2.3875,-0.20753477
0,56.00528,2.390625,-0.20787734
0,56.00528,2.39375,-0.20831464
0,56.00528,2.396875,-0.20884766
0,56.00528,2.4,-0.20947745
0,56.00528,2.403125,-0.21020512
0,56.00528,2.40625,-0.21103186
0,56.00528,2.409375,-0.21195891
0,56.00528,2.4125,-0.21298756
0,56.00528,2.415625,-0.21411916
0,56.00528,2.41875,-0.21535509
0,56.00528,2.421875,-0.21669676
0,56.00528,2.425,-0.21814559
0,56.00528,2.428125,-0.21970304
0,56.00528,2.43125,-0.22137053
0,56.00528,2.434375,-0.22314947
0,56.00528,2.4375,-0.22504122
0,56.00528,2.440625,-0.22704712
0,56.00528,2.44375,-0.22916837
0,56.00528,2.446875,-0.23140611
0,56.00528,2.45,-0.23376132
0,56.00528,2.453125,-0.23623483
0,56.00528,2.45625,-0.23882725
0,56.00528,2.459375,-0.24153897
0,56.00528,2.4625,-0.24437008
0,56.00528,2.465625,-0.24732037
0,56.00528,2.46875,-0.25038922
0,56.00528,2.471875,-0.25357561
0,56.00528,2.475,-0.256878
0,56.00528,2.478125,-0.26029434
0,56.00528,2.48125,-0.26382192
0,56.00528,2.484375,-0.26745738
0,56.00528,2.4875,-0.27119659
0,56.00528,2.490625,-0.27503458
0,56.00528,2.49375,-0.2789655
0,56.00528,2.496875,-0.28298249
0,56.00528,2.5,-0.28707766
0,56.00528,2.503125,-0.291242
0,56.00528,2.50625,-0.29546529
0,56.00528,2.509375,-0.29973608
0,56.00528,2.5125,-0.30404165
0,56.00528,2.515625,-0.30836791
0,56.00528,2.51875,-0.31269947
0,56.00528,2.521875,-0.31701957
0,56.00528,2.525,-0.32131014
0,56.00528,2.528125,-0.32555186
0,56.00528,2.53125,-0.3297242
0,56.00528,2.534375,-0.33380555
0,56.00528,2.5375,-0.33777338
0,56.00528,2.540625,-0.34160438
0,56.00528,2.54375,-0.3452747
0,56.00528,2.546875,-0.34876017
0,56.00528,2.55,-0.3520366
0,56.00528,2.553125,-0.35508008
0,56.00528,2.55625,-0.35786728
0,56.00528,2.559375,-0.36037582
0,56.00528,2.5625,-0.36258459
0,56.00528,2.565625,-0.36447412
0,56.00528,2.56875,-0.36602691
0,56.00528,2.571875,-0.36722773
0,56.00528,2.575,-0.36806392
0,56.00528,2.578125,-0.36852561
0,56.00528,2.58125,-0.36860594
0,56.00528,2.584375,-0.36830115
0,56.00528,2.5875,-0.36761068
0,56.00528,2.590625,-0.36653721
0,56.00528,2.59375,-0.36508652
0,56.00528,2.596875,-0.36326745
0,56.00528,2.6,-0.36109167
0,56.00528,2.603125,-0.35857349
0,56.00528,2.60625,-0.35572956
0,56.00528,2.609375,-0.35257858
0,56.00528,2.6125,-0.34914094
0,56.00528,2.615625,-0.34543843
0,56.00528,2.61875,-0.34149382
0,56.00528,2.621875,-0.3373306
0,56.00528,2.625,-0.33297256
0,56.00528,2.628125,-0.32844355
0,56.00528,2.63125,-0.32376719
0,56.00528,2.634375,-0.31896656
0,56.00528,2.6375,-0.31406406
0,56.00528,2.640625,-0.30908116
0,56.00528,2.64375,-0.3040383
0,56.00528,2.646875,-0.29895473
0,56.00528,2.65,-0.29384846
0,56.00528,2.653125,-0.28873617
0,56.00528,2.65625,-0.28363321
0,56.00528,2.659375,-0.27855357
0,56.00528,2.6625,-0.2735099
0,56.00528,2.665625,-0.26851356
0,56.00528,2.66875,-0.26357462
0,56.00528,2.671875,-0.25870198
0,56.00528,2.675,-0.25390336
0,56.00528,2.678125,-0.2491854
0,56.00528,2.68125,-0.24455376
0,56.00528,2.684375,-0.24001315
0,56.00528,2.6875,-0.23556743
0,56.00528,2.690625,-0.23121966
0,56.00528,2.69375,-0.22697222
0,56.00528,2.696875,-0.22282681
0,56.00528,2.7,-0.21878458
0,56.00528,2.703125,-0.21484615
0,56.00528,2.70625,-0.21101169
0,56.00528,2.709375,-0.20728096
0,56.00528,2.7125,-0.20365339
0,56.00528,2.715625,-0.20012809
0,56.00528,2.71875,-0.19670389
0,56.00528,2.721875,-0.19337943
0,56.00528,2.725,-0.19015313
0,56.00528,2.728125,-0.18702327
0,56.00528,2.73125,-0.183988
0,56.00528,2.734375,-0.18104535
0,56.00528,2.7375,-0.17819329
0,56.00528,2.740625,-0.17542971
0,56.00528,2.74375,-0.17275247
0,56.00528,2.746875,-0.17015939
0,56.00528,2.75,-0.16764827
0,56.00528,2.753125,-0.16521692
0,56.00528,2.75625,-0.16286316
0,56.00528,2.759375,-0.1605848
0,56.00528,2.7625,-0.15837969
0,56.00528,2.765625,-0.15624571
0,56.00528,2.76875,-0.15418077
0,56.00528,2.771875,-0.15218281
0,56.00528,2.775,-0.15024983
0,56.00528,2.778125,-0.14837987
0,56.00528,2.78125,-0.14657099
0,56.00528,2.784375,-0.14482134
0,56.00528,2.7875,-0.1431291
0,56.00528,2.790625,-0.14149248
0,56.00528,2.79375,-0.13990979
0,56.00528,2.796875,-0.13837934
0,56.00528,2.8,-0.13689953
0,56.00528,2.803125,-0.13546879
0,56.00528,2.80625,-0.1340856
0,56.00528,2.809375,-0.13274851
0,56.00528,2.8125,-0.13145609
0,56.00528,2.815625,-0.13020698
0,56.00528,2.81875,-0.12899986
0,56.00528,2.821875,-0.12783345
0,56.00528,2.825,-0.12670653
0,56.00528,2.828125,-0.12561791
0,56.00528,2.83125,-0.12456645
0,56.00528,2.834375,-0.12355105
0,56.00528,2.8375,-0.12257064
0,56.00528,2.840625,-0.1216242
0,56.00528,2.84375,-0.12071075
0,56.00528,2.846875,-0.11982934
0,56.00528,2.85,-0.11897906
0,56.00528,2.853125,-0.11815902
0,56.00528,2.85625,-0.11736839
0,56.00528,2.859375,-0.11660635
0,56.00528,2.8625,-0.11587212
0,56.00528,2.865625,-0.11516494
0,56.00528,2.86875,-0.11448409
0,56.00528,2.871875,-0.11382888
0,56.00528,2.875,-0.11319863
0,56.00528,2.878125,-0.11259271
0,56.00528,2.88125,-0.11201048
0,56.00528,2.884375,-0.11145136
0,56.00528,2.8875,-0.11091478
0,56.00528,2.890625,-0.11040018
0,56.00528,2.89375,-0.10990704
0,56.00528,2.896875,-0.10943485
0,56.00528,2.9,-0.10898313
0,56.00528,2.903125,-0.1085514
0,56.00528,2.90625,-0.10813921
0,56.00528,2.909375,-0.10774614
0,56.00528,2.9125,-0.10737178
0,56.00528,2.915625,-0.10701571
0,56.00528,2.91875,-0.10667757
0,56.00528,2.921875,-0.10635699
0,56.00528,2.925,-0.10605361
0,56.00528,2.928125,-0.1057671
0,56.00528,2.93125,-0.10549715
0,56.00528,2.934375,-0.10524343
0,56.00528,2.9375,-0.10500566
0,56.00528,2.940625,-0.10478356
0,56.00528,2.94375,-0.10457684
0,56.00528,2.946875,-0.10438527
0,56.00528,2.95,-0.10420858
0,56.00528,2.953125,-0.10404655
0,56.00528,2.95625,-0.10389895
0,56.00528,2.959375,-0.10376556
0,56.00528,2.9625,-0.10364619
0,56.00528,2.965625,-0.10354064
0,56.00528,2.96875,-0.10344872
0,56.00528,2.971875,-0.10337026
0,56.00528,2.975,-0.1033051
0,56.00528,2.978125,-0.10325307
0,56.00528,2.98125,-0.10321404
0,56.00528,2.984375,-0.10318786
0,56.00528,2.9875,-0.1031744
0,56.00528,2.990625,-0.10317354
0,56.00528,2.99375,-0.10318516
0,56.00528,2.996875,-0.10320916
0,56.00528,3,-0.10324543
0,56.00528,3.003125,-0.10329389
0,56.00528,3.00625,-0.10335445
0,56.00528,3.009375,-0.10342703
0,56.00528,3.0125,-0.10351156
0,56.00528,3.015625,-0.10360798
0,56.00528,3.01875,-0.10371623
0,56.00528,3.021875,-0.10383626
0,56.00528,3.025,-0.10396803
0,56.00528,3.028125,-0.1041115
0,56.00528,3.03125,-0.10426664
0,56.00528,3.034375,-0.10443342
0,56.00528,3.0375,-0.10461184
0,56.00528,3.040625,-0.10480188
0,56.00528,3.04375,-0.10500353
0,56.00528,3.046875,-0.10521679
0,56.00528,3.05,-0.10544168
0,56.00528,3.053125,-0.10567821
0,56.00528,3.05625,-0.1059264
0,56.00528,3.059375,-0.10618628
0,56.00528,3.0625,-0.10645787
0,56.00528,3.065625,-0.10674122
0,56.00528,3.06875,-0.10703638
0,56.00528,3.071875,-0.1073434
0,56.00528,3.075,-0.10766233
0,56.00528,3.078125,-0.10799325
0,56.00528,3.08125,-0.10833622
0,56.00528,3.084375,-0.10869132
0,56.00528,3.0875,-0.10905864
0,56.00528,3.090625,-0.10943826
0,56.00528,3.09375,-0.1098303
0,56.00528,3.096875,-0.11023484
0,56.00528,3.1,-0.11065202
0,56.00528,3.103125,-0.11108194
0,56.00528,3.10625,-0.11152473
0,56.00528,3.109375,-0.11198053
0,56.00528,3.1125,-0.11244948
0,56.00528,3.115625,-0.11293174
0,56.00528,3.11875,-0.11342745
0,56.00528,3.121875,-0.11393679
0,56.00528,3.125,-0.11445993
0,56.00528,3.128125,-0.11499705
0,56.00528,3.13125,-0.11554834
0,56.00528,3.134375,-0.11611401
0,56.00528,3.1375,-0.11669427
0,56.00528,3.140625,-0.11728933
0,56.00528,3.14375,-0.11789943
0,56.00528,3.146875,-0.1185248
0,56.00528,3.15,-0.11916569
0,56.00528,3.153125,-0.11982236
0,56.00528,3.15625,-0.12049509
0,56.00528,3.159375,-0.12118416
0,56.00528,3.1625,-0.12188986
0,56.00528,3.165625,-0.1226125
0,56.00528,3.16875,-0.12335239
0,56.00528,3.171875,-0.12410987
0,56.00528,3.175,-0.12488528
0,56.00528,3.178125,-0.12567899
0,56.00528,3.18125,-0.12649136
0,56.00528,3.184375,-0.12732278
0,56.00528,3.1875,-0.12817367
0,56.00528,3.190625,-0.12904442
0,56.00528,3.19375,-0.1299355
0,56.00528,3.196875,-0.13084733
0,56.00528,3.2,-0.13178041
0,56.00528,3.203125,-0.13273521
0,56.00528,3.20625,-0.13371224
0,56.00528,3.209375,-0.13471205
0,56.00528,3.2125,-0.13573516
0,56.00528,3.215625,-0.13678216
0,56.00528,3.21875,-0.13785365
0,56.00528,3.221875,-0.13895023
0,56.00528,3.225,-0.14007255
0,56.00528,3.228125,-0.14122128
0,56.00528,3.23125,-0.14239711
0,56.00528,3.234375,-0.14360076
0,56.00528,3.2375,-0.14483299
0,56.00528,3.240625,-0.14609457
0,56.00528,3.24375,-0.14738632
0,56.00528,3.246875,-0.14870908
0,56.00528,3.25,-0.15006372
0,56.00528,3.253125,-0.15145117
0,56.00528,3.25625,-0.15287236
0,56.00528,3.259375,-0.1543283
0,56.00528,3.2625,-0.15582
0,56.00528,3.265625,-0.15734854
0,56.00528,3.26875,-0.15891503
0,56.00528,3.271875,-0.16052064
0,56.00528,3.275,-0.16216656
0,56.00528,3.278125,-0.16385406
0,56.00528,3.28125,-0.16558443
0,56.00528,3.284375,-0.16735905
0,56.00528,3.2875,-0.16917931
0,56.00528,3.290625,-0.17104671
0,56.00528,3.29375,-0.17296277
0,56.00528,3.296875,-0.17492908
0,56.00528,3.3,-0.17694731
0,56.00528,3.303125,-0.17901918
0,56.00528,3.30625,-0.1811465
0,56.00528,3.309375,-0.18333112
0,56.00528,3.3125,-0.18557499
0,56.00528,3.315625,-0.18788013
0,56.00528,3.31875,-0.19024864
0,56.00528,3.321875,-0.1926827
0,56.00528,3.325,-0.19518458
0,56.00528,3.328125,-0.19775661
0,56.00528,3.33125,-0.20040125
0,56.00528,3.334375,-0.20312101
0,56.00528,3.3375,-0.20591852
0,56.00528,3.340625,-0.20879647
0,56.00528,3.34375,-0.21175767
0,56.00528,3.346875,-0.21480501
0,56.00528,3.35,-0.21794147
0,56.00528,3.353125,-0.22117012
0,56.00528,3.35625,-0.22449411
0,56.00528,3.359375,-0.2279167
0,56.00528,3.3625,-0.23144119
0,56.00528,3.365625,-0.23507098
0,56.00528,3.36875,-0.23880952
0,56.00528,3.371875,-0.24266034
0,56.00528,3.375,-0.24662698
0,56.00528,3.378125,-0.25071304
0,56.00528,3.38125,-0.25492213
0,56.00528,3.384375,-0.25925784
0,56.00528,3.3875,-0.26372375
0,56.00528,3.390625,-0.26832342
0,56.00528,3.39375,-0.27306032
0,56.00528,3.396875,-0.27793781
0,56.00528,3.4,-0.28295917
0,56.00528,3.403125,-0.2881275
0,56.00528,3.40625,-0.29344573
0,56.00528,3.409375,-0.29891662
0,56.00528,3.4125,-0.30454267
0,56.00528,3.415625,-0.31032619
0,56.00528,3.41875,-0.31626922
0,56.00528,3.421875,-0.32237362
0,56.00528,3.425,-0.32864101
0,56.00528,3.428125,-0.33507289
0,56.00528,3.43125,-0.34167067
0,56.00528,3.434375,-0.34843581
0,56.00528,3.4375,-0.35536988
0,56.00528,3.440625,-0.36247481
0,56.00528,3.44375,-0.36975301
0,56.00528,3.446875,-0.37720766
0,56.00528,3.45,-0.38484291
0,56.00528,3.453125,-0.39266419
0,56.00528,3.45625,-0.40067851
0,56.00528,3.459375,-0.40889469
0,56.00528,3.4625,-0.4173237
0,56.00528,3.465625,-0.42597882
0,56.00528,3.46875,-0.43487586
0,56.00528,3.471875,-0.44403317
0,56.00528,3.475,-0.4534716
0,56.00528,3.478125,-0.46321417
0,56.00528,3.48125,-0.47328564
0,56.00528,3.484375,-0.4837116
0,56.00528,3.4875,-0.49451731
0,56.00528,3.490625,-0.50572603
0,56.00528,3.49375,-0.51735683
0,56.00528,3.496875,-0.52942177
0,56.00528,3.5,-0.54192246
0,56.00528,3.503125,-0.55484597
0,56.00528,3.50625,-0.56816032
0,56.00528,3.509375,-0.58180981
0,56.00528,3.5125,-0.59571078
0,56.00528,3.515625,-0.60974864
0,56.00528,3.51875,-0.62377734
0,56.00528,3.521875,-0.63762232
0,56.00528,3.525,-0.65108798
0,56.00528,3.528125,-0.66396996
0,56.00528,3.53125,-0.67607148
0,56.00528,3.534375,-0.68722161
0,56.00528,3.5375,-0.69729243
0,56.00528,3.540625,-0.70621135
0,56.00528,3.54375,-0.71396579
0,56.00528,3.546875,-0.72059908
0,56.00528,3.55,-0.7261988
0,56.00528,3.553125,-0.73088084
0,56.00528,3.55625,-0.73477294
0,56.00528,3.559375,-0.73800125
0,56.00528,3.5625,-0.74068165
0,56.00528,3.565625,-0.74291581
0,56.00528,3.56875,-0.74479058
0,56.00528,3.571875,-0.74637886
0,56.00528,3.575,-0.74774017
0,56.00528,3.578125,-0.74892043
0,56.00528,3.58125,-0.74995082
0,56.00528,3.584375,-0.75084676
0,56.00528,3.5875,-0.75160786
0,56.00528,3.590625,-0.75221959
0,56.00528,3.59375,-0.75265711
0,56.00528,3.596875,-0.7528911
0,56.00528,3.6,-0.75289505
0,56.00528,3.603125,-0.75265322
0,56.00528,3.60625,-0.75216797
0,56.00528,3.609375,-0.75146503
0,56.00528,3.6125,-0.75059531
0,56.00528,3.615625,-0.74963252
0,56.00528,3.61875,-0.74866696
0,56.00528,3.621875,-0.747797
0,56.00528,3.625,-0.74711998
0,56.00528,3.628125,-0.74672433
0,56.00528,3.63125,-0.74668376
0,56.00528,3.634375,-0.74705346
0,56.00528,3.6375,-0.74786804
0,56.00528,3.640625,-0.74914042
0,56.00528,3.64375,-0.75086144
0,56.00528,3.646875,-0.75299982
0,56.00528,3.65,-0.75550267
0,56.00528,3.653125,-0.75829692
0,56.00528,3.65625,-0.76129221
0,56.00528,3.659375,-0.76438564
0,56.00528,3.6625,-0.76746852
0,56.00528,3.665625,-0.77043511
0,56.00528,3.66875,-0.77319214
0,56.00528,3.671875,-0.77566814
0,56.00528,3.675,-0.77782056
0,56.00528,3.678125,-0.77963951
0,56.00528,3.68125,-0.78114712
0,56.00528,3.684375,-0.7823928
0,56.00528,3.6875,-0.78344543
0,56.00528,3.690625,-0.784384
0,56.00528,3.69375,-0.78528869
0,56.00528,3.696875,-0.78623345
0,56.00528,3.7,-0.78728111
0,56.00528,3.703125,-0.78848107
0,56.00528,3.70625,-0.78986925
0,56.00528,3.709375,-0.79146969
0,56.00528,3.7125,-0.79329714
0,56.00528,3.715625,-0.79535972
0,56.00528,3.71875,-0.79766119
0,56.00528,3.721875,-0.80020257
0,56.00528,3.725,-0.80298276
0,56.00528,3.728125,-0.80599865
0,56.00528,3.73125,-0.80924494
0,56.00528,3.734375,-0.81271401
0,56.00528,3.7375,-0.81639636
0,56.00528,3.740625,-0.82028156
0,56.00528,3.74375,-0.82435958
0,56.00528,3.746875,-0.82862223
0,56.00528,3.75,-0.83306416
0,56.00528,3.753125,-0.8376832
0,56.00528,3.75625,-0.84247985
0,56.00528,3.759375,-0.84745625
0,56.00528,3.7625,-0.85261477
0,56.00528,3.765625,-0.8579568
0,56.00528,3.76875,-0.86348177
0,56.00528,3.771875,-0.86918676
0,56.00528,3.775,-0.87506651
0,56.00528,3.778125,-0.88111379
0,56.00528,3.78125,-0.88732013
0,56.00528,3.784375,-0.89367658
0,56.00528,3.7875,-0.9001747
0,56.00528,3.790625,-0.90680749
0,56.00528,3.79375,-0.91357024
0,56.00528,3.796875,-0.92046134
0,56.00528,3.8,-0.92748289
0,56.00528,3.803125,-0.93464091
0,56.00528,3.80625,-0.94194541
0,56.00528,3.809375,-0.94940986
0,56.00528,3.8125,-0.95705046
0,56.00528,3.815625,-0.96488495
0,56.00528,3.81875,-0.97293126
0,56.00528,3.821875,-0.98120601
0,56.00528,3.825,-0.98972294
0,56.00528,3.828125,-0.99849158
0,56.00528,3.83125,-1.007516
0,56.00528,3.834375,-1.0167939
0,56.00528,3.8375,-1.0263161
0,56.00528,3.840625,-1.036066
0,56.00528,3.84375,-1.0460203
0,56.00528,3.846875,-1.056149
0,56.00528,3.85,-1.0664165
0,56.00528,3.853125,-1.0767832
0,56.00528,3.85625,-1.0872072
0,56.00528,3.859375,-1.0976461
0,56.00528,3.8625,-1.1080594
0,56.00528,3.865625,-1.1184106
0,56.00528,3.86875,-1.1286692
0,56.00528,3.871875,-1.1388118
0,56.00528,3.875,-1.148823
0,56.00528,3.878125,-1.1586953
0,56.00528,3.88125,-1.1684291
0,56.00528,3.884375,-1.1780326
0,56.00528,3.8875,-1.187522
0,56.00528,3.890625,-1.196923
0,56.00528,3.89375,-1.2062717
0,56.00528,3.896875,-1.2156151
0,56.00528,3.9,-1.2250096
0,56.00528,3.903125,-1.2345171
0,56.00528,3.90625,-1.2441981
0,56.00528,3.909375,-1.2541047
0,56.00528,3.9125,-1.2642719
0,56.00528,3.915625,-1.2747113
0,56.00528,3.91875,-1.2854045
0,56.00528,3.921875,-1.2962995
0,56.00528,3.925,-1.3073083
0,56.00528,3.928125,-1.3183079
0,56.00528,3.93125,-1.329145
0,56.00528,3.934375,-1.3396459
0,56.00528,3.9375,-1.3496309
0,56.00528,3.940625,-1.3589335
0,56.00528,3.94375,-1.367421
0,56.00528,3.946875,-1.3750136
0,56.00528,3.95,-1.3816964
0,56.00528,3.953125,-1.3875233
0,56.00528,3.95625,-1.3926104
0,56.00528,3.959375,-1.3971212
0,56.00528,3.9625,-1.4012482
0,56.00528,3.965625,-1.4051931
0,56.00528,3.96875,-1.4091508
0,56.00528,3.971875,-1.413298
0,56.00528,3.975,-1.4177861
0,56.00528,3.978125,-1.4227389
0,56.00528,3.98125,-1.4282535
0,56.00528,3.984375,-1.4344023
0,56.00528,3.9875,-1.4412366
0,56.00528,3.990625,-1.4487903
0,56.00528,3.99375,-1.457083
0,56.00528,3.996875,-1.4661233
0,56.00528,4,-1.4759113
0,56.00528,4.003125,-1.4864404
0,56.00528,4.00625,-1.4976993
0,56.00528,4.009375,-1.509673
0,56.00528,4.0125,-1.5223436
0,56.00528,4.015625,-1.5356913
0,56.00528,4.01875,-1.5496943
0,56.00528,4.021875,-1.5643293
0,56.00528,4.025,-1.5795713
0,56.00528,4.028125,-1.5953938
0,56.00528,4.03125,-1.6117689
0,56.00528,4.034375,-1.6286674
0,56.00528,4.0375,-1.6460593
0,56.00528,4.040625,-1.6639146
0,56.00528,4.04375,-1.6822043
0,56.00528,4.046875,-1.7009012
0,56.00528,4.05,-1.7199814
0,56.00528,4.053125,-1.7394247
0,56.00528,4.05625,-1.7592148
0,56.00528,4.059375,-1.7793391
0,56.00528,4.0625,-1.7997879
0,56.00528,4.065625,-1.8205523
0,56.00528,4.06875,-1.8416225
0,56.00528,4.071875,-1.8629856
0,56.00528,4.075,-1.8846232
0,56.00528,4.078125,-1.9065099
0,56.00528,4.08125,-1.928611
0,56.00528,4.084375,-1.9508816
0,56.00528,4.0875,-1.9732653
0,56.00528,4.090625,-1.995693
0,56.00528,4.09375,-2.0180827
0,56.00528,4.096875,-2.040338
0,56.00528,4.1,-2.0623484
0,56.00528,4.103125,-2.0839883
0,56.00528,4.10625,-2.1051177
0,56.00528,4.109375,-2.1255835
0,56.00528,4.1125,-2.1452218
0,56.00528,4.115625,-2.1638626
0,56.00528,4.11875,-2.1813358
0,56.00528,4.121875,-2.1974785
0,56.00528,4.125,-2.2121439
0,56.00528,4.128125,-2.2252093
0,56.00528,4.13125,-2.2365816
0,56.00528,4.134375,-2.2462008
0,56.00528,4.1375,-2.2540395
0,56.00528,4.140625,-2.2600997
0,56.00528,4.14375,-2.2644073
0,56.00528,4.146875,-2.2670058
0,56.00528,4.15,-2.2679509
0,56.00528,4.153125,-2.2673059
0,56.00528,4.15625,-2.2651389
0,56.00528,4.159375,-2.2615209
0,56.00528,4.1625,-2.2565259
0,56.00528,4.165625,-2.2502315
0,56.00528,4.16875,-2.2427193
0,56.00528,4.171875,-2.2340766
0,56.00528,4.175,-2.2243974
0,56.00528,4.178125,-2.2137831
0,56.00528,4.18125,-2.2023432
0,56.00528,4.184375,-2.1901947
0,56.00528,4.1875,-2.1774619
0,56.00528,4.190625,-2.1642743
0,56.00528,4.19375,-2.1507649
0,56.00528,4.196875,-2.1370671
0,56.00528,4.2,-2.123312
0,56.00528,4.203125,-2.1096242
0,56.00528,4.20625,-2.0961184
0,56.00528,4.209375,-2.0828952
0,56.00528,4.2125,-2.0700367
0,56.00528,4.215625,-2.0576026
0,56.00528,4.21875,-2.0456256
0,56.00528,4.221875,-2.0341077
0,56.00528,4.225,-2.0230181
0,56.00528,4.228125,-2.0122915
0,56.00528,4.23125,-2.00183
0,56.00528,4.234375,-1.9915082
0,56.00528,4.2375,-1.9811828
0,56.00528,4.240625,-1.9707072
0,56.00528,4.24375,-1.959951
0,56.00528,4.246875,-1.9488205
0,56.00528,4.25,-1.9372779
0,56.00528,4.253125,-1.9253519
0,56.00528,4.25625,-1.913135
0,56.00528,4.259375,-1.900768
0,56.00528,4.2625,-1.888416
0,56.00528,4.265625,-1.8762407
0,56.00528,4.26875,-1.8643783
0,56.00528,4.271875,-1.8529248
0,56.00528,4.275,-1.8419288
0,56.00528,4.278125,-1.8313908
0,56.00528,4.28125,-1.8212661
0,56.00528,4.284375,-1.811469
0,56.00528,4.2875,-1.8018783
0,56.00528,4.290625,-1.7923448
0,56.00528,4.29375,-1.7827011
0,56.00528,4.296875,-1.772776
0,56.00528,4.3,-1.7624128
0,56.00528,4.303125,-1.7514902
0,56.00528,4.30625,-1.7399424
0,56.00528,4.309375,-1.7277732
0,56.00528,4.3125,-1.7150612
0,56.00528,4.315625,-1.701954
0,56.00528,4.31875,-1.6886522
0,56.00528,4.321875,-1.6753879
0,56.00528,4.325,-1.6624015
0,56.00528,4.328125,-1.6499222
0,56.00528,4.33125,-1.6381538
0,56.00528,4.334375,-1.6272665
0,56.00528,4.3375,-1.6173947
0,56.00528,4.340625,-1.6086386
0,56.00528,4.34375,-1.6010687
0,56.00528,4.346875,-1.5947308
0,56.00528,4.35,-1.5896521
0,56.00528,4.353125,-1.5858465
0,56.00528,4.35625,-1.5833193
0,56.00528,4.359375,-1.5820709
0,56.00528,4.3625,-1.5821004
0,56.00528,4.365625,-1.5834073
0,56.00528,4.36875,-1.5859932
0,56.00528,4.371875,-1.5898626
0,56.00528,4.375,-1.5950233
0,56.00528,4.378125,-1.6014856
0,56.00528,4.38125,-1.609262
0,56.00528,4.384375,-1.6183654
0,56.00528,4.3875,-1.6288083
0,56.00528,4.390625,-1.6405998
0,56.00528,4.39375,-1.6537444
0,56.00528,4.396875,-1.6682385
0,56.00528,4.4,-1.6840672
0,56.00528,4.403125,-1.7012004
0,56.00528,4.40625,-1.7195874
0,56.00528,4.409375,-1.7391504
0,56.00528,4.4125,-1.7597768
0,56.00528,4.415625,-1.7813097
0,56.00528,4.41875,-1.8035376
0,56.00528,4.421875,-1.8261861
0,56.00528,4.425,-1.8489121
0,56.00528,4.428125,-1.8713063
0,56.00528,4.43125,-1.8929071
0,56.00528,4.434375,-1.9132272
0,56.00528,4.4375,-1.9317916
0,56.00528,4.440625,-1.9481805
0,56.00528,4.44375,-1.9620685
0,56.00528,4.446875,-1.9732518
0,56.00528,4.45,-1.9816612
0,56.00528,4.453125,-1.9873599
0,56.00528,4.45625,-1.9905291
0,56.00528,4.459375,-1.9914437
0,56.00528,4.4625,-1.9904417
0,56.00528,4.465625,-1.9878912
0,56.00528,4.46875,-1.9841603
0,56.00528,4.471875,-1.9795927
0,56.00528,4.475,-1.9744894
0,56.00528,4.478125,-1.969096
0,56.00528,4.48125,-1.9635929
0,56.00528,4.484375,-1.9580874
0,56.00528,4.4875,-1.95261
0,56.00528,4.490625,-1.9471148
0,56.00528,4.49375,-1.9414907
0,56.00528,4.496875,-1.935582
0,56.00528,4.5,-1.9292223
0,56.00528,4.503125,-1.9222751
0,56.00528,4.50625,-1.9146754
0,56.00528,4.509375,-1.9064608
0,56.00528,4.5125,-1.8977837
0,56.00528,4.515625,-1.8889004
0,56.00528,4.51875,-1.8801417
0,56.00528,4.521875,-1.8718711
0,56.00528,4.525,-1.8644432
0,56.00528,4.528125,-1.8581683
0,56.00528,4.53125,-1.8532878
0,56.00528,4.534375,-1.849961
0,56.00528,4.5375,-1.84826
0,56.00528,4.540625,-1.8481721
0,56.00528,4.54375,-1.8496051
0,56.00528,4.546875,-1.8523945
0,56.00528,4.55,-1.8563092
0,56.00528,4.553125,-1.8610561
0,56.00528,4.55625,-1.866284
0,56.00528,4.559375,-1.871593
0,56.00528,4.5625,-1.8765568
0,56.00528,4.565625,-1.8807625
0,56.00528,4.56875,-1.8838661
0,56.00528,4.571875,-1.8856501
0,56.00528,4.575,-1.8860621
0,56.00528,4.578125,-1.88522
0,56.00528,4.58125,-1.8833795
0,56.00528,4.584375,-1.8808746
0,56.00528,4.5875,-1.8780536
0,56.00528,4.590625,-1.8752252
0,56.00528,4.59375,-1.8726265
0,56.00528,4.596875,-1.8704105
0,56.00528,4.6,-1.8686491
0,56.00528,4.603125,-1.8673451
0,56.00528,4.60625,-1.8664463
0,56.00528,4.609375,-1.86586
0,56.00528,4.6125,-1.865465
0,56.00528,4.615625,-1.8651211
0,56.00528,4.61875,-1.8646758
0,56.00528,4.621875,-1.8639704
0,56.00528,4.625,-1.8628423
0,56.00528,4.628125,-1.8611279
0,56.00528,4.63125,-1.8586625
0,56.00528,4.634375,-1.8552802
0,56.00528,4.6375,-1.8508117
0,56.00528,4.640625,-1.8450832
0,56.00528,4.64375,-1.8379166
0,56.00528,4.646875,-1.8291358
0,56.00528,4.65,-1.8185796
0,56.00528,4.653125,-1.8061247
0,56.00528,4.65625,-1.7917154
0,56.00528,4.659375,-1.7753922
0,56.00528,4.6625,-1.7573114
0,56.00528,4.665625,-1.7377445
0,56.00528,4.66875,-1.7170576
0,56.00528,4.671875,-1.6956741
0,56.00528,4.675,-1.6740317
0,56.00528,4.678125,-1.652545
0,56.00528,4.68125,-1.6315792
0,56.00528,4.684375,-1.6114374
0,56.00528,4.6875,-1.5923594
0,56.00528,4.690625,-1.5745272
0,56.00528,4.69375,-1.5580752
0,56.00528,4.696875,-1.5431007
0,56.00528,4.7,-1.5296742
0,56.00528,4.703125,-1.5178478
0,56.00528,4.70625,-1.5076621
0,56.00528,4.709375,-1.4991509
0,56.00528,4.7125,-1.4923452
0,56.00528,4.715625,-1.4872747
0,56.00528,4.71875,-1.4839686
0,56.00528,4.721875,-1.4824545
0,56.00528,4.725,-1.4827561
0,56.00528,4.728125,-1.4848888
0,56.00528,4.73125,-1.4888531
0,56.00528,4.734375,-1.4946252
0,56.00528,4.7375,-1.5021454
0,56.00528,4.740625,-1.5113017
0,56.00528,4.74375,-1.5219123
0,56.00528,4.746875,-1.5337056
0,56.00528,4.75,-1.5463008
0,56.00528,4.753125,-1.5591943
0,56.00528,4.75625,-1.5717566
0,56.00528,4.759375,-1.5832482
0,56.00528,4.7625,-1.5928579
0,56.00528,4.765625,-1.5997685
0,56.00528,4.76875,-1.6032423
0,56.00528,4.771875,-1.6027134
0,56.00528,4.775,-1.5978665
0,56.00528,4.778125,-1.5886818
0,56.00528,4.78125,-1.5754325
0,56.00528,4.784375,-1.5586376
0,56.00528,4.7875,-1.5389817
0,56.00528,4.790625,-1.517224
0,56.00528,4.79375,-1.4941156
0,56.00528,4.796875,-1.4703377
0,56.00528,4.8,-1.4464645
0,56.00528,4.803125,-1.4229496
0,56.00528,4.80625,-1.4001284
0,56.00528,4.809375,-1.3782308
0,56.00528,4.8125,-1.3573987
0,56.00528,4.815625,-1.3377043
0,56.00528,4.81875,-1.3191671
0,56.00528,4.821875,-1.3017685
0,56.00528,4.825,-1.2854643
0,56.00528,4.828125,-1.2701936
0,56.00528,4.83125,-1.255887
0,56.00528,4.834375,-1.242472
0,56.00528,4.8375,-1.2298774
0,56.00528,4.840625,-1.2180359
0,56.00528,4.84375,-1.2068867
0,56.00528,4.846875,-1.1963762
0,56.00528,4.85,-1.186459
0,56.00528,4.853125,-1.1770974
0,56.00528,4.85625,-1.1682614
0,56.00528,4.859375,-1.1599277
0,56.00528,4.8625,-1.1520792
0,56.00528,4.865625,-1.1447041
0,56.00528,4.86875,-1.1377944
0,56.00528,4.871875,-1.1313458
0,56.00528,4.875,-1.1253563
0,56.00528,4.878125,-1.1198258
0,56.00528,4.88125,-1.1147552
0,56.00528,4.884375,-1.1101463
0,56.00528,4.8875,-1.1060009
0,56.00528,4.890625,-1.102321
0,56.00528,4.89375,-1.0991079
0,56.00528,4.896875,-1.0963625
0,56.00528,4.9,-1.0940846
0,56.00528,4.903125,-1.0922727
0,56.00528,4.90625,-1.0909237
0,56.00528,4.909375,-1.0900322
0,56.00528,4.9125,-1.0895904
0,56.00528,4.915625,-1.0895877
0,56.00528,4.91875,-1.0900105
0,56.00528,4.921875,-1.0908423
0,56.00528,4.925,-1.0920641
0,56.00528,4.928125,-1.0936549
0,56.00528,4.93125,-1.0955924
0,56.00528,4.934375,-1.097853
0,56.00528,4.9375,-1.1004126
0,56.00528,4.940625,-1.1032457
0,56.00528,4.94375,-1.1063243
0,56.00528,4.946875,-1.1096167
0,56.00528,4.95,-1.1130854
0,56.00528,4.953125,-1.1166852
0,56.00528,4.95625,-1.1203621
0,56.00528,4.959375,-1.1240522
0,56.00528,4.9625,-1.1276823
0,56.00528,4.965625,-1.1311708
0,56.00528,4.96875,-1.134431
0,56.00528,4.971875,-1.1373744
0,56.00528,4.975,-1.1399154
0,56.00528,4.978125,-1.141976
0,56.00528,4.98125,-1.1434913
0,56.00528,4.984375,-1.1444134
0,56.00528,4.9875,-1.1447146
0,56.00528,4.990625,-1.1443892
0,56.00528,4.99375,-1.1434534
0,56.00528,4.996875,-1.1419435
0,56.00528,5,-1.1399128
0,56.00528,5.003125,-1.1374274
0,56.00528,5.00625,-1.1345619
0,56.00528,5.009375,-1.1313943
0,56.00528,5.0125,-1.1280022
0,56.00528,5.015625,-1.1244589
0,56.00528,5.01875,-1.1208306
0,56.00528,5.021875,-1.1171744
0,56.00528,5.025,-1.1135366
0,56.00528,5.028125,-1.109951
0,56.00528,5.03125,-1.1064385
0,56.00528,5.034375,-1.1030052
0,56.00528,5.0375,-1.0996417
0,56.00528,5.040625,-1.0963215
0,56.00528,5.04375,-1.093001
0,56.00528,5.046875,-1.0896191
0,56.00528,5.05,-1.0860997
0,56.00528,5.053125,-1.0823558
0,56.00528,5.05625,-1.0782954
0,56.00528,5.059375,-1.0738299
0,56.00528,5.0625,-1.0688831
0,56.00528,5.065625,-1.0634006
0,56.00528,5.06875,-1.0573568
0,56.00528,5.071875,-1.0507593
0,56.00528,5.075,-1.0436485
0,56.00528,5.078125,-1.0360916
0,56.00528,5.08125,-1.028173
0,56.00528,5.084375,-1.0199815
0,56.00528,5.0875,-1.0115978
0,56.00528,5.090625,-1.0030853
0,56.00528,5.09375,-0.99448533
0,56.00528,5.096875,-0.98581616
0,56.00528,5.1,-0.97707598
0,56.00528,5.103125,-0.96824778
0,56.00528,5.10625,-0.95930511
0,56.00528,5.109375,-0.95021758
0,56.00528,5.1125,-0.94095563
0,56.00528,5.115625,-0.93149422
0,56.00528,5.11875,-0.92181548
0,56.00528,5.121875,-0.91191038
0,56.00528,5.125,-0.90177942
0,56.00528,5.128125,-0.89143276
0,56.00528,5.13125,-0.88088961
0,56.00528,5.134375,-0.87017728
0,56.00528,5.1375,-0.85932979
0,56.00528,5.140625,-0.84838642
0,56.00528,5.14375,-0.83739004
0,56.00528,5.146875,-0.82638548
0,56.00528,5.15,-0.8154181
0,56.00528,5.153125,-0.80453233
0,56.00528,5.15625,-0.79377049
0,56.00528,5.159375,-0.78317177
0,56.00528,5.1625,-0.7727713
0,56.00528,5.165625,-0.76259941
0,56.00528,5.16875,-0.75268088
0,56.00528,5.171875,-0.74303424
0,56.00528,5.175,-0.73367091
0,56.00528,5.178125,-0.72459433
0,56.00528,5.18125,-0.71579882
0,56.00528,5.184375,-0.70726836
0,56.00528,5.1875,-0.69897523
0,56.00528,5.190625,-0.69087876
0,56.00528,5.19375,-0.68292449
0,56.00528,5.196875,-0.67504407
0,56.00528,5.2,-0.66715647
0,56.00528,5.203125,-0.65917093
0,56.00528,5.20625,-0.65099202
0,56.00528,5.209375,-0.6425266
0,56.00528,5.2125,-0.63369218
0,56.00528,5.215625,-0.62442538
0,56.00528,5.21875,-0.61468893
0,56.00528,5.221875,-0.60447583
0,56.00528,5.225,-0.59380958
0,56.00528,5.228125,-0.58274054
0,56.00528,5.23125,-0.57133933
0,56.00528,5.234375,-0.55968875
0,56.00528,5.2375,-0.5478757
0,56.00528,5.240625,-0.53598444
0,56.00528,5.24375,-0.52409178
0,56.00528,5.246875,-0.5122643
0,56.00528,5.25,-0.50055735
0,56.00528,5.253125,-0.48901529
0,56.00528,5.25625,-0.4776726
0,56.00528,5.259375,-0.46655526
0,56.00528,5.2625,-0.4556823
0,56.00528,5.265625,-0.44506715
0,56.00528,5.26875,-0.43471888
0,56.00528,5.271875,-0.42464315
0,56.00528,5.275,-0.41484294
0,56.00528,5.278125,-0.40531921
0,56.00528,5.28125,-0.39607124
0,56.00528,5.284375,-0.387097
0,56.00528,5.2875,-0.37839342
0,56.00528,5.290625,-0.36995651
0,56.00528,5.29375,-0.36178157
0,56.00528,5.296875,-0.35386328
0,56.00528,5.3,-0.34619585
0,56.00528,5.303125,-0.33877305
0,56.00528,5.30625,-0.33158836
0,56.00528,5.309375,-0.32463503
0,56.00528,5.3125,-0.31790613
0,56.00528,5.315625,-0.31139462
0,56.00528,5.31875,-0.30509342
0,56.00528,5.321875,-0.29899545
0,56.00528,5.325,-0.29309367
0,56.00528,5.328125,-0.28738113
0,56.00528,5.33125,-0.28185098
0,56.00528,5.334375,-0.2764965
0,56.00528,5.3375,-0.27131114
0,56.00528,5.340625,-0.26628852
0,56.00528,5.34375,-0.26142245
0,56.00528,5.346875,-0.2567069
0,56.00528,5.35,-0.25213609
0,56.00528,5.353125,-0.2477044
0,56.00528,5.35625,-0.24340644
0,56.00528,5.359375,-0.23923701
0,56.00528,5.3625,-0.23519112
0,56.00528,5.365625,-0.23126398
0,56.00528,5.36875,-0.22745098
0,56.00528,5.371875,-0.22374772
0,56.00528,5.375,-0.22014997
0,56.00528,5.378125,-0.21665369
0,56.00528,5.38125,-0.21325499
0,56.00528,5.384375,-0.20995019
0,56.00528,5.3875,-0.20673573
0,56.00528,5.390625,-0.20360823
0,56.00528,5.39375,-0.20056443
0,56.00528,5.396875,-0.19760125
0,56.00528,5.4,-0.19471571
0,56.00528,5.403125,-0.19190498
0,56.00528,5.40625,-0.18916635
0,56.00528,5.409375,-0.18649723
0,56.00528,5.4125,-0.18389513
0,56.00528,5.415625,-0.18135768
0,56.00528,5.41875,-0.17888262
0,56.00528,5.421875,-0.17646777
0,56.00528,5.425,-0.17411106
0,56.00528,5.428125,-0.17181048
0,56.00528,5.43125,-0.16956415
0,56.00528,5.434375,-0.16737023
0,56.00528,5.4375,-0.16522697
0,56.00528,5.440625,-0.1631327
0,56.00528,5.44375,-0.16108582
0,56.00528,5.446875,-0.15908478
0,56.00528,5.45,-0.15712811
0,56.00528,5.453125,-0.15521439
0,56.00528,5.45625,-0.15334227
0,56.00528,5.459375,-0.15151044
0,56.00528,5.4625,-0.14971764
0,56.00528,5.465625,-0.14796268
0,56.00528,5.46875,-0.1462444
0,56.00528,5.471875,-0.14456169
0,56.00528,5.475,-0.14291349
0,56.00528,5.478125,-0.14129875
0,56.00528,5.48125,-0.13971652
0,56.00528,5.484375,-0.13816582
0,56.00528,5.4875,-0.13664574
0,56.00528,5.490625,-0.13515542
0,56.00528,5.49375,-0.133694
0,56.00528,5.496875,-0.13226066
0,56.00528,5.5,-0.13085462
0,56.00528,5.503125,-0.12947512
0,56.00528,5.50625,-0.12812144
0,56.00528,5.509375,-0.12679286
0,56.00528,5.5125,-0.12548871
0,56.00528,5.515625,-0.12420833
0,56.00528,5.51875,-0.1229511
0,56.00528,5.521875,-0.12171639
0,56.00528,5.525,-0.12050362
0,56.00528,5.528125,-0.11931223
0,56.00528,5.53125,-0.11814165
0,56.00528,5.534375,-0.11699136
0,56.00528,5.5375,-0.11586085
0,56.00528,5.540625,-0.11474962
0,56.00528,5.54375,-0.11365718
0,56.00528,5.546875,-0.11258307
0,56.00528,5.55,-0.11152685
0,56.00528,5.553125,-0.11048807
0,56.00528,5.55625,-0.10946632
0,56.00528,5.559375,-0.10846118
0,56.00528,5.5625,-0.10747227
0,56.00528,5.565625,-0.10649919
0,56.00528,5.56875,-0.10554158
0,56.00528,5.571875,-0.10459907
0,56.00528,5.575,-0.10367133
0,56.00528,5.578125,-0.102758
0,56.00528,5.58125,-0.10185877
0,56.00528,5.584375,-0.10097331
0,56.00528,5.5875,-0.10010131
0,56.00528,5.590625,-0.099242484
0,56.00528,5.59375,-0.098396528
0,56.00528,5.596875,-0.097563164
0,56.00528,5.6,-0.096742116
0,56.00528,5.603125,-0.09593312
0,56.00528,5.60625,-0.095135916
0,56.00528,5.609375,-0.094350252
0,56.00528,5.6125,-0.093575884
0,56.00528,5.615625,-0.092812574
0,56.00528,5.61875,-0.092060092
0,56.00528,5.621875,-0.091318212
0,56.00528,5.625,-0.090586715
0,56.00528,5.628125,-0.089865391
0,56.00528,5.63125,-0.08915403
0,56.00528,5.634375,-0.088452433
0,56.00528,5.6375,-0.087760402
0,56.00528,5.640625,-0.087077748
0,56.00528,5.64375,-0.086404285
0,56.00528,5.646875,-0.085739831
0,56.00528,5.65,-0.08508421
0,56.00528,5.653125,-0.084437252
0,56.00528,5.65625,-0.083798788
0,56.00528,5.659375,-0.083168655
0,56.00528,5.6625,-0.082546695
0,56.00528,5.665625,-0.081932753
0,56.00528,5.66875,-0.081326677
0,56.00528,5.671875,-0.080728321
0,56.00528,5.675,-0.080137542
0,56.00528,5.678125,-0.079554198
0,56.00528,5.68125,-0.078978153
0,56.00528,5.684375,-0.078409274
0,56.00528,5.6875,-0.077847431
0,56.00528,5.690625,-0.077292497
0,56.00528,5.69375,-0.076744347
0,56.00528,5.696875,-0.076202862
0,56.00528,5.7,-0.075667922
0,56.00528,5.703125,-0.075139412
0,56.00528,5.70625,-0.07461722
0,56.00528,5.709375,-0.074101236
0,56.00528,5.7125,-0.073591351
0,56.00528,5.715625,-0.073087461
0,56.00528,5.71875,-0.072589463
0,56.00528,5.721875,-0.072097257
0,56.00528,5.725,-0.071610744
0,56.00528,5.728125,-0.071129829
0,56.00528,5.73125,-0.070654418
0,56.00528,5.734375,-0.07018442
0,56.00528,5.7375,-0.069719743
0,56.00528,5.740625,-0.069260302
0,56.00528,5.74375,-0.068806009
0,56.00528,5.746875,-0.068356781
0,56.00528,5.75,-0.067912537
0,56.00528,5.753125,-0.067473194
0,56.00528,5.75625,-0.067038676
0,56.00528,5.759375,-0.066608904
0,56.00528,5.7625,-0.066183804
0,56.00528,5.765625,-0.065763301
0,56.00528,5.76875,-0.065347324
0,56.00528,5.771875,-0.064935801
0,56.00528,5.775,-0.064528664
0,56.00528,5.778125,-0.064125845
0,56.00528,5.78125,-0.063727276
0,56.00528,5.784375,-0.063332893
0,56.00528,5.7875,-0.062942633
0,56.00528,5.790625,-0.062556432
0,56.00528,5.79375,-0.062174229
0,56.00528,5.796875,-0.061795965
0,56.00528,5.8,-0.06142158
0,56.00528,5.803125,-0.061051017
0,56.00528,5.80625,-0.060684219
0,56.00528,5.809375,-0.060321131
0,56.00528,5.8125,-0.059961699
0,56.00528,5.815625,-0.059605868
0,56.00528,5.81875,-0.059253588
0,56.00528,5.821875,-0.058904805
0,56.00528,5.825,-0.058559472
0,56.00528,5.828125,-0.058217537
0,56.00528,5.83125,-0.057878952
0,56.00528,5.834375,-0.057543671
0,56.00528,5.8375,-0.057211646
0,56.00528,5.840625,-0.056882831
0,56.00528,5.84375,-0.056557183
0,56.00528,5.846875,-0.056234656
0,56.00528,5.85,-0.055915207
0,56.00528,5.853125,-0.055598795
0,56.00528,5.85625,-0.055285376
0,56.00528,5.859375,-0.054974911
0,56.00528,5.8625,-0.054667359
0,56.00528,5.865625,-0.054362681
0,56.00528,5.86875,-0.054060838
0,56.00528,5.871875,-0.053761792
0,56.00528,5.875,-0.053465505
0,56.00528,5.878125,-0.053171941
0,56.00528,5.88125,-0.052881063
0,56.00528,5.884375,-0.052592837
0,56.00528,5.8875,-0.052307227
0,56.00528,5.890625,-0.052024199
0,56.00528,5.89375,-0.051743719
0,56.00528,5.896875,-0.051465755
0,56.00528,5.9,-0.051190274
0,56.00528,5.903125,-0.050917244
0,56.00528,5.90625,-0.050646633
0,56.00528,5.909375,-0.050378411
0,56.00528,5.9125,-0.050112547
0,56.00528,5.915625,-0.049849012
0,56.00528,5.91875,-0.049587776
0,56.00528,5.921875,-0.04932881
0,56.00528,5.925,-0.049072086
0,56.00528,5.928125,-0.048817576
0,56.00528,5.93125,-0.048565253
0,56.00528,5.934375,-0.048315089
0,56.00528,5.9375,-0.048067058
0,56.00528,5.940625,-0.047821134
0,56.00528,5.94375,-0.047577291
0,56.00528,5.946875,-0.047335504
0,56.00528,5.95,-0.047095747
0,56.00528,5.953125,-0.046857998
0,56.00528,5.95625,-0.04662223
0,56.00528,5.959375,-0.046388421
0,56.00528,5.9625,-0.046156548
0,56.00528,5.965625,-0.045926587
0,56.00528,5.96875,-0.045698515
0,56.00528,5.971875,-0.045472311
0,56.00528,5.975,-0.045247952
0,56.00528,5.978125,-0.045025417
0,56.00528,5.98125,-0.044804685
0,56.00528,5.984375,-0.044585735
0,56.00528,5.9875,-0.044368546
0,56.00528,5.990625,-0.044153097
0,56.00528,5.99375,-0.04393937
0,56.00528,5.996875,-0.043727343
0,56.00528,6,-0.043516998
