"Current","Field","Frequency","Spectra"
0,59.68873,1,-0.021921272
0,59.68873,1.003125,-0.022014259
0,59.68873,1.00625,-0.022107947
0,59.68873,1.009375,-0.022202343
0,59.68873,1.0125,-0.022297454
0,59.68873,1.015625,-0.022393288
0,59.68873,1.01875,-0.022489854
0,59.68873,1.021875,-0.022587159
0,59.68873,1.025,-0.022685212
0,59.68873,1.028125,-0.02278402
0,59.68873,1.03125,-0.022883593
0,59.68873,1.034375,-0.022983938
0,59.68873,1.0375,-0.023085064
0,59.68873,1.040625,-0.02318698
0,59.68873,1.04375,-0.023289695
0,59.68873,1.046875,-0.023393219
0,59.68873,1.05,-0.023497559
0,59.68873,1.053125,-0.023602725
0,59.68873,1.05625,-0.023708727
0,59.68873,1.059375,-0.023815574
0,59.68873,1.0625,-0.023923276
0,59.68873,1.065625,-0.024031843
0,59.68873,1.06875,-0.024141284
0,59.68873,1.071875,-0.02425161
0,59.68873,1.075,-0.024362831
0,59.68873,1.078125,-0.024474958
0,59.68873,1.08125,-0.024588
0,59.68873,1.084375,-0.02470197
0,59.68873,1.0875,-0.024816876
0,59.68873,1.090625,-0.024932732
0,59.68873,1.09375,-0.025049547
0,59.68873,1.096875,-0.025167334
0,59.68873,1.1,-0.025286104
0,59.68873,1.103125,-0.025405868
0,59.68873,1.10625,-0.025526638
0,59.68873,1.109375,-0.025648428
0,59.68873,1.1125,-0.025771248
0,59.68873,1.115625,-0.025895111
0,59.68873,1.11875,-0.02602003
0,59.68873,1.121875,-0.026146019
0,59.68873,1.125,-0.026273089
0,59.68873,1.128125,-0.026401255
0,59.68873,1.13125,-0.026530529
0,59.68873,1.134375,-0.026660925
0,59.68873,1.1375,-0.026792458
0,59.68873,1.140625,-0.026925142
0,59.68873,1.14375,-0.02705899
0,59.68873,1.146875,-0.027194018
0,59.68873,1.15,-0.027330239
0,59.68873,1.153125,-0.02746767
0,59.68873,1.15625,-0.027606326
0,59.68873,1.159375,-0.027746221
0,59.68873,1.1625,-0.027887373
0,59.68873,1.165625,-0.028029796
0,59.68873,1.16875,-0.028173508
0,59.68873,1.171875,-0.028318525
0,59.68873,1.175,-0.028464863
0,59.68873,1.178125,-0.02861254
0,59.68873,1.18125,-0.028761573
0,59.68873,1.184375,-0.02891198
0,59.68873,1.1875,-0.029063779
0,59.68873,1.190625,-0.029216989
0,59.68873,1.19375,-0.029371627
0,59.68873,1.196875,-0.029527712
0,59.68873,1.2,-0.029685265
0,59.68873,1.203125,-0.029844305
0,59.68873,1.20625,-0.03000485
0,59.68873,1.209375,-0.030166923
0,59.68873,1.2125,-0.030330542
0,59.68873,1.215625,-0.03049573
0,59.68873,1.21875,-0.030662507
0,59.68873,1.221875,-0.030830896
0,59.68873,1.225,-0.031000917
0,59.68873,1.228125,-0.031172594
0,59.68873,1.23125,-0.03134595
0,59.68873,1.234375,-0.031521006
0,59.68873,1.2375,-0.031697789
0,59.68873,1.240625,-0.03187632
0,59.68873,1.24375,-0.032056625
0,59.68873,1.246875,-0.032238728
0,59.68873,1.25,-0.032422656
0,59.68873,1.253125,-0.032608432
0,59.68873,1.25625,-0.032796085
0,59.68873,1.259375,-0.032985641
0,59.68873,1.2625,-0.033177126
0,59.68873,1.265625,-0.033370569
0,59.68873,1.26875,-0.033565997
0,59.68873,1.271875,-0.03376344
0,59.68873,1.275,-0.033962927
0,59.68873,1.278125,-0.034164487
0,59.68873,1.28125,-0.03436815
0,59.68873,1.284375,-0.034573948
0,59.68873,1.2875,-0.034781913
0,59.68873,1.290625,-0.034992075
0,59.68873,1.29375,-0.035204468
0,59.68873,1.296875,-0.035419125
0,59.68873,1.3,-0.035636081
0,59.68873,1.303125,-0.035855368
0,59.68873,1.30625,-0.036077023
0,59.68873,1.309375,-0.036301081
0,59.68873,1.3125,-0.03652758
0,59.68873,1.315625,-0.036756556
0,59.68873,1.31875,-0.036988046
0,59.68873,1.321875,-0.037222091
0,59.68873,1.325,-0.037458729
0,59.68873,1.328125,-0.037698
0,59.68873,1.33125,-0.037939946
0,59.68873,1.334375,-0.038184608
0,59.68873,1.3375,-0.038432029
0,59.68873,1.340625,-0.038682252
0,59.68873,1.34375,-0.038935322
0,59.68873,1.346875,-0.039191283
0,59.68873,1.35,-0.039450183
0,59.68873,1.353125,-0.039712067
0,59.68873,1.35625,-0.039976985
0,59.68873,1.359375,-0.040244984
0,59.68873,1.3625,-0.040516115
0,59.68873,1.365625,-0.040790429
0,59.68873,1.36875,-0.041067977
0,59.68873,1.371875,-0.041348814
0,59.68873,1.375,-0.041632992
0,59.68873,1.378125,-0.041920568
0,59.68873,1.38125,-0.042211597
0,59.68873,1.384375,-0.042506137
0,59.68873,1.3875,-0.042804248
0,59.68873,1.390625,-0.043105989
0,59.68873,1.39375,-0.043411421
0,59.68873,1.396875,-0.043720607
0,59.68873,1.4,-0.04403361
0,59.68873,1.403125,-0.044350498
0,59.68873,1.40625,-0.044671334
0,59.68873,1.409375,-0.044996189
0,59.68873,1.4125,-0.045325132
0,59.68873,1.415625,-0.045658233
0,59.68873,1.41875,-0.045995565
0,59.68873,1.421875,-0.046337203
0,59.68873,1.425,-0.046683223
0,59.68873,1.428125,-0.047033701
0,59.68873,1.43125,-0.047388717
0,59.68873,1.434375,-0.047748353
0,59.68873,1.4375,-0.04811269
0,59.68873,1.440625,-0.048481814
0,59.68873,1.44375,-0.04885581
0,59.68873,1.446875,-0.049234769
0,59.68873,1.45,-0.049618779
0,59.68873,1.453125,-0.050007934
0,59.68873,1.45625,-0.050402328
0,59.68873,1.459375,-0.050802058
0,59.68873,1.4625,-0.051207222
0,59.68873,1.465625,-0.051617924
0,59.68873,1.46875,-0.052034265
0,59.68873,1.471875,-0.052456352
0,59.68873,1.475,-0.052884294
0,59.68873,1.478125,-0.053318201
0,59.68873,1.48125,-0.053758188
0,59.68873,1.484375,-0.05420437
0,59.68873,1.4875,-0.054656868
0,59.68873,1.490625,-0.055115802
0,59.68873,1.49375,-0.055581298
0,59.68873,1.496875,-0.056053483
0,59.68873,1.5,-0.05653249
0,59.68873,1.503125,-0.057018451
0,59.68873,1.50625,-0.057511504
0,59.68873,1.509375,-0.05801179
0,59.68873,1.5125,-0.058519453
0,59.68873,1.515625,-0.05903464
0,59.68873,1.51875,-0.059557504
0,59.68873,1.521875,-0.0600882
0,59.68873,1.525,-0.060626885
0,59.68873,1.528125,-0.061173724
0,59.68873,1.53125,-0.061728883
0,59.68873,1.534375,-0.062292534
0,59.68873,1.5375,-0.062864852
0,59.68873,1.540625,-0.063446017
0,59.68873,1.54375,-0.064036214
0,59.68873,1.546875,-0.064635632
0,59.68873,1.55,-0.065244466
0,59.68873,1.553125,-0.065862914
0,59.68873,1.55625,-0.066491181
0,59.68873,1.559375,-0.067129477
0,59.68873,1.5625,-0.067778016
0,59.68873,1.565625,-0.06843702
0,59.68873,1.56875,-0.069106715
0,59.68873,1.571875,-0.069787334
0,59.68873,1.575,-0.070479116
0,59.68873,1.578125,-0.071182304
0,59.68873,1.58125,-0.071897152
0,59.68873,1.584375,-0.072623918
0,59.68873,1.5875,-0.073362866
0,59.68873,1.590625,-0.074114269
0,59.68873,1.59375,-0.074878408
0,59.68873,1.596875,-0.075655569
0,59.68873,1.6,-0.076446048
0,59.68873,1.603125,-0.077250148
0,59.68873,1.60625,-0.078068182
0,59.68873,1.609375,-0.078900468
0,59.68873,1.6125,-0.079747338
0,59.68873,1.615625,-0.080609128
0,59.68873,1.61875,-0.081486187
0,59.68873,1.621875,-0.082378872
0,59.68873,1.625,-0.083287551
0,59.68873,1.628125,-0.084212601
0,59.68873,1.63125,-0.085154413
0,59.68873,1.634375,-0.086113384
0,59.68873,1.6375,-0.087089926
0,59.68873,1.640625,-0.088084462
0,59.68873,1.64375,-0.089097426
0,59.68873,1.646875,-0.090129267
0,59.68873,1.65,-0.091180443
0,59.68873,1.653125,-0.092251429
0,59.68873,1.65625,-0.093342712
0,59.68873,1.659375,-0.094454793
0,59.68873,1.6625,-0.095588188
0,59.68873,1.665625,-0.096743428
0,59.68873,1.66875,-0.09792106
0,59.68873,1.671875,-0.099121646
0,59.68873,1.675,-0.10034576
0,59.68873,1.678125,-0.10159401
0,59.68873,1.68125,-0.10286701
0,59.68873,1.684375,-0.10416537
0,59.68873,1.6875,-0.10548977
0,59.68873,1.690625,-0.10684085
0,59.68873,1.69375,-0.10821933
0,59.68873,1.696875,-0.1096259
0,59.68873,1.7,-0.1110613
0,59.68873,1.703125,-0.11252627
0,59.68873,1.70625,-0.11402161
0,59.68873,1.709375,-0.1155481
0,59.68873,1.7125,-0.11710657
0,59.68873,1.715625,-0.11869787
0,59.68873,1.71875,-0.12032286
0,59.68873,1.721875,-0.12198245
0,59.68873,1.725,-0.12367757
0,59.68873,1.728125,-0.12540916
0,59.68873,1.73125,-0.12717821
0,59.68873,1.734375,-0.12898573
0,59.68873,1.7375,-0.13083276
0,59.68873,1.740625,-0.13272037
0,59.68873,1.74375,-0.13464966
0,59.68873,1.746875,-0.13662177
0,59.68873,1.75,-0.13863788
0,59.68873,1.753125,-0.14069917
0,59.68873,1.75625,-0.14280689
0,59.68873,1.759375,-0.14496232
0,59.68873,1.7625,-0.14716676
0,59.68873,1.765625,-0.14942156
0,59.68873,1.76875,-0.1517281
0,59.68873,1.771875,-0.15408782
0,59.68873,1.775,-0.15650217
0,59.68873,1.778125,-0.15897266
0,59.68873,1.78125,-0.16150083
0,59.68873,1.784375,-0.16408828
0,59.68873,1.7875,-0.16673662
0,59.68873,1.790625,-0.16944752
0,59.68873,1.79375,-0.17222271
0,59.68873,1.796875,-0.17506394
0,59.68873,1.8,-0.177973
0,59.68873,1.803125,-0.18095174
0,59.68873,1.80625,-0.18400204
0,59.68873,1.809375,-0.18712583
0,59.68873,1.8125,-0.19032507
0,59.68873,1.815625,-0.19360178
0,59.68873,1.81875,-0.19695801
0,59.68873,1.821875,-0.20039584
0,59.68873,1.825,-0.2039174
0,59.68873,1.828125,-0.20752486
0,59.68873,1.83125,-0.21122039
0,59.68873,1.834375,-0.21500623
0,59.68873,1.8375,-0.21888463
0,59.68873,1.840625,-0.22285786
0,59.68873,1.84375,-0.22692822
0,59.68873,1.846875,-0.23109801
0,59.68873,1.85,-0.23536954
0,59.68873,1.853125,-0.23974514
0,59.68873,1.85625,-0.24422713
0,59.68873,1.859375,-0.24881779
0,59.68873,1.8625,-0.25351941
0,59.68873,1.865625,-0.25833423
0,59.68873,1.86875,-0.26326448
0,59.68873,1.871875,-0.26831228
0,59.68873,1.875,-0.27347974
0,59.68873,1.878125,-0.27876884
0,59.68873,1.88125,-0.28418149
0,59.68873,1.884375,-0.28971948
0,59.68873,1.8875,-0.29538445
0,59.68873,1.890625,-0.30117789
0,59.68873,1.89375,-0.30710111
0,59.68873,1.896875,-0.31315521
0,59.68873,1.9,-0.31934105
0,59.68873,1.903125,-0.32565925
0,59.68873,1.90625,-0.33211012
0,59.68873,1.909375,-0.33869363
0,59.68873,1.9125,-0.3454094
0,59.68873,1.915625,-0.35225666
0,59.68873,1.91875,-0.35923418
0,59.68873,1.921875,-0.36634025
0,59.68873,1.925,-0.37357263
0,59.68873,1.928125,-0.38092851
0,59.68873,1.93125,-0.38840446
0,59.68873,1.934375,-0.39599637
0,59.68873,1.9375,-0.40369941
0,59.68873,1.940625,-0.41150797
0,59.68873,1.94375,-0.41941564
0,59.68873,1.946875,-0.42741513
0,59.68873,1.95,-0.43549819
0,59.68873,1.953125,-0.44365566
0,59.68873,1.95625,-0.45187733
0,59.68873,1.959375,-0.46015195
0,59.68873,1.9625,-0.46846717
0,59.68873,1.965625,-0.47680954
0,59.68873,1.96875,-0.48516446
0,59.68873,1.971875,-0.49351619
0,59.68873,1.975,-0.50184785
0,59.68873,1.978125,-0.51014139
0,59.68873,1.98125,-0.51837766
0,59.68873,1.984375,-0.52653644
0,59.68873,1.9875,-0.53459647
0,59.68873,1.990625,-0.54253554
0,59.68873,1.99375,-0.55033056
0,59.68873,1.996875,-0.55795769
0,59.68873,2,-0.56539246
0,59.68873,2.003125,-0.57260988
0,59.68873,2.00625,-0.57958466
0,59.68873,2.009375,-0.58629133
0,59.68873,2.0125,-0.5927045
0,59.68873,2.015625,-0.598799
0,59.68873,2.01875,-0.60455016
0,59.68873,2.021875,-0.60993399
0,59.68873,2.025,-0.61492747
0,59.68873,2.028125,-0.61950874
0,59.68873,2.03125,-0.62365738
0,59.68873,2.034375,-0.62735458
0,59.68873,2.0375,-0.63058342
0,59.68873,2.040625,-0.63332904
0,59.68873,2.04375,-0.63557879
0,59.68873,2.046875,-0.63732247
0,59.68873,2.05,-0.63855238
0,59.68873,2.053125,-0.63926347
0,59.68873,2.05625,-0.63945336
0,59.68873,2.059375,-0.63912242
0,59.68873,2.0625,-0.63827375
0,59.68873,2.065625,-0.63691312
0,59.68873,2.06875,-0.63504892
0,59.68873,2.071875,-0.63269204
0,59.68873,2.075,-0.62985575
0,59.68873,2.078125,-0.62655553
0,59.68873,2.08125,-0.62280888
0,59.68873,2.084375,-0.6186351
0,59.68873,2.0875,-0.61405512
0,59.68873,2.090625,-0.60909121
0,59.68873,2.09375,-0.60376678
0,59.68873,2.096875,-0.59810614
0,59.68873,2.1,-0.59213426
0,59.68873,2.103125,-0.58587652
0,59.68873,2.10625,-0.57935854
0,59.68873,2.109375,-0.57260592
0,59.68873,2.1125,-0.56564408
0,59.68873,2.115625,-0.55849808
0,59.68873,2.11875,-0.55119246
0,59.68873,2.121875,-0.54375109
0,59.68873,2.125,-0.53619705
0,59.68873,2.128125,-0.52855256
0,59.68873,2.13125,-0.52083884
0,59.68873,2.134375,-0.5130761
0,59.68873,2.1375,-0.50528346
0,59.68873,2.140625,-0.49747891
0,59.68873,2.14375,-0.4896793
0,59.68873,2.146875,-0.48190035
0,59.68873,2.15,-0.47415662
0,59.68873,2.153125,-0.46646155
0,59.68873,2.15625,-0.45882748
0,59.68873,2.159375,-0.45126566
0,59.68873,2.1625,-0.44378632
0,59.68873,2.165625,-0.43639868
0,59.68873,2.16875,-0.429111
0,59.68873,2.171875,-0.42193065
0,59.68873,2.175,-0.41486415
0,59.68873,2.178125,-0.40791718
0,59.68873,2.18125,-0.4010947
0,59.68873,2.184375,-0.39440096
0,59.68873,2.1875,-0.38783953
0,59.68873,2.190625,-0.38141343
0,59.68873,2.19375,-0.37512506
0,59.68873,2.196875,-0.36897636
0,59.68873,2.2,-0.36296878
0,59.68873,2.203125,-0.35710335
0,59.68873,2.20625,-0.35138073
0,59.68873,2.209375,-0.34580121
0,59.68873,2.2125,-0.34036479
0,59.68873,2.215625,-0.3350712
0,59.68873,2.21875,-0.32991989
0,59.68873,2.221875,-0.32491014
0,59.68873,2.225,-0.32004102
0,59.68873,2.228125,-0.31531144
0,59.68873,2.23125,-0.31072016
0,59.68873,2.234375,-0.30626584
0,59.68873,2.2375,-0.30194705
0,59.68873,2.240625,-0.29776225
0,59.68873,2.24375,-0.29370985
0,59.68873,2.246875,-0.28978824
0,59.68873,2.25,-0.28599573
0,59.68873,2.253125,-0.28233065
0,59.68873,2.25625,-0.2787913
0,59.68873,2.259375,-0.27537597
0,59.68873,2.2625,-0.272083
0,59.68873,2.265625,-0.2689107
0,59.68873,2.26875,-0.26585746
0,59.68873,2.271875,-0.26292166
0,59.68873,2.275,-0.26010173
0,59.68873,2.278125,-0.25739618
0,59.68873,2.28125,-0.25480352
0,59.68873,2.284375,-0.25232236
0,59.68873,2.2875,-0.24995134
0,59.68873,2.290625,-0.24768918
0,59.68873,2.29375,-0.24553467
0,59.68873,2.296875,-0.24348665
0,59.68873,2.3,-0.24154406
0,59.68873,2.303125,-0.23970589
0,59.68873,2.30625,-0.23797123
0,59.68873,2.309375,-0.23633925
0,59.68873,2.3125,-0.23480917
0,59.68873,2.315625,-0.23338032
0,59.68873,2.31875,-0.23205212
0,59.68873,2.321875,-0.23082405
0,59.68873,2.325,-0.22969571
0,59.68873,2.328125,-0.22866676
0,59.68873,2.33125,-0.22773695
0,59.68873,2.334375,-0.22690614
0,59.68873,2.3375,-0.22617426
0,59.68873,2.340625,-0.22554135
0,59.68873,2.34375,-0.2250075
0,59.68873,2.346875,-0.22457294
0,59.68873,2.35,-0.22423796
0,59.68873,2.353125,-0.22400294
0,59.68873,2.35625,-0.22386837
0,59.68873,2.359375,-0.22383479
0,59.68873,2.3625,-0.22390287
0,59.68873,2.365625,-0.22407333
0,59.68873,2.36875,-0.22434699
0,59.68873,2.371875,-0.22472475
0,59.68873,2.375,-0.22520757
0,59.68873,2.378125,-0.2257965
0,59.68873,2.38125,-0.22649264
0,59.68873,2.384375,-0.22729717
0,59.68873,2.3875,-0.22821132
0,59.68873,2.390625,-0.22923636
0,59.68873,2.39375,-0.23037361
0,59.68873,2.396875,-0.23162441
0,59.68873,2.4,-0.23299012
0,59.68873,2.403125,-0.2344721
0,59.68873,2.40625,-0.23607171
0,59.68873,2.409375,-0.23779028
0,59.68873,2.4125,-0.23962909
0,59.68873,2.415625,-0.24158933
0,59.68873,2.41875,-0.24367214
0,59.68873,2.421875,-0.24587849
0,59.68873,2.425,-0.24820924
0,59.68873,2.428125,-0.25066504
0,59.68873,2.43125,-0.25324633
0,59.68873,2.434375,-0.25595326
0,59.68873,2.4375,-0.25878571
0,59.68873,2.440625,-0.26174316
0,59.68873,2.44375,-0.26482471
0,59.68873,2.446875,-0.26802897
0,59.68873,2.45,-0.27135403
0,59.68873,2.453125,-0.27479737
0,59.68873,2.45625,-0.27835582
0,59.68873,2.459375,-0.28202546
0,59.68873,2.4625,-0.28580156
0,59.68873,2.465625,-0.28967849
0,59.68873,2.46875,-0.29364967
0,59.68873,2.471875,-0.29770746
0,59.68873,2.475,-0.30184312
0,59.68873,2.478125,-0.30604671
0,59.68873,2.48125,-0.31030705
0,59.68873,2.484375,-0.31461164
0,59.68873,2.4875,-0.31894666
0,59.68873,2.490625,-0.3232969
0,59.68873,2.49375,-0.32764578
0,59.68873,2.496875,-0.33197533
0,59.68873,2.5,-0.33626629
0,59.68873,2.503125,-0.3404981
0,59.68873,2.50625,-0.34464904
0,59.68873,2.509375,-0.34869636
0,59.68873,2.5125,-0.35261643
0,59.68873,2.515625,-0.35638494
0,59.68873,2.51875,-0.35997713
0,59.68873,2.521875,-0.36336809
0,59.68873,2.525,-0.36653301
0,59.68873,2.528125,-0.36944754
0,59.68873,2.53125,-0.37208811
0,59.68873,2.534375,-0.37443231
0,59.68873,2.5375,-0.37645922
0,59.68873,2.540625,-0.37814978
0,59.68873,2.54375,-0.37948711
0,59.68873,2.546875,-0.38045683
0,59.68873,2.55,-0.38104732
0,59.68873,2.553125,-0.38124996
0,59.68873,2.55625,-0.38105927
0,59.68873,2.559375,-0.38047303
0,59.68873,2.5625,-0.37949232
0,59.68873,2.565625,-0.37812149
0,59.68873,2.56875,-0.37636807
0,59.68873,2.571875,-0.37424263
0,59.68873,2.575,-0.37175855
0,59.68873,2.578125,-0.36893176
0,59.68873,2.58125,-0.36578047
0,59.68873,2.584375,-0.3623248
0,59.68873,2.5875,-0.35858646
0,59.68873,2.590625,-0.35458839
0,59.68873,2.59375,-0.35035438
0,59.68873,2.596875,-0.34590876
0,59.68873,2.6,-0.34127603
0,59.68873,2.603125,-0.33648061
0,59.68873,2.60625,-0.33154649
0,59.68873,2.609375,-0.32649706
0,59.68873,2.6125,-0.32135486
0,59.68873,2.615625,-0.31614143
0,59.68873,2.61875,-0.31087714
0,59.68873,2.621875,-0.30558114
0,59.68873,2.625,-0.30027123
0,59.68873,2.628125,-0.29496385
0,59.68873,2.63125,-0.28967405
0,59.68873,2.634375,-0.28441549
0,59.68873,2.6375,-0.2792005
0,59.68873,2.640625,-0.27404006
0,59.68873,2.64375,-0.26894387
0,59.68873,2.646875,-0.26392045
0,59.68873,2.65,-0.25897716
0,59.68873,2.653125,-0.25412029
0,59.68873,2.65625,-0.24935513
0,59.68873,2.659375,-0.24468606
0,59.68873,2.6625,-0.24011661
0,59.68873,2.665625,-0.23564955
0,59.68873,2.66875,-0.23128695
0,59.68873,2.671875,-0.22703025
0,59.68873,2.675,-0.22288034
0,59.68873,2.678125,-0.2188376
0,59.68873,2.68125,-0.21490198
0,59.68873,2.684375,-0.21107304
0,59.68873,2.6875,-0.20735
0,59.68873,2.690625,-0.2037318
0,59.68873,2.69375,-0.20021712
0,59.68873,2.696875,-0.19680442
0,59.68873,2.7,-0.193492
0,59.68873,2.703125,-0.19027801
0,59.68873,2.70625,-0.18716048
0,59.68873,2.709375,-0.18413732
0,59.68873,2.7125,-0.18120641
0,59.68873,2.715625,-0.17836554
0,59.68873,2.71875,-0.17561248
0,59.68873,2.721875,-0.17294498
0,59.68873,2.725,-0.17036076
0,59.68873,2.728125,-0.16785757
0,59.68873,2.73125,-0.16543314
0,59.68873,2.734375,-0.16308526
0,59.68873,2.7375,-0.1608117
0,59.68873,2.740625,-0.15861029
0,59.68873,2.74375,-0.1564789
0,59.68873,2.746875,-0.15441543
0,59.68873,2.75,-0.15241783
0,59.68873,2.753125,-0.1504841
0,59.68873,2.75625,-0.14861227
0,59.68873,2.759375,-0.14680044
0,59.68873,2.7625,-0.14504677
0,59.68873,2.765625,-0.14334944
0,59.68873,2.76875,-0.14170672
0,59.68873,2.771875,-0.14011691
0,59.68873,2.775,-0.13857837
0,59.68873,2.778125,-0.1370895
0,59.68873,2.78125,-0.13564878
0,59.68873,2.784375,-0.1342547
0,59.68873,2.7875,-0.13290584
0,59.68873,2.790625,-0.1316008
0,59.68873,2.79375,-0.13033825
0,59.68873,2.796875,-0.12911689
0,59.68873,2.8,-0.12793547
0,59.68873,2.803125,-0.12679279
0,59.68873,2.80625,-0.12568768
0,59.68873,2.809375,-0.12461904
0,59.68873,2.8125,-0.12358577
0,59.68873,2.815625,-0.12258684
0,59.68873,2.81875,-0.12162125
0,59.68873,2.821875,-0.12068804
0,59.68873,2.825,-0.11978628
0,59.68873,2.828125,-0.11891507
0,59.68873,2.83125,-0.11807355
0,59.68873,2.834375,-0.1172609
0,59.68873,2.8375,-0.11647632
0,59.68873,2.840625,-0.11571904
0,59.68873,2.84375,-0.11498833
0,59.68873,2.846875,-0.11428346
0,59.68873,2.85,-0.11360377
0,59.68873,2.853125,-0.1129486
0,59.68873,2.85625,-0.1123173
0,59.68873,2.859375,-0.11170928
0,59.68873,2.8625,-0.11112394
0,59.68873,2.865625,-0.11056074
0,59.68873,2.86875,-0.11001912
0,59.68873,2.871875,-0.10949856
0,59.68873,2.875,-0.10899858
0,59.68873,2.878125,-0.10851868
0,59.68873,2.88125,-0.1080584
0,59.68873,2.884375,-0.10761731
0,59.68873,2.8875,-0.10719497
0,59.68873,2.890625,-0.10679098
0,59.68873,2.89375,-0.10640494
0,59.68873,2.896875,-0.10603648
0,59.68873,2.9,-0.10568523
0,59.68873,2.903125,-0.10535084
0,59.68873,2.90625,-0.10503299
0,59.68873,2.909375,-0.10473135
0,59.68873,2.9125,-0.10444561
0,59.68873,2.915625,-0.10417548
0,59.68873,2.91875,-0.10392068
0,59.68873,2.921875,-0.10368094
0,59.68873,2.925,-0.10345599
0,59.68873,2.928125,-0.1032456
0,59.68873,2.93125,-0.10304952
0,59.68873,2.934375,-0.10286753
0,59.68873,2.9375,-0.10269941
0,59.68873,2.940625,-0.10254496
0,59.68873,2.94375,-0.10240398
0,59.68873,2.946875,-0.10227627
0,59.68873,2.95,-0.10216167
0,59.68873,2.953125,-0.10206001
0,59.68873,2.95625,-0.10197112
0,59.68873,2.959375,-0.10189485
0,59.68873,2.9625,-0.10183105
0,59.68873,2.965625,-0.10177959
0,59.68873,2.96875,-0.10174034
0,59.68873,2.971875,-0.10171318
0,59.68873,2.975,-0.101698
0,59.68873,2.978125,-0.10169468
0,59.68873,2.98125,-0.10170313
0,59.68873,2.984375,-0.10172326
0,59.68873,2.9875,-0.10175497
0,59.68873,2.990625,-0.1017982
0,59.68873,2.99375,-0.10185286
0,59.68873,2.996875,-0.10191889
0,59.68873,3,-0.10199623
0,59.68873,3.003125,-0.10208483
0,59.68873,3.00625,-0.10218464
0,59.68873,3.009375,-0.10229562
0,59.68873,3.0125,-0.10241774
0,59.68873,3.015625,-0.10255095
0,59.68873,3.01875,-0.10269525
0,59.68873,3.021875,-0.10285061
0,59.68873,3.025,-0.10301702
0,59.68873,3.028125,-0.10319447
0,59.68873,3.03125,-0.10338297
0,59.68873,3.034375,-0.10358252
0,59.68873,3.0375,-0.10379313
0,59.68873,3.040625,-0.10401483
0,59.68873,3.04375,-0.10424762
0,59.68873,3.046875,-0.10449155
0,59.68873,3.05,-0.10474664
0,59.68873,3.053125,-0.10501294
0,59.68873,3.05625,-0.10529049
0,59.68873,3.059375,-0.10557935
0,59.68873,3.0625,-0.10587956
0,59.68873,3.065625,-0.10619121
0,59.68873,3.06875,-0.10651435
0,59.68873,3.071875,-0.10684906
0,59.68873,3.075,-0.10719543
0,59.68873,3.078125,-0.10755354
0,59.68873,3.08125,-0.10792348
0,59.68873,3.084375,-0.10830537
0,59.68873,3.0875,-0.1086993
0,59.68873,3.090625,-0.1091054
0,59.68873,3.09375,-0.10952378
0,59.68873,3.096875,-0.10995457
0,59.68873,3.1,-0.1103979
0,59.68873,3.103125,-0.11085392
0,59.68873,3.10625,-0.11132278
0,59.68873,3.109375,-0.11180464
0,59.68873,3.1125,-0.11229965
0,59.68873,3.115625,-0.112808
0,59.68873,3.11875,-0.11332986
0,59.68873,3.121875,-0.11386543
0,59.68873,3.125,-0.11441489
0,59.68873,3.128125,-0.11497846
0,59.68873,3.13125,-0.11555636
0,59.68873,3.134375,-0.11614879
0,59.68873,3.1375,-0.11675601
0,59.68873,3.140625,-0.11737826
0,59.68873,3.14375,-0.11801578
0,59.68873,3.146875,-0.11866884
0,59.68873,3.15,-0.11933773
0,59.68873,3.153125,-0.12002271
0,59.68873,3.15625,-0.1207241
0,59.68873,3.159375,-0.1214422
0,59.68873,3.1625,-0.12217733
0,59.68873,3.165625,-0.12292983
0,59.68873,3.16875,-0.12370004
0,59.68873,3.171875,-0.12448833
0,59.68873,3.175,-0.12529507
0,59.68873,3.178125,-0.12612065
0,59.68873,3.18125,-0.12696547
0,59.68873,3.184375,-0.12782996
0,59.68873,3.1875,-0.12871455
0,59.68873,3.190625,-0.1296197
0,59.68873,3.19375,-0.13054587
0,59.68873,3.196875,-0.13149356
0,59.68873,3.2,-0.13246326
0,59.68873,3.203125,-0.13345552
0,59.68873,3.20625,-0.13447087
0,59.68873,3.209375,-0.13550989
0,59.68873,3.2125,-0.13657316
0,59.68873,3.215625,-0.1376613
0,59.68873,3.21875,-0.13877494
0,59.68873,3.221875,-0.13991475
0,59.68873,3.225,-0.14108141
0,59.68873,3.228125,-0.14227564
0,59.68873,3.23125,-0.14349817
0,59.68873,3.234375,-0.14474977
0,59.68873,3.2375,-0.14603125
0,59.68873,3.240625,-0.14734343
0,59.68873,3.24375,-0.14868718
0,59.68873,3.246875,-0.15006338
0,59.68873,3.25,-0.15147298
0,59.68873,3.253125,-0.15291693
0,59.68873,3.25625,-0.15439625
0,59.68873,3.259375,-0.15591196
0,59.68873,3.2625,-0.15746516
0,59.68873,3.265625,-0.15905697
0,59.68873,3.26875,-0.16068856
0,59.68873,3.271875,-0.16236113
0,59.68873,3.275,-0.16407596
0,59.68873,3.278125,-0.16583434
0,59.68873,3.28125,-0.16763764
0,59.68873,3.284375,-0.16948725
0,59.68873,3.2875,-0.17138465
0,59.68873,3.290625,-0.17333135
0,59.68873,3.29375,-0.17532892
0,59.68873,3.296875,-0.17737899
0,59.68873,3.3,-0.17948325
0,59.68873,3.303125,-0.18164344
0,59.68873,3.30625,-0.18386138
0,59.68873,3.309375,-0.18613895
0,59.68873,3.3125,-0.18847807
0,59.68873,3.315625,-0.19088075
0,59.68873,3.31875,-0.19334905
0,59.68873,3.321875,-0.1958851
0,59.68873,3.325,-0.1984911
0,59.68873,3.328125,-0.2011693
0,59.68873,3.33125,-0.20392203
0,59.68873,3.334375,-0.20675165
0,59.68873,3.3375,-0.20966061
0,59.68873,3.340625,-0.21265139
0,59.68873,3.34375,-0.21572652
0,59.68873,3.346875,-0.21888859
0,59.68873,3.35,-0.22214021
0,59.68873,3.353125,-0.22548401
0,59.68873,3.35625,-0.22892264
0,59.68873,3.359375,-0.23245878
0,59.68873,3.3625,-0.23609505
0,59.68873,3.365625,-0.23983408
0,59.68873,3.36875,-0.24367843
0,59.68873,3.371875,-0.24763062
0,59.68873,3.375,-0.25169303
0,59.68873,3.378125,-0.25586795
0,59.68873,3.38125,-0.26015753
0,59.68873,3.384375,-0.26456369
0,59.68873,3.3875,-0.26908816
0,59.68873,3.390625,-0.27373242
0,59.68873,3.39375,-0.27849763
0,59.68873,3.396875,-0.28338461
0,59.68873,3.4,-0.28839384
0,59.68873,3.403125,-0.29352537
0,59.68873,3.40625,-0.29877881
0,59.68873,3.409375,-0.30415334
0,59.68873,3.4125,-0.30964768
0,59.68873,3.415625,-0.31526008
0,59.68873,3.41875,-0.32098841
0,59.68873,3.421875,-0.32683014
0,59.68873,3.425,-0.3327825
0,59.68873,3.428125,-0.33884256
0,59.68873,3.43125,-0.34500736
0,59.68873,3.434375,-0.35127416
0,59.68873,3.4375,-0.35764061
0,59.68873,3.440625,-0.36410503
0,59.68873,3.44375,-0.37066668
0,59.68873,3.446875,-0.37732604
0,59.68873,3.45,-0.3840851
0,59.68873,3.453125,-0.39094763
0,59.68873,3.45625,-0.39791942
0,59.68873,3.459375,-0.40500843
0,59.68873,3.4625,-0.41222499
0,59.68873,3.465625,-0.41958177
0,59.68873,3.46875,-0.42709382
0,59.68873,3.471875,-0.43477848
0,59.68873,3.475,-0.44265519
0,59.68873,3.478125,-0.45074532
0,59.68873,3.48125,-0.45907185
0,59.68873,3.484375,-0.46765908
0,59.68873,3.4875,-0.47653218
0,59.68873,3.490625,-0.48571679
0,59.68873,3.49375,-0.49523836
0,59.68873,3.496875,-0.50512148
0,59.68873,3.5,-0.51538891
0,59.68873,3.503125,-0.52606047
0,59.68873,3.50625,-0.53715144
0,59.68873,3.509375,-0.54867072
0,59.68873,3.5125,-0.56061841
0,59.68873,3.515625,-0.57298302
0,59.68873,3.51875,-0.58573827
0,59.68873,3.521875,-0.59883959
0,59.68873,3.525,-0.61222076
0,59.68873,3.528125,-0.62579091
0,59.68873,3.53125,-0.63943239
0,59.68873,3.534375,-0.65300024
0,59.68873,3.5375,-0.66632375
0,59.68873,3.540625,-0.67921096
0,59.68873,3.54375,-0.69145677
0,59.68873,3.546875,-0.70285502
0,59.68873,3.55,-0.71321387
0,59.68873,3.553125,-0.72237282
0,59.68873,3.55625,-0.73021845
0,59.68873,3.559375,-0.73669552
0,59.68873,3.5625,-0.74181058
0,59.68873,3.565625,-0.74562754
0,59.68873,3.56875,-0.74825625
0,59.68873,3.571875,-0.7498376
0,59.68873,3.575,-0.75052839
0,59.68873,3.578125,-0.75048892
0,59.68873,3.58125,-0.74987433
0,59.68873,3.584375,-0.74882938
0,59.68873,3.5875,-0.74748545
0,59.68873,3.590625,-0.74595831
0,59.68873,3.59375,-0.74434605
0,59.68873,3.596875,-0.74272702
0,59.68873,3.6,-0.74115825
0,59.68873,3.603125,-0.73967545
0,59.68873,3.60625,-0.73829521
0,59.68873,3.609375,-0.73702009
0,59.68873,3.6125,-0.73584628
0,59.68873,3.615625,-0.7347727
0,59.68873,3.61875,-0.73380969
0,59.68873,3.621875,-0.73298493
0,59.68873,3.625,-0.73234505
0,59.68873,3.628125,-0.73195249
0,59.68873,3.63125,-0.7318788
0,59.68873,3.634375,-0.73219628
0,59.68873,3.6375,-0.73296998
0,59.68873,3.640625,-0.73425114
0,59.68873,3.64375,-0.73607262
0,59.68873,3.646875,-0.73844606
0,59.68873,3.65,-0.74136022
0,59.68873,3.653125,-0.7447802
0,59.68873,3.65625,-0.74864741
0,59.68873,3.659375,-0.75288049
0,59.68873,3.6625,-0.75737756
0,59.68873,3.665625,-0.76202019
0,59.68873,3.66875,-0.76667962
0,59.68873,3.671875,-0.77122489
0,59.68873,3.675,-0.77553242
0,59.68873,3.678125,-0.7794959
0,59.68873,3.68125,-0.78303487
0,59.68873,3.684375,-0.78610063
0,59.68873,3.6875,-0.78867846
0,59.68873,3.690625,-0.79078602
0,59.68873,3.69375,-0.79246849
0,59.68873,3.696875,-0.79379181
0,59.68873,3.7,-0.79483513
0,59.68873,3.703125,-0.79568375
0,59.68873,3.70625,-0.79642315
0,59.68873,3.709375,-0.79713442
0,59.68873,3.7125,-0.79789114
0,59.68873,3.715625,-0.79875745
0,59.68873,3.71875,-0.79978711
0,59.68873,3.721875,-0.80102322
0,59.68873,3.725,-0.80249845
0,59.68873,3.728125,-0.80423553
0,59.68873,3.73125,-0.80624785
0,59.68873,3.734375,-0.80854034
0,59.68873,3.7375,-0.81111046
0,59.68873,3.740625,-0.81394955
0,59.68873,3.74375,-0.81704452
0,59.68873,3.746875,-0.8203799
0,59.68873,3.75,-0.82393991
0,59.68873,3.753125,-0.82771042
0,59.68873,3.75625,-0.83168023
0,59.68873,3.759375,-0.83584161
0,59.68873,3.7625,-0.84018989
0,59.68873,3.765625,-0.84472246
0,59.68873,3.76875,-0.84943762
0,59.68873,3.771875,-0.85433344
0,59.68873,3.775,-0.8594072
0,59.68873,3.778125,-0.86465522
0,59.68873,3.78125,-0.87007328
0,59.68873,3.784375,-0.87565722
0,59.68873,3.7875,-0.88140375
0,59.68873,3.790625,-0.88731118
0,59.68873,3.79375,-0.89338009
0,59.68873,3.796875,-0.89961372
0,59.68873,3.8,-0.90601825
0,59.68873,3.803125,-0.91260283
0,59.68873,3.80625,-0.9193795
0,59.68873,3.809375,-0.92636289
0,59.68873,3.8125,-0.93356986
0,59.68873,3.815625,-0.94101895
0,59.68873,3.81875,-0.94872978
0,59.68873,3.821875,-0.95672227
0,59.68873,3.825,-0.96501581
0,59.68873,3.828125,-0.97362825
0,59.68873,3.83125,-0.98257491
0,59.68873,3.834375,-0.9918674
0,59.68873,3.8375,-1.0015125
0,59.68873,3.840625,-1.0115108
0,59.68873,3.84375,-1.0218558
0,59.68873,3.846875,-1.0325327
0,59.68873,3.85,-1.0435176
0,59.68873,3.853125,-1.0547773
0,59.68873,3.85625,-1.0662689
0,59.68873,3.859375,-1.0779406
0,59.68873,3.8625,-1.0897336
0,59.68873,3.865625,-1.1015837
0,59.68873,3.86875,-1.1134249
0,59.68873,3.871875,-1.1251927
0,59.68873,3.875,-1.1368287
0,59.68873,3.878125,-1.1482845
0,59.68873,3.88125,-1.1595257
0,59.68873,3.884375,-1.1705344
0,59.68873,3.8875,-1.1813109
0,59.68873,3.890625,-1.1918737
0,59.68873,3.89375,-1.2022585
0,59.68873,3.896875,-1.2125148
0,59.68873,3.9,-1.2227028
0,59.68873,3.903125,-1.2328881
0,59.68873,3.90625,-1.2431366
0,59.68873,3.909375,-1.2535094
0,59.68873,3.9125,-1.2640566
0,59.68873,3.915625,-1.274812
0,59.68873,3.91875,-1.2857879
0,59.68873,3.921875,-1.2969698
0,59.68873,3.925,-1.3083122
0,59.68873,3.928125,-1.3197354
0,59.68873,3.93125,-1.3311243
0,59.68873,3.934375,-1.3423298
0,59.68873,3.9375,-1.353175
0,59.68873,3.940625,-1.3634664
0,59.68873,3.94375,-1.3730106
0,59.68873,3.946875,-1.3816355
0,59.68873,3.95,-1.3892128
0,59.68873,3.953125,-1.3956772
0,59.68873,3.95625,-1.401039
0,59.68873,3.959375,-1.4053851
0,59.68873,3.9625,-1.4088701
0,59.68873,3.965625,-1.4116983
0,59.68873,3.96875,-1.4141017
0,59.68873,3.971875,-1.4163191
0,59.68873,3.975,-1.4185776
0,59.68873,3.978125,-1.4210816
0,59.68873,3.98125,-1.4240053
0,59.68873,3.984375,-1.4274916
0,59.68873,3.9875,-1.431653
0,59.68873,3.990625,-1.4365752
0,59.68873,3.99375,-1.4423212
0,59.68873,3.996875,-1.4489351
0,59.68873,4,-1.4564463
0,59.68873,4.003125,-1.4648723
0,59.68873,4.00625,-1.4742214
0,59.68873,4.009375,-1.4844946
0,59.68873,4.0125,-1.4956871
0,59.68873,4.015625,-1.507789
0,59.68873,4.01875,-1.5207867
0,59.68873,4.021875,-1.5346625
0,59.68873,4.025,-1.5493951
0,59.68873,4.028125,-1.5649602
0,59.68873,4.03125,-1.5813296
0,59.68873,4.034375,-1.5984719
0,59.68873,4.0375,-1.6163522
0,59.68873,4.040625,-1.634932
0,59.68873,4.04375,-1.6541698
0,59.68873,4.046875,-1.6740211
0,59.68873,4.05,-1.6944394
0,59.68873,4.053125,-1.7153768
0,59.68873,4.05625,-1.7367852
0,59.68873,4.059375,-1.7586171
0,59.68873,4.0625,-1.7808267
0,59.68873,4.065625,-1.8033703
0,59.68873,4.06875,-1.826206
0,59.68873,4.071875,-1.8492934
0,59.68873,4.075,-1.8725923
0,59.68873,4.078125,-1.8960606
0,59.68873,4.08125,-1.9196525
0,59.68873,4.084375,-1.9433158
0,59.68873,4.0875,-1.9669895
0,59.68873,4.090625,-1.9906015
0,59.68873,4.09375,-2.0140663
0,59.68873,4.096875,-2.0372831
0,59.68873,4.1,-2.0601345
0,59.68873,4.103125,-2.0824861
0,59.68873,4.10625,-2.1041863
0,59.68873,4.109375,-2.125069
0,59.68873,4.1125,-2.1449573
0,59.68873,4.115625,-2.1636697
0,59.68873,4.11875,-2.1810276
0,59.68873,4.121875,-2.1968653
0,59.68873,4.125,-2.2110388
0,59.68873,4.128125,-2.2234333
0,59.68873,4.13125,-2.2339686
0,59.68873,4.134375,-2.2426005
0,59.68873,4.1375,-2.2493187
0,59.68873,4.140625,-2.2541431
0,59.68873,4.14375,-2.2571182
0,59.68873,4.146875,-2.258308
0,59.68873,4.15,-2.2577917
0,59.68873,4.153125,-2.25566
0,59.68873,4.15625,-2.2520132
0,59.68873,4.159375,-2.2469594
0,59.68873,4.1625,-2.2406126
0,59.68873,4.165625,-2.2330918
0,59.68873,4.16875,-2.2245191
0,59.68873,4.171875,-2.2150178
0,59.68873,4.175,-2.2047115
0,59.68873,4.178125,-2.1937219
0,59.68873,4.18125,-2.1821681
0,59.68873,4.184375,-2.1701653
0,59.68873,4.1875,-2.1578249
0,59.68873,4.190625,-2.1452537
0,59.68873,4.19375,-2.1325538
0,59.68873,4.196875,-2.1198229
0,59.68873,4.2,-2.1071529
0,59.68873,4.203125,-2.0946301
0,59.68873,4.20625,-2.0823328
0,59.68873,4.209375,-2.0703297
0,59.68873,4.2125,-2.0586772
0,59.68873,4.215625,-2.0474161
0,59.68873,4.21875,-2.0365685
0,59.68873,4.221875,-2.0261348
0,59.68873,4.225,-2.0160923
0,59.68873,4.228125,-2.0063939
0,59.68873,4.23125,-1.9969693
0,59.68873,4.234375,-1.9877271
0,59.68873,4.2375,-1.978557
0,59.68873,4.240625,-1.9693321
0,59.68873,4.24375,-1.9599117
0,59.68873,4.246875,-1.9501443
0,59.68873,4.25,-1.9398744
0,59.68873,4.253125,-1.9289544
0,59.68873,4.25625,-1.9172618
0,59.68873,4.259375,-1.9047175
0,59.68873,4.2625,-1.8912995
0,59.68873,4.265625,-1.877045
0,59.68873,4.26875,-1.8620385
0,59.68873,4.271875,-1.8463901
0,59.68873,4.275,-1.8302107
0,59.68873,4.278125,-1.8135927
0,59.68873,4.28125,-1.7966012
0,59.68873,4.284375,-1.7792758
0,59.68873,4.2875,-1.7616432
0,59.68873,4.290625,-1.7437333
0,59.68873,4.29375,-1.7255952
0,59.68873,4.296875,-1.7073088
0,59.68873,4.3,-1.6889884
0,59.68873,4.303125,-1.6707783
0,59.68873,4.30625,-1.6528429
0,59.68873,4.309375,-1.6353525
0,59.68873,4.3125,-1.618471
0,59.68873,4.315625,-1.6023456
0,59.68873,4.31875,-1.5870998
0,59.68873,4.321875,-1.5728317
0,59.68873,4.325,-1.5596141
0,59.68873,4.328125,-1.5474975
0,59.68873,4.33125,-1.5365141
0,59.68873,4.334375,-1.5266823
0,59.68873,4.3375,-1.5180108
0,59.68873,4.340625,-1.5105023
0,59.68873,4.34375,-1.5041571
0,59.68873,4.346875,-1.4989752
0,59.68873,4.35,-1.494958
0,59.68873,4.353125,-1.4921101
0,59.68873,4.35625,-1.490439
0,59.68873,4.359375,-1.4899558
0,59.68873,4.3625,-1.4906745
0,59.68873,4.365625,-1.4926114
0,59.68873,4.36875,-1.4957839
0,59.68873,4.371875,-1.5002096
0,59.68873,4.375,-1.5059042
0,59.68873,4.378125,-1.512881
0,59.68873,4.38125,-1.5211484
0,59.68873,4.384375,-1.5307088
0,59.68873,4.3875,-1.5415568
0,59.68873,4.390625,-1.5536776
0,59.68873,4.39375,-1.5670452
0,59.68873,4.396875,-1.5816204
0,59.68873,4.4,-1.5973485
0,59.68873,4.403125,-1.614157
0,59.68873,4.40625,-1.6319513
0,59.68873,4.409375,-1.6506113
0,59.68873,4.4125,-1.6699853
0,59.68873,4.415625,-1.6898841
0,59.68873,4.41875,-1.7100745
0,59.68873,4.421875,-1.7302728
0,59.68873,4.425,-1.7501417
0,59.68873,4.428125,-1.7692923
0,59.68873,4.43125,-1.7872932
0,59.68873,4.434375,-1.8036902
0,59.68873,4.4375,-1.818037
0,59.68873,4.440625,-1.8299326
0,59.68873,4.44375,-1.8390638
0,59.68873,4.446875,-1.8452429
0,59.68873,4.45,-1.8484363
0,59.68873,4.453125,-1.8487766
0,59.68873,4.45625,-1.8465531
0,59.68873,4.459375,-1.8421813
0,59.68873,4.4625,-1.8361573
0,59.68873,4.465625,-1.8290053
0,59.68873,4.46875,-1.8212298
0,59.68873,4.471875,-1.8132797
0,59.68873,4.475,-1.805526
0,59.68873,4.478125,-1.7982514
0,59.68873,4.48125,-1.7916486
0,59.68873,4.484375,-1.7858231
0,59.68873,4.4875,-1.7807985
0,59.68873,4.490625,-1.776524
0,59.68873,4.49375,-1.7728842
0,59.68873,4.496875,-1.7697138
0,59.68873,4.5,-1.7668172
0,59.68873,4.503125,-1.7639956
0,59.68873,4.50625,-1.7610801
0,59.68873,4.509375,-1.7579646
0,59.68873,4.5125,-1.7546334
0,59.68873,4.515625,-1.7511743
0,59.68873,4.51875,-1.7477722
0,59.68873,4.521875,-1.7446842
0,59.68873,4.525,-1.7422019
0,59.68873,4.528125,-1.7406079
0,59.68873,4.53125,-1.7401353
0,59.68873,4.534375,-1.7409324
0,59.68873,4.5375,-1.7430358
0,59.68873,4.540625,-1.746351
0,59.68873,4.54375,-1.7506429
0,59.68873,4.546875,-1.7555405
0,59.68873,4.55,-1.7605613
0,59.68873,4.553125,-1.7651617
0,59.68873,4.55625,-1.7688101
0,59.68873,4.559375,-1.7710744
0,59.68873,4.5625,-1.7716983
0,59.68873,4.565625,-1.7706471
0,59.68873,4.56875,-1.7681052
0,59.68873,4.571875,-1.764432
0,59.68873,4.575,-1.7600904
0,59.68873,4.578125,-1.7555728
0,59.68873,4.58125,-1.7513411
0,59.68873,4.584375,-1.7477882
0,59.68873,4.5875,-1.7452207
0,59.68873,4.590625,-1.7438576
0,59.68873,4.59375,-1.7438388
0,59.68873,4.596875,-1.7452371
0,59.68873,4.6,-1.7480706
0,59.68873,4.603125,-1.7523132
0,59.68873,4.60625,-1.7579016
0,59.68873,4.609375,-1.7647389
0,59.68873,4.6125,-1.772695
0,59.68873,4.615625,-1.7816047
0,59.68873,4.61875,-1.7912621
0,59.68873,4.621875,-1.8014157
0,59.68873,4.625,-1.8117617
0,59.68873,4.628125,-1.8219409
0,59.68873,4.63125,-1.8315403
0,59.68873,4.634375,-1.8401041
0,59.68873,4.6375,-1.847157
0,59.68873,4.640625,-1.8522416
0,59.68873,4.64375,-1.8549652
0,59.68873,4.646875,-1.8550491
0,59.68873,4.65,-1.8523661
0,59.68873,4.653125,-1.8469557
0,59.68873,4.65625,-1.8390118
0,59.68873,4.659375,-1.828847
0,59.68873,4.6625,-1.8168456
0,59.68873,4.665625,-1.8034166
0,59.68873,4.66875,-1.7889574
0,59.68873,4.671875,-1.773831
0,59.68873,4.675,-1.758355
0,59.68873,4.678125,-1.7428019
0,59.68873,4.68125,-1.7274026
0,59.68873,4.684375,-1.7123541
0,59.68873,4.6875,-1.6978268
0,59.68873,4.690625,-1.6839713
0,59.68873,4.69375,-1.6709235
0,59.68873,4.696875,-1.6588095
0,59.68873,4.7,-1.6477477
0,59.68873,4.703125,-1.6378515
0,59.68873,4.70625,-1.6292292
0,59.68873,4.709375,-1.6219843
0,59.68873,4.7125,-1.6162139
0,59.68873,4.715625,-1.6120056
0,59.68873,4.71875,-1.6094339
0,59.68873,4.721875,-1.6085533
0,59.68873,4.725,-1.6093902
0,59.68873,4.728125,-1.6119312
0,59.68873,4.73125,-1.6161086
0,59.68873,4.734375,-1.6217838
0,59.68873,4.7375,-1.6287277
0,59.68873,4.740625,-1.6366016
0,59.68873,4.74375,-1.6449427
0,59.68873,4.746875,-1.6531577
0,59.68873,4.75,-1.6605331
0,59.68873,4.753125,-1.6662681
0,59.68873,4.75625,-1.6695332
0,59.68873,4.759375,-1.6695522
0,59.68873,4.7625,-1.6656965
0,59.68873,4.765625,-1.6575724
0,59.68873,4.76875,-1.6450797
0,59.68873,4.771875,-1.6284257
0,59.68873,4.775,-1.6080897
0,59.68873,4.778125,-1.5847487
0,59.68873,4.78125,-1.5591841
0,59.68873,4.784375,-1.5321906
0,59.68873,4.7875,-1.5045033
0,59.68873,4.790625,-1.4767512
0,59.68873,4.79375,-1.4494355
0,59.68873,4.796875,-1.4229288
0,59.68873,4.8,-1.3974861
0,59.68873,4.803125,-1.3732636
0,59.68873,4.80625,-1.3503388
0,59.68873,4.809375,-1.3287293
0,59.68873,4.8125,-1.3084103
0,59.68873,4.815625,-1.2893274
0,59.68873,4.81875,-1.2714077
0,59.68873,4.821875,-1.2545679
0,59.68873,4.825,-1.2387205
0,59.68873,4.828125,-1.2237777
0,59.68873,4.83125,-1.2096554
0,59.68873,4.834375,-1.1962744
0,59.68873,4.8375,-1.1835626
0,59.68873,4.840625,-1.1714555
0,59.68873,4.84375,-1.1598966
0,59.68873,4.846875,-1.148838
0,59.68873,4.85,-1.1382398
0,59.68873,4.853125,-1.1280704
0,59.68873,4.85625,-1.118306
0,59.68873,4.859375,-1.1089301
0,59.68873,4.8625,-1.0999335
0,59.68873,4.865625,-1.0913134
0,59.68873,4.86875,-1.0830726
0,59.68873,4.871875,-1.0752193
0,59.68873,4.875,-1.067766
0,59.68873,4.878125,-1.0607284
0,59.68873,4.88125,-1.0541246
0,59.68873,4.884375,-1.0479742
0,59.68873,4.8875,-1.042297
0,59.68873,4.890625,-1.0371126
0,59.68873,4.89375,-1.0324392
0,59.68873,4.896875,-1.0282931
0,59.68873,4.9,-1.0246883
0,59.68873,4.903125,-1.0216358
0,59.68873,4.90625,-1.0191431
0,59.68873,4.909375,-1.0172145
0,59.68873,4.9125,-1.0158497
0,59.68873,4.915625,-1.0150444
0,59.68873,4.91875,-1.0147894
0,59.68873,4.921875,-1.0150705
0,59.68873,4.925,-1.0158684
0,59.68873,4.928125,-1.0171588
0,59.68873,4.93125,-1.0189128
0,59.68873,4.934375,-1.0210972
0,59.68873,4.9375,-1.0236757
0,59.68873,4.940625,-1.0266094
0,59.68873,4.94375,-1.0298571
0,59.68873,4.946875,-1.0333757
0,59.68873,4.95,-1.0371192
0,59.68873,4.953125,-1.0410379
0,59.68873,4.95625,-1.0450772
0,59.68873,4.959375,-1.0491756
0,59.68873,4.9625,-1.0532645
0,59.68873,4.965625,-1.0572682
0,59.68873,4.96875,-1.0611054
0,59.68873,4.971875,-1.0646919
0,59.68873,4.975,-1.0679451
0,59.68873,4.978125,-1.0707884
0,59.68873,4.98125,-1.0731568
0,59.68873,4.984375,-1.0750017
0,59.68873,4.9875,-1.0762946
0,59.68873,4.990625,-1.0770294
0,59.68873,4.99375,-1.0772231
0,59.68873,4.996875,-1.0769142
0,59.68873,5,-1.0761596
0,59.68873,5.003125,-1.0750303
0,59.68873,5.00625,-1.0736067
0,59.68873,5.009375,-1.0719733
0,59.68873,5.0125,-1.0702134
0,59.68873,5.015625,-1.0684053
0,59.68873,5.01875,-1.0666184
0,59.68873,5.021875,-1.0649103
0,59.68873,5.025,-1.0633245
0,59.68873,5.028125,-1.0618889
0,59.68873,5.03125,-1.0606142
0,59.68873,5.034375,-1.0594934
0,59.68873,5.0375,-1.0585003
0,59.68873,5.040625,-1.0575898
0,59.68873,5.04375,-1.0566976
0,59.68873,5.046875,-1.0557413
0,59.68873,5.05,-1.0546228
0,59.68873,5.053125,-1.0532323
0,59.68873,5.05625,-1.0514549
0,59.68873,5.059375,-1.0491787
0,59.68873,5.0625,-1.0463045
0,59.68873,5.065625,-1.0427552
0,59.68873,5.06875,-1.0384849
0,59.68873,5.071875,-1.0334848
0,59.68873,5.075,-1.0277858
0,59.68873,5.078125,-1.0214564
0,59.68873,5.08125,-1.0145959
0,59.68873,5.084375,-1.007324
0,59.68873,5.0875,-0.99976805
0,59.68873,5.090625,-0.9920514
0,59.68873,5.09375,-0.98428373
0,59.68873,5.096875,-0.9765552
0,59.68873,5.1,-0.96893404
0,59.68873,5.103125,-0.96146687
0,59.68873,5.10625,-0.9541806
0,59.68873,5.109375,-0.94708527
0,59.68873,5.1125,-0.94017695
0,59.68873,5.115625,-0.9334404
0,59.68873,5.11875,-0.92685148
0,59.68873,5.121875,-0.9203791
0,59.68873,5.125,-0.91398704
0,59.68873,5.128125,-0.90763547
0,59.68873,5.13125,-0.90128242
0,59.68873,5.134375,-0.89488526
0,59.68873,5.1375,-0.88840215
0,59.68873,5.140625,-0.88179349
0,59.68873,5.14375,-0.87502337
0,59.68873,5.146875,-0.86806092
0,59.68873,5.15,-0.86088155
0,59.68873,5.153125,-0.85346791
0,59.68873,5.15625,-0.84581056
0,59.68873,5.159375,-0.83790833
0,59.68873,5.1625,-0.82976823
0,59.68873,5.165625,-0.82140491
0,59.68873,5.16875,-0.81283984
0,59.68873,5.171875,-0.80409996
0,59.68873,5.175,-0.79521611
0,59.68873,5.178125,-0.78622114
0,59.68873,5.18125,-0.77714771
0,59.68873,5.184375,-0.76802599
0,59.68873,5.1875,-0.7588811
0,59.68873,5.190625,-0.74973051
0,59.68873,5.19375,-0.74058141
0,59.68873,5.196875,-0.73142829
0,59.68873,5.2,-0.72225095
0,59.68873,5.203125,-0.71301344
0,59.68873,5.20625,-0.70366431
0,59.68873,5.209375,-0.69413878
0,59.68873,5.2125,-0.68436324
0,59.68873,5.215625,-0.67426194
0,59.68873,5.21875,-0.66376556
0,59.68873,5.221875,-0.6528204
0,59.68873,5.225,-0.64139651
0,59.68873,5.228125,-0.6294932
0,59.68873,5.23125,-0.61714061
0,59.68873,5.234375,-0.60439697
0,59.68873,5.2375,-0.5913424
0,59.68873,5.240625,-0.57807052
0,59.68873,5.24375,-0.56467979
0,59.68873,5.246875,-0.5512658
0,59.68873,5.25,-0.53791567
0,59.68873,5.253125,-0.5247046
0,59.68873,5.25625,-0.51169445
0,59.68873,5.259375,-0.49893391
0,59.68873,5.2625,-0.48645959
0,59.68873,5.265625,-0.47429774
0,59.68873,5.26875,-0.46246595
0,59.68873,5.271875,-0.45097496
0,59.68873,5.275,-0.43983013
0,59.68873,5.278125,-0.42903273
0,59.68873,5.28125,-0.41858092
0,59.68873,5.284375,-0.40847055
0,59.68873,5.2875,-0.39869576
0,59.68873,5.290625,-0.38924946
0,59.68873,5.29375,-0.38012363
0,59.68873,5.296875,-0.37130961
0,59.68873,5.3,-0.36279828
0,59.68873,5.303125,-0.35458022
0,59.68873,5.30625,-0.34664583
0,59.68873,5.309375,-0.33898545
0,59.68873,5.3125,-0.33158938
0,59.68873,5.315625,-0.32444802
0,59.68873,5.31875,-0.31755188
0,59.68873,5.321875,-0.3108916
0,59.68873,5.325,-0.30445805
0,59.68873,5.328125,-0.29824231
0,59.68873,5.33125,-0.2922357
0,59.68873,5.334375,-0.28642982
0,59.68873,5.3375,-0.28081653
0,59.68873,5.340625,-0.27538799
0,59.68873,5.34375,-0.27013662
0,59.68873,5.346875,-0.26505515
0,59.68873,5.35,-0.2601366
0,59.68873,5.353125,-0.25537426
0,59.68873,5.35625,-0.25076172
0,59.68873,5.359375,-0.24629282
0,59.68873,5.3625,-0.24196169
0,59.68873,5.365625,-0.23776271
0,59.68873,5.36875,-0.23369052
0,59.68873,5.371875,-0.22973997
0,59.68873,5.375,-0.22590619
0,59.68873,5.378125,-0.2221845
0,59.68873,5.38125,-0.21857044
0,59.68873,5.384375,-0.21505977
0,59.68873,5.3875,-0.21164842
0,59.68873,5.390625,-0.20833253
0,59.68873,5.39375,-0.20510842
0,59.68873,5.396875,-0.20197256
0,59.68873,5.4,-0.19892158
0,59.68873,5.403125,-0.1959523
0,59.68873,5.40625,-0.19306165
0,59.68873,5.409375,-0.19024671
0,59.68873,5.4125,-0.1875047
0,59.68873,5.415625,-0.18483295
0,59.68873,5.41875,-0.18222893
0,59.68873,5.421875,-0.17969021
0,59.68873,5.425,-0.17721446
0,59.68873,5.428125,-0.17479948
0,59.68873,5.43125,-0.17244313
0,59.68873,5.434375,-0.1701434
0,59.68873,5.4375,-0.16789835
0,59.68873,5.440625,-0.16570611
0,59.68873,5.44375,-0.16356491
0,59.68873,5.446875,-0.16147305
0,59.68873,5.45,-0.1594289
0,59.68873,5.453125,-0.1574309
0,59.68873,5.45625,-0.15547756
0,59.68873,5.459375,-0.15356742
0,59.68873,5.4625,-0.15169913
0,59.68873,5.465625,-0.14987136
0,59.68873,5.46875,-0.14808284
0,59.68873,5.471875,-0.14633236
0,59.68873,5.475,-0.14461874
0,59.68873,5.478125,-0.14294087
0,59.68873,5.48125,-0.14129767
0,59.68873,5.484375,-0.13968809
0,59.68873,5.4875,-0.13811115
0,59.68873,5.490625,-0.13656588
0,59.68873,5.49375,-0.13505137
0,59.68873,5.496875,-0.13356672
0,59.68873,5.5,-0.13211108
0,59.68873,5.503125,-0.13068362
0,59.68873,5.50625,-0.12928356
0,59.68873,5.509375,-0.12791013
0,59.68873,5.5125,-0.12656259
0,59.68873,5.515625,-0.12524023
0,59.68873,5.51875,-0.12394237
0,59.68873,5.521875,-0.12266835
0,59.68873,5.525,-0.12141753
0,59.68873,5.528125,-0.12018929
0,59.68873,5.53125,-0.11898304
0,59.68873,5.534375,-0.11779821
0,59.68873,5.5375,-0.11663424
0,59.68873,5.540625,-0.11549059
0,59.68873,5.54375,-0.11436676
0,59.68873,5.546875,-0.11326223
0,59.68873,5.55,-0.11217653
0,59.68873,5.553125,-0.11110918
0,59.68873,5.55625,-0.11005974
0,59.68873,5.559375,-0.10902776
0,59.68873,5.5625,-0.10801282
0,59.68873,5.565625,-0.10701452
0,59.68873,5.56875,-0.10603244
0,59.68873,5.571875,-0.10506621
0,59.68873,5.575,-0.10411545
0,59.68873,5.578125,-0.1031798
0,59.68873,5.58125,-0.10225892
0,59.68873,5.584375,-0.10135245
0,59.68873,5.5875,-0.10046007
0,59.68873,5.590625,-0.099581463
0,59.68873,5.59375,-0.098716314
0,59.68873,5.596875,-0.097864323
0,59.68873,5.6,-0.097025198
0,59.68873,5.603125,-0.096198655
0,59.68873,5.60625,-0.095384418
0,59.68873,5.609375,-0.094582218
0,59.68873,5.6125,-0.093791797
0,59.68873,5.615625,-0.093012901
0,59.68873,5.61875,-0.092245285
0,59.68873,5.621875,-0.09148871
0,59.68873,5.625,-0.090742944
0,59.68873,5.628125,-0.090007761
0,59.68873,5.63125,-0.089282942
0,59.68873,5.634375,-0.088568273
0,59.68873,5.6375,-0.087863547
0,59.68873,5.640625,-0.087168562
0,59.68873,5.64375,-0.08648312
0,59.68873,5.646875,-0.085807031
0,59.68873,5.65,-0.085140107
0,59.68873,5.653125,-0.084482169
0,59.68873,5.65625,-0.083833037
0,59.68873,5.659375,-0.083192542
0,59.68873,5.6625,-0.082560514
0,59.68873,5.665625,-0.08193679
0,59.68873,5.66875,-0.081321211
0,59.68873,5.671875,-0.080713621
0,59.68873,5.675,-0.08011387
0,59.68873,5.678125,-0.07952181
0,59.68873,5.68125,-0.078937296
0,59.68873,5.684375,-0.078360189
0,59.68873,5.6875,-0.077790351
0,59.68873,5.690625,-0.077227648
0,59.68873,5.69375,-0.076671951
0,59.68873,5.696875,-0.076123133
0,59.68873,5.7,-0.075581068
0,59.68873,5.703125,-0.075045636
0,59.68873,5.70625,-0.074516719
0,59.68873,5.709375,-0.0739942
0,59.68873,5.7125,-0.073477968
0,59.68873,5.715625,-0.072967911
0,59.68873,5.71875,-0.072463922
0,59.68873,5.721875,-0.071965897
0,59.68873,5.725,-0.071473731
0,59.68873,5.728125,-0.070987325
0,59.68873,5.73125,-0.070506581
0,59.68873,5.734375,-0.070031402
0,59.68873,5.7375,-0.069561695
0,59.68873,5.740625,-0.069097368
0,59.68873,5.74375,-0.068638331
0,59.68873,5.746875,-0.068184496
0,59.68873,5.75,-0.067735779
0,59.68873,5.753125,-0.067292094
0,59.68873,5.75625,-0.06685336
0,59.68873,5.759375,-0.066419496
0,59.68873,5.7625,-0.065990424
0,59.68873,5.765625,-0.065566066
0,59.68873,5.76875,-0.065146349
0,59.68873,5.771875,-0.064731196
0,59.68873,5.775,-0.064320538
0,59.68873,5.778125,-0.063914302
0,59.68873,5.78125,-0.06351242
0,59.68873,5.784375,-0.063114823
0,59.68873,5.7875,-0.062721446
0,59.68873,5.790625,-0.062332224
0,59.68873,5.79375,-0.061947092
0,59.68873,5.796875,-0.061565989
0,59.68873,5.8,-0.061188853
0,59.68873,5.803125,-0.060815624
0,59.68873,5.80625,-0.060446244
0,59.68873,5.809375,-0.060080654
0,59.68873,5.8125,-0.0597188
0,59.68873,5.815625,-0.059360624
0,59.68873,5.81875,-0.059006073
0,59.68873,5.821875,-0.058655095
0,59.68873,5.825,-0.058307636
0,59.68873,5.828125,-0.057963645
0,59.68873,5.83125,-0.057623073
0,59.68873,5.834375,-0.05728587
0,59.68873,5.8375,-0.056951988
0,59.68873,5.840625,-0.056621379
0,59.68873,5.84375,-0.056293997
0,59.68873,5.846875,-0.055969797
0,59.68873,5.85,-0.055648734
0,59.68873,5.853125,-0.055330764
0,59.68873,5.85625,-0.055015843
0,59.68873,5.859375,-0.05470393
0,59.68873,5.8625,-0.054394982
0,59.68873,5.865625,-0.05408896
0,59.68873,5.86875,-0.053785823
0,59.68873,5.871875,-0.053485531
0,59.68873,5.875,-0.053188047
0,59.68873,5.878125,-0.052893332
0,59.68873,5.88125,-0.052601349
0,59.68873,5.884375,-0.052312062
0,59.68873,5.8875,-0.052025434
0,59.68873,5.890625,-0.051741431
0,59.68873,5.89375,-0.051460016
0,59.68873,5.896875,-0.051181158
0,59.68873,5.9,-0.050904821
0,59.68873,5.903125,-0.050630974
0,59.68873,5.90625,-0.050359583
0,59.68873,5.909375,-0.050090618
0,59.68873,5.9125,-0.049824046
0,59.68873,5.915625,-0.049559837
0,59.68873,5.91875,-0.049297961
0,59.68873,5.921875,-0.049038389
0,59.68873,5.925,-0.04878109
0,59.68873,5.928125,-0.048526037
0,59.68873,5.93125,-0.048273201
0,59.68873,5.934375,-0.048022554
0,59.68873,5.9375,-0.047774069
0,59.68873,5.940625,-0.047527719
0,59.68873,5.94375,-0.047283479
0,59.68873,5.946875,-0.047041321
0,59.68873,5.95,-0.04680122
0,59.68873,5.953125,-0.046563152
0,59.68873,5.95625,-0.046327091
0,59.68873,5.959375,-0.046093014
0,59.68873,5.9625,-0.045860895
0,59.68873,5.965625,-0.045630712
0,59.68873,5.96875,-0.045402442
0,59.68873,5.971875,-0.045176061
0,59.68873,5.975,-0.044951547
0,59.68873,5.978125,-0.044728879
0,59.68873,5.98125,-0.044508033
0,59.68873,5.984375,-0.04428899
0,59.68873,5.9875,-0.044071727
0,59.68873,5.990625,-0.043856224
0,59.68873,5.99375,-0.043642461
0,59.68873,5.996875,-0.043430417
0,59.68873,6,-0.043220073
