"Current","Field","Frequency","Spectra"
0,56.4264,1.0,-0.02520944013687601
0,56.4264,1.003125,-0.02527816724529283
0,56.4264,1.00625,-0.025347249920416995
0,56.4264,1.009375,-0.02541669113888033
0,56.4264,1.0125,-0.025486493912112926
0,56.4264,1.015625,-0.025556661286856075
0,56.4264,1.01875,-0.02562719634568452
0,56.4264,1.021875,-0.02569810220753757
0,56.4264,1.025,-0.02576938202825975
0,56.4264,1.028125,-0.02584103900115093
0,56.4264,1.03125,-0.02591307635752626
0,56.4264,1.034375,-0.025985497367286052
0,56.4264,1.0375,-0.02605830533949563
0,56.4264,1.040625,-0.02613150362297588
0,56.4264,1.04375,-0.026205095606904004
0,56.4264,1.046875,-0.02627908472142532
0,56.4264,1.05,-0.026353474438275924
0,56.4264,1.053125,-0.026428268271416665
0,56.4264,1.05625,-0.02650346977767856
0,56.4264,1.059375,-0.02657908255741989
0,56.4264,1.0625,-0.02665511025519529
0,56.4264,1.065625,-0.026731556560436992
0,56.4264,1.06875,-0.02680842520814865
0,56.4264,1.071875,-0.026885719979611585
0,56.4264,1.075,-0.026963444703104418
0,56.4264,1.078125,-0.027041603254635626
0,56.4264,1.08125,-0.027120199558689773
0,56.4264,1.084375,-0.027199237588987644
0,56.4264,1.0875,-0.0272787213692603
0,56.4264,1.090625,-0.02735865497403771
0,56.4264,1.09375,-0.02743904252945209
0,56.4264,1.096875,-0.027519888214056164
0,56.4264,1.1,-0.027601196259657068
0,56.4264,1.103125,-0.027682970952165546
0,56.4264,1.10625,-0.027765216632461565
0,56.4264,1.109375,-0.027847937697276132
0,56.4264,1.1125,-0.02793113860008982
0,56.4264,1.115625,-0.028014823852048475
0,56.4264,1.11875,-0.028098998022896452
0,56.4264,1.121875,-0.028183665741927513
0,56.4264,1.125,-0.02826883169895418
0,56.4264,1.128125,-0.028354500645295627
0,56.4264,1.13125,-0.02844067739478473
0,56.4264,1.134375,-0.028527366824794433
0,56.4264,1.1375,-0.02861457387728425
0,56.4264,1.140625,-0.028702303559866936
0,56.4264,1.14375,-0.028790560946896117
0,56.4264,1.146875,-0.02887935118057506
0,56.4264,1.15,-0.028968679472087366
0,56.4264,1.153125,-0.029058551102749783
0,56.4264,1.15625,-0.029148971425187728
0,56.4264,1.159375,-0.02923994586453421
0,56.4264,1.1625,-0.02933147991965253
0,56.4264,1.165625,-0.029423579164383092
0,56.4264,1.16875,-0.029516249248815407
0,56.4264,1.171875,-0.02960949590058524
0,56.4264,1.175,-0.029703324926198114
0,56.4264,1.178125,-0.029797742212379096
0,56.4264,1.18125,-0.029892753727450115
0,56.4264,1.184375,-0.02998836552273504
0,56.4264,1.1875,-0.030084583733993135
0,56.4264,1.190625,-0.030181414582882017
0,56.4264,1.19375,-0.030278864378450225
0,56.4264,1.196875,-0.030376939518660318
0,56.4264,1.2,-0.030475646491943398
0,56.4264,1.203125,-0.03057499187878564
0,56.4264,1.20625,-0.030674982353347445
0,56.4264,1.209375,-0.030775624685116177
0,56.4264,1.2125,-0.030876925740593236
0,56.4264,1.215625,-0.03097889248501645
0,56.4264,1.21875,-0.031081531984118012
0,56.4264,1.221875,-0.031184851405919724
0,56.4264,1.225,-0.03128885802256564
0,56.4264,1.228125,-0.031393559212193514
0,56.4264,1.23125,-0.031498962460845666
0,56.4264,1.234375,-0.03160507536442053
0,56.4264,1.2375,-0.03171190563066543
0,56.4264,1.240625,-0.03181946108121214
0,56.4264,1.24375,-0.031927749653655774
0,56.4264,1.246875,-0.03203677940367844
0,56.4264,1.25,-0.0321465585072183
0,56.4264,1.253125,-0.03225709526268584
0,56.4264,1.25625,-0.03236839809322772
0,56.4264,1.259375,-0.03248047554903996
0,56.4264,1.2625,-0.03259333630973162
0,56.4264,1.265625,-0.03270698918673972
0,56.4264,1.26875,-0.032821443125797475
0,56.4264,1.271875,-0.03293670720945647
0,56.4264,1.275,-0.033052790659664495
0,56.4264,1.278125,-0.03316970284040051
0,56.4264,1.28125,-0.033287453260367764
0,56.4264,1.284375,-0.033406051575747026
0,56.4264,1.2875,-0.03352550759301117
0,56.4264,1.290625,-0.03364583127180263
0,56.4264,1.29375,-0.033767032727875616
0,56.4264,1.296875,-0.03388912223610444
0,56.4264,1.3,-0.034012110233559836
0,56.4264,1.303125,-0.034136007322654885
0,56.4264,1.30625,-0.034260824274362556
0,56.4264,1.309375,-0.03438657203150648
0,56.4264,1.3125,-0.03451326171212696
0,56.4264,1.315625,-0.03464090461292421
0,56.4264,1.31875,-0.03476951221278088
0,56.4264,1.321875,-0.03489909617636568
0,56.4264,1.325,-0.03502966835782066
0,56.4264,1.328125,-0.03516124080453388
0,56.4264,1.33125,-0.035293825761000215
0,56.4264,1.334375,-0.035427435672772206
0,56.4264,1.3375,-0.03556208319050353
0,56.4264,1.340625,-0.035697781174087805
0,56.4264,1.34375,-0.03583454269689456
0,56.4264,1.346875,-0.035972381050106035
0,56.4264,1.35,-0.036111309747156484
0,56.4264,1.353125,-0.0362513425282774
0,56.4264,1.35625,-0.03639249336515149
0,56.4264,1.359375,-0.03653477646567783
0,56.4264,1.3625,-0.036678206278851995
0,56.4264,1.365625,-0.036822797499763735
0,56.4264,1.36875,-0.03696856507471559
0,56.4264,1.371875,-0.03711552420646591
0,56.4264,1.375,-0.03726369035959952
0,56.4264,1.378125,-0.037413079266029596
0,56.4264,1.38125,-0.03756370693063463
0,56.4264,1.384375,-0.03771558963703367
0,56.4264,1.3875,-0.037868743953504744
0,56.4264,1.390625,-0.038023186739048975
0,56.4264,1.39375,-0.03817893514960613
0,56.4264,1.396875,-0.038336006644424506
0,56.4264,1.4,-0.0384944189925905
0,56.4264,1.403125,-0.03865419027972167
0,56.4264,1.40625,-0.03881533891482845
0,56.4264,1.409375,-0.03897788363734913
0,56.4264,1.4125,-0.03914184352436302
0,56.4264,1.415625,-0.039307237997987014
0,56.4264,1.41875,-0.03947408683296097
0,56.4264,1.421875,-0.039642410164426795
0,56.4264,1.425,-0.03981222849590785
0,56.4264,1.428125,-0.039983562707493446
0,56.4264,1.43125,-0.04015643406423514
0,56.4264,1.434375,-0.040330864224760954
0,56.4264,1.4375,-0.040506875250113296
0,56.4264,1.440625,-0.040684489612818224
0,56.4264,1.44375,-0.04086373020619194
0,56.4264,1.446875,-0.041044620353892135
0,56.4264,1.45,-0.041227183819721305
0,56.4264,1.453125,-0.041411444817689366
0,56.4264,1.45625,-0.04159742802234384
0,56.4264,1.459375,-0.04178515857937498
0,56.4264,1.4625,-0.0419746621165048
0,56.4264,1.465625,-0.04216596475466816
0,56.4264,1.46875,-0.04235909311949486
0,56.4264,1.471875,-0.04255407435310211
0,56.4264,1.475,-0.04275093612620648
0,56.4264,1.478125,-0.04294970665056559
0,56.4264,1.48125,-0.04315041469175947
0,56.4264,1.484375,-0.04335308958232155
0,56.4264,1.4875,-0.043557761235231376
0,56.4264,1.490625,-0.04376446015777892
0,56.4264,1.49375,-0.043973217465812786
0,56.4264,1.496875,-0.04418406489838446
0,56.4264,1.5,-0.04439703483280033
0,56.4264,1.503125,-0.04461216030009504
0,56.4264,1.50625,-0.04482947500093907
0,56.4264,1.509375,-0.04504901332199429
0,56.4264,1.5125000000000002,-0.0452708103527321
0,56.4264,1.515625,-0.045494901902728244
0,56.4264,1.51875,-0.04572132451945033
0,56.4264,1.521875,-0.04595011550655316
0,56.4264,1.525,-0.04618131294269873
0,56.4264,1.5281250000000002,-0.04641495570091757
0,56.4264,1.53125,-0.04665108346852891
0,56.4264,1.534375,-0.0468897367676384
0,56.4264,1.5375,-0.04713095697623122
0,56.4264,1.540625,-0.0473747863498811
0,56.4264,1.5437500000000002,-0.04762126804409493
0,56.4264,1.546875,-0.047870446137313616
0,56.4264,1.55,-0.04812236565459195
0,56.4264,1.553125,-0.04837707259197857
0,56.4264,1.55625,-0.048634613941620435
0,56.4264,1.5593750000000002,-0.0488950377176156
0,56.4264,1.5625,-0.04915839298263895
0,56.4264,1.565625,-0.049424729875367876
0,56.4264,1.56875,-0.04969409963873342
0,56.4264,1.571875,-0.04996655464902625
0,56.4264,1.5750000000000002,-0.050242148445885565
0,56.4264,1.578125,-0.05052093576320083
0,56.4264,1.58125,-0.0508029725609586
0,56.4264,1.584375,-0.051088316058065346
0,56.4264,1.5875,-0.051377024766180945
0,56.4264,1.5906250000000002,-0.051669158524597136
0,56.4264,1.59375,-0.051964778536197055
0,56.4264,1.596875,-0.052263947404533724
0,56.4264,1.6,-0.052566729172065785
0,56.4264,1.603125,-0.052873189359591545
0,56.4264,1.6062500000000002,-0.05318339500692301
0,56.4264,1.609375,-0.05349741471484286
0,56.4264,1.6125,-0.053815318688390984
0,56.4264,1.615625,-0.05413717878152593
0,56.4264,1.61875,-0.05446306854321097
0,56.4264,1.6218750000000002,-0.054793063264975586
0,56.4264,1.625,-0.05512724003000376
0,56.4264,1.628125,-0.05546567776380545
0,56.4264,1.63125,-0.05580845728652645
0,56.4264,1.634375,-0.056155661366956426
0,56.4264,1.6375000000000002,-0.05650737477829627
0,56.4264,1.640625,-0.056863684355748144
0,56.4264,1.64375,-0.057224679055995
0,56.4264,1.646875,-0.057590450018637385
0,56.4264,1.65,-0.0579610906296599
0,56.4264,1.6531250000000002,-0.05833669658700114
0,56.4264,1.65625,-0.05871736596830402
0,56.4264,1.659375,-0.05910319930092775
0,56.4264,1.6625,-0.059494299634303555
0,56.4264,1.665625,-0.059890772614721824
0,56.4264,1.6687500000000002,-0.060292726562640855
0,56.4264,1.671875,-0.0607002725526099
0,56.4264,1.675,-0.06111352449590585
0,56.4264,1.678125,-0.061532599225982865
0,56.4264,1.68125,-0.06195761658684201
0,56.4264,1.6843750000000002,-0.06238869952442977
0,56.4264,1.6875,-0.06282597418117919
0,56.4264,1.690625,-0.06326956999381325
0,56.4264,1.69375,-0.06371961979453247
0,56.4264,1.696875,-0.06417625991571602
0,56.4264,1.7000000000000002,-0.0646396302982691
0,56.4264,1.703125,-0.06510987460375547
0,56.4264,1.70625,-0.06558714033045965
0,56.4264,1.709375,-0.06607157893352822
0,56.4264,1.7125,-0.0665633459493467
0,56.4264,1.7156250000000002,-0.06706260112431423
0,56.4264,1.71875,-0.0675695085481842
0,56.4264,1.721875,-0.06808423679214747
0,56.4264,1.725,-0.06860695905183893
0,56.4264,1.728125,-0.06913785329545848
0,56.4264,1.7312500000000002,-0.06967710241720315
0,56.4264,1.734375,-0.07022489439621457
0,56.4264,1.7375,-0.07078142246125646
0,56.4264,1.740625,-0.07134688526134168
0,56.4264,1.74375,-0.07192148704254028
0,56.4264,1.7468750000000002,-0.07250543783120739
0,56.4264,1.75,-0.0730989536238783
0,56.4264,1.753125,-0.07370225658409041
0,56.4264,1.75625,-0.07431557524639809
0,56.4264,1.759375,-0.07493914472785995
0,56.4264,1.7625000000000002,-0.07557320694728636
0,56.4264,1.765625,-0.07621801085254673
0,56.4264,1.76875,-0.07687381265624818
0,56.4264,1.771875,-0.0775408760801061
0,56.4264,1.775,-0.07821947260834244
0,56.4264,1.7781250000000002,-0.07890988175045681
0,56.4264,1.78125,-0.07961239131372821
0,56.4264,1.784375,-0.08032729768582096
0,56.4264,1.7875,-0.08105490612787578
0,56.4264,1.790625,-0.08179553107848563
0,56.4264,1.7937500000000002,-0.08254949646896599
0,56.4264,1.796875,-0.08331713605034284
0,56.4264,1.8,-0.08409879373249793
0,56.4264,1.803125,-0.08489482393592038
0,56.4264,1.80625,-0.08570559195653156
0,56.4264,1.8093750000000002,-0.08653147434406147
0,56.4264,1.8125,-0.08737285929446764
0,56.4264,1.815625,-0.08823014705690516
0,56.4264,1.81875,-0.08910375035576329
0,56.4264,1.821875,-0.08999409482830215
0,56.4264,1.8250000000000002,-0.09090161947843281
0,56.4264,1.828125,-0.09182677714719385
0,56.4264,1.83125,-0.09277003500049313
0,56.4264,1.834375,-0.09373187503468558
0,56.4264,1.8375,-0.09471279460057319
0,56.4264,1.8406250000000002,-0.09571330694641617
0,56.4264,1.84375,-0.09673394178054795
0,56.4264,1.846875,-0.09777524585419547
0,56.4264,1.85,-0.09883778356509758
0,56.4264,1.853125,-0.09992213758252066
0,56.4264,1.8562500000000002,-0.10102890949425938
0,56.4264,1.859375,-0.10215872047620071
0,56.4264,1.8625,-0.10331221198502065
0,56.4264,1.865625,-0.10449004647455593
0,56.4264,1.86875,-0.10569290813637586
0,56.4264,1.8718750000000002,-0.10692150366504453
0,56.4264,1.875,-0.10817656304852363
0,56.4264,1.878125,-0.10945884038412468
0,56.4264,1.88125,-0.1107691147203564
0,56.4264,1.884375,-0.11210819092495128
0,56.4264,1.8875000000000002,-0.11347690057927429
0,56.4264,1.890625,-0.11487610289922201
0,56.4264,1.89375,-0.11630668568261862
0,56.4264,1.896875,-0.11776956628298191
0,56.4264,1.9,-0.11926569260939603
0,56.4264,1.9031250000000002,-0.12079604415205766
0,56.4264,1.90625,-0.12236163303287151
0,56.4264,1.909375,-0.12396350508026083
0,56.4264,1.9125,-0.12560274092710094
0,56.4264,1.915625,-0.1272804571304143
0,56.4264,1.9187500000000002,-0.1289978073111406
0,56.4264,1.921875,-0.1307559833119358
0,56.4264,1.925,-0.1325562163705538
0,56.4264,1.928125,-0.13439977830589667
0,56.4264,1.93125,-0.13628798271331374
0,56.4264,1.9343750000000002,-0.13822218616514445
0,56.4264,1.9375,-0.14020378941185094
0,56.4264,1.940625,-0.14223423857836467
0,56.4264,1.94375,-0.14431502634944607
0,56.4264,1.946875,-0.1464476931369587
0,56.4264,1.9500000000000002,-0.1486338282209379
0,56.4264,1.953125,-0.15087507085520122
0,56.4264,1.95625,-0.15317311132700137
0,56.4264,1.959375,-0.15552969195880814
0,56.4264,1.9625,-0.1579466080387691
0,56.4264,1.9656250000000002,-0.16042570866467223
0,56.4264,1.96875,-0.16296889748432952
0,56.4264,1.971875,-0.1655781333132081
0,56.4264,1.975,-0.1682554306078016
0,56.4264,1.978125,-0.17100285977069327
0,56.4264,1.9812500000000002,-0.1738225472604463
0,56.4264,1.984375,-0.17671667547637032
0,56.4264,1.9875,-0.17968748238484833
0,56.4264,1.990625,-0.18273726085019837
0,56.4264,1.99375,-0.18586835762903398
0,56.4264,1.9968750000000002,-0.18908317198269903
0,56.4264,2.0,-0.192384153857599
0,56.4264,2.003125,-0.19577380157812158
0,56.4264,2.00625,-0.1992546589912845
0,56.4264,2.0093750000000004,-0.20282931199630788
0,56.4264,2.0125,-0.20650038438594606
0,56.4264,2.015625,-0.21027053291963368
0,56.4264,2.01875,-0.2141424415413326
0,56.4264,2.021875,-0.2181188146474261
0,56.4264,2.0250000000000004,-0.22220236930212084
0,56.4264,2.028125,-0.2263958262896653
0,56.4264,2.03125,-0.2307018998843221
0,56.4264,2.034375,-0.2351232862105639
0,56.4264,2.0375,-0.23966265005752996
0,56.4264,2.0406250000000004,-0.2443226100035253
0,56.4264,2.04375,-0.24910572169850814
0,56.4264,2.046875,-0.25401445914531756
0,56.4264,2.05,-0.2590511938141662
0,56.4264,2.053125,-0.2642181714200526
0,56.4264,2.0562500000000004,-0.2695174861896298
0,56.4264,2.059375,-0.27495105244327783
0,56.4264,2.0625,-0.28052057332022434
0,56.4264,2.065625,-0.286227506480261
0,56.4264,2.06875,-0.29207302662572276
0,56.4264,2.0718750000000004,-0.2980579847027755
0,56.4264,2.075,-0.30418286366275527
0,56.4264,2.078125,-0.31044773069334347
0,56.4264,2.08125,-0.3168521858669607
0,56.4264,2.084375,-0.32339530720116116
0,56.4264,2.0875000000000004,-0.33007559218424415
0,56.4264,2.090625,-0.33689089589010834
0,56.4264,2.09375,-0.34383836589073924
0,56.4264,2.096875,-0.3509143742737665
0,56.4264,2.1,-0.3581144471871954
0,56.4264,2.1031250000000004,-0.36543319246422606
0,56.4264,2.10625,-0.37286422602828095
0,56.4264,2.109375,-0.3804000979414683
0,56.4264,2.1125,-0.388032219137611
0,56.4264,2.115625,-0.39575079007161185
0,56.4264,2.1187500000000004,-0.4035447327170698
0,56.4264,2.121875,-0.41140162754936094
0,56.4264,2.125,-0.419307657355882
0,56.4264,2.128125,-0.42724755991142477
0,56.4264,2.13125,-0.435204591735627
0,56.4264,2.1343750000000004,-0.4431605053003537
0,56.4264,2.1375,-0.4510955421655557
0,56.4264,2.140625,-0.45898844457908194
0,56.4264,2.14375,-0.4668164880648364
0,56.4264,2.146875,-0.4745555374300477
0,56.4264,2.1500000000000004,-0.4821801284322716
0,56.4264,2.153125,-0.48966357704780084
0,56.4264,2.15625,-0.49697811786571083
0,56.4264,2.159375,-0.5040950725902851
0,56.4264,2.1625,-0.5109850489687895
0,56.4264,2.1656250000000004,-0.5176181696777648
0,56.4264,2.16875,-0.5239643298132501
0,56.4264,2.171875,-0.5299934806609027
0,56.4264,2.175,-0.5356759364017926
0,56.4264,2.178125,-0.5409826993778347
0,56.4264,2.1812500000000004,-0.5458857985433897
0,56.4264,2.184375,-0.5503586348177599
0,56.4264,2.1875,-0.5543763262805587
0,56.4264,2.190625,-0.5579160455707622
0,56.4264,2.19375,-0.5609573415083322
0,56.4264,2.1968750000000004,-0.5634824368934795
0,56.4264,2.2,-0.5654764946793568
0,56.4264,2.203125,-0.5669278452699356
0,56.4264,2.20625,-0.5678281685590556
0,56.4264,2.209375,-0.5681726254734933
0,56.4264,2.2125000000000004,-0.5679599351687867
0,56.4264,2.215625,-0.5671923955921232
0,56.4264,2.21875,-0.5658758468002948
0,56.4264,2.221875,-0.5640195781235565
0,56.4264,2.225,-0.5616361819171806
0,56.4264,2.2281250000000004,-0.5587413581641534
0,56.4264,2.23125,-0.5553536755162772
0,56.4264,2.234375,-0.5514942954316873
0,56.4264,2.2375,-0.5471866668458216
0,56.4264,2.240625,-0.5424561992797763
0,56.4264,2.2437500000000004,-0.5373299224429376
0,56.4264,2.246875,-0.5318361402411849
0,56.4264,2.25,-0.5260040866881258
0,56.4264,2.253125,-0.5198635905764765
0,56.4264,2.25625,-0.513444754949266
0,56.4264,2.2593750000000004,-0.5067776564692117
0,56.4264,2.2625,-0.4998920687724558
0,56.4264,2.265625,-0.49281721285993113
0,56.4264,2.26875,-0.48558153657014286
0,56.4264,2.271875,-0.4782125242279887
0,56.4264,2.2750000000000004,-0.4707365367039421
0,56.4264,2.278125,-0.4631786813663619
0,56.4264,2.28125,-0.4555627107786593
0,56.4264,2.284375,-0.44791094848686913
0,56.4264,2.2875,-0.440244239859924
0,56.4264,2.2906250000000004,-0.43258192567781933
0,56.4264,2.29375,-0.42494183600128244
0,56.4264,2.296875,-0.4173403017876903
0,56.4264,2.3,-0.4097921817275698
0,56.4264,2.303125,-0.40231090184953
0,56.4264,2.3062500000000004,-0.3949085055648496
0,56.4264,2.309375,-0.3875957119829374
0,56.4264,2.3125,-0.38038198051376565
0,56.4264,2.315625,-0.3732755799728114
0,56.4264,2.31875,-0.3662836606094402
0,56.4264,2.3218750000000004,-0.35941232768404163
0,56.4264,2.325,-0.3526667154170783
0,56.4264,2.328125,-0.3460510603205248
0,56.4264,2.33125,-0.3395687730960705
0,56.4264,2.334375,-0.33322250844315526
0,56.4264,2.3375000000000004,-0.32701423226250487
0,56.4264,2.340625,-0.32094528586704507
0,56.4264,2.34375,-0.3150164469222556
0,56.4264,2.346875,-0.30922798693283277
0,56.4264,2.35,-0.30357972517293585
0,56.4264,2.3531250000000004,-0.2980710790244973
0,56.4264,2.35625,-0.29270111074325117
0,56.4264,2.359375,-0.28746857071664833
0,56.4264,2.3625,-0.28237193731288435
0,56.4264,2.365625,-0.2774094534471175
0,56.4264,2.3687500000000004,-0.2725791600107668
0,56.4264,2.371875,-0.26787892632357013
0,56.4264,2.375,-0.26330647777687627
0,56.4264,2.378125,-0.25885942084125263
0,56.4264,2.38125,-0.25453526561270157
0,56.4264,2.3843750000000004,-0.25033144607028185
0,56.4264,2.3875,-0.2462453382142636
0,56.4264,2.390625,-0.24227427624865125
0,56.4264,2.39375,-0.23841556696538024
0,56.4264,2.396875,-0.23466650248007964
0,56.4264,2.4000000000000004,-0.23102437146132393
0,56.4264,2.403125,-0.22748646898696645
0,56.4264,2.40625,-0.22405010515269033
0,56.4264,2.409375,-0.22071261254946556
0,56.4264,2.4125,-0.21747135271827395
0,56.4264,2.4156250000000004,-0.2143237216823883
0,56.4264,2.41875,-0.2112671546496936
0,56.4264,2.421875,-0.20829912997010064
0,56.4264,2.425,-0.20541717242604593
0,56.4264,2.428125,-0.20261885592740145
0,56.4264,2.4312500000000004,-0.1999018056758845
0,56.4264,2.434375,-0.19726369985821257
0,56.4264,2.4375,-0.1947022709218295
0,56.4264,2.440625,-0.19221530648199925
0,56.4264,2.44375,-0.18980064990441337
0,56.4264,2.4468750000000004,-0.18745620060318716
0,56.4264,2.45,-0.1851799140901823
0,56.4264,2.453125,-0.18296980180799807
0,56.4264,2.45625,-0.18082393077567968
0,56.4264,2.459375,-0.17874042307318566
0,56.4264,2.4625000000000004,-0.17671745518792442
0,56.4264,2.465625,-0.17475325724417984
0,56.4264,2.46875,-0.17284611213399226
0,56.4264,2.471875,-0.1709943545660194
0,56.4264,2.475,-0.16919637004704446
0,56.4264,2.4781250000000004,-0.16745059380913824
0,56.4264,2.48125,-0.1657555096939674
0,56.4264,2.484375,-0.16410964900438885
0,56.4264,2.4875,-0.16251158933224907
0,56.4264,2.490625,-0.16095995337020752
0,56.4264,2.4937500000000004,-0.1594534077144223
0,56.4264,2.496875,-0.15799066166405357
0,56.4264,2.5,-0.156570466022751
0,56.4264,2.503125,-0.15519161190658837
0,56.4264,2.50625,-0.15385292956227747
0,56.4264,2.5093750000000004,-0.15255328719893446
0,56.4264,2.5125,-0.15129158983617175
0,56.4264,2.515625,-0.15006677817084738
0,56.4264,2.51875,-0.14887782746441128
0,56.4264,2.521875,-0.14772374645243752
0,56.4264,2.5250000000000004,-0.14660357627762832
0,56.4264,2.528125,-0.14551638944730105
0,56.4264,2.53125,-0.14446128881613451
0,56.4264,2.534375,-0.1434374065947412
0,56.4264,2.5375,-0.14244390338444773
0,56.4264,2.5406250000000004,-0.1414799672385082
0,56.4264,2.54375,-0.1405448127498355
0,56.4264,2.546875,-0.13963768016521655
0,56.4264,2.55,-0.1387578345258739
0,56.4264,2.553125,-0.13790456483414665
0,56.4264,2.5562500000000004,-0.13707718324598903
0,56.4264,2.559375,-0.1362750242889217
0,56.4264,2.5625,-0.1354974441050143
0,56.4264,2.565625,-0.13474381971843893
0,56.4264,2.56875,-0.13401354832709084
0,56.4264,2.5718750000000004,-0.1333060466177501
0,56.4264,2.575,-0.13262075010422958
0,56.4264,2.578125,-0.13195711248794034
0,56.4264,2.58125,-0.13131460504029274
0,56.4264,2.584375,-0.13069271600634008
0,56.4264,2.5875000000000004,-0.1300909500290714
0,56.4264,2.590625,-0.1295088275937531
0,56.4264,2.59375,-0.12894588449172462
0,56.4264,2.596875,-0.1284016713030552
0,56.4264,2.6,-0.12787575289747208
0,56.4264,2.6031250000000004,-0.12736770795298225
0,56.4264,2.60625,-0.12687712849161298
0,56.4264,2.609375,-0.12640361943171058
0,56.4264,2.6125,-0.12594679815624588
0,56.4264,2.615625,-0.12550629409658617
0,56.4264,2.6187500000000004,-0.1250817483312058
0,56.4264,2.621875,-0.12467281319882195
0,56.4264,2.625,-0.12427915192545141
0,56.4264,2.628125,-0.12390043826490374
0,56.4264,2.63125,-0.12353635615223274
0,56.4264,2.6343750000000004,-0.12318659936968762
0,56.4264,2.6375,-0.12285087122471604
0,56.4264,2.640625,-0.12252888423958463
0,56.4264,2.64375,-0.12222035985219894
0,56.4264,2.646875,-0.1219250281277151
0,56.4264,2.6500000000000004,-0.12164262748055046
0,56.4264,2.653125,-0.12137290440641313
0,56.4264,2.65625,-0.12111561322398287
0,56.4264,2.659375,-0.12087051582589034
0,56.4264,2.6625,-0.12063738143864985
0,56.4264,2.6656250000000004,-0.12041598639121762
0,56.4264,2.66875,-0.12020611389185601
0,56.4264,2.671875,-0.12000755381299649
0,56.4264,2.675,-0.11982010248380609
0,56.4264,2.678125,-0.11964356249017138
0,56.4264,2.6812500000000004,-0.1194777424818255
0,56.4264,2.684375,-0.11932245698635419
0,56.4264,2.6875,-0.11917752622982493
0,56.4264,2.690625,-0.11904277596379509
0,56.4264,2.69375,-0.11891803729846191
0,56.4264,2.6968750000000004,-0.11880314654172891
0,56.4264,2.7,-0.11869794504396816
0,56.4264,2.703125,-0.11860227904826931
0,56.4264,2.70625,-0.11851599954597294
0,56.4264,2.709375,-0.11843896213729407
0,56.4264,2.7125000000000004,-0.11837102689684799
0,56.4264,2.715625,-0.11831205824389862
0,56.4264,2.71875,-0.11826192481715794
0,56.4264,2.721875,-0.11822049935396717
0,56.4264,2.725,-0.11818765857370331
0,56.4264,2.7281250000000004,-0.11816328306525437
0,56.4264,2.73125,-0.11814725717841737
0,56.4264,2.734375,-0.11813946891907592
0,56.4264,2.7375,-0.11813980984802158
0,56.4264,2.740625,-0.11814817498328714
0,56.4264,2.7437500000000004,-0.11816446270586631
0,56.4264,2.746875,-0.11818857466869678
0,56.4264,2.75,-0.11822041570879335
0,56.4264,2.753125,-0.11825989376241461
0,56.4264,2.75625,-0.11830691978315971
0,56.4264,2.7593750000000004,-0.1183614076628886
0,56.4264,2.7625,-0.11842327415536734
0,56.4264,2.765625,-0.11849243880254309
0,56.4264,2.76875,-0.11856882386335599
0,56.4264,2.771875,-0.1186523542449997
0,56.4264,2.7750000000000004,-0.11874295743654602
0,56.4264,2.778125,-0.1188405634448512
0,56.4264,2.78125,-0.11894510473266538
0,56.4264,2.784375,-0.11905651615887047
0,56.4264,2.7875,-0.11917473492077237
0,56.4264,2.7906250000000004,-0.11929970049837857
0,56.4264,2.79375,-0.1194313546005943
0,56.4264,2.796875,-0.11956964111327187
0,56.4264,2.8,-0.11971450604905079
0,56.4264,2.803125,-0.11986589749893012
0,56.4264,2.8062500000000004,-0.12002376558551486
0,56.4264,2.809375,-0.1201880624178816
0,56.4264,2.8125,-0.12035874204800888
0,56.4264,2.815625,-0.12053576042872308
0,56.4264,2.81875,-0.12071907537311068
0,56.4264,2.8218750000000004,-0.12090864651534684
0,56.4264,2.825,-0.12110443527289855
0,56.4264,2.828125,-0.12130640481005647
0,56.4264,2.83125,-0.12151452000275359
0,56.4264,2.834375,-0.12172874740463109
0,56.4264,2.8375000000000004,-0.12194905521431143
0,56.4264,2.840625,-0.12217541324384235
0,56.4264,2.84375,-0.12240779288827547
0,56.4264,2.846875,-0.12264616709634382
0,56.4264,2.85,-0.12289051034220683
0,56.4264,2.8531250000000004,-0.12314079859822938
0,56.4264,2.85625,-0.12339700930876468
0,56.4264,2.859375,-0.12365912136491161
0,56.4264,2.8625,-0.12392711508021714
0,56.4264,2.865625,-0.12420097216729774
0,56.4264,2.8687500000000004,-0.12448067571535223
0,56.4264,2.871875,-0.12476621016854143
0,56.4264,2.875,-0.12505756130521062
0,56.4264,2.878125,-0.12535471621792985
0,56.4264,2.88125,-0.12565766329433206
0,56.4264,2.8843750000000004,-0.12596639219872502
0,56.4264,2.8875,-0.12628089385445765
0,56.4264,2.890625,-0.12660116042702044
0,56.4264,2.89375,-0.12692718530786093
0,56.4264,2.896875,-0.12725896309889562
0,56.4264,2.9000000000000004,-0.12759648959770015
0,56.4264,2.903125,-0.12793976178336228
0,56.4264,2.90625,-0.12828877780297981
0,56.4264,2.909375,-0.12864353695878802
0,56.4264,2.9125,-0.12900403969590266
0,56.4264,2.9156250000000004,-0.12937028759066305
0,56.4264,2.91875,-0.12974228333956156
0,56.4264,2.921875,-0.13012003074874676
0,56.4264,2.925,-0.13050353472408752
0,56.4264,2.928125,-0.13089280126178446
0,56.4264,2.9312500000000004,-0.13128783743951988
0,56.4264,2.934375,-0.1316886514081323
0,56.4264,2.9375,-0.13209525238380646
0,56.4264,2.940625,-0.13250765064076825
0,56.4264,2.94375,-0.132925857504475
0,56.4264,2.9468750000000004,-0.1333498853452914
0,56.4264,2.95,-0.13377974757264216
0,56.4264,2.953125,-0.13421545862963472
0,56.4264,2.95625,-0.13465703398814055
0,56.4264,2.959375,-0.13510449014433143
0,56.4264,2.9625000000000004,-0.13555784461465967
0,56.4264,2.965625,-0.13601711593227797
0,56.4264,2.96875,-0.13648232364389226
0,56.4264,2.971875,-0.13695348830703946
0,56.4264,2.975,-0.1374306314877856
0,56.4264,2.9781250000000004,-0.1379137757588401
0,56.4264,2.98125,-0.13840294469807768
0,56.4264,2.984375,-0.13889816288746698
0,56.4264,2.9875,-0.13939945591239822
0,56.4264,2.990625,-0.13990685036140657
0,56.4264,2.9937500000000004,-0.14042037382628872
0,56.4264,2.996875,-0.14094005490260686
0,56.4264,3.0,-0.14146592319057827
0,56.4264,3.0031250000000003,-0.1419980092963462
0,56.4264,3.00625,-0.14253634483363012
0,56.4264,3.009375,-0.14308096242575266
0,56.4264,3.0125,-0.14363189570804077
0,56.4264,3.015625,-0.14418917933059822
0,56.4264,3.0187500000000003,-0.1447528489614498
0,56.4264,3.021875,-0.14532294129005338
0,56.4264,3.025,-0.1458994940311798
0,56.4264,3.028125,-0.14648254592915982
0,56.4264,3.03125,-0.14707213676249542
0,56.4264,3.0343750000000003,-0.14766830734883796
0,56.4264,3.0375,-0.14827109955032938
0,56.4264,3.040625,-0.14888055627931004
0,56.4264,3.04375,-0.1494967215043888
0,56.4264,3.046875,-0.1501196402568808
0,56.4264,3.0500000000000003,-0.15074935863760958
0,56.4264,3.053125,-0.15138592382407534
0,56.4264,3.05625,-0.152029384077992
0,56.4264,3.059375,-0.15267978875319219
0,56.4264,3.0625,-0.15333718830390172
0,56.4264,3.0656250000000003,-0.15400163429338803
0,56.4264,3.06875,-0.15467317940297978
0,56.4264,3.071875,-0.155351877441465
0,56.4264,3.075,-0.1560377833548649
0,56.4264,3.078125,-0.1567309532365899
0,56.4264,3.0812500000000003,-0.1574314443379797
0,56.4264,3.084375,-0.15813931507922802
0,56.4264,3.0875,-0.15885462506069778
0,56.4264,3.090625,-0.15957743507463135
0,56.4264,3.09375,-0.1603078071172542
0,56.4264,3.0968750000000003,-0.16104580440128158
0,56.4264,3.1,-0.1617914913688287
0,56.4264,3.103125,-0.16254493370473178
0,56.4264,3.10625,-0.1633061983502797
0,56.4264,3.109375,-0.16407535351736666
0,56.4264,3.1125000000000003,-0.16485246870306736
0,56.4264,3.115625,-0.16563761470463972
0,56.4264,3.11875,-0.1664308636349639
0,56.4264,3.121875,-0.1672322889384194
0,56.4264,3.125,-0.16804196540720776
0,56.4264,3.1281250000000003,-0.1688599691981288
0,56.4264,3.13125,-0.16968637784981408
0,56.4264,3.134375,-0.17052127030042513
0,56.4264,3.1375,-0.17136472690582594
0,56.4264,3.140625,-0.17221682945823177
0,56.4264,3.1437500000000003,-0.17307766120534682
0,56.4264,3.146875,-0.1739473068699957
0,56.4264,3.15,-0.1748258526702585
0,56.4264,3.153125,-0.17571338634011524
0,56.4264,3.15625,-0.17660999715061002
0,56.4264,3.1593750000000003,-0.17751577593154577
0,56.4264,3.1625,-0.17843081509371286
0,56.4264,3.165625,-0.1793552086516682
0,56.4264,3.16875,-0.18028905224706968
0,56.4264,3.171875,-0.18123244317257586
0,56.4264,3.1750000000000003,-0.18218548039632718
0,56.4264,3.178125,-0.18314826458701083
0,56.4264,3.18125,-0.1841208981395274
0,56.4264,3.184375,-0.1851034852012677
0,56.4264,3.1875,-0.1860961316990106
0,56.4264,3.1906250000000003,-0.18709894536645763
0,56.4264,3.19375,-0.1881120357724118
0,56.4264,3.196875,-0.18913551434961903
0,56.4264,3.2,-0.19016949442428013
0,56.4264,3.203125,-0.19121409124625086
0,56.4264,3.2062500000000003,-0.19226942201994285
0,56.4264,3.209375,-0.19333560593593854
0,56.4264,3.2125,-0.19441276420333703
0,56.4264,3.215625,-0.19550102008284553
0,56.4264,3.21875,-0.19660049892063058
0,56.4264,3.2218750000000003,-0.19771132818294818
0,56.4264,3.225,-0.1988336374915664
0,56.4264,3.228125,-0.1999675586600003
0,56.4264,3.23125,-0.20111322573057464
0,56.4264,3.234375,-0.20227077501233356
0,56.4264,3.2375000000000003,-0.20344034511981735
0,56.4264,3.240625,-0.2046220770127202
0,56.4264,3.24375,-0.20581611403645814
0,56.4264,3.246875,-0.2070226019636557
0,56.4264,3.25,-0.208241689036582
0,56.4264,3.2531250000000003,-0.20947352601055425
0,56.4264,3.25625,-0.21071826619832637
0,56.4264,3.259375,-0.21197606551549583
0,56.4264,3.2625,-0.21324708252694
0,56.4264,3.265625,-0.21453147849431486
0,56.4264,3.2687500000000003,-0.2158294174246388
0,56.4264,3.271875,-0.21714106611998166
0,56.4264,3.275,-0.2184665942282944
0,56.4264,3.278125,-0.2198061742953989
0,56.4264,3.28125,-0.22115998181816654
0,56.4264,3.2843750000000003,-0.2225281952989196
0,56.4264,3.2875,-0.22391099630107653
0,56.4264,3.290625,-0.22530856950607842
0,56.4264,3.29375,-0.2267211027716222
0,56.4264,3.296875,-0.22814878719123677
0,56.4264,3.3000000000000003,-0.22959181715523214
0,56.4264,3.303125,-0.23105039041305608
0,56.4264,3.30625,-0.23252470813709422
0,56.4264,3.309375,-0.23401497498794638
0,56.4264,3.3125,-0.2355213991812191
0,56.4264,3.3156250000000003,-0.23704419255587245
0,56.4264,3.31875,-0.23858357064415492
0,56.4264,3.321875,-0.2401397527431742
0,56.4264,3.325,-0.2417129619881392
0,56.4264,3.328125,-0.24330342542731803
0,56.4264,3.3312500000000003,-0.2449113740987565
0,56.4264,3.334375,-0.24653704310880095
0,56.4264,3.3375,-0.24818067171247254
0,56.4264,3.340625,-0.24984250339574085
0,56.4264,3.34375,-0.2515227859597452
0,56.4264,3.3468750000000003,-0.25322177160701725
0,56.4264,3.35,-0.25493971702975177
0,56.4264,3.353125,-0.2566768835001869
0,56.4264,3.35625,-0.2584335369631434
0,56.4264,3.359375,-0.26020994813078097
0,56.4264,3.3625000000000003,-0.262006392579636
0,56.4264,3.365625,-0.2638231508499922
0,56.4264,3.36875,-0.26566050854765755
0,56.4264,3.371875,-0.2675187564482033
0,56.4264,3.375,-0.2693981906037352
0,56.4264,3.3781250000000003,-0.27129911245226956
0,56.4264,3.38125,-0.27322182892977465
0,56.4264,3.384375,-0.2751666525849662
0,56.4264,3.3875,-0.2771339016969132
0,56.4264,3.390625,-0.27912390039555135
0,56.4264,3.3937500000000003,-0.28113697878516947
0,56.4264,3.396875,-0.2831734730709594
0,56.4264,3.4000000000000004,-0.2852337256887157
0,56.4264,3.403125,-0.2873180854377654
0,56.4264,3.40625,-0.2894269076172306
0,56.4264,3.4093750000000003,-0.2915605541657087
0,56.4264,3.4125,-0.29371939380447115
0,56.4264,3.4156250000000004,-0.2959038021842839
0,56.4264,3.41875,-0.2981141620359447
0,56.4264,3.421875,-0.30035086332465694
0,56.4264,3.4250000000000003,-0.3026143034083404
0,56.4264,3.428125,-0.30490488719999465
0,56.4264,3.4312500000000004,-0.30722302733424206
0,56.4264,3.434375,-0.3095691443381606
0,56.4264,3.4375,-0.3119436668065409
0,56.4264,3.4406250000000003,-0.3143470315816979
0,56.4264,3.44375,-0.3167796839379649
0,56.4264,3.4468750000000004,-0.31924207777102237
0,56.4264,3.45,-0.32173467579219106
0,56.4264,3.453125,-0.32425794972785393
0,56.4264,3.4562500000000003,-0.3268123805241503
0,56.4264,3.459375,-0.32939845855710587
0,56.4264,3.4625000000000004,-0.3320166838483702
0,56.4264,3.465625,-0.3346675662867194
0,56.4264,3.46875,-0.3373516258555187
0,56.4264,3.4718750000000003,-0.3400693928663142
0,56.4264,3.475,-0.34282140819874996
0,56.4264,3.4781250000000004,-0.3456082235470127
0,56.4264,3.48125,-0.34843040167299477
0,56.4264,3.484375,-0.3512885166664009
0,56.4264,3.4875000000000003,-0.35418315421200947
0,56.4264,3.490625,-0.35711491186431515
0,56.4264,3.4937500000000004,-0.3600843993297938
0,56.4264,3.496875,-0.3630922387570238
0,56.4264,3.5,-0.36613906503492805
0,56.4264,3.5031250000000003,-0.369225526099386
0,56.4264,3.50625,-0.3723522832484935
0,56.4264,3.5093750000000004,-0.3755200114667541
0,56.4264,3.5125,-0.3787293997584819
0,56.4264,3.515625,-0.3819811514907337
0,56.4264,3.5187500000000003,-0.3852759847460688
0,56.4264,3.521875,-0.3886146326854672
0,56.4264,3.5250000000000004,-0.39199784392175047
0,56.4264,3.528125,-0.3954263829038338
0,56.4264,3.53125,-0.398901030312198
0,56.4264,3.5343750000000003,-0.4024225834659317
0,56.4264,3.5375,-0.4059918567417498
0,56.4264,3.5406250000000004,-0.4096096820053862
0,56.4264,3.54375,-0.41327690905577463
0,56.4264,3.546875,-0.41699440608246346
0,56.4264,3.5500000000000003,-0.4207630601367025
0,56.4264,3.553125,-0.424583777616674
0,56.4264,3.5562500000000004,-0.42845748476735707
0,56.4264,3.559375,-0.4323851281955132
0,56.4264,3.5625,-0.43636767540033605
0,56.4264,3.5656250000000003,-0.4404061153202783
0,56.4264,3.56875,-0.4445014588966362
0,56.4264,3.5718750000000004,-0.4486547396544658
0,56.4264,3.575,-0.45286701430142445
0,56.4264,3.578125,-0.45713936334517513
0,56.4264,3.5812500000000003,-0.4614728917299852
0,56.4264,3.584375,-0.4658687294931968
0,56.4264,3.5875000000000004,-0.470328032442263
0,56.4264,3.590625,-0.4748519828530584
0,56.4264,3.59375,-0.4794417901902216
0,56.4264,3.5968750000000003,-0.4840986918502872
0,56.4264,3.6,-0.488823953928405
0,56.4264,3.6031250000000004,-0.4936188720094837
0,56.4264,3.60625,-0.4984847719845902
0,56.4264,3.609375,-0.5034230108935105
0,56.4264,3.6125000000000003,-0.5084349777943633
0,56.4264,3.615625,-0.5135220946612197
0,56.4264,3.6187500000000004,-0.5186858173107042
0,56.4264,3.621875,-0.5239276363585725
0,56.4264,3.625,-0.5292490782073156
0,56.4264,3.6281250000000003,-0.5346517060658571
0,56.4264,3.63125,-0.5401371210024382
0,56.4264,3.6343750000000004,-0.5457069630318528
0,56.4264,3.6375,-0.5513629122381782
0,56.4264,3.640625,-0.5571066899342354
0,56.4264,3.6437500000000003,-0.562940059859004
0,56.4264,3.646875,-0.5688648294142765
0,56.4264,3.6500000000000004,-0.5748828509418779
0,56.4264,3.653125,-0.5809960230427779
0,56.4264,3.65625,-0.587206291939511
0,56.4264,3.6593750000000003,-0.5935156528833003
0,56.4264,3.6625,-0.5999261516073561
0,56.4264,3.6656250000000004,-0.606439885827847
0,56.4264,3.66875,-0.6130590067940508
0,56.4264,3.671875,-0.6197857208892716
0,56.4264,3.6750000000000003,-0.6266222912840953
0,56.4264,3.678125,-0.6335710396436193
0,56.4264,3.6812500000000004,-0.6406343478903234
0,56.4264,3.684375,-0.647814660024245
0,56.4264,3.6875,-0.6551144840022048
0,56.4264,3.6906250000000003,-0.6625363936777993
0,56.4264,3.69375,-0.6700830308039447
0,56.4264,3.6968750000000004,-0.6777571070997581
0,56.4264,3.7,-0.6855614063835876
0,56.4264,3.703125,-0.6934987867740243
0,56.4264,3.7062500000000003,-0.7015721829607433
0,56.4264,3.709375,-0.7097846085470245
0,56.4264,3.7125000000000004,-0.7181391584658491
0,56.4264,3.715625,-0.7266390114714117
0,56.4264,3.71875,-0.7352874327079748
0,56.4264,3.7218750000000003,-0.7440877763579111
0,56.4264,3.725,-0.7530434883708312
0,56.4264,3.7281250000000004,-0.7621581092756817
0,56.4264,3.73125,-0.7714352770776411
0,56.4264,3.734375,-0.7808787302417132
0,56.4264,3.7375000000000003,-0.7904923107647988
0,56.4264,3.740625,-0.8002799673380777
0,56.4264,3.7437500000000004,-0.8102457586014974
0,56.4264,3.746875,-0.8203938564920592
0,56.4264,3.75,-0.8307285496876808
0,56.4264,3.7531250000000003,-0.841254247148243
0,56.4264,3.75625,-0.8519754817554613
0,56.4264,3.7593750000000004,-0.8628969140531514
0,56.4264,3.7625,-0.8740233360893458
0,56.4264,3.765625,-0.8853596753617331
0,56.4264,3.7687500000000003,-0.8969109988677072
0,56.4264,3.771875,-0.9086825172602968
0,56.4264,3.7750000000000004,-0.9206795891111055
0,56.4264,3.778125,-0.9329077252812389
0,56.4264,3.78125,-0.9453725934010997
0,56.4264,3.7843750000000003,-0.9580800224596926
0,56.4264,3.7875,-0.9710360075039108
0,56.4264,3.7906250000000004,-0.9842467144480316
0,56.4264,3.79375,-0.9977184849932951
0,56.4264,3.796875,-1.0114578416571645
0,56.4264,3.8000000000000003,-1.0254714929113615
0,56.4264,3.803125,-1.0397663384272955
0,56.4264,3.8062500000000004,-1.0543494744269182
0,56.4264,3.809375,-1.0692281991362034
0,56.4264,3.8125,-1.084410018337689
0,56.4264,3.8156250000000003,-1.0999026510173748
0,56.4264,3.81875,-1.11571403510003
0,56.4264,3.8218750000000004,-1.1318523332655535
0,56.4264,3.825,-1.1483259388371418
0,56.4264,3.828125,-1.1651434817300863
0,56.4264,3.8312500000000003,-1.182313834447492
0,56.4264,3.834375,-1.1998461181064335
0,56.4264,3.8375000000000004,-1.2177497084748106
0,56.4264,3.840625,-1.2360342419952532
0,56.4264,3.84375,-1.2547096217682163
0,56.4264,3.8468750000000003,-1.2737860234612772
0,56.4264,3.85,-1.2932739011060188
0,56.4264,3.8531250000000004,-1.3131839927374853
0,56.4264,3.85625,-1.3335273258238287
0,56.4264,3.859375,-1.354315222425795
0,56.4264,3.8625000000000003,-1.3755593040165157
0,56.4264,3.865625,-1.3972714958821266
0,56.4264,3.8687500000000004,-1.419464031012726
0,56.4264,3.871875,-1.4421494533809494
0,56.4264,3.875,-1.4653406204924704
0,56.4264,3.8781250000000003,-1.4890507050782609
0,56.4264,3.88125,-1.513293195783175
0,56.4264,3.8843750000000004,-1.5380818966889511
0,56.4264,3.8875,-1.56343092549201
0,56.4264,3.890625,-1.5893547101379772
0,56.4264,3.8937500000000003,-1.6158679836949905
0,56.4264,3.896875,-1.6429857772272976
0,56.4264,3.9000000000000004,-1.6707234104090423
0,56.4264,3.903125,-1.6990964795955164
0,56.4264,3.90625,-1.728120843046024
0,56.4264,3.9093750000000003,-1.7578126029682382
0,56.4264,3.9125,-1.7881880840292912
0,56.4264,3.9156250000000004,-1.81926380795347
0,56.4264,3.91875,-1.8510564638003684
0,56.4264,3.921875,-1.8835828734912883
0,56.4264,3.9250000000000003,-1.9168599521248242
0,56.4264,3.928125,-1.9509046625959983
0,56.4264,3.9312500000000004,-1.9857339640066192
0,56.4264,3.934375,-2.0213647533279406
0,56.4264,3.9375,-2.0578137997511554
0,56.4264,3.9406250000000003,-2.095097671136093
0,56.4264,3.94375,-2.1332326519453204
0,56.4264,3.9468750000000004,-2.172234652029483
0,56.4264,3.95,-2.212119105611107
0,56.4264,3.953125,-2.2529008597996403
0,56.4264,3.9562500000000003,-2.2945940519603836
0,56.4264,3.959375,-2.3372119752565084
0,56.4264,3.9625000000000004,-2.380766931687589
0,56.4264,3.965625,-2.4252700719614455
0,56.4264,3.96875,-2.470731221561882
0,56.4264,3.9718750000000003,-2.5171586924138403
0,56.4264,3.975,-2.564559079603561
0,56.4264,3.9781250000000004,-2.6129370426867173
0,56.4264,3.98125,-2.6622950712150306
0,56.4264,3.984375,-2.7126332342360056
0,56.4264,3.9875000000000003,-2.7639489136730417
0,56.4264,3.990625,-2.816236521679371
0,56.4264,3.9937500000000004,-2.869487202281738
0,56.4264,3.996875,-2.923688517892051
0,56.4264,4.0,-2.9788241215714466
0,56.4264,4.003125000000001,-3.0348734162829705
0,56.4264,4.00625,-3.0918112027700246
0,56.4264,4.009375,-3.149607318148988
0,56.4264,4.0125,-3.20822626780513
0,56.4264,4.015625,-3.2676268537338844
0,56.4264,4.018750000000001,-3.3277618030671965
0,56.4264,4.021875,-3.388577401167429
0,56.4264,4.025,-3.4500131343494775
0,56.4264,4.028125,-3.5120013479957
0,56.4264,4.03125,-3.574466926548575
0,56.4264,4.034375000000001,-3.6373270025813165
0,56.4264,4.0375,-3.7004907028428584
0,56.4264,4.040625,-3.7638589398232187
0,56.4264,4.04375,-3.827324257960986
0,56.4264,4.046875,-3.8907707440881687
0,56.4264,4.050000000000001,-3.954074012037966
0,56.4264,4.053125,-4.017101271495616
0,56.4264,4.05625,-4.07971149110746
0,56.4264,4.059375,-4.141755665537229
0,56.4264,4.0625,-4.203077195534516
0,56.4264,4.065625000000001,-4.263512389115807
0,56.4264,4.06875,-4.3228910906263165
0,56.4264,4.071875,-4.381037442726202
0,56.4264,4.075,-4.437770784214749
0,56.4264,4.078125,-4.492906684079425
0,56.4264,4.081250000000001,-4.546258109249123
0,56.4264,4.084375,-4.597636720290967
0,56.4264,4.0875,-4.646854285780218
0,56.4264,4.090625,-4.693724202381794
0,56.4264,4.09375,-4.738063103924281
0,56.4264,4.096875000000001,-4.779692539050582
0,56.4264,4.1,-4.818440693545882
0,56.4264,4.103125,-4.8541441303287325
0,56.4264,4.10625,-4.886649517506112
0,56.4264,4.109375,-4.915815312994515
0,56.4264,4.112500000000001,-4.941513373130787
0,56.4264,4.115625,-4.963630452555334
0,56.4264,4.11875,-4.982069563520234
0,56.4264,4.121875,-4.996751164691437
0,56.4264,4.125,-5.007614152464837
0,56.4264,4.128125000000001,-5.014616631733967
0,56.4264,4.13125,-5.017736447820521
0,56.4264,4.134375,-5.01697146674589
0,56.4264,4.1375,-5.012339596985095
0,56.4264,4.140625,-5.003878552077824
0,56.4264,4.143750000000001,-4.9916453597324075
0,56.4264,4.146875,-4.975715629105945
0,56.4264,4.15,-4.956182593544089
0,56.4264,4.153125,-4.933155951013861
0,56.4264,4.15625,-4.906760528589272
0,56.4264,4.159375000000001,-4.8771348005286566
0,56.4264,4.1625,-4.844429291635702
0,56.4264,4.165625,-4.808804898697797
0,56.4264,4.16875,-4.770431162868168
0,56.4264,4.171875,-4.729484524967944
0,56.4264,4.175000000000001,-4.686146593937226
0,56.4264,4.178125,-4.64060245619054
0,56.4264,4.18125,-4.593039050584643
0,56.4264,4.184375,-4.543643630247028
0,56.4264,4.1875,-4.492602328799314
0,56.4264,4.190625000000001,-4.440098844698878
0,56.4264,4.19375,-4.386313253648238
0,56.4264,4.196875,-4.331420955407837
0,56.4264,4.2,-4.275591757990749
0,56.4264,4.203125,-4.218989099188894
0,56.4264,4.206250000000001,-4.161769402735138
0,56.4264,4.209375,-4.104081564167577
0,56.4264,4.2125,-4.046066559643679
0,56.4264,4.215625,-3.987857169545064
0,56.4264,4.21875,-3.929577807693838
0,56.4264,4.221875000000001,-3.8713444463418982
0,56.4264,4.225,-3.813264626752061
0,56.4264,4.228125,-3.755437545123639
0,56.4264,4.23125,-3.6979542037812267
0,56.4264,4.234375,-3.640897617895935
0,56.4264,4.237500000000001,-3.584343068506442
0,56.4264,4.240625,-3.528358393208674
0,56.4264,4.24375,-3.4730043065563216
0,56.4264,4.246875,-3.41833474292923
0,56.4264,4.25,-3.364397215354819
0,56.4264,4.253125000000001,-3.31123318449303
0,56.4264,4.25625,-3.258878432697023
0,56.4264,4.259375,-3.207363438730665
0,56.4264,4.2625,-3.1567137493515887
0,56.4264,4.265625,-3.1069503445466036
0,56.4264,4.268750000000001,-3.0580899937373567
0,56.4264,4.271875,-3.010145600752288
0,56.4264,4.275,-2.9631265357910896
0,56.4264,4.278125,-2.9170389529915317
0,56.4264,4.28125,-2.8718860925466347
0,56.4264,4.284375000000001,-2.827668566620613
0,56.4264,4.2875,-2.7843846285739704
0,56.4264,4.290625,-2.742030425238315
0,56.4264,4.29375,-2.7006002321828526
0,56.4264,4.296875,-2.6600866720881395
0,56.4264,4.300000000000001,-2.620480916494771
0,56.4264,4.303125,-2.581772871323817
0,56.4264,4.30625,-2.5439513466760997
0,56.4264,4.309375,-2.507004211510111
0,56.4264,4.3125,-2.4709185338726782
0,56.4264,4.315625000000001,-2.4356807074167284
0,56.4264,4.31875,-2.401276564983853
0,56.4264,4.321875,-2.3676914800594195
0,56.4264,4.325,-2.3349104569245918
0,56.4264,4.328125,-2.302918210332749
0,56.4264,4.331250000000001,-2.2716992355310426
0,56.4264,4.334375,-2.241237869429746
0,56.4264,4.3375,-2.2115183436957606
0,56.4264,4.340625,-2.1825248305138834
0,56.4264,4.34375,-2.1542414817199034
0,56.4264,4.346875000000001,-2.126652461968068
0,56.4264,4.35,-2.099741976550796
0,56.4264,4.353125,-2.0734942944441337
0,56.4264,4.35625,-2.047893767109956
0,56.4264,4.359375,-2.0229248435453187
0,56.4264,4.362500000000001,-1.9985720820342807
0,56.4264,4.365625,-1.9748201590268235
0,56.4264,4.36875,-1.9516538755453716
0,56.4264,4.371875,-1.929058161502489
0,56.4264,4.375,-1.9070180783024746
0,56.4264,4.378125000000001,-1.8855188200969253
0,56.4264,4.38125,-1.8645457140674115
0,56.4264,4.384375,-1.8440842201175482
0,56.4264,4.3875,-1.8241199303708813
0,56.4264,4.390625,-1.804638568887238
0,56.4264,4.393750000000001,-1.7856259920283044
0,56.4264,4.396875,-1.767068189918855
0,56.4264,4.4,-1.7489512894614125
0,56.4264,4.403125,-1.7312615593658642
0,56.4264,4.40625,-1.7139854176470515
0,56.4264,4.409375000000001,-1.69710944202064
0,56.4264,4.4125,-1.6806203835854274
0,56.4264,4.415625,-1.6645051841163954
0,56.4264,4.41875,-1.648750997204973
0,56.4264,4.421875,-1.6333452133683959
0,56.4264,4.425000000000001,-1.61827548911085
0,56.4264,4.428125,-1.6035297797551713
0,56.4264,4.43125,-1.5890963756805887
0,56.4264,4.434375,-1.5749639414057466
0,56.4264,4.4375,-1.5611215567550307
0,56.4264,4.440625000000001,-1.5475587591525222
0,56.4264,4.44375,-1.5342655859132002
0,56.4264,4.446875,-1.5212326152597642
0,56.4264,4.45,-1.5084510046990987
0,56.4264,4.453125,-1.4959125253562717
0,56.4264,4.456250000000001,-1.4836095908965024
0,56.4264,4.459375,-1.4715352797704435
0,56.4264,4.4625,-1.4596833496963855
0,56.4264,4.465625,-1.448048243538484
0,56.4264,4.46875,-1.4366250860408503
0,56.4264,4.471875000000001,-1.4254096712176636
0,56.4264,4.475,-1.4143984405578223
0,56.4264,4.478125,-1.403588452557123
0,56.4264,4.48125,-1.392977344419043
0,56.4264,4.484375,-1.3825632870456537
0,56.4264,4.487500000000001,-1.372344934657801
0,56.4264,4.490625,-1.3623213705261468
0,56.4264,4.49375,-1.3524920503579128
0,56.4264,4.496875,-1.3428567448693745
0,56.4264,4.5,-1.333415482987869
0,56.4264,4.503125000000001,-1.3241684969815821
0,56.4264,4.50625,-1.31511617062442
0,56.4264,4.509375,-1.306258991283195
0,56.4264,4.5125,-1.2975975065812249
0,56.4264,4.515625,-1.289132286060012
0,56.4264,4.518750000000001,-1.2808638880422405
0,56.4264,4.521875,-1.2727928317031514
0,56.4264,4.525,-1.2649195741905004
0,56.4264,4.528125,-1.2572444924988138
0,56.4264,4.53125,-1.249767869702181
0,56.4264,4.534375000000001,-1.2424898850803863
0,56.4264,4.5375,-1.2354106076325777
0,56.4264,4.540625,-1.2285299924571174
0,56.4264,4.54375,-1.221847879481628
0,56.4264,4.546875,-1.215363994048488
0,56.4264,4.550000000000001,-1.209077948894584
0,56.4264,4.553125,-1.2029892471055323
0,56.4264,4.55625,-1.197097285670806
0,56.4264,4.559375,-1.1914013593146748
0,56.4264,4.5625,-1.1859006643260053
0,56.4264,4.565625000000001,-1.1805943021568392
0,56.4264,4.56875,-1.17548128260375
0,56.4264,4.571875,-1.170560526426718
0,56.4264,4.575,-1.1658308672977313
0,56.4264,4.578125,-1.1612910530048186
0,56.4264,4.581250000000001,-1.15693974586766
0,56.4264,4.584375,-1.1527755223479117
0,56.4264,4.5875,-1.1487968718617847
0,56.4264,4.590625,-1.1450021948244073
0,56.4264,4.59375,-1.1413897999753921
0,56.4264,4.596875000000001,-1.1379579010535221
0,56.4264,4.6,-1.134704612905513
0,56.4264,4.603125,-1.1316279471298856
0,56.4264,4.60625,-1.1287258073723148
0,56.4264,4.609375,-1.1259959844032326
0,56.4264,4.612500000000001,-1.1234361511223478
0,56.4264,4.615625,-1.1210438576476405
0,56.4264,4.61875,-1.1188165266583523
0,56.4264,4.621875,-1.1167514491721477
0,56.4264,4.625,-1.1148457809455259
0,56.4264,4.628125000000001,-1.1130965396934094
0,56.4264,4.63125,-1.1115006033279504
0,56.4264,4.634375,-1.1100547094174984
0,56.4264,4.6375,-1.1087554560637818
0,56.4264,4.640625,-1.1075993043880317
0,56.4264,4.643750000000001,-1.1065825828046512
0,56.4264,4.646875,-1.1057014932435336
0,56.4264,4.65,-1.1049521194591443
0,56.4264,4.653125,-1.104330437535833
0,56.4264,4.65625,-1.1038323286647114
0,56.4264,4.659375000000001,-1.1034535942281791
0,56.4264,4.6625,-1.1031899731845316
0,56.4264,4.665625,-1.1030371616978203
0,56.4264,4.66875,-1.1029908349085245
0,56.4264,4.671875,-1.1030466706898459
0,56.4264,4.675000000000001,-1.1032003751840547
0,56.4264,4.678125,-1.103447709864745
0,56.4264,4.68125,-1.1037845198254592
0,56.4264,4.684375,-1.1042067629542225
0,56.4264,4.6875,-1.1047105396180679
0,56.4264,4.690625000000001,-1.1052921224522574
0,56.4264,4.69375,-1.105947985826086
0,56.4264,4.696875,-1.1066748345408186
0,56.4264,4.7,-1.1074696313051444
0,56.4264,4.703125,-1.1083296225292056
0,56.4264,4.706250000000001,-1.1092523619789534
0,56.4264,4.709375,-1.1102357318379357
0,56.4264,4.7125,-1.1112779607331038
0,56.4264,4.715625,-1.1123776382946509
0,56.4264,4.71875,-1.1135337258375488
0,56.4264,4.721875000000001,-1.114745562774544
0,56.4264,4.725,-1.1160128683978565
0,56.4264,4.728125,-1.1173357387004077
0,56.4264,4.73125,-1.1187146379479622
0,56.4264,4.734375,-1.12015038476187
0,56.4264,4.737500000000001,-1.121644132528391
0,56.4264,4.740625,-1.1231973440148075
0,56.4264,4.74375,-1.1248117601440082
0,56.4264,4.746875,-1.126489362956663
0,56.4264,4.75,-1.1282323328718433
0,56.4264,4.753125000000001,-1.1300430004407636
0,56.4264,4.75625,-1.1319237928720487
0,56.4264,4.759375,-1.1338771756882475
0,56.4264,4.7625,-1.1359055899502528
0,56.4264,4.765625,-1.138011385557417
0,56.4264,4.768750000000001,-1.1401967511954272
0,56.4264,4.771875,-1.1424636415613723
0,56.4264,4.775,-1.1448137025463745
0,56.4264,4.778125,-1.1472481951016755
0,56.4264,4.78125,-1.1497679185561263
0,56.4264,4.784375000000001,-1.1523731341932195
0,56.4264,4.7875,-1.1550634899364602
0,56.4264,4.790625,-1.1578379470346305
0,56.4264,4.79375,-1.1606947096846931
0,56.4264,4.796875,-1.1636311585803567
0,56.4264,4.800000000000001,-1.1666437894280108
0,56.4264,4.803125,-1.1697281575272387
0,56.4264,4.80625,-1.1728788295672359
0,56.4264,4.809375,-1.1760893438383861
0,56.4264,4.8125,-1.1793521800942706
0,56.4264,4.815625000000001,-1.1826587403156787
0,56.4264,4.81875,-1.1859993416168886
0,56.4264,4.821875,-1.1893632224867225
0,56.4264,4.825,-1.1927385634642862
0,56.4264,4.828125,-1.1961125232048622
0,56.4264,4.831250000000001,-1.1994712906898757
0,56.4264,4.834375,-1.2028001540744608
0,56.4264,4.8375,-1.206083586349031
0,56.4264,4.840625,-1.2093053476239775
0,56.4264,4.84375,-1.212448603441274
0,56.4264,4.846875000000001,-1.2154960580891685
0,56.4264,4.85,-1.2184301014668037
0,56.4264,4.853125,-1.221232967636478
0,56.4264,4.85625,-1.223886902834954
0,56.4264,4.859375,-1.226374340412406
0,56.4264,4.862500000000001,-1.2286780799442059
0,56.4264,4.865625,-1.2307814676274267
0,56.4264,4.86875,-1.2326685750333235
0,56.4264,4.871875,-1.2343243733350862
0,56.4264,4.875,-1.2357349002557871
0,56.4264,4.878125000000001,-1.2368874171690296
0,56.4264,4.88125,-1.2377705540163682
0,56.4264,4.884375,-1.2383744399629355
0,56.4264,4.8875,-1.2386908179808107
0,56.4264,4.890625,-1.2387131418171298
0,56.4264,4.893750000000001,-1.2384366540650715
0,56.4264,4.896875,-1.2378584443096752
0,56.4264,4.9,-1.2369774865703347
0,56.4264,4.903125,-1.2357946555135788
0,56.4264,4.90625,-1.2343127211697837
0,56.4264,4.909375000000001,-1.2325363221613408
0,56.4264,4.9125,-1.2304719177400278
0,56.4264,4.915625,-1.2281277192372364
0,56.4264,4.91875,-1.2255136018476394
0,56.4264,4.921875,-1.2226409979864754
0,56.4264,4.925000000000001,-1.219522773772008
0,56.4264,4.928125,-1.2161730904749946
0,56.4264,4.93125,-1.212607253033045
0,56.4264,4.934375,-1.208841547937265
0,56.4264,4.9375,-1.20489307295088
0,56.4264,4.940625000000001,-1.2007795612074479
0,56.4264,4.94375,-1.1965192022551052
0,56.4264,4.946875,-1.1921304625630116
0,56.4264,4.95,-1.187631907889726
0,56.4264,4.953125,-1.1830420297371649
0,56.4264,4.956250000000001,-1.1783790778876726
0,56.4264,4.959375,-1.1736609007567118
0,56.4264,4.9625,-1.1689047950027938
0,56.4264,4.965625,-1.1641273655327045
0,56.4264,4.96875,-1.1593443967366706
0,56.4264,4.971875000000001,-1.1545707354971446
0,56.4264,4.975,-1.1498201862464805
0,56.4264,4.978125,-1.1451054181116338
0,56.4264,4.98125,-1.1404378839845322
0,56.4264,4.984375,-1.1358277511987653
0,56.4264,4.987500000000001,-1.131283843379019
0,56.4264,4.990625,-1.126813592958772
0,56.4264,4.99375,-1.1224230038324947
0,56.4264,4.996875,-1.1181166236175617
0,56.4264,5.0,-1.1138975250434893
0,56.4264,5.003125,-1.1097672960568343
0,56.4264,5.0062500000000005,-1.1057260383225402
0,56.4264,5.009375,-1.1017723739105088
0,56.4264,5.0125,-1.0979034600726125
0,56.4264,5.015625,-1.0941150121336294
0,56.4264,5.01875,-1.090401334632568
0,56.4264,5.0218750000000005,-1.086755360952159
0,56.4264,5.025,-1.0831687017573994
0,56.4264,5.028125,-1.0796317026229332
0,56.4264,5.03125,-1.0761335112583807
0,56.4264,5.034375,-1.0726621547355506
0,56.4264,5.0375000000000005,-1.069204627077954
0,56.4264,5.040625,-1.065746987488252
0,56.4264,5.04375,-1.062274469361699
0,56.4264,5.046875,-1.0587716000631784
0,56.4264,5.05,-1.0552223312339266
0,56.4264,5.0531250000000005,-1.051610179145072
0,56.4264,5.05625,-1.047918374334619
0,56.4264,5.059375,-1.0441300194602843
0,56.4264,5.0625,-1.040228253982917
0,56.4264,5.065625,-1.0361964239757806
0,56.4264,5.0687500000000005,-1.0320182550475465
0,56.4264,5.071875,-1.027678026085791
0,56.4264,5.075,-1.0231607412881916
0,56.4264,5.078125,-1.018452297765158
0,56.4264,5.08125,-1.0135396458835495
0,56.4264,5.0843750000000005,-1.0084109394879792
0,56.4264,5.0875,-1.0030556731921694
0,56.4264,5.090625,-0.9974648040826631
0,56.4264,5.09375,-0.9916308554213431
0,56.4264,5.096875,-0.9855480002672514
0,56.4264,5.1000000000000005,-0.9792121233533779
0,56.4264,5.103125,-0.9726208600368876
0,56.4264,5.10625,-0.9657736116741934
0,56.4264,5.109375,-0.9586715373353171
0,56.4264,5.1125,-0.9513175223420469
0,56.4264,5.1156250000000005,-0.9437161246688668
0,56.4264,5.11875,-0.9358735007612694
0,56.4264,5.121875,-0.9277973127821904
0,56.4264,5.125,-0.9194966196761047
0,56.4264,5.128125,-0.9109817547277124
0,56.4264,5.1312500000000005,-0.9022641924795085
0,56.4264,5.134375,-0.8933564079559594
0,56.4264,5.1375,-0.8842717311234053
0,56.4264,5.140625,-0.8750241994013405
0,56.4264,5.14375,-0.8656284108439147
0,56.4264,5.1468750000000005,-0.8560993803461722
0,56.4264,5.15,-0.8464524009158786
0,56.4264,5.153125,-0.8367029117083408
0,56.4264,5.15625,-0.8268663741682744
0,56.4264,5.159375,-0.8169581572772756
0,56.4264,5.1625000000000005,-0.806993432583647
0,56.4264,5.165625,-0.7969870794047318
0,56.4264,5.16875,-0.7869536003481659
0,56.4264,5.171875,-0.776907047100807
0,56.4264,5.175,-0.7668609562813347
0,56.4264,5.1781250000000005,-0.7568282950406355
0,56.4264,5.18125,-0.7468214160162168
0,56.4264,5.184375,-0.7368520211951062
0,56.4264,5.1875,-0.7269311342062572
0,56.4264,5.190625,-0.717069080540828
0,56.4264,5.1937500000000005,-0.707275475181728
0,56.4264,5.196875,-0.6975592171084963
0,56.4264,5.2,-0.6879284901282527
0,56.4264,5.203125,-0.6783907694681629
0,56.4264,5.20625,-0.6689528335504051
0,56.4264,5.2093750000000005,-0.6596207803592076
0,56.4264,5.2125,-0.6504000478029104
0,56.4264,5.215625,-0.6412954374741251
0,56.4264,5.21875,-0.6323111412192838
0,56.4264,5.221875,-0.6234507699455818
0,56.4264,5.2250000000000005,-0.6147173841186946
0,56.4264,5.228125,-0.6061135254378015
0,56.4264,5.23125,-0.5976412492141407
0,56.4264,5.234375,-0.5893021570241712
0,56.4264,5.2375,-0.5810974292564436
0,56.4264,5.2406250000000005,-0.5730278572210424
0,56.4264,5.24375,-0.5650938745402017
0,56.4264,5.246875,-0.5572955875870612
0,56.4264,5.25,-0.5496328047855141
0,56.4264,5.253125,-0.5421050646266364
0,56.4264,5.2562500000000005,-0.5347116622959258
0,56.4264,5.259375,-0.527451674840057
0,56.4264,5.2625,-0.5203239848319444
0,56.4264,5.265625,-0.5133273025187836
0,56.4264,5.26875,-0.50646018645937
0,56.4264,5.2718750000000005,-0.49972106267487654
0,56.4264,5.275,-0.49310824235159245
0,56.4264,5.278125,-0.486619938145255
0,56.4264,5.28125,-0.4802542791450873
0,56.4264,5.284375,-0.4740093245615787
0,56.4264,5.2875000000000005,-0.46788307620604935
0,56.4264,5.290625,-0.4618734898322847
0,56.4264,5.29375,-0.4559784854113266
0,56.4264,5.296875,-0.4501959564102682
0,56.4264,5.3,-0.44452377814460936
0,56.4264,5.3031250000000005,-0.43895981527185773
0,56.4264,5.30625,-0.433501928491608
0,56.4264,5.309375,-0.42814798051445374
0,56.4264,5.3125,-0.4228958413590718
0,56.4264,5.315625,-0.41774339303348523
0,56.4264,5.3187500000000005,-0.41268853365322755
0,56.4264,5.321875,-0.4077291810457709
0,56.4264,5.325,-0.4028632758872519
0,56.4264,5.328125,-0.3980887844143408
0,56.4264,5.33125,-0.3934037007509278
0,56.4264,5.3343750000000005,-0.3888060488863214
0,56.4264,5.3375,-0.38429388433881323
0,56.4264,5.340625,-0.3798652955357158
0,56.4264,5.34375,-0.37551840493848787
0,56.4264,5.346875,-0.37125136993912566
0,56.4264,5.3500000000000005,-0.3670623835517856
0,56.4264,5.353125,-0.36294967492152963
0,56.4264,5.35625,-0.3589115096701296
0,56.4264,5.359375,-0.35494619009711453
0,56.4264,5.3625,-0.3510520552525605
0,56.4264,5.3656250000000005,-0.34722748089661515
0,56.4264,5.36875,-0.3434708793593557
0,56.4264,5.371875,-0.3397806993132658
0,56.4264,5.375,-0.33615542546947536
0,56.4264,5.378125,-0.33259357820779323
0,56.4264,5.3812500000000005,-0.3290937131495955
0,56.4264,5.384375,-0.32565442068172434
0,56.4264,5.3875,-0.32227432543872164
0,56.4264,5.390625,-0.3189520857499985
0,56.4264,5.39375,-0.315686393057825
0,56.4264,5.3968750000000005,-0.3124759713114327
0,56.4264,5.4,-0.3093195763419501
0,56.4264,5.403125,-0.30621599522236886
0,56.4264,5.40625,-0.3031640456163019
0,56.4264,5.409375,-0.30016257511884975
0,56.4264,5.4125000000000005,-0.297210460592525
0,56.4264,5.415625,-0.2943066075008421
0,56.4264,5.41875,-0.29144994924185813
0,56.4264,5.421875,-0.28863944648369044
0,56.4264,5.425,-0.28587408650376744
0,56.4264,5.4281250000000005,-0.2831528825333475
0,56.4264,5.43125,-0.28047487310864305
0,56.4264,5.434375,-0.2778391214296865
0,56.4264,5.4375,-0.2752447147279354
0,56.4264,5.440625,-0.2726907636434411
0,56.4264,5.4437500000000005,-0.2701764016122862
0,56.4264,5.446875,-0.26770078426487975
0,56.4264,5.45,-0.2652630888355785
0,56.4264,5.453125,-0.2628625135840295
0,56.4264,5.45625,-0.2604982772285287
0,56.4264,5.4593750000000005,-0.2581696183916198
0,56.4264,5.4625,-0.2558757950580982
0,56.4264,5.465625,-0.2536160840455135
0,56.4264,5.46875,-0.25138978048722727
0,56.4264,5.471875,-0.2491961973280272
0,56.4264,5.4750000000000005,-0.24703466483225966
0,56.4264,5.478125,-0.24490453010441582
0,56.4264,5.48125,-0.24280515662205956
0,56.4264,5.484375,-0.24073592378098566
0,56.4264,5.4875,-0.23869622645244368
0,56.4264,5.4906250000000005,-0.23668547455226846
0,56.4264,5.49375,-0.2347030926217284
0,56.4264,5.496875,-0.23274851941988906
0,56.4264,5.5,-0.23082120752728894
0,56.4264,5.503125,-0.22892062296070295
0,56.4264,5.5062500000000005,-0.22704624479876517
0,56.4264,5.509375,-0.22519756481822367
0,56.4264,5.5125,-0.22337408714058107
0,56.4264,5.515625,-0.2215753278888902
0,56.4264,5.51875,-0.2198008148544557
0,56.4264,5.5218750000000005,-0.21805008717320074
0,56.4264,5.525,-0.21632269501145798
0,56.4264,5.528125,-0.21461819926093512
0,56.4264,5.53125,-0.21293617124262432
0,56.4264,5.534375,-0.21127619241940895
0,56.4264,5.5375000000000005,-0.20963785411713431
0,56.4264,5.540625,-0.20802075725391062
0,56.4264,5.54375,-0.20642451207741316
0,56.4264,5.546875,-0.20484873790996116
0,56.4264,5.55,-0.2032930629011463
0,56.4264,5.5531250000000005,-0.20175712378779795
0,56.4264,5.55625,-0.20024056566106982
0,56.4264,5.559375,-0.19874304174043567
0,56.4264,5.5625,-0.1972642131543968
0,56.4264,5.565625,-0.1958037487276961
0,56.4264,5.5687500000000005,-0.19436132477484452
0,56.4264,5.571875,-0.19293662489977442
0,56.4264,5.575,-0.19152933980142542
0,56.4264,5.578125,-0.19013916708509254
0,56.4264,5.58125,-0.18876581107935395
0,56.4264,5.5843750000000005,-0.1874089826584106
0,56.4264,5.5875,-0.18606839906967113
0,56.4264,5.590625,-0.1847437837664167
0,56.4264,5.59375,-0.18343486624539648
0,56.4264,5.596875,-0.18214138188919474
0,56.4264,5.6000000000000005,-0.18086307181322256
0,56.4264,5.603125,-0.17959968271719576
0,56.4264,5.60625,-0.17835096674095005
0,56.4264,5.609375,-0.17711668132446878
0,56.4264,5.6125,-0.17589658907198422
0,56.4264,5.6156250000000005,-0.17469045762002983
0,56.4264,5.61875,-0.1734980595093197
0,56.4264,5.621875,-0.172319172060332
0,56.4264,5.625,-0.1711535772524867
0,56.4264,5.628125,-0.1700010616068023
0,56.4264,5.6312500000000005,-0.1688614160719222
0,56.4264,5.634375,-0.1677344359134093
0,56.4264,5.6375,-0.16661992060620204
0,56.4264,5.640625,-0.16551767373013793
0,56.4264,5.64375,-0.16442750286844768
0,56.4264,5.6468750000000005,-0.16334921950912631
0,56.4264,5.65,-0.16228263894909487
0,56.4264,5.653125,-0.16122758020106173
0,56.4264,5.65625,-0.1601838659030054
0,56.4264,5.659375,-0.15915132223019374
0,56.4264,5.6625000000000005,-0.15812977880966247
0,56.4264,5.665625,-0.1571190686370789
0,56.4264,5.66875,-0.15611902799591282
0,56.4264,5.671875,-0.15512949637885023
0,56.4264,5.675,-0.1541503164113751
0,56.4264,5.6781250000000005,-0.15318133377745702
0,56.4264,5.68125,-0.15222239714727814
0,56.4264,5.684375,-0.15127335810693726
0,56.4264,5.6875,-0.15033407109007227
0,56.4264,5.690625,-0.1494043933113425
0,56.4264,5.6937500000000005,-0.14848418470171196
0,56.4264,5.696875,-0.14757330784548453
0,56.4264,5.7,-0.1466716279190311
0,56.4264,5.703125,-0.14577901263116397
0,56.4264,5.70625,-0.14489533216510672
0,56.4264,5.7093750000000005,-0.14402045912200967
0,56.4264,5.7125,-0.14315426846596974
0,56.4264,5.715625,-0.14229663747050403
0,56.4264,5.71875,-0.14144744566643802
0,56.4264,5.721875,-0.14060657479116612
0,56.4264,5.7250000000000005,-0.13977390873924156
0,56.4264,5.728125,-0.13894933351425923
0,56.4264,5.73125,-0.13813273718199057
0,56.4264,5.734375,-0.13732400982473722
0,56.4264,5.7375,-0.13652304349686437
0,56.4264,5.7406250000000005,-0.13572973218148177
0,56.4264,5.74375,-0.13494397174823888
0,56.4264,5.746875,-0.13416565991219837
0,56.4264,5.75,-0.1333946961937627
0,56.4264,5.753125,-0.13263098187961853
0,56.4264,5.7562500000000005,-0.1318744199846714
0,56.4264,5.759375,-0.13112491521494332
0,56.4264,5.7625,-0.13038237393140262
0,56.4264,5.765625,-0.12964670411470322
0,56.4264,5.76875,-0.12891781533080554
0,56.4264,5.7718750000000005,-0.12819561869745277
0,56.4264,5.775,-0.12748002685148244
0,56.4264,5.778125,-0.1267709539169438
0,56.4264,5.78125,-0.126068315474004
0,56.4264,5.784375,-0.12537202852861784
0,56.4264,5.7875000000000005,-0.12468201148294045
0,56.4264,5.790625,-0.12399818410646295
0,56.4264,5.79375,-0.12332046750784834
0,56.4264,5.796875,-0.12264878410745293
0,56.4264,5.800000000000001,-0.1219830576105095
0,56.4264,5.8031250000000005,-0.12132321298095794
0,56.4264,5.80625,-0.12066917641590193
0,56.4264,5.809375,-0.12002087532067762
0,56.4264,5.8125,-0.11937823828451688
0,56.4264,5.815625000000001,-0.11874119505678671
0,56.4264,5.8187500000000005,-0.1181096765237937
0,56.4264,5.821875,-0.11748361468613235
0,56.4264,5.825,-0.11686294263656861
0,56.4264,5.828125,-0.11624759453843975
0,56.4264,5.831250000000001,-0.1156375056045593
0,56.4264,5.8343750000000005,-0.11503261207661325
0,56.4264,5.8375,-0.11443285120503202
0,56.4264,5.840625,-0.1138381612293294
0,56.4264,5.84375,-0.11324848135889376
0,56.4264,5.846875000000001,-0.1126637517542195
0,56.4264,5.8500000000000005,-0.11208391350856882
0,56.4264,5.853125,-0.11150890863005004
0,56.4264,5.85625,-0.11093868002410423
0,56.4264,5.859375,-0.11037317147638824
0,56.4264,5.862500000000001,-0.10981232763604291
0,56.4264,5.8656250000000005,-0.10925609399933925
0,56.4264,5.86875,-0.10870441689368915
0,56.4264,5.871875,-0.10815724346201482
0,56.4264,5.875,-0.10761452164746531
0,56.4264,5.878125000000001,-0.10707620017847219
0,56.4264,5.8812500000000005,-0.10654222855413661
0,56.4264,5.884375,-0.10601255702993663
0,56.4264,5.8875,-0.1054871366037499
0,56.4264,5.890625,-0.10496591900218209
0,56.4264,5.893750000000001,-0.10444885666719281
0,56.4264,5.8968750000000005,-0.1039359027430139
0,56.4264,5.9,-0.10342701106334906
0,56.4264,5.903125,-0.10292213613885229
0,56.4264,5.90625,-0.1024212331448742
0,56.4264,5.909375000000001,-0.10192425790947202
0,56.4264,5.9125000000000005,-0.10143116690167668
0,56.4264,5.915625,-0.10094191722000798
0,56.4264,5.91875,-0.10045646658123644
0,56.4264,5.921875,-0.09997477330938098
0,56.4264,5.925000000000001,-0.09949679632494006
0,56.4264,5.9281250000000005,-0.09902249513434945
0,56.4264,5.93125,-0.09855182981966
0,56.4264,5.934375,-0.09808476102843237
0,56.4264,5.9375,-0.09762124996384196
0,56.4264,5.940625000000001,-0.0971612583749889
0,56.4264,5.9437500000000005,-0.09670474854740986
0,56.4264,5.946875,-0.09625168329378377
0,56.4264,5.95,-0.0958020259448305
0,56.4264,5.953125,-0.0953557403403954
0,56.4264,5.956250000000001,-0.09491279082071567
0,56.4264,5.9593750000000005,-0.09447314221786605
0,56.4264,5.9625,-0.0940367598473761
0,56.4264,5.965625,-0.09360360950001931
0,56.4264,5.96875,-0.09317365743376646
0,56.4264,5.971875000000001,-0.09274687036590151
0,56.4264,5.9750000000000005,-0.09232321546529586
0,56.4264,5.978125,-0.09190266034483588
0,56.4264,5.98125,-0.09148517305400251
0,56.4264,5.984375,-0.09107072207159785
0,56.4264,5.987500000000001,-0.09065927629861538
0,56.4264,5.9906250000000005,-0.09025080505125226
0,56.4264,5.99375,-0.0898452780540571
0,56.4264,5.996875,-0.08944266543321373
0,56.4264,6.0,-0.08904293770995589
