"Current","Field","Frequency","Spectra"
0,61.2774,1.0,-0.021313313354707007
0,61.2774,1.003125,-0.021378065080816227
0,61.2774,1.00625,-0.02144319032013586
0,61.2774,1.009375,-0.021508692440506336
0,61.2774,1.0125,-0.02157457485080788
0,61.2774,1.015625,-0.02164084100157982
0,61.2774,1.01875,-0.02170749438565094
0,61.2774,1.021875,-0.021774538538781158
0,61.2774,1.025,-0.021841977040314597
0,61.2774,1.028125,-0.02190981351384444
0,61.2774,1.03125,-0.02197805162788962
0,61.2774,1.034375,-0.0220466950965839
0,61.2774,1.0375,-0.022115747680377214
0,61.2774,1.040625,-0.022185213186749868
0,61.2774,1.04375,-0.022255095470939602
0,61.2774,1.046875,-0.022325398436682
0,61.2774,1.05,-0.02239612603696433
0,61.2774,1.053125,-0.02246728227479324
0,61.2774,1.05625,-0.02253887120397651
0,61.2774,1.059375,-0.022610896929919307
0,61.2774,1.0625,-0.022683363610434937
0,61.2774,1.065625,-0.022756275456570774
0,61.2774,1.06875,-0.0228296367334494
0,61.2774,1.071875,-0.022903451761125466
0,61.2774,1.075,-0.022977724915458526
0,61.2774,1.078125,-0.023052460629002094
0,61.2774,1.08125,-0.023127663391909473
0,61.2774,1.084375,-0.023203337752856643
0,61.2774,1.0875,-0.023279488319982347
0,61.2774,1.090625,-0.02335611976184624
0,61.2774,1.09375,-0.02343323680840488
0,61.2774,1.096875,-0.02351084425200653
0,61.2774,1.1,-0.023588946948404698
0,61.2774,1.103125,-0.023667549817791213
0,61.2774,1.10625,-0.02374665784584893
0,61.2774,1.109375,-0.023826276084824825
0,61.2774,1.1125,-0.023906409654623546
0,61.2774,1.115625,-0.023987063743922288
0,61.2774,1.11875,-0.024068243611307067
0,61.2774,1.121875,-0.02414995458643124
0,61.2774,1.125,-0.024232202071196404
0,61.2774,1.128125,-0.024314991540956427
0,61.2774,1.13125,-0.024398328545745085
0,61.2774,1.134375,-0.024482218711527698
0,61.2774,1.1375,-0.02456666774147749
0,61.2774,1.140625,-0.024651681417277062
0,61.2774,1.14375,-0.024737265600445688
0,61.2774,1.146875,-0.024823426233692908
0,61.2774,1.15,-0.02491016934229905
0,61.2774,1.153125,-0.024997501035523347
0,61.2774,1.15625,-0.025085427508040187
0,61.2774,1.159375,-0.02517395504140418
0,61.2774,1.1625,-0.025263090005544782
0,61.2774,1.165625,-0.02535283886029092
0,61.2774,1.16875,-0.025443208156926703
0,61.2774,1.171875,-0.0255342045397784
0,61.2774,1.175,-0.025625834747834055
0,61.2774,1.178125,-0.025718105616395835
0,61.2774,1.18125,-0.025811024078766398
0,61.2774,1.184375,-0.025904597167969834
0,61.2774,1.1875,-0.025998832018507917
0,61.2774,1.190625,-0.026093735868152796
0,61.2774,1.19375,-0.02618931605977659
0,61.2774,1.196875,-0.02628558004321909
0,61.2774,1.2,-0.026382535377194326
0,61.2774,1.203125,-0.026480189731236933
0,61.2774,1.20625,-0.02657855088768919
0,61.2774,1.209375,-0.026677626743729956
0,61.2774,1.2125,-0.026777425313446124
0,61.2774,1.215625,-0.026877954729948035
0,61.2774,1.21875,-0.02697922324752952
0,61.2774,1.221875,-0.027081239243873942
0,61.2774,1.225,-0.0271840112223072
0,61.2774,1.228125,-0.02728754781409886
0,61.2774,1.23125,-0.027391857780812663
0,61.2774,1.234375,-0.02749695001670744
0,61.2774,1.2375,-0.02760283355118994
0,61.2774,1.240625,-0.027709517551320544
0,61.2774,1.24375,-0.02781701132437334
0,61.2774,1.246875,-0.027925324320452027
0,61.2774,1.25,-0.028034466135162646
0,61.2774,1.253125,-0.02814444651234499
0,61.2774,1.25625,-0.028255275346863794
0,61.2774,1.259375,-0.028366962687461503
0,61.2774,1.2625,-0.0284795187396739
0,61.2774,1.265625,-0.028592953868810347
0,61.2774,1.26875,-0.028707278603000173
0,61.2774,1.271875,-0.028822503636307038
0,61.2774,1.275,-0.028938639831912673
0,61.2774,1.278125,-0.02905569822537225
0,61.2774,1.28125,-0.02917369002794259
0,61.2774,1.284375,-0.029292626629985746
0,61.2774,1.2875,-0.02941251960444933
0,61.2774,1.290625,-0.029533380710425917
0,61.2774,1.29375,-0.029655221896793392
0,61.2774,1.296875,-0.02977805530593839
0,61.2774,1.3,-0.029901893277564973
0,61.2774,1.303125,-0.0300267483525909
0,61.2774,1.30625,-0.030152633277133377
0,61.2774,1.309375,-0.030279561006587324
0,61.2774,1.3125,-0.030407544709797688
0,61.2774,1.315625,-0.030536597773329222
0,61.2774,1.31875,-0.0306667338058356
0,61.2774,1.321875,-0.03079796664253076
0,61.2774,1.325,-0.0309303103497654
0,61.2774,1.328125,-0.031063779229710944
0,61.2774,1.33125,-0.031198387825154383
0,61.2774,1.334375,-0.03133415092440659
0,61.2774,1.3375,-0.03147108356632734
0,61.2774,1.340625,-0.03160920104547015
0,61.2774,1.34375,-0.03174851891735019
0,61.2774,1.346875,-0.03188905300383855
0,61.2774,1.35,-0.03203081939868647
0,61.2774,1.353125,-0.03217383447318284
0,61.2774,1.35625,-0.03231811488194893
0,61.2774,1.359375,-0.03246367756887374
0,61.2774,1.3625,-0.03261053977319435
0,61.2774,1.365625,-0.03275871903572474
0,61.2774,1.36875,-0.032908233205237634
0,61.2774,1.371875,-0.03305910044500346
0,61.2774,1.375,-0.03321133923949067
0,61.2774,1.378125,-0.0333649684012324
0,61.2774,1.38125,-0.03352000707786347
0,61.2774,1.384375,-0.03367647475933322
0,61.2774,1.3875,-0.033834391285298665
0,61.2774,1.390625,-0.033993776852703404
0,61.2774,1.39375,-0.03415465202354721
0,61.2774,1.396875,-0.03431703773285229
0,61.2774,1.4,-0.034480955296831164
0,61.2774,1.403125,-0.034646426421262796
0,61.2774,1.40625,-0.03481347321008195
0,61.2774,1.409375,-0.034982118174189024
0,61.2774,1.4125,-0.03515238424048597
0,61.2774,1.415625,-0.035324294761145125
0,61.2774,1.41875,-0.035497873523118006
0,61.2774,1.421875,-0.03567314475789067
0,61.2774,1.425,-0.03585013315149321
0,61.2774,1.428125,-0.036028863854770735
0,61.2774,1.43125,-0.03620936249392355
0,61.2774,1.434375,-0.036391655181324783
0,61.2774,1.4375,-0.03657576852662321
0,61.2774,1.440625,-0.036761729648140395
0,61.2774,1.44375,-0.03694956618457047
0,61.2774,1.446875,-0.03713930630699196
0,61.2774,1.45,-0.03733097873120098
0,61.2774,1.453125,-0.037524612730375446
0,61.2774,1.45625,-0.0377202381480804
0,61.2774,1.459375,-0.03791788541162494
0,61.2774,1.4625,-0.038117585545781346
0,61.2774,1.465625,-0.038319370186877574
0,61.2774,1.46875,-0.03852327159727463
0,61.2774,1.471875,-0.03872932268024063
0,61.2774,1.475,-0.03893755699523378
0,61.2774,1.478125,-0.03914800877360725
0,61.2774,1.48125,-0.039360712934748784
0,61.2774,1.484375,-0.0395757051026686
0,61.2774,1.4875,-0.039793021623050026
0,61.2774,1.490625,-0.04001269958077702
0,61.2774,1.49375,-0.040234776817953836
0,61.2774,1.496875,-0.04045929195243244
0,61.2774,1.5,-0.040686284396863545
0,61.2774,1.503125,-0.04091579437828842
0,61.2774,1.50625,-0.041147862958288275
0,61.2774,1.509375,-0.041382532053709495
0,61.2774,1.5125000000000002,-0.041619844457982995
0,61.2774,1.515625,-0.04185984386305697
0,61.2774,1.51875,-0.04210257488196317
0,61.2774,1.521875,-0.042348083072036725
0,61.2774,1.525,-0.04259641495881133
0,61.2774,1.5281250000000002,-0.0428476180606118
0,61.2774,1.53125,-0.04310174091386656
0,61.2774,1.534375,-0.04335883309916445
0,61.2774,1.5375,-0.04361894526807952
0,61.2774,1.540625,-0.043882129170790096
0,61.2774,1.5437500000000002,-0.044148437684518135
0,61.2774,1.546875,-0.04441792484281619
0,61.2774,1.55,-0.04469064586573075
0,61.2774,1.553125,-0.04496665719087073
0,61.2774,1.55625,-0.0452460165054122
0,61.2774,1.5593750000000002,-0.04552878277907093
0,61.2774,1.5625,-0.045815016298074905
0,61.2774,1.565625,-0.04610477870017202
0,61.2774,1.56875,-0.0463981330107069
0,61.2774,1.571875,-0.046695143679804665
0,61.2774,1.5750000000000002,-0.04699587662069883
0,61.2774,1.578125,-0.04730039924924312
0,61.2774,1.58125,-0.04760878052464822
0,61.2774,1.584375,-0.047921090991485456
0,61.2774,1.5875,-0.04823740282300196
0,61.2774,1.5906250000000002,-0.04855778986579304
0,61.2774,1.59375,-0.048882327685878545
0,61.2774,1.596875,-0.049211093616233936
0,61.2774,1.6,-0.049544166805825615
0,61.2774,1.603125,-0.0498816282702048
0,61.2774,1.6062500000000002,-0.05022356094371502
0,61.2774,1.609375,-0.050570049733369885
0,61.2774,1.6125,-0.05092118157446175
0,61.2774,1.615625,-0.05127704548796204
0,61.2774,1.61875,-0.051637732639778375
0,61.2774,1.6218750000000002,-0.05200333640193483
0,61.2774,1.625,-0.05237395241574457
0,61.2774,1.628125,-0.052749678657047674
0,61.2774,1.63125,-0.05313061550358795
0,61.2774,1.634375,-0.05351686580460756
0,61.2774,1.6375000000000002,-0.05390853495273998
0,61.2774,1.640625,-0.05430573095828514
0,61.2774,1.64375,-0.05470856452595479
0,61.2774,1.646875,-0.055117149134178235
0,61.2774,1.65,-0.05553160111706333
0,61.2774,1.6531250000000002,-0.05595203974911124
0,61.2774,1.65625,-0.05637858733278585
0,61.2774,1.659375,-0.056811369289045864
0,61.2774,1.6625,-0.057250514250948084
0,61.2774,1.665625,-0.05769615416043784
0,61.2774,1.6687500000000002,-0.05814842436844589
0,61.2774,1.671875,-0.05860746373841484
0,61.2774,1.675,-0.05907341475338593
0,61.2774,1.678125,-0.059546423626778575
0,61.2774,1.68125,-0.060026640417003674
0,61.2774,1.6843750000000002,-0.06051421914605524
0,61.2774,1.6875,-0.06100931792223105
0,61.2774,1.690625,-0.06151209906714056
0,61.2774,1.69375,-0.06202272924716169
0,61.2774,1.696875,-0.06254137960951797
0,61.2774,1.7000000000000002,-0.0630682259231516
0,61.2774,1.703125,-0.06360344872457634
0,61.2774,1.70625,-0.06414723346890193
0,61.2774,1.709375,-0.06469977068622762
0,61.2774,1.7125,-0.06526125614361199
0,61.2774,1.7156250000000002,-0.06583189101283397
0,61.2774,1.71875,-0.06641188204416737
0,61.2774,1.721875,-0.06700144174640249
0,61.2774,1.725,-0.06760078857335453
0,61.2774,1.728125,-0.06821014711711024
0,61.2774,1.7312500000000002,-0.06882974830827397
0,61.2774,1.734375,-0.06945982962348199
0,61.2774,1.7375,-0.07010063530046867
0,61.2774,1.740625,-0.07075241656097453
0,61.2774,1.74375,-0.0714154318418008
0,61.2774,1.7468750000000002,-0.07208994703432503
0,61.2774,1.75,-0.07277623573280417
0,61.2774,1.753125,-0.07347457949180547
0,61.2774,1.75625,-0.07418526809311574
0,61.2774,1.759375,-0.07490859982249473
0,61.2774,1.7625000000000002,-0.07564488175665138
0,61.2774,1.765625,-0.07639443006083306
0,61.2774,1.76875,-0.07715757029743693
0,61.2774,1.771875,-0.0779346377460607
0,61.2774,1.775,-0.07872597773543023
0,61.2774,1.7781250000000002,-0.07953194598765329
0,61.2774,1.78125,-0.08035290897526362
0,61.2774,1.784375,-0.08118924429153829
0,61.2774,1.7875,-0.08204134103458116
0,61.2774,1.790625,-0.08290960020568705
0,61.2774,1.7937500000000002,-0.08379443512251197
0,61.2774,1.796875,-0.08469627184759207
0,61.2774,1.8,-0.08561554963277171
0,61.2774,1.803125,-0.08655272138011072
0,61.2774,1.80625,-0.08750825411986245
0,61.2774,1.8093750000000002,-0.08848262950612339
0,61.2774,1.8125,-0.08947634433077109
0,61.2774,1.815625,-0.0904899110563219
0,61.2774,1.81875,-0.09152385836834726
0,61.2774,1.821875,-0.09257873174810405
0,61.2774,1.8250000000000002,-0.0936550940660403
0,61.2774,1.828125,-0.09475352619684459
0,61.2774,1.83125,-0.0958746276567187
0,61.2774,1.834375,-0.09701901726354895
0,61.2774,1.8375,-0.09818733382065857
0,61.2774,1.8406250000000002,-0.09938023682481872
0,61.2774,1.84375,-0.10059840719918749
0,61.2774,1.846875,-0.10184254805184118
0,61.2774,1.85,-0.10311338546053986
0,61.2774,1.853125,-0.10441166928435489
0,61.2774,1.8562500000000002,-0.10573817400275481
0,61.2774,1.859375,-0.10709369958271127
0,61.2774,1.8625,-0.10847907237434871
0,61.2774,1.865625,-0.10989514603560117
0,61.2774,1.86875,-0.11134280248628535
0,61.2774,1.8718750000000002,-0.11282295289191929
0,61.2774,1.875,-0.1143365386775271
0,61.2774,1.878125,-0.11588453257157319
0,61.2774,1.88125,-0.11746793968003932
0,61.2774,1.884375,-0.11908779859052718
0,61.2774,1.8875000000000002,-0.12074518250610278
0,61.2774,1.890625,-0.12244120040841266
0,61.2774,1.89375,-0.12417699824939633
0,61.2774,1.896875,-0.12595376017066548
0,61.2774,1.9,-0.12777270974935512
0,61.2774,1.9031250000000002,-0.12963511126893051
0,61.2774,1.90625,-0.13154227101307692
0,61.2774,1.909375,-0.13349553858040356
0,61.2774,1.9125,-0.13549630821722514
0,61.2774,1.915625,-0.13754602016518305
0,61.2774,1.9187500000000002,-0.1396461620198824
0,61.2774,1.921875,-0.14179827009607174
0,61.2774,1.925,-0.14400393079417126
0,61.2774,1.928125,-0.1462647819621248
0,61.2774,1.93125,-0.14858251424565108
0,61.2774,1.9343750000000002,-0.15095887241894046
0,61.2774,1.9375,-0.15339565668670344
0,61.2774,1.940625,-0.15589472394721687
0,61.2774,1.94375,-0.1584579890045856
0,61.2774,1.946875,-0.16108742571688273
0,61.2774,1.9500000000000002,-0.1637850680650783
0,61.2774,1.953125,-0.1665530111257349
0,61.2774,1.95625,-0.16939341192831953
0,61.2774,1.959375,-0.17230849017560212
0,61.2774,1.9625,-0.17530052880301944
0,61.2774,1.9656250000000002,-0.1783718743499989
0,61.2774,1.96875,-0.18152493711307902
0,61.2774,1.971875,-0.1847621910472016
0,61.2774,1.975,-0.18808617337773542
0,61.2774,1.978125,-0.19149948388165042
0,61.2774,1.9812500000000002,-0.19500478379171848
0,61.2774,1.984375,-0.19860479427268193
0,61.2774,1.9875,-0.20230229441298916
0,61.2774,1.990625,-0.20610011866988434
0,61.2774,1.99375,-0.21000115369940894
0,61.2774,1.9968750000000002,-0.21400833449615012
0,61.2774,2.0,-0.2181246397603848
0,61.2774,2.003125,-0.22235308640263496
0,61.2774,2.00625,-0.22669672308752142
0,61.2774,2.0093750000000004,-0.23115862271028964
0,61.2774,2.0125,-0.23574187369045355
0,61.2774,2.015625,-0.24044956995775602
0,61.2774,2.01875,-0.24528479949614423
0,61.2774,2.021875,-0.2502506313018489
0,61.2774,2.0250000000000004,-0.2553501006020252
0,61.2774,2.028125,-0.260586192171011
0,61.2774,2.03125,-0.26596182157225406
0,61.2774,2.034375,-0.2714798141456764
0,61.2774,2.0375,-0.27714288155302463
0,61.2774,2.0406250000000004,-0.28295359568797873
0,61.2774,2.04375,-0.28891435975400614
0,61.2774,2.046875,-0.2950273763116783
0,61.2774,2.05,-0.3012946120991259
0,61.2774,2.053125,-0.30771775943528124
0,61.2774,2.0562500000000004,-0.31429819402638587
0,61.2774,2.059375,-0.32103692901299885
0,61.2774,2.0625,-0.32793456511847535
0,61.2774,2.065625,-0.3349912367918664
0,61.2774,2.06875,-0.34220655427974533
0,61.2774,2.0718750000000004,-0.34957954161394833
0,61.2774,2.075,-0.3571085705671485
0,61.2774,2.078125,-0.3647912907069561
0,61.2774,2.08125,-0.37262455577329956
0,61.2774,2.084375,-0.380604346714491
0,61.2774,2.0875000000000004,-0.3887256918456153
0,61.2774,2.090625,-0.39698258473951864
0,61.2774,2.09375,-0.40536790062588085
0,61.2774,2.096875,-0.41387331225730534
0,61.2774,2.1,-0.4224892064018494
0,61.2774,2.1031250000000004,-0.4312046023366792
0,61.2774,2.10625,-0.4400070739441987
0,61.2774,2.109375,-0.44888267724512204
0,61.2774,2.1125,-0.45781588543610374
0,61.2774,2.115625,-0.466789533724452
0,61.2774,2.1187500000000004,-0.47578477645895356
0,61.2774,2.121875,-0.48478105923205633
0,61.2774,2.125,-0.49375610876076725
0,61.2774,2.128125,-0.5026859434265359
0,61.2774,2.13125,-0.5115449073518888
0,61.2774,2.1343750000000004,-0.5203057307970881
0,61.2774,2.1375,-0.5289396194577022
0,61.2774,2.140625,-0.5374163749192695
0,61.2774,2.14375,-0.5457045480668864
0,61.2774,2.146875,-0.5537716266485722
0,61.2774,2.1500000000000004,-0.5615842574504992
0,61.2774,2.153125,-0.5691085026659468
0,61.2774,2.15625,-0.5763101290428905
0,61.2774,2.159375,-0.583154927301759
0,61.2774,2.1625,-0.5896090581591222
0,61.2774,2.1656250000000004,-0.5956394201182333
0,61.2774,2.16875,-0.6012140330451403
0,61.2774,2.171875,-0.60630243049702
0,61.2774,2.175,-0.6108760528683164
0,61.2774,2.178125,-0.6149086327301806
0,61.2774,2.1812500000000004,-0.6183765633147374
0,61.2774,2.184375,-0.6212592409835304
0,61.2774,2.1875,-0.6235393727509875
0,61.2774,2.190625,-0.625203240523481
0,61.2774,2.19375,-0.62624091465697
0,61.2774,2.1968750000000004,-0.6266464107047302
0,61.2774,2.2,-0.6264177847740224
0,61.2774,2.203125,-0.6255571646711504
0,61.2774,2.20625,-0.6240707159082377
0,61.2774,2.209375,-0.6219685435830171
0,61.2774,2.2125000000000004,-0.619264533032785
0,61.2774,2.215625,-0.6159761339165054
0,61.2774,2.21875,-0.6121240939154359
0,61.2774,2.221875,-0.6077321494977034
0,61.2774,2.225,-0.6028266821196218
0,61.2774,2.2281250000000004,-0.5974363488105211
0,61.2774,2.23125,-0.5915916963038526
0,61.2774,2.234375,-0.5853247677506956
0,61.2774,2.2375,-0.5786687106151309
0,61.2774,2.240625,-0.5716573936503823
0,61.2774,2.2437500000000004,-0.5643250399456652
0,61.2774,2.246875,-0.5567058819764179
0,61.2774,2.25,-0.5488338434457511
0,61.2774,2.253125,-0.5407422515299617
0,61.2774,2.25625,-0.5324635819870329
0,61.2774,2.2593750000000004,-0.52402923849728
0,61.2774,2.2625,-0.515469366613194
0,61.2774,2.265625,-0.5068127018250018
0,61.2774,2.26875,-0.4980864505138634
0,61.2774,2.271875,-0.4893162019718448
0,61.2774,2.2750000000000004,-0.48052586921552465
0,61.2774,2.278125,-0.4717376560010101
0,61.2774,2.28125,-0.4629720472507872
0,61.2774,2.284375,-0.4542478200127432
0,61.2774,2.2875,-0.44558207207280925
0,61.2774,2.2906250000000004,-0.4369902654185346
0,61.2774,2.29375,-0.428486281885258
0,61.2774,2.296875,-0.42008248849434926
0,61.2774,2.3,-0.41178981020057237
0,61.2774,2.303125,-0.40361780799105
0,61.2774,2.3062500000000004,-0.3955747605116423
0,61.2774,2.309375,-0.38766774762950174
0,61.2774,2.3125,-0.37990273456682266
0,61.2774,2.315625,-0.37228465545549805
0,61.2774,2.31875,-0.3648174953621425
0,61.2774,2.3218750000000004,-0.35750437001563634
0,61.2774,2.325,-0.35034760263373166
0,61.2774,2.328125,-0.34334879739107876
0,61.2774,2.33125,-0.3365089091985003
0,61.2774,2.334375,-0.3298283095732022
0,61.2774,2.3375000000000004,-0.32330684847300023
0,61.2774,2.340625,-0.316943912045769
0,61.2774,2.34375,-0.3107384763096707
0,61.2774,2.346875,-0.3046891568317149
0,61.2774,2.35,-0.29879425451327457
0,61.2774,2.3531250000000004,-0.2930517976228002
0,61.2774,2.35625,-0.2874595802393666
0,61.2774,2.359375,-0.28201519728716296
0,61.2774,2.3625,-0.27671607635164763
0,61.2774,2.365625,-0.27155950647384025
0,61.2774,2.3687500000000004,-0.26654266412104755
0,61.2774,2.371875,-0.26166263653091687
0,61.2774,2.375,-0.256916442621827
0,61.2774,2.378125,-0.25230105165678823
0,61.2774,2.38125,-0.24781339984072887
0,61.2774,2.3843750000000004,-0.24345040502273846
0,61.2774,2.3875,-0.23920897966580737
0,61.2774,2.390625,-0.23508604223718133
0,61.2774,2.39375,-0.23107852716283034
0,61.2774,2.396875,-0.2271833934799027
0,61.2774,2.4000000000000004,-0.22339763231155982
0,61.2774,2.403125,-0.21971827327934135
0,61.2774,2.40625,-0.21614238995931614
0,61.2774,2.409375,-0.21266710447975504
0,61.2774,2.4125,-0.20928959134997296
0,61.2774,2.4156250000000004,-0.20600708060236578
0,61.2774,2.41875,-0.2028168603224956
0,61.2774,2.421875,-0.19971627863539504
0,61.2774,2.425,-0.19670274521003023
0,61.2774,2.428125,-0.19377373233808493
0,61.2774,2.4312500000000004,-0.1909267756378999
0,61.2774,2.434375,-0.18815947442947734
0,61.2774,2.4375,-0.18546949182195294
0,61.2774,2.440625,-0.182854554550792
0,61.2774,2.44375,-0.1803124525981812
0,61.2774,2.4468750000000004,-0.17784103862663503
0,61.2774,2.45,-0.17543822725268365
0,61.2774,2.453125,-0.17310199418465347
0,61.2774,2.45625,-0.17083037524595457
0,61.2774,2.459375,-0.1686214653029301
0,61.2774,2.4625000000000004,-0.16647341711420224
0,61.2774,2.465625,-0.16438444011651768
0,61.2774,2.46875,-0.16235279916036655
0,61.2774,2.471875,-0.16037681320708508
0,61.2774,2.475,-0.15845485399774087
0,61.2774,2.4781250000000004,-0.15658534470284222
0,61.2774,2.48125,-0.15476675856077354
0,61.2774,2.484375,-0.15299761751184726
0,61.2774,2.4875,-0.15127649083395162
0,61.2774,2.490625,-0.1496019937849596
0,61.2774,2.4937500000000004,-0.14797278625634191
0,61.2774,2.496875,-0.14638757144177655
0,61.2774,2.5,-0.14484509452397595
0,61.2774,2.503125,-0.14334414138244214
0,61.2774,2.50625,-0.14188353732440245
0,61.2774,2.5093750000000004,-0.1404621458407822
0,61.2774,2.5125,-0.139078867388713
0,61.2774,2.515625,-0.13773263820176385
0,61.2774,2.51875,-0.13642242912880845
0,61.2774,2.521875,-0.13514724450219787
0,61.2774,2.5250000000000004,-0.13390612103569902
0,61.2774,2.528125,-0.13269812675247272
0,61.2774,2.53125,-0.1315223599432073
0,61.2774,2.534375,-0.13037794815438353
0,61.2774,2.5375,-0.129264047206527
0,61.2774,2.5406250000000004,-0.12817984024220153
0,61.2774,2.54375,-0.12712453680340882
0,61.2774,2.546875,-0.12609737193798728
0,61.2774,2.55,-0.12509760533453992
0,61.2774,2.553125,-0.1241245204853674
0,61.2774,2.5562500000000004,-0.12317742387684402
0,61.2774,2.559375,-0.12225564420663626
0,61.2774,2.5625,-0.12135853162713812
0,61.2774,2.565625,-0.1204854570144791
0,61.2774,2.56875,-0.11963581126244074
0,61.2774,2.5718750000000004,-0.11880900460061214
0,61.2774,2.575,-0.11800446593610549
0,61.2774,2.578125,-0.11722164221815226
0,61.2774,2.58125,-0.11645999782490155
0,61.2774,2.584375,-0.11571901397174414
0,61.2774,2.5875000000000004,-0.11499818814049335
0,61.2774,2.590625,-0.1142970335287605
0,61.2774,2.59375,-0.11361507851887317
0,61.2774,2.596875,-0.11295186616569541
0,61.2774,2.6,-0.11230695370272051
0,61.2774,2.6031250000000004,-0.11167991206582094
0,61.2774,2.60625,-0.11107032543405282
0,61.2774,2.609375,-0.11047779078692789
0,61.2774,2.6125,-0.1099019174775806
0,61.2774,2.615625,-0.10934232682127232
0,61.2774,2.6187500000000004,-0.10879865169869161
0,61.2774,2.621875,-0.1082705361735232
0,61.2774,2.625,-0.10775763512377556
0,61.2774,2.628125,-0.10725961388637255
0,61.2774,2.63125,-0.10677614791452808
0,61.2774,2.6343750000000004,-0.10630692244744114
0,61.2774,2.6375,-0.10585163219186033
0,61.2774,2.640625,-0.10540998101508492
0,61.2774,2.64375,-0.1049816816489825
0,61.2774,2.646875,-0.10456645540461773
0,61.2774,2.6500000000000004,-0.10416403189710113
0,61.2774,2.653125,-0.10377414878028052
0,61.2774,2.65625,-0.1033965514909106
0,61.2774,2.659375,-0.10303099300195032
0,61.2774,2.6625,-0.10267723358464881
0,61.2774,2.6656250000000004,-0.10233504057909461
0,61.2774,2.66875,-0.10200418817291297
0,61.2774,2.671875,-0.10168445718780976
0,61.2774,2.675,-0.10137563487367016
0,61.2774,2.678125,-0.10107751470993112
0,61.2774,2.6812500000000004,-0.10078989621395891
0,61.2774,2.684375,-0.10051258475617075
0,61.2774,2.6875,-0.10024539138165063
0,61.2774,2.690625,-0.09998813263801981
0,61.2774,2.69375,-0.09974063040932943
0,61.2774,2.6968750000000004,-0.09950271175575323
0,61.2774,2.7,-0.09927420875886639
0,61.2774,2.703125,-0.09905495837230406
0,61.2774,2.70625,-0.09884480227760249
0,61.2774,2.709375,-0.09864358674503149
0,61.2774,2.7125000000000004,-0.09845116249923597
0,61.2774,2.715625,-0.09826738458950984
0,61.2774,2.71875,-0.09809211226453345
0,61.2774,2.721875,-0.09792520885141208
0,61.2774,2.725,-0.09776654163885837
0,61.2774,2.7281250000000004,-0.09761598176436928
0,61.2774,2.73125,-0.09747340410525218
0,61.2774,2.734375,-0.09733868717336097
0,61.2774,2.7375,-0.09721171301341004
0,61.2774,2.740625,-0.0970923671047355
0,61.2774,2.7437500000000004,-0.0969805382663819
0,61.2774,2.746875,-0.09687611856539491
0,61.2774,2.75,-0.09677900322820573
0,61.2774,2.753125,-0.09668909055499753
0,61.2774,2.75625,-0.09660628183694892
0,61.2774,2.7593750000000004,-0.09653048127625222
0,61.2774,2.7625,-0.09646159590880901
0,61.2774,2.765625,-0.09639953552950954
0,61.2774,2.76875,-0.09634421262000559
0,61.2774,2.771875,-0.09629554227888976
0,61.2774,2.7750000000000004,-0.09625344215419784
0,61.2774,2.778125,-0.09621783237815407
0,61.2774,2.78125,-0.09618863550408198
0,61.2774,2.784375,-0.09616577644540665
0,61.2774,2.7875,-0.09614918241667642
0,61.2774,2.7906250000000004,-0.09613878287653639
0,61.2774,2.79375,-0.09613450947258642
0,61.2774,2.796875,-0.09613629598806055
0,61.2774,2.8,-0.09614407829026679
0,61.2774,2.803125,-0.09615779428072814
0,61.2774,2.8062500000000004,-0.0961773838469681
0,61.2774,2.809375,-0.09620278881588643
0,61.2774,2.8125,-0.09623395290867212
0,61.2774,2.815625,-0.09627082169720406
0,61.2774,2.81875,-0.09631334256188967
0,61.2774,2.8218750000000004,-0.0963614646508953
0,61.2774,2.825,-0.09641513884072359
0,61.2774,2.828125,-0.0964743176980937
0,61.2774,2.83125,-0.09653895544308344
0,61.2774,2.834375,-0.09660900791349267
0,61.2774,2.8375000000000004,-0.09668443253038954
0,61.2774,2.840625,-0.09676518826480189
0,61.2774,2.84375,-0.09685123560551887
0,61.2774,2.846875,-0.09694253652796725
0,61.2774,2.85,-0.09703905446412972
0,61.2774,2.8531250000000004,-0.09714075427347331
0,61.2774,2.85625,-0.0972476022148568
0,61.2774,2.859375,-0.09735956591938717
0,61.2774,2.8625,-0.09747661436419791
0,61.2774,2.865625,-0.09759871784711964
0,61.2774,2.8687500000000004,-0.0977258479622179
0,61.2774,2.871875,-0.09785797757617316
0,61.2774,2.875,-0.09799508080547602
0,61.2774,2.878125,-0.09813713299441726
0,61.2774,2.88125,-0.09828411069384684
0,61.2774,2.8843750000000004,-0.09843599164068248
0,61.2774,2.8875,-0.09859275473814463
0,61.2774,2.890625,-0.09875438003669922
0,61.2774,2.89375,-0.09892084871568742
0,61.2774,2.896875,-0.09909214306562387
0,61.2774,2.9000000000000004,-0.09926824647114574
0,61.2774,2.903125,-0.0994491433945944
0,61.2774,2.90625,-0.0996348193602136
0,61.2774,2.909375,-0.09982526093894732
0,61.2774,2.9125,-0.10002045573382212
0,61.2774,2.9156250000000004,-0.10022039236589905
0,61.2774,2.91875,-0.10042506046078063
0,61.2774,2.921875,-0.10063445063565853
0,61.2774,2.925,-0.1008485544868899
0,61.2774,2.928125,-0.10106736457808774
0,61.2774,2.9312500000000004,-0.1012908744287149
0,61.2774,2.934375,-0.10151907850316795
0,61.2774,2.9375,-0.10175197220034149
0,61.2774,2.940625,-0.10198955184366006
0,61.2774,2.94375,-0.10223181467156868
0,61.2774,2.9468750000000004,-0.10247875882847082
0,61.2774,2.95,-0.102730383356105
0,61.2774,2.953125,-0.10298668818535017
0,61.2774,2.95625,-0.1032476741284509
0,61.2774,2.959375,-0.10351334287165438
0,61.2774,2.9625000000000004,-0.10378369696825046
0,61.2774,2.965625,-0.10405873983200704
0,61.2774,2.96875,-0.10433847573099413
0,61.2774,2.971875,-0.10462290978178743
0,61.2774,2.975,-0.10491204794404729
0,61.2774,2.9781250000000004,-0.10520589701546353
0,61.2774,2.98125,-0.10550446462706245
0,61.2774,2.984375,-0.1058077592388687
0,61.2774,2.9875,-0.1061157901359162
0,61.2774,2.990625,-0.10642856742460366
0,61.2774,2.9937500000000004,-0.10674610202938858
0,61.2774,2.996875,-0.10706840568981542
0,61.2774,3.0,-0.10739549095787337
0,61.2774,3.0031250000000003,-0.1077273711956788
0,61.2774,3.00625,-0.10806406057347827
0,61.2774,3.009375,-0.10840557406797001
0,61.2774,3.0125,-0.10875192746093651
0,61.2774,3.015625,-0.10910313733818883
0,61.2774,3.0187500000000003,-0.10945922108881646
0,61.2774,3.021875,-0.109820196904741
0,61.2774,3.025,-0.11018608378057103
0,61.2774,3.028125,-0.110556901513755
0,61.2774,3.03125,-0.11093267070502918
0,61.2774,3.0343750000000003,-0.11131341275916068
0,61.2774,3.0375,-0.1116991498859807
0,61.2774,3.040625,-0.11208990510170842
0,61.2774,3.04375,-0.11248570223056259
0,61.2774,3.046875,-0.11288656590666044
0,61.2774,3.0500000000000003,-0.11329252157620119
0,61.2774,3.053125,-0.11370359549993486
0,61.2774,3.05625,-0.11411981475591398
0,61.2774,3.059375,-0.11454120724252846
0,61.2774,3.0625,-0.11496780168182233
0,61.2774,3.0656250000000003,-0.11539962762309261
0,61.2774,3.06875,-0.11583671544676959
0,61.2774,3.071875,-0.1162790963685791
0,61.2774,3.075,-0.11672680244398592
0,61.2774,3.078125,-0.11717986657291964
0,61.2774,3.0812500000000003,-0.11763832250478257
0,61.2774,3.084375,-0.11810220484374083
0,61.2774,3.0875,-0.11857154905429985
0,61.2774,3.090625,-0.11904639146716368
0,61.2774,3.09375,-0.11952676928538022
0,61.2774,3.0968750000000003,-0.1200127205907747
0,61.2774,3.1,-0.12050428435066962
0,61.2774,3.103125,-0.12100150042489721
0,61.2774,3.10625,-0.12150440957310134
0,61.2774,3.109375,-0.12201305346233464
0,61.2774,3.1125000000000003,-0.12252747467495076
0,61.2774,3.115625,-0.12304771671679426
0,61.2774,3.11875,-0.12357382402569189
0,61.2774,3.121875,-0.12410584198024503
0,61.2774,3.125,-0.1246438169089288
0,61.2774,3.1281250000000003,-0.1251877960994993
0,61.2774,3.13125,-0.12573782780871193
0,61.2774,3.134375,-0.12629396127235398
0,61.2774,3.1375,-0.12685624671559623
0,61.2774,3.140625,-0.1274247353636638
0,61.2774,3.1437500000000003,-0.12799947945283482
0,61.2774,3.146875,-0.12858053224176466
0,61.2774,3.15,-0.12916794802314616
0,61.2774,3.153125,-0.12976178213570488
0,61.2774,3.15625,-0.1303620909765362
0,61.2774,3.1593750000000003,-0.13096893201378929
0,61.2774,3.1625,-0.1315823637996999
0,61.2774,3.165625,-0.13220244598398076
0,61.2774,3.16875,-0.13282923932757154
0,61.2774,3.171875,-0.133462805716754
0,61.2774,3.1750000000000003,-0.13410320817764063
0,61.2774,3.178125,-0.13475051089103798
0,61.2774,3.18125,-0.13540477920769467
0,61.2774,3.184375,-0.1360660796639374
0,61.2774,3.1875,-0.13673447999770205
0,61.2774,3.1906250000000003,-0.1374100491649675
0,61.2774,3.19375,-0.1380928573565961
0,61.2774,3.196875,-0.13878297601559095
0,61.2774,3.2,-0.1394804778547747
0,61.2774,3.203125,-0.14018543687489743
0,61.2774,3.2062500000000003,-0.14089792838318363
0,61.2774,3.209375,-0.14161802901232162
0,61.2774,3.2125,-0.1423458167399081
0,61.2774,3.215625,-0.1430813709083527
0,61.2774,3.21875,-0.1438247722452528
0,61.2774,3.2218750000000003,-0.1445761028842471
0,61.2774,3.225,-0.14533544638635584
0,61.2774,3.228125,-0.1461028877618195
0,61.2774,3.23125,-0.14687851349244185
0,61.2774,3.234375,-0.14766241155445095
0,61.2774,3.2375000000000003,-0.14845467144188582
0,61.2774,3.240625,-0.14925538419051979
0,61.2774,3.24375,-0.15006464240233114
0,61.2774,3.246875,-0.1508825402705337
0,61.2774,3.25,-0.15170917360517477
0,61.2774,3.2531250000000003,-0.15254463985931643
0,61.2774,3.25625,-0.1533890381558095
0,61.2774,3.259375,-0.15424246931467372
0,61.2774,3.2625,-0.15510503588109548
0,61.2774,3.265625,-0.155976842154057
0,61.2774,3.2687500000000003,-0.156857994215612
0,61.2774,3.271875,-0.15774859996081686
0,61.2774,3.275,-0.15864876912833653
0,61.2774,3.278125,-0.1595586133317375
0,61.2774,3.28125,-0.16047824609148137
0,61.2774,3.2843750000000003,-0.16140778286763746
0,61.2774,3.2875,-0.16234734109332713
0,61.2774,3.290625,-0.16329704020891886
0,61.2774,3.29375,-0.16425700169698798
0,61.2774,3.296875,-0.16522734911806028
0,61.2774,3.3000000000000003,-0.1662082081471567
0,61.2774,3.303125,-0.1671997066111556
0,61.2774,3.30625,-0.168201974526994
0,61.2774,3.309375,-0.16921514414072425
0,61.2774,3.3125,-0.17023934996744747
0,61.2774,3.3156250000000003,-0.17127472883214362
0,61.2774,3.31875,-0.17232141991141822
0,61.2774,3.321875,-0.17337956477618838
0,61.2774,3.325,-0.17444930743532924
0,61.2774,3.328125,-0.17553079438030353
0,61.2774,3.3312500000000003,-0.17662417463079835
0,61.2774,3.334375,-0.17772959978139113
0,61.2774,3.3375,-0.17884722404927267
0,61.2774,3.340625,-0.1799772043230495
0,61.2774,3.34375,-0.1811197002126515
0,61.2774,3.3468750000000003,-0.18227487410037665
0,61.2774,3.35,-0.183442891193093
0,61.2774,3.353125,-0.18462391957563234
0,61.2774,3.35625,-0.1858181302654025
0,61.2774,3.359375,-0.18702569726824697
0,61.2774,3.3625000000000003,-0.18824679763558735
0,61.2774,3.365625,-0.18948161152287415
0,61.2774,3.36875,-0.19073032224938652
0,61.2774,3.371875,-0.19199311635940752
0,61.2774,3.375,-0.19327018368481397
0,61.2774,3.3781250000000003,-0.19456171740911818
0,61.2774,3.38125,-0.19586791413299284
0,61.2774,3.384375,-0.1971889739413253
0,61.2774,3.3875,-0.19852510047183314
0,61.2774,3.390625,-0.19987650098528625
0,61.2774,3.3937500000000003,-0.2012433864373776
0,61.2774,3.396875,-0.20262597155228163
0,61.2774,3.4000000000000004,-0.20402447489795122
0,61.2774,3.403125,-0.2054391189631927
0,61.2774,3.40625,-0.20687013023657244
0,61.2774,3.4093750000000003,-0.20831773928719938
0,61.2774,3.4125,-0.20978218084743686
0,61.2774,3.4156250000000004,-0.21126369389759553
0,61.2774,3.41875,-0.21276252175265986
0,61.2774,3.421875,-0.21427891215110761
0,61.2774,3.4250000000000003,-0.21581311734587502
0,61.2774,3.428125,-0.21736539419753034
0,61.2774,3.4312500000000004,-0.21893600426971882
0,61.2774,3.434375,-0.22052521392693678
0,61.2774,3.4375,-0.22213329443470903
0,61.2774,3.4406250000000003,-0.22376052206222913
0,61.2774,3.44375,-0.2254071781875374
0,61.2774,3.4468750000000004,-0.22707354940531138
0,61.2774,3.45,-0.22875992763733774
0,61.2774,3.453125,-0.23046661024574966
0,61.2774,3.4562500000000003,-0.23219390014910735
0,61.2774,3.459375,-0.2339421059414035
0,61.2774,3.4625000000000004,-0.23571154201408642
0,61.2774,3.465625,-0.23750252868118119
0,61.2774,3.46875,-0.23931539230761054
0,61.2774,3.4718750000000003,-0.24115046544080598
0,61.2774,3.475,-0.2430080869457073
0,61.2774,3.4781250000000004,-0.2448886021432625
0,61.2774,3.48125,-0.2467923629525218
0,61.2774,3.484375,-0.2487197280364494
0,61.2774,3.4875000000000003,-0.250671062951558
0,61.2774,3.490625,-0.25264674030149004
0,61.2774,3.4937500000000004,-0.2546471398946704
0,61.2774,3.496875,-0.2566726489061526
0,61.2774,3.5,-0.2587236620437985
0,61.2774,3.5031250000000003,-0.2608005817189248
0,61.2774,3.50625,-0.2629038182215594
0,61.2774,3.5093750000000004,-0.26503378990046034
0,61.2774,3.5125,-0.2671909233480437
0,61.2774,3.515625,-0.26937565359039034
0,61.2774,3.5187500000000003,-0.27158842428248786
0,61.2774,3.521875,-0.27382968790888473
0,61.2774,3.5250000000000004,-0.2760999059899367
0,61.2774,3.528125,-0.27839954929382593
0,61.2774,3.53125,-0.28072909805455365
0,61.2774,3.5343750000000003,-0.2830890421960965
0,61.2774,3.5375,-0.28547988156294135
0,61.2774,3.5406250000000004,-0.287902126157214
0,61.2774,3.54375,-0.29035629638262106
0,61.2774,3.546875,-0.2928429232954424
0,61.2774,3.5500000000000003,-0.2953625488628115
0,61.2774,3.553125,-0.2979157262285373
0,61.2774,3.5562500000000004,-0.30050301998672707
0,61.2774,3.559375,-0.3031250064634759
0,61.2774,3.5625,-0.3057822740069111
0,61.2774,3.5656250000000003,-0.3084754232858727
0,61.2774,3.56875,-0.31120506759753863
0,61.2774,3.5718750000000004,-0.3139718331843034
0,61.2774,3.575,-0.31677635956023614
0,61.2774,3.578125,-0.31961929984745363
0,61.2774,3.5812500000000003,-0.3225013211227582
0,61.2774,3.584375,-0.32542310477489567
0,61.2774,3.5875000000000004,-0.328385346872821
0,61.2774,3.590625,-0.33138875854534
0,61.2774,3.59375,-0.334434066372548
0,61.2774,3.5968750000000003,-0.33752201278946714
0,61.2774,3.6,-0.34065335650231626
0,61.2774,3.6031250000000004,-0.3438288729178614
0,61.2774,3.60625,-0.3470493545862993
0,61.2774,3.609375,-0.35031561165815644
0,61.2774,3.6125000000000003,-0.35362847235568723
0,61.2774,3.615625,-0.35698878345927976
0,61.2774,3.6187500000000004,-0.3603974108093959
0,61.2774,3.621875,-0.3638552398245717
0,61.2774,3.625,-0.3673631760360505
0,61.2774,3.6281250000000003,-0.3709221456396032
0,61.2774,3.63125,-0.37453309606512847
0,61.2774,3.6343750000000004,-0.37819699656464545
0,61.2774,3.6375,-0.38191483881928434
0,61.2774,3.640625,-0.38568763756592667
0,61.2774,3.6437500000000003,-0.38951643124413515
0,61.2774,3.646875,-0.3934022826640498
0,61.2774,3.6500000000000004,-0.39734627969593966
0,61.2774,3.653125,-0.40134953598209344
0,61.2774,3.65625,-0.40541319167178674
0,61.2774,3.6593750000000003,-0.4095384141800369
0,61.2774,3.6625,-0.41372639897089597
0,61.2774,3.6656250000000004,-0.41797837036604446
0,61.2774,3.66875,-0.4222955823794424
0,61.2774,3.671875,-0.4266793195788301
0,61.2774,3.6750000000000003,-0.4311308979748633
0,61.2774,3.678125,-0.43565166593867954
0,61.2774,3.6812500000000004,-0.4402430051487219
0,61.2774,3.684375,-0.44490633156761084
0,61.2774,3.6875,-0.4496430964499134
0,61.2774,3.6906250000000003,-0.4544547873816132
0,61.2774,3.69375,-0.45934292935212645
0,61.2774,3.6968750000000004,-0.46430908585969255
0,61.2774,3.7,-0.46935486005096444
0,61.2774,3.703125,-0.4744818958956391
0,61.2774,3.7062500000000003,-0.4796918793969531
0,61.2774,3.709375,-0.48498653983885964
0,61.2774,3.7125000000000004,-0.4903676510707228
0,61.2774,3.715625,-0.495837032830321
0,61.2774,3.71875,-0.501396552105985
0,61.2774,3.7218750000000003,-0.5070481245386478
0,61.2774,3.725,-0.5127937158646052
0,61.2774,3.7281250000000004,-0.5186353433997671
0,61.2774,3.73125,-0.5245750775661512
0,61.2774,3.734375,-0.5306150434614076
0,61.2774,3.7375000000000003,-0.536757422472094
0,61.2774,3.740625,-0.54300445393147
0,61.2774,3.7437500000000004,-0.5493584368225477
0,61.2774,3.746875,-0.5558217315271241
0,61.2774,3.75,-0.56239676162156
0,61.2774,3.7531250000000003,-0.5690860157200257
0,61.2774,3.75625,-0.5758920493659835
0,61.2774,3.7593750000000004,-0.5828174869726831
0,61.2774,3.7625,-0.5898650238134384
0,61.2774,3.765625,-0.5970374280625299
0,61.2774,3.7687500000000003,-0.6043375428875559
0,61.2774,3.771875,-0.611768288594136
0,61.2774,3.7750000000000004,-0.6193326648238987
0,61.2774,3.778125,-0.6270337528067199
0,61.2774,3.78125,-0.6348747176682595
0,61.2774,3.7843750000000003,-0.6428588107938731
0,61.2774,3.7875,-0.6509893722500346
0,61.2774,3.7906250000000004,-0.6592698332644724
0,61.2774,3.79375,-0.6677037187662096
0,61.2774,3.796875,-0.6762946499867823
0,61.2774,3.8000000000000003,-0.685046347123852
0,61.2774,3.803125,-0.6939626320683994
0,61.2774,3.8062500000000004,-0.703047431196649
0,61.2774,3.809375,-0.7123047782276335
0,61.2774,3.8125,-0.7217388171471869
0,61.2774,3.8156250000000003,-0.731353805198751
0,61.2774,3.81875,-0.7411541159409882
0,61.2774,3.8218750000000004,-0.7511442423716082
0,61.2774,3.825,-0.7613288001160154
0,61.2774,3.828125,-0.7717125306784999
0,61.2774,3.8312500000000003,-0.7823003047524187
0,61.2774,3.834375,-0.7930971255843744
0,61.2774,3.8375000000000004,-0.8041081323856356
0,61.2774,3.840625,-0.8153386037817989
0,61.2774,3.84375,-0.826793961289254
0,61.2774,3.8468750000000003,-0.8384797728038944
0,61.2774,3.85,-0.8504017560840942
0,61.2774,3.8531250000000004,-0.862565782205911
0,61.2774,3.85625,-0.8749778789638086
0,61.2774,3.859375,-0.887644234185047
0,61.2774,3.8625000000000003,-0.9005711989198909
0,61.2774,3.865625,-0.9137652904632839
0,61.2774,3.8687500000000004,-0.9272331951563462
0,61.2774,3.871875,-0.940981770908021
0,61.2774,3.875,-0.955018049368571
0,61.2774,3.8781250000000003,-0.9693492376771242
0,61.2774,3.88125,-0.9839827196954344
0,61.2774,3.8843750000000004,-0.9989260566292737
0,61.2774,3.8875,-1.0141869869274203
0,61.2774,3.890625,-1.029773425336419
0,61.2774,3.8937500000000003,-1.0456934609767015
0,61.2774,3.896875,-1.0619553542929032
0,61.2774,3.9000000000000004,-1.0785675327179467
0,61.2774,3.903125,-1.0955385848768855
0,61.2774,3.90625,-1.1128772531428885
0,61.2774,3.9093750000000003,-1.130592424343744
0,61.2774,3.9125,-1.1486931184034015
0,61.2774,3.9156250000000004,-1.167188474689153
0,61.2774,3.91875,-1.1860877358210817
0,61.2774,3.921875,-1.2054002286868095
0,61.2774,3.9250000000000003,-1.2251353423908826
0,61.2774,3.928125,-1.2453025028549607
0,61.2774,3.9312500000000004,-1.2659111437720267
0,61.2774,3.934375,-1.2869706736052529
0,61.2774,3.9375,-1.308490438310429
0,61.2774,3.9406250000000003,-1.3304796794495632
0,61.2774,3.94375,-1.3529474873531941
0,61.2774,3.9468750000000004,-1.3759027489801685
0,61.2774,3.95,-1.3993540901162753
0,61.2774,3.953125,-1.423309811548364
0,61.2774,3.9562500000000003,-1.4477778188480777
0,61.2774,3.959375,-1.4727655454007054
0,61.2774,3.9625000000000004,-1.4982798683201701
0,61.2774,3.965625,-1.5243270169019292
0,61.2774,3.96875,-1.5509124732831163
0,61.2774,3.9718750000000003,-1.5780408650041873
0,61.2774,3.975,-1.6057158492008576
0,61.2774,3.9781250000000004,-1.6339399882002927
0,61.2774,3.98125,-1.6627146163532112
0,61.2774,3.984375,-1.6920396980058645
0,61.2774,3.9875000000000003,-1.7219136766041043
0,61.2774,3.990625,-1.7523333150284601
0,61.2774,3.9937500000000004,-1.7832935273858912
0,61.2774,3.996875,-1.814787202632333
0,61.2774,4.0,-1.8468050205725528
0,61.2774,4.003125000000001,-1.8793352609807323
0,61.2774,4.00625,-1.912363606808443
0,61.2774,4.009375,-1.9458729426965664
0,61.2774,4.0125,-1.979843150283414
0,61.2774,4.015625,-2.014250902104249
0,61.2774,4.018750000000001,-2.0490694562027794
0,61.2774,4.021875,-2.0842684539233596
0,61.2774,4.025,-2.119813723717874
0,61.2774,4.028125,-2.155667094178096
0,61.2774,4.03125,-2.191786219887914
0,61.2774,4.034375000000001,-2.228124424068391
0,61.2774,4.0375,-2.2646305623548266
0,61.2774,4.040625,-2.301248912384535
0,61.2774,4.04375,-2.337919094172306
0,61.2774,4.046875,-2.374576026493124
0,61.2774,4.050000000000001,-2.411149924656963
0,61.2774,4.053125,-2.447566345131397
0,61.2774,4.05625,-2.483746282421466
0,61.2774,4.059375,-2.519606323430131
0,61.2774,4.0625,-2.5550588641778393
0,61.2774,4.065625000000001,-2.590012393231808
0,61.2774,4.06875,-2.624371845471097
0,61.2774,4.071875,-2.658039028876347
0,61.2774,4.075,-2.6909131258767705
0,61.2774,4.078125,-2.7228912694139837
0,61.2774,4.081250000000001,-2.7538691923001792
0,61.2774,4.084375,-2.7837419466821993
0,61.2774,4.0875,-2.8124046885056964
0,61.2774,4.090625,-2.8397535198526915
0,61.2774,4.09375,-2.865686379963447
0,61.2774,4.096875000000001,-2.8901039737191216
0,61.2774,4.1,-2.9129107244394503
0,61.2774,4.103125,-2.9340157361256276
0,61.2774,4.10625,-2.9533337488423084
0,61.2774,4.109375,-2.970786069871962
0,61.2774,4.112500000000001,-2.986301462665369
0,61.2774,4.115625,-2.999816975519469
0,61.2774,4.11875,-3.0112786923809494
0,61.2774,4.121875,-3.020642389221754
0,61.2774,4.125,-3.0278740810551206
0,61.2774,4.128125000000001,-3.0329504468219635
0,61.2774,4.13125,-3.0358591220158413
0,61.2774,4.134375,-3.0365988519406715
0,61.2774,4.1375,-3.0351795017995906
0,61.2774,4.140625,-3.031621923269638
0,61.2774,4.143750000000001,-3.0259576806908495
0,61.2774,4.146875,-3.018228643354402
0,61.2774,4.15,-3.0084864534834694
0,61.2774,4.153125,-2.9967918822476856
0,61.2774,4.15625,-2.983214088441817
0,61.2774,4.159375000000001,-2.967829796221936
0,61.2774,4.1625,-2.9507224094838116
0,61.2774,4.165625,-2.931981081074548
0,61.2774,4.16875,-2.911699755062273
0,61.2774,4.171875,-2.8899761997865503
0,61.2774,4.175000000000001,-2.8669110484337588
0,61.2774,4.178125,-2.842606862499925
0,61.2774,4.18125,-2.8171672318034915
0,61.2774,4.184375,-2.7906959227831565
0,61.2774,4.1875,-2.7632960847489154
0,61.2774,4.190625000000001,-2.735069521636083
0,61.2774,4.19375,-2.7061160347171516
0,61.2774,4.196875,-2.676532839723139
0,61.2774,4.2,-2.646414059968472
0,61.2774,4.203125,-2.6158502954011826
0,61.2774,4.206250000000001,-2.5849282660434354
0,61.2774,4.209375,-2.5537305270590567
0,61.2774,4.2125,-2.522335251690816
0,61.2774,4.215625,-2.490816077545934
0,61.2774,4.21875,-2.4592420111587288
0,61.2774,4.221875000000001,-2.427677385409671
0,61.2774,4.225,-2.3961818642044994
0,61.2774,4.228125,-2.3648104887930486
0,61.2774,4.23125,-2.333613760209549
0,61.2774,4.234375,-2.302637752517272
0,61.2774,4.237500000000001,-2.2719242518198737
0,61.2774,4.240625,-2.241510916334805
0,61.2774,4.24375,-2.2114314531931853
0,61.2774,4.246875,-2.18171580801888
0,61.2774,4.25,-2.1523903637317585
0,61.2774,4.253125000000001,-2.1234781454079634
0,61.2774,4.25625,-2.0949990284022295
0,61.2774,4.259375,-2.066969947289817
0,61.2774,4.2625,-2.039405103514076
0,61.2774,4.265625,-2.0123161699269216
0,61.2774,4.268750000000001,-1.985712490684951
0,61.2774,4.271875,-1.9596012752120855
0,61.2774,4.275,-1.9339877851629332
0,61.2774,4.278125,-1.908875513521911
0,61.2774,4.28125,-1.8842663551519934
0,61.2774,4.284375000000001,-1.8601607682687216
0,61.2774,4.2875,-1.8365579264596081
0,61.2774,4.290625,-1.813455860999957
0,61.2774,4.29375,-1.7908515933348406
0,61.2774,4.296875,-1.7687412577039046
0,61.2774,4.300000000000001,-1.7471202139835835
0,61.2774,4.303125,-1.7259831509088805
0,61.2774,4.30625,-1.7053241799156393
0,61.2774,4.309375,-1.685136919914068
0,61.2774,4.3125,-1.665414573363942
0,61.2774,4.315625000000001,-1.6461499940730009
0,61.2774,4.31875,-1.627335747180488
0,61.2774,4.321875,-1.6089641618185255
0,61.2774,4.325,-1.5910273769651317
0,61.2774,4.328125,-1.5735173810133183
0,61.2774,4.331250000000001,-1.556426045583035
0,61.2774,4.334375,-1.5397451540958758
0,61.2774,4.3375,-1.523466425618421
0,61.2774,4.340625,-1.507581534459938
0,61.2774,4.34375,-1.4920821259845514
0,61.2774,4.346875000000001,-1.4769598290697243
0,61.2774,4.35,-1.462206265612059
0,61.2774,4.353125,-1.4478130574507044
0,61.2774,4.35625,-1.4337718310491427
0,61.2774,4.359375,-1.4200742202488337
0,61.2774,4.362500000000001,-1.4067118673853134
0,61.2774,4.365625,-1.3936764230389092
0,61.2774,4.36875,-1.3809595446796383
0,61.2774,4.371875,-1.368552894459866
0,61.2774,4.375,-1.3564481364082102
0,61.2774,4.378125000000001,-1.3446369332853458
0,61.2774,4.38125,-1.333110943374976
0,61.2774,4.384375,-1.321861817501454
0,61.2774,4.3875,-1.310881196587907
0,61.2774,4.390625,-1.3001607100930543
0,61.2774,4.393750000000001,-1.2896919756902498
0,61.2774,4.396875,-1.2794666005748156
0,61.2774,4.4,-1.2694761848033742
0,61.2774,4.403125,-1.259712327078157
0,61.2774,4.40625,-1.2501666333859993
0,61.2774,4.409375000000001,-1.2408307288832476
0,61.2774,4.4125,-1.231696273379445
0,61.2774,4.415625,-1.2227549807119265
0,61.2774,4.41875,-1.21399864221774
0,61.2774,4.421875,-1.2054191543966368
0,61.2774,4.425000000000001,-1.1970085507203654
0,61.2774,4.428125,-1.1887590373800574
0,61.2774,4.43125,-1.1806630325799967
0,61.2774,4.434375,-1.1727132087890435
0,61.2774,4.4375,-1.1649025371590103
0,61.2774,4.440625000000001,-1.1572243331244196
0,61.2774,4.44375,-1.1496723020226034
0,61.2774,4.446875,-1.1422405834312046
0,61.2774,4.45,-1.1349237928258094
0,61.2774,4.453125,-1.1277170591251233
0,61.2774,4.456250000000001,-1.1206160567251633
0,61.2774,4.459375,-1.1136170307315911
0,61.2774,4.4625,-1.1067168142811745
0,61.2774,4.465625,-1.0999128370933215
0,61.2774,4.46875,-1.093203124698826
0,61.2774,4.471875000000001,-1.0865862881389134
0,61.2774,4.475,-1.0800615042921622
0,61.2774,4.478125,-1.0736284873472386
0,61.2774,4.48125,-1.0672874522727718
0,61.2774,4.484375,-1.0610390714210123
0,61.2774,4.487500000000001,-1.0548844256230026
0,61.2774,4.490625,-1.0488249512780523
0,61.2774,4.49375,-1.0428623850047918
0,61.2774,4.496875,-1.036998707406293
0,61.2774,4.5,-1.0312360874144721
0,61.2774,4.503125000000001,-1.025576828531452
0,61.2774,4.50625,-1.0200233180919214
0,61.2774,4.509375,-1.014577980447355
0,61.2774,4.5125,-1.0092432347363405
0,61.2774,4.515625,-1.0040214576696023
0,61.2774,4.518750000000001,-0.9989149515365476
0,61.2774,4.521875,-0.9939259174412431
0,61.2774,4.525,-0.9890564336063519
0,61.2774,4.528125,-0.9843084384471704
0,61.2774,4.53125,-0.9796837180149276
0,61.2774,4.534375000000001,-0.9751838973380919
0,61.2774,4.5375,-0.9708104351492398
0,61.2774,4.540625,-0.9665646214693218
0,61.2774,4.54375,-0.962447577526584
0,61.2774,4.546875,-0.9584602575090638
0,61.2774,4.550000000000001,-0.9546034516836066
0,61.2774,4.553125,-0.9508777904564008
0,61.2774,4.55625,-0.9472837489970273
0,61.2774,4.559375,-0.9438216520971412
0,61.2774,4.5625,-0.940491678983888
0,61.2774,4.565625000000001,-0.9372938678557093
0,61.2774,4.56875,-0.9342281199529043
0,61.2774,4.571875,-0.931294203016838
0,61.2774,4.575,-0.9284917540295694
0,61.2774,4.578125,-0.9258202811598669
0,61.2774,4.581250000000001,-0.9232791648723815
0,61.2774,4.584375,-0.9208676581842967
0,61.2774,4.5875,-0.9185848860785206
0,61.2774,4.590625,-0.9164298441048783
0,61.2774,4.59375,-0.914401396221058
0,61.2774,4.596875000000001,-0.9124982719438499
0,61.2774,4.6,-0.9107190628986428
0,61.2774,4.603125,-0.9090622188715531
0,61.2774,4.60625,-0.9075260434842018
0,61.2774,4.609375,-0.9061086896259541
0,61.2774,4.612500000000001,-0.9048081547926256
0,61.2774,4.615625,-0.9036222764939265
0,61.2774,4.61875,-0.9025487279042255
0,61.2774,4.621875,-0.901585013942216
0,61.2774,4.625,-0.900728467974325
0,61.2774,4.628125000000001,-0.899976249343899
0,61.2774,4.63125,-0.8993253419326175
0,61.2774,4.634375,-0.8987725539618261
0,61.2774,4.6375,-0.8983145192388194
0,61.2774,4.640625,-0.8979477000460773
0,61.2774,4.643750000000001,-0.897668391859472
0,61.2774,4.646875,-0.8974727300641839
0,61.2774,4.65,-0.8973566988141374
0,61.2774,4.653125,-0.8973161421522223
0,61.2774,4.65625,-0.8973467774744504
0,61.2774,4.659375000000001,-0.8974442113819605
0,61.2774,4.6625,-0.8976039579210948
0,61.2774,4.665625,-0.8978214591645177
0,61.2774,4.66875,-0.8980921080366971
0,61.2774,4.671875,-0.8984112732363952
0,61.2774,4.675000000000001,-0.8987743260585022
0,61.2774,4.678125,-0.8991766688691613
0,61.2774,4.68125,-0.8996137649430324
0,61.2774,4.684375,-0.9000811693310322
0,61.2774,4.6875,-0.9005745603919497
0,61.2774,4.690625000000001,-0.9010897715926969
0,61.2774,4.69375,-0.9016228231599395
0,61.2774,4.696875,-0.9021699531504913
0,61.2774,4.7,-0.9027276474988187
0,61.2774,4.703125,-0.9032926685968506
0,61.2774,4.706250000000001,-0.9038620819633081
0,61.2774,4.709375,-0.904433280566444
0,61.2774,4.7125,-0.9050040063749634
0,61.2774,4.715625,-0.9055723687266972
0,61.2774,4.71875,-0.9061368591236028
0,61.2774,4.721875000000001,-0.9066963620850377
0,61.2774,4.725,-0.9072501617199548
0,61.2774,4.728125,-0.907797943713261
0,61.2774,4.73125,-0.9083397924630471
0,61.2774,4.734375,-0.9088761831542956
0,61.2774,4.737500000000001,-0.9094079686112703
0,61.2774,4.740625,-0.9099363608349201
0,61.2774,4.74375,-0.9104629072024357
0,61.2774,4.746875,-0.9109894613822591
0,61.2774,4.75,-0.9115181490974565
0,61.2774,4.753125000000001,-0.9120513289511072
0,61.2774,4.75625,-0.9125915486068474
0,61.2774,4.759375,-0.9131414966934389
0,61.2774,4.7625,-0.9137039508720824
0,61.2774,4.765625,-0.914281722567478
0,61.2774,4.768750000000001,-0.9148775989172433
0,61.2774,4.771875,-0.9154942825389548
0,61.2774,4.775,-0.916134329750096
0,61.2774,4.778125,-0.9168000879047037
0,61.2774,4.78125,-0.9174936325330815
0,61.2774,4.784375000000001,-0.9182167049895703
0,61.2774,4.7875,-0.9189706513301616
0,61.2774,4.790625,-0.9197563631586191
0,61.2774,4.79375,-0.9205742211983524
0,61.2774,4.796875,-0.9214240423684301
0,61.2774,4.800000000000001,-0.922305031165761
0,61.2774,4.803125,-0.9232157361805456
0,61.2774,4.80625,-0.9241540125961143
0,61.2774,4.809375,-0.9251169915434868
0,61.2774,4.8125,-0.926101057190464
0,61.2774,4.815625000000001,-0.9271018324385496
0,61.2774,4.81875,-0.9281141740717258
0,61.2774,4.821875,-0.9291321781418473
0,61.2774,4.825,-0.9301491962794722
0,61.2774,4.828125,-0.9311578634808404
0,61.2774,4.831250000000001,-0.9321501377380589
0,61.2774,4.834375,-0.9331173516501419
0,61.2774,4.8375,-0.9340502758809094
0,61.2774,4.840625,-0.9349391940238907
0,61.2774,4.84375,-0.9357739881067625
0,61.2774,4.846875000000001,-0.9365442336350397
0,61.2774,4.85,-0.9372393027563426
0,61.2774,4.853125,-0.9378484738436327
0,61.2774,4.85625,-0.9383610455686683
0,61.2774,4.859375,-0.9387664533830239
0,61.2774,4.862500000000001,-0.9390543862553565
0,61.2774,4.865625,-0.9392149015354624
0,61.2774,4.86875,-0.9392385359250037
0,61.2774,4.871875,-0.9391164107208506
0,61.2774,4.875,-0.9388403297420679
0,61.2774,4.878125000000001,-0.9384028686332142
0,61.2774,4.88125,-0.9377974545306061
0,61.2774,4.884375,-0.9370184353612061
0,61.2774,4.8875,-0.9360611382966202
0,61.2774,4.890625,-0.9349219170939146
0,61.2774,4.893750000000001,-0.9335981882145808
0,61.2774,4.896875,-0.93208845572393
0,61.2774,4.9,-0.9303923250428571
0,61.2774,4.903125,-0.92851050566414
0,61.2774,4.90625,-0.9264448029703622
0,61.2774,4.909375000000001,-0.9241980993146395
0,61.2774,4.9125,-0.9217743245610097
0,61.2774,4.915625,-0.9191784163379045
0,61.2774,4.91875,-0.9164162703405402
0,61.2774,4.921875,-0.9134946811268222
0,61.2774,4.925000000000001,-0.9104212739829826
0,61.2774,4.928125,-0.9072044285824041
0,61.2774,4.93125,-0.9038531953146339
0,61.2774,4.934375,-0.9003772053106883
0,61.2774,4.9375,-0.8967865753244785
0,61.2774,4.940625000000001,-0.893091808738943
0,61.2774,4.94375,-0.8893036940409212
0,61.2774,4.946875,-0.8854332021455363
0,61.2774,4.95,-0.8814913839460161
0,61.2774,4.953125,-0.8774892694183005
0,61.2774,4.956250000000001,-0.8734377695244949
0,61.2774,4.959375,-0.8693475820399583
0,61.2774,4.9625,-0.8652291022825744
0,61.2774,4.965625,-0.8610923395576772
0,61.2774,4.96875,-0.8569468399564756
0,61.2774,4.971875000000001,-0.8528016159687053
0,61.2774,4.975,-0.8486650831990834
0,61.2774,4.978125,-0.8445450043192996
0,61.2774,4.98125,-0.8404484402482519
0,61.2774,4.984375,-0.8363817084370381
0,61.2774,4.987500000000001,-0.8323503480447201
0,61.2774,4.990625,-0.8283590917269287
0,61.2774,4.99375,-0.8244118437218121
0,61.2774,4.996875,-0.8205116639053125
0,61.2774,5.0,-0.8166607574975819
0,61.2774,5.003125,-0.8128604701317503
0,61.2774,5.0062500000000005,-0.8091112880411645
0,61.2774,5.009375,-0.8054128431778427
0,61.2774,5.0125,-0.801763923138807
0,61.2774,5.015625,-0.7981624858440176
0,61.2774,5.01875,-0.7946056789753687
0,61.2774,5.0218750000000005,-0.7910898642466738
0,61.2774,5.025,-0.7876106466257048
0,61.2774,5.028125,-0.7841629086674949
0,61.2774,5.03125,-0.7807408501400829
0,61.2774,5.034375,-0.777338033126592
0,61.2774,5.0375000000000005,-0.7739474327688645
0,61.2774,5.040625,-0.7705614937759561
0,61.2774,5.04375,-0.7671721927547793
0,61.2774,5.046875,-0.7637711063300373
0,61.2774,5.05,-0.760349484907171
0,61.2774,5.0531250000000005,-0.7568983317975764
0,61.2774,5.05625,-0.7534084872729743
0,61.2774,5.059375,-0.7498707169500801
0,61.2774,5.0625,-0.7462758037332642
0,61.2774,5.065625,-0.7426146423684077
0,61.2774,5.0687500000000005,-0.7388783354932984
0,61.2774,5.071875,-0.7350582899168246
0,61.2774,5.075,-0.7311463117293013
0,61.2774,5.078125,-0.7271346987478788
0,61.2774,5.08125,-0.7230163287414626
0,61.2774,5.0843750000000005,-0.7187847418654608
0,61.2774,5.0875,-0.7144342157726182
0,61.2774,5.090625,-0.7099598319547242
0,61.2774,5.09375,-0.7053575320114287
0,61.2774,5.096875,-0.7006241627340953
0,61.2774,5.1000000000000005,-0.6957575091296038
0,61.2774,5.103125,-0.6907563147833631
0,61.2774,5.10625,-0.6856202892626138
0,61.2774,5.109375,-0.6803501025785169
0,61.2774,5.1125,-0.6749473670453616
0,61.2774,5.1156250000000005,-0.6694146071840915
0,61.2774,5.11875,-0.6637552186017293
0,61.2774,5.121875,-0.6579734170259537
0,61.2774,5.125,-0.6520741788745724
0,61.2774,5.128125,-0.6460631748847013
0,61.2774,5.1312500000000005,-0.6399466984111676
0,61.2774,5.134375,-0.6337315900260653
0,61.2774,5.1375,-0.6274251600132528
0,61.2774,5.140625,-0.6210351102581001
0,61.2774,5.14375,-0.6145694568919934
0,61.2774,5.1468750000000005,-0.6080364548740449
0,61.2774,5.15,-0.6014445254915778
0,61.2774,5.153125,-0.5948021875497108
0,61.2774,5.15625,-0.5881179928121844
0,61.2774,5.159375,-0.5814004660621661
0,61.2774,5.1625000000000005,-0.574658049983088
0,61.2774,5.165625,-0.5678990549222407
0,61.2774,5.16875,-0.5611316134970696
0,61.2774,5.171875,-0.5543636399358017
0,61.2774,5.175,-0.5476027940065132
0,61.2774,5.1781250000000005,-0.5408564493762397
0,61.2774,5.18125,-0.5341316662466862
0,61.2774,5.184375,-0.5274351681273722
0,61.2774,5.1875,-0.5207733226233953
0,61.2774,5.190625,-0.5141521261269545
0,61.2774,5.1937500000000005,-0.5075771923053964
0,61.2774,5.196875,-0.50105374427158
0,61.2774,5.2,-0.49458661030479306
0,61.2774,5.203125,-0.48818022296416325
0,61.2774,5.20625,-0.48183862140407
0,61.2774,5.2093750000000005,-0.4755654566663416
0,61.2774,5.2125,-0.469363999690327
0,61.2774,5.215625,-0.4632371517525358
0,61.2774,5.21875,-0.4571874570250194
0,61.2774,5.221875,-0.4512171169273523
0,61.2774,5.2250000000000005,-0.44532800594197464
0,61.2774,5.228125,-0.43952168856644436
0,61.2774,5.23125,-0.43379943708811414
0,61.2774,5.234375,-0.42816224988575113
0,61.2774,5.2375,-0.42261086998693115
0,61.2774,5.2406250000000005,-0.4171458036383151
0,61.2774,5.24375,-0.41176733867637977
0,61.2774,5.246875,-0.40647556251750017
0,61.2774,5.25,-0.4012703796173062
0,61.2774,5.253125,-0.3961515282788596
0,61.2774,5.2562500000000005,-0.3911185967168463
0,61.2774,5.259375,-0.38617103831010685
0,61.2774,5.2625,-0.38130818599709504
0,61.2774,5.265625,-0.3765292657883285
0,61.2774,5.26875,-0.3718334093863594
0,61.2774,5.2718750000000005,-0.36721966591759037
0,61.2774,5.275,-0.36268701279146803
0,61.2774,5.278125,-0.3582343657114409
0,61.2774,5.28125,-0.35386058786892743
0,61.2774,5.284375,-0.34956449835651476
0,61.2774,5.2875000000000005,-0.3453448798401172
0,61.2774,5.290625,-0.3412004855319972
0,61.2774,5.29375,-0.3371300455076497
0,61.2774,5.296875,-0.33313227240983306
0,61.2774,5.3,-0.3292058665825325
0,61.2774,5.3031250000000005,-0.32534952067669415
0,61.2774,5.30625,-0.3215619237681568
0,61.2774,5.309375,-0.31784176502651434
0,61.2774,5.3125,-0.31418773697177044
0,61.2774,5.315625,-0.3105985383535977
0,61.2774,5.3187500000000005,-0.3070728766859455
0,61.2774,5.321875,-0.3036094704676123
0,61.2774,5.325,-0.30020705111730905
0,61.2774,5.328125,-0.29686436464970517
0,61.2774,5.33125,-0.29358017311694723
0,61.2774,5.3343750000000005,-0.2903532558382568
0,61.2774,5.3375,-0.2871824104384084
0,61.2774,5.340625,-0.28406645371416883
0,61.2774,5.34375,-0.2810042223462017
0,61.2774,5.346875,-0.2779945734724197
0,61.2774,5.3500000000000005,-0.27503638513737677
0,61.2774,5.353125,-0.27212855663101
0,61.2774,5.35625,-0.26927000872880663
0,61.2774,5.359375,-0.26645968384441215
0,61.2774,5.3625,-0.2636965461046332
0,61.2774,5.3656250000000005,-0.26097958135587496
0,61.2774,5.36875,-0.25830779711019014
0,61.2774,5.371875,-0.2556802224383194
0,61.2774,5.375,-0.25309590781640656
0,61.2774,5.378125,-0.2505539249323893
0,61.2774,5.3812500000000005,-0.24805336645748954
0,61.2774,5.384375,-0.24559334578767142
0,61.2774,5.3875,-0.24317299675943901
0,61.2774,5.390625,-0.240791473343908
0,61.2774,5.39375,-0.2384479493226605
0,61.2774,5.3968750000000005,-0.23614161794853405
0,61.2774,5.4,-0.23387169159415677
0,61.2774,5.403125,-0.2316374013907281
0,61.2774,5.40625,-0.22943799685928873
0,61.2774,5.409375,-0.22727274553645263
0,61.2774,5.4125000000000005,-0.22514093259636725
0,61.2774,5.415625,-0.2230418604704541
0,61.2774,5.41875,-0.2209748484663005
0,61.2774,5.421875,-0.2189392323869174
0,61.2774,5.425,-0.21693436415141742
0,61.2774,5.4281250000000005,-0.2149596114180405
0,61.2774,5.43125,-0.21301435721033615
0,61.2774,5.434375,-0.21109799954719188
0,61.2774,5.4375,-0.20920995107731988
0,61.2774,5.440625,-0.20734963871870904
0,61.2774,5.4437500000000005,-0.20551650330347845
0,61.2774,5.446875,-0.2037099992285054
0,61.2774,5.45,-0.201929594112122
0,61.2774,5.453125,-0.20017476845713988
0,61.2774,5.45625,-0.19844501532039777
0,61.2774,5.4593750000000005,-0.1967398399889839
0,61.2774,5.4625,-0.1950587596632597
0,61.2774,5.465625,-0.1934013031467516
0,61.2774,5.46875,-0.19176701054297768
0,61.2774,5.471875,-0.19015543295922255
0,61.2774,5.4750000000000005,-0.18856613221726384
0,61.2774,5.478125,-0.18699868057103144
0,61.2774,5.48125,-0.18545266043115488
0,61.2774,5.484375,-0.183927664096352
0,61.2774,5.4875,-0.18242329349158307
0,61.2774,5.4906250000000005,-0.1809391599128935
0,61.2774,5.49375,-0.17947488377885432
0,61.2774,5.496875,-0.17803009438849815
0,61.2774,5.5,-0.17660442968564763
0,61.2774,5.503125,-0.17519753602952204
0,61.2774,5.5062500000000005,-0.17380906797150378
0,61.2774,5.509375,-0.17243868803794493
0,61.2774,5.5125,-0.17108606651888547
0,61.2774,5.515625,-0.16975088126256008
0,61.2774,5.51875,-0.16843281747556343
0,61.2774,5.5218750000000005,-0.16713156752854127
0,61.2774,5.525,-0.16584683076728282
0,61.2774,5.528125,-0.16457831332907502
0,61.2774,5.53125,-0.16332572796419806
0,61.2774,5.534375,-0.16208879386242653
0,61.2774,5.5375000000000005,-0.16086723648440795
0,61.2774,5.540625,-0.1596607873977969
0,61.2774,5.54375,-0.15846918411800873
0,61.2774,5.546875,-0.1572921699534808
0,61.2774,5.55,-0.15612949385531
0,61.2774,5.5531250000000005,-0.15498091027115063
0,61.2774,5.55625,-0.15384617900325523
0,61.2774,5.559375,-0.15272506507053804
0,61.2774,5.5625,-0.1516173385745535
0,61.2774,5.565625,-0.15052277456927604
0,61.2774,5.5687500000000005,-0.14944115293457086
0,61.2774,5.571875,-0.14837225825325506
0,61.2774,5.575,-0.14731587969163684
0,61.2774,5.578125,-0.1462718108834415
0,61.2774,5.58125,-0.1452398498170185
0,61.2774,5.5843750000000005,-0.14421979872573654
0,61.2774,5.5875,-0.14321146398147286
0,61.2774,5.590625,-0.1422146559911038
0,61.2774,5.59375,-0.14122918909591078
0,61.2774,5.596875,-0.14025488147381332
0,61.2774,5.6000000000000005,-0.13929155504434573
0,61.2774,5.603125,-0.1383390353762974
0,61.2774,5.60625,-0.13739715159793298
0,61.2774,5.609375,-0.1364657363097218
0,61.2774,5.6125,-0.13554462549949695
0,61.2774,5.6156250000000005,-0.1346336584599724
0,61.2774,5.61875,-0.13373267770855093
0,61.2774,5.621875,-0.13284152890934733
0,61.2774,5.625,-0.13196006079736966
0,61.2774,5.628125,-0.1310881251047865
0,61.2774,5.6312500000000005,-0.13022557648922173
0,61.2774,5.634375,-0.12937227246401634
0,61.2774,5.6375,-0.12852807333039518
0,61.2774,5.640625,-0.12769284211148602
0,61.2774,5.64375,-0.12686644448813336
0,61.2774,5.6468750000000005,-0.12604874873645347
0,61.2774,5.65,-0.1252396256670804
0,61.2774,5.653125,-0.12443894856604924
0,61.2774,5.65625,-0.12364659313727278
0,61.2774,5.659375,-0.12286243744656035
0,61.2774,5.6625000000000005,-0.12208636186713492
0,61.2774,5.665625,-0.12131824902660457
0,61.2774,5.66875,-0.12055798375534288
0,61.2774,5.671875,-0.11980545303623998
0,61.2774,5.675,-0.1190605459557819
0,61.2774,5.6781250000000005,-0.11832315365641936
0,61.2774,5.68125,-0.11759316929018925
0,61.2774,5.684375,-0.11687048797355003
0,61.2774,5.6875,-0.11615500674339785
0,61.2774,5.690625,-0.11544662451422816
0,61.2774,5.6937500000000005,-0.11474524203640844
0,61.2774,5.696875,-0.11405076185553205
0,61.2774,5.7,-0.11336308827281867
0,61.2774,5.703125,-0.11268212730653435
0,61.2774,5.70625,-0.11200778665440012
0,61.2774,5.7093750000000005,-0.11133997565696006
0,61.2774,5.7125,-0.11067860526188424
0,61.2774,5.715625,-0.11002358798917429
0,61.2774,5.71875,-0.10937483789725284
0,61.2774,5.721875,-0.10873227054990553
0,61.2774,5.7250000000000005,-0.10809580298405509
0,61.2774,5.728125,-0.10746535367834255
0,61.2774,5.73125,-0.10684084252249214
0,61.2774,5.734375,-0.10622219078743919
0,61.2774,5.7375,-0.10560932109619924
0,61.2774,5.7406250000000005,-0.10500215739545628
0,61.2774,5.74375,-0.10440062492785206
0,61.2774,5.746875,-0.10380465020495468
0,61.2774,5.75,-0.1032141609808897
0,61.2774,5.753125,-0.10262908622661404
0,61.2774,5.7562500000000005,-0.10204935610481494
0,61.2774,5.759375,-0.10147490194541807
0,61.2774,5.7625,-0.10090565622168553
0,61.2774,5.765625,-0.10034155252689021
0,61.2774,5.76875,-0.09978252555154933
0,61.2774,5.7718750000000005,-0.09922851106120183
0,61.2774,5.775,-0.09867944587471597
0,61.2774,5.778125,-0.09813526784311073
0,61.2774,5.78125,-0.09759591582887932
0,61.2774,5.784375,-0.0970613296858001
0,61.2774,5.7875000000000005,-0.09653145023922195
0,61.2774,5.790625,-0.09600621926681148
0,61.2774,5.79375,-0.09548557947974941
0,61.2774,5.796875,-0.09496947450436481
0,61.2774,5.800000000000001,-0.09445784886419502
0,61.2774,5.8031250000000005,-0.09395064796246105
0,61.2774,5.80625,-0.09344781806494443
0,61.2774,5.809375,-0.09294930628325958
0,61.2774,5.8125,-0.0924550605585077
0,61.2774,5.815625000000001,-0.0919650296453029
0,61.2774,5.8187500000000005,-0.0914791630961632
0,61.2774,5.821875,-0.09099741124625244
0,61.2774,5.825,-0.09051972519846882
0,61.2774,5.828125,-0.09004605680886785
0,61.2774,5.831250000000001,-0.0895763586724126
0,61.2774,5.8343750000000005,-0.08911058410904225
0,61.2774,5.8375,-0.08864868715005042
0,61.2774,5.840625,-0.088190622524767
0,61.2774,5.84375,-0.08773634564753383
0,61.2774,5.846875000000001,-0.08728581260496757
0,61.2774,5.8500000000000005,-0.08683898014350354
0,61.2774,5.853125,-0.08639580565721079
0,61.2774,5.85625,-0.08595624717587458
0,61.2774,5.859375,-0.08552026335333789
0,61.2774,5.862500000000001,-0.0850878134560952
0,61.2774,5.8656250000000005,-0.08465885735213419
0,61.2774,5.86875,-0.08423335550001597
0,61.2774,5.871875,-0.083811268938192
0,61.2774,5.875,-0.08339255927454776
0,61.2774,5.878125000000001,-0.08297718867617106
0,61.2774,5.8812500000000005,-0.08256511985933729
0,61.2774,5.884375,-0.08215631607970675
0,61.2774,5.8875,-0.08175074112272945
0,61.2774,5.890625,-0.08134835929425216
0,61.2774,5.893750000000001,-0.08094913541132241
0,61.2774,5.8968750000000005,-0.08055303479318505
0,61.2774,5.9,-0.0801600232524665
0,61.2774,5.903125,-0.07977006708654215
0,61.2774,5.90625,-0.07938313306908329
0,61.2774,5.909375000000001,-0.07899918844177801
0,61.2774,5.9125000000000005,-0.07861820090622318
0,61.2774,5.915625,-0.07824013861598213
0,61.2774,5.91875,-0.07786497016880554
0,61.2774,5.921875,-0.07749266459901084
0,61.2774,5.925000000000001,-0.07712319137001618
0,61.2774,5.9281250000000005,-0.07675652036702649
0,61.2774,5.93125,-0.0763926218898664
0,61.2774,5.934375,-0.07603146664595815
0,61.2774,5.9375,-0.07567302574344044
0,61.2774,5.940625000000001,-0.07531727068442469
0,61.2774,5.9437500000000005,-0.0749641733583864
0,61.2774,5.946875,-0.07461370603568725
0,61.2774,5.95,-0.07426584136122617
0,61.2774,5.953125,-0.0739205523482159
0,61.2774,5.956250000000001,-0.07357781237208195
0,61.2774,5.9593750000000005,-0.07323759516448167
0,61.2774,5.9625,-0.07289987480744019
0,61.2774,5.965625,-0.07256462572760104
0,61.2774,5.96875,-0.07223182269058877
0,61.2774,5.971875000000001,-0.07190144079548057
0,61.2774,5.9750000000000005,-0.07157345546938568
0,61.2774,5.978125,-0.07124784246212817
0,61.2774,5.98125,-0.07092457784103302
0,61.2774,5.984375,-0.07060363798581147
0,61.2774,5.987500000000001,-0.0702849995835445
0,61.2774,5.9906250000000005,-0.06996863962376207
0,61.2774,5.99375,-0.06965453539361509
0,61.2774,5.996875,-0.06934266447313968
0,61.2774,6.0,-0.06903300473061033
