"Current","Field","Frequency","Spectra"
0,32.6947,1.0,-0.020436962232094385
0,32.6947,1.003125,-0.02049561098766995
0,32.6947,1.00625,-0.020554573034197273
0,32.6947,1.009375,-0.02061385098732588
0,32.6947,1.0125,-0.020673447492453426
0,32.6947,1.015625,-0.020733365225147515
0,32.6947,1.01875,-0.020793606891574636
0,32.6947,1.021875,-0.020854175228936317
0,32.6947,1.025,-0.020915073005912572
0,32.6947,1.028125,-0.020976303023112985
0,32.6947,1.03125,-0.0210378681135353
0,32.6947,1.034375,-0.021099771143031895
0,32.6947,1.0375,-0.021162015010784165
0,32.6947,1.040625,-0.021224602649785047
0,32.6947,1.04375,-0.021287537027329793
0,32.6947,1.046875,-0.02135082114551512
0,32.6947,1.05,-0.02141445804174704
0,32.6947,1.053125,-0.02147845078925739
0,32.6947,1.05625,-0.02154280249762935
0,32.6947,1.059375,-0.02160751631333198
0,32.6947,1.0625,-0.021672595420264146
0,32.6947,1.065625,-0.02173804304030791
0,32.6947,1.06875,-0.021803862433891534
0,32.6947,1.071875,-0.021870056900562415
0,32.6947,1.075,-0.021936629779570026
0,32.6947,1.078125,-0.02200358445045916
0,32.6947,1.08125,-0.022070924333673622
0,32.6947,1.084375,-0.022138652891170625
0,32.6947,1.0875,-0.02220677362704605
0,32.6947,1.090625,-0.022275290088170877
0,32.6947,1.09375,-0.022344205864838915
0,32.6947,1.096875,-0.022413524591426162
0,32.6947,1.1,-0.022483249947061926
0,32.6947,1.103125,-0.02255338565631204
0,32.6947,1.10625,-0.022623935489874434
0,32.6947,1.109375,-0.02269490326528712
0,32.6947,1.1125,-0.022766292847649208
0,32.6947,1.115625,-0.022838108150354797
0,32.6947,1.11875,-0.02291035313584042
0,32.6947,1.121875,-0.022983031816346
0,32.6947,1.125,-0.02305614825468975
0,32.6947,1.128125,-0.023129706565057362
0,32.6947,1.13125,-0.023203710913805634
0,32.6947,1.134375,-0.023278165520280933
0,32.6947,1.1375,-0.023353074657652847
0,32.6947,1.140625,-0.023428442653763225
0,32.6947,1.14375,-0.023504273891991
0,32.6947,1.146875,-0.02358057281213325
0,32.6947,1.15,-0.023657343911302527
0,32.6947,1.153125,-0.023734591744841174
0,32.6947,1.15625,-0.023812320927252724
0,32.6947,1.159375,-0.02389053613315088
0,32.6947,1.1625,-0.0239692420982264
0,32.6947,1.165625,-0.024048443620232333
0,32.6947,1.16875,-0.024128145559987907
0,32.6947,1.171875,-0.024208352842401547
0,32.6947,1.175,-0.024289070457513492
0,32.6947,1.178125,-0.02437030346155827
0,32.6947,1.18125,-0.02445205697804763
0,32.6947,1.184375,-0.024534336198874292
0,32.6947,1.1875,-0.024617146385437043
0,32.6947,1.190625,-0.024700492869787503
0,32.6947,1.19375,-0.024784381055799297
0,32.6947,1.196875,-0.02486881642035983
0,32.6947,1.2,-0.024953804514585412
0,32.6947,1.203125,-0.025039350965060096
0,32.6947,1.20625,-0.02512546147509887
0,32.6947,1.209375,-0.025212141826035695
0,32.6947,1.2125,-0.025299397878536842
0,32.6947,1.215625,-0.025387235573940452
0,32.6947,1.21875,-0.025475660935622372
0,32.6947,1.221875,-0.025564680070389433
0,32.6947,1.225,-0.025654299169900283
0,32.6947,1.228125,-0.025744524512114828
0,32.6947,1.23125,-0.025835362462772654
0,32.6947,1.234375,-0.02592681947690121
0,32.6947,1.2375,-0.026018902100354402
0,32.6947,1.240625,-0.026111616971382312
0,32.6947,1.24375,-0.026204970822232766
0,32.6947,1.246875,-0.026298970480785555
0,32.6947,1.25,-0.02639362287221983
0,32.6947,1.253125,-0.026488935020715754
0,32.6947,1.25625,-0.026584914051191025
0,32.6947,1.259375,-0.026681567191073105
0,32.6947,1.2625,-0.026778901772108073
0,32.6947,1.265625,-0.026876925232206805
0,32.6947,1.26875,-0.02697564511732963
0,32.6947,1.271875,-0.02707506908341003
0,32.6947,1.275,-0.027175204898318643
0,32.6947,1.278125,-0.027276060443868294
0,32.6947,1.28125,-0.027377643717861153
0,32.6947,1.284375,-0.027479962836178977
0,32.6947,1.2875,-0.027583026034917496
0,32.6947,1.290625,-0.027686841672566007
0,32.6947,1.29375,-0.02779141823223328
0,32.6947,1.296875,-0.027896764323920794
0,32.6947,1.3,-0.028002888686844682
0,32.6947,1.303125,-0.028109800191807317
0,32.6947,1.30625,-0.028217507843619843
0,32.6947,1.309375,-0.028326020783577065
0,32.6947,1.3125,-0.02843534829198567
0,32.6947,1.315625,-0.028545499790747386
0,32.6947,1.31875,-0.028656484845998267
0,32.6947,1.321875,-0.02876831317080553
0,32.6947,1.325,-0.028880994627923387
0,32.6947,1.328125,-0.02899453923260943
0,32.6947,1.33125,-0.029108957155502865
0,32.6947,1.334375,-0.02922425872556635
0,32.6947,1.3375,-0.029340454433093
0,32.6947,1.340625,-0.029457554932780086
0,32.6947,1.34375,-0.029575571046871245
0,32.6947,1.346875,-0.029694513768368905
0,32.6947,1.35,-0.029814394264318644
0,32.6947,1.353125,-0.029935223879167427
0,32.6947,1.35625,-0.030057014138197592
0,32.6947,1.359375,-0.03017977675103834
0,32.6947,1.3625,-0.030303523615257087
0,32.6947,1.365625,-0.030428266820032378
0,32.6947,1.36875,-0.030554018649910693
0,32.6947,1.371875,-0.030680791588649333
0,32.6947,1.375,-0.030808598323147418
0,32.6947,1.378125,-0.030937451747467495
0,32.6947,1.38125,-0.031067364966950256
0,32.6947,1.384375,-0.031198351302424238
0,32.6947,1.3875,-0.031330424294513944
0,32.6947,1.390625,-0.031463597708047915
0,32.6947,1.39375,-0.03159788553657033
0,32.6947,1.396875,-0.03173330200695838
0,32.6947,1.4,-0.03186986158414826
0,32.6947,1.403125,-0.032007578975972985
0,32.6947,1.40625,-0.03214646913811468
0,32.6947,1.409375,-0.03228654727917465
0,32.6947,1.4125,-0.03242782886586438
0,32.6947,1.415625,-0.03257032962832064
0,32.6947,1.41875,-0.03271406556554821
0,32.6947,1.421875,-0.032859052950993596
0,32.6947,1.425,-0.03300530833825335
0,32.6947,1.428125,-0.03315284856692074
0,32.6947,1.43125,-0.033301690768574504
0,32.6947,1.434375,-0.03345185237291374
0,32.6947,1.4375,-0.03360335111404265
0,32.6947,1.440625,-0.03375620503690977
0,32.6947,1.44375,-0.033910432503905755
0,32.6947,1.446875,-0.03406605220162384
0,32.6947,1.45,-0.034223083147788325
0,32.6947,1.453125,-0.03438154469835492
0,32.6947,1.45625,-0.0345414565547885
0,32.6947,1.459375,-0.03470283877152282
0,32.6947,1.4625,-0.03486571176360762
0,32.6947,1.465625,-0.035030096314548474
0,32.6947,1.46875,-0.035196013584344585
0,32.6947,1.471875,-0.03536348511773066
0,32.6947,1.475,-0.03553253285262832
0,32.6947,1.478125,-0.03570317912881327
0,32.6947,1.48125,-0.035875446696804605
0,32.6947,1.484375,-0.03604935872698242
0,32.6947,1.4875,-0.0362249388189405
0,32.6947,1.490625,-0.0364022110110811
0,32.6947,1.49375,-0.03658119979045868
0,32.6947,1.496875,-0.03676193010288005
0,32.6947,1.5,-0.03694442736326847
0,32.6947,1.503125,-0.03712871746629946
0,32.6947,1.50625,-0.03731482679731648
0,32.6947,1.509375,-0.037502782243534746
0,32.6947,1.5125000000000002,-0.0376926112055418
0,32.6947,1.515625,-0.03788434160910379
0,32.6947,1.51875,-0.038078001917286566
0,32.6947,1.521875,-0.038273621142901115
0,32.6947,1.525,-0.038471228861283215
0,32.6947,1.5281250000000002,-0.03867085522341743
0,32.6947,1.53125,-0.03887253096941577
0,32.6947,1.534375,-0.03907628744236229
0,32.6947,1.5375,-0.03928215660253423
0,32.6947,1.540625,-0.03949017104201187
0,32.6947,1.5437500000000002,-0.03970036399968873
0,32.6947,1.546875,-0.03991276937669458
0,32.6947,1.55,-0.040127421752244354
0,32.6947,1.553125,-0.040344356399925674
0,32.6947,1.55625,-0.040563609304439245
0,32.6947,1.5593750000000002,-0.04078521717880634
0,32.6947,1.5625,-0.04100921748205723
0,32.6947,1.565625,-0.041235648437417116
0,32.6947,1.56875,-0.04146454905100402
0,32.6947,1.571875,-0.04169595913105582
0,32.6947,1.5750000000000002,-0.041929919307702755
0,32.6947,1.578125,-0.04216647105330314
0,32.6947,1.58125,-0.04240565670336026
0,32.6947,1.584375,-0.04264751947803916
0,32.6947,1.5875,-0.04289210350430272
0,32.6947,1.5906250000000002,-0.04313945383868725
0,32.6947,1.59375,-0.04338961649073786
0,32.6947,1.596875,-0.043642638447126
0,32.6947,1.6,-0.04389856769647071
0,32.6947,1.603125,-0.04415745325488703
0,32.6947,1.6062500000000002,-0.04441934519228559
0,32.6947,1.609375,-0.04468429465944796
0,32.6947,1.6125,-0.04495235391590392
0,32.6947,1.615625,-0.04522357635863665
0,32.6947,1.61875,-0.04549801655164411
0,32.6947,1.6218750000000002,-0.04577573025638518
0,32.6947,1.625,-0.04605677446313962
0,32.6947,1.628125,-0.04634120742331388
0,32.6947,1.63125,-0.046629088682723335
0,32.6947,1.634375,-0.04692047911588521
0,32.6947,1.6375000000000002,-0.04721544096135609
0,32.6947,1.640625,-0.04751403785814937
0,32.6947,1.64375,-0.047816334883270445
0,32.6947,1.646875,-0.048122398590407324
0,32.6947,1.65,-0.048432297049816664
0,32.6947,1.6531250000000002,-0.04874609988944696
0,32.6947,1.65625,-0.04906387833734095
0,32.6947,1.659375,-0.04938570526536294
0,32.6947,1.6625,-0.04971165523429602
0,32.6947,1.665625,-0.05004180454035792
0,32.6947,1.6687500000000002,-0.050376231263185425
0,32.6947,1.671875,-0.0507150153153382
0,32.6947,1.675,-0.05105823849337711
0,32.6947,1.678125,-0.051405984530571186
0,32.6947,1.68125,-0.05175833915129255
0,32.6947,1.6843750000000002,-0.052115390127158975
0,32.6947,1.6875,-0.052477227334985985
0,32.6947,1.690625,-0.052843942816614795
0,32.6947,1.69375,-0.053215630840682024
0,32.6947,1.696875,-0.05359238796640234
0,32.6947,1.7000000000000002,-0.053974313109436706
0,32.6947,1.703125,-0.05436150760992109
0,32.6947,1.70625,-0.05475407530273588
0,32.6947,1.709375,-0.05515212259009587
0,32.6947,1.7125,-0.05555575851654748
0,32.6947,1.7156250000000002,-0.05596509484646049
0,32.6947,1.71875,-0.056380246144106076
0,32.6947,1.721875,-0.05680132985641783
0,32.6947,1.725,-0.0572284663985331
0,32.6947,1.728125,-0.05766177924221949
0,32.6947,1.7312500000000002,-0.05810139500729289
0,32.6947,1.734375,-0.05854744355613874
0,32.6947,1.7375,-0.05900005809145281
0,32.6947,1.740625,-0.059459375257321784
0,32.6947,1.74375,-0.05992553524376906
0,32.6947,1.7468750000000002,-0.06039868189489664
0,32.6947,1.75,-0.06087896282075793
0,32.6947,1.753125,-0.06136652951310381
0,32.6947,1.75625,-0.061861537465147144
0,32.6947,1.759375,-0.062364146295499495
0,32.6947,1.7625000000000002,-0.06287451987643852
0,32.6947,1.765625,-0.06339282646667022
0,32.6947,1.76875,-0.06391923884875925
0,32.6947,1.771875,-0.06445393447140417
0,32.6947,1.775,-0.06499709559674437
0,32.6947,1.7781250000000002,-0.0655489094528913
0,32.6947,1.78125,-0.0661095683918843
0,32.6947,1.784375,-0.066679270053281
0,32.6947,1.7875,-0.06725821753359762
0,32.6947,1.790625,-0.06784661956182596
0,32.6947,1.7937500000000002,-0.06844469068126141
0,32.6947,1.796875,-0.06905265143788475
0,32.6947,1.8,-0.06967072857555305
0,32.6947,1.803125,-0.07029915523826047
0,32.6947,1.80625,-0.07093817117974446
0,32.6947,1.8093750000000002,-0.07158802298072073
0,32.6947,1.8125,-0.07224896427404143
0,32.6947,1.815625,-0.07292125597808487
0,32.6947,1.81875,-0.07360516653869247
0,32.6947,1.821875,-0.07430097217998535
0,32.6947,1.8250000000000002,-0.07500895716440223
0,32.6947,1.828125,-0.07572941406231334
0,32.6947,1.83125,-0.07646264403158147
0,32.6947,1.834375,-0.07720895710744895
0,32.6947,1.8375,-0.0779686725031491
0,32.6947,1.8406250000000002,-0.07874211892165167
0,32.6947,1.84375,-0.07952963487896557
0,32.6947,1.846875,-0.08033156903944064
0,32.6947,1.85,-0.08114828056352057
0,32.6947,1.853125,-0.08198013946841799
0,32.6947,1.8562500000000002,-0.08282752700219695
0,32.6947,1.859375,-0.08369083603176167
0,32.6947,1.8625,-0.08457047144527124
0,32.6947,1.865625,-0.08546685056950842
0,32.6947,1.86875,-0.08638040360275327
0,32.6947,1.8718750000000002,-0.08731157406372375
0,32.6947,1.875,-0.08826081925716049
0,32.6947,1.878125,-0.08922861075665231
0,32.6947,1.88125,-0.09021543490530629
0,32.6947,1.884375,-0.09122179333488752
0,32.6947,1.8875000000000002,-0.09224820350406139
0,32.6947,1.890625,-0.09329519925638445
0,32.6947,1.89375,-0.09436333139870448
0,32.6947,1.896875,-0.09545316830063216
0,32.6947,1.9,-0.09656529651576244
0,32.6947,1.9031250000000002,-0.09770032142532428
0,32.6947,1.90625,-0.09885886790494064
0,32.6947,1.909375,-0.10004158101518551
0,32.6947,1.9125,-0.1012491267166142
0,32.6947,1.915625,-0.10248219260994412
0,32.6947,1.9187500000000002,-0.10374148870204766
0,32.6947,1.921875,-0.10502774819840191
0,32.6947,1.925,-0.10634172832262385
0,32.6947,1.928125,-0.10768421116368317
0,32.6947,1.93125,-0.10905600455135632
0,32.6947,1.9343750000000002,-0.11045794296043757
0,32.6947,1.9375,-0.11189088844416797
0,32.6947,1.940625,-0.11335573159728407
0,32.6947,1.94375,-0.11485339254900322
0,32.6947,1.946875,-0.11638482198617946
0,32.6947,1.9500000000000002,-0.11795100220675377
0,32.6947,1.953125,-0.11955294820349745
0,32.6947,1.95625,-0.1211917087779111
0,32.6947,1.959375,-0.12286836768396626
0,32.6947,1.9625,-0.1245840448011963
0,32.6947,1.9656250000000002,-0.1263398973364208
0,32.6947,1.96875,-0.12813712105313785
0,32.6947,1.971875,-0.12997695152734315
0,32.6947,1.975,-0.1318606654282019
0,32.6947,1.978125,-0.13378958182164702
0,32.6947,1.9812500000000002,-0.13576506349455714
0,32.6947,1.984375,-0.13778851829670305
0,32.6947,1.9875,-0.1398614004971337
0,32.6947,1.990625,-0.14198521215107038
0,32.6947,1.99375,-0.1441615044727267
0,32.6947,1.9968750000000002,-0.14639187920872054
0,32.6947,2.0,-0.14867799000591084
0,32.6947,2.003125,-0.151021543766566
0,32.6947,2.00625,-0.15342430198272017
0,32.6947,2.0093750000000004,-0.1558880820404168
0,32.6947,2.0125,-0.1584147584832461
0,32.6947,2.015625,-0.16100626422313796
0,32.6947,2.01875,-0.16366459168476957
0,32.6947,2.021875,-0.16639179386817884
0,32.6947,2.0250000000000004,-0.1691899853121949
0,32.6947,2.028125,-0.17206134293912903
0,32.6947,2.03125,-0.17500810675875422
0,32.6947,2.034375,-0.17803258040694628
0,32.6947,2.0375,-0.1811371314914402
0,32.6947,2.0406250000000004,-0.18432419171392955
0,32.6947,2.04375,-0.18759625673421654
0,32.6947,2.046875,-0.19095588573824407
0,32.6947,2.05,-0.1944057006676167
0,32.6947,2.053125,-0.1979483850636122
0,32.6947,2.0562500000000004,-0.20158668247366188
0,32.6947,2.059375,-0.20532339436284874
0,32.6947,2.0625,-0.20916137746707916
0,32.6947,2.065625,-0.21310354051824335
0,32.6947,2.06875,-0.21715284026487564
0,32.6947,2.0718750000000004,-0.22131227670453152
0,32.6947,2.075,-0.22558488743635813
0,32.6947,2.078125,-0.2299737410341191
0,32.6947,2.08125,-0.23448192933130382
0,32.6947,2.084375,-0.23911255850094307
0,32.6947,2.0875000000000004,-0.2438687388034065
0,32.6947,2.090625,-0.24875357286590458
0,32.6947,2.09375,-0.25377014234772133
0,32.6947,2.096875,-0.2589214928355589
0,32.6947,2.1,-0.2642106168039572
0,32.6947,2.1031250000000004,-0.26964043446677843
0,32.6947,2.10625,-0.2752137723375529
0,32.6947,2.109375,-0.28093333930937603
0,32.6947,2.1125,-0.2868017000594879
0,32.6947,2.115625,-0.2928212455801627
0,32.6947,2.1187500000000004,-0.2989941606366474
0,32.6947,2.121875,-0.30532238795536615
0,32.6947,2.125,-0.3118075889521853
0,32.6947,2.128125,-0.3184511008221726
0,32.6947,2.13125,-0.3252538898299964
0,32.6947,2.1343750000000004,-0.3322165006650003
0,32.6947,2.1375,-0.3393390017583616
0,32.6947,2.140625,-0.34662092650287646
0,32.6947,2.14375,-0.35406121037027327
0,32.6947,2.146875,-0.361658123988006
0,32.6947,2.1500000000000004,-0.36940920231862895
0,32.6947,2.153125,-0.3773111701815888
0,32.6947,2.15625,-0.38535986447078097
0,32.6947,2.159375,-0.39355015355257467
0,32.6947,2.1625,-0.40187585447891216
0,32.6947,2.1656250000000004,-0.4103296488186404
0,32.6947,2.16875,-0.4189029980970417
0,32.6947,2.171875,-0.4275860600371827
0,32.6947,2.175,-0.4363676070148564
0,32.6947,2.178125,-0.44523494836793287
0,32.6947,2.1812500000000004,-0.45417385843567754
0,32.6947,2.184375,-0.46316851243739077
0,32.6947,2.1875,-0.4722014325239329
0,32.6947,2.190625,-0.48125344653995633
0,32.6947,2.19375,-0.4903036622067057
0,32.6947,2.1968750000000004,-0.4993294595609867
0,32.6947,2.2,-0.5083065045500298
0,32.6947,2.203125,-0.517208786668013
0,32.6947,2.20625,-0.5260086834114315
0,32.6947,2.209375,-0.5346770541113902
0,32.6947,2.2125000000000004,-0.5431833653570847
0,32.6947,2.215625,-0.5514958497453964
0,32.6947,2.21875,-0.5595816990702333
0,32.6947,2.221875,-0.5674072923018657
0,32.6947,2.225,-0.5749384578084177
0,32.6947,2.2281250000000004,-0.5821407682549022
0,32.6947,2.23125,-0.58897986550555
0,32.6947,2.234375,-0.5954218116880596
0,32.6947,2.2375,-0.6014334613986769
0,32.6947,2.240625,-0.6069828488875106
0,32.6947,2.2437500000000004,-0.6120395830226875
0,32.6947,2.246875,-0.6165752419511441
0,32.6947,2.25,-0.6205637587128994
0,32.6947,2.253125,-0.6239817886790326
0,32.6947,2.25625,-0.6268090496155572
0,32.6947,2.2593750000000004,-0.6290286254558479
0,32.6947,2.2625,-0.630627225505318
0,32.6947,2.265625,-0.6315953917952577
0,32.6947,2.26875,-0.6319276486185815
0,32.6947,2.271875,-0.6316225898685246
0,32.6947,2.2750000000000004,-0.6306829015939596
0,32.6947,2.278125,-0.6291153191000176
0,32.6947,2.28125,-0.6269305198696613
0,32.6947,2.284375,-0.6241429554681668
0,32.6947,2.2875,-0.6207706273296857
0,32.6947,2.2906250000000004,-0.6168348128350039
0,32.6947,2.29375,-0.6123597493093906
0,32.6947,2.296875,-0.6073722844551226
0,32.6947,2.3,-0.6019015022618811
0,32.6947,2.303125,-0.595978333607936
0,32.6947,2.3062500000000004,-0.5896351605937904
0,32.6947,2.309375,-0.5829054231725558
0,32.6947,2.3125,-0.5758232359057206
0,32.6947,2.315625,-0.5684230217357459
0,32.6947,2.31875,-0.5607391685888649
0,32.6947,2.3218750000000004,-0.5528057134633684
0,32.6947,2.325,-0.5446560574775322
0,32.6947,2.328125,-0.5363227141977525
0,32.6947,2.33125,-0.5278370924833945
0,32.6947,2.334375,-0.5192293141027573
0,32.6947,2.3375000000000004,-0.5105280655171421
0,32.6947,2.340625,-0.5017604825104687
0,32.6947,2.34375,-0.4929520657651737
0,32.6947,2.346875,-0.48412662504891524
0,32.6947,2.35,-0.47530624937299193
0,32.6947,2.3531250000000004,-0.46651130030033333
0,32.6947,2.35625,-0.45776042550356416
0,32.6947,2.359375,-0.4490705896858112
0,32.6947,2.3625,-0.44045712006196014
0,32.6947,2.365625,-0.43193376373981657
0,32.6947,2.3687500000000004,-0.4235127545241396
0,32.6947,2.371875,-0.41520488687820367
0,32.6947,2.375,-0.40701959500578955
0,32.6947,2.378125,-0.3989650352514198
0,32.6947,2.38125,-0.3910481702502538
0,32.6947,2.3843750000000004,-0.3832748534851972
0,32.6947,2.3875,-0.3756499131227227
0,32.6947,2.390625,-0.3681772341975363
0,32.6947,2.39375,-0.360859838397425
0,32.6947,2.396875,-0.3536999608623861
0,32.6947,2.4000000000000004,-0.34669912355621585
0,32.6947,2.403125,-0.3398582048944374
0,32.6947,2.40625,-0.3331775054206195
0,32.6947,2.409375,-0.3266568094148683
0,32.6947,2.4125,-0.3202954423948733
0,32.6947,2.4156250000000004,-0.31409232453283287
0,32.6947,2.41875,-0.30804602006227977
0,32.6947,2.421875,-0.30215478278878793
0,32.6947,2.425,-0.29641659784912583
0,32.6947,2.428125,-0.2908292198859412
0,32.6947,2.4312500000000004,-0.28539020782077257
0,32.6947,2.434375,-0.2800969564181315
0,32.6947,2.4375,-0.2749467248386199
0,32.6947,2.440625,-0.2699366623803922
0,32.6947,2.44375,-0.26506383160649083
0,32.6947,2.4468750000000004,-0.2603252290513919
0,32.6947,2.45,-0.255717803693992
0,32.6947,2.453125,-0.251238473376796
0,32.6947,2.45625,-0.24688413934258605
0,32.6947,2.459375,-0.24265169905071077
0,32.6947,2.4625000000000004,-0.238538057425625
0,32.6947,2.465625,-0.23454013668062346
0,32.6947,2.46875,-0.23065488485005708
0,32.6947,2.471875,-0.22687928315381573
0,32.6947,2.475,-0.22321035230860894
0,32.6947,2.4781250000000004,-0.21964515789168515
0,32.6947,2.48125,-0.21618081485411694
0,32.6947,2.484375,-0.21281449127271895
0,32.6947,2.4875,-0.20954341142205987
0,32.6947,2.490625,-0.2063648582408847
0,32.6947,2.4937500000000004,-0.2032761752606092
0,32.6947,2.496875,-0.20027476805734196
0,32.6947,2.5,-0.19735810528315142
0,32.6947,2.503125,-0.19452371932699014
0,32.6947,2.50625,-0.19176920665079616
0,32.6947,2.5093750000000004,-0.18909222784181032
0,32.6947,2.5125,-0.1864905074180291
0,32.6947,2.515625,-0.18396183341995836
0,32.6947,2.51875,-0.18150405681840145
0,32.6947,2.521875,-0.17911509076488896
0,32.6947,2.5250000000000004,-0.17679290970852174
0,32.6947,2.528125,-0.17453554840041893
0,32.6947,2.53125,-0.1723411008046321
0,32.6947,2.534375,-0.17020771893227454
0,32.6947,2.5375,-0.16813361161370496
0,32.6947,2.5406250000000004,-0.1661170432218889
0,32.6947,2.54375,-0.16415633235850696
0,32.6947,2.546875,-0.16224985051298946
0,32.6947,2.55,-0.16039602070340425
0,32.6947,2.553125,-0.1585933161069983
0,32.6947,2.5562500000000004,-0.15684025868719123
0,32.6947,2.559375,-0.15513541782291418
0,32.6947,2.5625,-0.15347740894538667
0,32.6947,2.565625,-0.15186489218670501
0,32.6947,2.56875,-0.15029657104397415
0,32.6947,2.5718750000000004,-0.14877119106214806
0,32.6947,2.575,-0.1472875385382371
0,32.6947,2.578125,-0.14584443924909188
0,32.6947,2.58125,-0.14444075720458022
0,32.6947,2.584375,-0.14307539342761683
0,32.6947,2.5875000000000004,-0.14174728476220333
0,32.6947,2.590625,-0.14045540271035797
0,32.6947,2.59375,-0.13919875229858103
0,32.6947,2.596875,-0.1379763709742922
0,32.6947,2.6,-0.1367873275324913
0,32.6947,2.6031250000000004,-0.13563072107274016
0,32.6947,2.60625,-0.13450567998642238
0,32.6947,2.609375,-0.13341136097412298
0,32.6947,2.6125,-0.13234694809286793
0,32.6947,2.615625,-0.13131165183287613
0,32.6947,2.6187500000000004,-0.1303047082234054
0,32.6947,2.621875,-0.1293253779672116
0,32.6947,2.625,-0.1283729456030896
0,32.6947,2.628125,-0.12744671869592544
0,32.6947,2.63125,-0.12654602705365164
0,32.6947,2.6343750000000004,-0.12567022197047528
0,32.6947,2.6375,-0.12481867549572595
0,32.6947,2.640625,-0.1239907797276574
0,32.6947,2.64375,-0.12318594613152742
0,32.6947,2.646875,-0.12240360488127368
0,32.6947,2.6500000000000004,-0.12164320422410238
0,32.6947,2.653125,-0.12090420986730746
0,32.6947,2.65625,-0.12018610438664157
0,32.6947,2.659375,-0.11948838665556819
0,32.6947,2.6625,-0.11881057129472945
0,32.6947,2.6656250000000004,-0.11815218814097675
0,32.6947,2.66875,-0.1175127817353207
0,32.6947,2.671875,-0.1168919108291702
0,32.6947,2.675,-0.11628914790824375
0,32.6947,2.678125,-0.11570407873354951
0,32.6947,2.6812500000000004,-0.11513630189884612
0,32.6947,2.684375,-0.11458542840400973
0,32.6947,2.6875,-0.11405108124375057
0,32.6947,2.690625,-0.11353289501113535
0,32.6947,2.69375,-0.11303051551538937
0,32.6947,2.6968750000000004,-0.11254359941346699
0,32.6947,2.7,-0.11207181385489454
0,32.6947,2.703125,-0.11161483613940608
0,32.6947,2.70625,-0.11117235338690758
0,32.6947,2.709375,-0.11074406221931983
0,32.6947,2.7125000000000004,-0.11032966845386591
0,32.6947,2.715625,-0.10992888680738315
0,32.6947,2.71875,-0.10954144061125418
0,32.6947,2.721875,-0.10916706153656686
0,32.6947,2.725,-0.10880548932912369
0,32.6947,2.7281250000000004,-0.10845647155393873
0,32.6947,2.73125,-0.10811976334886882
0,32.6947,2.734375,-0.10779512718704244
0,32.6947,2.7375,-0.10748233264775921
0,32.6947,2.740625,-0.10718115619554636
0,32.6947,2.7437500000000004,-0.10689138096706943
0,32.6947,2.746875,-0.1066127965656062
0,32.6947,2.75,-0.10634519886280283
0,32.6947,2.753125,-0.10608838980744359
0,32.6947,2.75625,-0.10584217724097328
0,32.6947,2.7593750000000004,-0.10560637471952304
0,32.6947,2.7625,-0.10538080134219896
0,32.6947,2.765625,-0.10516528158540228
0,32.6947,2.76875,-0.10495964514295919
0,32.6947,2.771875,-0.10476372677184537
0,32.6947,2.7750000000000004,-0.10457736614330082
0,32.6947,2.778125,-0.10440040769913578
0,32.6947,2.78125,-0.10423270051303862
0,32.6947,2.784375,-0.10407409815670261
0,32.6947,2.7875,-0.10392445857059512
0,32.6947,2.7906250000000004,-0.1037836439392012
0,32.6947,2.79375,-0.10365152057057803
0,32.6947,2.796875,-0.10352795878006504
0,32.6947,2.8,-0.10341283277799845
0,32.6947,2.803125,-0.10330602056128665
0,32.6947,2.8062500000000004,-0.10320740380870755
0,32.6947,2.809375,-0.10311686777979363
0,32.6947,2.8125,-0.1030343012171781
0,32.6947,2.815625,-0.10295959625227673
0,32.6947,2.81875,-0.10289264831418873
0,32.6947,2.8218750000000004,-0.10283335604170153
0,32.6947,2.825,-0.1027816211982904
0,32.6947,2.828125,-0.1027373485900076
0,32.6947,2.83125,-0.10270044598615917
0,32.6947,2.834375,-0.10267082404267316
0,32.6947,2.8375000000000004,-0.10264839622806456
0,32.6947,2.840625,-0.10263307875190725
0,32.6947,2.84375,-0.10262479049572695
0,32.6947,2.846875,-0.10262345294623132
0,32.6947,2.85,-0.1026289901307971
0,32.6947,2.8531250000000004,-0.10264132855513795
0,32.6947,2.85625,-0.10266039714307887
0,32.6947,2.859375,-0.10268612717836467
0,32.6947,2.8625,-0.10271845224843654
0,32.6947,2.865625,-0.10275730819010848
0,32.6947,2.8687500000000004,-0.1028026330370814
0,32.6947,2.871875,-0.10285436696923397
0,32.6947,2.875,-0.10291245226363169
0,32.6947,2.878125,-0.10297683324719663
0,32.6947,2.88125,-0.10304745625098571
0,32.6947,2.8843750000000004,-0.10312426956602323
0,32.6947,2.8875,-0.10320722340063908
0,32.6947,2.890625,-0.10329626983926332
0,32.6947,2.89375,-0.10339136280263088
0,32.6947,2.896875,-0.10349245800935249
0,32.6947,2.9000000000000004,-0.10359951293880748
0,32.6947,2.903125,-0.10371248679531836
0,32.6947,2.90625,-0.10383134047356593
0,32.6947,2.909375,-0.10395603652520899
0,32.6947,2.9125,-0.10408653912666863
0,32.6947,2.9156250000000004,-0.10422281404804425
0,32.6947,2.91875,-0.10436482862312611
0,32.6947,2.921875,-0.10451255172047186
0,32.6947,2.925,-0.1046659537155146
0,32.6947,2.928125,-0.10482500646367365
0,32.6947,2.9312500000000004,-0.10498968327443747
0,32.6947,2.934375,-0.10515995888639143
0,32.6947,2.9375,-0.10533580944316237
0,32.6947,2.940625,-0.10551721247025568
0,32.6947,2.94375,-0.1057041468527573
0,32.6947,2.9468750000000004,-0.10589659281387938
0,32.6947,2.95,-0.10609453189432426
0,32.6947,2.953125,-0.10629794693244547
0,32.6947,2.95625,-0.10650682204518447
0,32.6947,2.959375,-0.1067211426097619
0,32.6947,2.9625000000000004,-0.106940895246104
0,32.6947,2.965625,-0.10716606779998511
0,32.6947,2.96875,-0.10739664932686803
0,32.6947,2.971875,-0.10763263007642421
0,32.6947,2.975,-0.10787400147771789
0,32.6947,2.9781250000000004,-0.10812075612503647
0,32.6947,2.98125,-0.10837288776435319
0,32.6947,2.984375,-0.10863039128040626
0,32.6947,2.9875,-0.10889326268437997
0,32.6947,2.990625,-0.10916149910217468
0,32.6947,2.9937500000000004,-0.10943509876325161
0,32.6947,2.996875,-0.10971406099004098
0,32.6947,3.0,-0.10999838618790057
0,32.6947,3.0031250000000003,-0.11028807583561274
0,32.6947,3.00625,-0.11058313247640972
0,32.6947,3.009375,-0.11088355970951638
0,32.6947,3.0125,-0.11118936218219934
0,32.6947,3.015625,-0.11150054558231402
0,32.6947,3.0187500000000003,-0.11181711663133984
0,32.6947,3.021875,-0.11213908307789353
0,32.6947,3.025,-0.11246645369171501
0,32.6947,3.028125,-0.11279923825811458
0,32.6947,3.03125,-0.11313744757287508
0,32.6947,3.0343750000000003,-0.11348109343760349
0,32.6947,3.0375,-0.11383018865552108
0,32.6947,3.040625,-0.11418474702769013
0,32.6947,3.04375,-0.1145447833496671
0,32.6947,3.046875,-0.1149103134085787
0,32.6947,3.0500000000000003,-0.11528135398061515
0,32.6947,3.053125,-0.11565792282893404
0,32.6947,3.05625,-0.1160400387019714
0,32.6947,3.059375,-0.11642772133215484
0,32.6947,3.0625,-0.11682099143501383
0,32.6947,3.0656250000000003,-0.11721987070868485
0,32.6947,3.06875,-0.117624381833805
0,32.6947,3.071875,-0.11803454847379385
0,32.6947,3.075,-0.11845039527551787
0,32.6947,3.078125,-0.11887194787033516
0,32.6947,3.0812500000000003,-0.11929923287551908
0,32.6947,3.084375,-0.11973227789605684
0,32.6947,3.0875,-0.12017111152682182
0,32.6947,3.090625,-0.12061576335511766
0,32.6947,3.09375,-0.12106626396359178
0,32.6947,3.0968750000000003,-0.12152264493351891
0,32.6947,3.1,-0.12198493884845099
0,32.6947,3.103125,-0.12245317929823452
0,32.6947,3.10625,-0.12292740088339385
0,32.6947,3.109375,-0.12340763921987995
0,32.6947,3.1125000000000003,-0.12389393094418526
0,32.6947,3.115625,-0.12438631371882321
0,32.6947,3.11875,-0.1248848262381749
0,32.6947,3.121875,-0.12538950823470074
0,32.6947,3.125,-0.12590040048552023
0,32.6947,3.1281250000000003,-0.12641754481935932
0,32.6947,3.13125,-0.12694098412386653
0,32.6947,3.134375,-0.12747076235330104
0,32.6947,3.1375,-0.12800692453659135
0,32.6947,3.140625,-0.12854951678576867
0,32.6947,3.1437500000000003,-0.1290985863047769
0,32.6947,3.146875,-0.1296541813986594
0,32.6947,3.15,-0.13021635148312813
0,32.6947,3.153125,-0.13078514709451566
0,32.6947,3.15625,-0.13136061990011244
0,32.6947,3.1593750000000003,-0.13194282270889585
0,32.6947,3.1625,-0.13253180948264942
0,32.6947,3.165625,-0.13312763534748084
0,32.6947,3.16875,-0.13373035660573868
0,32.6947,3.171875,-0.1343400307483332
0,32.6947,3.1750000000000003,-0.1349567164674669
0,32.6947,3.178125,-0.13558047366977644
0,32.6947,3.18125,-0.13621136348989293
0,32.6947,3.184375,-0.13684944830442497
0,32.6947,3.1875,-0.13749479174636803
0,32.6947,3.1906250000000003,-0.1381474587199487
0,32.6947,3.19375,-0.1388075154159056
0,32.6947,3.196875,-0.13947502932721656
0,32.6947,3.2,-0.14015006926527543
0,32.6947,3.203125,-0.14083270537652542
0,32.6947,3.2062500000000003,-0.14152300915955762
0,32.6947,3.209375,-0.142221053482678
0,32.6947,3.2125,-0.14292691260195373
0,32.6947,3.215625,-0.1436406621797431
0,32.6947,3.21875,-0.14436237930371865
0,32.6947,3.2218750000000003,-0.14509214250639038
0,32.6947,3.225,-0.1458300317851388
0,32.6947,3.228125,-0.14657612862276295
0,32.6947,3.23125,-0.14733051600855718
0,32.6947,3.234375,-0.14809327845991987
0,32.6947,3.2375000000000003,-0.14886450204450957
0,32.6947,3.240625,-0.14964427440295214
0,32.6947,3.24375,-0.15043268477211458
0,32.6947,3.246875,-0.15122982400895113
0,32.6947,3.25,-0.15203578461493505
0,32.6947,3.2531250000000003,-0.15285066076108683
0,32.6947,3.25625,-0.15367454831360758
0,32.6947,3.259375,-0.1545075448601338
0,32.6947,3.2625,-0.15534974973662066
0,32.6947,3.265625,-0.1562012640548687
0,32.6947,3.2687500000000003,-0.1570621907307083
0,32.6947,3.271875,-0.15793263451284958
0,32.6947,3.275,-0.15881270201241854
0,32.6947,3.278125,-0.15970250173318612
0,32.6947,3.28125,-0.1606021441025098
0,32.6947,3.2843750000000003,-0.16151174150300024
0,32.6947,3.2875,-0.1624314083049277
0,32.6947,3.290625,-0.16336126089938544
0,32.6947,3.29375,-0.16430141773222504
0,32.6947,3.296875,-0.1652519993387794
0,32.6947,3.3000000000000003,-0.16621312837939328
0,32.6947,3.303125,-0.16718492967577542
0,32.6947,3.30625,-0.16816753024819345
0,32.6947,3.309375,-0.16916105935352704
0,32.6947,3.3125,-0.1701656485242007
0,32.6947,3.3156250000000003,-0.17118143160801613
0,32.6947,3.31875,-0.17220854480890108
0,32.6947,3.321875,-0.17324712672860043
0,32.6947,3.325,-0.17429731840932638
0,32.6947,3.328125,-0.17535926337739247
0,32.6947,3.3312500000000003,-0.17643310768785325
0,32.6947,3.334375,-0.17751899997017323
0,32.6947,3.3375,-0.17861709147494942
0,32.6947,3.340625,-0.17972753612171088
0,32.6947,3.34375,-0.1808504905478222
0,32.6947,3.3468750000000003,-0.1819861141585174
0,32.6947,3.35,-0.18313456917808935
0,32.6947,3.353125,-0.1842960207022645
0,32.6947,3.35625,-0.18547063675179207
0,32.6947,3.359375,-0.18665858832727203
0,32.6947,3.3625000000000003,-0.187860049465262
0,32.6947,3.365625,-0.18907519729568373
0,32.6947,3.36875,-0.19030421210057005
0,32.6947,3.371875,-0.19154727737417931
0,32.6947,3.375,-0.19280457988451602
0,32.6947,3.3781250000000003,-0.19407630973629067
0,32.6947,3.38125,-0.19536266043535544
0,32.6947,3.384375,-0.19666382895465545
0,32.6947,3.3875,-0.19798001580173066
0,32.6947,3.390625,-0.19931142508781013
0,32.6947,3.3937500000000003,-0.20065826459854347
0,32.6947,3.396875,-0.20202074586640423
0,32.6947,3.4000000000000004,-0.20339908424481704
0,32.6947,3.403125,-0.20479349898404725
0,32.6947,3.40625,-0.20620421330890676
0,32.6947,3.4093750000000003,-0.2076314544983162
0,32.6947,3.4125,-0.20907545396677985
0,32.6947,3.4156250000000004,-0.21053644734782329
0,32.6947,3.41875,-0.21201467457944254
0,32.6947,3.421875,-0.21351037999162728
0,32.6947,3.4250000000000003,-0.21502381239600782
0,32.6947,3.428125,-0.21655522517768813
0,32.6947,3.4312500000000004,-0.2181048763893251
0,32.6947,3.434375,-0.21967302884751583
0,32.6947,3.4375,-0.22125995023155812
0,32.6947,3.4406250000000003,-0.22286591318465226
0,32.6947,3.44375,-0.22449119541760956
0,32.6947,3.4468750000000004,-0.22613607981514575
0,32.6947,3.45,-0.2278008545448267
0,32.6947,3.453125,-0.2294858131687481
0,32.6947,3.4562500000000003,-0.2311912547580254
0,32.6947,3.459375,-0.23291748401017787
0,32.6947,3.4625000000000004,-0.23466481136949252
0,32.6947,3.465625,-0.23643355315045275
0,32.6947,3.46875,-0.23822403166432915
0,32.6947,3.4718750000000003,-0.24003657534901965
0,32.6947,3.475,-0.24187151890224276
0,32.6947,3.4781250000000004,-0.24372920341818416
0,32.6947,3.48125,-0.24560997652769903
0,32.6947,3.484375,-0.24751419254218515
0,32.6947,3.4875000000000003,-0.24944221260123423
0,32.6947,3.490625,-0.25139440482417996
0,32.6947,3.4937500000000004,-0.2533711444656704
0,32.6947,3.496875,-0.255372814075382
0,32.6947,3.5,-0.2573998036620129
0,32.6947,3.5031250000000003,-0.25945251086168936
0,32.6947,3.50625,-0.2615313411109247
0,32.6947,3.5093750000000004,-0.263636707824281
0,32.6947,3.5125,-0.2657690325768815
0,32.6947,3.515625,-0.2679287452919343
0,32.6947,3.5187500000000003,-0.2701162844334305
0,32.6947,3.521875,-0.27233209720418183
0,32.6947,3.5250000000000004,-0.2745766397493866
0,32.6947,3.528125,-0.2768503773658893
0,32.6947,3.53125,-0.27915378471734253
0,32.6947,3.5343750000000003,-0.2814873460554543
0,32.6947,3.5375,-0.28385155544753093
0,32.6947,3.5406250000000004,-0.28624691701053473
0,32.6947,3.54375,-0.2886739451518631
0,32.6947,3.546875,-0.2911331648170922
0,32.6947,3.5500000000000003,-0.29362511174491734
0,32.6947,3.553125,-0.2961503327295329
0,32.6947,3.5562500000000004,-0.29870938589072105
0,32.6947,3.559375,-0.3013028409519004
0,32.6947,3.5625,-0.3039312795264223
0,32.6947,3.5656250000000003,-0.30659529541239733
0,32.6947,3.56875,-0.30929549489634633
0,32.6947,3.5718750000000004,-0.31203249706599384
0,32.6947,3.575,-0.31480693413251093
0,32.6947,3.578125,-0.3176194517625541
0,32.6947,3.5812500000000003,-0.32047070942043054
0,32.6947,3.584375,-0.32336138072075354
0,32.6947,3.5875000000000004,-0.3262921537919612
0,32.6947,3.590625,-0.32926373165106837
0,32.6947,3.59375,-0.3322768325900621
0,32.6947,3.5968750000000003,-0.3353321905743416
0,32.6947,3.6,-0.33843055565362795
0,32.6947,3.6031250000000004,-0.34157269438578775
0,32.6947,3.60625,-0.3447593902740183
0,32.6947,3.609375,-0.3479914442178632
0,32.6947,3.6125000000000003,-0.3512696749785488
0,32.6947,3.615625,-0.35459491965913076
0,32.6947,3.6187500000000004,-0.35796803419997664
0,32.6947,3.621875,-0.36138989389010767
0,32.6947,3.625,-0.3648613938949508
0,32.6947,3.6281250000000003,-0.3683834498010662
0,32.6947,3.63125,-0.3719569981784215
0,32.6947,3.6343750000000004,-0.37558299716082355
0,32.6947,3.6375,-0.37926242704510327
0,32.6947,3.640625,-0.3829962909096959
0,32.6947,3.6437500000000003,-0.38678561525325383
0,32.6947,3.646875,-0.39063145065394883
0,32.6947,3.6500000000000004,-0.3945348724501533
0,32.6947,3.653125,-0.3984969814431719
0,32.6947,3.65625,-0.40251890462274764
0,32.6947,3.6593750000000003,-0.40660179591604834
0,32.6947,3.6625,-0.4107468369608711
0,32.6947,3.6656250000000004,-0.4149552379038174
0,32.6947,3.66875,-0.41922823822418265
0,32.6947,3.671875,-0.4235671075843467
0,32.6947,3.6750000000000003,-0.4279731467074295
0,32.6947,3.678125,-0.43244768828300884
0,32.6947,3.6812500000000004,-0.4369920979017013
0,32.6947,3.684375,-0.44160777501939763
0,32.6947,3.6875,-0.44629615395197647
0,32.6947,3.6906250000000003,-0.4510587049013002
0,32.6947,3.69375,-0.4558969350133136
0,32.6947,3.6968750000000004,-0.4608123894690684
0,32.6947,3.7,-0.4658066526094805
0,32.6947,3.703125,-0.47088134909465396
0,32.6947,3.7062500000000003,-0.47603814509856635
0,32.6947,3.709375,-0.4812787495399428
0,32.6947,3.7125000000000004,-0.4866049153501171
0,32.6947,3.715625,-0.4920184407786692
0,32.6947,3.71875,-0.4975211707376505
0,32.6947,3.7218750000000003,-0.5031149981851536
0,32.6947,3.725,-0.5088018655490169
0,32.6947,3.7281250000000004,-0.5145837661914258
0,32.6947,3.73125,-0.520462745915151
0,32.6947,3.734375,-0.5264409045121905
0,32.6947,3.7375000000000003,-0.5325203973555372
0,32.6947,3.740625,-0.5387034370348037
0,32.6947,3.7437500000000004,-0.5449922950364486
0,32.6947,3.746875,-0.551389303469304
0,32.6947,3.75,-0.5578968568361599
0,32.6947,3.7531250000000003,-0.5645174138521145
0,32.6947,3.75625,-0.5712534993104476
0,32.6947,3.7593750000000004,-0.578107705996776
0,32.6947,3.7625,-0.5850826966522638
0,32.6947,3.765625,-0.592181205986702
0,32.6947,3.7687500000000003,-0.5994060427422934
0,32.6947,3.771875,-0.6067600918090233
0,32.6947,3.7750000000000004,-0.6142463163925486
0,32.6947,3.778125,-0.6218677602355638
0,32.6947,3.78125,-0.6296275498937043
0,32.6947,3.7843750000000003,-0.6375288970670377
0,32.6947,3.7875,-0.6455751009883052
0,32.6947,3.7906250000000004,-0.6537695508691088
0,32.6947,3.79375,-0.6621157284052516
0,32.6947,3.796875,-0.67061721034251
0,32.6947,3.8000000000000003,-0.679277671104071
0,32.6947,3.803125,-0.6881008854808626
0,32.6947,3.8062500000000004,-0.6970907313859227
0,32.6947,3.809375,-0.7062511926737822
0,32.6947,3.8125,-0.7155863620256734
0,32.6947,3.8156250000000003,-0.7251004439010074
0,32.6947,3.81875,-0.7347977575551787
0,32.6947,3.8218750000000004,-0.7446827401231679
0,32.6947,3.825,-0.7547599497676487
0,32.6947,3.828125,-0.7650340688894157
0,32.6947,3.8312500000000003,-0.7755099073966981
0,32.6947,3.834375,-0.7861924060285179
0,32.6947,3.8375000000000004,-0.7970866397254814
0,32.6947,3.840625,-0.8081978210392088
0,32.6947,3.84375,-0.8195313035691629
0,32.6947,3.8468750000000003,-0.8310925854125853
0,32.6947,3.85,-0.842887312609834
0,32.6947,3.8531250000000004,-0.8549212825634002
0,32.6947,3.85625,-0.8672004474042974
0,32.6947,3.859375,-0.879730917274363
0,32.6947,3.8625000000000003,-0.8925189634871081
0,32.6947,3.865625,-0.905571021523312
0,32.6947,3.8687500000000004,-0.9188936938103094
0,32.6947,3.871875,-0.932493752225991
0,32.6947,3.875,-0.9463781402599539
0,32.6947,3.8781250000000003,-0.9605539747548821
0,32.6947,3.88125,-0.9750285471412325
0,32.6947,3.8843750000000004,-0.9898093240676943
0,32.6947,3.8875,-1.0049039473185593
0,32.6947,3.890625,-1.020320232897402
0,32.6947,3.8937500000000003,-1.0360661691440998
0,32.6947,3.896875,-1.052149913739501
0,32.6947,3.9000000000000004,-1.0685797894390214
0,32.6947,3.903125,-1.0853642783629254
0,32.6947,3.90625,-1.1025120146576615
0,32.6947,3.9093750000000003,-1.1200317753287394
0,32.6947,3.9125,-1.1379324690319546
0,32.6947,3.9156250000000004,-1.1562231225960231
0,32.6947,3.91875,-1.1749128650358962
0,32.6947,3.921875,-1.1940109088026003
0,32.6947,3.9250000000000003,-1.2135265280019698
0,32.6947,3.928125,-1.2334690333016343
0,32.6947,3.9312500000000004,-1.2538477432328567
0,32.6947,3.934375,-1.274671951581492
0,32.6947,3.9375,-1.2959508905507084
0,32.6947,3.9406250000000003,-1.3176936893670854
0,32.6947,3.94375,-1.3399093279917644
0,32.6947,3.9468750000000004,-1.3626065855897065
0,32.6947,3.95,-1.385793983402922
0,32.6947,3.953125,-1.4094797216688624
0,32.6947,3.9562500000000003,-1.4336716102227989
0,32.6947,3.959375,-1.4583769924243648
0,32.6947,3.9625000000000004,-1.4836026620540113
0,32.6947,3.965625,-1.509354772835784
0,32.6947,3.96875,-1.535638740260224
0,32.6947,3.9718750000000003,-1.562459135405904
0,32.6947,3.975,-1.5898195704922506
0,32.6947,3.9781250000000004,-1.6177225759410396
0,32.6947,3.98125,-1.6461694687809305
0,32.6947,3.984375,-1.6751602123009803
0,32.6947,3.9875000000000003,-1.7046932669462296
0,32.6947,3.990625,-1.7347654325539894
0,32.6947,3.9937500000000004,-1.765371682154657
0,32.6947,3.996875,-1.7965049877076158
0,32.6947,4.0,-1.828156138313099
0,32.6947,4.003125000000001,-1.8603135516353988
0,32.6947,4.00625,-1.8929630794933843
0,32.6947,4.009375,-1.9260878088210325
0,32.6947,4.0125,-1.959667859473047
0,32.6947,4.015625,-1.9936801806497424
0,32.6947,4.018750000000001,-2.028098348036668
0,32.6947,4.021875,-2.062892364098182
0,32.6947,4.025,-2.0980284643247655
0,32.6947,4.028125,-2.1334689326057403
0,32.6947,4.03125,-2.169171929277776
0,32.6947,4.034375000000001,-2.205091335773036
0,32.6947,4.0375,-2.2411766201522667
0,32.6947,4.040625,-2.277372728143021
0,32.6947,4.04375,-2.3136200045974995
0,32.6947,4.046875,-2.3498541505237327
0,32.6947,4.050000000000001,-2.3860062210066153
0,32.6947,4.053125,-2.422002669405259
0,32.6947,4.05625,-2.457765443167003
0,32.6947,4.059375,-2.4932121364146584
0,32.6947,4.0625,-2.52825620412287
0,32.6947,4.065625000000001,-2.5628072421783124
0,32.6947,4.06875,-2.596771336902861
0,32.6947,4.071875,-2.630051486693726
0,32.6947,4.075,-2.662548097292716
0,32.6947,4.078125,-2.6941595508412686
0,32.6947,4.081250000000001,-2.7247828473157014
0,32.6947,4.084375,-2.7543143151934237
0,32.6947,4.0875,-2.7826503863075143
0,32.6947,4.090625,-2.8096884278514755
0,32.6947,4.09375,-2.8353276224591903
0,32.6947,4.096875000000001,-2.8594698852759444
0,32.6947,4.1,-2.8820208050378726
0,32.6947,4.103125,-2.902890594474255
0,32.6947,4.10625,-2.921995033928448
0,32.6947,4.109375,-2.9392563910453586
0,32.6947,4.112500000000001,-2.9546042987711982
0,32.6947,4.115625,-2.9679765738195165
0,32.6947,4.11875,-2.9793199582186896
0,32.6947,4.121875,-2.988590767590734
0,32.6947,4.125,-2.9957554314135475
0,32.6947,4.128125000000001,-3.000790912653281
0,32.6947,4.13125,-3.003684996759312
0,32.6947,4.134375,-3.0044364430032733
0,32.6947,4.1375,-3.003054994407029
0,32.6947,4.140625,-2.9995612459186103
0,32.6947,4.143750000000001,-2.9939863739263775
0,32.6947,4.146875,-2.9863717335167324
0,32.6947,4.15,-2.9767683329516634
0,32.6947,4.153125,-2.965236197555965
0,32.6947,4.15625,-2.951843637465837
0,32.6947,4.159375000000001,-2.9366664354313468
0,32.6947,4.1625,-2.9197869720423655
0,32.6947,4.165625,-2.9012933063461097
0,32.6947,4.16875,-2.881278229857797
0,32.6947,4.171875,-2.859838311469757
0,32.6947,4.175000000000001,-2.837072949797705
0,32.6947,4.178125,-2.813083448137858
0,32.6947,4.18125,-2.7879721255292758
0,32.6947,4.184375,-2.761841475511832
0,32.6947,4.1875,-2.734793382128444
0,32.6947,4.190625000000001,-2.7069284006276693
0,32.6947,4.19375,-2.6783451082535885
0,32.6947,4.196875,-2.6491395285310557
0,32.6947,4.2,-2.6194046306198087
0,32.6947,4.203125,-2.589229903659252
0,32.6947,4.206250000000001,-2.558701004586907
0,32.6947,4.209375,-2.527899476700597
0,32.6947,4.2125,-2.496902535252905
0,32.6947,4.215625,-2.4657829156118254
0,32.6947,4.21875,-2.4346087789790367
0,32.6947,4.221875000000001,-2.4034436703121393
0,32.6947,4.225,-2.372346522923998
0,32.6947,4.228125,-2.341371704208955
0,32.6947,4.23125,-2.3105690970465336
0,32.6947,4.234375,-2.279984211632263
0,32.6947,4.237500000000001,-2.2496583227611655
0,32.6947,4.240625,-2.2196286279185453
0,32.6947,4.24375,-2.189928421896976
0,32.6947,4.246875,-2.1605872840419544
0,32.6947,4.25,-2.131631274615826
0,32.6947,4.253125000000001,-2.1030831371524483
0,32.6947,4.25625,-2.074962504042373
0,32.6947,4.259375,-2.0472861029361735
0,32.6947,4.2625,-2.020067961877648
0,32.6947,4.265625,-1.9933196113757807
0,32.6947,4.268750000000001,-1.9670502818961173
0,32.6947,4.271875,-1.9412670954969333
0,32.6947,4.275,-1.9159752505559318
0,32.6947,4.278125,-1.8911781987313283
0,32.6947,4.28125,-1.8668778134776365
0,32.6947,4.284375000000001,-1.8430745495962126
0,32.6947,4.2875,-1.8197675934433017
0,32.6947,4.290625,-1.7969550035476445
0,32.6947,4.29375,-1.7746338415071854
0,32.6947,4.296875,-1.7528002931401223
0,32.6947,4.300000000000001,-1.7314497799626498
0,32.6947,4.303125,-1.710577061152392
0,32.6947,4.30625,-1.69017632623482
0,32.6947,4.309375,-1.670241278799127
0,32.6947,4.3125,-1.6507652116094162
0,32.6947,4.315625000000001,-1.6317410735278353
0,32.6947,4.31875,-1.6131615287064855
0,32.6947,4.321875,-1.5950190085356377
0,32.6947,4.325,-1.5773057568568332
0,32.6947,4.328125,-1.560013868960076
0,32.6947,4.331250000000001,-1.5431353248868553
0,32.6947,4.334375,-1.526662017553886
0,32.6947,4.3375,-1.510585776198676
0,32.6947,4.340625,-1.4948983856281206
0,32.6947,4.34375,-1.4795916017258568
0,32.6947,4.346875000000001,-1.4646571636461567
0,32.6947,4.35,-1.4500868030915897
0,32.6947,4.353125,-1.435872251041127
0,32.6947,4.35625,-1.422005242266228
0,32.6947,4.359375,-1.4084775179452744
0,32.6947,4.362500000000001,-1.395280826664132
0,32.6947,4.365625,-1.3824069240723535
0,32.6947,4.36875,-1.3698475714521263
0,32.6947,4.371875,-1.3575945334511796
0,32.6947,4.375,-1.3456395752309467
0,32.6947,4.378125000000001,-1.3339744592884517
0,32.6947,4.38125,-1.322590942223134
0,32.6947,4.384375,-1.3114807717379786
0,32.6947,4.3875,-1.3006356841867481
0,32.6947,4.390625,-1.2900474030034519
0,32.6947,4.393750000000001,-1.2797076383754364
0,32.6947,4.396875,-1.2696080885440668
0,32.6947,4.4,-1.2597404431345924
0,32.6947,4.403125,-1.2500963889260694
0,32.6947,4.40625,-1.2406676184690086
0,32.6947,4.409375000000001,-1.2314458419400767
0,32.6947,4.4125,-1.2224228025849764
0,32.6947,4.415625,-1.213590296040184
0,32.6947,4.41875,-1.204940193738835
0,32.6947,4.421875,-1.1964644704938738
0,32.6947,4.425000000000001,-1.1881552362135546
0,32.6947,4.428125,-1.180004771541623
0,32.6947,4.43125,-1.1720055670316945
0,32.6947,4.434375,-1.1641503652690623
0,32.6947,4.4375,-1.1564322051519813
0,32.6947,4.440625000000001,-1.148844467350368
0,32.6947,4.44375,-1.1413809197849716
0,32.6947,4.446875,-1.134035761828831
0,32.6947,4.45,-1.1268036658387541
0,32.6947,4.453125,-1.1196798145894635
0,32.6947,4.456250000000001,-1.1126599332169338
0,32.6947,4.459375,-1.1057403143847768
0,32.6947,4.4625,-1.0989178355686753
0,32.6947,4.465625,-1.0921899676029327
0,32.6947,4.46875,-1.0855547739382754
0,32.6947,4.471875000000001,-1.07901090040473
0,32.6947,4.475,-1.0725575556365106
0,32.6947,4.478125,-1.0661944826749334
0,32.6947,4.48125,-1.059921922597504
0,32.6947,4.484375,-1.0537405713055978
0,32.6947,4.487500000000001,-1.0476515308234318
0,32.6947,4.490625,-1.04165625660555
0,32.6947,4.49375,-1.0357565024142983
0,32.6947,4.496875,-1.0299542643140267
0,32.6947,4.5,-1.0242517252418182
0,32.6947,4.503125000000001,-1.0186512014675473
0,32.6947,4.50625,-1.0131550920631491
0,32.6947,4.509375,-1.00776583227865
0,32.6947,4.5125,-1.002485851486717
0,32.6947,4.515625,-0.9973175361227925
0,32.6947,4.518750000000001,-0.9922631978268245
0,32.6947,4.521875,-0.9873250467945144
0,32.6947,4.525,-0.9825051701772106
0,32.6947,4.528125,-0.9778055152336844
0,32.6947,4.53125,-0.973227876834458
0,32.6947,4.534375000000001,-0.9687738888491703
0,32.6947,4.5375,-0.9644450189064424
0,32.6947,4.540625,-0.960242566000046
0,32.6947,4.54375,-0.9561676604205682
0,32.6947,4.546875,-0.9522212655133615
0,32.6947,4.550000000000001,-0.9484041807974575
0,32.6947,4.553125,-0.9447170460220341
0,32.6947,4.55625,-0.9411603457838289
0,32.6947,4.559375,-0.9377344143778518
0,32.6947,4.5625,-0.9344394406025517
0,32.6947,4.565625000000001,-0.9312754722879446
0,32.6947,4.56875,-0.9282424203597983
0,32.6947,4.571875,-0.925340062294303
0,32.6947,4.575,-0.9225680448554182
0,32.6947,4.578125,-0.9199258860411483
0,32.6947,4.581250000000001,-0.917412976195701
0,32.6947,4.584375,-0.9150285782719021
0,32.6947,4.5875,-0.912771827252931
0,32.6947,4.590625,-0.9106417287647233
0,32.6947,4.59375,-0.90863715693062
0,32.6947,4.596875000000001,-0.9067568515385657
0,32.6947,4.6,-0.9049994146085005
0,32.6947,4.603125,-0.9033633064639693
0,32.6947,4.60625,-0.9018468414275208
0,32.6947,4.609375,-0.9004481832742554
0,32.6947,4.612500000000001,-0.8991653405919724
0,32.6947,4.615625,-0.8979961622096423
0,32.6947,4.61875,-0.8969383328681345
0,32.6947,4.621875,-0.8959893693181502
0,32.6947,4.625,-0.8951466170394964
0,32.6947,4.628125000000001,-0.8944072477830255
0,32.6947,4.63125,-0.893768258140965
0,32.6947,4.634375,-0.893226469352591
0,32.6947,4.6375,-0.892778528549576
0,32.6947,4.640625,-0.8924209116383045
0,32.6947,4.643750000000001,-0.8921499280045597
0,32.6947,4.646875,-0.8919617272087285
0,32.6947,4.65,-0.8918523078168656
0,32.6947,4.653125,-0.8918175284845155
0,32.6947,4.65625,-0.891853121376189
0,32.6947,4.659375000000001,-0.8919547079643358
0,32.6947,4.6625,-0.8921178172081079
0,32.6947,4.665625,-0.892337906065147
0,32.6947,4.66875,-0.8926103822401806
0,32.6947,4.671875,-0.8929306290237056
0,32.6947,4.675000000000001,-0.8932940320239515
0,32.6947,4.678125,-0.8936960075470978
0,32.6947,4.68125,-0.8941320323358034
0,32.6947,4.684375,-0.8945976743357549
0,32.6947,4.6875,-0.8950886241251415
0,32.6947,4.690625000000001,-0.8956007266134478
0,32.6947,4.69375,-0.8961300125940247
0,32.6947,4.696875,-0.8966727297196125
0,32.6947,4.7,-0.8972253724610103
0,32.6947,4.703125,-0.8977847106059291
0,32.6947,4.706250000000001,-0.8983478158571261
0,32.6947,4.709375,-0.8989120860955627
0,32.6947,4.7125,-0.8994752668851728
0,32.6947,4.715625,-0.9000354698106264
0,32.6947,4.71875,-0.9005911872583504
0,32.6947,4.721875000000001,-0.9011413032744428
0,32.6947,4.725,-0.9016851001616499
0,32.6947,4.728125,-0.9022222605120923
0,32.6947,4.73125,-0.9027528644137259
0,32.6947,4.734375,-0.9032773816172336
0,32.6947,4.737500000000001,-0.9037966585064454
0,32.6947,4.740625,-0.9043118997792439
0,32.6947,4.74375,-0.9048246448164489
0,32.6947,4.746875,-0.9053367387920362
0,32.6947,4.75,-0.9058502986573101
0,32.6947,4.753125000000001,-0.9063676742120672
0,32.6947,4.75625,-0.9068914045549021
0,32.6947,4.759375,-0.9074241702802207
0,32.6947,4.7625,-0.9079687418589883
0,32.6947,4.765625,-0.9085279247022311
0,32.6947,4.768750000000001,-0.9091045014595783
0,32.6947,4.771875,-0.909701172149483
0,32.6947,4.775,-0.9103204927534937
0,32.6947,4.778125,-0.9109648129351531
0,32.6947,4.78125,-0.9116362135664031
0,32.6947,4.784375000000001,-0.9123364447626879
0,32.6947,4.7875,-0.9130668651444345
0,32.6947,4.790625,-0.9138283830591294
0,32.6947,4.79375,-0.914621400516435
0,32.6947,4.796875,-0.9154457606095328
0,32.6947,4.800000000000001,-0.9163006992191418
0,32.6947,4.803125,-0.9171848018212853
0,32.6947,4.80625,-0.9180959662435203
0,32.6947,4.809375,-0.91903137223316
0,32.6947,4.8125,-0.9199874587102009
0,32.6947,4.815625000000001,-0.920959909570928
0,32.6947,4.81875,-0.9219436488788303
0,32.6947,4.821875,-0.9229328462203003
0,32.6947,4.825,-0.9239209329069897
0,32.6947,4.828125,-0.9249006295691627
0,32.6947,4.831250000000001,-0.92586398550167
0,32.6947,4.834375,-0.9268024298959143
0,32.6947,4.8375,-0.9277068348211
0,32.6947,4.840625,-0.9285675895139907
0,32.6947,4.84375,-0.9293746852108803
0,32.6947,4.846875000000001,-0.9301178094249245
0,32.6947,4.85,-0.9307864482559884
0,32.6947,4.853125,-0.931369995039631
0,32.6947,4.85625,-0.9318578634170569
0,32.6947,4.859375,-0.9322396027560675
0,32.6947,4.862500000000001,-0.9325050137863328
0,32.6947,4.865625,-0.9326442623356196
0,32.6947,4.86875,-0.9326479891641754
0,32.6947,4.871875,-0.9325074140812095
0,32.6947,4.875,-0.9322144327728137
0,32.6947,4.878125000000001,-0.9317617050522139
0,32.6947,4.88125,-0.9311427335367329
0,32.6947,4.884375,-0.93035193203805
0,32.6947,4.8875,-0.9293846832040016
0,32.6947,4.890625,-0.9282373851580207
0,32.6947,4.893750000000001,-0.9269074870402173
0,32.6947,4.896875,-0.9253935134631533
0,32.6947,4.9,-0.9236950779628644
0,32.6947,4.903125,-0.9218128855635436
0,32.6947,4.90625,-0.9197487245966641
0,32.6947,4.909375000000001,-0.9175054479367015
0,32.6947,4.9125,-0.9150869438485216
0,32.6947,4.915625,-0.912498096695183
0,32.6947,4.91875,-0.9097447378346118
0,32.6947,4.921875,-0.9068335871396899
0,32.6947,4.925000000000001,-0.9037721857055665
0,32.6947,4.928125,-0.9005688204531602
0,32.6947,4.93125,-0.897232441489704
0,32.6947,4.934375,-0.8937725732350906
0,32.6947,4.9375,-0.8901992204557736
0,32.6947,4.940625000000001,-0.8865227704565625
0,32.6947,4.94375,-0.8827538927563683
0,32.6947,4.946875,-0.8789034376114858
0,32.6947,4.95,-0.8749823347463311
0,32.6947,4.953125,-0.8710014936065031
0,32.6947,4.956250000000001,-0.8669717063655714
0,32.6947,4.959375,-0.8629035547996682
0,32.6947,4.9625,-0.8588073219998424
0,32.6947,4.965625,-0.8546929097291073
0,32.6947,4.96875,-0.8505697620575147
0,32.6947,4.971875000000001,-0.8464467957333367
0,32.6947,4.975,-0.8423323375789742
0,32.6947,4.978125,-0.8382340690437866
0,32.6947,4.98125,-0.8341589779081999
0,32.6947,4.984375,-0.8301133170181236
0,32.6947,4.987500000000001,-0.8261025698388083
0,32.6947,4.990625,-0.822131422553669
0,32.6947,4.99375,-0.8182037423960543
0,32.6947,4.996875,-0.8143225618892832
0,32.6947,5.0,-0.810490068679695
0,32.6947,5.003125,-0.8067076006763272
0,32.6947,5.0062500000000005,-0.8029756462550657
0,32.6947,5.009375,-0.7992938493409782
0,32.6947,5.0125,-0.7956610192456889
0,32.6947,5.015625,-0.7920751452028691
0,32.6947,5.01875,-0.7885334156099734
0,32.6947,5.0218750000000005,-0.785032242044097
0,32.6947,5.025,-0.7815672881704806
0,32.6947,5.028125,-0.7781335036999413
0,32.6947,5.03125,-0.7747251635733289
0,32.6947,5.034375,-0.7713359125538991
0,32.6947,5.0375000000000005,-0.7679588153901294
0,32.6947,5.040625,-0.7645864126702328
0,32.6947,5.04375,-0.7612107824244727
0,32.6947,5.046875,-0.7578236074424503
0,32.6947,5.05,-0.7544162481605583
0,32.6947,5.0531250000000005,-0.7509798208420538
0,32.6947,5.05625,-0.7475052806217678
0,32.6947,5.059375,-0.7439835088237838
0,32.6947,5.0625,-0.740405403789186
0,32.6947,5.065625,-0.736761974278638
0,32.6947,5.0687500000000005,-0.7330444343488342
0,32.6947,5.071875,-0.7292442984506635
0,32.6947,5.075,-0.725353475368705
0,32.6947,5.078125,-0.7213643595245153
0,32.6947,5.08125,-0.7172699181074484
0,32.6947,5.0843750000000005,-0.7130637724829336
0,32.6947,5.0875,-0.7087402723636658
0,32.6947,5.090625,-0.7042945613167704
0,32.6947,5.09375,-0.6997226323197889
0,32.6947,5.096875,-0.6950213722678232
0,32.6947,5.1000000000000005,-0.6901885945683724
0,32.6947,5.103125,-0.6852230592315135
0,32.6947,5.10625,-0.6801244801613177
0,32.6947,5.109375,-0.6748935196680022
0,32.6947,5.1125,-0.6695317705363376
0,32.6947,5.1156250000000005,-0.6640417262909025
0,32.6947,5.11875,-0.658426740579672
0,32.6947,5.121875,-0.6526909768419503
0,32.6947,5.125,-0.646839349624517
0,32.6947,5.128125,-0.6408774590528773
0,32.6947,5.1312500000000005,-0.6348115200478031
0,32.6947,5.134375,-0.6286482878990538
0,32.6947,5.1375,-0.6223949817699637
0,32.6947,5.140625,-0.6160592076136527
0,32.6947,5.14375,-0.6096488818419812
0,32.6947,5.1468750000000005,-0.6031721569128689
0,32.6947,5.15,-0.5966373498026969
0,32.6947,5.153125,-0.5900528741214474
0,32.6947,5.15625,-0.5834271764223874
0,32.6947,5.159375,-0.5767686770670174
0,32.6947,5.1625000000000005,-0.570085715839593
0,32.6947,5.165625,-0.5633865023702711
0,32.6947,5.16875,-0.5566790713250256
0,32.6947,5.171875,-0.5499712422537969
0,32.6947,5.175,-0.5432705839521337
0,32.6947,5.1781250000000005,-0.5365843831802112
0,32.6947,5.18125,-0.5299196175888565
0,32.6947,5.184375,-0.5232829327171908
0,32.6947,5.1875,-0.516680622943241
0,32.6947,5.190625,-0.5101186162811945
0,32.6947,5.1937500000000005,-0.5036024629227661
0,32.6947,5.196875,-0.4971373274133042
0,32.6947,5.2,-0.49072798433574966
0,32.6947,5.203125,-0.48437881734923655
0,32.6947,5.20625,-0.4780938213966588
0,32.6947,5.2093750000000005,-0.47187660786065
0,32.6947,5.2125,-0.4657304124136181
0,32.6947,5.215625,-0.45965810527786255
0,32.6947,5.21875,-0.4536622035890423
0,32.6947,5.221875,-0.4477448855416981
0,32.6947,5.2250000000000005,-0.4419080059901192
0,32.6947,5.228125,-0.43615311318131905
0,32.6947,5.23125,-0.43048146630851025
0,32.6947,5.234375,-0.42489405359213106
0,32.6947,5.2375,-0.4193916106194502
0,32.6947,5.2406250000000005,-0.41397463870171186
0,32.6947,5.24375,-0.40864342303793544
0,32.6947,5.246875,-0.40339805050550587
0,32.6947,5.25,-0.3982384269284457
0,32.6947,5.253125,-0.3931642937036247
0,32.6947,5.2562500000000005,-0.38817524369260353
0,32.6947,5.259375,-0.3832707363117207
0,32.6947,5.2625,-0.3784501117751572
0,32.6947,5.265625,-0.3737126044650229
0,32.6947,5.26875,-0.36905735541886425
0,32.6947,5.2718750000000005,-0.36448342393870053
0,32.6947,5.275,-0.3599897983368162
0,32.6947,5.278125,-0.35557540584233566
0,32.6947,5.28125,-0.3512391216994315
0,32.6947,5.284375,-0.34697977749295245
0,32.6947,5.2875000000000005,-0.34279616874074964
0,32.6947,5.290625,-0.33868706179415015
0,32.6947,5.29375,-0.33465120008911436
0,32.6947,5.296875,-0.3306873097909085
0,32.6947,5.3,-0.3267941048746337
0,32.6947,5.3031250000000005,-0.3229702916830147
0,32.6947,5.30625,-0.3192145730014667
0,32.6947,5.309375,-0.31552565168876695
0,32.6947,5.3125,-0.3119022338998271
0,32.6947,5.315625,-0.30834303193501683
0,32.6947,5.3187500000000005,-0.30484676674844224
0,32.6947,5.321875,-0.3014121701454967
0,32.6947,5.325,-0.29803798669789866
0,32.6947,5.328125,-0.2947229754024513
0,32.6947,5.33125,-0.29146591110774867
0,32.6947,5.3343750000000005,-0.2882655857312096
0,32.6947,5.3375,-0.28512080928701694
0,32.6947,5.340625,-0.2820304107438476
0,32.6947,5.34375,-0.2789932387297141
0,32.6947,5.346875,-0.27600816209972856
0,32.6947,5.3500000000000005,-0.27307407038123216
0,32.6947,5.353125,-0.27018987410945056
0,32.6947,5.35625,-0.2673545050656354
0,32.6947,5.359375,-0.2645669164285744
0,32.6947,5.3625,-0.2618260828493298
0,32.6947,5.3656250000000005,-0.2591310004581413
0,32.6947,5.36875,-0.2564806868115838
0,32.6947,5.371875,-0.2538741807872816
0,32.6947,5.375,-0.2513105424327857
0,32.6947,5.378125,-0.24878885277455753
0,32.6947,5.3812500000000005,-0.24630821359241287
0,32.6947,5.384375,-0.24386774716425452
0,32.6947,5.3875,-0.2414665959854048
0,32.6947,5.390625,-0.23910392246643847
0,32.6947,5.39375,-0.23677890861298392
0,32.6947,5.3968750000000005,-0.23449075569060607
0,32.6947,5.4,-0.23223868387755808
0,32.6947,5.403125,-0.23002193190786863
0,32.6947,5.40625,-0.2278397567069863
0,32.6947,5.409375,-0.22569143302193412
0,32.6947,5.4125000000000005,-0.22357625304771486
0,32.6947,5.415625,-0.2214935260515115
0,32.6947,5.41875,-0.21944257799602906
0,32.6947,5.421875,-0.21742275116318766
0,32.6947,5.425,-0.21543340377920453
0,32.6947,5.4281250000000005,-0.21347390964198412
0,32.6947,5.43125,-0.21154365775161738
0,32.6947,5.434375,-0.20964205194467078
0,32.6947,5.4375,-0.20776851053287182
0,32.6947,5.440625,-0.2059224659466935
0,32.6947,5.4437500000000005,-0.20410336438426702
0,32.6947,5.446875,-0.20231066546599538
0,32.6947,5.45,-0.20054384189515537
0,32.6947,5.453125,-0.19880237912474877
0,32.6947,5.45625,-0.19708577503079167
0,32.6947,5.4593750000000005,-0.1953935395921974
0,32.6947,5.4625,-0.19372519457737303
0,32.6947,5.465625,-0.19208027323760118
0,32.6947,5.46875,-0.1904583200072694
0,32.6947,5.471875,-0.18885889021096344
0,32.6947,5.4750000000000005,-0.1872815497774258
0,32.6947,5.478125,-0.18572587496036527
0,32.6947,5.48125,-0.18419145206606777
0,32.6947,5.484375,-0.18267787718776765
0,32.6947,5.4875,-0.181184755946703
0,32.6947,5.4906250000000005,-0.1797117032397781
0,32.6947,5.49375,-0.17825834299374646
0,32.6947,5.496875,-0.17682430792580917
0,32.6947,5.5,-0.17540923931053265
0,32.6947,5.503125,-0.1740127867529684
0,32.6947,5.5062500000000005,-0.17263460796785887
0,32.6947,5.509375,-0.17127436856481493
0,32.6947,5.5125,-0.1699317418393324
0,32.6947,5.515625,-0.1686064085695315
0,32.6947,5.51875,-0.16729805681848672
0,32.6947,5.5218750000000005,-0.16600638174201987
0,32.6947,5.525,-0.16473108540182962
0,32.6947,5.528125,-0.1634718765838229
0,32.6947,5.53125,-0.16222847062152798
0,32.6947,5.534375,-0.16100058922445434
0,32.6947,5.5375000000000005,-0.15978796031127543
0,32.6947,5.540625,-0.15859031784770938
0,32.6947,5.54375,-0.15740740168897022
0,32.6947,5.546875,-0.1562389574266709
0,32.6947,5.55,-0.15508473624005564
0,32.6947,5.5531250000000005,-0.1539444947514426
0,32.6947,5.55625,-0.15281799488576261
0,32.6947,5.559375,-0.15170500373407453
0,32.6947,5.5625,-0.15060529342095275
0,32.6947,5.565625,-0.14951864097563092
0,32.6947,5.5687500000000005,-0.14844482820679705
0,32.6947,5.571875,-0.1473836415809365
0,32.6947,5.575,-0.1463348721041168
0,32.6947,5.578125,-0.14529831520711822
0,32.6947,5.58125,-0.14427377063381114
0,32.6947,5.5843750000000005,-0.14326104233268425
0,32.6947,5.5875,-0.14225993835143452
0,32.6947,5.590625,-0.14127027073452222
0,32.6947,5.59375,-0.14029185542361244
0,32.6947,5.596875,-0.13932451216080965
0,32.6947,5.6000000000000005,-0.13836806439460722
0,32.6947,5.603125,-0.1374223391884705
0,32.6947,5.60625,-0.13648716713197198
0,32.6947,5.609375,-0.13556238225440814
0,32.6947,5.6125,-0.1346478219408184
0,32.6947,5.6156250000000005,-0.13374332685033855
0,32.6947,5.61875,-0.13284874083681733
0,32.6947,5.621875,-0.13196391087162695
0,32.6947,5.625,-0.13108868696860596
0,32.6947,5.628125,-0.13022292211106692
0,32.6947,5.6312500000000005,-0.12936647218080974
0,32.6947,5.634375,-0.12851919588907992
0,32.6947,5.6375,-0.1276809547094119
0,32.6947,5.640625,-0.12685161281230536
0,32.6947,5.64375,-0.12603103700167603
0,32.6947,5.6468750000000005,-0.12521909665302966
0,32.6947,5.65,-0.12441566365330896
0,32.6947,5.653125,-0.1236206123423604
0,32.6947,5.65625,-0.12283381945597739
0,32.6947,5.659375,-0.12205516407046953
0,32.6947,5.6625000000000005,-0.12128452754871381
0,32.6947,5.665625,-0.12052179348764527
0,32.6947,5.66875,-0.1197668476671418
0,32.6947,5.671875,-0.11901957800026484
0,32.6947,5.675,-0.1182798744848151
0,32.6947,5.6781250000000005,-0.11754762915616306
0,32.6947,5.68125,-0.11682273604132055
0,32.6947,5.684375,-0.11610509111421256
0,32.6947,5.6875,-0.11539459225211801
0,32.6947,5.690625,-0.11469113919324385
0,32.6947,5.6937500000000005,-0.11399463349539873
0,32.6947,5.696875,-0.11330497849573727
0,32.6947,5.7,-0.11262207927153906
0,32.6947,5.703125,-0.11194584260199782
0,32.6947,5.70625,-0.11127617693098821
0,32.6947,5.7093750000000005,-0.1106129923307829
0,32.6947,5.7125,-0.10995620046669412
0,32.6947,5.715625,-0.10930571456260968
0,32.6947,5.71875,-0.1086614493674029
0,32.6947,5.721875,-0.10802332112218709
0,32.6947,5.7250000000000005,-0.10739124752839313
0,32.6947,5.728125,-0.10676514771664684
0,32.6947,5.73125,-0.10614494221642089
0,32.6947,5.734375,-0.10553055292644314
0,32.6947,5.7375,-0.10492190308583808
0,32.6947,5.7406250000000005,-0.1043189172459804
0,32.6947,5.74375,-0.10372152124304297
0,32.6947,5.746875,-0.1031296421712162
0,32.6947,5.75,-0.10254320835658437
0,32.6947,5.753125,-0.10196214933163811
0,32.6947,5.7562500000000005,-0.10138639581040536
0,32.6947,5.759375,-0.10081587966418591
0,32.6947,5.7625,-0.10025053389786925
0,32.6947,5.765625,-0.09969029262682413
0,32.6947,5.76875,-0.09913509105434073
0,32.6947,5.7718750000000005,-0.09858486544961204
0,32.6947,5.775,-0.09803955312623987
0,32.6947,5.778125,-0.09749909242124993
0,32.6947,5.78125,-0.09696342267460356
0,32.6947,5.784375,-0.09643248420919266
0,32.6947,5.7875000000000005,-0.09590621831130391
0,32.6947,5.790625,-0.09538456721154126
0,32.6947,5.79375,-0.09486747406619188
0,32.6947,5.796875,-0.09435488293902676
0,32.6947,5.800000000000001,-0.09384673878352252
0,32.6947,5.8031250000000005,-0.09334298742549434
0,32.6947,5.80625,-0.09284357554612747
0,32.6947,5.809375,-0.09234845066539908
0,32.6947,5.8125,-0.0918575611258789
0,32.6947,5.815625000000001,-0.09137085607689867
0,32.6947,5.8187500000000005,-0.09088828545908179
0,32.6947,5.821875,-0.0904097999892218
0,32.6947,5.825,-0.08993535114550373
0,32.6947,5.828125,-0.08946489115305628
0,32.6947,5.831250000000001,-0.08899837296982858
0,32.6947,5.8343750000000005,-0.08853575027278247
0,32.6947,5.8375,-0.08807697744439083
0,32.6947,5.840625,-0.08762200955943734
0,32.6947,5.84375,-0.08717080237210681
0,32.6947,5.846875000000001,-0.08672331230336032
0,32.6947,5.8500000000000005,-0.08627949642858815
0,32.6947,5.853125,-0.08583931246553224
0,32.6947,5.85625,-0.08540271876247268
0,32.6947,5.859375,-0.08496967428667121
0,32.6947,5.862500000000001,-0.08454013861306486
0,32.6947,5.8656250000000005,-0.0841140719132046
0,32.6947,5.86875,-0.083691434944431
0,32.6947,5.871875,-0.08327218903928332
0,32.6947,5.875,-0.08285629609513483
0,32.6947,5.878125000000001,-0.08244371856404883
0,32.6947,5.8812500000000005,-0.08203441944285146
0,32.6947,5.884375,-0.08162836226341279
0,32.6947,5.8875,-0.0812255110831352
0,32.6947,5.890625,-0.08082583047564079
0,32.6947,5.893750000000001,-0.08042928552165438
0,32.6947,5.8968750000000005,-0.080035841800078
0,32.6947,5.9,-0.07964546537925003
0,32.6947,5.903125,-0.07925812280838698
0,32.6947,5.90625,-0.07887378110920237
0,32.6947,5.909375000000001,-0.07849240776769842
0,32.6947,5.9125000000000005,-0.07811397072612725
0,32.6947,5.915625,-0.07773843837511597
0,32.6947,5.91875,-0.07736577954595374
0,32.6947,5.921875,-0.0769959635030359
0,32.6947,5.925000000000001,-0.07662895993646124
0,32.6947,5.9281250000000005,-0.07626473895477985
0,32.6947,5.93125,-0.07590327107788661
0,32.6947,5.934375,-0.07554452723005847
0,32.6947,5.9375,-0.07518847873313125
0,32.6947,5.940625000000001,-0.07483509729981257
0,32.6947,5.9437500000000005,-0.07448435502712888
0,32.6947,5.946875,-0.07413622439000184
0,32.6947,5.95,-0.07379067823495263
0,32.6947,5.953125,-0.07344768977393054
0,32.6947,5.956250000000001,-0.07310723257826302
0,32.6947,5.9593750000000005,-0.07276928057272473
0,32.6947,5.9625,-0.07243380802972223
0,32.6947,5.965625,-0.07210078956359241
0,32.6947,5.96875,-0.07177020012501219
0,32.6947,5.971875000000001,-0.07144201499551599
0,32.6947,5.9750000000000005,-0.07111620978211988
0,32.6947,5.978125,-0.07079276041204878
0,32.6947,5.98125,-0.07047164312756518
0,32.6947,5.984375,-0.07015283448089728
0,32.6947,5.987500000000001,-0.06983631132926336
0,32.6947,5.9906250000000005,-0.06952205082999201
0,32.6947,5.99375,-0.06921003043573348
0,32.6947,5.996875,-0.068900227889763
0,32.6947,6.0,-0.06859262122137214
