"Current","Field","Frequency","Spectra"
0,63.806999999999995,1.0,-0.02150361295983395
0,63.806999999999995,1.003125,-0.02156891324053196
0,63.806999999999995,1.00625,-0.021634591020557172
0,63.806999999999995,1.009375,-0.021700649717888747
0,63.806999999999995,1.0125,-0.02176709279236257
0,63.806999999999995,1.015625,-0.02183392374630615
0,63.806999999999995,1.01875,-0.021901146125184907
0,63.806999999999995,1.021875,-0.021968763518260014
0,63.806999999999995,1.025,-0.022036779559258007
0,63.806999999999995,1.028125,-0.02210519792705267
0,63.806999999999995,1.03125,-0.022174022346358985
0,63.806999999999995,1.034375,-0.022243256588439876
0,63.806999999999995,1.0375,-0.022312904471825643
0,63.806999999999995,1.040625,-0.022382969863046574
0,63.806999999999995,1.04375,-0.022453456677378976
0,63.806999999999995,1.046875,-0.022524368879604677
0,63.806999999999995,1.05,-0.02259571048478478
0,63.806999999999995,1.053125,-0.022667485559047323
0,63.806999999999995,1.05625,-0.022739698220389744
0,63.806999999999995,1.059375,-0.02281235263949604
0,63.806999999999995,1.0625,-0.022885453040569104
0,63.806999999999995,1.065625,-0.02295900370217864
0,63.806999999999995,1.06875,-0.02303300895812476
0,63.806999999999995,1.071875,-0.02310747319831779
0,63.806999999999995,1.075,-0.023182400869674588
0,63.806999999999995,1.078125,-0.023257796477031682
0,63.806999999999995,1.08125,-0.02333366458407564
0,63.806999999999995,1.084375,-0.023410009814290984
0,63.806999999999995,1.0875,-0.023486836851926096
0,63.806999999999995,1.090625,-0.023564150442977484
0,63.806999999999995,1.09375,-0.023641955396192772
0,63.806999999999995,1.096875,-0.023720256584092853
0,63.806999999999995,1.1,-0.023799058944013643
0,63.806999999999995,1.103125,-0.023878367479167793
0,63.806999999999995,1.10625,-0.02395818725972691
0,63.806999999999995,1.109375,-0.024038523423924613
0,63.806999999999995,1.1125,-0.024119381179180995
0,63.806999999999995,1.115625,-0.02420076580324886
0,63.806999999999995,1.11875,-0.024282682645382338
0,63.806999999999995,1.121875,-0.02436513712752825
0,63.806999999999995,1.125,-0.024448134745540834
0,63.806999999999995,1.128125,-0.0245316810704203
0,63.806999999999995,1.13125,-0.024615781749575745
0,63.806999999999995,1.134375,-0.024700442508113013
0,63.806999999999995,1.1375,-0.024785669150148036
0,63.806999999999995,1.140625,-0.024871467560146222
0,63.806999999999995,1.14375,-0.024957843704288538
0,63.806999999999995,1.146875,-0.025044803631864773
0,63.806999999999995,1.15,-0.02513235347669478
0,63.806999999999995,1.153125,-0.025220499458578183
0,63.806999999999995,1.15625,-0.025309247884773213
0,63.806999999999995,1.159375,-0.025398605151505493
0,63.806999999999995,1.1625,-0.02548857774550725
0,63.806999999999995,1.165625,-0.02557917224558784
0,63.806999999999995,1.16875,-0.025670395324236178
0,63.806999999999995,1.171875,-0.02576225374925586
0,63.806999999999995,1.175,-0.025854754385433852
0,63.806999999999995,1.178125,-0.025947904196243272
0,63.806999999999995,1.18125,-0.026041710245581363
0,63.806999999999995,1.184375,-0.0261361796995432
0,63.806999999999995,1.1875,-0.02623131982823225
0,63.806999999999995,1.190625,-0.026327138007608414
0,63.806999999999995,1.19375,-0.026423641721374597
0,63.806999999999995,1.196875,-0.026520838562902625
0,63.806999999999995,1.2,-0.026618736237199528
0,63.806999999999995,1.203125,-0.026717342562915088
0,63.806999999999995,1.20625,-0.02681666547439166
0,63.806999999999995,1.209375,-0.02691671302375733
0,63.806999999999995,1.2125,-0.027017493383063317
0,63.806999999999995,1.215625,-0.02711901484646697
0,63.806999999999995,1.21875,-0.027221285832460966
0,63.806999999999995,1.221875,-0.02732431488615048
0,63.806999999999995,1.225,-0.02742811068157895
0,63.806999999999995,1.228125,-0.027532682024103854
0,63.806999999999995,1.23125,-0.027638037852823812
0,63.806999999999995,1.234375,-0.027744187243057987
0,63.806999999999995,1.2375,-0.02785113940887944
0,63.806999999999995,1.240625,-0.027958903705703482
0,63.806999999999995,1.24375,-0.028067489632932416
0,63.806999999999995,1.246875,-0.0281769068366584
0,63.806999999999995,1.25,-0.028287165112425273
0,63.806999999999995,1.253125,-0.02839827440805149
0,63.806999999999995,1.25625,-0.028510244826515152
0,63.806999999999995,1.259375,-0.028623086628903067
0,63.806999999999995,1.2625,-0.02873681023742519
0,63.806999999999995,1.265625,-0.028851426238496312
0,63.806999999999995,1.26875,-0.02896694538588656
0,63.806999999999995,1.271875,-0.029083378603942472
0,63.806999999999995,1.275,-0.029200736990880556
0,63.806999999999995,1.278125,-0.02931903182215508
0,63.806999999999995,1.28125,-0.029438274553901994
0,63.806999999999995,1.284375,-0.02955847682646103
0,63.806999999999995,1.2875,-0.02967965046797797
0,63.806999999999995,1.290625,-0.02980180749808902
0,63.806999999999995,1.29375,-0.02992496013168977
0,63.806999999999995,1.296875,-0.0300491207827904
0,63.806999999999995,1.3,-0.03017430206846001
0,63.806999999999995,1.303125,-0.030300516812861923
0,63.806999999999995,1.30625,-0.030427778051382567
0,63.806999999999995,1.309375,-0.030556099034856392
0,63.806999999999995,1.3125,-0.030685493233889312
0,63.806999999999995,1.315625,-0.030815974343283335
0,63.806999999999995,1.31875,-0.03094755628656505
0,63.806999999999995,1.321875,-0.03108025322062071
0,63.806999999999995,1.325,-0.03121407954044082
0,63.806999999999995,1.328125,-0.03134904988397717
0,63.806999999999995,1.33125,-0.03148517913711527
0,63.806999999999995,1.334375,-0.031622482438765434
0,63.806999999999995,1.3375,-0.031760975186075555
0,63.806999999999995,1.340625,-0.03190067303976898
0,63.806999999999995,1.34375,-0.03204159192961103
0,63.806999999999995,1.346875,-0.03218374806000736
0,63.806999999999995,1.35,-0.03232715791573805
0,63.806999999999995,1.353125,-0.03247183826783101
0,63.806999999999995,1.35625,-0.03261780617957879
0,63.806999999999995,1.359375,-0.032765079012702265
0,63.806999999999995,1.3625,-0.03291367443366587
0,63.806999999999995,1.365625,-0.033063610420148215
0,63.806999999999995,1.36875,-0.033214905267672484
0,63.806999999999995,1.371875,-0.0333675775964013
0,63.806999999999995,1.375,-0.033521646358100336
0,63.806999999999995,1.378125,-0.03367713084327581
0,63.806999999999995,1.38125,-0.03383405068849049
0,63.806999999999995,1.384375,-0.03399242588386338
0,63.806999999999995,1.3875,-0.0341522767807585
0,63.806999999999995,1.390625,-0.034313624099667685
0,63.806999999999995,1.39375,-0.034476488938293554
0,63.806999999999995,1.396875,-0.03464089277983799
0,63.806999999999995,1.4,-0.034806857501502156
0,63.806999999999995,1.403125,-0.03497440538320433
0,63.806999999999995,1.40625,-0.03514355911652154
0,63.806999999999995,1.409375,-0.03531434181386198
0,63.806999999999995,1.4125,-0.035486777017874435
0,63.806999999999995,1.415625,-0.03566088871110215
0,63.806999999999995,1.41875,-0.03583670132588796
0,63.806999999999995,1.421875,-0.036014239754538185
0,63.806999999999995,1.425,-0.036193529359753146
0,63.806999999999995,1.428125,-0.03637459598533201
0,63.806999999999995,1.43125,-0.03655746596716
0,63.806999999999995,1.434375,-0.03674216614448693
0,63.806999999999995,1.4375,-0.03692872387150507
0,63.806999999999995,1.440625,-0.037117167029236064
0,63.806999999999995,1.44375,-0.037307524037735657
0,63.806999999999995,1.446875,-0.03749982386862613
0,63.806999999999995,1.45,-0.03769409605796645
0,63.806999999999995,1.453125,-0.03789037071947009
0,63.806999999999995,1.45625,-0.03808867855808155
0,63.806999999999995,1.459375,-0.03828905088392234
0,63.806999999999995,1.4625,-0.038491519626617766
0,63.806999999999995,1.465625,-0.03869611735001633
0,63.806999999999995,1.46875,-0.038902877267314104
0,63.806999999999995,1.471875,-0.03911183325659612
0,63.806999999999995,1.475,-0.0393230198768084
0,63.806999999999995,1.478125,-0.03953647238417361
0,63.806999999999995,1.48125,-0.039752226749064604
0,63.806999999999995,1.484375,-0.03997031967334991
0,63.806999999999995,1.4875,-0.040190788608226266
0,63.806999999999995,1.490625,-0.04041367177255375
0,63.806999999999995,1.49375,-0.04063900817170922
0,63.806999999999995,1.496875,-0.040866837616974704
0,63.806999999999995,1.5,-0.04109720074547778
0,63.806999999999995,1.503125,-0.04133013904070189
0,63.806999999999995,1.50625,-0.04156569485358459
0,63.806999999999995,1.509375,-0.041803911424222975
0,63.806999999999995,1.5125000000000002,-0.0420448329042059
0,63.806999999999995,1.515625,-0.042288504379593174
0,63.806999999999995,1.51875,-0.04253497189456337
0,63.806999999999995,1.521875,-0.04278428247575135
0,63.806999999999995,1.525,-0.04303648415729878
0,63.806999999999995,1.5281250000000002,-0.043291626006640924
0,63.806999999999995,1.53125,-0.0435497581510538
0,63.806999999999995,1.534375,-0.04381093180498752
0,63.806999999999995,1.5375,-0.04407519929821106
0,63.806999999999995,1.540625,-0.044342614104796424
0,63.806999999999995,1.5437500000000002,-0.04461323087296987
0,63.806999999999995,1.546875,-0.04488710545585896
0,63.806999999999995,1.55,-0.045164294943166775
0,63.806999999999995,1.553125,-0.04544485769380305
0,63.806999999999995,1.55625,-0.04572885336950603
0,63.806999999999995,1.5593750000000002,-0.04601634296948816
0,63.806999999999995,1.5625,-0.046307388866140275
0,63.806999999999995,1.565625,-0.04660205484183139
0,63.806999999999995,1.56875,-0.04690040612684071
0,63.806999999999995,1.571875,-0.04720250943846156
0,63.806999999999995,1.5750000000000002,-0.04750843302131775
0,63.806999999999995,1.578125,-0.04781824668893358
0,63.806999999999995,1.58125,-0.048132021866602495
0,63.806999999999995,1.584375,-0.048449831635598295
0,63.806999999999995,1.5875,-0.04877175077877667
0,63.806999999999995,1.5906250000000002,-0.049097855827616055
0,63.806999999999995,1.59375,-0.04942822511074749
0,63.806999999999995,1.596875,-0.04976293880402739
0,63.806999999999995,1.6,-0.05010207898220691
0,63.806999999999995,1.603125,-0.05044572967225486
0,63.806999999999995,1.6062500000000002,-0.05079397690839378
0,63.806999999999995,1.609375,-0.05114690878890915
0,63.806999999999995,1.6125,-0.05150461553479689
0,63.806999999999995,1.615625,-0.05186718955031369
0,63.806999999999995,1.61875,-0.05223472548550001
0,63.806999999999995,1.6218750000000002,-0.05260732030074684
0,63.806999999999995,1.625,-0.0529850733334795
0,63.806999999999995,1.628125,-0.053368086367037104
0,63.806999999999995,1.63125,-0.053756463701826324
0,63.806999999999995,1.634375,-0.0541503122288335
0,63.806999999999995,1.6375000000000002,-0.054549741505581464
0,63.806999999999995,1.640625,-0.05495486383462075
0,63.806999999999995,1.64375,-0.05536579434464921
0,63.806999999999995,1.646875,-0.05578265107435674
0,63.806999999999995,1.65,-0.05620555505909641
0,63.806999999999995,1.6531250000000002,-0.05663463042048718
0,63.806999999999995,1.65625,-0.05707000445905715
0,63.806999999999995,1.659375,-0.05751180775004157
0,63.806999999999995,1.6625,-0.05796017424245285
0,63.806999999999995,1.665625,-0.05841524136154634
0,63.806999999999995,1.6687500000000002,-0.05887715011480918
0,63.806999999999995,1.671875,-0.05934604520160488
0,63.806999999999995,1.675,-0.059822075126612764
0,63.806999999999995,1.678125,-0.06030539231720472
0,63.806999999999995,1.68125,-0.060796153244909695
0,63.806999999999995,1.6843750000000002,-0.06129451855112114
0,63.806999999999995,1.6875,-0.06180065317720854
0,63.806999999999995,1.690625,-0.06231472649920236
0,63.806999999999995,1.69375,-0.06283691246722575
0,63.806999999999995,1.696875,-0.063367389749856
0,63.806999999999995,1.7000000000000002,-0.06390634188360461
0,63.806999999999995,1.703125,-0.06445395742771175
0,63.806999999999995,1.70625,-0.06501043012446112
0,63.806999999999995,1.709375,-0.06557595906522622
0,63.806999999999995,1.7125,-0.06615074886246977
0,63.806999999999995,1.7156250000000002,-0.06673500982792649
0,63.806999999999995,1.71875,-0.06732895815720633
0,63.806999999999995,1.721875,-0.0679328161210689
0,63.806999999999995,1.725,-0.06854681226362419
0,63.806999999999995,1.728125,-0.0691711816077297
0,63.806999999999995,1.7312500000000002,-0.06980616586786154
0,63.806999999999995,1.734375,-0.07045201367074785
0,63.806999999999995,1.7375,-0.07110898078406691
0,63.806999999999995,1.740625,-0.07177733035351899
0,63.806999999999995,1.74375,-0.07245733314859763
0,63.806999999999995,1.7468750000000002,-0.07314926781739532
0,63.806999999999995,1.75,-0.07385342115079124
0,63.806999999999995,1.753125,-0.07457008835638398
0,63.806999999999995,1.75625,-0.07529957334254163
0,63.806999999999995,1.759375,-0.07604218901295884
0,63.806999999999995,1.7625000000000002,-0.07679825757212244
0,63.806999999999995,1.765625,-0.07756811084210077
0,63.806999999999995,1.76875,-0.07835209059108955
0,63.806999999999995,1.771875,-0.07915054887415704
0,63.806999999999995,1.775,-0.07996384838665113
0,63.806999999999995,1.7781250000000002,-0.08079236283074305
0,63.806999999999995,1.78125,-0.0816364772955976
0,63.806999999999995,1.784375,-0.08249658865167883
0,63.806999999999995,1.7875,-0.08337310595970984
0,63.806999999999995,1.790625,-0.08426645089482591
0,63.806999999999995,1.7937500000000002,-0.08517705818647311
0,63.806999999999995,1.796875,-0.0861053760746183
0,63.806999999999995,1.8,-0.08705186678285562
0,63.806999999999995,1.803125,-0.0880170070090027
0,63.806999999999995,1.80625,-0.08900128843379893
0,63.806999999999995,1.8093750000000002,-0.09000521824832856
0,63.806999999999995,1.8125,-0.09102931970080173
0,63.806999999999995,1.815625,-0.09207413266334251
0,63.806999999999995,1.81875,-0.09314021421943547
0,63.806999999999995,1.821875,-0.09422813927269619
0,63.806999999999995,1.8250000000000002,-0.0953385011776335
0,63.806999999999995,1.828125,-0.09647191239307382
0,63.806999999999995,1.83125,-0.0976290051589234
0,63.806999999999995,1.834375,-0.09881043219693461
0,63.806999999999995,1.8375,-0.10001686743614299
0,63.806999999999995,1.8406250000000002,-0.10124900676362755
0,63.806999999999995,1.84375,-0.10250756880123078
0,63.806999999999995,1.846875,-0.10379329570885942
0,63.806999999999995,1.85,-0.10510695401495192
0,63.806999999999995,1.853125,-0.10644933547467134
0,63.806999999999995,1.8562500000000002,-0.10782125795633647
0,63.806999999999995,1.859375,-0.10922356635655084
0,63.806999999999995,1.8625,-0.11065713354443253
0,63.806999999999995,1.865625,-0.1121228613352653
0,63.806999999999995,1.86875,-0.11362168149381241
0,63.806999999999995,1.8718750000000002,-0.11515455676742617
0,63.806999999999995,1.875,-0.1167224819489674
0,63.806999999999995,1.878125,-0.11832648496941499
0,63.806999999999995,1.88125,-0.11996762801987784
0,63.806999999999995,1.884375,-0.12164700870254452
0,63.806999999999995,1.8875000000000002,-0.1233657612098923
0,63.806999999999995,1.890625,-0.12512505753123343
0,63.806999999999995,1.89375,-0.12692610868541082
0,63.806999999999995,1.896875,-0.1287701659781307
0,63.806999999999995,1.9,-0.13065852228207908
0,63.806999999999995,1.9031250000000002,-0.13259251333756022
0,63.806999999999995,1.90625,-0.13457351907094497
0,63.806999999999995,1.909375,-0.13660296492771323
0,63.806999999999995,1.9125,-0.1386823232162905
0,63.806999999999995,1.915625,-0.14081311445824574
0,63.806999999999995,1.9187500000000002,-0.1429969087396878
0,63.806999999999995,1.921875,-0.14523532705788778
0,63.806999999999995,1.925,-0.14753004265625594
0,63.806999999999995,1.928125,-0.14988278233977687
0,63.806999999999995,1.93125,-0.1522953277618898
0,63.806999999999995,1.9343750000000002,-0.15476951667253483
0,63.806999999999995,1.9375,-0.1573072441156827
0,63.806999999999995,1.940625,-0.15991046356312102
0,63.806999999999995,1.94375,-0.16258118796952326
0,63.806999999999995,1.946875,-0.16532149073192967
0,63.806999999999995,1.9500000000000002,-0.16813350653463877
0,63.806999999999995,1.953125,-0.17101943205816444
0,63.806999999999995,1.95625,-0.1739815265283413
0,63.806999999999995,1.959375,-0.17702211207879268
0,63.806999999999995,1.9625,-0.1801435738968643
0,63.806999999999995,1.9656250000000002,-0.18334836011967506
0,63.806999999999995,1.96875,-0.18663898144317043
0,63.806999999999995,1.971875,-0.19001801040295677
0,63.806999999999995,1.975,-0.1934880802811825
0,63.806999999999995,1.978125,-0.1970518835888629
0,63.806999999999995,1.9812500000000002,-0.20071217006772918
0,63.806999999999995,1.984375,-0.20447174414994068
0,63.806999999999995,1.9875,-0.20833346180782436
0,63.806999999999995,1.990625,-0.2123002267191337
0,63.806999999999995,1.99375,-0.2163749856662266
0,63.806999999999995,1.9968750000000002,-0.22056072307997232
0,63.806999999999995,2.0,-0.22486045463117074
0,63.806999999999995,2.003125,-0.22927721976383597
0,63.806999999999995,2.00625,-0.23381407305584043
0,63.806999999999995,2.0093750000000004,-0.23847407428328132
0,63.806999999999995,2.0125,-0.24326027705553702
0,63.806999999999995,2.015625,-0.24817571587845247
0,63.806999999999995,2.01875,-0.2532233914935902
0,63.806999999999995,2.021875,-0.2584062543321841
0,63.806999999999995,2.0250000000000004,-0.2637271859135398
0,63.806999999999995,2.028125,-0.26918897800946945
0,63.806999999999995,2.03125,-0.27479430938921556
0,63.806999999999995,2.034375,-0.28054571995365996
0,63.806999999999995,2.0375,-0.28644558206392107
0,63.806999999999995,2.0406250000000004,-0.2924960688682468
0,63.806999999999995,2.04375,-0.2986991194331531
0,63.806999999999995,2.046875,-0.3050564004907391
0,63.806999999999995,2.05,-0.31156926462496587
0,63.806999999999995,2.053125,-0.31823870473640287
0,63.806999999999995,2.0562500000000004,-0.32506530464859135
0,63.806999999999995,2.059375,-0.3320491857510324
0,63.806999999999995,2.0625,-0.33918994961511123
0,63.806999999999995,2.065625,-0.34648661657146673
0,63.806999999999995,2.06875,-0.35393756030183426
0,63.806999999999995,2.0718750000000004,-0.3615404385766254
0,63.806999999999995,2.075,-0.36929212036293296
0,63.806999999999995,2.078125,-0.3771886096374399
0,63.806999999999995,2.08125,-0.38522496636598025
0,63.806999999999995,2.084375,-0.39339522525694165
0,63.806999999999995,2.0875000000000004,-0.40169231305951514
0,63.806999999999995,2.090625,-0.4101079653596564
0,63.806999999999995,2.09375,-0.4186326440252443
0,63.806999999999995,2.096875,-0.42725545666513537
0,63.806999999999995,2.1,-0.4359640796911826
0,63.806999999999995,2.1031250000000004,-0.44474468680291285
0,63.806999999999995,2.10625,-0.45358188494505036
0,63.806999999999995,2.109375,-0.46245866001016583
0,63.806999999999995,2.1125,-0.47135633476240635
0,63.806999999999995,2.115625,-0.4802545416316557
0,63.806999999999995,2.1187500000000004,-0.4891312131569199
0,63.806999999999995,2.121875,-0.49796259292827816
0,63.806999999999995,2.125,-0.5067232698722653
0,63.806999999999995,2.128125,-0.5153862386297781
0,63.806999999999995,2.13125,-0.5239229885727311
0,63.806999999999995,2.1343750000000004,-0.532303623681551
0,63.806999999999995,2.1375,-0.5404970150490953
0,63.806999999999995,2.140625,-0.5484709871808564
0,63.806999999999995,2.14375,-0.5561925385254708
0,63.806999999999995,2.146875,-0.5636280957999701
0,63.806999999999995,2.1500000000000004,-0.570743800685691
0,63.806999999999995,2.153125,-0.5775058263875972
0,63.806999999999995,2.15625,-0.5838807204057442
0,63.806999999999995,2.159375,-0.5898357687059348
0,63.806999999999995,2.1625,-0.5953393753484335
0,63.806999999999995,2.1656250000000004,-0.6003614505960144
0,63.806999999999995,2.16875,-0.6048737996357652
0,63.806999999999995,2.171875,-0.608850503372223
0,63.806999999999995,2.175,-0.612268282336967
0,63.806999999999995,2.178125,-0.6151068346565937
0,63.806999999999995,2.1812500000000004,-0.6173491392582451
0,63.806999999999995,2.184375,-0.6189817160834693
0,63.806999999999995,2.1875,-0.619994836021226
0,63.806999999999995,2.190625,-0.6203826745325034
0,63.806999999999995,2.19375,-0.6201434044750778
0,63.806999999999995,2.1968750000000004,-0.6192792253821829
0,63.806999999999995,2.2,-0.6177963283238926
0,63.806999999999995,2.203125,-0.6157047973965061
0,63.806999999999995,2.20625,-0.6130184507519894
0,63.806999999999995,2.209375,-0.6097546258087992
0,63.806999999999995,2.2125000000000004,-0.6059339147989141
0,63.806999999999995,2.215625,-0.6015798580398621
0,63.806999999999995,2.21875,-0.5967186032296078
0,63.806999999999995,2.221875,-0.5913785396213763
0,63.806999999999995,2.225,-0.5855899161408279
0,63.806999999999995,2.2281250000000004,-0.5793844523750741
0,63.806999999999995,2.23125,-0.5727949509244109
0,63.806999999999995,2.234375,-0.5658549189093074
0,63.806999999999995,2.2375,-0.5585982055220804
0,63.806999999999995,2.240625,-0.5510586614643547
0,63.806999999999995,2.2437500000000004,-0.5432698249778917
0,63.806999999999995,2.246875,-0.5352646380142561
0,63.806999999999995,2.25,-0.5270751949486987
0,63.806999999999995,2.253125,-0.5187325251678261
0,63.806999999999995,2.25625,-0.5102664098820918
0,63.806999999999995,2.2593750000000004,-0.5017052326562924
0,63.806999999999995,2.2625,-0.49307586242802065
0,63.806999999999995,2.265625,-0.4844035672011654
0,63.806999999999995,2.26875,-0.4757119561574617
0,63.806999999999995,2.271875,-0.4670229476165331
0,63.806999999999995,2.2750000000000004,-0.458356760082396
0,63.806999999999995,2.278125,-0.4497319235275968
0,63.806999999999995,2.28125,-0.4411653080692296
0,63.806999999999995,2.284375,-0.4326721672676356
0,63.806999999999995,2.2875,-0.4242661934126421
0,63.806999999999995,2.2906250000000004,-0.4159595823389036
0,63.806999999999995,2.29375,-0.40776310551770534
0,63.806999999999995,2.296875,-0.39968618739586853
0,63.806999999999995,2.3,-0.39173698618319563
0,63.806999999999995,2.303125,-0.38392247652019146
0,63.806999999999995,2.3062500000000004,-0.3762485326813366
0,63.806999999999995,2.309375,-0.36872001118117165
0,63.806999999999995,2.3125,-0.36134083184764815
0,63.806999999999995,2.315625,-0.35411405660743794
0,63.806999999999995,2.31875,-0.3470419653900334
0,63.806999999999995,2.3218750000000004,-0.34012612870124914
0,63.806999999999995,2.325,-0.3333674765423561
0,63.806999999999995,2.328125,-0.32676636345935484
0,63.806999999999995,2.33125,-0.32032262959886315
0,63.806999999999995,2.334375,-0.3140356577240227
0,63.806999999999995,2.3375000000000004,-0.3079044262071666
0,63.806999999999995,2.340625,-0.30192755806712235
0,63.806999999999995,2.34375,-0.29610336615943167
0,63.806999999999995,2.346875,-0.2904298946588111
0,63.806999999999995,2.35,-0.2849049569961445
0,63.806999999999995,2.3531250000000004,-0.27952617042844013
0,63.806999999999995,2.35625,-0.2742909874305435
0,63.806999999999995,2.359375,-0.26919672410300566
0,63.806999999999995,2.3625,-0.26424058579220955
0,63.806999999999995,2.365625,-0.2594196901174092
0,63.806999999999995,2.3687500000000004,-0.2547310875954447
0,63.806999999999995,2.371875,-0.2501717800480743
0,63.806999999999995,2.375,-0.24573873696963688
0,63.806999999999995,2.378125,-0.24142891002451602
0,63.806999999999995,2.38125,-0.23723924583492847
0,63.806999999999995,2.3843750000000004,-0.23316669721024647
0,63.806999999999995,2.3875,-0.22920823295953358
0,63.806999999999995,2.390625,-0.22536084641946877
0,63.806999999999995,2.39375,-0.22162156282046003
0,63.806999999999995,2.396875,-0.2179874456046126
0,63.806999999999995,2.4000000000000004,-0.21445560180042997
0,63.806999999999995,2.403125,-0.21102318655070523
0,63.806999999999995,2.40625,-0.20768740688208126
0,63.806999999999995,2.409375,-0.20444552479722491
0,63.806999999999995,2.4125,-0.20129485976348052
0,63.806999999999995,2.4156250000000004,-0.19823279066526878
0,63.806999999999995,2.41875,-0.1952567572813434
0,63.806999999999995,2.421875,-0.1923642613423211
0,63.806999999999995,2.425,-0.18955286721863707
0,63.806999999999995,2.428125,-0.18682020228421958
0,63.806999999999995,2.4312500000000004,-0.18416395699672558
0,63.806999999999995,2.434375,-0.18158188473108988
0,63.806999999999995,2.4375,-0.17907180139940485
0,63.806999999999995,2.440625,-0.17663158488674388
0,63.806999999999995,2.44375,-0.17425917432942567
0,63.806999999999995,2.4468750000000004,-0.17195256925940414
0,63.806999999999995,2.45,-0.1697098286358989
0,63.806999999999995,2.453125,-0.16752906978306317
0,63.806999999999995,2.45625,-0.16540846725038844
0,63.806999999999995,2.459375,-0.1633462516106397
0,63.806999999999995,2.4625000000000004,-0.16134070820841198
0,63.806999999999995,2.465625,-0.15939017587084914
0,63.806999999999995,2.46875,-0.15749304559068483
0,63.806999999999995,2.471875,-0.15564775919051654
0,63.806999999999995,2.475,-0.1538528079761028
0,63.806999999999995,2.4781250000000004,-0.1521067313854763
0,63.806999999999995,2.48125,-0.15040811563976314
0,63.806999999999995,2.484375,-0.14875559240080127
0,63.806999999999995,2.4875,-0.14714783743993548
0,63.806999999999995,2.490625,-0.14558356932172506
0,63.806999999999995,2.4937500000000004,-0.1440615481057379
0,63.806999999999995,2.496875,-0.14258057406909685
0,63.806999999999995,2.5,-0.14113948645199947
0,63.806999999999995,2.503125,-0.13973716222803795
0,63.806999999999995,2.50625,-0.13837251490079155
0,63.806999999999995,2.5093750000000004,-0.13704449332786203
0,63.806999999999995,2.5125,-0.13575208057324492
0,63.806999999999995,2.515625,-0.13449429278869623
0,63.806999999999995,2.51875,-0.1332701781245451
0,63.806999999999995,2.521875,-0.13207881567021879
0,63.806999999999995,2.5250000000000004,-0.13091931442459104
0,63.806999999999995,2.528125,-0.12979081229612618
0,63.806999999999995,2.53125,-0.12869247513267504
0,63.806999999999995,2.534375,-0.1276234957806765
0,63.806999999999995,2.5375,-0.12658309317343233
0,63.806999999999995,2.5406250000000004,-0.12557051144805043
0,63.806999999999995,2.54375,-0.12458501909058918
0,63.806999999999995,2.546875,-0.12362590810888599
0,63.806999999999995,2.55,-0.12269249323251147
0,63.806999999999995,2.553125,-0.12178411113925508
0,63.806999999999995,2.5562500000000004,-0.12090011970752498
0,63.806999999999995,2.559375,-0.12003989729401943
0,63.806999999999995,2.5625,-0.11920284203601841
0,63.806999999999995,2.565625,-0.11838837117762979
0,63.806999999999995,2.56875,-0.11759592041931942
0,63.806999999999995,2.5718750000000004,-0.11682494329005381
0,63.806999999999995,2.575,-0.116074910541383
0,63.806999999999995,2.578125,-0.11534530956279547
0,63.806999999999995,2.58125,-0.11463564381768476
0,63.806999999999995,2.584375,-0.11394543229927159
0,63.806999999999995,2.5875000000000004,-0.11327420900583834
0,63.806999999999995,2.590625,-0.11262152243464085
0,63.806999999999995,2.59375,-0.11198693509387711
0,63.806999999999995,2.596875,-0.11137002303210328
0,63.806999999999995,2.6,-0.11077037538450227
0,63.806999999999995,2.6031250000000004,-0.11018759393542477
0,63.806999999999995,2.60625,-0.10962129269663547
0,63.806999999999995,2.609375,-0.10907109750071461
0,63.806999999999995,2.6125,-0.10853664560907968
0,63.806999999999995,2.615625,-0.10801758533410599
0,63.806999999999995,2.6187500000000004,-0.10751357567484253
0,63.806999999999995,2.621875,-0.10702428596583285
0,63.806999999999995,2.625,-0.10654939553856757
0,63.806999999999995,2.628125,-0.10608859339510993
0,63.806999999999995,2.63125,-0.10564157789344965
0,63.806999999999995,2.6343750000000004,-0.10520805644415739
0,63.806999999999995,2.6375,-0.10478774521792306
0,63.806999999999995,2.640625,-0.10438036886357996
0,63.806999999999995,2.64375,-0.10398566023622642
0,63.806999999999995,2.646875,-0.10360336013507251
0,63.806999999999995,2.6500000000000004,-0.10323321705065258
0,63.806999999999995,2.653125,-0.10287498692105554
0,63.806999999999995,2.65625,-0.10252843289683967
0,63.806999999999995,2.659375,-0.1021933251143088
0,63.806999999999995,2.6625,-0.10186944047684045
0,63.806999999999995,2.6656250000000004,-0.10155656244396592
0,63.806999999999995,2.66875,-0.10125448082791513
0,63.806999999999995,2.671875,-0.1009629915973488
0,63.806999999999995,2.675,-0.10068189668801164
0,63.806999999999995,2.678125,-0.10041100382004899
0,63.806999999999995,2.6812500000000004,-0.10015012632174083
0,63.806999999999995,2.684375,-0.09989908295941499
0,63.806999999999995,2.6875,-0.09965769777331068
0,63.806999999999995,2.690625,-0.09942579991917323
0,63.806999999999995,2.69375,-0.09920322351536784
0,63.806999999999995,2.6968750000000004,-0.09898980749530929
0,63.806999999999995,2.7,-0.0987853954650118
0,63.806999999999995,2.703125,-0.09858983556557085
0,63.806999999999995,2.70625,-0.09840298034039674
0,63.806999999999995,2.709375,-0.09822468660702494
0,63.806999999999995,2.7125000000000004,-0.09805481533333721
0,63.806999999999995,2.715625,-0.09789323151803182
0,63.806999999999995,2.71875,-0.09773980407518852
0,63.806999999999995,2.721875,-0.09759440572278036
0,63.806999999999995,2.725,-0.09745691287498834
0,63.806999999999995,2.7281250000000004,-0.09732720553818273
0,63.806999999999995,2.73125,-0.09720516721043826
0,63.806999999999995,2.734375,-0.09709068478445629
0,63.806999999999995,2.7375,-0.09698364845377258
0,63.806999999999995,2.740625,-0.09688395162213238
0,63.806999999999995,2.7437500000000004,-0.09679149081592088
0,63.806999999999995,2.746875,-0.09670616559954004
0,63.806999999999995,2.75,-0.09662787849362735
0,63.806999999999995,2.753125,-0.09655653489601723
0,63.806999999999995,2.75625,-0.09649204300534703
0,63.806999999999995,2.7593750000000004,-0.09643431374721666
0,63.806999999999995,2.7625,-0.09638326070281122
0,63.806999999999995,2.765625,-0.0963388000399017
0,63.806999999999995,2.76875,-0.096300850446141
0,63.806999999999995,2.771875,-0.09626933306457613
0,63.806999999999995,2.7750000000000004,-0.09624417143129955
0,63.806999999999995,2.778125,-0.09622529141516768
0,63.806999999999995,2.78125,-0.09621262115951448
0,63.806999999999995,2.784375,-0.09620609102579308
0,63.806999999999995,2.7875,-0.09620563353907978
0,63.806999999999995,2.7906250000000004,-0.09621118333537765
0,63.806999999999995,2.79375,-0.09622267711065947
0,63.806999999999995,2.796875,-0.09624005357159104
0,63.806999999999995,2.8,-0.09626325338788008
0,63.806999999999995,2.803125,-0.09629221914619565
0,63.806999999999995,2.8062500000000004,-0.09632689530560684
0,63.806999999999995,2.809375,-0.09636722815449089
0,63.806999999999995,2.8125,-0.09641316576886241
0,63.806999999999995,2.815625,-0.09646465797207748
0,63.806999999999995,2.81875,-0.09652165629586833
0,63.806999999999995,2.8218750000000004,-0.09658411394266582
0,63.806999999999995,2.825,-0.09665198574916782
0,63.806999999999995,2.828125,-0.096725228151115
0,63.806999999999995,2.83125,-0.09680379914923458
0,63.806999999999995,2.834375,-0.09688765827631585
0,63.806999999999995,2.8375000000000004,-0.09697676656538215
0,63.806999999999995,2.840625,-0.09707108651892489
0,63.806999999999995,2.84375,-0.09717058207916687
0,63.806999999999995,2.846875,-0.09727521859932331
0,63.806999999999995,2.85,-0.0973849628158302
0,63.806999999999995,2.8531250000000004,-0.09749978282151026
0,63.806999999999995,2.85625,-0.09761964803964913
0,63.806999999999995,2.859375,-0.0977445291989536
0,63.806999999999995,2.8625,-0.09787439830936605
0,63.806999999999995,2.865625,-0.09800922863871099
0,63.806999999999995,2.8687500000000004,-0.09814899469014672
0,63.806999999999995,2.871875,-0.09829367218040211
0,63.806999999999995,2.875,-0.09844323801877314
0,63.806999999999995,2.878125,-0.09859767028685947
0,63.806999999999995,2.88125,-0.09875694821901886
0,63.806999999999995,2.8843750000000004,-0.0989210521835199
0,63.806999999999995,2.8875,-0.09908996366437427
0,63.806999999999995,2.890625,-0.09926366524382833
0,63.806999999999995,2.89375,-0.09944214058549804
0,63.806999999999995,2.896875,-0.09962537441812815
0,63.806999999999995,2.9000000000000004,-0.09981335251996022
0,63.806999999999995,2.903125,-0.10000606170369333
0,63.806999999999995,2.90625,-0.1002034898020216
0,63.806999999999995,2.909375,-0.1004056256537337
0,63.806999999999995,2.9125,-0.10061245909036082
0,63.806999999999995,2.9156250000000004,-0.10082398092335902
0,63.806999999999995,2.91875,-0.10104018293181194
0,63.806999999999995,2.921875,-0.10126105785064299
0,63.806999999999995,2.925,-0.10148659935932265
0,63.806999999999995,2.928125,-0.10171680207106125
0,63.806999999999995,2.9312500000000004,-0.10195166152247424
0,63.806999999999995,2.934375,-0.10219117416371039
0,63.806999999999995,2.9375,-0.10243533734903165
0,63.806999999999995,2.940625,-0.10268414932783518
0,63.806999999999995,2.94375,-0.10293760923610816
0,63.806999999999995,2.9468750000000004,-0.10319571708830472
0,63.806999999999995,2.95,-0.1034584737696389
0,63.806999999999995,2.953125,-0.10372588102878212
0,63.806999999999995,2.95625,-0.10399794147095963
0,63.806999999999995,2.959375,-0.10427465855143604
0,63.806999999999995,2.9625000000000004,-0.10455603656938431
0,63.806999999999995,2.965625,-0.10484208066212979
0,63.806999999999995,2.96875,-0.10513279679976348
0,63.806999999999995,2.971875,-0.10542819178011703
0,63.806999999999995,2.975,-0.1057282732240939
0,63.806999999999995,2.9781250000000004,-0.10603304957135086
0,63.806999999999995,2.98125,-0.10634253007632408
0,63.806999999999995,2.984375,-0.10665672480459375
0,63.806999999999995,2.9875,-0.10697564462958349
0,63.806999999999995,2.990625,-0.10729930122958838
0,63.806999999999995,2.9937500000000004,-0.10762770708512759
0,63.806999999999995,2.996875,-0.10796087547661762
0,63.806999999999995,3.0,-0.1082988204823615
0,63.806999999999995,3.0031250000000003,-0.10864155697684995
0,63.806999999999995,3.00625,-0.10898910062937132
0,63.806999999999995,3.009375,-0.10934146790292681
0,63.806999999999995,3.0125,-0.1096986760534474
0,63.806999999999995,3.015625,-0.11006074312930954
0,63.806999999999995,3.0187500000000003,-0.11042768797114767
0,63.806999999999995,3.021875,-0.11079953021195928
0,63.806999999999995,3.025,-0.11117629027750159
0,63.806999999999995,3.028125,-0.11155798938697768
0,63.806999999999995,3.03125,-0.11194464955400828
0,63.806999999999995,3.0343750000000003,-0.11233629358788981
0,63.806999999999995,3.0375,-0.11273294509513489
0,63.806999999999995,3.040625,-0.11313462848129606
0,63.806999999999995,3.04375,-0.1135413689530689
0,63.806999999999995,3.046875,-0.1139531925206755
0,63.806999999999995,3.0500000000000003,-0.11437012600052651
0,63.806999999999995,3.053125,-0.1147921970181613
0,63.806999999999995,3.05625,-0.11521943401146466
0,63.806999999999995,3.059375,-0.11565186623416156
0,63.806999999999995,3.0625,-0.11608952375958767
0,63.806999999999995,3.0656250000000003,-0.11653243748473717
0,63.806999999999995,3.06875,-0.11698063913458633
0,63.806999999999995,3.071875,-0.11743416126669506
0,63.806999999999995,3.075,-0.11789303727608483
0,63.806999999999995,3.078125,-0.11835730140039492
0,63.806999999999995,3.0812500000000003,-0.1188269887253172
0,63.806999999999995,3.084375,-0.11930213519030995
0,63.806999999999995,3.0875,-0.11978277759459267
0,63.806999999999995,3.090625,-0.12026895360342221
0,63.806999999999995,3.09375,-0.12076070175465171
0,63.806999999999995,3.0968750000000003,-0.12125806146557437
0,63.806999999999995,3.1,-0.12176107304005304
0,63.806999999999995,3.103125,-0.12226977767593802
0,63.806999999999995,3.10625,-0.12278421747277445
0,63.806999999999995,3.109375,-0.12330443543980124
0,63.806999999999995,3.1125000000000003,-0.12383047550424567
0,63.806999999999995,3.115625,-0.12436238251991298
0,63.806999999999995,3.11875,-0.12490020227607655
0,63.806999999999995,3.121875,-0.1254439815066692
0,63.806999999999995,3.125,-0.12599376789977962
0,63.806999999999995,3.1281250000000003,-0.12654961010745736
0,63.806999999999995,3.13125,-0.12711155775582797
0,63.806999999999995,3.134375,-0.12767966145552379
0,63.806999999999995,3.1375,-0.12825397281243187
0,63.806999999999995,3.140625,-0.12883454443876427
0,63.806999999999995,3.1437500000000003,-0.12942142996445438
0,63.806999999999995,3.146875,-0.13001468404888183
0,63.806999999999995,3.15,-0.13061436239293317
0,63.806999999999995,3.153125,-0.13122052175139923
0,63.806999999999995,3.15625,-0.131833219945716
0,63.806999999999995,3.1593750000000003,-0.13245251587705423
0,63.806999999999995,3.1625,-0.13307846953975963
0,63.806999999999995,3.165625,-0.13371114203515275
0,63.806999999999995,3.16875,-0.13435059558569076
0,63.806999999999995,3.171875,-0.1349968935494978
0,63.806999999999995,3.1750000000000003,-0.13565010043527015
0,63.806999999999995,3.178125,-0.1363102819175607
0,63.806999999999995,3.18125,-0.13697750485244997
0,63.806999999999995,3.184375,-0.13765183729360952
0,63.806999999999995,3.1875,-0.13833334850876347
0,63.806999999999995,3.1906250000000003,-0.13902210899655715
0,63.806999999999995,3.19375,-0.13971819050383566
0,63.806999999999995,3.196875,-0.14042166604334494
0,63.806999999999995,3.2,-0.14113260991185728
0,63.806999999999995,3.203125,-0.14185109770873205
0,63.806999999999995,3.2062500000000003,-0.14257720635491913
0,63.806999999999995,3.209375,-0.1433110141124113
0,63.806999999999995,3.2125,-0.1440526006041568
0,63.806999999999995,3.215625,-0.14480204683443706
0,63.806999999999995,3.21875,-0.14555943520972145
0,63.806999999999995,3.2218750000000003,-0.14632484956000597
0,63.806999999999995,3.225,-0.14709837516064594
0,63.806999999999995,3.228125,-0.14788009875469324
0,63.806999999999995,3.23125,-0.14867010857574559
0,63.806999999999995,3.234375,-0.14946849437131932
0,63.806999999999995,3.2375000000000003,-0.15027534742675758
0,63.806999999999995,3.240625,-0.15109076058968077
0,63.806999999999995,3.24375,-0.1519148282949937
0,63.806999999999995,3.246875,-0.1527476465904603
0,63.806999999999995,3.25,-0.153589313162854
0,63.806999999999995,3.2531250000000003,-0.1544399273647015
0,63.806999999999995,3.25625,-0.15529959024162698
0,63.806999999999995,3.259375,-0.15616840456031209
0,63.806999999999995,3.2625,-0.1570464748370844
0,63.806999999999995,3.265625,-0.15793390736714666
0,63.806999999999995,3.2687500000000003,-0.1588308102544615
0,63.806999999999995,3.271875,-0.15973729344230497
0,63.806999999999995,3.275,-0.16065346874450467
0,63.806999999999995,3.278125,-0.16157944987737488
0,63.806999999999995,3.28125,-0.1625153524923665
0,63.806999999999995,3.2843750000000003,-0.16346129420944616
0,63.806999999999995,3.2875,-0.16441739465122107
0,63.806999999999995,3.290625,-0.16538377547782546
0,63.806999999999995,3.29375,-0.1663605604225871
0,63.806999999999995,3.296875,-0.1673478753284897
0,63.806999999999995,3.3000000000000003,-0.16834584818545092
0,63.806999999999995,3.303125,-0.16935460916843242
0,63.806999999999995,3.30625,-0.1703742906764037
0,63.806999999999995,3.309375,-0.17140502737217683
0,63.806999999999995,3.3125,-0.17244695622313258
0,63.806999999999995,3.3156250000000003,-0.1735002165428614
0,63.806999999999995,3.31875,-0.17456495003373496
0,63.806999999999995,3.321875,-0.17564130083043744
0,63.806999999999995,3.325,-0.17672941554447158
0,63.806999999999995,3.328125,-0.17782944330966766
0,63.806999999999995,3.3312500000000003,-0.17894153582871927
0,63.806999999999995,3.334375,-0.18006584742076456
0,63.806999999999995,3.3375,-0.18120253507004738
0,63.806999999999995,3.340625,-0.18235175847567558
0,63.806999999999995,3.34375,-0.18351368010250818
0,63.806999999999995,3.3468750000000003,-0.18468846523319743
0,63.806999999999995,3.35,-0.18587628202141357
0,63.806999999999995,3.353125,-0.18707730154628294
0,63.806999999999995,3.35625,-0.18829169786806657
0,63.806999999999995,3.359375,-0.18951964808511293
0,63.806999999999995,3.3625000000000003,-0.19076133239211546
0,63.806999999999995,3.365625,-0.19201693413970625
0,63.806999999999995,3.36875,-0.19328663989542316
0,63.806999999999995,3.371875,-0.19457063950607997
0,63.806999999999995,3.375,-0.19586912616157964
0,63.806999999999995,3.3781250000000003,-0.19718229646020602
0,63.806999999999995,3.38125,-0.19851035047543023
0,63.806999999999995,3.384375,-0.19985349182427545
0,63.806999999999995,3.3875,-0.2012119277372736
0,63.806999999999995,3.390625,-0.20258586913006207
0,63.806999999999995,3.3937500000000003,-0.20397553067666024
0,63.806999999999995,3.396875,-0.2053811308844691
0,63.806999999999995,3.4000000000000004,-0.2068028921710432
0,63.806999999999995,3.403125,-0.20824104094267623
0,63.806999999999995,3.40625,-0.20969580767485702
0,63.806999999999995,3.4093750000000003,-0.21116742699463728
0,63.806999999999995,3.4125,-0.21265613776496806
0,63.806999999999995,3.4156250000000004,-0.21416218317106026
0,63.806999999999995,3.41875,-0.21568581080881594
0,63.806999999999995,3.421875,-0.21722727277539886
0,63.806999999999995,3.4250000000000003,-0.21878682576199282
0,63.806999999999995,3.428125,-0.22036473114881458
0,63.806999999999995,3.4312500000000004,-0.2219612551024445
0,63.806999999999995,3.434375,-0.2235766686755343
0,63.806999999999995,3.4375,-0.22521124790896774
0,63.806999999999995,3.4406250000000003,-0.2268652739365355
0,63.806999999999995,3.44375,-0.22853903309220033
0,63.806999999999995,3.4468750000000004,-0.2302328170200283
0,63.806999999999995,3.45,-0.23194692278685747
0,63.806999999999995,3.453125,-0.23368165299779153
0,63.806999999999995,3.4562500000000003,-0.23543731591459122
0,63.806999999999995,3.459375,-0.23721422557705849
0,63.806999999999995,3.4625000000000004,-0.2390127019274949
0,63.806999999999995,3.465625,-0.2408330709383276
0,63.806999999999995,3.46875,-0.24267566474300037
0,63.806999999999995,3.4718750000000003,-0.2445408217702234
0,63.806999999999995,3.475,-0.24642888688168513
0,63.806999999999995,3.4781250000000004,-0.2483402115133352
0,63.806999999999995,3.48125,-0.2502751538203399
0,63.806999999999995,3.484375,-0.2522340788258319
0,63.806999999999995,3.4875000000000003,-0.25421735857356526
0,63.806999999999995,3.490625,-0.2562253722845995
0,63.806999999999995,3.4937500000000004,-0.2582585065181413
0,63.806999999999995,3.496875,-0.26031715533666844
0,63.806999999999995,3.5,-0.26240172047548144
0,63.806999999999995,3.5031250000000003,-0.26451261151681205
0,63.806999999999995,3.50625,-0.2666502460686442
0,63.806999999999995,3.5093750000000004,-0.26881504994839606
0,63.806999999999995,3.5125,-0.2710074573716164
0,63.806999999999995,3.515625,-0.27322791114586625
0,63.806999999999995,3.5187500000000003,-0.27547686286994927
0,63.806999999999995,3.521875,-0.27775477313866714
0,63.806999999999995,3.5250000000000004,-0.2800621117532891
0,63.806999999999995,3.528125,-0.28239935793791365
0,63.806999999999995,3.53125,-0.2847670005619334
0,63.806999999999995,3.5343750000000003,-0.2871655383687927
0,63.806999999999995,3.5375,-0.28959548021126286
0,63.806999999999995,3.5406250000000004,-0.29205734529344807
0,63.806999999999995,3.54375,-0.29455166341974975
0,63.806999999999995,3.546875,-0.2970789752510343
0,63.806999999999995,3.5500000000000003,-0.29963983256824217
0,63.806999999999995,3.553125,-0.30223479854369706
0,63.806999999999995,3.5562500000000004,-0.3048644480203855
0,63.806999999999995,3.559375,-0.3075293677994711
0,63.806999999999995,3.5625,-0.3102301569363443
0,63.806999999999995,3.5656250000000003,-0.31296742704548997
0,63.806999999999995,3.56875,-0.315741802614489
0,63.806999999999995,3.5718750000000004,-0.31855392132747334
0,63.806999999999995,3.575,-0.321404434398358
0,63.806999999999995,3.578125,-0.32429400691420585
0,63.806999999999995,3.5812500000000003,-0.32722331818906736
0,63.806999999999995,3.584375,-0.3301930621286708
0,63.806999999999995,3.5875000000000004,-0.3332039476063518
0,63.806999999999995,3.590625,-0.3362566988505996
0,63.806999999999995,3.59375,-0.3393520558446515
0,63.806999999999995,3.5968750000000003,-0.34249077473854245
0,63.806999999999995,3.6,-0.345673628274055
0,63.806999999999995,3.6031250000000004,-0.34890140622302906
0,63.806999999999995,3.60625,-0.35217491583948735
0,63.806999999999995,3.609375,-0.35549498232607635
0,63.806999999999995,3.6125000000000003,-0.35886244931531047
0,63.806999999999995,3.615625,-0.3622781793661421
0,63.806999999999995,3.6187500000000004,-0.36574305447639527
0,63.806999999999995,3.621875,-0.3692579766116007
0,63.806999999999995,3.625,-0.3728238682508098
0,63.806999999999995,3.6281250000000003,-0.37644167294996567
0,63.806999999999995,3.63125,-0.38011235592342835
0,63.806999999999995,3.6343750000000004,-0.38383690464428233
0,63.806999999999995,3.6375,-0.3876163294640422
0,63.806999999999995,3.640625,-0.3914516642524272
0,63.806999999999995,3.6437500000000003,-0.39534396705785635
0,63.806999999999995,3.646875,-0.39929432078935284
0,63.806999999999995,3.6500000000000004,-0.40330383392056607
0,63.806999999999995,3.653125,-0.40737364121660574
0,63.806999999999995,3.65625,-0.4115049044844492
0,63.806999999999995,3.6593750000000003,-0.4156988133476386
0,63.806999999999995,3.6625,-0.41995658604604325
0,63.806999999999995,3.6656250000000004,-0.424279470261466
0,63.806999999999995,3.66875,-0.4286687439698617
0,63.806999999999995,3.671875,-0.4331257163209887
0,63.806999999999995,3.6750000000000003,-0.43765172854628326
0,63.806999999999995,3.678125,-0.4422481548957872
0,63.806999999999995,3.6812500000000004,-0.44691640360496027
0,63.806999999999995,3.684375,-0.4516579178921952
0,63.806999999999995,3.6875,-0.45647417698790643
0,63.806999999999995,3.6906250000000003,-0.4613666971960093
0,63.806999999999995,3.69375,-0.4663370329886598
0,63.806999999999995,3.6968750000000004,-0.4713867781351064
0,63.806999999999995,3.7,-0.4765175668654917
0,63.806999999999995,3.703125,-0.48173107507048385
0,63.806999999999995,3.7062500000000003,-0.48702902153755456
0,63.806999999999995,3.709375,-0.49241316922477574
0,63.806999999999995,3.7125000000000004,-0.4978853265729702
0,63.806999999999995,3.715625,-0.503447348857035
0,63.806999999999995,3.71875,-0.5091011395772918
0,63.806999999999995,3.7218750000000003,-0.5148486518916556
0,63.806999999999995,3.725,-0.5206918900894497
0,63.806999999999995,3.7281250000000004,-0.5266329111076644
0,63.806999999999995,3.73125,-0.5326738260904373
0,63.806999999999995,3.734375,-0.5388168019925583
0,63.806999999999995,3.7375000000000003,-0.5450640632277567
0,63.806999999999995,3.740625,-0.5514178933625374
0,63.806999999999995,3.7437500000000004,-0.5578806368563489
0,63.806999999999995,3.746875,-0.5644547008488092
0,63.806999999999995,3.75,-0.5711425569947867
0,63.806999999999995,3.7531250000000003,-0.5779467433480732
0,63.806999999999995,3.75625,-0.5848698662944332
0,63.806999999999995,3.7593750000000004,-0.5919146025348345
0,63.806999999999995,3.7625,-0.5990837011196277
0,63.806999999999995,3.765625,-0.6063799855345534
0,63.806999999999995,3.7687500000000003,-0.6138063558394083
0,63.806999999999995,3.771875,-0.6213657908602768
0,63.806999999999995,3.7750000000000004,-0.6290613504362879
0,63.806999999999995,3.778125,-0.6368961777218591
0,63.806999999999995,3.78125,-0.644873501545491
0,63.806999999999995,3.7843750000000003,-0.6529966388261911
0,63.806999999999995,3.7875,-0.661268997048658
0,63.806999999999995,3.7906250000000004,-0.6696940767984337
0,63.806999999999995,3.79375,-0.6782754743582065
0,63.806999999999995,3.796875,-0.6870168843665181
0,63.806999999999995,3.8000000000000003,-0.695922102540083
0,63.806999999999995,3.803125,-0.7049950284608835
0,63.806999999999995,3.8062500000000004,-0.7142396684291396
0,63.806999999999995,3.809375,-0.7236601383830428
0,63.806999999999995,3.8125,-0.7332606668859755
0,63.806999999999995,3.8156250000000003,-0.7430455981815327
0,63.806999999999995,3.81875,-0.7530193953162686
0,63.806999999999995,3.8218750000000004,-0.763186643329456
0,63.806999999999995,3.825,-0.7735520525083684
0,63.806999999999995,3.828125,-0.7841204617066415
0,63.806999999999995,3.8312500000000003,-0.7948968417219956
0,63.806999999999995,3.834375,-0.8058862987281317
0,63.806999999999995,3.8375000000000004,-0.8170940777537768
0,63.806999999999995,3.840625,-0.8285255661996236
0,63.806999999999995,3.84375,-0.8401862973813676
0,63.806999999999995,3.8468750000000003,-0.8520819540839182
0,63.806999999999995,3.85,-0.8642183721083267
0,63.806999999999995,3.8531250000000004,-0.876601543788898
0,63.806999999999995,3.85625,-0.8892376214531589
0,63.806999999999995,3.859375,-0.9021329207921569
0,63.806999999999995,3.8625000000000003,-0.9152939241024443
0,63.806999999999995,3.865625,-0.928727283354507
0,63.806999999999995,3.8687500000000004,-0.9424398230349916
0,63.806999999999995,3.871875,-0.9564385427018963
0,63.806999999999995,3.875,-0.9707306191831547
0,63.806999999999995,3.8781250000000003,-0.9853234083393831
0,63.806999999999995,3.88125,-1.0002244463013317
0,63.806999999999995,3.8843750000000004,-1.015441450081694
0,63.806999999999995,3.8875,-1.0309823174492718
0,63.806999999999995,3.890625,-1.046855125941465
0,63.806999999999995,3.8937500000000003,-1.0630681308783452
0,63.806999999999995,3.896875,-1.079629762228475
0,63.806999999999995,3.9000000000000004,-1.0965486201632322
0,63.806999999999995,3.903125,-1.1138334691225293
0,63.806999999999995,3.90625,-1.131493230200931
0,63.806999999999995,3.9093750000000003,-1.1495369716489428
0,63.806999999999995,3.9125,-1.167973897270088
0,63.806999999999995,3.9156250000000004,-1.1868133324801629
0,63.806999999999995,3.91875,-1.2060647077808384
0,63.806999999999995,3.921875,-1.2257375393858394
0,63.806999999999995,3.9250000000000003,-1.2458414067239776
0,63.806999999999995,3.928125,-1.2663859265297674
0,63.806999999999995,3.9312500000000004,-1.2873807232191778
0,63.806999999999995,3.934375,-1.308835395235116
0,63.806999999999995,3.9375,-1.3307594770352484
0,63.806999999999995,3.9406250000000003,-1.353162396383139
0,63.806999999999995,3.94375,-1.3760534265934008
0,63.806999999999995,3.9468750000000004,-1.3994416333724264
0,63.806999999999995,3.95,-1.4233358158887686
0,63.806999999999995,3.953125,-1.4477444417022292
0,63.806999999999995,3.9562500000000003,-1.4726755751781428
0,63.806999999999995,3.959375,-1.4981367990146126
0,63.806999999999995,3.9625000000000004,-1.5241351285160412
0,63.806999999999995,3.965625,-1.5506769182571685
0,63.806999999999995,3.96875,-1.5777677607996774
0,63.806999999999995,3.9718750000000003,-1.6054123771487436
0,63.806999999999995,3.975,-1.633614498672101
0,63.806999999999995,3.9781250000000004,-1.6623767402501557
0,63.806999999999995,3.98125,-1.6917004644844786
0,63.806999999999995,3.984375,-1.721585636865703
0,63.806999999999995,3.9875000000000003,-1.7520306718917495
0,63.806999999999995,3.990625,-1.7830322702361778
0,63.806999999999995,3.9937500000000004,-1.8145852471956114
0,63.806999999999995,3.996875,-1.846682352796611
0,63.806999999999995,4.0,-1.879314084118206
0,63.806999999999995,4.003125000000001,-1.9124684905871356
0,63.806999999999995,4.00625,-1.9461309732306071
0,63.806999999999995,4.009375,-1.980284079126339
0,63.806999999999995,4.0125,-2.0149072925710283
0,63.806999999999995,4.015625,-2.049976824797533
0,63.806999999999995,4.018750000000001,-2.0854654044032115
0,63.806999999999995,4.021875,-2.121342071007281
0,63.806999999999995,4.025,-2.1575719750280054
0,63.806999999999995,4.028125,-2.1941161868552674
0,63.806999999999995,4.03125,-2.2309315190859627
0,63.806999999999995,4.034375000000001,-2.2679703658762285
0,63.806999999999995,4.0375,-2.3051805638388108
0,63.806999999999995,4.040625,-2.3425052792606347
0,63.806999999999995,4.04375,-2.37988292672069
0,63.806999999999995,4.046875,-2.417247124436209
0,63.806999999999995,4.050000000000001,-2.4545266918341837
0,63.806999999999995,4.053125,-2.491645694918118
0,63.806999999999995,4.05625,-2.5285235449527974
0,63.806999999999995,4.059375,-2.565075155800128
0,63.806999999999995,4.0625,-2.601211164887331
0,63.806999999999995,4.065625000000001,-2.6368382222499114
0,63.806999999999995,4.06875,-2.6718593513522375
0,63.806999999999995,4.071875,-2.7061743844318604
0,63.806999999999995,4.075,-2.739680473933389
0,63.806999999999995,4.078125,-2.77227268019608
0,63.806999999999995,4.081250000000001,-2.803844633944422
0,63.806999999999995,4.084375,-2.8342892703283935
0,63.806999999999995,4.0875,-2.8634996293031305
0,63.806999999999995,4.090625,-2.891369715075125
0,63.806999999999995,4.09375,-2.917795405237371
0,63.806999999999995,4.096875000000001,-2.942675398139678
0,63.806999999999995,4.1,-2.9659121850789876
0,63.806999999999995,4.103125,-2.9874130321353114
0,63.806999999999995,4.10625,-3.0070909550136125
0,63.806999999999995,4.109375,-3.0248656691699596
0,63.806999999999995,4.112500000000001,-3.040664496878721
0,63.806999999999995,4.115625,-3.0544232128034463
0,63.806999999999995,4.11875,-3.0660868101112477
0,63.806999999999995,4.121875,-3.0756101702397043
0,63.806999999999995,4.125,-3.0829586210812794
0,63.806999999999995,4.128125000000001,-3.088108370555345
0,63.806999999999995,4.13125,-3.0910468052302646
0,63.806999999999995,4.134375,-3.0917726467453432
0,63.806999999999995,4.1375,-3.0902959621538977
0,63.806999999999995,4.140625,-3.086638027835052
0,63.806999999999995,4.143750000000001,-3.0808310501662426
0,63.806999999999995,4.146875,-3.0729177495725715
0,63.806999999999995,4.15,-3.062950817741047
0,63.806999999999995,4.153125,-3.0509922605907867
0,63.806999999999995,4.15625,-3.0371126419263796
0,63.806999999999995,4.159375000000001,-3.0213902444999854
0,63.806999999999995,4.1625,-3.0039101664235095
0,63.806999999999995,4.165625,-2.9847633714908977
0,63.806999999999995,4.16875,-2.9640457120051904
0,63.806999999999995,4.171875,-2.941856942192889
0,63.806999999999995,4.175000000000001,-2.9182997392901653
0,63.806999999999995,4.178125,-2.8934787479758164
0,63.806999999999995,4.18125,-2.867499662091761
0,63.806999999999995,4.184375,-2.840468355625486
0,63.806999999999995,4.1875,-2.8124900728201743
0,63.806999999999995,4.190625000000001,-2.7836686851170165
0,63.806999999999995,4.19375,-2.7541060204967978
0,63.806999999999995,4.196875,-2.7239012687440654
0,63.806999999999995,4.2,-2.6931504642616333
0,63.806999999999995,4.203125,-2.6619460463569196
0,63.806999999999995,4.206250000000001,-2.6303764954350215
0,63.806999999999995,4.209375,-2.5985260422796994
0,63.806999999999995,4.2125,-2.5664744465892686
0,63.806999999999995,4.215625,-2.5342968401538375
0,63.806999999999995,4.21875,-2.502063629499606
0,63.806999999999995,4.221875000000001,-2.469840452468499
0,63.806999999999995,4.225,-2.437688183021981
0,63.806999999999995,4.228125,-2.4056629785331944
0,63.806999999999995,4.23125,-2.3738163639352585
0,63.806999999999995,4.234375,-2.342195347298798
0,63.806999999999995,4.237500000000001,-2.310842561696768
0,63.806999999999995,4.240625,-2.279796428554417
0,63.806999999999995,4.24375,-2.2490913380588373
0,63.806999999999995,4.246875,-2.218757842599054
0,63.806999999999995,4.25,-2.188822859608008
0,63.806999999999995,4.253125000000001,-2.159309880573909
0,63.806999999999995,4.25625,-2.1302391833686656
0,63.806999999999995,4.259375,-2.101628045401099
0,63.806999999999995,4.2625,-2.0734909554384573
0,63.806999999999995,4.265625,-2.045839822247387
0,63.806999999999995,4.268750000000001,-2.0186841784872684
0,63.806999999999995,4.271875,-1.9920313785421866
0,63.806999999999995,4.275,-1.965886789206284
0,63.806999999999995,4.278125,-1.9402539723422532
0,63.806999999999995,4.28125,-1.9151348588155162
0,63.806999999999995,4.284375000000001,-1.8905299131717992
0,63.806999999999995,4.2875,-1.8664382886732074
0,63.806999999999995,4.290625,-1.842857972441419
0,63.806999999999995,4.29375,-1.8197859205775655
0,63.806999999999995,4.296875,-1.797218183237155
0,63.806999999999995,4.300000000000001,-1.7751500197380115
0,63.806999999999995,4.303125,-1.753576003868127
0,63.806999999999995,4.30625,-1.7324901196402134
0,63.806999999999995,4.309375,-1.711885847810627
0,63.806999999999995,4.3125,-1.691756243540642
0,63.806999999999995,4.315625000000001,-1.672094005629816
0,63.806999999999995,4.31875,-1.6528915377919853
0,63.806999999999995,4.321875,-1.634141002475467
0,63.806999999999995,4.325,-1.6158343677502833
0,63.806999999999995,4.328125,-1.5979634477958389
0,63.806999999999995,4.331250000000001,-1.5805199375247052
0,63.806999999999995,4.334375,-1.563495441871149
0,63.806999999999995,4.3375,-1.5468815002585732
0,63.806999999999995,4.340625,-1.5306696067396992
0,63.806999999999995,4.34375,-1.5148512262771427
0,63.806999999999995,4.346875000000001,-1.4994178076033675
0,63.806999999999995,4.35,-1.4843607930677576
0,63.806999999999995,4.353125,-1.4696716258472071
0,63.806999999999995,4.35625,-1.4553417548668637
0,63.806999999999995,4.359375,-1.441362637749729
0,63.806999999999995,4.362500000000001,-1.4277257420907177
0,63.806999999999995,4.365625,-1.4144225453319097
0,63.806999999999995,4.36875,-1.4014445335029093
0,63.806999999999995,4.371875,-1.3887831990839916
0,63.806999999999995,4.375,-1.3764300382495134
0,63.806999999999995,4.378125000000001,-1.3643765477561203
0,63.806999999999995,4.38125,-1.3526142217529318
0,63.806999999999995,4.384375,-1.3411345488090731
0,63.806999999999995,4.3875,-1.3299290094764498
0,63.806999999999995,4.390625,-1.3189890747300714
0,63.806999999999995,4.393750000000001,-1.3083062056536925
0,63.806999999999995,4.396875,-1.297871854761231
0,63.806999999999995,4.4,-1.2876774693620845
0,63.806999999999995,4.403125,-1.27771449738778
0,63.806999999999995,4.40625,-1.2679743960940146
0,63.806999999999995,4.409375000000001,-1.2584486440334088
0,63.806999999999995,4.4125,-1.24912875665558
0,63.806999999999995,4.415625,-1.2400063058297635
0,63.806999999999995,4.41875,-1.2310729434986987
0,63.806999999999995,4.421875,-1.2223204295587804
0,63.806999999999995,4.425000000000001,-1.2137406639216872
0,63.806999999999995,4.428125,-1.2053257225477185
0,63.806999999999995,4.43125,-1.1970678970559772
0,63.806999999999995,4.434375,-1.1889597373176382
0,63.806999999999995,4.4375,-1.1809940962348071
0,63.806999999999995,4.440625000000001,-1.1731641757108087
0,63.806999999999995,4.44375,-1.1654635726406584
0,63.806999999999995,4.446875,-1.1578863236073689
0,63.806999999999995,4.45,-1.150426946874433
0,63.806999999999995,4.453125,-1.1430804802292858
0,63.806999999999995,4.456250000000001,-1.1358425132668117
0,63.806999999999995,4.459375,-1.128709212810624
0,63.806999999999995,4.4625,-1.1216773403532663
0,63.806999999999995,4.465625,-1.1147442606487201
0,63.806999999999995,4.46875,-1.107907940899431
0,63.806999999999995,4.471875000000001,-1.1011669403292126
0,63.806999999999995,4.475,-1.0945203903010157
0,63.806999999999995,4.478125,-1.0879679655021632
0,63.806999999999995,4.48125,-1.0815098470560356
0,63.806999999999995,4.484375,-1.0751466787069994
0,63.806999999999995,4.487500000000001,-1.0688795174484422
0,63.806999999999995,4.490625,-1.0627097801101693
0,63.806999999999995,4.49375,-1.0566391874863987
0,63.806999999999995,4.496875,-1.0506697075707387
0,63.806999999999995,4.5,-1.0448034993764364
0,63.806999999999995,4.503125000000001,-1.0390428586713265
0,63.806999999999995,4.50625,-1.0333901667615795
0,63.806999999999995,4.509375,-1.0278478432331173
0,63.806999999999995,4.5125,-1.0224183033209013
0,63.806999999999995,4.515625,-1.0171039203384715
0,63.806999999999995,4.518750000000001,-1.011906993376418
0,63.806999999999995,4.521875,-1.0068297202777514
0,63.806999999999995,4.525,-1.0018741757272458
0,63.806999999999995,4.528125,-0.9970422941542312
0,63.806999999999995,4.53125,-0.9923358570443915
0,63.806999999999995,4.534375000000001,-0.987756484185121
0,63.806999999999995,4.5375,-0.9833056283273713
0,63.806999999999995,4.540625,-0.9789845727311292
0,63.806999999999995,4.54375,-0.9747944310670784
0,63.806999999999995,4.546875,-0.9707361491688881
0,63.806999999999995,4.550000000000001,-0.9668105081648847
0,63.806999999999995,4.553125,-0.9630181285603067
0,63.806999999999995,4.55625,-0.9593594748887281
0,63.806999999999995,4.559375,-0.9558348606008384
0,63.806999999999995,4.5625,-0.9524444529081529
0,63.806999999999995,4.565625000000001,-0.9491882773472199
0,63.806999999999995,4.56875,-0.9460662218750088
0,63.806999999999995,4.571875,-0.9430780403480303
0,63.806999999999995,4.575,-0.9402233552759985
0,63.806999999999995,4.578125,-0.9375016597753104
0,63.806999999999995,4.581250000000001,-0.9349123186787133
0,63.806999999999995,4.584375,-0.9324545687853185
0,63.806999999999995,4.5875,-0.9301275182600925
0,63.806999999999995,4.590625,-0.9279301452145367
0,63.806999999999995,4.59375,-0.9258612955207538
0,63.806999999999995,4.596875000000001,-0.9239196799300561
0,63.806999999999995,4.6,-0.9221038705848187
0,63.806999999999995,4.603125,-0.9204122970288855
0,63.806999999999995,4.60625,-0.918843241837576
0,63.806999999999995,4.609375,-0.9173948360032799
0,63.806999999999995,4.612500000000001,-0.9160650542269482
0,63.806999999999995,4.615625,-0.914851710279175
0,63.806999999999995,4.61875,-0.9137524526069639
0,63.806999999999995,4.621875,-0.9127647603733875
0,63.806999999999995,4.625,-0.9118859401266811
0,63.806999999999995,4.628125000000001,-0.9111131233025603
0,63.806999999999995,4.63125,-0.9104432647680193
0,63.806999999999995,4.634375,-0.9098731426160866
0,63.806999999999995,4.6375,-0.9093993594183691
0,63.806999999999995,4.640625,-0.9090183451350685
0,63.806999999999995,4.643750000000001,-0.9087263618701082
0,63.806999999999995,4.646875,-0.9085195106415214
0,63.806999999999995,4.65,-0.9083937403141552
0,63.806999999999995,4.653125,-0.9083448588129068
0,63.806999999999995,4.65625,-0.908368546700294
0,63.806999999999995,4.659375000000001,-0.9084603731625727
0,63.806999999999995,4.6625,-0.908615814404509
0,63.806999999999995,4.665625,-0.9088302744052421
0,63.806999999999995,4.66875,-0.9090991079375728
0,63.806999999999995,4.671875,-0.9094176457018621
0,63.806999999999995,4.675000000000001,-0.9097812213749615
0,63.806999999999995,4.678125,-0.9101852003257647
0,63.806999999999995,4.68125,-0.9106250097034526
0,63.806999999999995,4.684375,-0.9110961695636145
0,63.806999999999995,4.6875,-0.9115943246621734
0,63.806999999999995,4.690625000000001,-0.9121152765181223
0,63.806999999999995,4.69375,-0.9126550153238494
0,63.806999999999995,4.696875,-0.9132097512663301
0,63.806999999999995,4.7,-0.913775944813317
0,63.806999999999995,4.703125,-0.9143503355154562
0,63.806999999999995,4.706250000000001,-0.9149299688772939
0,63.806999999999995,4.709375,-0.9155122208568471
0,63.806999999999995,4.7125,-0.9160948195643638
0,63.806999999999995,4.715625,-0.9166758637458448
0,63.806999999999995,4.71875,-0.9172538376560065
0,63.806999999999995,4.721875000000001,-0.9178276219489936
0,63.806999999999995,4.725,-0.9183965002440385
0,63.806999999999995,4.728125,-0.9189601610582034
0,63.806999999999995,4.73125,-0.919518694840151
0,63.806999999999995,4.734375,-0.9200725858882298
0,63.806999999999995,4.737500000000001,-0.9206226989932828
0,63.806999999999995,4.740625,-0.921170260711275
0,63.806999999999995,4.74375,-0.9217168352423365
0,63.806999999999995,4.746875,-0.9222642949696592
0,63.806999999999995,4.75,-0.9228147857920682
0,63.806999999999995,4.753125000000001,-0.9233706874656075
0,63.806999999999995,4.75625,-0.9239345692497563
0,63.806999999999995,4.759375,-0.9245091412303773
0,63.806999999999995,4.7625,-0.9250972017621093
0,63.806999999999995,4.765625,-0.9257015815358582
0,63.806999999999995,4.768750000000001,-0.9263250848313224
0,63.806999999999995,4.771875,-0.9269704285596989
0,63.806999999999995,4.775,-0.927640179738287
0,63.806999999999995,4.778125,-0.9283366920676998
0,63.806999999999995,4.78125,-0.9290620423054656
0,63.806999999999995,4.784375000000001,-0.9298179671488686
0,63.806999999999995,4.7875,-0.9306058013571759
0,63.806999999999995,4.790625,-0.9314264178607913
0,63.806999999999995,4.79375,-0.9322801706239964
0,63.806999999999995,4.796875,-0.9331668410496825
0,63.806999999999995,4.800000000000001,-0.934085588738775
0,63.806999999999995,4.803125,-0.9350349074427433
0,63.806999999999995,4.80625,-0.9360125870722549
0,63.806999999999995,4.809375,-0.9370156826448403
0,63.806999999999995,4.8125,-0.938040491064337
0,63.806999999999995,4.815625000000001,-0.9390825366186579
0,63.806999999999995,4.81875,-0.9401365660531028
0,63.806999999999995,4.821875,-0.9411965540168268
0,63.806999999999995,4.825,-0.9422557195832725
0,63.806999999999995,4.828125,-0.9433065544059377
0,63.806999999999995,4.831250000000001,-0.9443408628852643
0,63.806999999999995,4.834375,-0.9453498144904864
0,63.806999999999995,4.8375,-0.946324008105551
0,63.806999999999995,4.840625,-0.9472535479586788
0,63.806999999999995,4.84375,-0.948128130363476
0,63.806999999999995,4.846875000000001,-0.9489371401623302
0,63.806999999999995,4.85,-0.9496697554399665
0,63.806999999999995,4.853125,-0.9503150587878005
0,63.806999999999995,4.85625,-0.9508621531685473
0,63.806999999999995,4.859375,-0.9513002802731744
0,63.806999999999995,4.862500000000001,-0.9516189391908647
0,63.806999999999995,4.865625,-0.9518080032325229
0,63.806999999999995,4.86875,-0.9518578328566505
0,63.806999999999995,4.871875,-0.9517593828322441
0,63.806999999999995,4.875,-0.9515043020190154
0,63.806999999999995,4.878125000000001,-0.9510850244281742
0,63.806999999999995,4.88125,-0.9504948505227901
0,63.806999999999995,4.884375,-0.949728018001988
0,63.806999999999995,4.8875,-0.9487797615685889
0,63.806999999999995,4.890625,-0.9476463613917419
0,63.806999999999995,4.893750000000001,-0.946325180138591
0,63.806999999999995,4.896875,-0.9448146885629538
0,63.806999999999995,4.9,-0.94311447971181
0,63.806999999999995,4.903125,-0.9412252718539155
0,63.806999999999995,4.90625,-0.9391489002632684
0,63.806999999999995,4.909375000000001,-0.9368882980179601
0,63.806999999999995,4.9125,-0.9344474660144589
0,63.806999999999995,4.915625,-0.9318314324579252
0,63.806999999999995,4.91875,-0.9290462021755943
0,63.806999999999995,4.921875,-0.9260986962129274
0,63.806999999999995,4.925000000000001,-0.922996682307563
0,63.806999999999995,4.928125,-0.9197486969866772
0,63.806999999999995,4.93125,-0.9163639601897069
0,63.806999999999995,4.934375,-0.9128522834697315
0,63.806999999999995,4.9375,-0.909223972961977
0,63.806999999999995,4.940625000000001,-0.9054897284173957
0,63.806999999999995,4.94375,-0.9016605396746025
0,63.806999999999995,4.946875,-0.8977475819793305
0,63.806999999999995,4.95,-0.8937621115541142
0,63.806999999999995,4.953125,-0.8897153627721228
0,63.806999999999995,4.956250000000001,-0.8856184482010259
0,63.806999999999995,4.959375,-0.8814822626604005
0,63.806999999999995,4.9625,-0.8773173922865921
0,63.806999999999995,4.965625,-0.8731340294304452
0,63.806999999999995,4.96875,-0.8689418940343091
0,63.806999999999995,4.971875000000001,-0.8647501619543971
0,63.806999999999995,4.975,-0.8605674005205305
0,63.806999999999995,4.978125,-0.8564015114648988
0,63.806999999999995,4.98125,-0.8522596812103448
0,63.806999999999995,4.984375,-0.8481483383908179
0,63.806999999999995,4.987500000000001,-0.8440731183850361
0,63.806999999999995,4.990625,-0.8400388345797117
0,63.806999999999995,4.99375,-0.836049456040946
0,63.806999999999995,4.996875,-0.8321080912600466
0,63.806999999999995,5.0,-0.82821697765038
0,63.806999999999995,5.003125,-0.8243774765021464
0,63.806999999999995,5.0062500000000005,-0.8205900731479061
0,63.806999999999995,5.009375,-0.8168543821495615
0,63.806999999999995,5.0125,-0.8131691573827398
0,63.806999999999995,5.015625,-0.809532306962873
0,63.806999999999995,5.01875,-0.8059409130243081
0,63.806999999999995,5.0218750000000005,-0.8023912564253299
0,63.806999999999995,5.025,-0.7988788465040485
0,63.806999999999995,5.028125,-0.795398456048881
0,63.806999999999995,5.03125,-0.7919441616696243
0,63.806999999999995,5.034375,-0.7885093897577503
0,63.806999999999995,5.0375000000000005,-0.7850869682053614
0,63.806999999999995,5.040625,-0.7816691840093579
0,63.806999999999995,5.04375,-0.7782478468198887
0,63.806999999999995,5.046875,-0.7748143584000738
0,63.806999999999995,5.05,-0.7713597878481557
0,63.806999999999995,5.0531250000000005,-0.7678749522959907
0,63.806999999999995,5.05625,-0.7643505026421931
0,63.806999999999995,5.059375,-0.7607770137091081
0,63.806999999999995,5.0625,-0.7571450780357368
0,63.806999999999995,5.065625,-0.7534454023406433
0,63.806999999999995,5.0687500000000005,-0.7496689055175324
0,63.806999999999995,5.071875,-0.7458068168699352
0,63.806999999999995,5.075,-0.741850773158803
0,63.806999999999995,5.078125,-0.7377929129363496
0,63.806999999999995,5.08125,-0.7336259665786338
0,63.806999999999995,5.0843750000000005,-0.7293433404149172
0,63.806999999999995,5.0875,-0.7249391933883271
0,63.806999999999995,5.090625,-0.7204085047725857
0,63.806999999999995,5.09375,-0.7157471316137003
0,63.806999999999995,5.096875,-0.7109518547609609
0,63.806999999999995,5.1000000000000005,-0.706020412593189
0,63.806999999999995,5.103125,-0.7009515218259498
0,63.806999999999995,5.10625,-0.6957448850932217
0,63.806999999999995,5.109375,-0.6904011853207298
0,63.806999999999995,5.1125,-0.6849220672344144
0,63.806999999999995,5.1156250000000005,-0.6793101066625757
0,63.806999999999995,5.11875,-0.6735687685804411
0,63.806999999999995,5.121875,-0.6677023550987322
0,63.806999999999995,5.125,-0.6617159448026014
0,63.806999999999995,5.128125,-0.6556153249956889
0,63.806999999999995,5.1312500000000005,-0.6494069184909356
0,63.806999999999995,5.134375,-0.6430977066132741
0,63.806999999999995,5.1375,-0.6366951500410987
0,63.806999999999995,5.140625,-0.6302071090187822
0,63.806999999999995,5.14375,-0.623641764329676
0,63.806999999999995,5.1468750000000005,-0.617007540239115
0,63.806999999999995,5.15,-0.6103130304126752
0,63.806999999999995,5.153125,-0.6035669275999318
0,63.806999999999995,5.15625,-0.596777957661853
0,63.806999999999995,5.159375,-0.5899548183226805
0,63.806999999999995,5.1625000000000005,-0.5831061228548057
0,63.806999999999995,5.165625,-0.576240348764486
0,63.806999999999995,5.16875,-0.5693657914405671
0,63.806999999999995,5.171875,-0.562490522657652
0,63.806999999999995,5.175,-0.5556223537856766
0,63.806999999999995,5.1781250000000005,-0.5487688035438736
0,63.806999999999995,5.18125,-0.5419370701409227
0,63.806999999999995,5.184375,-0.5351340076566137
0,63.806999999999995,5.1875,-0.5283661065361245
0,63.806999999999995,5.190625,-0.5216394780796192
0,63.806999999999995,5.1937500000000005,-0.5149598428132305
0,63.806999999999995,5.196875,-0.5083325226203512
0,63.806999999999995,5.2,-0.5017624364944662
0,63.806999999999995,5.203125,-0.4952540997483692
0,63.806999999999995,5.20625,-0.4888116264821456
0,63.806999999999995,5.2093750000000005,-0.4824387350775586
0,63.806999999999995,5.2125,-0.4761387564528812
0,63.806999999999995,5.215625,-0.4699146447829405
0,63.806999999999995,5.21875,-0.4637689903668433
0,63.806999999999995,5.221875,-0.4577040343118541
0,63.806999999999995,5.2250000000000005,-0.45172168469715346
0,63.806999999999995,5.228125,-0.44582353388545115
0,63.806999999999995,5.23125,-0.4400108766628879
0,63.806999999999995,5.234375,-0.43428472890717845
0,63.806999999999995,5.2375,-0.42864584650884274
0,63.806999999999995,5.2406250000000005,-0.42309474429917454
0,63.806999999999995,5.24375,-0.4176317147696335
0,63.806999999999995,5.246875,-0.4122568463991723
0,63.806999999999995,5.25,-0.4069700414375429
0,63.806999999999995,5.253125,-0.40177103302269374
0,63.806999999999995,5.2562500000000005,-0.39665940153842305
0,63.806999999999995,5.259375,-0.3916345901439416
0,63.806999999999995,5.2625,-0.3866959194295856
0,63.806999999999995,5.265625,-0.38184260117264335
0,63.806999999999995,5.26875,-0.37707375118396586
0,63.806999999999995,5.2718750000000005,-0.3723884012499961
0,63.806999999999995,5.275,-0.3677855101862149
0,63.806999999999995,5.278125,-0.36326397402695687
0,63.806999999999995,5.28125,-0.35882263538350856
0,63.806999999999995,5.284375,-0.3544602920074221
0,63.806999999999995,5.2875000000000005,-0.3501757045995284
0,63.806999999999995,5.290625,-0.34596760390733533
0,63.806999999999995,5.29375,-0.34183469715458903
0,63.806999999999995,5.296875,-0.33777567384705937
0,63.806999999999995,5.3,-0.33378921099810677
0,63.806999999999995,5.3031250000000005,-0.3298739778165969
0,63.806999999999995,5.30625,-0.32602863989831693
0,63.806999999999995,5.309375,-0.3222518629602953
0,63.806999999999995,5.3125,-0.31854231615554873
0,63.806999999999995,5.315625,-0.31489867500367186
0,63.806999999999995,5.3187500000000005,-0.3113196239705908
0,63.806999999999995,5.321875,-0.30780385872864396
0,63.806999999999995,5.325,-0.3043500881260103
0,63.806999999999995,5.328125,-0.30095703589245326
0,63.806999999999995,5.33125,-0.29762344210630354
0,63.806999999999995,5.3343750000000005,-0.2943480644456842
0,63.806999999999995,5.3375,-0.29112967924515915
0,63.806999999999995,5.340625,-0.28796708237721913
0,63.806999999999995,5.34375,-0.28485908997643
0,63.806999999999995,5.346875,-0.28180453902250846
0,63.806999999999995,5.3500000000000005,-0.2788022877971852
0,63.806999999999995,5.353125,-0.2758512162283993
0,63.806999999999995,5.35625,-0.2729502261341291
0,63.806999999999995,5.359375,-0.2700982413770662
0,63.806999999999995,5.3625,-0.26729420794027187
0,63.806999999999995,5.3656250000000005,-0.2645370939330215
0,63.806999999999995,5.36875,-0.2618258895351653
0,63.806999999999995,5.371875,-0.2591596068875149
0,63.806999999999995,5.375,-0.25653727993506814
0,63.806999999999995,5.378125,-0.25395796422918354
0,63.806999999999995,5.3812500000000005,-0.251420736694222
0,63.806999999999995,5.384375,-0.2489246953636234
0,63.806999999999995,5.3875,-0.2464689590898624
0,63.806999999999995,5.390625,-0.2440526672322964
0,63.806999999999995,5.39375,-0.24167497932647788
0,63.806999999999995,5.3968750000000005,-0.23933507473814
0,63.806999999999995,5.4,-0.2370321523047217
0,63.806999999999995,5.403125,-0.2347654299669744
0,63.806999999999995,5.40625,-0.23253414439294126
0,63.806999999999995,5.409375,-0.23033755059631306
0,63.806999999999995,5.4125000000000005,-0.22817492155096086
0,63.806999999999995,5.415625,-0.2260455478032303
0,63.806999999999995,5.41875,-0.22394873708338647
0,63.806999999999995,5.421875,-0.2218838139174542
0,63.806999999999995,5.425,-0.21985011924052159
0,63.806999999999995,5.4281250000000005,-0.21784701001245274
0,63.806999999999995,5.43125,-0.21587385883683574
0,63.806999999999995,5.434375,-0.21393005358386452
0,63.806999999999995,5.4375,-0.21201499701778026
0,63.806999999999995,5.440625,-0.21012810642938595
0,63.806999999999995,5.4437500000000005,-0.20826881327408053
0,63.806999999999995,5.446875,-0.20643656281579112
0,63.806999999999995,5.45,-0.20463081377710055
0,63.806999999999995,5.453125,-0.20285103799583895
0,63.806999999999995,5.45625,-0.20109672008832893
0,63.806999999999995,5.4593750000000005,-0.1993673571194508
0,63.806999999999995,5.4625,-0.1976624582796418
0,63.806999999999995,5.465625,-0.1959815445689101
0,63.806999999999995,5.46875,-0.1943241484879222
0,63.806999999999995,5.471875,-0.19268981373618008
0,63.806999999999995,5.4750000000000005,-0.19107809491729152
0,63.806999999999995,5.478125,-0.18948855725131322
0,63.806999999999995,5.48125,-0.18792077629412007
0,63.806999999999995,5.484375,-0.18637433766375336
0,63.806999999999995,5.4875,-0.18484883677367026
0,63.806999999999995,5.4906250000000005,-0.1833438785728145
0,63.806999999999995,5.49375,-0.18185907729241807
0,63.806999999999995,5.496875,-0.18039405619942414
0,63.806999999999995,5.5,-0.1789484473564338
0,63.806999999999995,5.503125,-0.17752189138805066
0,63.806999999999995,5.5062500000000005,-0.1761140372535091
0,63.806999999999995,5.509375,-0.17472454202546245
0,63.806999999999995,5.5125,-0.17335307067479616
0,63.806999999999995,5.515625,-0.17199929586134619
0,63.806999999999995,5.51875,-0.1706628977303837
0,63.806999999999995,5.5218750000000005,-0.16934356371473597
0,63.806999999999995,5.525,-0.1680409883424122
0,63.806999999999995,5.528125,-0.16675487304959444
0,63.806999999999995,5.53125,-0.1654849259988693
0,63.806999999999995,5.534375,-0.16423086190256156
0,63.806999999999995,5.5375000000000005,-0.1629924018510417
0,63.806999999999995,5.540625,-0.1617692731458778
0,63.806999999999995,5.54375,-0.16056120913769864
0,63.806999999999995,5.546875,-0.15936794906864946
0,63.806999999999995,5.55,-0.15818923791930883
0,63.806999999999995,5.5531250000000005,-0.15702482625994701
0,63.806999999999995,5.55625,-0.15587447010600702
0,63.806999999999995,5.559375,-0.15473793077768394
0,63.806999999999995,5.5625,-0.15361497476349653
0,63.806999999999995,5.565625,-0.15250537358772884
0,63.806999999999995,5.5687500000000005,-0.15140890368163615
0,63.806999999999995,5.571875,-0.15032534625830704
0,63.806999999999995,5.575,-0.1492544871910707
0,63.806999999999995,5.578125,-0.14819611689535478
0,63.806999999999995,5.58125,-0.14715003021388548
0,63.806999999999995,5.5843750000000005,-0.146116026305136
0,63.806999999999995,5.5875,-0.14509390853492884
0,63.806999999999995,5.590625,-0.14408348437109236
0,63.806999999999995,5.59375,-0.1430845652810909
0,63.806999999999995,5.596875,-0.1420969666325329
0,63.806999999999995,5.6000000000000005,-0.14112050759647368
0,63.806999999999995,5.603125,-0.14015501105343223
0,63.806999999999995,5.60625,-0.1392003035020361
0,63.806999999999995,5.609375,-0.13825621497022111
0,63.806999999999995,5.6125,-0.13732257892890606
0,63.806999999999995,5.6156250000000005,-0.1363992322080705
0,63.806999999999995,5.61875,-0.13548601491516257
0,63.806999999999995,5.621875,-0.1345827703557673
0,63.806999999999995,5.625,-0.1336893449564677
0,63.806999999999995,5.628125,-0.13280558818983468
0,63.806999999999995,5.6312500000000005,-0.1319313525014789
0,63.806999999999995,5.634375,-0.13106649323910663
0,63.806999999999995,5.6375,-0.1302108685835152
0,63.806999999999995,5.640625,-0.12936433948147513
0,63.806999999999995,5.64375,-0.12852676958043888
0,63.806999999999995,5.6468750000000005,-0.12769802516502304
0,63.806999999999995,5.65,-0.12687797509521206
0,63.806999999999995,5.653125,-0.1260664907462288
0,63.806999999999995,5.65625,-0.12526344595002792
0,63.806999999999995,5.659375,-0.12446871693835859
0,63.806999999999995,5.6625000000000005,-0.12368218228735259
0,63.806999999999995,5.665625,-0.12290372286359373
0,63.806999999999995,5.66875,-0.1221332217716206
0,63.806999999999995,5.671875,-0.12137056430282551
0,63.806999999999995,5.675,-0.1206156378857043
0,63.806999999999995,5.6781250000000005,-0.11986833203742019
0,63.806999999999995,5.68125,-0.1191285383166417
0,63.806999999999995,5.684375,-0.11839615027761613
0,63.806999999999995,5.6875,-0.1176710634254458
0,63.806999999999995,5.690625,-0.11695317517252869
0,63.806999999999995,5.6937500000000005,-0.11624238479613125
0,63.806999999999995,5.696875,-0.11553859339706082
0,63.806999999999995,5.7,-0.11484170385940308
0,63.806999999999995,5.703125,-0.11415162081129797
0,63.806999999999995,5.70625,-0.11346825058672032
0,63.806999999999995,5.7093750000000005,-0.11279150118823839
0,63.806999999999995,5.7125,-0.1121212822507219
0,63.806999999999995,5.715625,-0.11145750500597067
0,63.806999999999995,5.71875,-0.11080008224824064
0,63.806999999999995,5.721875,-0.11014892830063895
0,63.806999999999995,5.7250000000000005,-0.10950395898236455
0,63.806999999999995,5.728125,-0.10886509157677088
0,63.806999999999995,5.73125,-0.10823224480022504
0,63.806999999999995,5.734375,-0.1076053387717443
0,63.806999999999995,5.7375,-0.10698429498338548
0,63.806999999999995,5.7406250000000005,-0.10636903627136726
0,63.806999999999995,5.74375,-0.10575948678790463
0,63.806999999999995,5.746875,-0.10515557197373505
0,63.806999999999995,5.75,-0.1045572185313182
0,63.806999999999995,5.753125,-0.10396435439868955
0,63.806999999999995,5.7562500000000005,-0.1033769087239506
0,63.806999999999995,5.759375,-0.10279481184037753
0,63.806999999999995,5.7625,-0.10221799524213067
0,63.806999999999995,5.765625,-0.1016463915605502
0,63.806999999999995,5.76875,-0.10107993454102025
0,63.806999999999995,5.7718750000000005,-0.10051855902038641
0,63.806999999999995,5.775,-0.09996220090491238
0,63.806999999999995,5.778125,-0.09941079714875926
0,63.806999999999995,5.78125,-0.0988642857329759
0,63.806999999999995,5.784375,-0.09832260564498395
0,63.806999999999995,5.7875000000000005,-0.09778569685854621
0,63.806999999999995,5.790625,-0.09725350031420486
0,63.806999999999995,5.79375,-0.0967259579001757
0,63.806999999999995,5.796875,-0.09620301243368823
0,63.806999999999995,5.800000000000001,-0.09568460764275828
0,63.806999999999995,5.8031250000000005,-0.09517068814838313
0,63.806999999999995,5.80625,-0.09466119944714571
0,63.806999999999995,5.809375,-0.09415608789421948
0,63.806999999999995,5.8125,-0.09365530068676206
0,63.806999999999995,5.815625000000001,-0.09315878584768816
0,63.806999999999995,5.8187500000000005,-0.09266649220981135
0,63.806999999999995,5.821875,-0.09217836940034504
0,63.806999999999995,5.825,-0.09169436782575424
0,63.806999999999995,5.828125,-0.09121443865694769
0,63.806999999999995,5.831250000000001,-0.09073853381480315
0,63.806999999999995,5.8343750000000005,-0.09026660595601597
0,63.806999999999995,5.8375,-0.08979860845926266
0,63.806999999999995,5.840625,-0.08933449541167283
0,63.806999999999995,5.84375,-0.08887422159559996
0,63.806999999999995,5.846875000000001,-0.08841774247568474
0,63.806999999999995,5.8500000000000005,-0.0879650141862025
0,63.806999999999995,5.853125,-0.0875159935186881
0,63.806999999999995,5.85625,-0.08707063790983163
0,63.806999999999995,5.859375,-0.08662890542963712
0,63.806999999999995,5.862500000000001,-0.08619075476983908
0,63.806999999999995,5.8656250000000005,-0.08575614523256925
0,63.806999999999995,5.86875,-0.08532503671926735
0,63.806999999999995,5.871875,-0.08489738971983109
0,63.806999999999995,5.875,-0.08447316530199801
0,63.806999999999995,5.878125000000001,-0.0840523251009541
0,63.806999999999995,5.8812500000000005,-0.08363483130916444
0,63.806999999999995,5.884375,-0.08322064666641796
0,63.806999999999995,5.8875,-0.08280973445008435
0,63.806999999999995,5.890625,-0.08240205846557563
0,63.806999999999995,5.893750000000001,-0.08199758303700774
0,63.806999999999995,5.8968750000000005,-0.08159627299805909
0,63.806999999999995,5.9,-0.08119809368301803
0,63.806999999999995,5.903125,-0.08080301091801816
0,63.806999999999995,5.90625,-0.08041099101245461
0,63.806999999999995,5.909375000000001,-0.08002200075057832
0,63.806999999999995,5.9125000000000005,-0.0796360073832633
0,63.806999999999995,5.915625,-0.07925297861994264
0,63.806999999999995,5.91875,-0.0788728826207104
0,63.806999999999995,5.921875,-0.07849568798858421
0,63.806999999999995,5.925000000000001,-0.07812136376192547
0,63.806999999999995,5.9281250000000005,-0.07774987940701361
0,63.806999999999995,5.93125,-0.07738120481076965
0,63.806999999999995,5.934375,-0.07701531027362736
0,63.806999999999995,5.9375,-0.07665216650254716
0,63.806999999999995,5.940625000000001,-0.07629174460417015
0,63.806999999999995,5.9437500000000005,-0.07593401607810892
0,63.806999999999995,5.946875,-0.07557895281037127
0,63.806999999999995,5.95,-0.07522652706691536
0,63.806999999999995,5.953125,-0.07487671148733185
0,63.806999999999995,5.956250000000001,-0.07452947907865048
0,63.806999999999995,5.9593750000000005,-0.07418480320926914
0,63.806999999999995,5.9625,-0.07384265760300086
0,63.806999999999995,5.965625,-0.07350301633323793
0,63.806999999999995,5.96875,-0.07316585381722955
0,63.806999999999995,5.971875000000001,-0.07283114481047025
0,63.806999999999995,5.9750000000000005,-0.07249886440119774
0,63.806999999999995,5.978125,-0.07216898800499588
0,63.806999999999995,5.98125,-0.07184149135950225
0,63.806999999999995,5.984375,-0.07151635051921734
0,63.806999999999995,5.987500000000001,-0.07119354185041207
0,63.806999999999995,5.9906250000000005,-0.0708730420261342
0,63.806999999999995,5.99375,-0.07055482802130758
0,63.806999999999995,5.996875,-0.07023887710792566
0,63.806999999999995,6.0,-0.06992516685033563
