"Current","Field","Frequency","Spectra"
0,64.1924,1.0,-0.021730116695646368
0,64.1924,1.003125,-0.021795788686518595
0,64.1924,1.00625,-0.021861838863544748
0,64.1924,1.009375,-0.02192827064469467
0,64.1924,1.0125,-0.02199508748977917
0,64.1924,1.015625,-0.022062292901084912
0,64.1924,1.01875,-0.022129890424020596
0,64.1924,1.021875,-0.022197883647774856
0,64.1924,1.025,-0.022266276205985834
0,64.1924,1.028125,-0.022335071777422968
0,64.1924,1.03125,-0.02240427408668107
0,64.1924,1.034375,-0.022473886904886945
0,64.1924,1.0375,-0.022543914050418917
0,64.1924,1.040625,-0.02261435938963945
0,64.1924,1.04375,-0.022685226837641122
0,64.1924,1.046875,-0.022756520359006306
0,64.1924,1.05,-0.02282824396858081
0,64.1924,1.053125,-0.02290040173226173
0,64.1924,1.05625,-0.02297299776779989
0,64.1924,1.059375,-0.0230460362456171
0,64.1924,1.0625,-0.023119521389638582
0,64.1924,1.065625,-0.023193457478141003
0,64.1924,1.06875,-0.023267848844616114
0,64.1924,1.071875,-0.02334269987865077
0,64.1924,1.075,-0.02341801502682332
0,64.1924,1.078125,-0.02349379879361691
0,64.1924,1.08125,-0.023570055742350018
0,64.1924,1.084375,-0.023646790496124524
0,64.1924,1.0875,-0.02372400773879186
0,64.1924,1.090625,-0.023801712215937434
0,64.1924,1.09375,-0.023879908735883845
0,64.1924,1.096875,-0.023958602170713342
0,64.1924,1.1,-0.024037797457309745
0,64.1924,1.103125,-0.02411749959842052
0,64.1924,1.10625,-0.024197713663739268
0,64.1924,1.109375,-0.024278444791009025
0,64.1924,1.1125,-0.024359698187147227
0,64.1924,1.115625,-0.024441479129392173
0,64.1924,1.11875,-0.02452379296647202
0,64.1924,1.121875,-0.024606645119796697
0,64.1924,1.125,-0.024690041084672886
0,64.1924,1.128125,-0.024773986431543146
0,64.1924,1.13125,-0.024858486807249298
0,64.1924,1.134375,-0.024943547936320754
0,64.1924,1.1375,-0.025029175622288437
0,64.1924,1.140625,-0.025115375749024726
0,64.1924,1.14375,-0.025202154282110107
0,64.1924,1.146875,-0.02528951727022717
0,64.1924,1.15,-0.025377470846582394
0,64.1924,1.153125,-0.025466021230356607
0,64.1924,1.15625,-0.02555517472818456
0,64.1924,1.159375,-0.02564493773566448
0,64.1924,1.1625,-0.025735316738898124
0,64.1924,1.165625,-0.025826318316062066
0,64.1924,1.16875,-0.02591794913901112
0,64.1924,1.171875,-0.026010215974914347
0,64.1924,1.175,-0.026103125687924694
0,64.1924,1.178125,-0.026196685240882873
0,64.1924,1.18125,-0.026290901697056362
0,64.1924,1.184375,-0.026385782221914244
0,64.1924,1.1875,-0.026481334084938947
0,64.1924,1.190625,-0.026577564661475504
0,64.1924,1.19375,-0.026674481434619396
0,64.1924,1.196875,-0.02677209199714385
0,64.1924,1.2,-0.026870404053467523
0,64.1924,1.203125,-0.026969425421663452
0,64.1924,1.20625,-0.027069164035510435
0,64.1924,1.209375,-0.02716962794658786
0,64.1924,1.2125,-0.027270825326414633
0,64.1924,1.215625,-0.027372764468634007
0,64.1924,1.21875,-0.02747545379124458
0,64.1924,1.221875,-0.02757890183887931
0,64.1924,1.225,-0.02768311728513327
0,64.1924,1.228125,-0.027788108934941512
0,64.1924,1.23125,-0.02789388572700826
0,64.1924,1.234375,-0.02800045673628852
0,64.1924,1.2375,-0.028107831176523844
0,64.1924,1.240625,-0.028216018402832964
0,64.1924,1.24375,-0.028325027914359174
0,64.1924,1.246875,-0.028434869356975746
0,64.1924,1.25,-0.028545552526050476
0,64.1924,1.253125,-0.028657087369271465
0,64.1924,1.25625,-0.028769483989535154
0,64.1924,1.259375,-0.028882752647898347
0,64.1924,1.2625,-0.028996903766595944
0,64.1924,1.265625,-0.02911194793212589
0,64.1924,1.26875,-0.029227895898403165
0,64.1924,1.271875,-0.02934475858998445
0,64.1924,1.275,-0.029462547105365403
0,64.1924,1.278125,-0.029581272720352377
0,64.1924,1.28125,-0.029700946891510288
0,64.1924,1.284375,-0.0298215812596891
0,64.1924,1.2875,-0.029943187653630177
0,64.1924,1.290625,-0.030065778093655487
0,64.1924,1.29375,-0.030189364795441105
0,64.1924,1.296875,-0.03031396017387735
0,64.1924,1.3,-0.030439576847018254
0,64.1924,1.303125,-0.030566227640122096
0,64.1924,1.30625,-0.03069392558978579
0,64.1924,1.309375,-0.030822683948175594
0,64.1924,1.3125,-0.030952516187356373
0,64.1924,1.315625,-0.031083436003722473
0,64.1924,1.31875,-0.031215457322532558
0,64.1924,1.321875,-0.03134859430255137
0,64.1924,1.325,-0.031482861340801235
0,64.1924,1.328125,-0.031618273077426276
0,64.1924,1.33125,-0.03175484440067225
0,64.1924,1.334375,-0.031892590451985385
0,64.1924,1.3375,-0.03203152663123326
0,64.1924,1.340625,-0.03217166860205094
0,64.1924,1.34375,-0.03231303229731619
0,64.1924,1.346875,-0.03245563392475684
0,64.1924,1.35,-0.032599489972694184
0,64.1924,1.353125,-0.032744617215926176
0,64.1924,1.35625,-0.0328910327217542
0,64.1924,1.359375,-0.03303875385615725
0,64.1924,1.3625,-0.033187798290118115
0,64.1924,1.365625,-0.03333818400610508
0,64.1924,1.36875,-0.033489929304714235
0,64.1924,1.371875,-0.033643052811476316
0,64.1924,1.375,-0.033797573483833054
0,64.1924,1.378125,-0.03395351061828773
0,64.1924,1.38125,-0.034110883857734746
0,64.1924,1.384375,-0.03426971319897346
0,64.1924,1.3875,-0.03443001900041162
0,64.1924,1.390625,-0.034591821989963405
0,64.1924,1.39375,-0.034755143273148104
0,64.1924,1.396875,-0.03492000434139508
0,64.1924,1.4,-0.03508642708056088
0,64.1924,1.403125,-0.03525443377966453
0,64.1924,1.40625,-0.03542404713984773
0,64.1924,1.409375,-0.03559529028356624
0,64.1924,1.4125,-0.03576818676401912
0,64.1924,1.415625,-0.03594276057482308
0,64.1924,1.41875,-0.036119036159939
0,64.1924,1.421875,-0.03629703842385803
0,64.1924,1.425,-0.03647679274205491
0,64.1924,1.428125,-0.036658324971716866
0,64.1924,1.43125,-0.03684166146275555
0,64.1924,1.434375,-0.03702682906911129
0,64.1924,1.4375,-0.037213855160357766
0,64.1924,1.440625,-0.03740276763361655
0,64.1924,1.44375,-0.03759359492579083
0,64.1924,1.446875,-0.0377863660261276
0,64.1924,1.45,-0.03798111048911908
0,64.1924,1.453125,-0.038177858447752636
0,64.1924,1.45625,-0.03837664062712101
0,64.1924,1.459375,-0.038577488358402974
0,64.1924,1.4625,-0.03878043359322632
0,64.1924,1.465625,-0.038985508918425005
0,64.1924,1.46875,-0.03919274757120221
0,64.1924,1.471875,-0.039402183454712594
0,64.1924,1.475,-0.039613851154076236
0,64.1924,1.478125,-0.039827785952838105
0,64.1924,1.48125,-0.040044023849887006
0,64.1924,1.484375,-0.04026260157684825
0,64.1924,1.4875,-0.04048355661596535
0,64.1924,1.490625,-0.04070692721848605
0,64.1924,1.49375,-0.04093275242356856
0,64.1924,1.496875,-0.041161072077725264
0,64.1924,1.5,-0.04139192685481999
0,64.1924,1.503125,-0.041625358276637936
0,64.1924,1.50625,-0.041861408734045466
0,64.1924,1.509375,-0.04210012150875987
0,64.1924,1.5125000000000002,-0.042341540795748187
0,64.1924,1.515625,-0.04258571172627568
0,64.1924,1.51875,-0.042832680391625744
0,64.1924,1.521875,-0.04308249386751227
0,64.1924,1.525,-0.04333520023920807
0,64.1924,1.5281250000000002,-0.04359084862741246
0,64.1924,1.53125,-0.043849489214882686
0,64.1924,1.534375,-0.04411117327385464
0,64.1924,1.5375,-0.044375953194278624
0,64.1924,1.540625,-0.04464388251289805
0,64.1924,1.5437500000000002,-0.04491501594319887
0,64.1924,1.546875,-0.045189409406259165
0,64.1924,1.55,-0.04546712006252936
0,64.1924,1.553125,-0.04574820634457416
0,64.1924,1.55625,-0.04603272799080936
0,64.1924,1.5593750000000002,-0.04632074608026712
0,64.1924,1.5625,-0.04661232306842465
0,64.1924,1.565625,-0.046907522824133394
0,64.1924,1.56875,-0.04720641066768569
0,64.1924,1.571875,-0.04750905341005894
0,64.1924,1.5750000000000002,-0.04781551939337741
0,64.1924,1.578125,-0.04812587853263417
0,64.1924,1.58125,-0.04844020235871746
0,64.1924,1.584375,-0.04875856406278593
0,64.1924,1.5875,-0.04908103854204132
0,64.1924,1.5906250000000002,-0.04940770244694691
0,64.1924,1.59375,-0.04973863422994246
0,64.1924,1.596875,-0.05007391419570972
0,64.1924,1.6,-0.05041362455304213
0,64.1924,1.603125,-0.050757849468376554
0,64.1924,1.6062500000000002,-0.051106675121046455
0,64.1924,1.609375,-0.051460189760317354
0,64.1924,1.6125,-0.051818483764269715
0,64.1924,1.615625,-0.0521816497005944
0,64.1924,1.61875,-0.05254978238937091
0,64.1924,1.6218750000000002,-0.052922978967899825
0,64.1924,1.625,-0.05330133895766337
0,64.1924,1.628125,-0.05368496433349307
0,64.1924,1.63125,-0.054073959595023445
0,64.1924,1.634375,-0.05446843184051671
0,64.1924,1.6375000000000002,-0.05486849084314517
0,64.1924,1.640625,-0.05527424912982115
0,64.1924,1.64375,-0.055685822062670004
0,64.1924,1.646875,-0.0561033279232423
0,64.1924,1.65,-0.05652688799956816
0,64.1924,1.6531250000000002,-0.056956626676159194
0,64.1924,1.65625,-0.05739267152706698
0,64.1924,1.659375,-0.05783515341211457
0,64.1924,1.6625,-0.058284206576417384
0,64.1924,1.665625,-0.058739968753318966
0,64.1924,1.6687500000000002,-0.0592025812708696
0,64.1924,1.671875,-0.0596721891619809
0,64.1924,1.675,-0.0601489412783968
0,64.1924,1.678125,-0.060632990408624014
0,64.1924,1.68125,-0.061124493399973404
0,64.1924,1.6843750000000002,-0.061623611284868644
0,64.1924,1.6875,-0.06213050941158387
0,64.1924,1.690625,-0.06264535757958128
0,64.1924,1.69375,-0.06316833017962253
0,64.1924,1.696875,-0.06369960633883856
0,64.1924,1.7000000000000002,-0.06423937007094759
0,64.1924,1.703125,-0.06478781043181822
0,64.1924,1.70625,-0.06534512168058551
0,64.1924,1.709375,-0.0659115034465312
0,64.1924,1.7125,-0.06648716090195257
0,64.1924,1.7156250000000002,-0.0670723049412503
0,64.1924,1.71875,-0.06766715236647496
0,64.1924,1.721875,-0.06827192607958323
0,64.1924,1.725,-0.06888685528166166
0,64.1924,1.728125,-0.06951217567938883
0,64.1924,1.7312500000000002,-0.07014812969901538
0,64.1924,1.734375,-0.07079496670815213
0,64.1924,1.7375,-0.07145294324567013
0,64.1924,1.740625,-0.07212232326002349
0,64.1924,1.74375,-0.0728033783563227
0,64.1924,1.7468750000000002,-0.07349638805249512
0,64.1924,1.75,-0.07420164004488204
0,64.1924,1.753125,-0.07491943048363753
0,64.1924,1.75625,-0.07565006425830291
0,64.1924,1.759375,-0.07639385529394896
0,64.1924,1.7625000000000002,-0.07715112685828912
0,64.1924,1.765625,-0.07792221188018066
0,64.1924,1.76875,-0.07870745327994907
0,64.1924,1.771875,-0.07950720431198025
0,64.1924,1.775,-0.08032182892004457
0,64.1924,1.7781250000000002,-0.08115170210583043
0,64.1924,1.78125,-0.08199721031117806
0,64.1924,1.784375,-0.08285875181452496
0,64.1924,1.7875,-0.08373673714208274
0,64.1924,1.790625,-0.08463158949428695
0,64.1924,1.7937500000000002,-0.08554374518807262
0,64.1924,1.796875,-0.0864736541155432
0,64.1924,1.8,-0.08742178021961891
0,64.1924,1.803125,-0.08838860198725836
0,64.1924,1.80625,-0.08937461296086659
0,64.1924,1.8093750000000002,-0.09038032226851188
0,64.1924,1.8125,-0.09140625517358505
0,64.1924,1.815625,-0.09245295364454878
0,64.1924,1.81875,-0.09352097694542726
0,64.1924,1.821875,-0.09461090224770054
0,64.1924,1.8250000000000002,-0.09572332526426763
0,64.1924,1.828125,-0.09685886090614607
0,64.1924,1.83125,-0.09801814396257923
0,64.1924,1.834375,-0.09920182980521204
0,64.1924,1.8375,-0.10041059511699527
0,64.1924,1.8406250000000002,-0.10164513864646282
0,64.1924,1.84375,-0.10290618198800958
0,64.1924,1.846875,-0.10419447038877884
0,64.1924,1.85,-0.1055107735827325
0,64.1924,1.853125,-0.1068558866524477
0,64.1924,1.8562500000000002,-0.10823063091913412
0,64.1924,1.859375,-0.1096358548613117
0,64.1924,1.8625,-0.11107243506252769
0,64.1924,1.865625,-0.11254127718840622
0,64.1924,1.86875,-0.11404331699324047
0,64.1924,1.8718750000000002,-0.11557952135622551
0,64.1924,1.875,-0.11715088934730496
0,64.1924,1.878125,-0.11875845332246587
0,64.1924,1.88125,-0.12040328004814192
0,64.1924,1.884375,-0.12208647185420182
0,64.1924,1.8875000000000002,-0.12380916781477727
0,64.1924,1.890625,-0.12557254495593417
0,64.1924,1.89375,-0.12737781948891388
0,64.1924,1.896875,-0.12922624806733796
0,64.1924,1.9,-0.13111912906641576
0,64.1924,1.9031250000000002,-0.13305780388177466
0,64.1924,1.90625,-0.1350436582450651
0,64.1924,1.909375,-0.13707812355297658
0,64.1924,1.9125,-0.1391626782056959
0,64.1924,1.915625,-0.14129884895018804
0,64.1924,1.9187500000000002,-0.14348821222292965
0,64.1924,1.921875,-0.14573239548588732
0,64.1924,1.925,-0.1480330785486146
0,64.1924,1.928125,-0.15039199486828075
0,64.1924,1.93125,-0.15281093281830124
0,64.1924,1.9343750000000002,-0.15529173691493572
0,64.1924,1.9375,-0.15783630898978007
0,64.1924,1.940625,-0.160446609294491
0,64.1924,1.94375,-0.16312465752229058
0,64.1924,1.946875,-0.16587253372885105
0,64.1924,1.9500000000000002,-0.16869237913297552
0,64.1924,1.953125,-0.17158639677508852
0,64.1924,1.95625,-0.17455685200891358
0,64.1924,1.959375,-0.1776060727987807
0,64.1924,1.9625,-0.18073644979181908
0,64.1924,1.9656250000000002,-0.1839504361307634
0,64.1924,1.96875,-0.1872505469692505
0,64.1924,1.971875,-0.19063935864728898
0,64.1924,1.975,-0.19411950747997803
0,64.1924,1.978125,-0.19769368810758747
0,64.1924,1.9812500000000002,-0.20136465134969114
0,64.1924,1.984375,-0.20513520150020415
0,64.1924,1.9875,-0.20900819299389464
0,64.1924,1.990625,-0.21298652636816362
0,64.1924,1.99375,-0.21707314343669534
0,64.1924,1.9968750000000002,-0.2212710215838947
0,64.1924,2.0,-0.22558316708091453
0,64.1924,2.003125,-0.23001260731557308
0,64.1924,2.00625,-0.23456238181954853
0,64.1924,2.0093750000000004,-0.23923553196707745
0,64.1924,2.0125,-0.24403508920998643
0,64.1924,2.015625,-0.24896406170440677
0,64.1924,2.01875,-0.25402541917510985
0,64.1924,2.021875,-0.25922207585426177
0,64.1924,2.0250000000000004,-0.26455687132274025
0,64.1924,2.028125,-0.270032549074328
0,64.1924,2.03125,-0.2756517326164085
0,64.1924,2.034375,-0.28141689891570837
0,64.1924,2.0375,-0.2873303489946639
0,64.1924,2.0406250000000004,-0.29339417548371327
0,64.1924,2.04375,-0.2996102269379698
0,64.1924,2.046875,-0.30598006873407374
0,64.1924,2.05,-0.3125049403754933
0,64.1924,2.053125,-0.31918570905317495
0,64.1924,2.0562500000000004,-0.32602281933432503
0,64.1924,2.059375,-0.3330162388865386
0,64.1924,2.0625,-0.34016540018873886
0,64.1924,2.065625,-0.3474691382359052
0,64.1924,2.06875,-0.35492562431276914
0,64.1924,2.0718750000000004,-0.3625322959939438
0,64.1924,2.075,-0.3702857836257275
0,64.1924,2.078125,-0.37818183365923336
0,64.1924,2.08125,-0.38621522933652963
0,64.1924,2.084375,-0.3943797093817158
0,64.1924,2.0875000000000004,-0.40266788551731253
0,64.1924,2.090625,-0.41107115981246567
0,64.1924,2.09375,-0.41957964307168016
0,64.1924,2.096875,-0.42818207568861333
0,64.1924,2.1,-0.43686575261503274
0,64.1924,2.1031250000000004,-0.4456164543250332
0,64.1924,2.10625,-0.4544183858821514
0,64.1924,2.109375,-0.46325412643331076
0,64.1924,2.1125,-0.47210459164807794
0,64.1924,2.115625,-0.48094901178214833
0,64.1924,2.1187500000000004,-0.489764928156255
0,64.1924,2.121875,-0.498528210890572
0,64.1924,2.125,-0.5072131007039731
0,64.1924,2.128125,-0.515792277461079
0,64.1924,2.13125,-0.5242369579125697
0,64.1924,2.1343750000000004,-0.5325170247124107
0,64.1924,2.1375,-0.5406011882996236
0,64.1924,2.140625,-0.5484571825967995
0,64.1924,2.14375,-0.5560519947039674
0,64.1924,2.146875,-0.5633521278634642
0,64.1924,2.1500000000000004,-0.5703238959566646
0,64.1924,2.153125,-0.5769337466938963
0,64.1924,2.15625,-0.5831486095111196
0,64.1924,2.159375,-0.5889362630365523
0,64.1924,2.1625,-0.594265715890335
0,64.1924,2.1656250000000004,-0.599107593588566
0,64.1924,2.16875,-0.6034345234995908
0,64.1924,2.171875,-0.6072215092031502
0,64.1924,2.175,-0.6104462852835396
0,64.1924,2.178125,-0.6130896435871197
0,64.1924,2.1812500000000004,-0.6151357223183994
0,64.1924,2.184375,-0.6165722500454676
0,64.1924,2.1875,-0.6173907377224974
0,64.1924,2.190625,-0.6175866131813564
0,64.1924,2.19375,-0.6171592941432495
0,64.1924,2.1968750000000004,-0.6161121975851127
0,64.1924,2.2,-0.6144526851819017
0,64.1924,2.203125,-0.612191946445637
0,64.1924,2.20625,-0.6093448230047788
0,64.1924,2.209375,-0.6059295791282728
0,64.1924,2.2125000000000004,-0.6019676250235833
0,64.1924,2.215625,-0.5974832005690899
0,64.1924,2.21875,-0.592503027939449
0,64.1924,2.221875,-0.5870559420294701
0,64.1924,2.225,-0.5811725076800194
0,64.1924,2.2281250000000004,-0.5748846324794598
0,64.1924,2.23125,-0.56822518339309
0,64.1924,2.234375,-0.5612276147098849
0,64.1924,2.2375,-0.5539256138470752
0,64.1924,2.240625,-0.5463527704784894
0,64.1924,2.2437500000000004,-0.5385422733111479
0,64.1924,2.246875,-0.5305266376809816
0,64.1924,2.25,-0.5223374660207483
0,64.1924,2.253125,-0.5140052422104471
0,64.1924,2.25625,-0.5055591598826504
0,64.1924,2.2593750000000004,-0.4970269839425163
0,64.1924,2.2625,-0.4884349438860053
0,64.1924,2.265625,-0.4798076569633575
0,64.1924,2.26875,-0.4711680788347009
0,64.1924,2.271875,-0.4625374790920983
0,64.1924,2.2750000000000004,-0.4539354388650083
0,64.1924,2.278125,-0.4453798676691033
0,64.1924,2.28125,-0.43688703668570306
0,64.1924,2.284375,-0.4284716257544805
0,64.1924,2.2875,-0.42014678150994655
0,64.1924,2.2906250000000004,-0.4119241842781818
0,64.1924,2.29375,-0.40381412156138463
0,64.1924,2.296875,-0.3958255661630525
0,64.1924,2.3,-0.3879662572366909
0,64.1924,2.303125,-0.38024278276840734
0,64.1924,2.3062500000000004,-0.37266066222288446
0,64.1924,2.309375,-0.3652244282887281
0,64.1924,2.3125,-0.3579377068502078
0,64.1924,2.315625,-0.3508032944861349
0,64.1924,2.31875,-0.3438232329521796
0,64.1924,2.3218750000000004,-0.3369988802402647
0,64.1924,2.325,-0.3303309779281325
0,64.1924,2.328125,-0.32381971463471176
0,64.1924,2.33125,-0.3174647854835951
0,64.1924,2.334375,-0.31126544754908547
0,64.1924,2.3375000000000004,-0.3052205713183645
0,64.1924,2.340625,-0.2993286882507115
0,64.1924,2.34375,-0.29358803455187266
0,64.1924,2.346875,-0.28799659130993194
0,64.1924,2.35,-0.28255212115964384
0,64.1924,2.3531250000000004,-0.27725220165636577
0,64.1924,2.35625,-0.2720942555494579
0,64.1924,2.359375,-0.2670755781493154
0,64.1924,2.3625,-0.26219336198285337
0,64.1924,2.365625,-0.25744471892999987
0,64.1924,2.3687500000000004,-0.2528267000292475
0,64.1924,2.371875,-0.24833631313403756
0,64.1924,2.375,-0.24397053859422033
0,64.1924,2.378125,-0.23972634312839175
0,64.1924,2.38125,-0.23560069204386827
0,64.1924,2.3843750000000004,-0.23159055995171993
0,64.1924,2.3875,-0.22769294011479171
0,64.1924,2.390625,-0.2239048525572251
0,64.1924,2.39375,-0.22022335105473684
0,64.1924,2.396875,-0.2166455291159219
0,64.1924,2.4000000000000004,-0.2131685250562282
0,64.1924,2.403125,-0.2097895262580023
0,64.1924,2.40625,-0.20650577270221182
0,64.1924,2.409375,-0.20331455985010163
0,64.1924,2.4125,-0.20021324094614182
0,64.1924,2.4156250000000004,-0.19719922880721222
0,64.1924,2.41875,-0.194269997156982
0,64.1924,2.421875,-0.19142308155892074
0,64.1924,2.425,-0.18865607999626902
0,64.1924,2.428125,-0.18596665314259075
0,64.1924,2.4312500000000004,-0.1833525243622222
0,64.1924,2.434375,-0.18081147947597223
0,64.1924,2.4375,-0.17834136632382266
0,64.1924,2.440625,-0.17594009415308307
0,64.1924,2.44375,-0.17360563285745148
0,64.1924,2.4468750000000004,-0.1713360120897138
0,64.1924,2.45,-0.16912932026833766
0,64.1924,2.453125,-0.1669837034959834
0,64.1924,2.45625,-0.1648973644059294
0,64.1924,2.459375,-0.16286856095057722
0,64.1924,2.4625000000000004,-0.1608956051445611
0,64.1924,2.465625,-0.15897686177349407
0,64.1924,2.46875,-0.15711074707805445
0,64.1924,2.471875,-0.15529572742191708
0,64.1924,2.475,-0.15353031795095431
0,64.1924,2.4781250000000004,-0.15181308125017398
0,64.1924,2.48125,-0.15014262600399542
0,64.1924,2.484375,-0.14851760566469885
0,64.1924,2.4875,-0.14693671713319628
0,64.1924,2.490625,-0.14539869945565775
0,64.1924,2.4937500000000004,-0.1439023325389871
0,64.1924,2.496875,-0.1424464358876548
0,64.1924,2.5,-0.14102986736396972
0,64.1924,2.503125,-0.13965152197349387
0,64.1924,2.50625,-0.13831033067696571
0,64.1924,2.5093750000000004,-0.1370052592298081
0,64.1924,2.5125,-0.135735307050033
0,64.1924,2.515625,-0.1344995061151311
0,64.1924,2.51875,-0.13329691988833692
0,64.1924,2.521875,-0.13212664227448184
0,64.1924,2.5250000000000004,-0.1309877966055032
0,64.1924,2.528125,-0.12987953465554244
0,64.1924,2.53125,-0.12880103568545725
0,64.1924,2.534375,-0.1277515055164751
0,64.1924,2.5375,-0.1267301756326336
0,64.1924,2.5406250000000004,-0.12573630231158547
0,64.1924,2.54375,-0.1247691657832867
0,64.1924,2.546875,-0.12382806941604085
0,64.1924,2.55,-0.12291233892933234
0,64.1924,2.553125,-0.12202132163284982
0,64.1924,2.5562500000000004,-0.12115438569107793
0,64.1924,2.559375,-0.120310919412816
0,64.1924,2.5625,-0.11949033056496927
0,64.1924,2.565625,-0.11869204570995127
0,64.1924,2.56875,-0.11791550956602853
0,64.1924,2.5718750000000004,-0.11716018438994025
0,64.1924,2.575,-0.11642554938112537
0,64.1924,2.578125,-0.11571110010689424
0,64.1924,2.58125,-0.11501634794789098
0,64.1924,2.584375,-0.11434081956319636
0,64.1924,2.5875000000000004,-0.11368405637443572
0,64.1924,2.590625,-0.11304561406826344
0,64.1924,2.59375,-0.11242506211661149
0,64.1924,2.596875,-0.11182198331410012
0,64.1924,2.6,-0.11123597333202381
0,64.1924,2.6031250000000004,-0.11066664028833965
0,64.1924,2.60625,-0.11011360433309986
0,64.1924,2.609375,-0.10957649724878554
0,64.1924,2.6125,-0.10905496206501454
0,64.1924,2.615625,-0.10854865268711048
0,64.1924,2.6187500000000004,-0.10805723353803602
0,64.1924,2.621875,-0.10758037921320879
0,64.1924,2.625,-0.10711777414773302
0,64.1924,2.628125,-0.10666911229559614
0,64.1924,2.63125,-0.10623409682039299
0,64.1924,2.6343750000000004,-0.1058124397971558
0,64.1924,2.6375,-0.10540386192488171
0,64.1924,2.640625,-0.10500809224936442
0,64.1924,2.64375,-0.10462486789594996
0,64.1924,2.646875,-0.10425393381184937
0,64.1924,2.6500000000000004,-0.10389504251765512
0,64.1924,2.653125,-0.10354795386771952
0,64.1924,2.65625,-0.10321243481906744
0,64.1924,2.659375,-0.10288825920852587
0,64.1924,2.6625,-0.10257520753776572
0,64.1924,2.6656250000000004,-0.10227306676596186
0,64.1924,2.66875,-0.1019816301097887
0,64.1924,2.671875,-0.10170069685047861
0,64.1924,2.675,-0.1014300721476821
0,64.1924,2.678125,-0.10116956685987596
0,64.1924,2.6812500000000004,-0.10091899737107853
0,64.1924,2.684375,-0.10067818542363717
0,64.1924,2.6875,-0.10044695795686395
0,64.1924,2.690625,-0.10022514695130376
0,64.1924,2.69375,-0.10001258927842648
0,64.1924,2.6968750000000004,-0.0998091265555442
0,64.1924,2.7,-0.09961460500576061
0,64.1924,2.703125,-0.09942887532276806
0,64.1924,2.70625,-0.09925179254031512
0,64.1924,2.709375,-0.09908321590617311
0,64.1924,2.7125000000000004,-0.09892300876043814
0,64.1924,2.715625,-0.09877103841800985
0,64.1924,2.71875,-0.09862717605509606
0,64.1924,2.721875,-0.09849129659959693
0,64.1924,2.725,-0.09836327862522795
0,64.1924,2.7281250000000004,-0.09824300424924803
0,64.1924,2.73125,-0.09813035903366166
0,64.1924,2.734375,-0.09802523188977122
0,64.1924,2.7375,-0.09792751498596006
0,64.1924,2.740625,-0.09783710365858972
0,64.1924,2.7437500000000004,-0.09775389632590185
0,64.1924,2.746875,-0.0976777944048176
0,64.1924,2.75,-0.09760870223053228
0,64.1924,2.753125,-0.09754652697880666
0,64.1924,2.75625,-0.09749117859086037
0,64.1924,2.7593750000000004,-0.09744256970077617
0,64.1924,2.7625,-0.09740061556532756
0,64.1924,2.765625,-0.09736523399614566
0,64.1924,2.76875,-0.09733634529414398
0,64.1924,2.771875,-0.09731387218612354
0,64.1924,2.7750000000000004,-0.09729773976348333
0,64.1924,2.778125,-0.09728787542296356
0,64.1924,2.78125,-0.09728420880935347
0,64.1924,2.784375,-0.09728667176009517
0,64.1924,2.7875,-0.09729519825172178
0,64.1924,2.7906250000000004,-0.09730972434806558
0,64.1924,2.79375,-0.09733018815017848
0,64.1924,2.796875,-0.09735652974790732
0,64.1924,2.8,-0.09738869117306848
0,64.1924,2.803125,-0.09742661635416926
0,64.1924,2.8062500000000004,-0.09747025107262516
0,64.1924,2.809375,-0.09751954292042382
0,64.1924,2.8125,-0.09757444125918856
0,64.1924,2.815625,-0.0976348971805962
0,64.1924,2.81875,-0.09770086346810511
0,64.1924,2.8218750000000004,-0.09777229455995176
0,64.1924,2.825,-0.09784914651337545
0,64.1924,2.828125,-0.09793137697003138
0,64.1924,2.83125,-0.09801894512255567
0,64.1924,2.834375,-0.09811181168224498
0,64.1924,2.8375000000000004,-0.09820993884781737
0,64.1924,2.840625,-0.09831329027521937
0,64.1924,2.84375,-0.09842183104844822
0,64.1924,2.846875,-0.09853552765135755
0,64.1924,2.85,-0.09865434794041691
0,64.1924,2.8531250000000004,-0.09877826111839605
0,64.1924,2.85625,-0.09890723770894669
0,64.1924,2.859375,-0.09904124953205506
0,64.1924,2.8625,-0.09918026968033837
0,64.1924,2.865625,-0.09932427249616245
0,64.1924,2.8687500000000004,-0.09947323354955477
0,64.1924,2.871875,-0.09962712961689148
0,64.1924,2.875,-0.09978593866033528
0,64.1924,2.878125,-0.099949639808003
0,64.1924,2.88125,-0.10011821333484325
0,64.1924,2.8843750000000004,-0.10029164064420315
0,64.1924,2.8875,-0.10046990425006641
0,64.1924,2.890625,-0.10065298775994344
0,64.1924,2.89375,-0.10084087585839618
0,64.1924,2.896875,-0.10103355429118169
0,64.1924,2.9000000000000004,-0.10123100984999633
0,64.1924,2.903125,-0.10143323035780655
0,64.1924,2.90625,-0.10164020465475074
0,64.1924,2.909375,-0.10185192258459629
0,64.1924,2.9125,-0.1020683749817404
0,64.1924,2.9156250000000004,-0.10228955365873896
0,64.1924,2.91875,-0.1025154513943515
0,64.1924,2.921875,-0.10274606192209053
0,64.1924,2.925,-0.10298137991926117
0,64.1924,2.928125,-0.10322140099648208
0,64.1924,2.9312500000000004,-0.10346612168767515
0,64.1924,2.934375,-0.10371553944051345
0,64.1924,2.9375,-0.10396965260731858
0,64.1924,2.940625,-0.10422846043639497
0,64.1924,2.94375,-0.10449196306379535
0,64.1924,2.9468750000000004,-0.10476016150550493
0,64.1924,2.95,-0.105033057650038
0,64.1924,2.953125,-0.10531065425143823
0,64.1924,2.95625,-0.1055929549226734
0,64.1924,2.959375,-0.10587996412941955
0,64.1924,2.9625000000000004,-0.1061716871842241
0,64.1924,2.965625,-0.10646813024104437
0,64.1924,2.96875,-0.1067693002901522
0,64.1924,2.971875,-0.10707520515339991
0,64.1924,2.975,-0.10738585347984049
0,64.1924,2.9781250000000004,-0.10770125474169802
0,64.1924,2.98125,-0.10802141923068
0,64.1924,2.984375,-0.10834635805463017
0,64.1924,2.9875,-0.1086760831345126
0,64.1924,2.990625,-0.1090106072017264
0,64.1924,2.9937500000000004,-0.10934994379574384
0,64.1924,2.996875,-0.10969410726206853
0,64.1924,3.0,-0.11004311275051087
0,64.1924,3.0031250000000003,-0.11039697621377466
0,64.1924,3.00625,-0.11075571440635333
0,64.1924,3.009375,-0.1111193448837323
0,64.1924,3.0125,-0.11148788600189323
0,64.1924,3.015625,-0.11186135691711827
0,64.1924,3.0187500000000003,-0.11223977758609206
0,64.1924,3.021875,-0.11262316876629729
0,64.1924,3.025,-0.11301155201670392
0,64.1924,3.028125,-0.1134049496987483
0,64.1924,3.03125,-0.11380338497760005
0,64.1924,3.0343750000000003,-0.11420688182371765
0,64.1924,3.0375,-0.1146154650146874
0,64.1924,3.040625,-0.11502916013734794
0,64.1924,3.04375,-0.1154479935901968
0,64.1924,3.046875,-0.11587199258607966
0,64.1924,3.0500000000000003,-0.11630118515516029
0,64.1924,3.053125,-0.11673560014817137
0,64.1924,3.05625,-0.11717526723994519
0,64.1924,3.059375,-0.11762021693322519
0,64.1924,3.0625,-0.11807048056275579
0,64.1924,3.0656250000000003,-0.11852609029965379
0,64.1924,3.06875,-0.11898707915605845
0,64.1924,3.071875,-0.11945348099006321
0,64.1924,3.075,-0.1199253305109277
0,64.1924,3.078125,-0.12040266328457172
0,64.1924,3.0812500000000003,-0.1208855157393526
0,64.1924,3.084375,-0.12137392517212484
0,64.1924,3.0875,-0.12186792975458599
0,64.1924,3.090625,-0.12236756853990799
0,64.1924,3.09375,-0.12287288146965651
0,64.1924,3.0968750000000003,-0.12338390938099973
0,64.1924,3.1,-0.1239006940142078
0,64.1924,3.103125,-0.12442327802044685
0,64.1924,3.10625,-0.12495170496986693
0,64.1924,3.109375,-0.12548601935998793
0,64.1924,3.1125000000000003,-0.12602626662438654
0,64.1924,3.115625,-0.1265724931416843
0,64.1924,3.11875,-0.12712474624484313
0,64.1924,3.121875,-0.12768307423076738
0,64.1924,3.125,-0.12824752637021855
0,64.1924,3.1281250000000003,-0.12881815291804458
0,64.1924,3.13125,-0.12939500512372745
0,64.1924,3.134375,-0.12997813524225196
0,64.1924,3.1375,-0.13056759654530178
0,64.1924,3.140625,-0.13116344333278232
0,64.1924,3.1437500000000003,-0.13176573094468003
0,64.1924,3.146875,-0.13237451577325784
0,64.1924,3.15,-0.13298985527559362
0,64.1924,3.153125,-0.13361180798646582
0,64.1924,3.15625,-0.13424043353159007
0,64.1924,3.1593750000000003,-0.13487579264121372
0,64.1924,3.1625,-0.1355179471640712
0,64.1924,3.165625,-0.13616696008170845
0,64.1924,3.16875,-0.1368228955231779
0,64.1924,3.171875,-0.13748581878011418
0,64.1924,3.1750000000000003,-0.13815579632219396
0,64.1924,3.178125,-0.13883289581298533
0,64.1924,3.18125,-0.13951718612619646
0,64.1924,3.184375,-0.14020873736232614
0,64.1924,3.1875,-0.14090762086572556
0,64.1924,3.1906250000000003,-0.1416139092420779
0,64.1924,3.19375,-0.14232767637630173
0,64.1924,3.196875,-0.14304899745088748
0,64.1924,3.2,-0.14377794896467347
0,64.1924,3.203125,-0.14451460875206848
0,64.1924,3.2062500000000003,-0.14525905600273267
0,64.1924,3.209375,-0.14601137128171962
0,64.1924,3.2125,-0.14677163655009434
0,64.1924,3.215625,-0.14753993518603103
0,64.1924,3.21875,-0.1483163520064012
0,64.1924,3.2218750000000003,-0.1491009732888654
0,64.1924,3.225,-0.14989388679447077
0,64.1924,3.228125,-0.15069518179077163
0,64.1924,3.23125,-0.1515049490754793
0,64.1924,3.234375,-0.15232328100065198
0,64.1924,3.2375000000000003,-0.15315027149743768
0,64.1924,3.240625,-0.15398601610137874
0,64.1924,3.24375,-0.1548306119782916
0,64.1924,3.246875,-0.15568415795073176
0,64.1924,3.25,-0.15654675452505734
0,64.1924,3.2531250000000003,-0.15741850391910348
0,64.1924,3.25625,-0.15829951009047938
0,64.1924,3.259375,-0.1591898787655035
0,64.1924,3.2625,-0.16008971746878686
0,64.1924,3.265625,-0.16099913555348244
0,64.1924,3.2687500000000003,-0.16191824423221168
0,64.1924,3.271875,-0.1628471566086841
0,64.1924,3.275,-0.16378598771002598
0,64.1924,3.278125,-0.16473485451983236
0,64.1924,3.28125,-0.1656938760119581
0,64.1924,3.2843750000000003,-0.16666317318506546
0,64.1924,3.2875,-0.1676428690979452
0,64.1924,3.290625,-0.16863308890562734
0,64.1924,3.29375,-0.1696339598963003
0,64.1924,3.296875,-0.17064561152905572
0,64.1924,3.3000000000000003,-0.1716681754724801
0,64.1924,3.303125,-0.17270178564410962
0,64.1924,3.30625,-0.17374657825077006
0,64.1924,3.309375,-0.17480269182982178
0,64.1924,3.3125,-0.17587026729133054
0,64.1924,3.3156250000000003,-0.17694944796118647
0,64.1924,3.31875,-0.17804037962519148
0,64.1924,3.321875,-0.17914321057414218
0,64.1924,3.325,-0.1802580916499263
0,64.1924,3.328125,-0.1813851762926611
0,64.1924,3.3312500000000003,-0.18252462058889757
0,64.1924,3.334375,-0.1836765833209146
0,64.1924,3.3375,-0.184841226017132
0,64.1924,3.340625,-0.18601871300366618
0,64.1924,3.34375,-0.1872092114570605
0,64.1924,3.3468750000000003,-0.18841289145821527
0,64.1924,3.35,-0.18962992604754897
0,64.1924,3.353125,-0.1908604912814214
0,64.1924,3.35625,-0.19210476628984877
0,64.1924,3.359375,-0.1933629333355435
0,64.1924,3.3625000000000003,-0.19463517787431278
0,64.1924,3.365625,-0.195921688616849
0,64.1924,3.36875,-0.19722265759194846
0,64.1924,3.371875,-0.19853828021119344
0,64.1924,3.375,-0.1998687553351357
0,64.1924,3.3781250000000003,-0.201214285341021
0,64.1924,3.38125,-0.20257507619209142
0,64.1924,3.384375,-0.20395133750851094
0,64.1924,3.3875,-0.20534328263995297
0,64.1924,3.390625,-0.20675112873989296
0,64.1924,3.3937500000000003,-0.20817509684165575
0,64.1924,3.396875,-0.20961541193625796
0,64.1924,3.4000000000000004,-0.21107230305209926
0,64.1924,3.403125,-0.2125460033365445
0,64.1924,3.40625,-0.2140367501394572
0,64.1924,3.4093750000000003,-0.21554478509872768
0,64.1924,3.4125,-0.21707035422785517
0,64.1924,3.4156250000000004,-0.2186137080056409
0,64.1924,3.41875,-0.22017510146804492
0,64.1924,3.421875,-0.22175479430227255
0,64.1924,3.4250000000000003,-0.22335305094314784
0,64.1924,3.428125,-0.22497014067183826
0,64.1924,3.4312500000000004,-0.22660633771700128
0,64.1924,3.434375,-0.2282619213584129
0,64.1924,3.4375,-0.2299371760331563
0,64.1924,3.4406250000000003,-0.23163239144443964
0,64.1924,3.44375,-0.23334786267311677
0,64.1924,3.4468750000000004,-0.23508389029199586
0,64.1924,3.45,-0.23684078048300594
0,64.1924,3.453125,-0.2386188451573156
0,64.1924,3.4562500000000003,-0.24041840207848397
0,64.1924,3.459375,-0.2422397749887317
0,64.1924,3.4625000000000004,-0.2440832937384331
0,64.1924,3.465625,-0.24594929441891525
0,64.1924,3.46875,-0.24783811949867018
0,64.1924,3.4718750000000003,-0.24975011796308064
0,64.1924,3.475,-0.25168564545776406
0,64.1924,3.4781250000000004,-0.25364506443565077
0,64.1924,3.48125,-0.2556287443079035
0,64.1924,3.484375,-0.25763706159880323
0,64.1924,3.4875000000000003,-0.2596704001047206
0,64.1924,3.490625,-0.26172915105729994
0,64.1924,3.4937500000000004,-0.2638137132909933
0,64.1924,3.496875,-0.2659244934150731
0,64.1924,3.5,-0.2680619059902742
0,64.1924,3.5031250000000003,-0.27022637371020714
0,64.1924,3.50625,-0.2724183275876948
0,64.1924,3.5093750000000004,-0.2746382071462017
0,64.1924,3.5125,-0.2768864606165015
0,64.1924,3.515625,-0.2791635451387754
0,64.1924,3.5187500000000003,-0.28146992697030193
0,64.1924,3.521875,-0.28380608169892907
0,64.1924,3.5250000000000004,-0.28617249446252485
0,64.1924,3.528125,-0.2885696601745902
0,64.1924,3.53125,-0.2909980837562586
0,64.1924,3.5343750000000003,-0.2934582803748815
0,64.1924,3.5375,-0.29595077568942474
0,64.1924,3.5406250000000004,-0.2984761061029167
0,64.1924,3.54375,-0.3010348190221691
0,64.1924,3.546875,-0.30362747312503546
0,64.1924,3.5500000000000003,-0.3062546386354561
0,64.1924,3.553125,-0.30891689760655516
0,64.1924,3.5562500000000004,-0.3116148442120778
0,64.1924,3.559375,-0.31434908504644216
0,64.1924,3.5625,-0.31712023943371703
0,64.1924,3.5656250000000003,-0.31992893974582426
0,64.1924,3.56875,-0.3227758317302968
0,64.1924,3.5718750000000004,-0.325661574847923
0,64.1924,3.575,-0.3285868426206166
0,64.1924,3.578125,-0.33155232298988513
0,64.1924,3.5812500000000003,-0.3345587186862531
0,64.1924,3.584375,-0.3376067476100348
0,64.1924,3.5875000000000004,-0.34069714322385647
0,64.1924,3.590625,-0.3438306549573335
0,64.1924,3.59375,-0.34700804862433954
0,64.1924,3.5968750000000003,-0.3502301068533046
0,64.1924,3.6,-0.3534976295310019
0,64.1924,3.6031250000000004,-0.3568114342603042
0,64.1924,3.60625,-0.36017235683238474
0,64.1924,3.609375,-0.36358125171388905
0,64.1924,3.6125000000000003,-0.3670389925495844
0,64.1924,3.615625,-0.37054647268103247
0,64.1924,3.6187500000000004,-0.37410460568185144
0,64.1924,3.621875,-0.37771432591012405
0,64.1924,3.625,-0.3813765890785649
0,64.1924,3.6281250000000003,-0.38509237284303793
0,64.1924,3.63125,-0.3888626774100637
0,64.1924,3.6343750000000004,-0.3926885261639627
0,64.1924,3.6375,-0.3965709663142874
0,64.1924,3.640625,-0.40051106956423865
0,64.1924,3.6437500000000003,-0.4045099328007534
0,64.1924,3.646875,-0.4085686788069876
0,64.1924,3.6500000000000004,-0.4126884569979265
0,64.1924,3.653125,-0.4168704441798691
0,64.1924,3.65625,-0.4211158453345626
0,64.1924,3.6593750000000003,-0.42542589442875944
0,64.1924,3.6625,-0.42980185525000236
0,64.1924,3.6656250000000004,-0.4342450222694534
0,64.1924,3.66875,-0.4387567215325828
0,64.1924,3.671875,-0.44333831157857506
0,64.1924,3.6750000000000003,-0.44799118438928925
0,64.1924,3.678125,-0.4527167663686434
0,64.1924,3.6812500000000004,-0.45751651935330734
0,64.1924,3.684375,-0.462391941655565
0,64.1924,3.6875,-0.46734456913926076
0,64.1924,3.6906250000000003,-0.4723759763297053
0,64.1924,3.69375,-0.4774877775584579
0,64.1924,3.6968750000000004,-0.4826816281438823
0,64.1924,3.7,-0.4879592256083815
0,64.1924,3.703125,-0.49332231093322326
0,64.1924,3.7062500000000003,-0.4987726698518577
0,64.1924,3.709375,-0.5043121341826234
0,64.1924,3.7125000000000004,-0.5099425832017599
0,64.1924,3.715625,-0.5156659450575874
0,64.1924,3.71875,-0.521484198226773
0,64.1924,3.7218750000000003,-0.527399373013535
0,64.1924,3.725,-0.5334135530926616
0,64.1924,3.7281250000000004,-0.5395288770972215
0,64.1924,3.73125,-0.5457475402517736
0,64.1924,3.734375,-0.5520717960519761
0,64.1924,3.7375000000000003,-0.5585039579913683
0,64.1924,3.740625,-0.5650464013361881
0,64.1924,3.7437500000000004,-0.5717015649490366
0,64.1924,3.746875,-0.5784719531621858
0,64.1924,3.75,-0.585360137701373
0,64.1924,3.7531250000000003,-0.5923687596608677
0,64.1924,3.75625,-0.5995005315306486
0,64.1924,3.7593750000000004,-0.6067582392765237
0,64.1924,3.7625,-0.6141447444740195
0,64.1924,3.765625,-0.6216629864969341
0,64.1924,3.7687500000000003,-0.629315984761413
0,64.1924,3.771875,-0.6371068410264856
0,64.1924,3.7750000000000004,-0.6450387417520138
0,64.1924,3.778125,-0.6531149605150304
0,64.1924,3.78125,-0.6613388604855123
0,64.1924,3.7843750000000003,-0.6697138969626426
0,64.1924,3.7875,-0.67824361997266
0,64.1924,3.7906250000000004,-0.6869316769294425
0,64.1924,3.79375,-0.6957818153589422
0,64.1924,3.796875,-0.704797885688629
0,64.1924,3.8000000000000003,-0.7139838441030252
0,64.1924,3.803125,-0.7233437554663696
0,64.1924,3.8062500000000004,-0.7328817963133278
0,64.1924,3.809375,-0.7426022579084329
0,64.1924,3.8125,-0.7525095493747463
0,64.1924,3.8156250000000003,-0.7626082008917716
0,64.1924,3.81875,-0.7729028669622157
0,64.1924,3.8218750000000004,-0.7833983297465309
0,64.1924,3.825,-0.7940995024632954
0,64.1924,3.828125,-0.8050114328525229
0,64.1924,3.8312500000000003,-0.8161393066976241
0,64.1924,3.834375,-0.8274884514002032
0,64.1924,3.8375000000000004,-0.8390643395999662
0,64.1924,3.840625,-0.8508725928296911
0,64.1924,3.84375,-0.8629189851925708
0,64.1924,3.8468750000000003,-0.8752094470460065
0,64.1924,3.85,-0.8877500686722896
0,64.1924,3.8531250000000004,-0.9005471039123897
0,64.1924,3.85625,-0.9136069737341462
0,64.1924,3.859375,-0.9269362697007927
0,64.1924,3.8625000000000003,-0.9405417572994826
0,64.1924,3.865625,-0.9544303790826759
0,64.1924,3.8687500000000004,-0.9686092575676616
0,64.1924,3.871875,-0.9830856978310795
0,64.1924,3.875,-0.9978671897263267
0,64.1924,3.8781250000000003,-1.0129614096418194
0,64.1924,3.88125,-1.0283762217075774
0,64.1924,3.8843750000000004,-1.0441196783463933
0,64.1924,3.8875,-1.0602000200538608
0,64.1924,3.890625,-1.0766256742791886
0,64.1924,3.8937500000000003,-1.0934052532655623
0,64.1924,3.896875,-1.1105475506953542
0,64.1924,3.9000000000000004,-1.128061536971638
0,64.1924,3.903125,-1.1459563529530583
0,64.1924,3.90625,-1.1642413019447646
0,64.1924,3.9093750000000003,-1.1829258397333164
0,64.1924,3.9125,-1.202019562438721
0,64.1924,3.9156250000000004,-1.2215321919419517
0,64.1924,3.91875,-1.2414735586313894
0,64.1924,3.921875,-1.26185358119706
0,64.1924,3.9250000000000003,-1.282682243186832
0,64.1924,3.928125,-1.3039695660245285
0,64.1924,3.9312500000000004,-1.3257255781759214
0,64.1924,3.934375,-1.3479602801349178
0,64.1924,3.9375,-1.3706836048894835
0,64.1924,3.9406250000000003,-1.3939053735144888
0,64.1924,3.94375,-1.417635245527634
0,64.1924,3.9468750000000004,-1.4418826636348705
0,64.1924,3.95,-1.4666567924835434
0,64.1924,3.953125,-1.4919664510360129
0,64.1924,3.9562500000000003,-1.5178200381734805
0,64.1924,3.959375,-1.5442254511407856
0,64.1924,3.9625000000000004,-1.5711899964484086
0,64.1924,3.965625,-1.5987202928589583
0,64.1924,3.96875,-1.6268221661036786
0,64.1924,3.9718750000000003,-1.655500535000608
0,64.1924,3.975,-1.6847592886822964
0,64.1924,3.9781250000000004,-1.714601154688659
0,64.1924,3.98125,-1.7450275577414092
0,64.1924,3.984375,-1.7760384690929756
0,64.1924,3.9875000000000003,-1.8076322464362422
0,64.1924,3.990625,-1.839805464474471
0,64.1924,3.9937500000000004,-1.8725527363851275
0,64.1924,3.996875,-1.9058665265688586
0,64.1924,4.0,-1.9397369552578556
0,64.1924,4.003125000000001,-1.9741515957670073
0,64.1924,4.00625,-2.0090952654085554
0,64.1924,4.009375,-2.044549811356721
0,64.1924,4.0125,-2.0804938930422288
0,64.1924,4.015625,-2.1169027629792754
0,64.1924,4.018750000000001,-2.1537480482741906
0,64.1924,4.021875,-2.1909975354364
0,64.1924,4.025,-2.22861496150198
0,64.1924,4.028125,-2.2665598148824926
0,64.1924,4.03125,-2.3047871497617303
0,64.1924,4.034375000000001,-2.3432474182677723
0,64.1924,4.0375,-2.3818863250396625
0,64.1924,4.040625,-2.4206447091716567
0,64.1924,4.04375,-2.4594584588378
0,64.1924,4.046875,-2.498258464159976
0,64.1924,4.050000000000001,-2.5369706140605723
0,64.1924,4.053125,-2.5755158429181964
0,64.1924,4.05625,-2.6138102327967814
0,64.1924,4.059375,-2.6517651768213315
0,64.1924,4.0625,-2.6892876089065147
0,64.1924,4.065625000000001,-2.72628030448231
0,64.1924,4.06875,-2.762642256088342
0,64.1924,4.071875,-2.7982691267098443
0,64.1924,4.075,-2.833053782495278
0,64.1924,4.078125,-2.866886905032074
0,64.1924,4.081250000000001,-2.8996576816709183
0,64.1924,4.084375,-2.9312545705070594
0,64.1924,4.0875,-2.9615661345847197
0,64.1924,4.090625,-2.9904819377382763
0,64.1924,4.09375,-3.0178934922880942
0,64.1924,4.096875000000001,-3.0436952466435225
0,64.1924,4.1,-3.0677855988201226
0,64.1924,4.103125,-3.0900679200444983
0,64.1924,4.10625,-3.1104515710929874
0,64.1924,4.109375,-3.128852892883529
0,64.1924,4.112500000000001,-3.1451961521933254
0,64.1924,4.115625,-3.1594144232782035
0,64.1924,4.11875,-3.1714503866683543
0,64.1924,4.121875,-3.1812570275311414
0,64.1924,4.125,-3.1887982177188077
0,64.1924,4.128125000000001,-3.1940491679185845
0,64.1924,4.13125,-3.1969967391294984
0,64.1924,4.134375,-3.1976396059088597
0,64.1924,4.1375,-3.1959882673454048
0,64.1924,4.140625,-3.1920649053917414
0,64.1924,4.143750000000001,-3.1859030938826978
0,64.1924,4.146875,-3.1775473651348105
0,64.1924,4.15,-3.167052644327989
0,64.1924,4.153125,-3.1544835647915286
0,64.1924,4.15625,-3.1399136797515714
0,64.1924,4.159375000000001,-3.1234245879713947
0,64.1924,4.1625,-3.105104991983442
0,64.1924,4.165625,-3.0850497082572232
0,64.1924,4.16875,-3.063358648683996
0,64.1924,4.171875,-3.040135792226167
0,64.1924,4.175000000000001,-3.015488164540105
0,64.1924,4.178125,-2.989524841912802
0,64.1924,4.18125,-2.962355994046363
0,64.1924,4.184375,-2.9340919781756907
0,64.1924,4.1875,-2.904842494807582
0,64.1924,4.190625000000001,-2.8747158131173465
0,64.1924,4.19375,-2.843818071811605
0,64.1924,4.196875,-2.8122526591353467
0,64.1924,4.2,-2.78011967372573
0,64.1924,4.203125,-2.747515466235486
0,64.1924,4.206250000000001,-2.7145322600986654
0,64.1924,4.209375,-2.681257848503459
0,64.1924,4.2125,-2.6477753635781527
0,64.1924,4.215625,-2.614163112981445
0,64.1924,4.21875,-2.580494478502119
0,64.1924,4.221875000000001,-2.5468378708990906
0,64.1924,4.225,-2.5132567350243886
0,64.1924,4.228125,-2.479809599244596
0,64.1924,4.23125,-2.446550163283462
0,64.1924,4.234375,-2.4135274188215963
0,64.1924,4.237500000000001,-2.3807857974858715
0,64.1924,4.240625,-2.3483653412153895
0,64.1924,4.24375,-2.316301890383816
0,64.1924,4.246875,-2.2846272854719145
0,64.1924,4.25,-2.253369578502593
0,64.1924,4.253125000000001,-2.222553250865059
0,64.1924,4.25625,-2.192199434552597
0,64.1924,4.259375,-2.16232613421553
0,64.1924,4.2625,-2.1329484477828524
0,64.1924,4.265625,-2.104078783728533
0,64.1924,4.268750000000001,-2.075727073353996
0,64.1924,4.271875,-2.0479009767240997
0,64.1924,4.275,-2.0206060811334274
0,64.1924,4.278125,-1.9938460911946918
0,64.1924,4.28125,-1.9676230098323042
0,64.1924,4.284375000000001,-1.941937309636805
0,64.1924,4.2875,-1.9167880941896296
0,64.1924,4.290625,-1.8921732491063894
0,64.1924,4.29375,-1.868089582672363
0,64.1924,4.296875,-1.8445329560561252
0,64.1924,4.300000000000001,-1.821498403189828
0,64.1924,4.303125,-1.7989802404957227
0,64.1924,4.30625,-1.77697216672009
0,64.1924,4.309375,-1.7554673532077956
0,64.1924,4.3125,-1.7344585250117817
0,64.1924,4.315625000000001,-1.7139380332839942
0,64.1924,4.31875,-1.6938979194351875
0,64.1924,4.321875,-1.6743299715820166
0,64.1924,4.325,-1.65522577382081
0,64.1924,4.328125,-1.6365767488775806
0,64.1924,4.331250000000001,-1.618374194685625
0,64.1924,4.334375,-1.600609315434324
0,64.1924,4.3375,-1.5832732476177782
0,64.1924,4.340625,-1.5663570815907473
0,64.1924,4.34375,-1.5498518791125495
0,64.1924,4.346875000000001,-1.5337486873301809
0,64.1924,4.35,-1.5180385496198832
0,64.1924,4.353125,-1.5027125136744572
0,64.1924,4.35625,-1.487761637192986
0,64.1924,4.359375,-1.4731769915011799
0,64.1924,4.362500000000001,-1.4589496634066697
0,64.1924,4.365625,-1.445070755574112
0,64.1924,4.36875,-1.4315313856915295
0,64.1924,4.371875,-1.4183226846924606
0,64.1924,4.375,-1.4054357942977067
0,64.1924,4.378125000000001,-1.3928618641469952
0,64.1924,4.38125,-1.3805920488029668
0,64.1924,4.384375,-1.3686175049275828
0,64.1924,4.3875,-1.3569293889531158
0,64.1924,4.390625,-1.3455188555938118
0,64.1924,4.393750000000001,-1.3343770575693858
0,64.1924,4.396875,-1.3234951469337655
0,64.1924,4.4,-1.31286427841985
0,64.1924,4.403125,-1.3024756152200327
0,64.1924,4.40625,-1.2923203376185526
0,64.1924,4.409375000000001,-1.282389654872829
0,64.1924,4.4125,-1.272674820702017
0,64.1924,4.415625,-1.2631671526795374
0,64.1924,4.41875,-1.2538580557397447
0,64.1924,4.421875,-1.2447390498952335
0,64.1924,4.425000000000001,-1.2358018021215014
0,64.1924,4.428125,-1.227038162200881
0,64.1924,4.43125,-1.2184402021326561
0,64.1924,4.434375,-1.210000258517669
0,64.1924,4.4375,-1.2017109771221155
0,64.1924,4.440625000000001,-1.1935653586288415
0,64.1924,4.44375,-1.1855568044075582
0,64.1924,4.446875,-1.177679160992391
0,64.1924,4.45,-1.1699267618600155
0,64.1924,4.453125,-1.1622944650660352
0,64.1924,4.456250000000001,-1.1547776853314062
0,64.1924,4.459375,-1.147372419279177
0,64.1924,4.4625,-1.1400752627048183
0,64.1924,4.465625,-1.1328834190152755
0,64.1924,4.46875,-1.125794698280089
0,64.1924,4.471875000000001,-1.118807506686502
0,64.1924,4.475,-1.111920826557478
0,64.1924,4.478125,-1.1051341874545095
0,64.1924,4.48125,-1.098447629222942
0,64.1924,4.484375,-1.091861658124822
0,64.1924,4.487500000000001,-1.0853771974269926
0,64.1924,4.490625,-1.078995533958269
0,64.1924,4.49375,-1.0727182622143971
0,64.1924,4.496875,-1.0665472275746606
0,64.1924,4.5,-1.0604844701060188
0,64.1924,4.503125000000001,-1.054532170282062
0,64.1924,4.50625,-1.048692597749002
0,64.1924,4.509375,-1.0429680640460977
0,64.1924,4.5125,-1.037360879949583
0,64.1924,4.515625,-1.0318733178717663
0,64.1924,4.518750000000001,-1.0265075795235927
0,64.1924,4.521875,-1.021265768848593
0,64.1924,4.525,-1.0161498700655185
0,64.1924,4.528125,-1.0111617305195766
0,64.1924,4.53125,-1.0063030479384483
0,64.1924,4.534375000000001,-1.0015753616183483
0,64.1924,4.5375,-0.9969800470238678
0,64.1924,4.540625,-0.9925183132695354
0,64.1924,4.54375,-0.9881912029564786
0,64.1924,4.546875,-0.983999593859366
0,64.1924,4.550000000000001,-0.979944201993122
0,64.1924,4.553125,-0.9760255856312359
0,64.1924,4.55625,-0.9722441498948197
0,64.1924,4.559375,-0.9686001515810787
0,64.1924,4.5625,-0.9650937039491689
0,64.1924,4.565625000000001,-0.9617247812293177
0,64.1924,4.56875,-0.9584932226661443
0,64.1924,4.571875,-0.9553987359488967
0,64.1924,4.575,-0.9524408999195344
0,64.1924,4.578125,-0.9496191664839637
0,64.1924,4.581250000000001,-0.9469328616828219
0,64.1924,4.584375,-0.9443811859058987
0,64.1924,4.5875,-0.9419632132592372
0,64.1924,4.590625,-0.939677890116506
0,64.1924,4.59375,-0.9375240329066539
0,64.1924,4.596875000000001,-0.9355003252088084
0,64.1924,4.6,-0.9336053142428858
0,64.1924,4.603125,-0.9318374068609425
0,64.1924,4.60625,-0.9301948651600183
0,64.1924,4.609375,-0.9286758018521329
0,64.1924,4.612500000000001,-0.9272781755413722
0,64.1924,4.615625,-0.9259997860713691
0,64.1924,4.61875,-0.9248382701188521
0,64.1924,4.621875,-0.9237910972200152
0,64.1924,4.625,-0.9228555664257796
0,64.1924,4.628125000000001,-0.9220288037892209
0,64.1924,4.63125,-0.9213077608929147
0,64.1924,4.634375,-0.9206892146251143
0,64.1924,4.6375,-0.9201697684110515
0,64.1924,4.640625,-0.9197458550984802
0,64.1924,4.643750000000001,-0.9194137416845333
0,64.1924,4.646875,-0.919169536053492
0,64.1924,4.65,-0.9190091958719723
0,64.1924,4.653125,-0.9189285397592313
0,64.1924,4.65625,-0.9189232608158824
0,64.1924,4.659375000000001,-0.9189889425547845
0,64.1924,4.6625,-0.9191210772337706
0,64.1924,4.665625,-0.9193150865422752
0,64.1924,4.66875,-0.9195663445438468
0,64.1924,4.671875,-0.9198702027254196
0,64.1924,4.675000000000001,-0.9202220169535121
0,64.1924,4.678125,-0.9206171760886852
0,64.1924,4.68125,-0.921051131964134
0,64.1924,4.684375,-0.921519430393379
0,64.1924,4.6875,-0.922017742836784
0,64.1924,4.690625000000001,-0.9225418983276874
0,64.1924,4.69375,-0.9230879152366858
0,64.1924,4.696875,-0.9236520324370409
0,64.1924,4.7,-0.9242307394250221
0,64.1924,4.703125,-0.9248208049456977
0,64.1924,4.706250000000001,-0.9254193036766648
0,64.1924,4.709375,-0.9260236405288366
0,64.1924,4.7125,-0.9266315721342723
0,64.1924,4.715625,-0.9272412251058917
0,64.1924,4.71875,-0.9278511106729408
0,64.1924,4.721875000000001,-0.9284601353195998
0,64.1924,4.725,-0.9290676070829488
0,64.1924,4.728125,-0.9296732372013253
0,64.1924,4.73125,-0.9302771368458693
0,64.1924,4.734375,-0.9308798087172925
0,64.1924,4.737500000000001,-0.9314821333469805
0,64.1924,4.740625,-0.9320853500061723
0,64.1924,4.74375,-0.9326910321984335
0,64.1924,4.746875,-0.9333010577875053
0,64.1924,4.75,-0.9339175738930134
0,64.1924,4.753125000000001,-0.9345429567681843
0,64.1924,4.75625,-0.9351797669541084
0,64.1924,4.759375,-0.9358307000818648
0,64.1924,4.7625,-0.9364985337647215
0,64.1924,4.765625,-0.9371860710860392
0,64.1924,4.768750000000001,-0.9378960812432906
0,64.1924,4.771875,-0.9386312379545003
0,64.1924,4.775,-0.93939405627076
0,64.1924,4.778125,-0.9401868284683765
0,64.1924,4.78125,-0.9410115597183202
0,64.1924,4.784375000000001,-0.9418699042508848
0,64.1924,4.7875,-0.9427631027520679
0,64.1924,4.790625,-0.9436919217469386
0,64.1924,4.79375,-0.9446565957459285
0,64.1924,4.796875,-0.9456567729532613
0,64.1924,4.800000000000001,-0.94669146536267
0,64.1924,4.803125,-0.9477590040928977
0,64.1924,4.80625,-0.948857000841763
0,64.1924,4.809375,-0.9499823163589255
0,64.1924,4.8125,-0.9511310368488582
0,64.1924,4.815625000000001,-0.9522984592105264
0,64.1924,4.81875,-0.9534790859920079
0,64.1924,4.821875,-0.9546666308792986
0,64.1924,4.825,-0.9558540354420635
0,64.1924,4.828125,-0.9570334977193875
0,64.1924,4.831250000000001,-0.9581965130421847
0,64.1924,4.834375,-0.9593339272554707
0,64.1924,4.8375,-0.9604360022267089
0,64.1924,4.840625,-0.9614924932137963
0,64.1924,4.84375,-0.9624927373306206
0,64.1924,4.846875000000001,-0.9634257520060032
0,64.1924,4.85,-0.964280342003232
0,64.1924,4.853125,-0.9650452132734109
0,64.1924,4.85625,-0.9657090916773114
0,64.1924,4.859375,-0.966260844444968
0,64.1924,4.862500000000001,-0.9666896021624507
0,64.1924,4.865625,-0.9669848790866048
0,64.1924,4.86875,-0.9671366896885243
0,64.1924,4.871875,-0.9671356595046501
0,64.1924,4.875,-0.9669731286133033
0,64.1924,4.878125000000001,-0.9666412463319922
0,64.1924,4.88125,-0.9661330560229663
0,64.1924,4.884375,-0.9654425691780867
0,64.1924,4.8875,-0.9645648282100535
0,64.1924,4.890625,-0.9634959575919956
0,64.1924,4.893750000000001,-0.9622332031553312
0,64.1924,4.896875,-0.9607749594774853
0,64.1924,4.9,-0.9591207853736634
0,64.1924,4.903125,-0.957271407561954
0,64.1924,4.90625,-0.9552287126122948
0,64.1924,4.909375000000001,-0.9529957273312769
0,64.1924,4.9125,-0.9505765877882045
0,64.1924,4.915625,-0.9479764972619653
0,64.1924,4.91875,-0.9452016734874719
0,64.1924,4.921875,-0.9422592857045528
0,64.1924,4.925000000000001,-0.9391573821572377
0,64.1924,4.928125,-0.9359048088496442
0,64.1924,4.93125,-0.9325111205265353
0,64.1924,4.934375,-0.9289864850011026
0,64.1924,4.9375,-0.9253415820886361
0,64.1924,4.940625000000001,-0.9215874985129747
0,64.1924,4.94375,-0.9177356202248186
0,64.1924,4.946875,-0.9137975236020537
0,64.1924,4.95,-0.9097848669896937
0,64.1924,4.953125,-0.9057092839812032
0,64.1924,4.956250000000001,-0.9015822797472892
0,64.1924,4.959375,-0.8974151315879938
0,64.1924,4.9625,-0.8932187947265401
0,64.1924,4.965625,-0.8890038141874231
0,64.1924,4.96875,-0.884780243415398
0,64.1924,4.971875000000001,-0.8805575701056048
0,64.1924,4.975,-0.876344649535824
0,64.1924,4.978125,-0.8721496455272755
0,64.1924,4.98125,-0.867979979016027
0,64.1924,4.984375,-0.8638422840970543
0,64.1924,4.987500000000001,-0.8597423713101405
0,64.1924,4.990625,-0.8556851978718016
0,64.1924,4.99375,-0.8516748445201681
0,64.1924,4.996875,-0.8477144986285673
0,64.1924,5.0,-0.8438064432557087
0,64.1924,5.003125,-0.8399520518328625
0,64.1924,5.0062500000000005,-0.8361517882369509
0,64.1924,5.009375,-0.832405212059094
0,64.1924,5.0125,-0.8287109889462244
0,64.1924,5.015625,-0.8250669059644761
0,64.1924,5.01875,-0.8214698920026304
0,64.1924,5.0218750000000005,-0.817916043297626
0,64.1924,5.025,-0.8144006542179223
0,64.1924,5.028125,-0.8109182534803879
0,64.1924,5.03125,-0.8074626459990377
0,64.1924,5.034375,-0.8040269605661339
0,64.1924,5.0375000000000005,-0.8006037035456437
0,64.1924,5.040625,-0.7971848187138401
0,64.1924,5.04375,-0.7937617533110295
0,64.1924,5.046875,-0.7903255302719989
0,64.1924,5.05,-0.7868668264816794
0,64.1924,5.0531250000000005,-0.7833760567590733
0,64.1924,5.05625,-0.7798434631100819
0,64.1924,5.059375,-0.776259208613221
0,64.1924,5.0625,-0.7726134751174614
0,64.1924,5.065625,-0.7688965637455087
0,64.1924,5.0687500000000005,-0.7650989970170315
0,64.1924,5.071875,-0.7612116212431926
0,64.1924,5.075,-0.757225707705319
0,64.1924,5.078125,-0.7531330510255004
0,64.1924,5.08125,-0.7489260630731468
0,64.1924,5.0843750000000005,-0.7445978607360029
0,64.1924,5.0875,-0.7401423459217332
0,64.1924,5.090625,-0.7355542762496508
0,64.1924,5.09375,-0.7308293250418526
0,64.1924,5.096875,-0.7259641294260564
0,64.1924,5.1000000000000005,-0.7209563256136242
0,64.1924,5.103125,-0.715804570707198
0,64.1924,5.10625,-0.7105085507125446
0,64.1924,5.109375,-0.7050689747661035
0,64.1924,5.1125,-0.699487555929437
0,64.1924,5.1156250000000005,-0.6937669792300186
0,64.1924,5.11875,-0.6879108579304389
0,64.1924,5.121875,-0.6819236792721312
0,64.1924,5.125,-0.6758107411541099
0,64.1924,5.128125,-0.6695780813632657
0,64.1924,5.1312500000000005,-0.66323240106519
0,64.1924,5.134375,-0.6567809842913166
0,64.1924,5.1375,-0.6502316151210367
0,64.1924,5.140625,-0.6435924941618116
0,64.1924,5.14375,-0.6368721557845032
0,64.1924,5.1468750000000005,-0.6300793873866326
0,64.1924,5.15,-0.6232231517459561
0,64.1924,5.153125,-0.6163125133047282
0,64.1924,5.15625,-0.6093565690051036
0,64.1924,5.159375,-0.6023643840907019
0,64.1924,5.1625000000000005,-0.5953449331087746
0,64.1924,5.165625,-0.5883070461986771
0,64.1924,5.16875,-0.5812593606390624
0,64.1924,5.171875,-0.5742102775484512
0,64.1924,5.175,-0.5671679235880739
0,64.1924,5.1781250000000005,-0.5601401174964874
0,64.1924,5.18125,-0.5531343412847318
0,64.1924,5.184375,-0.5461577159307011
0,64.1924,5.1875,-0.539216981424436
0,64.1924,5.190625,-0.532318481025751
0,64.1924,5.1937500000000005,-0.5254681495978275
0,64.1924,5.196875,-0.51867150587282
0,64.1924,5.2,-0.5119336484879653
0,64.1924,5.203125,-0.5052592556049204
0,64.1924,5.20625,-0.49865258789359806
0,64.1924,5.2093750000000005,-0.4921174946283441
0,64.1924,5.2125,-0.485657422612195
0,64.1924,5.215625,-0.47927542761733954
0,64.1924,5.21875,-0.47297418800929764
0,64.1924,5.221875,-0.46675602021004436
0,64.1924,5.2250000000000005,-0.4606228956522449
0,64.1924,5.228125,-0.4545764588826087
0,64.1924,5.23125,-0.4486180464863306
0,64.1924,5.234375,-0.44274870652553017
0,64.1924,5.2375,-0.43696921821074325
0,64.1924,5.2406250000000005,-0.43128011155449225
0,64.1924,5.24375,-0.42568168678802343
0,64.1924,5.246875,-0.42017403335502734
0,64.1924,5.25,-0.4147570483284959
0,64.1924,5.253125,-0.40943045412760226
0,64.1924,5.2562500000000005,-0.4041938154401437
0,64.1924,5.259375,-0.3990465552820564
0,64.1924,5.2625,-0.3939879701485066
0,64.1924,5.265625,-0.38901724423113576
0,64.1924,5.26875,-0.38413346269298576
0,64.1924,5.2718750000000005,-0.3793356240068352
0,64.1924,5.275,-0.3746226513741799
0,64.1924,5.278125,-0.3699934032511796
0,64.1924,5.28125,-0.3654466830149223
0,64.1924,5.284375,-0.3609812478084332
0,64.1924,5.2875000000000005,-0.3565958166064333
0,64.1924,5.290625,-0.3522890775460421
0,64.1924,5.29375,-0.34805969456771635
0,64.1924,5.296875,-0.3439063134119469
0,64.1924,5.3,-0.33982756701670935
0,64.1924,5.3031250000000005,-0.33582208035960875
0,64.1924,5.30625,-0.33188847478720035
0,64.1924,5.309375,-0.32802537187214625
0,64.1924,5.3125,-0.3242313968369326
0,64.1924,5.315625,-0.32050518158069374
0,64.1924,5.3187500000000005,-0.3168453673435312
0,64.1924,5.321875,-0.31325060704048835
0,64.1924,5.325,-0.3097195672951421
0,64.1924,5.328125,-0.30625093020064564
0,64.1924,5.33125,-0.30284339483395883
0,64.1924,5.3343750000000005,-0.29949567854702597
0,64.1924,5.3375,-0.2962065180567714
0,64.1924,5.340625,-0.29297467035397684
0,64.1924,5.34375,-0.28979891344945385
0,64.1924,5.346875,-0.2866780469743234
0,64.1924,5.3500000000000005,-0.2836108926497625
0,64.1924,5.353125,-0.28059629464022307
0,64.1924,5.35625,-0.27763311980284305
0,64.1924,5.359375,-0.27472025784464543
0,64.1924,5.3625,-0.2718566213980108
0,64.1924,5.3656250000000005,-0.2690411460239492
0,64.1924,5.36875,-0.2662727901517864
0,64.1924,5.371875,-0.2635505349630414
0,64.1924,5.375,-0.2608733842265438
0,64.1924,5.378125,-0.25824036409111345
0,64.1924,5.3812500000000005,-0.255650522841525
0,64.1924,5.384375,-0.25310293062288947
0,64.1924,5.3875,-0.2505966791380638
0,64.1924,5.390625,-0.24813088132223857
0,64.1924,5.39375,-0.24570467099840668
0,64.1924,5.3968750000000005,-0.24331720251703387
0,64.1924,5.4,-0.24096765038290063
0,64.1924,5.403125,-0.23865520887175004
0,64.1924,5.40625,-0.23637909163910895
0,64.1924,5.409375,-0.23413853132336515
0,64.1924,5.4125000000000005,-0.23193277914495772
0,64.1924,5.415625,-0.22976110450332535
0,64.1924,5.41875,-0.2276227945730508
0,64.1924,5.421875,-0.22551715390048668
0,64.1924,5.425,-0.2234435040019712
0,64.1924,5.4281250000000005,-0.22140118296461167
0,64.1924,5.43125,-0.21938954505048733
0,64.1924,5.434375,-0.21740796030499768
0,64.1924,5.4375,-0.21545581417000056
0,64.1924,5.440625,-0.21353250710227054
0,64.1924,5.4437500000000005,-0.21163745419773966
0,64.1924,5.446875,-0.2097700848219089
0,64.1924,5.45,-0.20792984224673788
0,64.1924,5.453125,-0.20611618329428844
0,64.1924,5.45625,-0.20432857798731816
0,64.1924,5.4593750000000005,-0.20256650920699043
0,64.1924,5.4625,-0.20082947235782267
0,64.1924,5.465625,-0.19911697503994963
0,64.1924,5.46875,-0.19742853672876282
0,64.1924,5.471875,-0.19576368846194014
0,64.1924,5.4750000000000005,-0.1941219725338692
0,64.1924,5.478125,-0.19250294219743797
0,64.1924,5.48125,-0.19090616137314506
0,64.1924,5.484375,-0.1893312043654792
0,64.1924,5.4875,-0.1877776555864825
0,64.1924,5.4906250000000005,-0.18624510928641677
0,64.1924,5.49375,-0.1847331692914345
0,64.1924,5.496875,-0.1832414487481411
0,64.1924,5.5,-0.18176956987494405
0,64.1924,5.503125,-0.1803171637200591
0,64.1924,5.5062500000000005,-0.17888386992605146
0,64.1924,5.509375,-0.17746933650078264
0,64.1924,5.5125,-0.17607321959462396
0,64.1924,5.515625,-0.1746951832838081
0,64.1924,5.51875,-0.17333489935977475
0,64.1924,5.5218750000000005,-0.1719920471243756
0,64.1924,5.525,-0.170666313190798
0,64.1924,5.528125,-0.16935739129006563
0,64.1924,5.53125,-0.16806498208298215
0,64.1924,5.534375,-0.1667887929773758
0,64.1924,5.5375000000000005,-0.1655285379505093
0,64.1924,5.540625,-0.1642839373765212
0,64.1924,5.54375,-0.16305471785875836
0,64.1924,5.546875,-0.16184061206687814
0,64.1924,5.55,-0.16064135857857997
0,64.1924,5.5531250000000005,-0.1594567017258445
0,64.1924,5.55625,-0.1582863914455535
0,64.1924,5.559375,-0.15713018313436547
0,64.1924,5.5625,-0.1559878375077299
0,64.1924,5.565625,-0.15485912046291886
0,64.1924,5.5687500000000005,-0.1537438029459625
0,64.1924,5.571875,-0.15264166082237648
0,64.1924,5.575,-0.1515524747515666
0,64.1924,5.578125,-0.1504760300648101
0,64.1924,5.58125,-0.1494121166467037
0,64.1924,5.5843750000000005,-0.14836052881997794
0,64.1924,5.5875,-0.14732106523358063
0,64.1924,5.590625,-0.14629352875392704
0,64.1924,5.59375,-0.14527772635922967
0,64.1924,5.596875,-0.1442734690368114
0,64.1924,5.6000000000000005,-0.1432805716833139
0,64.1924,5.603125,-0.14229885300771697
0,64.1924,5.60625,-0.14132813543708028
0,64.1924,5.609375,-0.14036824502493142
0,64.1924,5.6125,-0.1394190113622167
0,64.1924,5.6156250000000005,-0.13848026749073958
0,64.1924,5.61875,-0.13755184981901286
0,64.1924,5.621875,-0.13663359804044908
0,64.1924,5.625,-0.13572535505382252
0,64.1924,5.628125,-0.13482696688593238
0,64.1924,5.6312500000000005,-0.13393828261640184
0,64.1924,5.634375,-0.1330591543045489
0,64.1924,5.6375,-0.13218943691826554
0,64.1924,5.640625,-0.1313289882648469
0,64.1924,5.64375,-0.13047766892371152
0,64.1924,5.6468750000000005,-0.12963534218095454
0,64.1924,5.65,-0.1288018739656819
0,64.1924,5.653125,-0.12797713278806822
0,64.1924,5.65625,-0.12716098967909162
0,64.1924,5.659375,-0.12635331813189185
0,64.1924,5.6625000000000005,-0.12555399404470527
0,64.1924,5.665625,-0.12476289566532973
0,64.1924,5.66875,-0.12397990353707201
0,64.1924,5.671875,-0.12320490044613767
0,64.1924,5.675,-0.12243777137041624
0,64.1924,5.6781250000000005,-0.12167840342962448
0,64.1924,5.68125,-0.12092668583676562
0,64.1924,5.684375,-0.12018250985086494
0,64.1924,5.6875,-0.11944576873094734
0,64.1924,5.690625,-0.11871635769121777
0,64.1924,5.6937500000000005,-0.11799417385741028
0,64.1924,5.696875,-0.11727911622427262
0,64.1924,5.7,-0.11657108561415105
0,64.1924,5.703125,-0.11586998463664529
0,64.1924,5.70625,-0.1151757176493031
0,64.1924,5.7093750000000005,-0.11448819071932138
0,64.1924,5.7125,-0.11380731158622968
0,64.1924,5.715625,-0.11313298962552168
0,64.1924,5.71875,-0.11246513581321371
0,64.1924,5.721875,-0.11180366269129917
0,64.1924,5.7250000000000005,-0.11114848433407594
0,64.1924,5.728125,-0.11049951631532057
0,64.1924,5.73125,-0.1098566756762854
0,64.1924,5.734375,-0.1092198808944958
0,64.1924,5.7375,-0.10858905185332514
0,64.1924,5.7406250000000005,-0.10796410981232409
0,64.1924,5.74375,-0.10734497737828547
0,64.1924,5.746875,-0.1067315784770209
0,64.1924,5.75,-0.1061238383258329
0,64.1924,5.753125,-0.10552168340665995
0,64.1924,5.7562500000000005,-0.1049250414398781
0,64.1924,5.759375,-0.10433384135873992
0,64.1924,5.7625,-0.10374801328443248
0,64.1924,5.765625,-0.10316748850173862
0,64.1924,5.76875,-0.10259219943528525
0,64.1924,5.7718750000000005,-0.10202207962636005
0,64.1924,5.775,-0.10145706371028503
0,64.1924,5.778125,-0.10089708739432697
0,64.1924,5.78125,-0.10034208743613503
0,64.1924,5.784375,-0.09979200162268768
0,64.1924,5.7875000000000005,-0.09924676874973704
0,64.1924,5.790625,-0.09870632860173692
0,64.1924,5.79375,-0.09817062193224031
0,64.1924,5.796875,-0.09763959044475642
0,64.1924,5.800000000000001,-0.09711317677405189
0,64.1924,5.8031250000000005,-0.09659132446788771
0,64.1924,5.80625,-0.09607397796917651
0,64.1924,5.809375,-0.09556108259855256
0,64.1924,5.8125,-0.09505258453734164
0,64.1924,5.815625000000001,-0.09454843081092079
0,64.1924,5.8187500000000005,-0.09404856927245828
0,64.1924,5.821875,-0.09355294858702241
0,64.1924,5.825,-0.09306151821605108
0,64.1924,5.828125,-0.09257422840217229
0,64.1924,5.831250000000001,-0.09209103015436573
0,64.1924,5.8343750000000005,-0.09161187523345866
0,64.1924,5.8375,-0.09113671613794416
0,64.1924,5.840625,-0.09066550609011703
0,64.1924,5.84375,-0.09019819902251724
0,64.1924,5.846875000000001,-0.08973474956467306
0,64.1924,5.8500000000000005,-0.08927511303013788
0,64.1924,5.853125,-0.08881924540381053
0,64.1924,5.85625,-0.08836710332953458
0,64.1924,5.859375,-0.08791864409796872
0,64.1924,5.862500000000001,-0.08747382563472049
0,64.1924,5.8656250000000005,-0.08703260648873837
0,64.1924,5.86875,-0.08659494582095419
0,64.1924,5.871875,-0.08616080339317102
0,64.1924,5.875,-0.0857301395571895
0,64.1924,5.878125000000001,-0.0853029152441675
0,64.1924,5.8812500000000005,-0.08487909195420673
0,64.1924,5.884375,-0.08445863174616039
0,64.1924,5.8875,-0.08404149722765826
0,64.1924,5.890625,-0.08362765154534135
0,64.1924,5.893750000000001,-0.08321705837530322
0,64.1924,5.8968750000000005,-0.0828096819137323
0,64.1924,5.9,-0.08240548686774865
0,64.1924,5.903125,-0.08200443844643383
0,64.1924,5.90625,-0.08160650235204615
0,64.1924,5.909375000000001,-0.08121164477141832
0,64.1924,5.9125000000000005,-0.08081983236753372
0,64.1924,5.915625,-0.08043103227127464
0,64.1924,5.91875,-0.08004521207334159
0,64.1924,5.921875,-0.07966233981633684
0,64.1924,5.925000000000001,-0.07928238398701043
0,64.1924,5.9281250000000005,-0.07890531350866367
0,64.1924,5.93125,-0.07853109773370592
0,64.1924,5.934375,-0.07815970643636272
0,64.1924,5.9375,-0.07779110980553097
0,64.1924,5.940625000000001,-0.07742527843777663
0,64.1924,5.9437500000000005,-0.07706218333047402
0,64.1924,5.946875,-0.07670179587508037
0,64.1924,5.95,-0.07634408785054589
0,64.1924,5.953125,-0.07598903141685345
0,64.1924,5.956250000000001,-0.07563659910868652
0,64.1924,5.9593750000000005,-0.07528676382922207
0,64.1924,5.9625,-0.07493949884404467
0,64.1924,5.965625,-0.0745947777751808
0,64.1924,5.96875,-0.07425257459524913
0,64.1924,5.971875000000001,-0.07391286362172479
0,64.1924,5.9750000000000005,-0.0735756195113154
0,64.1924,5.978125,-0.07324081725444506
0,64.1924,5.98125,-0.07290843216984562
0,64.1924,5.984375,-0.0725784398992518
0,64.1924,5.987500000000001,-0.07225081640219762
0,64.1924,5.9906250000000005,-0.07192553795091297
0,64.1924,5.99375,-0.07160258112531696
0,64.1924,5.996875,-0.07128192280810651
0,64.1924,6.0,-0.07096354017993826
