"Current","Field","Frequency","Spectra"
0,41.9517,1.0,-0.02152758688276772
0,41.9517,1.003125,-0.021587054672503547
0,41.9517,1.00625,-0.021646831510543935
0,41.9517,1.009375,-0.02170691995683257
0,41.9517,1.0125,-0.021767322600614564
0,41.9517,1.015625,-0.021828042060857464
0,41.9517,1.01875,-0.02188908098667953
0,41.9517,1.021875,-0.021950442057785263
0,41.9517,1.025,-0.0220121279849084
0,41.9517,1.028125,-0.02207414151026266
0,41.9517,1.03125,-0.022136485408000013
0,41.9517,1.034375,-0.022199162484677137
0,41.9517,1.0375,-0.022262175579729756
0,41.9517,1.040625,-0.02232552756595523
0,41.9517,1.04375,-0.022389221350003756
0,41.9517,1.046875,-0.022453259872877832
0,41.9517,1.05,-0.022517646110440714
0,41.9517,1.053125,-0.022582383073933662
0,41.9517,1.05625,-0.022647473810502285
0,41.9517,1.059375,-0.022712921403732274
0,41.9517,1.0625,-0.022778728974194445
0,41.9517,1.065625,-0.02284489967999962
0,41.9517,1.06875,-0.022911436717363197
0,41.9517,1.071875,-0.022978343321179883
0,41.9517,1.075,-0.023045622765608682
0,41.9517,1.078125,-0.02311327836466833
0,41.9517,1.08125,-0.023181313472843437
0,41.9517,1.084375,-0.023249731485701544
0,41.9517,1.0875,-0.023318535840521303
0,41.9517,1.090625,-0.023387730016932007
0,41.9517,1.09375,-0.023457317537564817
0,41.9517,1.096875,-0.023527301968715678
0,41.9517,1.1,-0.023597686921020468
0,41.9517,1.103125,-0.023668476050142415
0,41.9517,1.10625,-0.02373967305747217
0,41.9517,1.109375,-0.023811281690840645
0,41.9517,1.1125,-0.02388330574524515
0,41.9517,1.115625,-0.02395574906358878
0,41.9517,1.11875,-0.024028615537433653
0,41.9517,1.121875,-0.024101909107768008
0,41.9517,1.125,-0.024175633765787706
0,41.9517,1.128125,-0.024249793553692247
0,41.9517,1.13125,-0.02432439256549575
0,41.9517,1.134375,-0.024399434947853092
0,41.9517,1.1375,-0.024474924900901713
0,41.9517,1.140625,-0.024550866679119147
0,41.9517,1.14375,-0.024627264592197017
0,41.9517,1.146875,-0.02470412300593136
0,41.9517,1.15,-0.02478144634313012
0,41.9517,1.153125,-0.0248592390845378
0,41.9517,1.15625,-0.024937505769777914
0,41.9517,1.159375,-0.025016250998313467
0,41.9517,1.1625,-0.025095479430425952
0,41.9517,1.165625,-0.02517519578821314
0,41.9517,1.16875,-0.025255404856606357
0,41.9517,1.171875,-0.025336111484407307
0,41.9517,1.175,-0.02541732058534516
0,41.9517,1.178125,-0.02549903713915428
0,41.9517,1.18125,-0.025581266192672945
0,41.9517,1.184375,-0.025664012860963686
0,41.9517,1.1875,-0.025747282328455665
0,41.9517,1.190625,-0.02583107985010957
0,41.9517,1.19375,-0.025915410752605523
0,41.9517,1.196875,-0.026000280435554593
0,41.9517,1.2,-0.02608569437273433
0,41.9517,1.203125,-0.026171658113349112
0,41.9517,1.20625,-0.026258177283315462
0,41.9517,1.209375,-0.026345257586573335
0,41.9517,1.2125,-0.026432904806423765
0,41.9517,1.215625,-0.02652112480689328
0,41.9517,1.21875,-0.026609923534126265
0,41.9517,1.221875,-0.02669930701780529
0,41.9517,1.225,-0.026789281372600435
0,41.9517,1.228125,-0.026879852799648184
0,41.9517,1.23125,-0.026971027588060595
0,41.9517,1.234375,-0.027062812116465378
0,41.9517,1.2375,-0.02715521285457769
0,41.9517,1.240625,-0.027248236364804418
0,41.9517,1.24375,-0.027341889303881574
0,41.9517,1.246875,-0.027436178424545772
0,41.9517,1.25,-0.027531110577240357
0,41.9517,1.253125,-0.027626692711857342
0,41.9517,1.25625,-0.02772293187951562
0,41.9517,1.259375,-0.027819835234376665
0,41.9517,1.2625,-0.027917410035498438
0,41.9517,1.265625,-0.028015663648728345
0,41.9517,1.26875,-0.028114603548636416
0,41.9517,1.271875,-0.028214237320489534
0,41.9517,1.275,-0.02831457266226761
0,41.9517,1.278125,-0.028415617386723043
0,41.9517,1.28125,-0.028517379423484174
0,41.9517,1.284375,-0.028619866821203956
0,41.9517,1.2875,-0.02872308774975509
0,41.9517,1.290625,-0.02882705050247239
0,41.9517,1.29375,-0.028931763498444084
0,41.9517,1.296875,-0.029037235284852678
0,41.9517,1.3,-0.0291434745393671
0,41.9517,1.303125,-0.029250490072587013
0,41.9517,1.30625,-0.029358290830541003
0,41.9517,1.309375,-0.029466885897239586
0,41.9517,1.3125,-0.029576284497284597
0,41.9517,1.315625,-0.02968649599853655
0,41.9517,1.31875,-0.029797529914841064
0,41.9517,1.321875,-0.029909395908816104
0,41.9517,1.325,-0.03002210379470161
0,41.9517,1.328125,-0.030135663541272926
0,41.9517,1.33125,-0.030250085274819705
0,41.9517,1.334375,-0.030365379282192177
0,41.9517,1.3375,-0.030481556013916188
0,41.9517,1.340625,-0.03059862608737903
0,41.9517,1.34375,-0.030716600290087756
0,41.9517,1.346875,-0.030835489583001904
0,41.9517,1.35,-0.03095530510394265
0,41.9517,1.353125,-0.03107605817108019
0,41.9517,1.35625,-0.031197760286501598
0,41.9517,1.359375,-0.03132042313986113
0,41.9517,1.3625,-0.03144405861211512
0,41.9517,1.365625,-0.03156867877934408
0,41.9517,1.36875,-0.03169429591666361
0,41.9517,1.371875,-0.03182092250222718
0,41.9517,1.375,-0.0319485712213228
0,41.9517,1.378125,-0.03207725497056615
0,41.9517,1.38125,-0.032206986862193095
0,41.9517,1.384375,-0.03233778022845362
0,41.9517,1.3875,-0.03246964862611061
0,41.9517,1.390625,-0.032602605841045754
0,41.9517,1.39375,-0.032736665892975816
0,41.9517,1.396875,-0.0328718430402822
0,41.9517,1.4,-0.03300815178495678
0,41.9517,1.403125,-0.03314560687766738
0,41.9517,1.40625,-0.03328422332294596
0,41.9517,1.409375,-0.03342401638450317
0,41.9517,1.4125,-0.03356500159067249
0,41.9517,1.415625,-0.03370719473998762
0,41.9517,1.41875,-0.03385061190689709
0,41.9517,1.421875,-0.03399526944761948
0,41.9517,1.425,-0.03414118400614352
0,41.9517,1.428125,-0.03428837252037699
0,41.9517,1.43125,-0.03443685222844863
0,41.9517,1.434375,-0.03458664067516751
0,41.9517,1.4375,-0.03473775571864397
0,41.9517,1.440625,-0.03489021553707728
0,41.9517,1.44375,-0.03504403863571419
0,41.9517,1.446875,-0.03519924385398365
0,41.9517,1.45,-0.035355850372812664
0,41.9517,1.453125,-0.0355138777221283
0,41.9517,1.45625,-0.03567334578855164
0,41.9517,1.459375,-0.03583427482328882
0,41.9517,1.4625,-0.035996685450225004
0,41.9517,1.465625,-0.03616059867422751
0,41.9517,1.46875,-0.03632603588966363
0,41.9517,1.471875,-0.036493018889140055
0,41.9517,1.475,-0.03666156987246997
0,41.9517,1.478125,-0.03683171145587484
0,41.9517,1.48125,-0.03700346668142758
0,41.9517,1.484375,-0.03717685902674455
0,41.9517,1.4875,-0.0373519124149337
0,41.9517,1.490625,-0.03752865122480625
0,41.9517,1.49375,-0.03770710030136039
0,41.9517,1.496875,-0.03788728496654467
0,41.9517,1.5,-0.03806923103030971
0,41.9517,1.503125,-0.03825296480195711
0,41.9517,1.50625,-0.03843851310179441
0,41.9517,1.509375,-0.038625903273105326
0,41.9517,1.5125000000000002,-0.0388151631944455
0,41.9517,1.515625,-0.039006321292272716
0,41.9517,1.51875,-0.0391994065539232
0,41.9517,1.521875,-0.03939444854094343
0,41.9517,1.525,-0.039591477402789337
0,41.9517,1.5281250000000002,-0.03979052389090408
0,41.9517,1.53125,-0.039991619373185835
0,41.9517,1.534375,-0.04019479584885868
0,41.9517,1.5375,-0.040400085963758145
0,41.9517,1.540625,-0.04060752302604541
0,41.9517,1.5437500000000002,-0.04081714102236326
0,41.9517,1.546875,-0.041028974634447705
0,41.9517,1.55,-0.04124305925621036
0,41.9517,1.553125,-0.04145943101130572
0,41.9517,1.55625,-0.04167812677119969
0,41.9517,1.5593750000000002,-0.04189918417375513
0,41.9517,1.5625,-0.042122641642350744
0,41.9517,1.565625,-0.0423485384055515
0,41.9517,1.56875,-0.04257691451734731
0,41.9517,1.571875,-0.04280781087797947
0,41.9517,1.5750000000000002,-0.043041269255373424
0,41.9517,1.578125,-0.043277332307198005
0,41.9517,1.58125,-0.04351604360357185
0,41.9517,1.584375,-0.04375744765043789
0,41.9517,1.5875,-0.04400158991362855
0,41.9517,1.5906250000000002,-0.04424851684364431
0,41.9517,1.59375,-0.04449827590116927
0,41.9517,1.596875,-0.044750915583348955
0,41.9517,1.6,-0.045006485450854825
0,41.9517,1.603125,-0.045265036155763265
0,41.9517,1.6062500000000002,-0.0455266194702755
0,41.9517,1.609375,-0.04579128831630723
0,41.9517,1.6125,-0.04605909679597797
0,41.9517,1.615625,-0.04633010022302993
0,41.9517,1.61875,-0.04660435515520882
0,41.9517,1.6218750000000002,-0.0468819194276395
0,41.9517,1.625,-0.047162852187230236
0,41.9517,1.628125,-0.0474472139281418
0,41.9517,1.63125,-0.04773506652835761
0,41.9517,1.634375,-0.04802647328739339
0,41.9517,1.6375000000000002,-0.04832149896518635
0,41.9517,1.640625,-0.04862020982220437
0,41.9517,1.64375,-0.04892267366081891
0,41.9517,1.646875,-0.04922895986798517
0,41.9517,1.65,-0.04953913945927618
0,41.9517,1.6531250000000002,-0.049853285124318636
0,41.9517,1.65625,-0.05017147127367985
0,41.9517,1.659375,-0.0504937740872583
0,41.9517,1.6625,-0.05082027156423024
0,41.9517,1.665625,-0.05115104357460926
0,41.9517,1.6687500000000002,-0.05148617191247627
0,41.9517,1.671875,-0.051825740350939495
0,41.9517,1.675,-0.05216983469888839
0,41.9517,1.678125,-0.052518542859604674
0,41.9517,1.68125,-0.05287195489129974
0,41.9517,1.6843750000000002,-0.05323016306964729
0,41.9517,1.6875,-0.05359326195238462
0,41.9517,1.690625,-0.05396134844605874
0,41.9517,1.69375,-0.054334521874995254
0,41.9517,1.696875,-0.05471288405257263
0,41.9517,1.7000000000000002,-0.05509653935488685
0,41.9517,1.703125,-0.055485594796894536
0,41.9517,1.70625,-0.05588016011112744
0,41.9517,1.709375,-0.05628034782907308
0,41.9517,1.7125,-0.056686273365321636
0,41.9517,1.7156250000000002,-0.0570980551045826
0,41.9517,1.71875,-0.05751581449167818
0,41.9517,1.721875,-0.05793967612462639
0,41.9517,1.725,-0.058369767850929136
0,41.9517,1.728125,-0.058806220867186926
0,41.9517,1.7312500000000002,-0.05924916982216638
0,41.9517,1.734375,-0.05969875292345013
0,41.9517,1.7375,-0.060155112047807345
0,41.9517,1.740625,-0.060618392855424266
0,41.9517,1.74375,-0.06108874490814349
0,41.9517,1.7468750000000002,-0.06156632179186482
0,41.9517,1.75,-0.062051281243266226
0,41.9517,1.753125,-0.06254378528101193
0,41.9517,1.75625,-0.06304400034161813
0,41.9517,1.759375,-0.06355209742015695
0,41.9517,1.7625000000000002,-0.06406825221598404
0,41.9517,1.765625,-0.06459264528368305
0,41.9517,1.76875,-0.06512546218942968
0,41.9517,1.771875,-0.0656668936729824
0,41.9517,1.775,-0.06621713581551922
0,41.9517,1.7781250000000002,-0.06677639021354553
0,41.9517,1.78125,-0.06734486415910715
0,41.9517,1.784375,-0.0679227708265546
0,41.9517,1.7875,-0.06851032946610935
0,41.9517,1.790625,-0.06910776560449736
0,41.9517,1.7937500000000002,-0.06971531125292223
0,41.9517,1.796875,-0.070333205122661
0,41.9517,1.8,-0.07096169284857895
0,41.9517,1.803125,-0.07160102722086634
0,41.9517,1.80625,-0.07225146842531578
0,41.9517,1.8093750000000002,-0.07291328429246828
0,41.9517,1.8125,-0.07358675055596717
0,41.9517,1.815625,-0.07427215112047522
0,41.9517,1.81875,-0.0749697783395174
0,41.9517,1.821875,-0.07567993330362935
0,41.9517,1.8250000000000002,-0.07640292613920206
0,41.9517,1.828125,-0.07713907631842687
0,41.9517,1.83125,-0.07788871298075993
0,41.9517,1.834375,-0.0786521752663358
0,41.9517,1.8375,-0.07942981266177725
0,41.9517,1.8406250000000002,-0.08022198535885934
0,41.9517,1.84375,-0.08102906462650025
0,41.9517,1.846875,-0.08185143319656697
0,41.9517,1.85,-0.08268948566399373
0,41.9517,1.853125,-0.08354362890172806
0,41.9517,1.8562500000000002,-0.08441428249103065
0,41.9517,1.859375,-0.0853018791676664
0,41.9517,1.8625,-0.08620686528453987
0,41.9517,1.865625,-0.08712970129133368
0,41.9517,1.86875,-0.08807086223172453
0,41.9517,1.8718750000000002,-0.08903083825875618
0,41.9517,1.875,-0.09001013516895773
0,41.9517,1.878125,-0.09100927495580355
0,41.9517,1.88125,-0.09202879638311053
0,41.9517,1.884375,-0.09306925557897551
0,41.9517,1.8875000000000002,-0.09413122665085147
0,41.9517,1.890625,-0.09521530232235689
0,41.9517,1.89375,-0.09632209459240945
0,41.9517,1.896875,-0.0974522354172574
0,41.9517,1.9,-0.09860637741597146
0,41.9517,1.9031250000000002,-0.09978519459993669
0,41.9517,1.90625,-0.10098938312685359
0,41.9517,1.909375,-0.10221966207973007
0,41.9517,1.9125,-0.10347677427129562
0,41.9517,1.915625,-0.10476148707422483
0,41.9517,1.9187500000000002,-0.1060745932774937
0,41.9517,1.921875,-0.10741691196911743
0,41.9517,1.925,-0.10878928944544132
0,41.9517,1.928125,-0.11019260014704625
0,41.9517,1.93125,-0.11162774762122522
0,41.9517,1.9343750000000002,-0.11309566551084804
0,41.9517,1.9375,-0.11459731856927789
0,41.9517,1.940625,-0.11613370370083217
0,41.9517,1.94375,-0.11770585102607077
0,41.9517,1.946875,-0.11931482497097187
0,41.9517,1.9500000000000002,-0.12096172537879016
0,41.9517,1.953125,-0.12264768864309356
0,41.9517,1.95625,-0.12437388886014536
0,41.9517,1.959375,-0.1261415389984073
0,41.9517,1.9625,-0.12795189208252086
0,41.9517,1.9656250000000002,-0.12980624238863414
0,41.9517,1.96875,-0.1317059266473976
0,41.9517,1.971875,-0.13365232525034937
0,41.9517,1.975,-0.13564686345471402
0,41.9517,1.978125,-0.1376910125808852
0,41.9517,1.9812500000000002,-0.13978629119599806
0,41.9517,1.984375,-0.1419342662760412
0,41.9517,1.9875,-0.14413655433789946
0,41.9517,1.990625,-0.14639482253151792
0,41.9517,1.99375,-0.14871078968107027
0,41.9517,1.9968750000000002,-0.15108622726254
0,41.9517,2.0,-0.15352296030349563
0,41.9517,2.003125,-0.15602286818904793
0,41.9517,2.00625,-0.15858788535597226
0,41.9517,2.0093750000000004,-0.16122000185478705
0,41.9517,2.0125,-0.16392126375715393
0,41.9517,2.015625,-0.16669377338328903
0,41.9517,2.01875,-0.16953968932114297
0,41.9517,2.021875,-0.17246122620589327
0,41.9517,2.0250000000000004,-0.17546065422476387
0,41.9517,2.028125,-0.1785402983083487
0,41.9517,2.03125,-0.18170253696541938
0,41.9517,2.034375,-0.18494980071364509
0,41.9517,2.0375,-0.18828457005372382
0,41.9517,2.0406250000000004,-0.19170937292908802
0,41.9517,2.04375,-0.1952267816076208
0,41.9517,2.046875,-0.19883940891566232
0,41.9517,2.05,-0.20254990374802173
0,41.9517,2.053125,-0.2063609457707474
0,41.9517,2.0562500000000004,-0.21027523922603378
0,41.9517,2.059375,-0.2142955057409349
0,41.9517,2.0625,-0.21842447603350393
0,41.9517,2.065625,-0.2226648804016908
0,41.9517,2.06875,-0.22701943787187967
0,41.9517,2.0718750000000004,-0.23149084387542754
0,41.9517,2.075,-0.23608175631316314
0,41.9517,2.078125,-0.2407947798596543
0,41.9517,2.08125,-0.24563244835141984
0,41.9517,2.084375,-0.25059720509641675
0,41.9517,2.0875000000000004,-0.2556913809363899
0,41.9517,2.090625,-0.2609171698894723
0,41.9517,2.09375,-0.26627660219820143
0,41.9517,2.096875,-0.2717715146084584
0,41.9517,2.1,-0.2774035177083888
0,41.9517,2.1031250000000004,-0.2831739601638376
0,41.9517,2.10625,-0.28908388969910476
0,41.9517,2.109375,-0.29513401068980594
0,41.9517,2.1125,-0.3013246382593644
0,41.9517,2.115625,-0.3076556488033044
0,41.9517,2.1187500000000004,-0.3141264269072329
0,41.9517,2.121875,-0.32073580867650714
0,41.9517,2.125,-0.3274820215593204
0,41.9517,2.128125,-0.3343626208216139
0,41.9517,2.13125,-0.34137442292302694
0,41.9517,2.1343750000000004,-0.34851343614903113
0,41.9517,2.1375,-0.3557747889763173
0,41.9517,2.140625,-0.3631526567867768
0,41.9517,2.14375,-0.37064018770003077
0,41.9517,2.146875,-0.3782294284647067
0,41.9517,2.1500000000000004,-0.3859112515329633
0,41.9517,2.153125,-0.3936752846386904
0,41.9517,2.15625,-0.4015098444035706
0,41.9517,2.159375,-0.4094018757018054
0,41.9517,2.1625,-0.41733689871720425
0,41.9517,2.1656250000000004,-0.4252989658173082
0,41.9517,2.16875,-0.4332706305385201
0,41.9517,2.171875,-0.44123293111233935
0,41.9517,2.175,-0.4491653910529713
0,41.9517,2.178125,-0.4570460393568483
0,41.9517,2.1812500000000004,-0.4648514528203714
0,41.9517,2.184375,-0.4725568228490988
0,41.9517,2.1875,-0.48013604889612116
0,41.9517,2.190625,-0.4875618603181363
0,41.9517,2.19375,-0.49480596796664034
0,41.9517,2.1968750000000004,-0.5018392462351129
0,41.9517,2.2,-0.508631945563545
0,41.9517,2.203125,-0.5151539345685325
0,41.9517,2.20625,-0.5213749700379966
0,41.9517,2.209375,-0.5272649920304466
0,41.9517,2.2125000000000004,-0.5327944402841167
0,41.9517,2.215625,-0.5379345871137301
0,41.9517,2.21875,-0.5426578810007302
0,41.9517,2.221875,-0.5469382942193178
0,41.9517,2.225,-0.5507516671393016
0,41.9517,2.2281250000000004,-0.55407604135871
0,41.9517,2.23125,-0.5568919735890214
0,41.9517,2.234375,-0.5591828222779036
0,41.9517,2.2375,-0.5609349993287879
0,41.9517,2.240625,-0.5621381799669062
0,41.9517,2.2437500000000004,-0.5627854647927154
0,41.9517,2.246875,-0.5628734893224548
0,41.9517,2.25,-0.5624024777911234
0,41.9517,2.253125,-0.561376239620187
0,41.9517,2.25625,-0.5598021086551921
0,41.9517,2.2593750000000004,-0.557690826976326
0,41.9517,2.2625,-0.555056376697294
0,41.9517,2.265625,-0.5519157646200948
0,41.9517,2.26875,-0.5482887658416682
0,41.9517,2.271875,-0.54419763336418
0,41.9517,2.2750000000000004,-0.5396667814126775
0,41.9517,2.278125,-0.5347224504993837
0,41.9517,2.28125,-0.5293923622987009
0,41.9517,2.284375,-0.5237053721331484
0,41.9517,2.2875,-0.5176911263536578
0,41.9517,2.2906250000000004,-0.5113797311735739
0,41.9517,2.29375,-0.5048014386359923
0,41.9517,2.296875,-0.4979863544125472
0,41.9517,2.3,-0.49096417110081425
0,41.9517,2.303125,-0.4837639296551086
0,41.9517,2.3062500000000004,-0.47641381059322513
0,41.9517,2.309375,-0.4689409557030377
0,41.9517,2.3125,-0.46137132015294513
0,41.9517,2.315625,-0.4537295542053437
0,41.9517,2.31875,-0.44603891315116384
0,41.9517,2.3218750000000004,-0.4383211936276714
0,41.9517,2.325,-0.43059669414696033
0,41.9517,2.328125,-0.4228841974403381
0,41.9517,2.33125,-0.41520097210236606
0,41.9517,2.334375,-0.4075627909840153
0,41.9517,2.3375000000000004,-0.39998396382280543
0,41.9517,2.340625,-0.39247738169431245
0,41.9517,2.34375,-0.3850545710103266
0,41.9517,2.346875,-0.37772575496146743
0,41.9517,2.35,-0.3704999204949919
0,41.9517,2.3531250000000004,-0.36338488912230515
0,41.9517,2.35625,-0.356387390057241
0,41.9517,2.359375,-0.3495131343892592
0,41.9517,2.3625,-0.34276688919035314
0,41.9517,2.365625,-0.33615255063716026
0,41.9517,2.3687500000000004,-0.3296732153981611
0,41.9517,2.371875,-0.323331249688467
0,41.9517,2.375,-0.3171283555309801
0,41.9517,2.378125,-0.3110656338826246
0,41.9517,2.38125,-0.3051436443883721
0,41.9517,2.3843750000000004,-0.2993624616148089
0,41.9517,2.3875,-0.29372172768999016
0,41.9517,2.390625,-0.2882207013385927
0,41.9517,2.39375,-0.28285830335212836
0,41.9517,2.396875,-0.2776331585745171
0,41.9517,2.4000000000000004,-0.272543634514934
0,41.9517,2.403125,-0.26758787672368645
0,41.9517,2.40625,-0.26276384108411593
0,41.9517,2.409375,-0.25806932318514963
0,41.9517,2.4125,-0.2535019849460717
0,41.9517,2.4156250000000004,-0.24905937866821282
0,41.9517,2.41875,-0.24473896868823508
0,41.9517,2.421875,-0.2405381508052161
0,41.9517,2.425,-0.23645426964931085
0,41.9517,2.428125,-0.2324846341538721
0,41.9517,2.4312500000000004,-0.22862653128595672
0,41.9517,2.434375,-0.22487723818242278
0,41.9517,2.4375,-0.2212340328306458
0,41.9517,2.440625,-0.21769420342444878
0,41.9517,2.44375,-0.21425505651731874
0,41.9517,2.4468750000000004,-0.21091392408655416
0,41.9517,2.45,-0.2076681696137134
0,41.9517,2.453125,-0.20451519327873727
0,41.9517,2.45625,-0.20145243635744042
0,41.9517,2.459375,-0.19847738490474243
0,41.9517,2.4625000000000004,-0.1955875727990978
0,41.9517,2.465625,-0.1927805842170613
0,41.9517,2.46875,-0.19005405560083385
0,41.9517,2.471875,-0.18740567717594805
0,41.9517,2.475,-0.18483319407096688
0,41.9517,2.4781250000000004,-0.1823344070861923
0,41.9517,2.48125,-0.17990717315386284
0,41.9517,2.484375,-0.17754940552818063
0,41.9517,2.4875,-0.1752590737397011
0,41.9517,2.490625,-0.1730342033451311
0,41.9517,2.4937500000000004,-0.1708728755004054
0,41.9517,2.496875,-0.1687732263820047
0,41.9517,2.5,-0.16673344647884347
0,41.9517,2.503125,-0.1647517797746588
0,41.9517,2.50625,-0.16282652283865237
0,41.9517,2.5093750000000004,-0.16095602384017565
0,41.9517,2.5125,-0.15913868150146326
0,41.9517,2.515625,-0.15737294400081706
0,41.9517,2.51875,-0.15565730783719608
0,41.9517,2.521875,-0.15399031666585822
0,41.9517,2.5250000000000004,-0.15237056011353503
0,41.9517,2.528125,-0.15079667258056145
0,41.9517,2.53125,-0.14926733203644396
0,41.9517,2.534375,-0.14778125881450488
0,41.9517,2.5375,-0.1463372144104811
0,41.9517,2.5406250000000004,-0.14493400028928694
0,41.9517,2.54375,-0.1435704567035421
0,41.9517,2.546875,-0.14224546152693518
0,41.9517,2.55,-0.14095792910501642
0,41.9517,2.553125,-0.13970680912558567
0,41.9517,2.5562500000000004,-0.1384910855104739
0,41.9517,2.559375,-0.13730977533017819
0,41.9517,2.5625,-0.13616192774252284
0,41.9517,2.565625,-0.13504662295626
0,41.9517,2.56875,-0.13396297122029507
0,41.9517,2.5718750000000004,-0.13291011183902735
0,41.9517,2.575,-0.13188721221411837
0,41.9517,2.578125,-0.13089346691285356
0,41.9517,2.58125,-0.12992809676313097
0,41.9517,2.584375,-0.12899034797499517
0,41.9517,2.5875000000000004,-0.12807949128854051
0,41.9517,2.590625,-0.12719482114792144
0,41.9517,2.59375,-0.12633565490113935
0,41.9517,2.596875,-0.12550133202521527
0,41.9517,2.6,-0.12469121337630651
0,41.9517,2.6031250000000004,-0.12390468046428627
0,41.9517,2.60625,-0.12314113475127
0,41.9517,2.609375,-0.12239999697354674
0,41.9517,2.6125,-0.12168070648635376
0,41.9517,2.615625,-0.12098272063091467
0,41.9517,2.6187500000000004,-0.1203055141231535
0,41.9517,2.621875,-0.11964857846348723
0,41.9517,2.625,-0.119011421367098
0,41.9517,2.628125,-0.11839356621408575
0,41.9517,2.63125,-0.11779455151890145
0,41.9517,2.6343750000000004,-0.11721393041846961
0,41.9517,2.6375,-0.11665127017841029
0,41.9517,2.640625,-0.11610615171678293
0,41.9517,2.64375,-0.1155781691447808
0,41.9517,2.646875,-0.11506692932381578
0,41.9517,2.6500000000000004,-0.11457205143844496
0,41.9517,2.653125,-0.11409316658460167
0,41.9517,2.65625,-0.11362991737260628
0,41.9517,2.659375,-0.11318195754444652
0,41.9517,2.6625,-0.11274895160482762
0,41.9517,2.6656250000000004,-0.11233057446550891
0,41.9517,2.66875,-0.11192651110245555
0,41.9517,2.671875,-0.11153645622534786
0,41.9517,2.675,-0.11116011395900642
0,41.9517,2.678125,-0.11079719753630199
0,41.9517,2.6812500000000004,-0.11044742900213494
0,41.9517,2.684375,-0.11011053892808145
0,41.9517,2.6875,-0.1097862661373174
0,41.9517,2.690625,-0.10947435743944392
0,41.9517,2.69375,-0.1091745673748505
0,41.9517,2.6968750000000004,-0.10888665796826602
0,41.9517,2.7,-0.10861039849115778
0,41.9517,2.703125,-0.10834556523265187
0,41.9517,2.70625,-0.10809194127866198
0,41.9517,2.709375,-0.10784931629891951
0,41.9517,2.7125000000000004,-0.10761748634161568
0,41.9517,2.715625,-0.10739625363537081
0,41.9517,2.71875,-0.10718542639826148
0,41.9517,2.721875,-0.10698481865364232
0,41.9517,2.725,-0.10679425005251167
0,41.9517,2.7281250000000004,-0.10661354570217822
0,41.9517,2.73125,-0.10644253600099571
0,41.9517,2.734375,-0.10628105647894019
0,41.9517,2.7375,-0.10612894764381603
0,41.9517,2.740625,-0.10598605483287994
0,41.9517,2.7437500000000004,-0.10585222806968636
0,41.9517,2.746875,-0.10572732192595907
0,41.9517,2.75,-0.10561119538830654
0,41.9517,2.753125,-0.10550371172960146
0,41.9517,2.75625,-0.10540473838485473
0,41.9517,2.7593750000000004,-0.10531414683141954
0,41.9517,2.7625,-0.10523181247336638
0,41.9517,2.765625,-0.1051576145298781
0,41.9517,2.76875,-0.10509143592751931
0,41.9517,2.771875,-0.10503316319623868
0,41.9517,2.7750000000000004,-0.10498268636896962
0,41.9517,2.778125,-0.10493989888469982
0,41.9517,2.78125,-0.10490469749488474
0,41.9517,2.784375,-0.1048769821730855
0,41.9517,2.7875,-0.10485665602771488
0,41.9517,2.7906250000000004,-0.10484362521778212
0,41.9517,2.79375,-0.10483779887152876
0,41.9517,2.796875,-0.10483908900785413
0,41.9517,2.8,-0.10484741046043078
0,41.9517,2.803125,-0.10486268080441696
0,41.9517,2.8062500000000004,-0.1048848202856737
0,41.9517,2.809375,-0.10491375175239961
0,41.9517,2.8125,-0.10494940058909938
0,41.9517,2.815625,-0.10499169465280492
0,41.9517,2.81875,-0.10504056421147204
0,41.9517,2.8218750000000004,-0.10509594188447638
0,41.9517,2.825,-0.10515776258513873
0,41.9517,2.828125,-0.1052259634652094
0,41.9517,2.83125,-0.10530048386124538
0,41.9517,2.834375,-0.10538126524281585
0,41.9517,2.8375000000000004,-0.10546825116247713
0,41.9517,2.840625,-0.10556138720745316
0,41.9517,2.84375,-0.10566062095297038
0,41.9517,2.846875,-0.1057659019171877
0,41.9517,2.85,-0.10587718151767116
0,41.9517,2.8531250000000004,-0.10599441302936305
0,41.9517,2.85625,-0.10611755154399499
0,41.9517,2.859375,-0.10624655393090054
0,41.9517,2.8625,-0.10638137879917986
0,41.9517,2.865625,-0.10652198646117533
0,41.9517,2.8687500000000004,-0.10666833889721512
0,41.9517,2.871875,-0.10682039972158514
0,41.9517,2.875,-0.1069781341496904
0,41.9517,2.878125,-0.10714150896636976
0,41.9517,2.88125,-0.10731049249532659
0,41.9517,2.8843750000000004,-0.10748505456964334
0,41.9517,2.8875,-0.10766516650334443
0,41.9517,2.890625,-0.10785080106397826
0,41.9517,2.89375,-0.10804193244618587
0,41.9517,2.896875,-0.10823853624622749
0,41.9517,2.9000000000000004,-0.10844058943743928
0,41.9517,2.903125,-0.10864807034659188
0,41.9517,2.90625,-0.10886095863112595
0,41.9517,2.909375,-0.10907923525723842
0,41.9517,2.9125,-0.109302882478796
0,41.9517,2.9156250000000004,-0.10953188381705195
0,41.9517,2.91875,-0.10976622404114456
0,41.9517,2.921875,-0.11000588914935555
0,41.9517,2.925,-0.11025086635110685
0,41.9517,2.928125,-0.11050114404967741
0,41.9517,2.9312500000000004,-0.11075671182561968
0,41.9517,2.934375,-0.11101756042085748
0,41.9517,2.9375,-0.11128368172344892
0,41.9517,2.940625,-0.1115550687529952
0,41.9517,2.94375,-0.11183171564668126
0,41.9517,2.9468750000000004,-0.11211361764593028
0,41.9517,2.95,-0.11240077108365978
0,41.9517,2.953125,-0.1126931733721222
0,41.9517,2.95625,-0.11299082299131798
0,41.9517,2.959375,-0.11329371947796642
0,41.9517,2.9625000000000004,-0.11360186341502307
0,41.9517,2.965625,-0.11391525642173028
0,41.9517,2.96875,-0.11423390114418959
0,41.9517,2.971875,-0.11455780124644467
0,41.9517,2.975,-0.11488696140206438
0,41.9517,2.9781250000000004,-0.11522138728621502
0,41.9517,2.98125,-0.11556108556821246
0,41.9517,2.984375,-0.11590606390454486
0,41.9517,2.9875,-0.11625633093235614
0,41.9517,2.990625,-0.1166118962633827
0,41.9517,2.9937500000000004,-0.11697277047833454
0,41.9517,2.996875,-0.11733896512171235
0,41.9517,3.0,-0.11771049269705576
0,41.9517,3.0031250000000003,-0.11808736666261192
0,41.9517,3.00625,-0.11846960142742002
0,41.9517,3.009375,-0.1188572123478059
0,41.9517,3.0125,-0.11925021572427857
0,41.9517,3.015625,-0.11964862879882468
0,41.9517,3.0187500000000003,-0.12005246975259447
0,41.9517,3.021875,-0.1204617577039749
0,41.9517,3.025,-0.12087651270704473
0,41.9517,3.028125,-0.12129675575040699
0,41.9517,3.03125,-0.12172250875639415
0,41.9517,3.0343750000000003,-0.12215379458064395
0,41.9517,3.0375,-0.12259063701203918
0,41.9517,3.040625,-0.12303306077301095
0,41.9517,3.04375,-0.12348109152020005
0,41.9517,3.046875,-0.1239347558454752
0,41.9517,3.0500000000000003,-0.12439408127730421
0,41.9517,3.053125,-0.12485909628247625
0,41.9517,3.05625,-0.1253298302681734
0,41.9517,3.059375,-0.12580631358438893
0,41.9517,3.0625,-0.1262885775266903
0,41.9517,3.0656250000000003,-0.12677665433932722
0,41.9517,3.06875,-0.1272705772186807
0,41.9517,3.071875,-0.1277703803170551
0,41.9517,3.075,-0.12827609874680984
0,41.9517,3.078125,-0.12878776858483146
0,41.9517,3.0812500000000003,-0.12930542687734606
0,41.9517,3.084375,-0.12982911164507038
0,41.9517,3.0875,-0.13035886188870335
0,41.9517,3.090625,-0.13089471759475702
0,41.9517,3.09375,-0.13143671974172766
0,41.9517,3.0968750000000003,-0.13198491030660892
0,41.9517,3.1,-0.13253933227174547
0,41.9517,3.103125,-0.1331000296320306
0,41.9517,3.10625,-0.13366704740244775
0,41.9517,3.109375,-0.13424043162595736
0,41.9517,3.1125000000000003,-0.1348202293817314
0,41.9517,3.115625,-0.1354064887937374
0,41.9517,3.11875,-0.13599925903967297
0,41.9517,3.121875,-0.1365985903602544
0,41.9517,3.125,-0.13720453406886102
0,41.9517,3.1281250000000003,-0.1378171425615389
0,41.9517,3.13125,-0.13843646932736386
0,41.9517,3.134375,-0.13906256895917246
0,41.9517,3.1375,-0.1396954971646577
0,41.9517,3.140625,-0.1403353107778372
0,41.9517,3.1437500000000003,-0.14098206777089703
0,41.9517,3.146875,-0.1416358272664122
0,41.9517,3.15,-0.14229664954995286
0,41.9517,3.153125,-0.1429645960830747
0,41.9517,3.15625,-0.14363972951670306
0,41.9517,3.1593750000000003,-0.14432211370491235
0,41.9517,3.1625,-0.14501181371910646
0,41.9517,3.165625,-0.14570889586260646
0,41.9517,3.16875,-0.14641342768564872
0,41.9517,3.171875,-0.14712547800080072
0,41.9517,3.1750000000000003,-0.1478451168988008
0,41.9517,3.178125,-0.14857241576482427
0,41.9517,3.18125,-0.14930744729518813
0,41.9517,3.184375,-0.15005028551449417
0,41.9517,3.1875,-0.15080100579322261
0,41.9517,3.1906250000000003,-0.1515596848657804
0,41.9517,3.19375,-0.15232640084901114
0,41.9517,3.196875,-0.15310123326117642
0,41.9517,3.2,-0.15388426304141337
0,41.9517,3.203125,-0.15467557256967768
0,41.9517,3.2062500000000003,-0.1554752456871823
0,41.9517,3.209375,-0.156283367717335
0,41.9517,3.2125,-0.15710002548718988
0,41.9517,3.215625,-0.15792530734941668
0,41.9517,3.21875,-0.15875930320480006
0,41.9517,3.2218750000000003,-0.159602104525278
0,41.9517,3.225,-0.16045380437752757
0,41.9517,3.228125,-0.1613144974471107
0,41.9517,3.23125,-0.16218428006318855
0,41.9517,3.234375,-0.1630632502238157
0,41.9517,3.2375000000000003,-0.1639515076218266
0,41.9517,3.240625,-0.1648491536713222
0,41.9517,3.24375,-0.1657562915347744
0,41.9517,3.246875,-0.16667302615075358
0,41.9517,3.25,-0.16759946426229677
0,41.9517,3.2531250000000003,-0.16853571444592758
0,41.9517,3.25625,-0.16948188714133994
0,41.9517,3.259375,-0.17043809468176213
0,41.9517,3.2625,-0.1714044513250114
0,41.9517,3.265625,-0.17238107328525631
0,41.9517,3.2687500000000003,-0.17336807876550106
0,41.9517,3.271875,-0.17436558799080543
0,41.9517,3.275,-0.1753737232422585
0,41.9517,3.278125,-0.17639260889171962
0,41.9517,3.28125,-0.1774223714373446
0,41.9517,3.2843750000000003,-0.17846313953991497
0,41.9517,3.2875,-0.17951504405998453
0,41.9517,3.290625,-0.1805782180958655
0,41.9517,3.29375,-0.18165279702246923
0,41.9517,3.296875,-0.18273891853102098
0,41.9517,3.3000000000000003,-0.18383672266967158
0,41.9517,3.303125,-0.1849463518850198
0,41.9517,3.30625,-0.18606795106457405
0,41.9517,3.309375,-0.18720166758016657
0,41.9517,3.3125,-0.18834765133234715
0,41.9517,3.3156250000000003,-0.18950605479577848
0,41.9517,3.31875,-0.19067703306565278
0,41.9517,3.321875,-0.19186074390515767
0,41.9517,3.325,-0.19305734779401382
0,41.9517,3.328125,-0.19426700797810734
0,41.9517,3.3312500000000003,-0.1954898905202479
0,41.9517,3.334375,-0.19672616435207368
0,41.9517,3.3375,-0.19797600132713516
0,41.9517,3.340625,-0.19923957627518263
0,41.9517,3.34375,-0.20051706705768646
0,41.9517,3.3468750000000003,-0.2018086546246244
0,41.9517,3.35,-0.20311452307255948
0,41.9517,3.353125,-0.20443485970404718
0,41.9517,3.35625,-0.205769855088399
0,41.9517,3.359375,-0.20711970312383848
0,41.9517,3.3625000000000003,-0.20848460110108566
0,41.9517,3.365625,-0.20986474976840064
0,41.9517,3.36875,-0.21126035339812904
0,41.9517,3.371875,-0.2126716198547819
0,41.9517,3.375,-0.21409876066469133
0,41.9517,3.3781250000000003,-0.21554199108728278
0,41.9517,3.38125,-0.21700153018800253
0,41.9517,3.384375,-0.21847760091294602
0,41.9517,3.3875,-0.21997043016522777
0,41.9517,3.390625,-0.2214802488831409
0,41.9517,3.3937500000000003,-0.2230072921201521
0,41.9517,3.396875,-0.2245517991267783
0,41.9517,3.4000000000000004,-0.22611401343439844
0,41.9517,3.403125,-0.22769418294104674
0,41.9517,3.40625,-0.2292925599992469
0,41.9517,3.4093750000000003,-0.23090940150593367
0,41.9517,3.4125,-0.23254496899452518
0,41.9517,3.4156250000000004,-0.23419952872920108
0,41.9517,3.41875,-0.23587335180144595
0,41.9517,3.421875,-0.23756671422892323
0,41.9517,3.4250000000000003,-0.2392798970567394
0,41.9517,3.428125,-0.24101318646116687
0,41.9517,3.4312500000000004,-0.2427668738558979
0,41.9517,3.434375,-0.2445412560008905
0,41.9517,3.4375,-0.2463366351138918
0,41.9517,3.4406250000000003,-0.24815331898470427
0,41.9517,3.44375,-0.2499916210922773
0,41.9517,3.4468750000000004,-0.25185186072470833
0,41.9517,3.45,-0.25373436310222924
0,41.9517,3.453125,-0.2556394595032739
0,41.9517,3.4562500000000003,-0.25756748739370866
0,41.9517,3.459375,-0.25951879055932353
0,41.9517,3.4625000000000004,-0.26149371924167997
0,41.9517,3.465625,-0.2634926302774106
0,41.9517,3.46875,-0.26551588724108105
0,41.9517,3.4718750000000003,-0.2675638605917138
0,41.9517,3.475,-0.2696369278230889
0,41.9517,3.4781250000000004,-0.27173547361793726
0,41.9517,3.48125,-0.27385989000613753
0,41.9517,3.484375,-0.27601057652705513
0,41.9517,3.4875000000000003,-0.2781879403961335
0,41.9517,3.490625,-0.28039239667588095
0,41.9517,3.4937500000000004,-0.2826243684513918
0,41.9517,3.496875,-0.2848842870105362
0,41.9517,3.5,-0.28717259202897233
0,41.9517,3.5031250000000003,-0.2894897317601353
0,41.9517,3.50625,-0.2918361632303562
0,41.9517,3.5093750000000004,-0.2942123524392842
0,41.9517,3.5125,-0.2966187745657745
0,41.9517,3.515625,-0.29905591417943
0,41.9517,3.5187500000000003,-0.3015242654579723
0,41.9517,3.521875,-0.30402433241063664
0,41.9517,3.5250000000000004,-0.30655662910779613
0,41.9517,3.528125,-0.3091216799170104
0,41.9517,3.53125,-0.3117200197457234
0,41.9517,3.5343750000000003,-0.31435219429082867
0,41.9517,3.5375,-0.317018760295329
0,41.9517,3.5406250000000004,-0.31972028581234413
0,41.9517,3.54375,-0.32245735047669644
0,41.9517,3.546875,-0.3252305457843533
0,41.9517,3.5500000000000003,-0.3280404753799789
0,41.9517,3.553125,-0.3308877553528806
0,41.9517,3.5562500000000004,-0.3337730145416471
0,41.9517,3.559375,-0.336696894847758
0,41.9517,3.5625,-0.33966005155850315
0,41.9517,3.5656250000000003,-0.342663153679513
0,41.9517,3.56875,-0.3457068842772436
0,41.9517,3.5718750000000004,-0.34879194083177273
0,41.9517,3.575,-0.35191903560025106
0,41.9517,3.578125,-0.3550888959913989
0,41.9517,3.5812500000000003,-0.35830226495142536
0,41.9517,3.584375,-0.36155990136177585
0,41.9517,3.5875000000000004,-0.3648625804491307
0,41.9517,3.590625,-0.3682110942080703
0,41.9517,3.59375,-0.3716062518368753
0,41.9517,3.5968750000000003,-0.3750488801869037
0,41.9517,3.6,-0.378539824226035
0,41.9517,3.6031250000000004,-0.38207994751667784
0,41.9517,3.60625,-0.38567013270884076
0,41.9517,3.609375,-0.38931128204880766
0,41.9517,3.6125000000000003,-0.39300431790395723
0,41.9517,3.615625,-0.3967501833042879
0,41.9517,3.6187500000000004,-0.40054984250123765
0,41.9517,3.621875,-0.4044042815443865
0,41.9517,3.625,-0.4083145088766704
0,41.9517,3.6281250000000003,-0.4122815559487349
0,41.9517,3.63125,-0.41630647785308195
0,41.9517,3.6343750000000004,-0.4203903539786924
0,41.9517,3.6375,-0.42453428868679693
0,41.9517,3.640625,-0.42873941200852667
0,41.9517,3.6437500000000003,-0.43300688036514917
0,41.9517,3.646875,-0.4373378773116489
0,41.9517,3.6500000000000004,-0.4417336143044098
0,41.9517,3.653125,-0.44619533149377855
0,41.9517,3.65625,-0.45072429854230744
0,41.9517,3.6593750000000003,-0.4553218154694858
0,41.9517,3.6625,-0.4599892135237886
0,41.9517,3.6656250000000004,-0.46472785608289
0,41.9517,3.66875,-0.46953913958288523
0,41.9517,3.671875,-0.4744244944774063
0,41.9517,3.6750000000000003,-0.4793853862274984
0,41.9517,3.678125,-0.48442331632314967
0,41.9517,3.6812500000000004,-0.4895398233373895
0,41.9517,3.684375,-0.49473648401384157
0,41.9517,3.6875,-0.5000149143886664
0,41.9517,3.6906250000000003,-0.5053767709478002
0,41.9517,3.69375,-0.5108237518204213
0,41.9517,3.6968750000000004,-0.5163575980095697
0,41.9517,3.7,-0.5219800946608355
0,41.9517,3.703125,-0.5276930723700651
0,41.9517,3.7062500000000003,-0.53349840853097
0,41.9517,3.709375,-0.5393980287235906
0,41.9517,3.7125000000000004,-0.5453939081445116
0,41.9517,3.715625,-0.5514880730797199
0,41.9517,3.71875,-0.5576826024210295
0,41.9517,3.7218750000000003,-0.563979629226933
0,41.9517,3.725,-0.5703813423287644
0,41.9517,3.7281250000000004,-0.5768899879830509
0,41.9517,3.73125,-0.5835078715708824
0,41.9517,3.734375,-0.5902373593451737
0,41.9517,3.7375000000000003,-0.5970808802266344
0,41.9517,3.740625,-0.60404092764928
0,41.9517,3.7437500000000004,-0.6111200614563252
0,41.9517,3.746875,-0.6183209098472493
0,41.9517,3.75,-0.6256461713768984
0,41.9517,3.7531250000000003,-0.6330986170074165
0,41.9517,3.75625,-0.6406810922138689
0,41.9517,3.7593750000000004,-0.6483965191444154
0,41.9517,3.7625,-0.6562478988358937
0,41.9517,3.765625,-0.6642383134857501
0,41.9517,3.7687500000000003,-0.6723709287812407
0,41.9517,3.771875,-0.6806489962868963
0,41.9517,3.7750000000000004,-0.6890758558913053
0,41.9517,3.778125,-0.6976549383142795
0,41.9517,3.78125,-0.706389767675576
0,41.9517,3.7843750000000003,-0.7152839641263746
0,41.9517,3.7875,-0.7243412465447814
0,41.9517,3.7906250000000004,-0.733565435296691
0,41.9517,3.79375,-0.7429604550633468
0,41.9517,3.796875,-0.7525303377370178
0,41.9517,3.8000000000000003,-0.762279225386138
0,41.9517,3.803125,-0.7722113732912684
0,41.9517,3.8062500000000004,-0.7823311530531188
0,41.9517,3.809375,-0.7926430557736956
0,41.9517,3.8125,-0.8031516953114275
0,41.9517,3.8156250000000003,-0.8138618116107249
0,41.9517,3.81875,-0.8247782741059542
0,41.9517,3.8218750000000004,-0.8359060851992026
0,41.9517,3.825,-0.8472503838102661
0,41.9517,3.828125,-0.8588164489963515
0,41.9517,3.8312500000000003,-0.8706097036375371
0,41.9517,3.834375,-0.8826357181824541
0,41.9517,3.8375000000000004,-0.8949002144466661
0,41.9517,3.840625,-0.9074090694537458
0,41.9517,3.84375,-0.9201683193063135
0,41.9517,3.8468750000000003,-0.9331841630708613
0,41.9517,3.85,-0.9464629666563151
0,41.9517,3.8531250000000004,-0.9600112666618443
0,41.9517,3.85625,-0.9738357741641651
0,41.9517,3.859375,-0.987943378408883
0,41.9517,3.8625000000000003,-1.0023411503637432
0,41.9517,3.865625,-1.017036346084393
0,41.9517,3.8687500000000004,-1.0320364098351722
0,41.9517,3.871875,-1.0473489768984667
0,41.9517,3.875,-1.0629818759965852
0,41.9517,3.8781250000000003,-1.0789431312395137
0,41.9517,3.88125,-1.0952409635007438
0,41.9517,3.8843750000000004,-1.111883791111382
0,41.9517,3.8875,-1.1288802297500151
0,41.9517,3.890625,-1.1462390913926441
0,41.9517,3.8937500000000003,-1.1639693821730255
0,41.9517,3.896875,-1.1820802989895083
0,41.9517,3.9000000000000004,-1.2005812246797276
0,41.9517,3.903125,-1.2194817215693519
0,41.9517,3.90625,-1.2387915231859654
0,41.9517,3.9093750000000003,-1.2585205239135453
0,41.9517,3.9125,-1.2786787663475805
0,41.9517,3.9156250000000004,-1.2992764260953678
0,41.9517,3.91875,-1.3203237937504728
0,41.9517,3.921875,-1.3418312537552193
0,41.9517,3.9250000000000003,-1.3638092598498055
0,41.9517,3.928125,-1.3862683067919932
0,41.9517,3.9312500000000004,-1.4092188980169085
0,41.9517,3.934375,-1.4326715088924902
0,41.9517,3.9375,-1.4566365452130599
0,41.9517,3.9406250000000003,-1.4811242965609097
0,41.9517,3.94375,-1.5061448841546496
0,41.9517,3.9468750000000004,-1.53170820279319
0,41.9517,3.95,-1.5578238564961535
0,41.9517,3.953125,-1.5845010874361098
0,41.9517,3.9562500000000003,-1.6117486977553597
0,41.9517,3.959375,-1.6395749638614205
0,41.9517,3.9625000000000004,-1.6679875428016153
0,41.9517,3.965625,-1.696993370329087
0,41.9517,3.96875,-1.726598550292135
0,41.9517,3.9718750000000003,-1.7568082350065504
0,41.9517,3.975,-1.7876264963090363
0,41.9517,3.9781250000000004,-1.8190561870401551
0,41.9517,3.98125,-1.8510987927694638
0,41.9517,3.984375,-1.883754273656001
0,41.9517,3.9875000000000003,-1.9170208964355804
0,41.9517,3.990625,-1.9508950566451395
0,41.9517,3.9937500000000004,-1.985371091335538
0,41.9517,3.996875,-2.0204410826894565
0,41.9517,4.0,-2.056094653153039
0,41.9517,4.003125000000001,-2.092318752909136
0,41.9517,4.00625,-2.129097440768552
0,41.9517,4.009375,-2.1664116598339427
0,41.9517,4.0125,-2.2042390095979747
0,41.9517,4.015625,-2.2425535164745916
0,41.9517,4.018750000000001,-2.281325405124545
0,41.9517,4.021875,-2.32052087332393
0,41.9517,4.025,-2.3601018735310757
0,41.9517,4.028125,-2.4000259047266947
0,41.9517,4.03125,-2.440245818529207
0,41.9517,4.034375000000001,-2.4807096440086127
0,41.9517,4.0375,-2.521360436029994
0,41.9517,4.040625,-2.5621361523356523
0,41.9517,4.04375,-2.6029695649069806
0,41.9517,4.046875,-2.643788211417183
0,41.9517,4.050000000000001,-2.6845143927698714
0,41.9517,4.053125,-2.7250652227975904
0,41.9517,4.05625,-2.7653527361426034
0,41.9517,4.059375,-2.805284060135178
0,41.9517,4.0625,-2.84476165610063
0,41.9517,4.065625000000001,-2.883683634938674
0,41.9517,4.06875,-2.9219441510119517
0,41.9517,4.071875,-2.9594338773371827
0,41.9517,4.075,-2.996040563785156
0,41.9517,4.078125,-3.031649678467016
0,41.9517,4.081250000000001,-3.066145130723058
0,41.9517,4.084375,-3.099410072164048
0,41.9517,4.0875,-3.1313277700804862
0,41.9517,4.090625,-3.161782545285178
0,41.9517,4.09375,-3.190660764158398
0,41.9517,4.096875000000001,-3.2178518723997724
0,41.9517,4.1,-3.2432494558509446
0,41.9517,4.103125,-3.266752311833465
0,41.9517,4.10625,-3.288265512847243
0,41.9517,4.109375,-3.3077014432940457
0,41.9517,4.112500000000001,-3.3249807892117818
0,41.9517,4.115625,-3.340033460902297
0,41.9517,4.11875,-3.352799428855551
0,41.9517,4.121875,-3.363229454539485
0,41.9517,4.125,-3.371285699431344
0,41.9517,4.128125000000001,-3.3769421980723933
0,41.9517,4.13125,-3.3801851838654944
0,41.9517,4.134375,-3.381013259704099
0,41.9517,4.1375,-3.3794374091999564
0,41.9517,4.140625,-3.3754808481251115
0,41.9517,4.143750000000001,-3.369178719551506
0,41.9517,4.146875,-3.3605776399080596
0,41.9517,4.15,-3.349735106636718
0,41.9517,4.153125,-3.3367187811875723
0,41.9517,4.15625,-3.3216056636426416
0,41.9517,4.159375000000001,-3.304481177220241
0,41.9517,4.1625,-3.2854381822385688
0,41.9517,4.165625,-3.26457593979209
0,41.9517,4.16875,-3.241999045431866
0,41.9517,4.171875,-3.217816352581957
0,41.9517,4.175000000000001,-3.1921399043346
0,41.9517,4.178125,-3.165083890728351
0,41.9517,4.18125,-3.136763646720802
0,41.9517,4.184375,-3.107294703921289
0,41.9517,4.1875,-3.0767919068479133
0,41.9517,4.190625000000001,-3.0453686021144053
0,41.9517,4.19375,-3.013135906620119
0,41.9517,4.196875,-2.98020205858591
0,41.9517,4.2,-2.9466718532106064
0,41.9517,4.203125,-2.9126461628608373
0,41.9517,4.206250000000001,-2.8782215400850495
0,41.9517,4.209375,-2.84348990037506
0,41.9517,4.2125,-2.8085382804918333
0,41.9517,4.215625,-2.7734486673212513
0,41.9517,4.21875,-2.738297891613974
0,41.9517,4.221875000000001,-2.703157580574029
0,41.9517,4.225,-2.6680941630653994
0,41.9517,4.228125,-2.6331689211792435
0,41.9517,4.23125,-2.5984380820179194
0,41.9517,4.234375,-2.5639529437760578
0,41.9517,4.237500000000001,-2.5297600305100993
0,41.9517,4.240625,-2.495901270358392
0,41.9517,4.24375,-2.462414192384891
0,41.9517,4.246875,-2.4293321376518318
0,41.9517,4.25,-2.3966844805633873
0,41.9517,4.253125000000001,-2.364496856954186
0,41.9517,4.25625,-2.3327913958109123
0,41.9517,4.259375,-2.3015869519075394
0,41.9517,4.2625,-2.2708993370006576
0,41.9517,4.265625,-2.2407415475664054
0,41.9517,4.268750000000001,-2.2111239873674244
0,41.9517,4.271875,-2.182054683414317
0,41.9517,4.275,-2.15353949413478
0,41.9517,4.278125,-2.125582308787146
0,41.9517,4.28125,-2.0981852373541114
0,41.9517,4.284375000000001,-2.071348790332587
0,41.9517,4.2875,-2.0450720479964395
0,41.9517,4.290625,-2.019352818854655
0,41.9517,4.29375,-1.9941877871596512
0,41.9517,4.296875,-1.9695726494395231
0,41.9517,4.300000000000001,-1.945502240137082
0,41.9517,4.303125,-1.9219706465360966
0,41.9517,4.30625,-1.8989713132428419
0,41.9517,4.309375,-1.876497136568926
0,41.9517,4.3125,-1.8545405492278002
0,41.9517,4.315625000000001,-1.8330935958143002
0,41.9517,4.31875,-1.8121479995816105
0,41.9517,4.321875,-1.7916952210643444
0,41.9517,4.325,-1.7717265091199295
0,41.9517,4.328125,-1.7522329449723733
0,41.9517,4.331250000000001,-1.7332054798450784
0,41.9517,4.334375,-1.7146349667617833
0,41.9517,4.3375,-1.6965121870790179
0,41.9517,4.340625,-1.6788278722910919
0,41.9517,4.34375,-1.6615727216200527
0,41.9517,4.346875000000001,-1.644737415871579
0,41.9517,4.35,-1.628312628003465
0,41.9517,4.353125,-1.6122890308190494
0,41.9517,4.35625,-1.5966573021651749
0,41.9517,4.359375,-1.5814081279837606
0,41.9517,4.362500000000001,-1.5665322035406548
0,41.9517,4.365625,-1.5520202331348694
0,41.9517,4.36875,-1.5378629285772996
0,41.9517,4.371875,-1.5240510067213568
0,41.9517,4.375,-1.510575186327856
0,41.9517,4.378125000000001,-1.4974261845545094
0,41.9517,4.38125,-1.484594713374463
0,41.9517,4.384375,-1.4720714762485783
0,41.9517,4.3875,-1.4598471654011635
0,41.9517,4.390625,-1.4479124600759703
0,41.9517,4.393750000000001,-1.4362580261775044
0,41.9517,4.396875,-1.424874517727858
0,41.9517,4.4,-1.413752580588926
0,41.9517,4.403125,-1.4028828589102065
0,41.9517,4.40625,-1.3922560047587602
0,41.9517,4.409375000000001,-1.3818626913672876
0,41.9517,4.4125,-1.3716936303935718
0,41.9517,4.415625,-1.3617395935168195
0,41.9517,4.41875,-1.3519914386008944
0,41.9517,4.421875,-1.3424401405289133
0,41.9517,4.425000000000001,-1.3330768266592603
0,41.9517,4.428125,-1.3238928166709059
0,41.9517,4.43125,-1.3148796663614575
0,41.9517,4.434375,-1.3060292147417367
0,41.9517,4.4375,-1.2973336335455705
0,41.9517,4.440625000000001,-1.2887854780563648
0,41.9517,4.44375,-1.2803777379563404
0,41.9517,4.446875,-1.2721038867463164
0,41.9517,4.45,-1.2639579281786353
0,41.9517,4.453125,-1.255934438106596
0,41.9517,4.456250000000001,-1.248028600191625
0,41.9517,4.459375,-1.240236234029465
0,41.9517,4.4625,-1.2325538144593247
0,41.9517,4.465625,-1.2249784810985285
0,41.9517,4.46875,-1.2175080374864693
0,41.9517,4.471875000000001,-1.2101409396072527
0,41.9517,4.475,-1.2028762739666576
0,41.9517,4.478125,-1.1957137258006527
0,41.9517,4.48125,-1.1886535383643302
0,41.9517,4.484375,-1.1816964645680696
0,41.9517,4.487500000000001,-1.174843712474191
0,41.9517,4.490625,-1.1680968863289996
0,41.9517,4.49375,-1.1614579248770445
0,41.9517,4.496875,-1.1549290386878694
0,41.9517,4.5,-1.148512648128322
0,41.9517,4.503125000000001,-1.142211323449016
0,41.9517,4.50625,-1.13602772823774
0,41.9517,4.509375,-1.129964567243862
0,41.9517,4.5125,-1.1240245393140527
0,41.9517,4.515625,-1.1182102959170186
0,41.9517,4.518750000000001,-1.1125244054877603
0,41.9517,4.521875,-1.1069693236001623
0,41.9517,4.525,-1.1015473687879629
0,41.9517,4.528125,-1.0962607036821221
0,41.9517,4.53125,-1.0911113210178311
0,41.9517,4.534375000000001,-1.0861010339859414
0,41.9517,4.5375,-1.0812314703576738
0,41.9517,4.540625,-1.0765040697939343
0,41.9517,4.54375,-1.071920083756643
0,41.9517,4.546875,-1.0674805774635703
0,41.9517,4.550000000000001,-1.063186433366167
0,41.9517,4.553125,-1.0590383556766827
0,41.9517,4.55625,-1.0550368755232717
0,41.9517,4.559375,-1.0511823563665557
0,41.9517,4.5625,-1.0474749993656707
0,41.9517,4.565625000000001,-1.043914848434839
0,41.9517,4.56875,-1.0405017947813593
0,41.9517,4.571875,-1.0372355807621505
0,41.9517,4.575,-1.0341158029382516
0,41.9517,4.578125,-1.0311419142447422
0,41.9517,4.581250000000001,-1.0283132252279243
0,41.9517,4.584375,-1.025628904332281
0,41.9517,4.5875,-1.0230879772473134
0,41.9517,4.590625,-1.020689325349336
0,41.9517,4.59375,-1.0184316832958937
0,41.9517,4.596875000000001,-1.0163136358514335
0,41.9517,4.6,-1.014333614042276
0,41.9517,4.603125,-1.0124898907572057
0,41.9517,4.60625,-1.0107805759274606
0,41.9517,4.609375,-1.0092036114363754
0,41.9517,4.612500000000001,-1.0077567659247395
0,41.9517,4.615625,-1.0064376296727562
0,41.9517,4.61875,-1.0052436097531674
0,41.9517,4.621875,-1.0041719256623827
0,41.9517,4.625,-1.003219605646795
0,41.9517,4.628125000000001,-1.002383483949446
0,41.9517,4.63125,-1.0016601992071494
0,41.9517,4.634375,-1.001046194229554
0,41.9517,4.6375,-1.0005377173886816
0,41.9517,4.640625,-1.0001308258396056
0,41.9517,4.643750000000001,-0.9998213907796261
0,41.9517,4.646875,-0.9996051049339902
0,41.9517,4.65,-0.9994774924306996
0,41.9517,4.653125,-0.9994339211950994
0,41.9517,4.65625,-0.9994696179569297
0,41.9517,4.659375000000001,-0.9995796859187988
0,41.9517,4.6625,-0.9997591250863427
0,41.9517,4.665625,-1.0000028552076465
0,41.9517,4.66875,-1.0003057412142153
0,41.9517,4.671875,-1.0006626209992542
0,41.9517,4.675000000000001,-1.0010683353129761
0,41.9517,4.678125,-1.0015177595007179
0,41.9517,4.68125,-1.0020058367593834
0,41.9517,4.684375,-1.0025276125425702
0,41.9517,4.6875,-1.0030782697058256
0,41.9517,4.690625000000001,-1.0036531639515327
0,41.9517,4.69375,-1.0042478591084003
0,41.9517,4.696875,-1.0048581617634174
0,41.9517,4.7,-1.0054801547540637
0,41.9517,4.703125,-1.0061102290250457
0,41.9517,4.706250000000001,-1.0067451133560803
0,41.9517,4.709375,-1.007381901474713
0,41.9517,4.7125,-1.008018076080255
0,41.9517,4.715625,-1.0086515293214509
0,41.9517,4.71875,-1.0092805792916266
0,41.9517,4.721875000000001,-1.00990398213119
0,41.9517,4.725,-1.010520939359255
0,41.9517,4.728125,-1.0111311000948013
0,41.9517,4.73125,-1.0117345578739372
0,41.9517,4.734375,-1.012331841824373
0,41.9517,4.737500000000001,-1.012923902021263
0,41.9517,4.740625,-1.013512088920066
0,41.9517,4.74375,-1.0140981268409768
0,41.9517,4.746875,-1.014684081564372
0,41.9517,4.75,-1.0152723221854238
0,41.9517,4.753125000000001,-1.0158654774660405
0,41.9517,4.75625,-1.0164663870108535
0,41.9517,4.759375,-1.017078047678383
0,41.9517,4.7625,-1.0177035557163505
0,41.9517,4.765625,-1.0183460451794897
0,41.9517,4.768750000000001,-1.0190086232479842
0,41.9517,4.771875,-1.0196943031143486
0,41.9517,4.775,-1.0204059351467631
0,41.9517,4.778125,-1.021146137068548
0,41.9517,4.78125,-1.0219172239186558
0,41.9517,4.784375000000001,-1.0227211385787636
0,41.9517,4.7875,-1.0235593836712038
0,41.9517,4.790625,-1.0244329556508138
0,41.9517,4.79375,-1.025342281934384
0,41.9517,4.796875,-1.0262871619349374
0,41.9517,4.800000000000001,-1.0272667128943973
0,41.9517,4.803125,-1.0282793214360664
0,41.9517,4.80625,-1.0293226017850832
0,41.9517,4.809375,-1.0303933616263978
0,41.9517,4.8125,-1.0314875765803297
0,41.9517,4.815625000000001,-1.032600374268477
0,41.9517,4.81875,-1.0337260289101076
0,41.9517,4.821875,-1.0348579673230767
0,41.9517,4.825,-1.0359887870964055
0,41.9517,4.828125,-1.0371102875477112
0,41.9517,4.831250000000001,-1.03821351387405
0,41.9517,4.834375,-1.039288814649071
0,41.9517,4.8375,-1.040325912516702
0,41.9517,4.840625,-1.041313987590791
0,41.9517,4.84375,-1.0422417727050959
0,41.9517,4.846875000000001,-1.0430976592872272
0,41.9517,4.85,-1.0438698122754573
0,41.9517,4.853125,-1.0445462921821242
0,41.9517,4.85625,-1.0451151821544662
0,41.9517,4.859375,-1.0455647177122978
0,41.9517,4.862500000000001,-1.0458834167657671
0,41.9517,4.865625,-1.0460602075408802
0,41.9517,4.86875,-1.0460845521626583
0,41.9517,4.871875,-1.0459465638533036
0,41.9517,4.875,-1.0456371159760713
0,41.9517,4.878125000000001,-1.0451479414696152
0,41.9517,4.88125,-1.0444717215452473
0,41.9517,4.884375,-1.0436021628350742
0,41.9517,4.8875,-1.0425340624606767
0,41.9517,4.890625,-1.041263360725127
0,41.9517,4.893750000000001,-1.0397871813089026
0,41.9517,4.896875,-1.0381038589736797
0,41.9517,4.9,-1.0362129548553978
0,41.9517,4.903125,-1.0341152594725198
0,41.9517,4.90625,-1.031812783602827
0,41.9517,4.909375000000001,-1.0293087372086254
0,41.9517,4.9125,-1.026607496629611
0,41.9517,4.915625,-1.0237145603253406
0,41.9517,4.91875,-1.020636493540786
0,41.9517,4.921875,-1.0173808623893408
0,41.9517,4.925000000000001,-1.0139561579941194
0,41.9517,4.928125,-1.01037171149226
0,41.9517,4.93125,-1.0066376008779394
0,41.9517,4.934375,-1.0027645508259029
0,41.9517,4.9375,-0.9987638267863206
0,41.9517,4.940625000000001,-0.9946471247630126
0,41.9517,4.94375,-0.9904264582712864
0,41.9517,4.946875,-0.9861140440126472
0,41.9517,4.95,-0.9817221877984592
0,41.9517,4.953125,-0.9772631722028509
0,41.9517,4.956250000000001,-0.9727491473303554
0,41.9517,4.959375,-0.9681920259509876
0,41.9517,4.9625,-0.9636033840927607
0,41.9517,4.965625,-0.9589943679977698
0,41.9517,4.96875,-0.9543756081524891
0,41.9517,4.971875000000001,-0.9497571409056266
0,41.9517,4.975,-0.9451483379963214
0,41.9517,4.978125,-0.9405578441396135
0,41.9517,4.98125,-0.9359935226612981
0,41.9517,4.984375,-0.9314624090447892
0,41.9517,4.987500000000001,-0.9269706721518359
0,41.9517,4.990625,-0.9225235828076347
0,41.9517,4.99375,-0.9181254893990314
0,41.9517,4.996875,-0.9137798001204991
0,41.9517,5.0,-0.909488971513513
0,41.9517,5.003125,-0.9052545029776161
0,41.9517,5.0062500000000005,-0.9010769369814959
0,41.9517,5.009375,-0.8969558647653785
0,41.9517,5.0125,-0.8928899373972695
0,41.9517,5.015625,-0.8888768821201708
0,41.9517,5.01875,-0.8849135240006766
0,41.9517,5.0218750000000005,-0.8809958129566111
0,41.9517,5.025,-0.8771188562983735
0,41.9517,5.028125,-0.8732769569611222
0,41.9517,5.03125,-0.869463657629384
0,41.9517,5.034375,-0.8656717909587531
0,41.9517,5.0375000000000005,-0.8618935360785238
0,41.9517,5.040625,-0.8581204815124801
0,41.9517,5.04375,-0.8543436945815616
0,41.9517,5.046875,-0.8505537972517594
0,41.9517,5.05,-0.8467410482643547
0,41.9517,5.0531250000000005,-0.8428954312358722
0,41.9517,5.05625,-0.8390067482455207
0,41.9517,5.059375,-0.8350647182433244
0,41.9517,5.0625,-0.8310590794190803
0,41.9517,5.065625,-0.8269796944779877
0,41.9517,5.0687500000000005,-0.8228166575819064
0,41.9517,5.071875,-0.8185604015447754
0,41.9517,5.075,-0.8142018037260796
0,41.9517,5.078125,-0.8097322889567082
0,41.9517,5.08125,-0.8051439277652901
0,41.9517,5.0843750000000005,-0.8004295281574063
0,41.9517,5.0875,-0.7955827192400832
0,41.9517,5.090625,-0.7905980250825803
0,41.9517,5.09375,-0.7854709273619529
0,41.9517,5.096875,-0.780197915555355
0,41.9517,5.1000000000000005,-0.7747765237048719
0,41.9517,5.103125,-0.7692053530861943
0,41.9517,5.10625,-0.7634840804484603
0,41.9517,5.109375,-0.7576134518460302
0,41.9517,5.1125,-0.7515952624390672
0,41.9517,5.1156250000000005,-0.7454323229836888
0,41.9517,5.11875,-0.7391284140490691
0,41.9517,5.121875,-0.7326882292746135
0,41.9517,5.125,-0.7261173092035325
0,41.9517,5.128125,-0.7194219673906186
0,41.9517,5.1312500000000005,-0.7126092105762794
0,41.9517,5.134375,-0.7056866547437902
0,41.9517,5.1375,-0.6986624388341833
0,41.9517,5.140625,-0.6915451377890302
0,41.9517,5.14375,-0.6843436764345411
0,41.9517,5.1468750000000005,-0.6770672455231773
0,41.9517,5.15,-0.6697252210252558
0,41.9517,5.153125,-0.662327087527779
0,41.9517,5.15625,-0.6548823663659026
0,41.9517,5.159375,-0.647400548897103
0,41.9517,5.1625000000000005,-0.6398910351403523
0,41.9517,5.165625,-0.6323630778497227
0,41.9517,5.16875,-0.6248257319775335
0,41.9517,5.171875,-0.617287809406165
0,41.9517,5.175,-0.6097578387860295
0,41.9517,5.1781250000000005,-0.6022440303033842
0,41.9517,5.18125,-0.5947542452073132
0,41.9517,5.184375,-0.5872959699412019
0,41.9517,5.1875,-0.5798762947423386
0,41.9517,5.190625,-0.572501896586636
0,41.9517,5.1937500000000005,-0.565179026359536
0,41.9517,5.196875,-0.5579135001264115
0,41.9517,5.2,-0.5507106943562055
0,41.9517,5.203125,-0.5435755449227109
0,41.9517,5.20625,-0.5365125496717509
0,41.9517,5.2093750000000005,-0.5295257743037503
0,41.9517,5.2125,-0.5226188612836297
0,41.9517,5.215625,-0.5157950414571355
0,41.9517,5.21875,-0.5090571480275646
0,41.9517,5.221875,-0.5024076325308714
0,41.9517,5.2250000000000005,-0.4958485824413918
0,41.9517,5.228125,-0.4893817400446295
0,41.9517,5.23125,-0.483008522226811
0,41.9517,5.234375,-0.47673004085208875
0,41.9517,5.2375,-0.4705471234253273
0,41.9517,5.2406250000000005,-0.4644603337698788
0,41.9517,5.24375,-0.45846999248370185
0,41.9517,5.246875,-0.45257619697204376
0,41.9517,5.25,-0.44677884088948444
0,41.9517,5.253125,-0.441077632857118
0,41.9517,5.2562500000000005,-0.43547211435146677
0,41.9517,5.259375,-0.42996167668969604
0,41.9517,5.2625,-0.4245455770605203
0,41.9517,5.265625,-0.41922295357187633
0,41.9517,5.26875,-0.4139928393047852
0,41.9517,5.2718750000000005,-0.4088541753781926
0,41.9517,5.275,-0.4038058230420731
0,41.9517,5.278125,-0.3988465748259328
0,41.9517,5.28125,-0.3939751647775042
0,41.9517,5.284375,-0.3891902778319587
0,41.9517,5.2875000000000005,-0.38449055835587614
0,41.9517,5.290625,-0.3798746179126313
0,41.9517,5.29375,-0.3753410422970881
0,41.9517,5.296875,-0.3708883978877937
0,41.9517,5.3,-0.36651523736432967
0,41.9517,5.3031250000000005,-0.36222010483640704
0,41.9517,5.30625,-0.35800154042972776
0,41.9517,5.309375,-0.3538580843717505
0,41.9517,5.3125,-0.34978828061840844
0,41.9517,5.315625,-0.3457906800605538
0,41.9517,5.3187500000000005,-0.34186384334658143
0,41.9517,5.321875,-0.3380063433553499
0,41.9517,5.325,-0.33421676735114103
0,41.9517,5.328125,-0.33049371885018436
0,41.9517,5.33125,-0.32683581922600485
0,41.9517,5.3343750000000005,-0.32324170907877436
0,41.9517,5.3375,-0.3197100493918318
0,41.9517,5.340625,-0.31623952249662
0,41.9517,5.34375,-0.31282883286553315
0,41.9517,5.346875,-0.3094767077504717
0,41.9517,5.3500000000000005,-0.30618189768335724
0,41.9517,5.353125,-0.3029431768534251
0,41.9517,5.35625,-0.29975934337474675
0,41.9517,5.359375,-0.29662921945624665
0,41.9517,5.3625,-0.29355165148529705
0,41.9517,5.3656250000000005,-0.29052551003495913
0,41.9517,5.36875,-0.28754968980397555
0,41.9517,5.371875,-0.28462310949773406
0,41.9517,5.375,-0.28174471165763926
0,41.9517,5.378125,-0.27891346244558324
0,41.9517,5.3812500000000005,-0.2761283513895465
0,41.9517,5.384375,-0.2733883910957574
0,41.9517,5.3875,-0.2706926169322728
0,41.9517,5.390625,-0.2680400866883639
0,41.9517,5.39375,-0.2654298802136167
0,41.9517,5.3968750000000005,-0.26286109904025134
0,41.9517,5.4,-0.2603328659917943
0,41.9517,5.403125,-0.25784432478088803
0,41.9517,5.40625,-0.2553946395987335
0,41.9517,5.409375,-0.25298299469836516
0,41.9517,5.4125000000000005,-0.2506085939737214
0,41.9517,5.415625,-0.2482706605362449
0,41.9517,5.41875,-0.2459684362905322
0,41.9517,5.421875,-0.2437011815103922
0,41.9517,5.425,-0.2414681744164816
0,41.9517,5.4281250000000005,-0.23926871075655431
0,41.9517,5.43125,-0.23710210338922358
0,41.9517,5.434375,-0.2349676818720048
0,41.9517,5.4375,-0.23286479205432223
0,41.9517,5.440625,-0.2307927956760415
0,41.9517,5.4437500000000005,-0.2287510699720169
0,41.9517,5.446875,-0.22673900728306667
0,41.9517,5.45,-0.22475601467370337
0,41.9517,5.453125,-0.22280151355691238
0,41.9517,5.45625,-0.22087493932618735
0,41.9517,5.4593750000000005,-0.21897574099500372
0,41.9517,5.4625,-0.21710338084385794
0,41.9517,5.465625,-0.21525733407495823
0,41.9517,5.46875,-0.2134370884746338
0,41.9517,5.471875,-0.21164214408348045
0,41.9517,5.4750000000000005,-0.2098720128742469
0,41.9517,5.478125,-0.2081262184374391
0,41.9517,5.48125,-0.20640429567459428
0,41.9517,5.484375,-0.20470579049917179
0,41.9517,5.4875,-0.203030259544977
0,41.9517,5.4906250000000005,-0.2013772698820318
0,41.9517,5.49375,-0.19974639873979247
0,41.9517,5.496875,-0.19813723323759747
0,41.9517,5.5,-0.19654937012223594
0,41.9517,5.503125,-0.19498241551250395
0,41.9517,5.5062500000000005,-0.19343598465061954
0,41.9517,5.509375,-0.19190970166036603
0,41.9517,5.5125,-0.1904031993118131
0,41.9517,5.515625,-0.18891611879248693
0,41.9517,5.51875,-0.1874481094848386
0,41.9517,5.5218750000000005,-0.18599882874986698
0,41.9517,5.525,-0.18456794171675395
0,41.9517,5.528125,-0.18315512107835985
0,41.9517,5.53125,-0.18176004689244318
0,41.9517,5.534375,-0.1803824063884538
0,41.9517,5.5375000000000005,-0.1790218937797577
0,41.9517,5.540625,-0.17767821008115536
0,41.9517,5.54375,-0.1763510629315464
0,41.9517,5.546875,-0.1750401664216111
0,41.9517,5.55,-0.17374524092636603
0,41.9517,5.5531250000000005,-0.1724660129424635
0,41.9517,5.55625,-0.17120221493010418
0,41.9517,5.559375,-0.16995358515942785
0,41.9517,5.5625,-0.1687198675612659
0,41.9517,5.565625,-0.16750081158212426
0,41.9517,5.5687500000000005,-0.16629617204327782
0,41.9517,5.571875,-0.16510570900386115
0,41.9517,5.575,-0.16392918762783534
0,41.9517,5.578125,-0.16276637805472172
0,41.9517,5.58125,-0.1616170552739931
0,41.9517,5.5843750000000005,-0.16048099900301158
0,41.9517,5.5875,-0.15935799356841576
0,41.9517,5.590625,-0.15824782779084576
0,41.9517,5.59375,-0.157150294872918
0,41.9517,5.596875,-0.15606519229034635
0,41.9517,5.6000000000000005,-0.15499232168611887
0,41.9517,5.603125,-0.15393148876764035
0,41.9517,5.60625,-0.15288250320674884
0,41.9517,5.609375,-0.15184517854252436
0,41.9517,5.6125,-0.15081933208680498
0,41.9517,5.6156250000000005,-0.1498047848323284
0,41.9517,5.61875,-0.14880136136342292
0,41.9517,5.621875,-0.1478088897691685
0,41.9517,5.625,-0.14682720155895704
0,41.9517,5.628125,-0.14585613158037838
0,41.9517,5.6312500000000005,-0.1448955179393638
0,41.9517,5.634375,-0.14394520192251856
0,41.9517,5.6375,-0.14300502792157688
0,41.9517,5.640625,-0.14207484335992007
0,41.9517,5.64375,-0.14115449862109172
0,41.9517,5.6468750000000005,-0.14024384697925335
0,41.9517,5.65,-0.13934274453152232
0,41.9517,5.653125,-0.13845105013213332
0,41.9517,5.65625,-0.1375686253283744
0,41.9517,5.659375,-0.13669533429823993
0,41.9517,5.6625000000000005,-0.13583104378975258
0,41.9517,5.665625,-0.1349756230619043
0,41.9517,5.66875,-0.13412894382716672
0,41.9517,5.671875,-0.13329088019552823
0,41.9517,5.675,-0.13246130862000935
0,41.9517,5.6781250000000005,-0.13164010784361485
0,41.9517,5.68125,-0.13082715884768095
0,41.9517,5.684375,-0.13002234480157346
0,41.9517,5.6875,-0.12922555101370223
0,41.9517,5.690625,-0.12843666488380961
0,41.9517,5.6937500000000005,-0.12765557585649787
0,41.9517,5.696875,-0.1268821753759596
0,41.9517,5.7,-0.12611635684187378
0,41.9517,5.703125,-0.12535801556643797
0,41.9517,5.70625,-0.12460704873250028
0,41.9517,5.7093750000000005,-0.12386335535276123
0,41.9517,5.7125,-0.12312683623001518
0,41.9517,5.715625,-0.1223973939183987
0,41.9517,5.71875,-0.12167493268562155
0,41.9517,5.721875,-0.12095935847614873
0,41.9517,5.7250000000000005,-0.1202505788753075
0,41.9517,5.728125,-0.11954850307429525
0,41.9517,5.73125,-0.11885304183605823
0,41.9517,5.734375,-0.11816410746202138
0,41.9517,5.7375,-0.11748161375964276
0,41.9517,5.7406250000000005,-0.1168054760107694
0,41.9517,5.74375,-0.11613561094077397
0,41.9517,5.746875,-0.11547193668844728
0,41.9517,5.75,-0.11481437277662945
0,41.9517,5.753125,-0.11416284008355627
0,41.9517,5.7562500000000005,-0.11351726081490202
0,41.9517,5.759375,-0.11287755847650106
0,41.9517,5.7625,-0.1122436578477254
0,41.9517,5.765625,-0.11161548495550518
0,41.9517,5.76875,-0.11099296704897123
0,41.9517,5.7718750000000005,-0.1103760325747037
0,41.9517,5.775,-0.10976461115257113
0,41.9517,5.778125,-0.10915863355214113
0,41.9517,5.78125,-0.10855803166965172
0,41.9517,5.784375,-0.10796273850552379
0,41.9517,5.7875000000000005,-0.10737268814240304
0,41.9517,5.790625,-0.10678781572371635
0,41.9517,5.79375,-0.10620805743272722
0,41.9517,5.796875,-0.10563335047208083
0,41.9517,5.800000000000001,-0.10506363304382108
0,41.9517,5.8031250000000005,-0.10449884432987175
0,41.9517,5.80625,-0.10393892447296442
0,41.9517,5.809375,-0.10338381455800688
0,41.9517,5.8125,-0.10283345659387597
0,41.9517,5.815625000000001,-0.10228779349562629
0,41.9517,5.8187500000000005,-0.10174676906710331
0,41.9517,5.821875,-0.10121032798394945
0,41.9517,5.825,-0.10067841577699484
0,41.9517,5.828125,-0.10015097881602057
0,41.9517,5.831250000000001,-0.09962796429388716
0,41.9517,5.8343750000000005,-0.09910932021101702
0,41.9517,5.8375,-0.09859499536022223
0,41.9517,5.840625,-0.09808493931186987
0,41.9517,5.84375,-0.09757910239937534
0,41.9517,5.846875000000001,-0.0970774357050147
0,41.9517,5.8500000000000005,-0.09657989104605094
0,41.9517,5.853125,-0.09608642096116121
0,41.9517,5.85625,-0.09559697869716294
0,41.9517,5.859375,-0.09511151819602766
0,41.9517,5.862500000000001,-0.09462999408217632
0,41.9517,5.8656250000000005,-0.09415236165005046
0,41.9517,5.86875,-0.09367857685194908
0,41.9517,5.871875,-0.09320859628612913
0,41.9517,5.875,-0.09274237718515889
0,41.9517,5.878125000000001,-0.09227987740452068
0,41.9517,5.8812500000000005,-0.09182105541145644
0,41.9517,5.884375,-0.09136587027404826
0,41.9517,5.8875,-0.09091428165053105
0,41.9517,5.890625,-0.0904662497788297
0,41.9517,5.893750000000001,-0.09002173546631588
0,41.9517,5.8968750000000005,-0.08958070007977971
0,41.9517,5.9,-0.08914310553560946
0,41.9517,5.903125,-0.08870891429017659
0,41.9517,5.90625,-0.08827808933041963
0,41.9517,5.909375000000001,-0.0878505941646222
0,41.9517,5.9125000000000005,-0.08742639281338181
0,41.9517,5.915625,-0.08700544980076312
0,41.9517,5.91875,-0.08658773014563269
0,41.9517,5.921875,-0.08617319935317036
0,41.9517,5.925000000000001,-0.08576182340655324
0,41.9517,5.9281250000000005,-0.08535356875880881
0,41.9517,5.93125,-0.08494840232483122
0,41.9517,5.934375,-0.08454629147355969
0,41.9517,5.9375,-0.08414720402031342
0,41.9517,5.940625000000001,-0.08375110821928006
0,41.9517,5.9437500000000005,-0.08335797275615409
0,41.9517,5.946875,-0.08296776674092123
0,41.9517,5.95,-0.08258045970078624
0,41.9517,5.953125,-0.08219602157324085
0,41.9517,5.956250000000001,-0.08181442269926727
0,41.9517,5.9593750000000005,-0.08143563381667689
0,41.9517,5.9625,-0.08105962605357722
0,41.9517,5.965625,-0.0806863709219684
0,41.9517,5.96875,-0.08031584031146323
0,41.9517,5.971875000000001,-0.07994800648312934
0,41.9517,5.9750000000000005,-0.07958284206345098
0,41.9517,5.978125,-0.07922032003840587
0,41.9517,5.98125,-0.07886041374765772
0,41.9517,5.984375,-0.07850309687885876
0,41.9517,5.987500000000001,-0.07814834346206186
0,41.9517,5.9906250000000005,-0.07779612786423896
0,41.9517,5.99375,-0.0774464247839032
0,41.9517,5.996875,-0.07709920924583376
0,41.9517,6.0,-0.07675445659589934
