"Current","Field","Frequency","Spectra"
0,40.3361,1.0,-0.020592621399312287
0,40.3361,1.003125,-0.02065266121216506
0,40.3361,1.00625,-0.020713028610131468
0,40.3361,1.009375,-0.02077372638646252
0,40.3361,1.0125,-0.020834757366777132
0,40.3361,1.015625,-0.02089612440952879
0,40.3361,1.01875,-0.02095783040648023
0,40.3361,1.021875,-0.021019878283186254
0,40.3361,1.025,-0.021082270999484724
0,40.3361,1.028125,-0.021145011549996096
0,40.3361,1.03125,-0.02120810296463152
0,40.3361,1.034375,-0.02127154830910967
0,40.3361,1.0375,-0.021335350685482618
0,40.3361,1.040625,-0.021399513232670708
0,40.3361,1.04375,-0.021464039127006857
0,40.3361,1.046875,-0.021528931582790286
0,40.3361,1.05,-0.021594193852849924
0,40.3361,1.053125,-0.021659829229117727
0,40.3361,1.05625,-0.021725841043212023
0,40.3361,1.059375,-0.021792232667031203
0,40.3361,1.0625,-0.021859007513357842
0,40.3361,1.065625,-0.021926169036473528
0,40.3361,1.06875,-0.02199372073278462
0,40.3361,1.071875,-0.02206166614145911
0,40.3361,1.075,-0.02213000884507495
0,40.3361,1.078125,-0.02219875247027979
0,40.3361,1.08125,-0.02226790068846277
0,40.3361,1.084375,-0.022337457216438185
0,40.3361,1.0875,-0.02240742581714166
0,40.3361,1.090625,-0.02247781030033879
0,40.3361,1.09375,-0.022548614523346572
0,40.3361,1.096875,-0.022619842391768154
0,40.3361,1.1,-0.022691497860240772
0,40.3361,1.103125,-0.02276358493319737
0,40.3361,1.10625,-0.02283610766564231
0,40.3361,1.109375,-0.0229090701639411
0,40.3361,1.1125,-0.022982476586624896
0,40.3361,1.115625,-0.023056331145209625
0,40.3361,1.11875,-0.023130638105030438
0,40.3361,1.121875,-0.023205401786091574
0,40.3361,1.125,-0.02328062656393198
0,40.3361,1.128125,-0.023356316870507203
0,40.3361,1.13125,-0.023432477195087648
0,40.3361,1.134375,-0.023509112085173728
0,40.3361,1.1375,-0.02358622614742829
0,40.3361,1.140625,-0.023663824048626422
0,40.3361,1.14375,-0.02374191051662343
0,40.3361,1.146875,-0.023820490341341045
0,40.3361,1.15,-0.023899568375772333
0,40.3361,1.153125,-0.02397914953700589
0,40.3361,1.15625,-0.02405923880726943
0,40.3361,1.159375,-0.02413984123499351
0,40.3361,1.1625,-0.02422096193589557
0,40.3361,1.165625,-0.02430260609408494
0,40.3361,1.16875,-0.02438477896318917
0,40.3361,1.171875,-0.024467485867502053
0,40.3361,1.175,-0.02455073220315417
0,40.3361,1.178125,-0.024634523439305975
0,40.3361,1.18125,-0.02471886511936433
0,40.3361,1.184375,-0.02480376286222285
0,40.3361,1.1875,-0.024889222363526465
0,40.3361,1.190625,-0.024975249396961042
0,40.3361,1.19375,-0.025061849815568377
0,40.3361,1.196875,-0.025149029553087187
0,40.3361,1.2,-0.025236794625320816
0,40.3361,1.203125,-0.025325151131532025
0,40.3361,1.20625,-0.02541410525586576
0,40.3361,1.209375,-0.025503663268800332
0,40.3361,1.2125,-0.025593831528627653
0,40.3361,1.215625,-0.02568461648296346
0,40.3361,1.21875,-0.025776024670287768
0,40.3361,1.221875,-0.025868062721516698
0,40.3361,1.225,-0.025960737361606173
0,40.3361,1.228125,-0.026054055411188118
0,40.3361,1.23125,-0.02614802378824025
0,40.3361,1.234375,-0.026242649509789957
0,40.3361,1.2375,-0.026337939693653112
0,40.3361,1.240625,-0.0264339015602088
0,40.3361,1.24375,-0.026530542434210526
0,40.3361,1.246875,-0.026627869746635148
0,40.3361,1.25,-0.026725891036569922
0,40.3361,1.253125,-0.026824613953139096
0,40.3361,1.25625,-0.026924046257470614
0,40.3361,1.259375,-0.027024195824703976
0,40.3361,1.2625,-0.027125070646040413
0,40.3361,1.265625,-0.02722667883083609
0,40.3361,1.26875,-0.027329028608739665
0,40.3361,1.271875,-0.02743212833187505
0,40.3361,1.275,-0.027535986477070586
0,40.3361,1.278125,-0.027640611648135777
0,40.3361,1.28125,-0.027746012578186596
0,40.3361,1.284375,-0.027852198132020736
0,40.3361,1.2875,-0.027959177308543838
0,40.3361,1.290625,-0.028066959243248132
0,40.3361,1.29375,-0.028175553210744626
0,40.3361,1.296875,-0.028284968627350256
0,40.3361,1.3,-0.02839521505373129
0,40.3361,1.303125,-0.02850630219760447
0,40.3361,1.30625,-0.028618239916497222
0,40.3361,1.309375,-0.02873103822056851
0,40.3361,1.3125,-0.028844707275491745
0,40.3361,1.315625,-0.028959257405401395
0,40.3361,1.31875,-0.029074699095904898
0,40.3361,1.321875,-0.029191042997161375
0,40.3361,1.325,-0.029308299927029168
0,40.3361,1.328125,-0.029426480874283446
0,40.3361,1.33125,-0.029545597001906253
0,40.3361,1.334375,-0.029665659650450295
0,40.3361,1.3375,-0.029786680341478744
0,40.3361,1.340625,-0.02990867078108289
0,40.3361,1.34375,-0.030031642863479514
0,40.3361,1.346875,-0.030155608674690235
0,40.3361,1.35,-0.03028058049630492
0,40.3361,1.353125,-0.030406570809331172
0,40.3361,1.35625,-0.030533592298132413
0,40.3361,1.359375,-0.03066165785445661
0,40.3361,1.3625,-0.030790780581558215
0,40.3361,1.365625,-0.030920973798415723
0,40.3361,1.36875,-0.031052251044047206
0,40.3361,1.371875,-0.031184626081926837
0,40.3361,1.375,-0.03131811290450439
0,40.3361,1.378125,-0.031452725737831345
0,40.3361,1.38125,-0.031588479046295595
0,40.3361,1.384375,-0.03172538753746828
0,40.3361,1.3875,-0.031863466167065306
0,40.3361,1.390625,-0.03200273014402717
0,40.3361,1.39375,-0.03214319493571965
0,40.3361,1.396875,-0.03228487627325906
0,40.3361,1.4,-0.03242779015696558
0,40.3361,1.403125,-0.03257195286194766
0,40.3361,1.40625,-0.0327173809438214
0,40.3361,1.409375,-0.032864091244568724
0,40.3361,1.4125,-0.033012100898537934
0,40.3361,1.415625,-0.03316142733859058
0,40.3361,1.41875,-0.03331208830239894
0,40.3361,1.421875,-0.03346410183889793
0,40.3361,1.425,-0.03361748631489629
0,40.3361,1.428125,-0.03377226042185069
0,40.3361,1.43125,-0.033928443182808285
0,40.3361,1.434375,-0.034086053959521675
0,40.3361,1.4375,-0.03424511245974152
0,40.3361,1.440625,-0.034405638744691755
0,40.3361,1.44375,-0.03456765323673269
0,40.3361,1.446875,-0.03473117672721704
0,40.3361,1.45,-0.03489623038454495
0,40.3361,1.453125,-0.035062835762422986
0,40.3361,1.45625,-0.035231014808333676
0,40.3361,1.459375,-0.03540078987222132
0,40.3361,1.4625,-0.035572183715400135
0,40.3361,1.465625,-0.035745219519691875
0,40.3361,1.46875,-0.035919920896798636
0,40.3361,1.471875,-0.03609631189791869
0,40.3361,1.475,-0.03627441702361184
0,40.3361,1.478125,-0.03645426123392188
0,40.3361,1.48125,-0.03663586995876369
0,40.3361,1.484375,-0.03681926910858277
0,40.3361,1.4875,-0.0370044850852955
0,40.3361,1.490625,-0.03719154479351815
0,40.3361,1.49375,-0.03738047565209351
0,40.3361,1.496875,-0.03757130560592421
0,40.3361,1.5,-0.03776406313812143
0,40.3361,1.503125,-0.037958777282479164
0,40.3361,1.50625,-0.03815547763628334
0,40.3361,1.509375,-0.03835419437346639
0,40.3361,1.5125000000000002,-0.0385549582581176
0,40.3361,1.515625,-0.038757800658359924
0,40.3361,1.51875,-0.03896275356060515
0,40.3361,1.521875,-0.03916984958419814
0,40.3361,1.525,-0.03937912199646301
0,40.3361,1.5281250000000002,-0.039590604728163316
0,40.3361,1.53125,-0.03980433238938877
0,40.3361,1.534375,-0.04002034028588271
0,40.3361,1.5375,-0.04023866443582315
0,40.3361,1.540625,-0.040459341587072095
0,40.3361,1.5437500000000002,-0.04068240923490815
0,40.3361,1.546875,-0.04090790564025677
0,40.3361,1.55,-0.041135869848435175
0,40.3361,1.553125,-0.041366341708427054
0,40.3361,1.55625,-0.04159936189270495
0,40.3361,1.5593750000000002,-0.04183497191761723
0,40.3361,1.5625,-0.04207321416435794
0,40.3361,1.565625,-0.04231413190053863
0,40.3361,1.56875,-0.04255776930238102
0,40.3361,1.571875,-0.042804171477551056
0,40.3361,1.5750000000000002,-0.04305338448865531
0,40.3361,1.578125,-0.043305455377420775
0,40.3361,1.58125,-0.04356043218958123
0,40.3361,1.584375,-0.04381836400049259
0,40.3361,1.5875,-0.044079300941501906
0,40.3361,1.5906250000000002,-0.044343294227094515
0,40.3361,1.59375,-0.04461039618284536
0,40.3361,1.596875,-0.044880660274201276
0,40.3361,1.6,-0.045154141136121706
0,40.3361,1.603125,-0.045430894603606956
0,40.3361,1.6062500000000002,-0.04571097774314376
0,40.3361,1.609375,-0.04599444888509853
0,40.3361,1.6125,-0.04628136765709148
0,40.3361,1.615625,-0.0465717950183836
0,40.3361,1.61875,-0.04686579329531191
0,40.3361,1.6218750000000002,-0.04716342621780848
0,40.3361,1.625,-0.04746475895704005
0,40.3361,1.628125,-0.047769858164207535
0,40.3361,1.63125,-0.048078792010544324
0,40.3361,1.634375,-0.048391630228555915
0,40.3361,1.6375000000000002,-0.04870844415454338
0,40.3361,1.640625,-0.04902930677245494
0,40.3361,1.64375,-0.049354292759113474
0,40.3361,1.646875,-0.0496834785308662
0,40.3361,1.65,-0.0500169422917081
0,40.3361,1.6531250000000002,-0.0503547640829303
0,40.3361,1.65625,-0.05069702583434714
0,40.3361,1.659375,-0.051043811417158684
0,40.3361,1.6625,-0.05139520669850586
0,40.3361,1.665625,-0.05175129959777937
0,40.3361,1.6687500000000002,-0.052112180144744814
0,40.3361,1.671875,-0.05247794053954903
0,40.3361,1.675,-0.052848675214675914
0,40.3361,1.678125,-0.053224480898921414
0,40.3361,1.68125,-0.05360545668346121
0,40.3361,1.6843750000000002,-0.053991704090087064
0,40.3361,1.6875,-0.05438332714169047
0,40.3361,1.690625,-0.0547804324350763
0,40.3361,1.69375,-0.055183129216190785
0,40.3361,1.696875,-0.055591529457853416
0,40.3361,1.7000000000000002,-0.056005747940084574
0,40.3361,1.703125,-0.05642590233312428
0,40.3361,1.70625,-0.0568521132832427
0,40.3361,1.709375,-0.05728450450144473
0,40.3361,1.7125,-0.05772320285517732
0,40.3361,1.7156250000000002,-0.05816833846315127
0,40.3361,1.71875,-0.058620044793393236
0,40.3361,1.721875,-0.059078458764650454
0,40.3361,1.725,-0.0595437208512725
0,40.3361,1.728125,-0.060015975191702084
0,40.3361,1.7312500000000002,-0.06049536970071097
0,40.3361,1.734375,-0.06098205618552169
0,40.3361,1.7375,-0.06147619046596407
0,40.3361,1.740625,-0.06197793249881775
0,40.3361,1.74375,-0.062487446506501565
0,40.3361,1.7468750000000002,-0.0630049011102748
0,40.3361,1.75,-0.06353046946812232
0,40.3361,1.753125,-0.06406432941750381
0,40.3361,1.75625,-0.06460666362315207
0,40.3361,1.759375,-0.06515765973011517
0,40.3361,1.7625000000000002,-0.065717510522244
0,40.3361,1.765625,-0.06628641408633335
0,40.3361,1.76875,-0.06686457398213647
0,40.3361,1.771875,-0.06745219941847763
0,40.3361,1.775,-0.0680495054356991
0,40.3361,1.7781250000000002,-0.06865671309468727
0,40.3361,1.78125,-0.06927404967273114
0,40.3361,1.784375,-0.06990174886647929
0,40.3361,1.7875,-0.07054005100226757
0,40.3361,1.790625,-0.07118920325410476
0,40.3361,1.7937500000000002,-0.07184945986961136
0,40.3361,1.796875,-0.07252108240421866
0,40.3361,1.8,-0.07320433996394907
0,40.3361,1.803125,-0.07389950945710709
0,40.3361,1.80625,-0.07460687585522632
0,40.3361,1.8093750000000002,-0.07532673246362889
0,40.3361,1.8125,-0.07605938120196618
0,40.3361,1.815625,-0.0768051328951265
0,40.3361,1.81875,-0.0775643075749044
0,40.3361,1.821875,-0.07833723479284523
0,40.3361,1.8250000000000002,-0.07912425394469011
0,40.3361,1.828125,-0.07992571460686157
0,40.3361,1.83125,-0.08074197688544751
0,40.3361,1.834375,-0.0815734117781523
0,40.3361,1.8375,-0.08242040154970322
0,40.3361,1.8406250000000002,-0.08328334012121447
0,40.3361,1.84375,-0.08416263347402463
0,40.3361,1.846875,-0.08505870006854435
0,40.3361,1.85,-0.08597197127865981
0,40.3361,1.853125,-0.0869028918422594
0,40.3361,1.8562500000000002,-0.08785192032846217
0,40.3361,1.859375,-0.08881952962214214
0,40.3361,1.8625,-0.0898062074263598
0,40.3361,1.865625,-0.09081245678332062
0,40.3361,1.86875,-0.09183879661449867
0,40.3361,1.8718750000000002,-0.09288576228057216
0,40.3361,1.875,-0.0939539061618278
0,40.3361,1.878125,-0.09504379825970449
0,40.3361,1.88125,-0.09615602682014743
0,40.3361,1.884375,-0.09729119897945557
0,40.3361,1.8875000000000002,-0.09844994143330449
0,40.3361,1.890625,-0.09963290112962593
0,40.3361,1.89375,-0.10084074598602732
0,40.3361,1.896875,-0.10207416563241903
0,40.3361,1.9,-0.10333387217951388
0,40.3361,1.9031250000000002,-0.10462060101384099
0,40.3361,1.90625,-0.10593511161989516
0,40.3361,1.909375,-0.10727818843001662
0,40.3361,1.9125,-0.10865064170255347
0,40.3361,1.915625,-0.11005330842882022
0,40.3361,1.9187500000000002,-0.11148705326930716
0,40.3361,1.921875,-0.11295276951952883
0,40.3361,1.925,-0.11445138010582692
0,40.3361,1.928125,-0.11598383861134232
0,40.3361,1.93125,-0.11755113033227149
0,40.3361,1.9343750000000002,-0.1191542733643915
0,40.3361,1.9375,-0.12079431971969253
0,40.3361,1.940625,-0.12247235647279461
0,40.3361,1.94375,-0.12418950693662328
0,40.3361,1.946875,-0.12594693186660672
0,40.3361,1.9500000000000002,-0.12774583069240128
0,40.3361,1.953125,-0.12958744277586245
0,40.3361,1.95625,-0.13147304869366144
0,40.3361,1.959375,-0.13340397154256564
0,40.3361,1.9625,-0.13538157826499592
0,40.3361,1.9656250000000002,-0.13740728099199406
0,40.3361,1.96875,-0.13948253840020314
0,40.3361,1.971875,-0.14160885707887294
0,40.3361,1.975,-0.14378779290221796
0,40.3361,1.978125,-0.14602095240171573
0,40.3361,1.9812500000000002,-0.14830999413208124
0,40.3361,1.984375,-0.1506566300237096
0,40.3361,1.9875,-0.15306262671333315
0,40.3361,1.990625,-0.15552980684344997
0,40.3361,1.99375,-0.15806005031978473
0,40.3361,1.9968750000000002,-0.1606552955145772
0,40.3361,2.0,-0.16331754040187374
0,40.3361,2.003125,-0.16604884360921152
0,40.3361,2.00625,-0.1688513253680783
0,40.3361,2.0093750000000004,-0.17172716834334167
0,40.3361,2.0125,-0.17467861831940457
0,40.3361,2.015625,-0.17770798471815816
0,40.3361,2.01875,-0.1808176409208474
0,40.3361,2.021875,-0.18401002436271982
0,40.3361,2.0250000000000004,-0.1872876363657569
0,40.3361,2.028125,-0.19065304167088948
0,40.3361,2.03125,-0.19410886762682605
0,40.3361,2.034375,-0.19765780298797136
0,40.3361,2.0375,-0.20130259626885963
0,40.3361,2.0406250000000004,-0.20504605359703143
0,40.3361,2.04375,-0.2088910360003629
0,40.3361,2.046875,-0.21284045605845459
0,40.3361,2.05,-0.21689727384082985
0,40.3361,2.053125,-0.22106449204736617
0,40.3361,2.0562500000000004,-0.22534515025857138
0,40.3361,2.059375,-0.22974231819508004
0,40.3361,2.0625,-0.2342590878770603
0,40.3361,2.065625,-0.23889856456517297
0,40.3361,2.06875,-0.24366385635537344
0,40.3361,2.0718750000000004,-0.24855806229025276
0,40.3361,2.075,-0.25358425883994595
0,40.3361,2.078125,-0.2587454845959968
0,40.3361,2.08125,-0.2640447230121886
0,40.3361,2.084375,-0.269484883017475
0,40.3361,2.0875000000000004,-0.2750687773180322
0,40.3361,2.090625,-0.2807990981985329
0,40.3361,2.09375,-0.2866783906273744
0,40.3361,2.096875,-0.29270902246735164
0,40.3361,2.1,-0.2988931515927435
0,40.3361,2.1031250000000004,-0.30523268971664796
0,40.3361,2.10625,-0.31172926273953244
0,40.3361,2.109375,-0.31838416744221143
0,40.3361,2.1125,-0.32519832436491325
0,40.3361,2.115625,-0.3321722267398893
0,40.3361,2.1187500000000004,-0.3393058853793782
0,40.3361,2.121875,-0.3465987694650744
0,40.3361,2.125,-0.35404974324091837
0,40.3361,2.128125,-0.3616569986795535
0,40.3361,2.13125,-0.3694179842756146
0,40.3361,2.1343750000000004,-0.37732933021749565
0,40.3361,2.1375,-0.3853867703046901
0,40.3361,2.140625,-0.3935850611111354
0,40.3361,2.14375,-0.401917899046903
0,40.3361,2.146875,-0.4103778361411644
0,40.3361,2.1500000000000004,-0.4189561955580121
0,40.3361,2.153125,-0.427642988062067
0,40.3361,2.15625,-0.4364268308702514
0,40.3361,2.159375,-0.44529487055592865
0,40.3361,2.1625,-0.4542327119065168
0,40.3361,2.1656250000000004,-0.4632243548686797
0,40.3361,2.16875,-0.4722521419376172
0,40.3361,2.171875,-0.48129671854810435
0,40.3361,2.175,-0.49033700919234813
0,40.3361,2.178125,-0.49935021210926894
0,40.3361,2.1812500000000004,-0.5083118154458548
0,40.3361,2.184375,-0.5171956377674629
0,40.3361,2.1875,-0.5259738956736819
0,40.3361,2.190625,-0.5346173010439358
0,40.3361,2.19375,-0.5430951900785934
0,40.3361,2.1968750000000004,-0.5513756858064095
0,40.3361,2.2,-0.5594258950920487
0,40.3361,2.203125,-0.5672121403987418
0,40.3361,2.20625,-0.5747002256491426
0,40.3361,2.209375,-0.5818557344993435
0,40.3361,2.2125000000000004,-0.5886443582235235
0,40.3361,2.215625,-0.595032249236455
0,40.3361,2.21875,-0.6009863951038247
0,40.3361,2.221875,-0.606475006759619
0,40.3361,2.225,-0.6114679136246671
0,40.3361,2.2281250000000004,-0.6159369574620203
0,40.3361,2.23125,-0.6198563761727501
0,40.3361,2.234375,-0.6232031683833635
0,40.3361,2.2375,-0.6259574296462369
0,40.3361,2.240625,-0.628102651395321
0,40.3361,2.2437500000000004,-0.6296259744806341
0,40.3361,2.246875,-0.6305183901360694
0,40.3361,2.25,-0.6307748825837723
0,40.3361,2.253125,-0.6303945090925293
0,40.3361,2.25625,-0.6293804151173477
0,40.3361,2.2593750000000004,-0.627739784069541
0,40.3361,2.2625,-0.625483723210221
0,40.3361,2.265625,-0.6226270890327412
0,40.3361,2.26875,-0.6191882572138208
0,40.3361,2.271875,-0.6151888436921572
0,40.3361,2.2750000000000004,-0.6106533846164605
0,40.3361,2.278125,-0.6056089837503879
0,40.3361,2.28125,-0.6000849364093036
0,40.3361,2.284375,-0.5941123391336179
0,40.3361,2.2875,-0.5877236940956648
0,40.3361,2.2906250000000004,-0.5809525167281863
0,40.3361,2.29375,-0.5738329543015324
0,40.3361,2.296875,-0.5663994222210197
0,40.3361,2.3,-0.5586862637264198
0,40.3361,2.303125,-0.5507274375127346
0,40.3361,2.3062500000000004,-0.5425562366117453
0,40.3361,2.309375,-0.5342050407267968
0,40.3361,2.3125,-0.525705103139946
0,40.3361,2.315625,-0.5170863723422404
0,40.3361,2.31875,-0.5083773476960182
0,40.3361,2.3218750000000004,-0.49960496773510116
0,40.3361,2.325,-0.49079452914844907
0,40.3361,2.328125,-0.48196963407238563
0,40.3361,2.33125,-0.4731521630273853
0,40.3361,2.334375,-0.46436227066515223
0,40.3361,2.3375000000000004,-0.4556184014254102
0,40.3361,2.340625,-0.4469373222230103
0,40.3361,2.34375,-0.43833416937817404
0,40.3361,2.346875,-0.4298225071498213
0,40.3361,2.35,-0.4214143954191271
0,40.3361,2.3531250000000004,-0.4131204642844851
0,40.3361,2.35625,-0.40494999355834044
0,40.3361,2.359375,-0.3969109953913657
0,40.3361,2.3625,-0.38901029848237184
0,40.3361,2.365625,-0.38125363255713607
0,40.3361,2.3687500000000004,-0.3736457120116033
0,40.3361,2.371875,-0.36619031781150374
0,40.3361,2.375,-0.35889037691950076
0,40.3361,2.378125,-0.35174803868154864
0,40.3361,2.38125,-0.34476474774600013
0,40.3361,2.3843750000000004,-0.33794131321263304
0,40.3361,2.3875,-0.3312779738149301
0,40.3361,2.390625,-0.3247744590288524
0,40.3361,2.39375,-0.3184300460762992
0,40.3361,2.396875,-0.3122436128528664
0,40.3361,2.4000000000000004,-0.3062136868589256
0,40.3361,2.403125,-0.30033849025182974
0,40.3361,2.40625,-0.2946159811666515
0,40.3361,2.409375,-0.28904389147455073
0,40.3361,2.4125,-0.2836197611628386
0,40.3361,2.4156250000000004,-0.27834096953019266
0,40.3361,2.41875,-0.2732047633951936
0,40.3361,2.421875,-0.2682082825173166
0,40.3361,2.425,-0.26334858242744036
0,40.3361,2.428125,-0.2586226548604761
0,40.3361,2.4312500000000004,-0.2540274459764696
0,40.3361,2.434375,-0.24955987254890388
0,40.3361,2.4375,-0.2452168362903793
0,40.3361,2.440625,-0.2409952364766613
0,40.3361,2.44375,-0.23689198102053693
0,40.3361,2.4468750000000004,-0.232903996137254
0,40.3361,2.45,-0.22902823473366116
0,40.3361,2.453125,-0.22526168364370033
0,40.3361,2.45625,-0.22160136982369938
0,40.3361,2.459375,-0.21804436561205193
0,40.3361,2.4625000000000004,-0.21458779314942855
0,40.3361,2.465625,-0.2112288280476463
0,40.3361,2.46875,-0.2079647023877765
0,40.3361,2.471875,-0.20479270712099623
0,40.3361,2.475,-0.20171019393907158
0,40.3361,2.4781250000000004,-0.19871457667522915
0,40.3361,2.48125,-0.19580333229047303
0,40.3361,2.484375,-0.19297400149515653
0,40.3361,2.4875,-0.19022418905078145
0,40.3361,2.490625,-0.18755156379254856
0,40.3361,2.4937500000000004,-0.18495385840912237
0,40.3361,2.496875,-0.18242886901234628
0,40.3361,2.5,-0.17997445452625715
0,40.3361,2.503125,-0.17758853592166002
0,40.3361,2.50625,-0.17526909531971177
0,40.3361,2.5093750000000004,-0.17301417498542193
0,40.3361,2.5125,-0.1708218762296675
0,40.3361,2.515625,-0.1686903582362355
0,40.3361,2.51875,-0.16661783682852477
0,40.3361,2.521875,-0.16460258318883297
0,40.3361,2.5250000000000004,-0.16264292254163232
0,40.3361,2.528125,-0.16073723281085409
0,40.3361,2.53125,-0.1588839432599717
0,40.3361,2.534375,-0.15708153312256165
0,40.3361,2.5375,-0.15532853023002477
0,40.3361,2.5406250000000004,-0.15362350964226795
0,40.3361,2.54375,-0.15196509228634514
0,40.3361,2.546875,-0.15035194360735493
0,40.3361,2.55,-0.14878277223525774
0,40.3361,2.553125,-0.1472563286707133
0,40.3361,2.5562500000000004,-0.14577140399254448
0,40.3361,2.559375,-0.14432682858898588
0,40.3361,2.5625,-0.1429214709144913
0,40.3361,2.565625,-0.14155423627352426
0,40.3361,2.56875,-0.14022406563245202
0,40.3361,2.5718750000000004,-0.13892993446039797
0,40.3361,2.575,-0.13767085159966935
0,40.3361,2.578125,-0.1364458581661745
0,40.3361,2.58125,-0.1352540264800655
0,40.3361,2.584375,-0.13409445902668238
0,40.3361,2.5875000000000004,-0.1329662874477468
0,40.3361,2.590625,-0.13186867156263007
0,40.3361,2.59375,-0.13080079841942743
0,40.3361,2.596875,-0.12976188137548372
0,40.3361,2.6,-0.1287511592069419
0,40.3361,2.6031250000000004,-0.12776789524683047
0,40.3361,2.60625,-0.12681137655115157
0,40.3361,2.609375,-0.1258809130923954
0,40.3361,2.6125,-0.12497583697987197
0,40.3361,2.615625,-0.12409550170622441
0,40.3361,2.6187500000000004,-0.12323928141947302
0,40.3361,2.621875,-0.12240657021991982
0,40.3361,2.625,-0.12159678148123876
0,40.3361,2.628125,-0.12080934719507064
0,40.3361,2.63125,-0.1200437173384373
0,40.3361,2.6343750000000004,-0.11929935926329632
0,40.3361,2.6375,-0.11857575710755686
0,40.3361,2.640625,-0.11787241122688633
0,40.3361,2.64375,-0.11718883764664642
0,40.3361,2.646875,-0.11652456753330463
0,40.3361,2.6500000000000004,-0.11587914668468154
0,40.3361,2.653125,-0.11525213503840373
0,40.3361,2.65625,-0.11464310619794826
0,40.3361,2.659375,-0.11405164697567714
0,40.3361,2.6625,-0.11347735695227527
0,40.3361,2.6656250000000004,-0.11291984805202082
0,40.3361,2.66875,-0.11237874413333063
0,40.3361,2.671875,-0.11185368059404205
0,40.3361,2.675,-0.11134430399090507
0,40.3361,2.678125,-0.11085027167277639
0,40.3361,2.6812500000000004,-0.11037125142702107
0,40.3361,2.684375,-0.10990692113864492
0,40.3361,2.6875,-0.10945696846169362
0,40.3361,2.690625,-0.10902109050247272
0,40.3361,2.69375,-0.10859899351415467
0,40.3361,2.6968750000000004,-0.10819039260235597
0,40.3361,2.7,-0.10779501144127979
0,40.3361,2.703125,-0.1074125820000357
0,40.3361,2.70625,-0.10704284427875994
0,40.3361,2.709375,-0.10668554605417419
0,40.3361,2.7125000000000004,-0.1063404426342333
0,40.3361,2.715625,-0.1060072966215248
0,40.3361,2.71875,-0.10568587768509612
0,40.3361,2.721875,-0.10537596234039678
0,40.3361,2.725,-0.10507733373703443
0,40.3361,2.7281250000000004,-0.10478978145405488
0,40.3361,2.73125,-0.1045131013024671
0,40.3361,2.734375,-0.10424709513474437
0,40.3361,2.7375,-0.10399157066104359
0,40.3361,2.740625,-0.1037463412718936
0,40.3361,2.7437500000000004,-0.10351122586711373
0,40.3361,2.746875,-0.10328604869073184
0,40.3361,2.75,-0.10307063917168091
0,40.3361,2.753125,-0.10286483177006131
0,40.3361,2.75625,-0.10266846582876381
0,40.3361,2.7593750000000004,-0.10248138543025667
0,40.3361,2.7625,-0.10230343925834709
0,40.3361,2.765625,-0.10213448046473554
0,40.3361,2.76875,-0.10197436654018785
0,40.3361,2.771875,-0.10182295919015628
0,40.3361,2.7750000000000004,-0.10168012421468905
0,40.3361,2.778125,-0.1015457313924707
0,40.3361,2.78125,-0.10141965436884667
0,40.3361,2.784375,-0.10130177054768574
0,40.3361,2.7875,-0.10119196098694373
0,40.3361,2.7906250000000004,-0.1010901102977948
0,40.3361,2.79375,-0.10099610654720381
0,40.3361,2.796875,-0.1009098411638154
0,40.3361,2.8,-0.10083120884704272
0,40.3361,2.803125,-0.100760107479243
0,40.3361,2.8062500000000004,-0.10069643804086904
0,40.3361,2.809375,-0.10064010452849353
0,40.3361,2.8125,-0.1005910138756044
0,40.3361,2.815625,-0.10054907587607438
0,40.3361,2.81875,-0.10051420311021211
0,40.3361,2.8218750000000004,-0.10048631087330412
0,40.3361,2.825,-0.10046531710656219
0,40.3361,2.828125,-0.10045114233039379
0,40.3361,2.83125,-0.10044370957991385
0,40.3361,2.834375,-0.10044294434262373
0,40.3361,2.8375000000000004,-0.10044877449818176
0,40.3361,2.840625,-0.10046113026019504
0,40.3361,2.84375,-0.10047994411996464
0,40.3361,2.846875,-0.10050515079211848
0,40.3361,2.85,-0.10053668716206757
0,40.3361,2.8531250000000004,-0.10057449223522726
0,40.3361,2.85625,-0.1006185070879424
0,40.3361,2.859375,-0.10066867482006268
0,40.3361,2.8625,-0.10072494050911199
0,40.3361,2.865625,-0.10078725116600137
0,40.3361,2.8687500000000004,-0.10085555569223455
0,40.3361,2.871875,-0.10092980483855829
0,40.3361,2.875,-0.10100995116501119
0,40.3361,2.878125,-0.10109594900232624
0,40.3361,2.88125,-0.10118775441464435
0,40.3361,2.8843750000000004,-0.10128532516349709
0,40.3361,2.8875,-0.10138862067302014
0,40.3361,2.890625,-0.10149760199635749
0,40.3361,2.89375,-0.1016122317832211
0,40.3361,2.896875,-0.10173247424856946
0,40.3361,2.9000000000000004,-0.10185829514237167
0,40.3361,2.903125,-0.10198966172042447
0,40.3361,2.90625,-0.10212654271618965
0,40.3361,2.909375,-0.10226890831362176
0,40.3361,2.9125,-0.10241673012095834
0,40.3361,2.9156250000000004,-0.10256998114544202
0,40.3361,2.91875,-0.10272863576894946
0,40.3361,2.921875,-0.10289266972450013
0,40.3361,2.925,-0.10306206007361995
0,40.3361,2.928125,-0.1032367851845363
0,40.3361,2.9312500000000004,-0.10341682471117954
0,40.3361,2.934375,-0.10360215957297136
0,40.3361,2.9375,-0.1037927719353754
0,40.3361,2.940625,-0.10398864519119211
0,40.3361,2.94375,-0.10418976394257634
0,40.3361,2.9468750000000004,-0.10439611398375928
0,40.3361,2.95,-0.10460768228445591
0,40.3361,2.953125,-0.10482445697394097
0,40.3361,2.95625,-0.10504642732577554
0,40.3361,2.959375,-0.1052735837431687
0,40.3361,2.9625000000000004,-0.10550591774495811
0,40.3361,2.965625,-0.10574342195219469
0,40.3361,2.96875,-0.10598609007531662
0,40.3361,2.971875,-0.10623391690189914
0,40.3361,2.975,-0.10648689828496671
0,40.3361,2.9781250000000004,-0.10674503113185402
0,40.3361,2.98125,-0.10700831339360481
0,40.3361,2.984375,-0.1072767440548957
0,40.3361,2.9875,-0.1075503231244742
0,40.3361,2.990625,-0.10782905162609982
0,40.3361,2.9937500000000004,-0.10811293158997803
0,40.3361,2.996875,-0.10840196604467707
0,40.3361,3.0,-0.1086961590095186
0,40.3361,3.0031250000000003,-0.10899551548743201
0,40.3361,3.00625,-0.10930004145826477
0,40.3361,3.009375,-0.10960974387254019
0,40.3361,3.0125,-0.109924630645654
0,40.3361,3.015625,-0.11024471065250377
0,40.3361,3.0187500000000003,-0.11056999372254231
0,40.3361,3.021875,-0.11090049063524893
0,40.3361,3.025,-0.1112362131160125
0,40.3361,3.028125,-0.11157717383241951
0,40.3361,3.03125,-0.1119233863909412
0,40.3361,3.0343750000000003,-0.11227486533401516
0,40.3361,3.0375,-0.11263162613751464
0,40.3361,3.040625,-0.1129936852086025
0,40.3361,3.04375,-0.11336105988396339
0,40.3361,3.046875,-0.11373376842841104
0,40.3361,3.0500000000000003,-0.11411183003386605
0,40.3361,3.053125,-0.11449526481870047
0,40.3361,3.05625,-0.1148840938274455
0,40.3361,3.059375,-0.11527833903085954
0,40.3361,3.0625,-0.11567802332635266
0,40.3361,3.0656250000000003,-0.11608317053876564
0,40.3361,3.06875,-0.11649380542150048
0,40.3361,3.071875,-0.11690995365800055
0,40.3361,3.075,-0.11733164186357699
0,40.3361,3.078125,-0.11775889758758225
0,40.3361,3.0812500000000003,-0.11819174931592621
0,40.3361,3.084375,-0.11863022647393485
0,40.3361,3.0875,-0.11907435942955107
0,40.3361,3.090625,-0.11952417949687524
0,40.3361,3.09375,-0.11997971894004561
0,40.3361,3.0968750000000003,-0.12044101097745787
0,40.3361,3.1,-0.12090808978632385
0,40.3361,3.103125,-0.1213809905075687
0,40.3361,3.10625,-0.12185974925106748
0,40.3361,3.109375,-0.1223444031012203
0,40.3361,3.1125000000000003,-0.12283499012286822
0,40.3361,3.115625,-0.12333154936754878
0,40.3361,3.11875,-0.12383412088009366
0,40.3361,3.121875,-0.12434274570556861
0,40.3361,3.125,-0.12485746589655777
0,40.3361,3.1281250000000003,-0.12537832452079273
0,40.3361,3.13125,-0.12590536566912938
0,40.3361,3.134375,-0.1264386344638743
0,40.3361,3.1375,-0.1269781770674616
0,40.3361,3.140625,-0.1275240406914834
0,40.3361,3.1437500000000003,-0.12807627360607765
0,40.3361,3.146875,-0.1286349251496732
0,40.3361,3.15,-0.1292000457390981
0,40.3361,3.153125,-0.1297716868800519
0,40.3361,3.15625,-0.13034990117794623
0,40.3361,3.1593750000000003,-0.13093474234911825
0,40.3361,3.1625,-0.1315262652324177
0,40.3361,3.165625,-0.13212452580117584
0,40.3361,3.16875,-0.13272958117555536
0,40.3361,3.171875,-0.13334148963529027
0,40.3361,3.1750000000000003,-0.13396031063281766
0,40.3361,3.178125,-0.134586104806806
0,40.3361,3.18125,-0.13521893399608717
0,40.3361,3.184375,-0.1358588612539948
0,40.3361,3.1875,-0.13650595086311546
0,40.3361,3.1906250000000003,-0.1371602683504598
0,40.3361,3.19375,-0.13782188050305635
0,40.3361,3.196875,-0.13849085538397704
0,40.3361,3.2,-0.1391672623487993
0,40.3361,3.203125,-0.13985117206251096
0,40.3361,3.2062500000000003,-0.14054265651686682
0,40.3361,3.209375,-0.1412417890482008
0,40.3361,3.2125,-0.14194864435570428
0,40.3361,3.215625,-0.14266329852017576
0,40.3361,3.21875,-0.14338582902324984
0,40.3361,3.2218750000000003,-0.1441163147671162
0,40.3361,3.225,-0.14485483609473307
0,40.3361,3.228125,-0.1456014748105466
0,40.3361,3.23125,-0.14635631420172407
0,40.3361,3.234375,-0.14711943905990948
0,40.3361,3.2375000000000003,-0.14789093570351325
0,40.3361,3.240625,-0.14867089200054173
0,40.3361,3.24375,-0.14945939739198164
0,40.3361,3.246875,-0.15025654291574558
0,40.3361,3.25,-0.15106242123119076
0,40.3361,3.2531250000000003,-0.1518771266442234
0,40.3361,3.25625,-0.15270075513299802
0,40.3361,3.259375,-0.15353340437422347
0,40.3361,3.2625,-0.15437517377008997
0,40.3361,3.265625,-0.15522616447582616
0,40.3361,3.2687500000000003,-0.15608647942790185
0,40.3361,3.271875,-0.15695622337288823
0,40.3361,3.275,-0.1578355028969883
0,40.3361,3.278125,-0.15872442645625356
0,40.3361,3.28125,-0.15962310440749874
0,40.3361,3.2843750000000003,-0.1605316490399318
0,40.3361,3.2875,-0.16145017460751085
0,40.3361,3.290625,-0.16237879736204902
0,40.3361,3.29375,-0.16331763558707726
0,40.3361,3.296875,-0.16426680963248433
0,40.3361,3.3000000000000003,-0.16522644194995323
0,40.3361,3.303125,-0.1661966571292062
0,40.3361,3.30625,-0.16717758193508156
0,40.3361,3.309375,-0.16816934534545683
0,40.3361,3.3125,-0.169172078590039
0,40.3361,3.3156250000000003,-0.17018591519004286
0,40.3361,3.31875,-0.17121099099877266
0,40.3361,3.321875,-0.1722474442431342
0,40.3361,3.325,-0.1732954155660935
0,40.3361,3.328125,-0.1743550480701056
0,40.3361,3.3312500000000003,-0.17542648736153754
0,40.3361,3.334375,-0.17650988159610606
0,40.3361,3.3375,-0.1776053815253566
0,40.3361,3.340625,-0.17871314054420503
0,40.3361,3.34375,-0.17983331473957032
0,40.3361,3.3468750000000003,-0.18096606294012285
0,40.3361,3.35,-0.1821115467671745
0,40.3361,3.353125,-0.18326993068673983
0,40.3361,3.35625,-0.1844413820627955
0,40.3361,3.359375,-0.1856260712117659
0,40.3361,3.3625000000000003,-0.1868241714582705
0,40.3361,3.365625,-0.18803585919215546
0,40.3361,3.36875,-0.18926131392684933
0,40.3361,3.371875,-0.19050071835907262
0,40.3361,3.375,-0.19175425842993243
0,40.3361,3.3781250000000003,-0.1930221233874438
0,40.3361,3.38125,-0.19430450585050568
0,40.3361,3.384375,-0.19560160187437797
0,40.3361,3.3875,-0.19691361101768834
0,40.3361,3.390625,-0.1982407364110148
0,40.3361,3.3937500000000003,-0.19958318482708504
0,40.3361,3.396875,-0.20094116675262833
0,40.3361,3.4000000000000004,-0.20231489646193218
0,40.3361,3.403125,-0.20370459209214017
0,40.3361,3.40625,-0.20511047572034433
0,40.3361,3.4093750000000003,-0.20653277344251358
0,40.3361,3.4125,-0.20797171545431234
0,40.3361,3.4156250000000004,-0.2094275361338576
0,40.3361,3.41875,-0.21090047412646779
0,40.3361,3.421875,-0.21239077243145682
0,40.3361,3.4250000000000003,-0.21389867849103214
0,40.3361,3.428125,-0.21542444428134958
0,40.3361,3.4312500000000004,-0.21696832640579158
0,40.3361,3.434375,-0.21853058619052362
0,40.3361,3.4375,-0.22011148978240008
0,40.3361,3.4406250000000003,-0.2217113082492793
0,40.3361,3.44375,-0.22333031768281886
0,40.3361,3.4468750000000004,-0.22496879930382527
0,40.3361,3.45,-0.22662703957022426
0,40.3361,3.453125,-0.22830533028773495
0,40.3361,3.4562500000000003,-0.23000396872332043
0,40.3361,3.459375,-0.2317232577214986
0,40.3361,3.4625000000000004,-0.23346350582359982
0,40.3361,3.465625,-0.23522502739005258
0,40.3361,3.46875,-0.23700814272579446
0,40.3361,3.4718750000000003,-0.238813178208895
0,40.3361,3.475,-0.2406404664224929
0,40.3361,3.4781250000000004,-0.24249034629014612
0,40.3361,3.48125,-0.24436316321469648
0,40.3361,3.484375,-0.24625926922076163
0,40.3361,3.4875000000000003,-0.24817902310096204
0,40.3361,3.490625,-0.25012279056600056
0,40.3361,3.4937500000000004,-0.2520909443987156
0,40.3361,3.496875,-0.2540838646122315
0,40.3361,3.5,-0.2561019386123374
0,40.3361,3.5031250000000003,-0.2581455613642264
0,40.3361,3.50625,-0.26021513556373554
0,40.3361,3.5093750000000004,-0.26231107181323415
0,40.3361,3.5125,-0.26443378880230495
0,40.3361,3.515625,-0.2665837134933794
0,40.3361,3.5187500000000003,-0.2687612813124859
0,40.3361,3.521875,-0.2709669363452785
0,40.3361,3.5250000000000004,-0.27320113153852493
0,40.3361,3.528125,-0.27546432890722644
0,40.3361,3.53125,-0.27775699974756896
0,40.3361,3.5343750000000003,-0.28007962485589033
0,40.3361,3.5375,-0.2824326947538694
0,40.3361,3.5406250000000004,-0.28481670992015395
0,40.3361,3.54375,-0.2872321810286333
0,40.3361,3.546875,-0.28967962919359624
0,40.3361,3.5500000000000003,-0.29215958622199845
0,40.3361,3.553125,-0.294672594873087
0,40.3361,3.5562500000000004,-0.29721920912564453
0,40.3361,3.559375,-0.2997999944531
0,40.3361,3.5625,-0.3024155281067934
0,40.3361,3.5656250000000003,-0.30506639940767344
0,40.3361,3.56875,-0.30775321004671546
0,40.3361,3.5718750000000004,-0.31047657439438053
0,40.3361,3.575,-0.313237119819415
0,40.3361,3.578125,-0.3160354870173304
0,40.3361,3.5812500000000003,-0.3188723303488989
0,40.3361,3.584375,-0.321748318189019
0,40.3361,3.5875000000000004,-0.32466413328631416
0,40.3361,3.590625,-0.3276204731338445
0,40.3361,3.59375,-0.33061805035132824
0,40.3361,3.5968750000000003,-0.3336575930792653
0,40.3361,3.6,-0.33673984538539503
0,40.3361,3.6031250000000004,-0.3398655676839196
0,40.3361,3.60625,-0.3430355371679348
0,40.3361,3.609375,-0.3462505482555398
0,40.3361,3.6125000000000003,-0.3495114130501007
0,40.3361,3.615625,-0.35281896181515865
0,40.3361,3.6187500000000004,-0.35617404346450093
0,40.3361,3.621875,-0.35957752606790877
0,40.3361,3.625,-0.3630302973731357
0,40.3361,3.6281250000000003,-0.36653326534466085
0,40.3361,3.63125,-0.37008735871979753
0,40.3361,3.6343750000000004,-0.37369352758274993
0,40.3361,3.6375,-0.3773527439572091
0,40.3361,3.640625,-0.38106600241812827
0,40.3361,3.6437500000000003,-0.38483432072329626
0,40.3361,3.646875,-0.3886587404653707
0,40.3361,3.6500000000000004,-0.3925403277450428
0,40.3361,3.653125,-0.3964801738659998
0,40.3361,3.65625,-0.4004793960524015
0,40.3361,3.6593750000000003,-0.40453913818956605
0,40.3361,3.6625,-0.4086605715885943
0,40.3361,3.6656250000000004,-0.4128448957756749
0,40.3361,3.66875,-0.4170933393068048
0,40.3361,3.671875,-0.42140716060869854
0,40.3361,3.6750000000000003,-0.42578764884664777
0,40.3361,3.678125,-0.43023612482010265
0,40.3361,3.6812500000000004,-0.4347539418867831
0,40.3361,3.684375,-0.4393424869160805
0,40.3361,3.6875,-0.44400318127258076
0,40.3361,3.6906250000000003,-0.4487374818304832
0,40.3361,3.69375,-0.45354688201973137
0,40.3361,3.6968750000000004,-0.45843291290467236
0,40.3361,3.7,-0.46339714429602014
0,40.3361,3.703125,-0.46844118589696193
0,40.3361,3.7062500000000003,-0.47356668848417927
0,40.3361,3.709375,-0.4787753451245929
0,40.3361,3.7125000000000004,-0.4840688924286286
0,40.3361,3.715625,-0.48944911184076334
0,40.3361,3.71875,-0.494917830968158
0,40.3361,3.7218750000000003,-0.5004769249481177
0,40.3361,3.725,-0.5061283178551476
0,40.3361,3.7281250000000004,-0.5118739841483614
0,40.3361,3.73125,-0.5177159501599584
0,40.3361,3.734375,-0.523656295625527
0,40.3361,3.7375000000000003,-0.5296971552568728
0,40.3361,3.740625,-0.5358407203581044
0,40.3361,3.7437500000000004,-0.5420892404856839
0,40.3361,3.746875,-0.5484450251531535
0,40.3361,3.75,-0.5549104455812535
0,40.3361,3.7531250000000003,-0.5614879364941538
0,40.3361,3.75625,-0.568179997962524
0,40.3361,3.7593750000000004,-0.5749891972942064
0,40.3361,3.7625,-0.5819181709732407
0,40.3361,3.765625,-0.5889696266480611
0,40.3361,3.7687500000000003,-0.5961463451696883
0,40.3361,3.771875,-0.603451182680791
0,40.3361,3.7750000000000004,-0.6108870727565622
0,40.3361,3.778125,-0.6184570285983539
0,40.3361,3.78125,-0.6261641452811425
0,40.3361,3.7843750000000003,-0.6340116020558954
0,40.3361,3.7875,-0.6420026647079945
0,40.3361,3.7906250000000004,-0.6501406879729492
0,40.3361,3.79375,-0.6584291180106109
0,40.3361,3.796875,-0.6668714949392197
0,40.3361,3.8000000000000003,-0.6754714554305313
0,40.3361,3.803125,-0.6842327353673089
0,40.3361,3.8062500000000004,-0.6931591725643703
0,40.3361,3.809375,-0.7022547095542298
0,40.3361,3.8125,-0.7115233964382135
0,40.3361,3.8156250000000003,-0.7209693938035782
0,40.3361,3.81875,-0.7305969757067725
0,40.3361,3.8218750000000004,-0.7404105327224297
0,40.3361,3.825,-0.7504145750569151
0,40.3361,3.828125,-0.7606137357243643
0,40.3361,3.8312500000000003,-0.7710127737819499
0,40.3361,3.834375,-0.7816165776196884
0,40.3361,3.8375000000000004,-0.7924301682983682
0,40.3361,3.840625,-0.8034587029270039
0,40.3361,3.84375,-0.8147074780688244
0,40.3361,3.8468750000000003,-0.8261819331617398
0,40.3361,3.85,-0.8378876539358628
0,40.3361,3.8531250000000004,-0.8498303758066829
0,40.3361,3.85625,-0.8620159872179087
0,40.3361,3.859375,-0.8744505329028904
0,40.3361,3.8625000000000003,-0.8871402170276745
0,40.3361,3.865625,-0.9000914061723113
0,40.3361,3.8687500000000004,-0.91331063209987
0,40.3361,3.871875,-0.926804594254682
0,40.3361,3.875,-0.940580161922864
0,40.3361,3.8781250000000003,-0.9546443759787901
0,40.3361,3.88125,-0.9690044501313196
0,40.3361,3.8843750000000004,-0.9836677715729716
0,40.3361,3.8875,-0.9986419009240171
0,40.3361,3.890625,-1.0139345713518004
0,40.3361,3.8937500000000003,-1.0295536867332762
0,40.3361,3.896875,-1.0455073187161734
0,40.3361,3.9000000000000004,-1.0618037025212155
0,40.3361,3.903125,-1.0784512313144539
0,40.3361,3.90625,-1.095458448965473
0,40.3361,3.9093750000000003,-1.1128340409934683
0,40.3361,3.9125,-1.1305868234897005
0,40.3361,3.9156250000000004,-1.148725729791149
0,40.3361,3.91875,-1.167259794666619
0,40.3361,3.921875,-1.18619813576328
0,40.3361,3.9250000000000003,-1.20554993204828
0,40.3361,3.928125,-1.2253243989672715
0,40.3361,3.9312500000000004,-1.2455307600291279
0,40.3361,3.934375,-1.2661782145139389
0,40.3361,3.9375,-1.2872759009899841
0,40.3361,3.9406250000000003,-1.3088328563145069
0,40.3361,3.94375,-1.3308579697833796
0,40.3361,3.9468750000000004,-1.3533599320863046
0,40.3361,3.95,-1.3763471787171313
0,40.3361,3.953125,-1.3998278274844027
0,40.3361,3.9562500000000003,-1.4238096097648882
0,40.3361,3.959375,-1.4482997951444172
0,40.3361,3.9625000000000004,-1.4733051090958302
0,40.3361,3.965625,-1.498831643354552
0,40.3361,3.96875,-1.524884758669608
0,40.3361,3.9718750000000003,-1.551468979632429
0,40.3361,3.975,-1.578587881319691
0,40.3361,3.9781250000000004,-1.6062439675308031
0,40.3361,3.98125,-1.6344385404571629
0,40.3361,3.984375,-1.6631715616912135
0,40.3361,3.9875000000000003,-1.6924415045697128
0,40.3361,3.990625,-1.7222451979501687
0,40.3361,3.9937500000000004,-1.7525776616434063
0,40.3361,3.996875,-1.7834319338705191
0,40.3361,4.0,-1.814798891281114
0,40.3361,4.003125000000001,-1.8466670622623347
0,40.3361,4.00625,-1.879022434486416
0,40.3361,4.009375,-1.9118482578888094
0,40.3361,4.0125,-1.945124844538357
0,40.3361,4.015625,-1.9788293671569313
0,40.3361,4.018750000000001,-2.0129356583638036
0,40.3361,4.021875,-2.0474140130599334
0,40.3361,4.025,-2.0822309967239367
0,40.3361,4.028125,-2.11734926275918
0,40.3361,4.03125,-2.1527273824058004
0,40.3361,4.034375000000001,-2.1883196911005434
0,40.3361,4.0375,-2.224076155524505
0,40.3361,4.040625,-2.259942265909719
0,40.3361,4.04375,-2.295858958466196
0,40.3361,4.046875,-2.3317625730271736
0,40.3361,4.050000000000001,-2.367584851171055
0,40.3361,4.053125,-2.40325298014721
0,40.3361,4.05625,-2.438689687886942
0,40.3361,4.059375,-2.473813394198887
0,40.3361,4.0625,-2.5085384229109278
0,40.3361,4.065625000000001,-2.542775279205149
0,40.3361,4.06875,-2.576430995684519
0,40.3361,4.071875,-2.609409549794905
0,40.3361,4.075,-2.6416123540966634
0,40.3361,4.078125,-2.672938819539266
0,40.3361,4.081250000000001,-2.703286990347177
0,40.3361,4.084375,-2.732554247400309
0,40.3361,4.0875,-2.760638075119334
0,40.3361,4.090625,-2.787436884891828
0,40.3361,4.09375,-2.8128508860599744
0,40.3361,4.096875000000001,-2.8367829935025806
0,40.3361,4.1,-2.859139758965343
0,40.3361,4.103125,-2.879832311608112
0,40.3361,4.10625,-2.898777291833668
0,40.3361,4.109375,-2.915897761425308
0,40.3361,4.112500000000001,-2.9311240724241494
0,40.3361,4.115625,-2.9443946770859006
0,40.3361,4.11875,-2.955656861712904
0,40.3361,4.121875,-2.9648673881807284
0,40.3361,4.125,-2.9719930285640945
0,40.3361,4.128125000000001,-2.9770109803791263
0,40.3361,4.13125,-2.979909152537689
0,40.3361,4.134375,-2.98068631506758
0,40.3361,4.1375,-2.9793521088821904
0,40.3361,4.140625,-2.9759269152621566
0,40.3361,4.143750000000001,-2.970441588107635
0,40.3361,4.146875,-2.9629370553006837
0,40.3361,4.15,-2.953463798556864
0,40.3361,4.153125,-2.9420812238307685
0,40.3361,4.15625,-2.9288569365788373
0,40.3361,4.159375000000001,-2.9138659379057117
0,40.3361,4.1625,-2.897189758785281
0,40.3361,4.165625,-2.8789155501398147
0,40.3361,4.16875,-2.8591351465934505
0,40.3361,4.171875,-2.8379441212249534
0,40.3361,4.175000000000001,-2.815440847687781
0,40.3361,4.178125,-2.791725584714074
0,40.3361,4.18125,-2.76689959635712
0,40.3361,4.184375,-2.741064319441951
0,40.3361,4.1875,-2.714320587672939
0,40.3361,4.190625000000001,-2.6867679197760586
0,40.3361,4.19375,-2.6585038770054656
0,40.3361,4.196875,-2.6296234933857243
0,40.3361,4.2,-2.600218780245321
0,40.3361,4.203125,-2.5703783049625972
0,40.3361,4.206250000000001,-2.5401868424216545
0,40.3361,4.209375,-2.509725096475524
0,40.3361,4.2125,-2.4790694877430566
0,40.3361,4.215625,-2.4482920033193993
0,40.3361,4.21875,-2.417460103443635
0,40.3361,4.221875000000001,-2.3866366798259975
0,40.3361,4.225,-2.3558800601660965
0,40.3361,4.228125,-2.3252440533707426
0,40.3361,4.23125,-2.29477803008021
0,40.3361,4.234375,-2.2645270333087644
0,40.3361,4.237500000000001,-2.2345319142785636
0,40.3361,4.240625,-2.204829488851678
0,40.3361,4.24375,-2.1754527103253767
0,40.3361,4.246875,-2.146430854735253
0,40.3361,4.25,-2.1177897151935117
0,40.3361,4.253125000000001,-2.089551802168324
0,40.3361,4.25625,-2.061736546973208
0,40.3361,4.259375,-2.0343605060790493
0,40.3361,4.2625,-2.007437564181741
0,40.3361,4.265625,-1.980979134251768
0,40.3361,4.268750000000001,-1.954994353060729
0,40.3361,4.271875,-1.9294902709212645
0,40.3361,4.275,-1.9044720345947366
0,40.3361,4.278125,-1.8799430625165903
0,40.3361,4.28125,-1.8559052116638195
0,40.3361,4.284375000000001,-1.832358935546851
0,40.3361,4.2875,-1.80930343294943
0,40.3361,4.290625,-1.7867367871680795
0,40.3361,4.29375,-1.7646560956192738
0,40.3361,4.296875,-1.7430575897873115
0,40.3361,4.300000000000001,-1.7219367455823738
0,40.3361,4.303125,-1.7012883842645414
0,40.3361,4.30625,-1.6811067641674045
0,40.3361,4.309375,-1.661385663524023
0,40.3361,4.3125,-1.6421184547572023
0,40.3361,4.315625000000001,-1.6232981706468301
0,40.3361,4.31875,-1.6049175628273133
0,40.3361,4.321875,-1.5869691530988452
0,40.3361,4.325,-1.569445278057518
0,40.3361,4.328125,-1.5523381275599817
0,40.3361,4.331250000000001,-1.5356397775410322
0,40.3361,4.334375,-1.5193422176959068
0,40.3361,4.3375,-1.5034373745253309
0,40.3361,4.340625,-1.4879171302216692
0,40.3361,4.34375,-1.4727733378492152
0,40.3361,4.346875000000001,-1.457997833243805
0,40.3361,4.35,-1.4435824440266005
0,40.3361,4.353125,-1.4295189960963686
0,40.3361,4.35625,-1.4157993179357047
0,40.3361,4.359375,-1.402415243039498
0,40.3361,4.362500000000001,-1.389358610751584
0,40.3361,4.365625,-1.3766212657773427
0,40.3361,4.36875,-1.3641950566277654
0,40.3361,4.371875,-1.3520718332448107
0,40.3361,4.375,-1.3402434440580486
0,40.3361,4.378125000000001,-1.3287017327300217
0,40.3361,4.38125,-1.3174385348605882
0,40.3361,4.384375,-1.3064456749389475
0,40.3361,4.3875,-1.295714963854569
0,40.3361,4.390625,-1.2852381973028373
0,40.3361,4.393750000000001,-1.2750071554466034
0,40.3361,4.396875,-1.2650136042176285
0,40.3361,4.4,-1.2552492986596202
0,40.3361,4.403125,-1.2457059887239668
0,40.3361,4.40625,-1.2363754279261967
0,40.3361,4.409375000000001,-1.2272493852527597
0,40.3361,4.4125,-1.2183196606696136
0,40.3361,4.415625,-1.2095781045234713
0,40.3361,4.41875,-1.2010166410410226
0,40.3361,4.421875,-1.1926272960190478
0,40.3361,4.425000000000001,-1.184402228659975
0,40.3361,4.428125,-1.1763337673442602
0,40.3361,4.43125,-1.1684144489477528
0,40.3361,4.434375,-1.1606370611154135
0,40.3361,4.4375,-1.1529946867010632
0,40.3361,4.440625000000001,-1.1454807493882369
0,40.3361,4.44375,-1.138089059331943
0,40.3361,4.446875,-1.1308138575194546
0,40.3361,4.45,-1.1236498574540263
0,40.3361,4.453125,-1.1165922827302255
0,40.3361,4.456250000000001,-1.1096368991035672
0,40.3361,4.459375,-1.1027800397647722
0,40.3361,4.4625,-1.0960186227105981
0,40.3361,4.465625,-1.0893501593529826
0,40.3361,4.46875,-1.0827727538140504
0,40.3361,4.471875000000001,-1.0762850927002308
0,40.3361,4.475,-1.0698864255127796
0,40.3361,4.478125,-1.063576536212038
0,40.3361,4.48125,-1.0573557067858137
0,40.3361,4.484375,-1.05122467395729
0,40.3361,4.487500000000001,-1.045184580388724
0,40.3361,4.490625,-1.0392369218821471
0,40.3361,4.49375,-1.0333834921426712
0,40.3361,4.496875,-1.0276263266552617
0,40.3361,4.5,-1.0219676471386425
0,40.3361,4.503125000000001,-1.016409807892649
0,40.3361,4.50625,-1.0109552451618797
0,40.3361,4.509375,-1.0056064304155892
0,40.3361,4.5125,-1.0003658282073697
0,40.3361,4.515625,-0.9952358590427913
0,40.3361,4.518750000000001,-0.9902188674616172
0,40.3361,4.521875,-0.9853170953425091
0,40.3361,4.525,-0.9805326602689538
0,40.3361,4.528125,-0.9758675386588684
0,40.3361,4.53125,-0.9713235532574948
0,40.3361,4.534375000000001,-0.9669023645228465
0,40.3361,4.5375,-0.9626054653918173
0,40.3361,4.540625,-0.9584341788993709
0,40.3361,4.54375,-0.954389658128633
0,40.3361,4.546875,-0.9504728879913686
0,40.3361,4.550000000000001,-0.9466846883722899
0,40.3361,4.553125,-0.9430257182126898
0,40.3361,4.55625,-0.9394964801557854
0,40.3361,4.559375,-0.9360973254253016
0,40.3361,4.5625,-0.93282845865769
0,40.3361,4.565625000000001,-0.929689942455926
0,40.3361,4.56875,-0.926681701477473
0,40.3361,4.571875,-0.9238035259104906
0,40.3361,4.575,-0.9210550742302086
0,40.3361,4.578125,-0.9184358751615345
0,40.3361,4.581250000000001,-0.9159453288047634
0,40.3361,4.584375,-0.9135827069087404
0,40.3361,4.5875,-0.9113471523005834
0,40.3361,4.590625,-0.9092376775034251
0,40.3361,4.59375,-0.9072531625939103
0,40.3361,4.596875000000001,-0.9053923523699636
0,40.3361,4.6,-0.9036538529167374
0,40.3361,4.603125,-0.9020361276750546
0,40.3361,4.60625,-0.9005374931322908
0,40.3361,4.609375,-0.899156114270415
0,40.3361,4.612500000000001,-0.8978899999200981
0,40.3361,4.615625,-0.8967369981830462
0,40.3361,4.61875,-0.8956947920970348
0,40.3361,4.621875,-0.8947608957290832
0,40.3361,4.625,-0.8939326508915021
0,40.3361,4.628125000000001,-0.893207224682698
0,40.3361,4.63125,-0.8925816080590779
0,40.3361,4.634375,-0.8920526156456067
0,40.3361,4.6375,-0.8916168869899508
0,40.3361,4.640625,-0.8912708894581053
0,40.3361,4.643750000000001,-0.8910109229574653
0,40.3361,4.646875,-0.8908331266560198
0,40.3361,4.65,-0.8907334878434805
0,40.3361,4.653125,-0.890707853051658
0,40.3361,4.65625,-0.8907519415172908
0,40.3361,4.659375000000001,-0.8908613610314157
0,40.3361,4.6625,-0.891031626175681
0,40.3361,4.665625,-0.8912581788988565
0,40.3361,4.66875,-0.8915364113371995
0,40.3361,4.671875,-0.8918616907317377
0,40.3361,4.675000000000001,-0.8922293862452928
0,40.3361,4.678125,-0.8926348974337549
0,40.3361,4.68125,-0.8930736840810977
0,40.3361,4.684375,-0.8935412970671649
0,40.3361,4.6875,-0.89403340990241
0,40.3361,4.690625000000001,-0.8945458505351621
0,40.3361,4.69375,-0.8950746330150559
0,40.3361,4.696875,-0.8956159885809296
0,40.3361,4.7,-0.896166395732514
0,40.3361,4.703125,-0.8967226088421116
0,40.3361,4.706250000000001,-0.8972816848645151
0,40.3361,4.709375,-0.8978410077101212
0,40.3361,4.7125,-0.8983983098570962
0,40.3361,4.715625,-0.8989516907932619
0,40.3361,4.71875,-0.8994996318973754
0,40.3361,4.721875000000001,-0.9000410073928737
0,40.3361,4.725,-0.9005750910358057
0,40.3361,4.728125,-0.9011015582332855
0,40.3361,4.73125,-0.9016204833302038
0,40.3361,4.734375,-0.9021323318507914
0,40.3361,4.737500000000001,-0.9026379475381511
0,40.3361,4.740625,-0.9031385340989011
0,40.3361,4.74375,-0.9036356316307725
0,40.3361,4.746875,-0.9041310877870169
0,40.3361,4.75,-0.9046270238109073
0,40.3361,4.753125000000001,-0.9051257956542017
0,40.3361,4.75625,-0.9056299504726402
0,40.3361,4.759375,-0.9061421788670849
0,40.3361,4.7625,-0.9066652633084331
0,40.3361,4.765625,-0.9072020232464146
0,40.3361,4.768750000000001,-0.9077552574556355
0,40.3361,4.771875,-0.9083276842164894
0,40.3361,4.775,-0.9089218799641292
0,40.3361,4.778125,-0.9095402170667182
0,40.3361,4.78125,-0.9101848014162186
0,40.3361,4.784375000000001,-0.9108574105330037
0,40.3361,4.7875,-0.911559432901723
0,40.3361,4.790625,-0.9122918092720413
0,40.3361,4.79375,-0.9130549766756948
0,40.3361,4.796875,-0.9138488159316481
0,40.3361,4.800000000000001,-0.9146726034339969
0,40.3361,4.803125,-0.9155249680414542
0,40.3361,4.80625,-0.9164038539104847
0,40.3361,4.809375,-0.9173064901325846
0,40.3361,4.8125,-0.9182293680449755
0,40.3361,4.815625000000001,-0.9191682270768631
0,40.3361,4.81875,-0.9201180499637439
0,40.3361,4.821875,-0.921073068102736
0,40.3361,4.825,-0.9220267777260293
0,40.3361,4.828125,-0.9229719674318103
0,40.3361,4.831250000000001,-0.9239007574290805
0,40.3361,4.834375,-0.9248046506245227
0,40.3361,4.8375,-0.9256745954095098
0,40.3361,4.840625,-0.9265010597015194
0,40.3361,4.84375,-0.9272741154691113
0,40.3361,4.846875000000001,-0.9279835326397629
0,40.3361,4.85,-0.9286188809748196
0,40.3361,4.853125,-0.9291696382165842
0,40.3361,4.85625,-0.9296253025893917
0,40.3361,4.859375,-0.9299755075867121
0,40.3361,4.862500000000001,-0.9302101369118243
0,40.3361,4.865625,-0.9303194374654501
0,40.3361,4.86875,-0.9302941283868779
0,40.3361,4.871875,-0.9301255043444796
0,40.3361,4.875,-0.9298055315193864
0,40.3361,4.878125000000001,-0.9293269350097896
0,40.3361,4.88125,-0.9286832766785164
0,40.3361,4.884375,-0.9278690227498161
0,40.3361,4.8875,-0.9268796007133289
0,40.3361,4.890625,-0.9257114453006554
0,40.3361,4.893750000000001,-0.9243620334566461
0,40.3361,4.896875,-0.922829908334609
0,40.3361,4.9,-0.9211146924094769
0,40.3361,4.903125,-0.919217089837635
0,40.3361,4.90625,-0.9171388782108227
0,40.3361,4.909375000000001,-0.914882889869084
0,40.3361,4.9125,-0.9124529829667093
0,40.3361,4.915625,-0.9098540025350677
0,40.3361,4.91875,-0.9070917318624154
0,40.3361,4.921875,-0.9041728346138544
0,40.3361,4.925000000000001,-0.9011047882413538
0,40.3361,4.928125,-0.8978958093770348
0,40.3361,4.93125,-0.8945547720535729
0,40.3361,4.934375,-0.8910911197428741
0,40.3361,4.9375,-0.8875147723372449
0,40.3361,4.940625000000001,-0.8838360293064015
0,40.3361,4.94375,-0.8800654703404995
0,40.3361,4.946875,-0.876213854828315
0,40.3361,4.95,-0.872292021517788
0,40.3361,4.953125,-0.8683107896630093
0,40.3361,4.956250000000001,-0.864280862880251
0,40.3361,4.959375,-0.8602127368203347
0,40.3361,4.9625,-0.8561166116223985
0,40.3361,4.965625,-0.8520023099528724
0,40.3361,4.96875,-0.8478792012614825
0,40.3361,4.971875000000001,-0.8437561327121472
0,40.3361,4.975,-0.8396413670783314
0,40.3361,4.978125,-0.8355425277368371
0,40.3361,4.98125,-0.8314665507567721
0,40.3361,4.984375,-0.8274196439655017
0,40.3361,4.987500000000001,-0.8234072527836505
0,40.3361,4.990625,-0.8194340325575308
0,40.3361,4.99375,-0.8155038270796555
0,40.3361,4.996875,-0.8116196529749354
0,40.3361,5.0,-0.8077836896391085
0,40.3361,5.003125,-0.8039972744442468
0,40.3361,5.0062500000000005,-0.8002609029697688
0,40.3361,5.009375,-0.7965742340726026
0,40.3361,5.0125,-0.792936099672586
0,40.3361,5.015625,-0.7893445191948328
0,40.3361,5.01875,-0.7857967186751833
0,40.3361,5.0218750000000005,-0.782289154594195
0,40.3361,5.025,-0.7788175425553275
0,40.3361,5.028125,-0.7753768909605578
0,40.3361,5.03125,-0.7719615398583779
0,40.3361,5.034375,-0.7685652051420657
0,40.3361,5.0375000000000005,-0.7651810282581014
0,40.3361,5.040625,-0.7618016315438925
0,40.3361,5.04375,-0.7584191792496344
0,40.3361,5.046875,-0.7550254442112205
0,40.3361,5.05,-0.7516118800304294
0,40.3361,5.0531250000000005,-0.7481696984873246
0,40.3361,5.05625,-0.7446899517609997
0,40.3361,5.059375,-0.7411636188729125
0,40.3361,5.0625,-0.7375816955976238
0,40.3361,5.065625,-0.7339352869153033
0,40.3361,5.0687500000000005,-0.7302157009163833
0,40.3361,5.071875,-0.7264145429192186
0,40.3361,5.075,-0.722523808434761
0,40.3361,5.078125,-0.7185359735161968
0,40.3361,5.08125,-0.714444080973513
0,40.3361,5.0843750000000005,-0.7102418209193635
0,40.3361,5.0875,-0.7059236041479531
0,40.3361,5.090625,-0.701484626935482
0,40.3361,5.09375,-0.6969209259892368
0,40.3361,5.096875,-0.6922294224601299
0,40.3361,5.1000000000000005,-0.6874079541654565
0,40.3361,5.103125,-0.6824552954371823
0,40.3361,5.10625,-0.6773711643063924
0,40.3361,5.109375,-0.6721562170450834
0,40.3361,5.1125,-0.6668120303993503
0,40.3361,5.1156250000000005,-0.6613410721499808
0,40.3361,5.11875,-0.6557466609144444
0,40.3361,5.121875,-0.6500329163461167
0,40.3361,5.125,-0.644204701082119
0,40.3361,5.128125,-0.6382675559323165
0,40.3361,5.1312500000000005,-0.632227629883895
0,40.3361,5.134375,-0.6260916065167406
0,40.3361,5.1375,-0.6198666283862487
0,40.3361,5.140625,-0.6135602208373537
0,40.3361,5.14375,-0.607180216574441
0,40.3361,5.1468750000000005,-0.6007346821372895
0,40.3361,5.15,-0.5942318472355176
0,40.3361,5.153125,-0.5876800376865458
0,40.3361,5.15625,-0.5810876124979918
0,40.3361,5.159375,-0.574462905446239
0,40.3361,5.1625000000000005,-0.5678141713385029
0,40.3361,5.165625,-0.5611495370124756
0,40.3361,5.16875,-0.5544769570286693
0,40.3361,5.171875,-0.5478041739457694
0,40.3361,5.175,-0.541138683034811
0,40.3361,5.1781250000000005,-0.5344877012781445
0,40.3361,5.18125,-0.5278581405062254
0,40.3361,5.184375,-0.52125658454128
0,40.3361,5.1875,-0.5146892702345064
0,40.3361,5.190625,-0.5081620722963195
0,40.3361,5.1937500000000005,-0.5016804918233032
0,40.3361,5.196875,-0.4952496484187901
0,40.3361,5.2,-0.4888742757864117
0,40.3361,5.203125,-0.48255872064938665
0,40.3361,5.20625,-0.4763069448154963
0,40.3361,5.2093750000000005,-0.4701225301723799
0,40.3361,5.2125,-0.46400868636344894
0,40.3361,5.215625,-0.4579682608645971
0,40.3361,5.21875,-0.4520037511585673
0,40.3361,5.221875,-0.446117318688761
0,40.3361,5.2250000000000005,-0.44031080426837493
0,40.3361,5.228125,-0.4345857446237622
0,40.3361,5.23125,-0.4289433897621485
0,40.3361,5.234375,-0.423384720872126
0,40.3361,5.2375,-0.41791046848901936
0,40.3361,5.2406250000000005,-0.41252113068487617
0,40.3361,5.24375,-0.40721699107276427
0,40.3361,5.246875,-0.40199813644588667
0,40.3361,5.25,-0.39686447390262286
0,40.3361,5.253125,-0.39181574733783364
0,40.3361,5.2562500000000005,-0.3868515532081089
0,40.3361,5.259375,-0.3819713555034578
0,40.3361,5.2625,-0.37717449988000035
0,40.3361,5.265625,-0.37246022692747677
0,40.3361,5.26875,-0.3678276845617018
0,40.3361,5.2718750000000005,-0.36327593954577425
0,40.3361,5.275,-0.35880398815494186
0,40.3361,5.278125,-0.35441076600881716
0,40.3361,5.28125,-0.350095157101446
0,40.3361,5.284375,-0.345856002064669
0,40.3361,5.2875000000000005,-0.34169210570370456
0,40.3361,5.290625,-0.3376022438460637
0,40.3361,5.29375,-0.33358516954599216
0,40.3361,5.296875,-0.32963961868694763
0,40.3361,5.3,-0.32576431502413755
0,40.3361,5.3031250000000005,-0.3219579747082134
0,40.3361,5.30625,-0.31821931032985473
0,40.3361,5.309375,-0.3145470345232876
0,40.3361,5.3125,-0.3109398631649759
0,40.3361,5.315625,-0.3073965182016822
0,40.3361,5.3187500000000005,-0.30391573014007617
0,40.3361,5.321875,-0.3004962402279775
0,40.3361,5.325,-0.2971368023552557
0,40.3361,5.328125,-0.29383618470041684
0,40.3361,5.33125,-0.2905931711469347
0,40.3361,5.3343750000000005,-0.28740656249153024
0,40.3361,5.3375,-0.2842751774648345
0,40.3361,5.340625,-0.28119785358316934
0,40.3361,5.34375,-0.2781734478486377
0,40.3361,5.346875,-0.2752008373132155
0,40.3361,5.3500000000000005,-0.2722789195211745
0,40.3361,5.353125,-0.2694066128428943
0,40.3361,5.35625,-0.2665828567119284
0,40.3361,5.359375,-0.263806611776128
0,40.3361,5.3625,-0.26107685997259467
0,40.3361,5.3656250000000005,-0.25839260453533414
0,40.3361,5.36875,-0.2557528699436343
0,40.3361,5.371875,-0.2531567018184084
0,40.3361,5.375,-0.2506031667730599
0,40.3361,5.378125,-0.2480913522247588
0,40.3361,5.3812500000000005,-0.24562036617144598
0,40.3361,5.384375,-0.2431893369393461
0,40.3361,5.3875,-0.2407974129052727
0,40.3361,5.390625,-0.23844376219758823
0,40.3361,5.39375,-0.23612757237925983
0,40.3361,5.3968750000000005,-0.2338480501161002
0,40.3361,5.4,-0.23160442083295368
0,40.3361,5.403125,-0.2293959283602778
0,40.3361,5.40625,-0.22722183457332118
0,40.3361,5.409375,-0.22508141902583415
0,40.3361,5.4125000000000005,-0.22297397858004062
0,40.3361,5.415625,-0.22089882703440059
0,40.3361,5.41875,-0.21885529475050042
0,40.3361,5.421875,-0.21684272828026877
0,40.3361,5.425,-0.21486048999454946
0,40.3361,5.4281250000000005,-0.2129079577139428
0,40.3361,5.43125,-0.21098452434270826
0,40.3361,5.434375,-0.20908959750640624
0,40.3361,5.4375,-0.20722259919388095
0,40.3361,5.440625,-0.2053829654040787
0,40.3361,5.4437500000000005,-0.20357014579813648
0,40.3361,5.446875,-0.2017836033571007
0,40.3361,5.45,-0.20002281404557043
0,40.3361,5.453125,-0.19828726648151862
0,40.3361,5.45625,-0.1965764616124809
0,40.3361,5.4593750000000005,-0.19488991239826942
0,40.3361,5.4625,-0.19322714350032574
0,40.3361,5.465625,-0.19158769097779
0,40.3361,5.46875,-0.18997110199034511
0,40.3361,5.471875,-0.1883769345078535
0,40.3361,5.4750000000000005,-0.18680475702679064
0,40.3361,5.478125,-0.18525414829345685
0,40.3361,5.48125,-0.18372469703392466
0,40.3361,5.484375,-0.1822160016906772
0,40.3361,5.4875,-0.18072767016586352
0,40.3361,5.4906250000000005,-0.1792593195710967
0,40.3361,5.49375,-0.177810575983708
0,40.3361,5.496875,-0.17638107420935256
0,40.3361,5.5,-0.17497045755087406
0,40.3361,5.503125,-0.17357837758330985
0,40.3361,5.5062500000000005,-0.1722044939349257
0,40.3361,5.509375,-0.1708484740741619
0,40.3361,5.5125,-0.1695099931023651
0,40.3361,5.515625,-0.1681887335521879
0,40.3361,5.51875,-0.16688438519152535
0,40.3361,5.5218750000000005,-0.16559664483286404
0,40.3361,5.525,-0.16432521614791673
0,40.3361,5.528125,-0.1630698094874122
0,40.3361,5.53125,-0.16183014170591706
0,40.3361,5.534375,-0.16060593599156073
0,40.3361,5.5375000000000005,-0.15939692170053793
0,40.3361,5.540625,-0.1582028341962666
0,40.3361,5.54375,-0.15702341469307354
0,40.3361,5.546875,-0.15585841010429397
0,40.3361,5.55,-0.1547075728946578
0,40.3361,5.5531250000000005,-0.15357066093685168
0,40.3361,5.55625,-0.15244743737213823
0,40.3361,5.559375,-0.15133767047491767
0,40.3361,5.5625,-0.1502411335211266
0,40.3361,5.565625,-0.14915760466035985
0,40.3361,5.5687500000000005,-0.148086866791612
0,40.3361,5.571875,-0.14702870744253557
0,40.3361,5.575,-0.1459829186521105
0,40.3361,5.578125,-0.14494929685663116
0,40.3361,5.58125,-0.14392764277891146
0,40.3361,5.5843750000000005,-0.14291776132061446
0,40.3361,5.5875,-0.14191946145761616
0,40.3361,5.590625,-0.14093255613831052
0,40.3361,5.59375,-0.1399568621847757
0,40.3361,5.596875,-0.13899220019670983
0,40.3361,5.6000000000000005,-0.1380383944580587
0,40.3361,5.603125,-0.1370952728462556
0,40.3361,5.60625,-0.13616266674399125
0,40.3361,5.609375,-0.1352404109534446
0,40.3361,5.6125,-0.1343283436128976
0,40.3361,5.6156250000000005,-0.13342630611566217
0,40.3361,5.61875,-0.13253414303125508
0,40.3361,5.621875,-0.1316517020287464
0,40.3361,5.625,-0.13077883380222405
0,40.3361,5.628125,-0.12991539199830685
0,40.3361,5.6312500000000005,-0.1290612331456449
0,40.3361,5.634375,-0.12821621658635285
0,40.3361,5.6375,-0.12738020440930975
0,40.3361,5.640625,-0.1265530613852794
0,40.3361,5.64375,-0.12573465490378996
0,40.3361,5.6468750000000005,-0.12492485491172418
0,40.3361,5.65,-0.12412353385356864
0,40.3361,5.653125,-0.12333056661327058
0,40.3361,5.65625,-0.12254583045765859
0,40.3361,5.659375,-0.12176920498137768
0,40.3361,5.6625000000000005,-0.12100057205329515
0,40.3361,5.665625,-0.12023981576433442
0,40.3361,5.66875,-0.1194868223766921
0,40.3361,5.671875,-0.11874148027440197
0,40.3361,5.675,-0.11800367991520179
0,40.3361,5.6781250000000005,-0.11727331378366787
0,40.3361,5.68125,-0.11655027634557902
0,40.3361,5.684375,-0.11583446400347329
0,40.3361,5.6875,-0.11512577505336435
0,40.3361,5.690625,-0.11442410964258261
0,40.3361,5.6937500000000005,-0.11372936972870866
0,40.3361,5.696875,-0.1130414590395681
0,40.3361,5.7,-0.1123602830342547
0,40.3361,5.703125,-0.11168574886515585
0,40.3361,5.70625,-0.11101776534094841
0,40.3361,5.7093750000000005,-0.11035624289053833
0,40.3361,5.7125,-0.10970109352791764
0,40.3361,5.715625,-0.10905223081791014
0,40.3361,5.71875,-0.10840956984278394
0,40.3361,5.721875,-0.10777302716970338
0,40.3361,5.7250000000000005,-0.10714252081899754
0,40.3361,5.728125,-0.10651797023322283
0,40.3361,5.73125,-0.10589929624699598
0,40.3361,5.734375,-0.10528642105757652
0,40.3361,5.7375,-0.10467926819617798
0,40.3361,5.7406250000000005,-0.10407776249998642
0,40.3361,5.74375,-0.10348183008486836
0,40.3361,5.746875,-0.10289139831874552
0,40.3361,5.75,-0.10230639579562226
0,40.3361,5.753125,-0.10172675231024428
0,40.3361,5.7562500000000005,-0.10115239883337203
0,40.3361,5.759375,-0.10058326748765349
0,40.3361,5.7625,-0.10001929152407686
0,40.3361,5.765625,-0.09946040529898993
0,40.3361,5.76875,-0.09890654425166948
0,40.3361,5.7718750000000005,-0.09835764488242595
0,40.3361,5.775,-0.09781364473122911
0,40.3361,5.778125,-0.09727448235683947
0,40.3361,5.78125,-0.09674009731643338
0,40.3361,5.784375,-0.09621043014570806
0,40.3361,5.7875000000000005,-0.09568542233945242
0,40.3361,5.790625,-0.09516501633257385
0,40.3361,5.79375,-0.09464915548156504
0,40.3361,5.796875,-0.09413778404640333
0,40.3361,5.800000000000001,-0.09363084717286767
0,40.3361,5.8031250000000005,-0.09312829087526496
0,40.3361,5.80625,-0.09263006201955179
0,40.3361,5.809375,-0.0921361083068445
0,40.3361,5.8125,-0.09164637825730533
0,40.3361,5.815625000000001,-0.09116082119439523
0,40.3361,5.8187500000000005,-0.0906793872294845
0,40.3361,5.821875,-0.09020202724681078
0,40.3361,5.825,-0.08972869288877602
0,40.3361,5.828125,-0.08925933654157472
0,40.3361,5.831250000000001,-0.08879391132114227
0,40.3361,5.8343750000000005,-0.08833237105941903
0,40.3361,5.8375,-0.08787467029091711
0,40.3361,5.840625,-0.08742076423958722
0,40.3361,5.84375,-0.08697060880597467
0,40.3361,5.846875000000001,-0.08652416055465793
0,40.3361,5.8500000000000005,-0.08608137670196377
0,40.3361,5.853125,-0.08564221510394995
0,40.3361,5.85625,-0.08520663424465062
0,40.3361,5.859375,-0.08477459322457716
0,40.3361,5.862500000000001,-0.08434605174946752
0,40.3361,5.8656250000000005,-0.08392097011927939
0,40.3361,5.86875,-0.08349930921741879
0,40.3361,5.871875,-0.08308103050020085
0,40.3361,5.875,-0.08266609598653554
0,40.3361,5.878125000000001,-0.08225446824783265
0,40.3361,5.8812500000000005,-0.08184611039812223
0,40.3361,5.884375,-0.08144098608438277
0,40.3361,5.8875,-0.08103905947707464
0,40.3361,5.890625,-0.08064029526087184
0,40.3361,5.893750000000001,-0.08024465862558845
0,40.3361,5.8968750000000005,-0.07985211525729506
0,40.3361,5.9,-0.0794626313296187
0,40.3361,5.903125,-0.07907617349522536
0,40.3361,5.90625,-0.07869270887747727
0,40.3361,5.909375000000001,-0.07831220506226326
0,40.3361,5.9125000000000005,-0.07793463008999667
0,40.3361,5.915625,-0.07755995244777686
0,40.3361,5.91875,-0.07718814106171196
0,40.3361,5.921875,-0.07681916528939706
0,40.3361,5.925000000000001,-0.07645299491254538
0,40.3361,5.9281250000000005,-0.07608960012976926
0,40.3361,5.93125,-0.07572895154950514
0,40.3361,5.934375,-0.07537102018308274
0,40.3361,5.9375,-0.07501577743793217
0,40.3361,5.940625000000001,-0.0746631951109265
0,40.3361,5.9437500000000005,-0.07431324538185843
0,40.3361,5.946875,-0.07396590080704467
0,40.3361,5.95,-0.07362113431305813
0,40.3361,5.953125,-0.07327891919058385
0,40.3361,5.956250000000001,-0.07293922908839519
0,40.3361,5.9593750000000005,-0.07260203800744902
0,40.3361,5.9625,-0.07226732029509529
0,40.3361,5.965625,-0.07193505063940078
0,40.3361,5.96875,-0.07160520406358217
0,40.3361,5.971875000000001,-0.07127775592054751
0,40.3361,5.9750000000000005,-0.07095268188754336
0,40.3361,5.978125,-0.07062995796090403
0,40.3361,5.98125,-0.0703095604509029
0,40.3361,5.984375,-0.06999146597670142
0,40.3361,5.987500000000001,-0.06967565146139491
0,40.3361,5.9906250000000005,-0.06936209412715293
0,40.3361,5.99375,-0.06905077149045087
0,40.3361,5.996875,-0.06874166135739264
0,40.3361,6.0,-0.06843474181912153
