"Current","Field","Frequency","Spectra"
0,42.1413,1.0,-0.025777932340271696
0,42.1413,1.003125,-0.025845126030739782
0,42.1413,1.00625,-0.025912646770037212
0,42.1413,1.009375,-0.025980497140779997
0,42.1413,1.0125,-0.026048679754399447
0,42.1413,1.015625,-0.02611719725155163
0,42.1413,1.01875,-0.026186052302533572
0,42.1413,1.021875,-0.02625524760770671
0,42.1413,1.025,-0.026324785897927416
0,42.1413,1.028125,-0.02639466993498516
0,42.1413,1.03125,-0.026464902512047826
0,42.1413,1.034375,-0.026535486454114986
0,42.1413,1.0375,-0.026606424618478876
0,42.1413,1.040625,-0.02667771989519332
0,42.1413,1.04375,-0.026749375207550788
0,42.1413,1.046875,-0.026821393512567838
0,42.1413,1.05,-0.0268937778014789
0,42.1413,1.053125,-0.02696653110023877
0,42.1413,1.05625,-0.02703965647003382
0,42.1413,1.059375,-0.02711315700780227
0,42.1413,1.0625,-0.027187035846763616
0,42.1413,1.065625,-0.02726129615695729
0,42.1413,1.06875,-0.02733594114579104
0,42.1413,1.071875,-0.027410974058598877
0,42.1413,1.075,-0.02748639817920903
0,42.1413,1.078125,-0.027562216830522
0,42.1413,1.08125,-0.027638433375099
0,42.1413,1.084375,-0.027715051215760934
0,42.1413,1.0875,-0.02779207379619803
0,42.1413,1.090625,-0.027869504601590732
0,42.1413,1.09375,-0.027947347159241458
0,42.1413,1.096875,-0.028025605039218138
0,42.1413,1.1,-0.028104281855009267
0,42.1413,1.103125,-0.028183381264190954
0,42.1413,1.10625,-0.028262906969106032
0,42.1413,1.109375,-0.028342862717555907
0,42.1413,1.1125,-0.028423252303504763
0,42.1413,1.115625,-0.028504079567796978
0,42.1413,1.11875,-0.028585348398887666
0,42.1413,1.121875,-0.02866706273358688
0,42.1413,1.125,-0.028749226557817385
0,42.1413,1.128125,-0.02883184390738688
0,42.1413,1.13125,-0.028914918868774325
0,42.1413,1.134375,-0.02899845557993124
0,42.1413,1.1375,-0.029082458231097716
0,42.1413,1.140625,-0.029166931065634234
0,42.1413,1.14375,-0.029251878380868814
0,42.1413,1.146875,-0.02933730452896029
0,42.1413,1.15,-0.029423213917778086
0,42.1413,1.153125,-0.029509611011798637
0,42.1413,1.15625,-0.029596500333018867
0,42.1413,1.159375,-0.029683886461887195
0,42.1413,1.1625,-0.02977177403825257
0,42.1413,1.165625,-0.029860167762331413
0,42.1413,1.16875,-0.0299490723956935
0,42.1413,1.171875,-0.030038492762266868
0,42.1413,1.175,-0.03012843374936207
0,42.1413,1.178125,-0.03021890030871663
0,42.1413,1.18125,-0.030309897457559506
0,42.1413,1.184375,-0.03040143027969682
0,42.1413,1.1875,-0.030493503926618447
0,42.1413,1.190625,-0.03058612361862671
0,42.1413,1.19375,-0.030679294645987183
0,42.1413,1.196875,-0.03077302237010225
0,42.1413,1.2,-0.03086731222470815
0,42.1413,1.203125,-0.03096216971709552
0,42.1413,1.20625,-0.031057600429354515
0,42.1413,1.209375,-0.03115361001964489
0,42.1413,1.2125,-0.03125020422349139
0,42.1413,1.215625,-0.031347388855105275
0,42.1413,1.21875,-0.03144516980873258
0,42.1413,1.221875,-0.03154355306002972
0,42.1413,1.225,-0.0316425446674667
0,42.1413,1.228125,-0.031742150773759394
0,42.1413,1.23125,-0.03184237760733058
0,42.1413,1.234375,-0.031943231483801196
0,42.1413,1.2375,-0.03204471880751214
0,42.1413,1.240625,-0.03214684607307741
0,42.1413,1.24375,-0.032249619866969226
0,42.1413,1.246875,-0.03235304686913619
0,42.1413,1.25,-0.0324571338546549
0,42.1413,1.253125,-0.03256188769541608
0,42.1413,1.25625,-0.03266731536184586
0,42.1413,1.259375,-0.032773423924663134
0,42.1413,1.2625,-0.03288022055667406
0,42.1413,1.265625,-0.03298771253460403
0,42.1413,1.26875,-0.03309590724096876
0,42.1413,1.271875,-0.03320481216598478
0,42.1413,1.275,-0.03331443490952071
0,42.1413,1.278125,-0.03342478318309018
0,42.1413,1.28125,-0.03353586481188722
0,42.1413,1.284375,-0.03364768773686558
0,42.1413,1.2875,-0.03376026001686262
0,42.1413,1.290625,-0.03387358983076918
0,42.1413,1.29375,-0.0339876854797463
0,42.1413,1.296875,-0.034102555389490294
0,42.1413,1.3,-0.03421820811254699
0,42.1413,1.303125,-0.03433465233067659
0,42.1413,1.30625,-0.03445189685727047
0,42.1413,1.309375,-0.034569950639821004
0,42.1413,1.3125,-0.034688822762445795
0,42.1413,1.315625,-0.03480852244846801
0,42.1413,1.31875,-0.034929059063053595
0,42.1413,1.321875,-0.035050442115907555
0,42.1413,1.325,-0.03517268126403015
0,42.1413,1.328125,-0.035295786314534894
0,42.1413,1.33125,-0.035419767227529986
0,42.1413,1.334375,-0.035544634119064396
0,42.1413,1.3375,-0.03567039726414075
0,42.1413,1.340625,-0.03579706709979652
0,42.1413,1.34375,-0.035924654228255117
0,42.1413,1.346875,-0.03605316942014902
0,42.1413,1.35,-0.03618262361781668
0,42.1413,1.353125,-0.03631302793867484
0,42.1413,1.35625,-0.036444393678668974
0,42.1413,1.359375,-0.03657673231580295
0,42.1413,1.3625,-0.03671005551375082
0,42.1413,1.365625,-0.03684437512555239
0,42.1413,1.36875,-0.03697970319739506
0,42.1413,1.371875,-0.03711605197248412
0,42.1413,1.375,-0.037253433895003706
0,42.1413,1.378125,-0.03739186161417134
0,42.1413,1.38125,-0.03753134798838785
0,42.1413,1.384375,-0.03767190608948592
0,42.1413,1.3875,-0.03781354920707944
0,42.1413,1.390625,-0.037956290853016564
0,42.1413,1.39375,-0.0381001447659394
0,42.1413,1.396875,-0.03824512491595304
0,42.1413,1.4,-0.03839124550940701
0,42.1413,1.403125,-0.03853852099379221
0,42.1413,1.40625,-0.038686966062756484
0,42.1413,1.409375,-0.03883659566124224
0,42.1413,1.4125,-0.038987424990749246
0,42.1413,1.415625,-0.03913946951472615
0,42.1413,1.41875,-0.039292744964094614
0,42.1413,1.421875,-0.03944726734290917
0,42.1413,1.425,-0.03960305293415717
0,42.1413,1.428125,-0.0397601183057025
0,42.1413,1.43125,-0.039918480316376896
0,42.1413,1.434375,-0.040078156122223665
0,42.1413,1.4375,-0.040239163182897365
0,42.1413,1.440625,-0.040401519268224446
0,42.1413,1.44375,-0.04056524246492919
0,42.1413,1.446875,-0.04073035118352972
0,42.1413,1.45,-0.040896864165409046
0,42.1413,1.453125,-0.04106480049006598
0,42.1413,1.45625,-0.04123417958255142
0,42.1413,1.459375,-0.041405021221095024
0,42.1413,1.4625,-0.04157734554492813
0,42.1413,1.465625,-0.04175117306230852
0,42.1413,1.46875,-0.041926524658752774
0,42.1413,1.471875,-0.04210342160548258
0,42.1413,1.475,-0.04228188556809122
0,42.1413,1.478125,-0.04246193861543637
0,42.1413,1.48125,-0.042643603228766896
0,42.1413,1.484375,-0.042826902311089106
0,42.1413,1.4875,-0.04301185919678113
0,42.1413,1.490625,-0.04319849766146195
0,42.1413,1.49375,-0.04338684193212268
0,42.1413,1.496875,-0.043576916697528695
0,42.1413,1.5,-0.04376874711890012
0,42.1413,1.503125,-0.04396235884087932
0,42.1413,1.50625,-0.044157778002794155
0,42.1413,1.509375,-0.04435503125022633
0,42.1413,1.5125000000000002,-0.044554145746893314
0,42.1413,1.515625,-0.04475514918685451
0,42.1413,1.51875,-0.04495806980705104
0,42.1413,1.521875,-0.045162936400189334
0,42.1413,1.525,-0.04536977832797984
0,42.1413,1.5281250000000002,-0.04557862553474121
0,42.1413,1.53125,-0.04578950856138178
0,42.1413,1.534375,-0.046002458559770074
0,42.1413,1.5375,-0.04621750730750647
0,42.1413,1.540625,-0.04643468722310874
0,42.1413,1.5437500000000002,-0.046654031381624564
0,42.1413,1.546875,-0.046875573530684486
0,42.1413,1.55,-0.0470993481070097
0,42.1413,1.553125,-0.04732539025338822
0,42.1413,1.55625,-0.04755373583613586
0,42.1413,1.5593750000000002,-0.04778442146305646
0,42.1413,1.5625,-0.04801748450191777
0,42.1413,1.565625,-0.048252963099460144
0,42.1413,1.56875,-0.04849089620095465
0,42.1413,1.571875,-0.04873132357032882
0,42.1413,1.5750000000000002,-0.04897428581087884
0,42.1413,1.578125,-0.04921982438658682
0,42.1413,1.58125,-0.0494679816440636
0,42.1413,1.584375,-0.04971880083513746
0,42.1413,1.5875,-0.04997232614010988
0,42.1413,1.5906250000000002,-0.05022860269170144
0,42.1413,1.59375,-0.05048767659970943
0,42.1413,1.596875,-0.05074959497640228
0,42.1413,1.6,-0.05101440596267489
0,42.1413,1.603125,-0.05128215875499023
0,42.1413,1.6062500000000002,-0.05155290363313459
0,42.1413,1.609375,-0.05182669198881305
0,42.1413,1.6125,-0.052103576355114596
0,42.1413,1.615625,-0.0523836104368758
0,42.1413,1.61875,-0.05266684914197419
0,42.1413,1.6218750000000002,-0.052953348613583334
0,42.1413,1.625,-0.05324316626342213
0,42.1413,1.628125,-0.0535363608060334
0,42.1413,1.63125,-0.05383299229412676
0,42.1413,1.634375,-0.05413312215502322
0,42.1413,1.6375000000000002,-0.05443681322823961
0,42.1413,1.640625,-0.0547441298042526
0,42.1413,1.64375,-0.05505513766448443
0,42.1413,1.646875,-0.055369904122552153
0,42.1413,1.65,-0.055688498066825715
0,42.1413,1.6531250000000002,-0.05601099000434146
0,42.1413,1.65625,-0.056337452106118166
0,42.1413,1.659375,-0.056667958253926676
0,42.1413,1.6625,-0.057002584088564213
0,42.1413,1.665625,-0.05734140705968768
0,42.1413,1.6687500000000002,-0.057684506477262094
0,42.1413,1.671875,-0.058031963564681585
0,42.1413,1.675,-0.05838386151362471
0,42.1413,1.678125,-0.05874028554070548
0,42.1413,1.68125,-0.059101322945986495
0,42.1413,1.6843750000000002,-0.05946706317342165
0,42.1413,1.6875,-0.059837597873298565
0,42.1413,1.690625,-0.06021302096675501
0,42.1413,1.69375,-0.06059342871244431
0,42.1413,1.696875,-0.060978919775430185
0,42.1413,1.7000000000000002,-0.06136959529839239
0,42.1413,1.703125,-0.06176555897522924
0,42.1413,1.70625,-0.06216691712714638
0,42.1413,1.709375,-0.06257377878132345
0,42.1413,1.7125,-0.06298625575225573
0,42.1413,1.7156250000000002,-0.06340446272587091
0,42.1413,1.71875,-0.06382851734652384
0,42.1413,1.721875,-0.0642585403069795
0,42.1413,1.725,-0.06469465544149489
0,42.1413,1.728125,-0.0651369898221181
0,42.1413,1.7312500000000002,-0.06558567385832575
0,42.1413,1.734375,-0.06604084140012556
0,42.1413,1.7375,-0.06650262984475595
0,42.1413,1.740625,-0.0669711802471194
0,42.1413,1.74375,-0.06744663743409168
0,42.1413,1.7468750000000002,-0.06792915012285627
0,42.1413,1.75,-0.06841887104341605
0,42.1413,1.753125,-0.06891595706544495
0,42.1413,1.75625,-0.06942056932964348
0,42.1413,1.759375,-0.06993287338377352
0,42.1413,1.7625000000000002,-0.07045303932355143
0,42.1413,1.765625,-0.0709812419385864
0,42.1413,1.76875,-0.07151766086356011
0,42.1413,1.771875,-0.07206248073484803
0,42.1413,1.775,-0.07261589135279428
0,42.1413,1.7781250000000002,-0.07317808784985841
0,42.1413,1.78125,-0.0737492708648595
0,42.1413,1.784375,-0.07432964672355635
0,42.1413,1.7875,-0.07491942762580586
0,42.1413,1.790625,-0.0755188318395564
0,42.1413,1.7937500000000002,-0.07612808390193904
0,42.1413,1.796875,-0.07674741482773126
0,42.1413,1.8,-0.07737706232547825
0,42.1413,1.803125,-0.07801727102156653
0,42.1413,1.80625,-0.07866829269255629
0,42.1413,1.8093750000000002,-0.07933038650609078
0,42.1413,1.8125,-0.08000381927071026
0,42.1413,1.815625,-0.0806888656949136
0,42.1413,1.81875,-0.08138580865581875
0,42.1413,1.821875,-0.0820949394777886
0,42.1413,1.8250000000000002,-0.08281655822140035
0,42.1413,1.828125,-0.08355097398314792
0,42.1413,1.83125,-0.08429850520628368
0,42.1413,1.834375,-0.08505948000321358
0,42.1413,1.8375,-0.08583423648987788
0,42.1413,1.8406250000000002,-0.08662312313256047
0,42.1413,1.84375,-0.08742649910758216
0,42.1413,1.846875,-0.08824473467434989
0,42.1413,1.85,-0.08907821156224247
0,42.1413,1.853125,-0.08992732337182968
0,42.1413,1.8562500000000002,-0.09079247599093268
0,42.1413,1.859375,-0.09167408802604386
0,42.1413,1.8625,-0.09257259124964054
0,42.1413,1.865625,-0.09348843106392998
0,42.1413,1.86875,-0.0944220669815806
0,42.1413,1.8718750000000002,-0.09537397312399759
0,42.1413,1.875,-0.09634463873770864
0,42.1413,1.878125,-0.09733456872943541
0,42.1413,1.88125,-0.09834428422042249
0,42.1413,1.884375,-0.09937432312060457
0,42.1413,1.8875000000000002,-0.10042524072318662
0,42.1413,1.890625,-0.1014976103202076
0,42.1413,1.89375,-0.10259202383965521
0,42.1413,1.896875,-0.10370909250468027
0,42.1413,1.9,-0.10484944751544993
0,42.1413,1.9031250000000002,-0.1060137407541539
0,42.1413,1.90625,-0.10720264551364972
0,42.1413,1.909375,-0.10841685725020411
0,42.1413,1.9125,-0.10965709436073788
0,42.1413,1.915625,-0.11092409898493924
0,42.1413,1.9187500000000002,-0.11221863783254621
0,42.1413,1.921875,-0.11354150303602592
0,42.1413,1.925,-0.11489351302880174
0,42.1413,1.928125,-0.11627551344907265
0,42.1413,1.93125,-0.11768837806916356
0,42.1413,1.9343750000000002,-0.11913300975021032
0,42.1413,1.9375,-0.12061034142183175
0,42.1413,1.940625,-0.12212133708627285
0,42.1413,1.94375,-0.12366699284629777
0,42.1413,1.946875,-0.1252483379558934
0,42.1413,1.9500000000000002,-0.12686643589258317
0,42.1413,1.953125,-0.12852238544985897
0,42.1413,1.95625,-0.13021732184791557
0,42.1413,1.959375,-0.13195241786048958
0,42.1413,1.9625,-0.13372888495519414
0,42.1413,1.9656250000000002,-0.13554797444426306
0,42.1413,1.96875,-0.13741097864208354
0,42.1413,1.971875,-0.13931923202530747
0,42.1413,1.975,-0.14127411239065124
0,42.1413,1.978125,-0.143277042004755
0,42.1413,1.9812500000000002,-0.1453294887396278
0,42.1413,1.984375,-0.1474329671862713
0,42.1413,1.9875,-0.14958903973803775
0,42.1413,1.990625,-0.15179931763410698
0,42.1413,1.99375,-0.15406546195218845
0,42.1413,1.9968750000000002,-0.15638918453811423
0,42.1413,2.0,-0.15877224885839863
0,42.1413,2.003125,-0.1612164707600919
0,42.1413,2.00625,-0.1637237191202952
0,42.1413,2.0093750000000004,-0.1662959163655658
0,42.1413,2.0125,-0.16893503883907574
0,42.1413,2.015625,-0.1716431169907758
0,42.1413,2.01875,-0.17442223536295726
0,42.1413,2.021875,-0.17727453234047086
0,42.1413,2.0250000000000004,-0.1802021996314241
0,42.1413,2.028125,-0.18320748144043658
0,42.1413,2.03125,-0.18629267329244945
0,42.1413,2.034375,-0.18946012046064872
0,42.1413,2.0375,-0.19271221594727184
0,42.1413,2.0406250000000004,-0.19605139796087262
0,42.1413,2.04375,-0.19948014682805534
0,42.1413,2.046875,-0.20300098127170885
0,42.1413,2.05,-0.20661645398139808
0,42.1413,2.053125,-0.21032914639481842
0,42.1413,2.0562500000000004,-0.2141416626020734
0,42.1413,2.059375,-0.21805662227707368
0,42.1413,2.0625,-0.22207665253257444
0,42.1413,2.065625,-0.22620437858736925
0,42.1413,2.06875,-0.2304424131260171
0,42.1413,2.0718750000000004,-0.23479334422329234
0,42.1413,2.075,-0.23925972169749385
0,42.1413,2.078125,-0.24384404174897295
0,42.1413,2.08125,-0.2485487297329955
0,42.1413,2.084375,-0.2533761209096125
0,42.1413,2.0875000000000004,-0.2583284390078873
0,42.1413,2.090625,-0.2634077724380495
0,42.1413,2.09375,-0.26861604798334293
0,42.1413,2.096875,-0.2739550018040916
0,42.1413,2.1,-0.2794261475904478
0,42.1413,2.1031250000000004,-0.2850307417081126
0,42.1413,2.10625,-0.2907697451939003
0,42.1413,2.109375,-0.29664378247622036
0,42.1413,2.1125,-0.3026530967204176
0,42.1413,2.115625,-0.3087975017315549
0,42.1413,2.1187500000000004,-0.31507633038876154
0,42.1413,2.121875,-0.3214883796369989
0,42.1413,2.125,-0.32803185212518526
0,42.1413,2.128125,-0.3347042946553339
0,42.1413,2.13125,-0.34150253369682315
0,42.1413,2.1343750000000004,-0.34842260832405797
0,42.1413,2.1375,-0.3554597010553881
0,42.1413,2.140625,-0.36260806720650146
0,42.1413,2.14375,-0.36986096352251113
0,42.1413,2.146875,-0.377210577018825
0,42.1413,2.1500000000000004,-0.3846479551399665
0,42.1413,2.153125,-0.3921629385353115
0,42.1413,2.15625,-0.39974409794738897
0,42.1413,2.159375,-0.40737867690695595
0,42.1413,2.1625,-0.4150525421229627
0,42.1413,2.1656250000000004,-0.4227501436366241
0,42.1413,2.16875,-0.4304544869675144
0,42.1413,2.171875,-0.43814711960461267
0,42.1413,2.175,-0.44580813427406785
0,42.1413,2.178125,-0.4534161914346088
0,42.1413,2.1812500000000004,-0.46094856339690754
0,42.1413,2.184375,-0.46838120232111
0,42.1413,2.1875,-0.47568883410437324
0,42.1413,2.190625,-0.4828450798170878
0,42.1413,2.19375,-0.48982260587528953
0,42.1413,2.1968750000000004,-0.49659330354493647
0,42.1413,2.2,-0.5031284976645394
0,42.1413,2.203125,-0.5093991836562761
0,42.1413,2.20625,-0.5153762909902749
0,42.1413,2.209375,-0.521030970298541
0,42.1413,2.2125000000000004,-0.5263349003384495
0,42.1413,2.215625,-0.5312606100226624
0,42.1413,2.21875,-0.5357818098102897
0,42.1413,2.221875,-0.539873725944187
0,42.1413,2.225,-0.5435134303729792
0,42.1413,2.2281250000000004,-0.5466801587621805
0,42.1413,2.23125,-0.5493556088183358
0,42.1413,2.234375,-0.551524211254428
0,42.1413,2.2375,-0.5531733661311087
0,42.1413,2.240625,-0.5542936380173158
0,42.1413,2.2437500000000004,-0.5548789044085276
0,42.1413,2.246875,-0.5549264530864194
0,42.1413,2.25,-0.5544370255488986
0,42.1413,2.253125,-0.5534148052198429
0,42.1413,2.25625,-0.5518673507895466
0,42.1413,2.2593750000000004,-0.5498054766618565
0,42.1413,2.2625,-0.5472430840153278
0,42.1413,2.265625,-0.5441969473530588
0,42.1413,2.26875,-0.5406864625598652
0,42.1413,2.271875,-0.5367333633616526
0,42.1413,2.2750000000000004,-0.5323614136629207
0,42.1413,2.278125,-0.5275960835148741
0,42.1413,2.28125,-0.5224642164466318
0,42.1413,2.284375,-0.5169936955989666
0,42.1413,2.2875,-0.5112131155698276
0,42.1413,2.2906250000000004,-0.5051514661587101
0,42.1413,2.29375,-0.4988378333328691
0,42.1413,2.296875,-0.49230112178425217
0,42.1413,2.3,-0.48556980245168746
0,42.1413,2.303125,-0.47867168739366317
0,42.1413,2.3062500000000004,-0.4716337334518337
0,42.1413,2.309375,-0.46448187527514806
0,42.1413,2.3125,-0.4572408875020825
0,42.1413,2.315625,-0.44993427523844953
0,42.1413,2.31875,-0.44258419142779604
0,42.1413,2.3218750000000004,-0.43521137929114206
0,42.1413,2.325,-0.4278351377079425
0,42.1413,2.328125,-0.42047330721196896
0,42.1413,2.33125,-0.41314227417262
0,42.1413,2.334375,-0.40585699071069725
0,42.1413,2.3375000000000004,-0.39863100794397655
0,42.1413,2.340625,-0.39147652025801266
0,42.1413,2.34375,-0.3844044184384593
0,42.1413,2.346875,-0.37742434967070354
0,42.1413,2.35,-0.3705447826002638
0,42.1413,2.3531250000000004,-0.36377307584418916
0,42.1413,2.35625,-0.35711554854216077
0,42.1413,2.359375,-0.3505775517303014
0,42.1413,2.3625,-0.34416353950630546
0,42.1413,2.365625,-0.33787713912820605
0,42.1413,2.3687500000000004,-0.33172121934877796
0,42.1413,2.371875,-0.32569795643195704
0,42.1413,2.375,-0.31980889742629737
0,42.1413,2.378125,-0.31405502038343125
0,42.1413,2.38125,-0.30843679130727664
0,42.1413,2.3843750000000004,-0.3029542177032162
0,42.1413,2.3875,-0.29760689866665363
0,42.1413,2.390625,-0.29239407150846386
0,42.1413,2.39375,-0.28731465496208236
0,42.1413,2.396875,-0.28236728905457875
0,42.1413,2.4000000000000004,-0.27755037175325264
0,42.1413,2.403125,-0.27286209252118293
0,42.1413,2.40625,-0.2683004629308589
0,42.1413,2.409375,-0.26386334449546767
0,42.1413,2.4125,-0.2595484738834808
0,42.1413,2.4156250000000004,-0.2553534856846939
0,42.1413,2.41875,-0.2512759328954531
0,42.1413,2.421875,-0.24731330528811057
0,42.1413,2.425,-0.24346304582525496
0,42.1413,2.428125,-0.2397225652734113
0,42.1413,2.4312500000000004,-0.23608925516409193
0,42.1413,2.434375,-0.23256049924257138
0,42.1413,2.4375,-0.22913368353684446
0,42.1413,2.440625,-0.22580620517109773
0,42.1413,2.44375,-0.22257548003983307
0,42.1413,2.4468750000000004,-0.21943894945069736
0,42.1413,2.45,-0.21639408583614872
0,42.1413,2.453125,-0.2134383976264464
0,42.1413,2.45625,-0.2105694333691172
0,42.1413,2.459375,-0.20778478517306673
0,42.1413,2.4625000000000004,-0.2050820915489155
0,42.1413,2.465625,-0.20245903971093027
0,42.1413,2.46875,-0.1999133674001229
0,42.1413,2.471875,-0.19744286428268126
0,42.1413,2.475,-0.19504537297287594
0,42.1413,2.4781250000000004,-0.19271878972494752
0,42.1413,2.48125,-0.19046106483419678
0,42.1413,2.484375,-0.1882702027835637
0,42.1413,2.4875,-0.1861442621683761
0,42.1413,2.490625,-0.18408135542863402
0,42.1413,2.4937500000000004,-0.1820796484151902
0,42.1413,2.496875,-0.18013735981342696
0,42.1413,2.5,-0.17825276044553662
0,42.1413,2.503125,-0.176424172470237
0,42.1413,2.50625,-0.17464996849669434
0,42.1413,2.5093750000000004,-0.1729285706275637
0,42.1413,2.5125,-0.17125844944436955
0,42.1413,2.515625,-0.16963812294693104
0,42.1413,2.51875,-0.16806615545716602
0,42.1413,2.521875,-0.16654115649637202
0,42.1413,2.5250000000000004,-0.16506177964397645
0,42.1413,2.528125,-0.16362672138474954
0,42.1413,2.53125,-0.16223471995058508
0,42.1413,2.534375,-0.16088455416215364
0,42.1413,2.5375,-0.15957504227501657
0,42.1413,2.5406250000000004,-0.15830504083415536
0,42.1413,2.54375,-0.1570734435402985
0,42.1413,2.546875,-0.15587918013092344
0,42.1413,2.55,-0.1547212152783634
0,42.1413,2.553125,-0.15359854750704582
0,42.1413,2.5562500000000004,-0.15251020813153732
0,42.1413,2.559375,-0.15145526021675768
0,42.1413,2.5625,-0.15043279756144862
0,42.1413,2.565625,-0.14944194370574165
0,42.1413,2.56875,-0.148481850963453
0,42.1413,2.5718750000000004,-0.14755169947955055
0,42.1413,2.575,-0.14665069631307037
0,42.1413,2.578125,-0.14577807454562255
0,42.1413,2.58125,-0.14493309241549823
0,42.1413,2.584375,-0.14411503247728874
0,42.1413,2.5875000000000004,-0.1433232007868305
0,42.1413,2.590625,-0.14255692611121545
0,42.1413,2.59375,-0.1418155591635385
0,42.1413,2.596875,-0.14109847186199942
0,42.1413,2.6,-0.14040505661292713
0,42.1413,2.6031250000000004,-0.13973472561725875
0,42.1413,2.60625,-0.13908691019997413
0,42.1413,2.609375,-0.13846106016195955
0,42.1413,2.6125,-0.13785664315376012
0,42.1413,2.615625,-0.13727314407066
0,42.1413,2.6187500000000004,-0.1367100644685255
0,42.1413,2.621875,-0.1361669219998356
0,42.1413,2.625,-0.1356432498693236
0,42.1413,2.628125,-0.13513859630865438
0,42.1413,2.63125,-0.13465252406956163
0,42.1413,2.6343750000000004,-0.13418460993487571
0,42.1413,2.6375,-0.13373444424687891
0,42.1413,2.640625,-0.13330163045243085
0,42.1413,2.64375,-0.1328857846643193
0,42.1413,2.646875,-0.13248653523829731
0,42.1413,2.6500000000000004,-0.1321035223652823
0,42.1413,2.653125,-0.1317363976782013
0,42.1413,2.65625,-0.1313848238729815
0,42.1413,2.659375,-0.13104847434319528
0,42.1413,2.6625,-0.13072703282788325
0,42.1413,2.6656250000000004,-0.13042019307209254
0,42.1413,2.66875,-0.13012765849967706
0,42.1413,2.671875,-0.1298491418979259
0,42.1413,2.675,-0.1295843651135932
0,42.1413,2.678125,-0.1293330587599198
0,42.1413,2.6812500000000004,-0.12909496193424877
0,42.1413,2.684375,-0.1288698219458494
0,42.1413,2.6875,-0.12865739405357773
0,42.1413,2.690625,-0.1284574412130146
0,42.1413,2.69375,-0.1282697338327327
0,42.1413,2.6968750000000004,-0.12809404953935805
0,42.1413,2.7,-0.12793017295110165
0,42.1413,2.703125,-0.12777789545944968
0,42.1413,2.70625,-0.127637015018711
0,42.1413,2.709375,-0.1275073359431311
0,42.1413,2.7125000000000004,-0.12738866871129417
0,42.1413,2.715625,-0.1272808297775426
0,42.1413,2.71875,-0.12718364139015512
0,42.1413,2.721875,-0.127096931416034
0,42.1413,2.725,-0.1270205331716591
0,42.1413,2.7281250000000004,-0.12695428526008057
0,42.1413,2.73125,-0.12689803141372344
0,42.1413,2.734375,-0.1268516203427928
0,42.1413,2.7375,-0.12681490558907213
0,42.1413,2.740625,-0.12678774538491577
0,42.1413,2.7437500000000004,-0.12677000251724696
0,42.1413,2.746875,-0.12676154419637478
0,42.1413,2.75,-0.1267622419294565
0,42.1413,2.753125,-0.12677197139843407
0,42.1413,2.75625,-0.12679061234228184
0,42.1413,2.7593750000000004,-0.1268180484434096
0,42.1413,2.7625,-0.12685416721806797
0,42.1413,2.765625,-0.12689885991061475
0,42.1413,2.76875,-0.12695202139149908
0,42.1413,2.771875,-0.12701355005883272
0,42.1413,2.7750000000000004,-0.12708334774341698
0,42.1413,2.778125,-0.12716131961710425
0,42.1413,2.78125,-0.12724737410437345
0,42.1413,2.784375,-0.12734142279700497
0,42.1413,2.7875,-0.12744338037174685
0,42.1413,2.7906250000000004,-0.12755316451086537
0,42.1413,2.79375,-0.127670695825478
0,42.1413,2.796875,-0.1277958977815737
0,42.1413,2.8,-0.12792869662862355
0,42.1413,2.803125,-0.12806902133069425
0,42.1413,2.8062500000000004,-0.12821680349997638
0,42.1413,2.809375,-0.12837197733264505
0,42.1413,2.8125,-0.12853447954697197
0,42.1413,2.815625,-0.1287042493236136
0,42.1413,2.81875,-0.1288812282479993
0,42.1413,2.8218750000000004,-0.12906536025475088
0,42.1413,2.825,-0.12925659157406255
0,42.1413,2.828125,-0.1294548706799788
0,42.1413,2.83125,-0.12966014824050404
0,42.1413,2.834375,-0.129872377069485
0,42.1413,2.8375000000000004,-0.13009151208020753
0,42.1413,2.840625,-0.13031751024065122
0,42.1413,2.84375,-0.1305503305303487
0,42.1413,2.846875,-0.13078993389879617
0,42.1413,2.85,-0.13103628322536823
0,42.1413,2.8531250000000004,-0.1312893432806855
0,42.1413,2.85625,-0.13154908068939283
0,42.1413,2.859375,-0.13181546389430054
0,42.1413,2.8625,-0.1320884631218485
0,42.1413,2.865625,-0.1323680503488509
0,42.1413,2.8687500000000004,-0.13265419927048322
0,42.1413,2.871875,-0.1329468852694723
0,42.1413,2.875,-0.1332460853864557
0,42.1413,2.878125,-0.13355177829147263
0,42.1413,2.88125,-0.13386394425655496
0,42.1413,2.8843750000000004,-0.1341825651293849
0,42.1413,2.8875,-0.13450762430798915
0,42.1413,2.890625,-0.13483910671643984
0,42.1413,2.89375,-0.1351769987815325
0,42.1413,2.896875,-0.13552128841041533
0,42.1413,2.9000000000000004,-0.1358719649691419
0,42.1413,2.903125,-0.13622901926212264
0,42.1413,2.90625,-0.13659244351245142
0,42.1413,2.909375,-0.13696223134308247
0,42.1413,2.9125,-0.13733837775883617
0,42.1413,2.9156250000000004,-0.13772087912921185
0,42.1413,2.91875,-0.13810973317198733
0,42.1413,2.921875,-0.13850493893758536
0,42.1413,2.925,-0.13890649679418715
0,42.1413,2.928125,-0.13931440841357584
0,42.1413,2.9312500000000004,-0.13972867675769157
0,42.1413,2.934375,-0.14014930606588263
0,42.1413,2.9375,-0.14057630184283498
0,42.1413,2.940625,-0.1410096708471666
0,42.1413,2.94375,-0.14144942108066996
0,42.1413,2.9468750000000004,-0.1418955617781913
0,42.1413,2.95,-0.14234810339812964
0,42.1413,2.953125,-0.14280705761354703
0,42.1413,2.95625,-0.1432724373038734
0,42.1413,2.959375,-0.14374425654719808
0,42.1413,2.9625000000000004,-0.14422253061313345
0,42.1413,2.965625,-0.14470727595624375
0,42.1413,2.96875,-0.1451985102100254
0,42.1413,2.971875,-0.1456962521814314
0,42.1413,2.975,-0.14620052184593058
0,42.1413,2.9781250000000004,-0.14671134034309094
0,42.1413,2.98125,-0.14722872997268235
0,42.1413,2.984375,-0.1477527141912874
0,42.1413,2.9875,-0.14828331760941552
0,42.1413,2.990625,-0.14882056598911153
0,42.1413,2.9937500000000004,-0.14936448624205417
0,42.1413,2.996875,-0.14991510642813555
0,42.1413,3.0,-0.1504724557545204
0,42.1413,3.0031250000000003,-0.15103656457517342
0,42.1413,3.00625,-0.15160746439085593
0,42.1413,3.009375,-0.15218518784958343
0,42.1413,3.0125,-0.15276976874754059
0,42.1413,3.015625,-0.15336124203045037
0,42.1413,3.0187500000000003,-0.15395964379539331
0,42.1413,3.021875,-0.1545650112930732
0,42.1413,3.025,-0.15517738293052707
0,42.1413,3.028125,-0.15579679827427662
0,42.1413,3.03125,-0.1564232980539175
0,42.1413,3.0343750000000003,-0.15705692416614728
0,42.1413,3.0375,-0.15769771967922697
0,42.1413,3.040625,-0.1583457288378774
0,42.1413,3.04375,-0.1590009970686081
0,42.1413,3.046875,-0.1596635709854779
0,42.1413,3.0500000000000003,-0.16033349839628755
0,42.1413,3.053125,-0.16101082830920213
0,42.1413,3.05625,-0.16169561093980583
0,42.1413,3.059375,-0.1623878977185881
0,42.1413,3.0625,-0.16308774129886136
0,42.1413,3.0656250000000003,-0.16379519556511177
0,42.1413,3.06875,-0.16451031564178442
0,42.1413,3.071875,-0.16523315790250337
0,42.1413,3.075,-0.16596377997972994
0,42.1413,3.078125,-0.16670224077485826
0,42.1413,3.0812500000000003,-0.16744860046875393
0,42.1413,3.084375,-0.16820292053273553
0,42.1413,3.0875,-0.16896526374000265
0,42.1413,3.090625,-0.16973569417751402
0,42.1413,3.09375,-0.17051427725831758
0,42.1413,3.0968750000000003,-0.17130107973433734
0,42.1413,3.1,-0.1720961697096207
0,42.1413,3.103125,-0.1728996166540495
0,42.1413,3.10625,-0.17371149141752035
0,42.1413,3.109375,-0.17453186624459668
0,42.1413,3.1125000000000003,-0.1753608147896413
0,42.1413,3.115625,-0.17619841213242937
0,42.1413,3.11875,-0.1770447347942533
0,42.1413,3.121875,-0.17789986075451938
0,42.1413,3.125,-0.1787638694678464
0,42.1413,3.1281250000000003,-0.17963684188167084
0,42.1413,3.13125,-0.18051886045436452
0,42.1413,3.134375,-0.18141000917387484
0,42.1413,3.1375,-0.18231037357688984
0,42.1413,3.140625,-0.18322004076853937
0,42.1413,3.1437500000000003,-0.1841390994426399
0,42.1413,3.146875,-0.18506763990248787
0,42.1413,3.15,-0.1860057540822149
0,42.1413,3.153125,-0.1869535355687096
0,42.1413,3.15625,-0.18791107962411507
0,42.1413,3.1593750000000003,-0.18887848320891634
0,42.1413,3.1625,-0.18985584500562014
0,42.1413,3.165625,-0.19084326544304336
0,42.1413,3.16875,-0.19184084672121746
0,42.1413,3.171875,-0.19284869283691883
0,42.1413,3.1750000000000003,-0.19386690960984024
0,42.1413,3.178125,-0.1948956047094095
0,42.1413,3.18125,-0.195934887682272
0,42.1413,3.184375,-0.19698486998044648
0,42.1413,3.1875,-0.19804566499016688
0,42.1413,3.1906250000000003,-0.19911738806142557
0,42.1413,3.19375,-0.20020015653822765
0,42.1413,3.196875,-0.20129408978957436
0,42.1413,3.2,-0.20239930924118693
0,42.1413,3.203125,-0.20351593840798587
0,42.1413,3.2062500000000003,-0.20464410292734328
0,42.1413,3.209375,-0.2057839305931199
0,42.1413,3.2125,-0.206935551390508
0,42.1413,3.215625,-0.2080990975316919
0,42.1413,3.21875,-0.20927470349234417
0,42.1413,3.2218750000000003,-0.21046250604898087
0,42.1413,3.225,-0.21166264431718415
0,42.1413,3.228125,-0.21287525979071925
0,42.1413,3.23125,-0.21410049638156087
0,42.1413,3.234375,-0.21533850046084888
0,42.1413,3.2375000000000003,-0.21658942090079772
0,42.1413,3.240625,-0.21785340911757278
0,42.1413,3.24375,-0.21913061911516385
0,42.1413,3.246875,-0.220421207530272
0,42.1413,3.25,-0.22172533367823402
0,42.1413,3.2531250000000003,-0.22304315960001087
0,42.1413,3.25625,-0.2243748501102586
0,42.1413,3.259375,-0.22572057284651328
0,42.1413,3.2625,-0.22708049831951005
0,42.1413,3.265625,-0.22845479996466483
0,42.1413,3.2687500000000003,-0.22984365419474798
0,42.1413,3.271875,-0.23124724045377223
0,42.1413,3.275,-0.23266574127213005
0,42.1413,3.278125,-0.23409934232300497
0,42.1413,3.28125,-0.23554823248008996
0,42.1413,3.2843750000000003,-0.23701260387664355
0,42.1413,3.2875,-0.23849265196591385
0,42.1413,3.290625,-0.23998857558296904
0,42.1413,3.29375,-0.24150057700796165
0,42.1413,3.296875,-0.24302886203086502
0,42.1413,3.3000000000000003,-0.24457364001772022
0,42.1413,3.303125,-0.24613512397842624
0,42.1413,3.30625,-0.2477135306361144
0,42.1413,3.309375,-0.24930908049814574
0,42.1413,3.3125,-0.25092199792877123
0,42.1413,3.3156250000000003,-0.25255251122349964
0,42.1413,3.31875,-0.25420085268520953
0,42.1413,3.321875,-0.25586725870205823
0,42.1413,3.325,-0.2575519698272259
0,42.1413,3.328125,-0.25925523086054464
0,42.1413,3.3312500000000003,-0.26097729093206407
0,42.1413,3.334375,-0.2627184035875954
0,42.1413,3.3375,-0.2644788268762941
0,42.1413,3.340625,-0.2662588234403275
0,42.1413,3.34375,-0.26805866060668415
0,42.1413,3.3468750000000003,-0.2698786104811832
0,42.1413,3.35,-0.27171895004473545
0,42.1413,3.353125,-0.2735799612519239
0,42.1413,3.35625,-0.2754619311319588
0,42.1413,3.359375,-0.27736515189207034
0,42.1413,3.3625000000000003,-0.279289921023411
0,42.1413,3.365625,-0.2812365414095269
0,42.1413,3.36875,-0.2832053214374715
0,42.1413,3.371875,-0.2851965751116342
0,42.1413,3.375,-0.2872106221703513
0,42.1413,3.3781250000000003,-0.2892477882053864
0,42.1413,3.38125,-0.29130840478434555
0,42.1413,3.384375,-0.2933928095761202
0,42.1413,3.3875,-0.29550134647943316
0,42.1413,3.390625,-0.29763436575457547
0,42.1413,3.3937500000000003,-0.2997922241584268
0,42.1413,3.396875,-0.30197528508284804
0,42.1413,3.4000000000000004,-0.30418391869653977
0,42.1413,3.403125,-0.30641850209046595
0,42.1413,3.40625,-0.3086794194269458
0,42.1413,3.4093750000000003,-0.31096706209251607
0,42.1413,3.4125,-0.31328182885466677
0,42.1413,3.4156250000000004,-0.31562412602257295
0,42.1413,3.41875,-0.317994367611925
0,42.1413,3.421875,-0.32039297551398693
0,42.1413,3.4250000000000003,-0.32282037966899557
0,42.1413,3.428125,-0.32527701824403454
0,42.1413,3.4312500000000004,-0.32776333781551165
0,42.1413,3.434375,-0.33027979355637394
0,42.1413,3.4375,-0.3328268494282021
0,42.1413,3.4406250000000003,-0.3354049783783288
0,42.1413,3.44375,-0.3380146625421282
0,42.1413,3.4468750000000004,-0.3406563934506348
0,42.1413,3.45,-0.3433306722436501
0,42.1413,3.453125,-0.3460380098885034
0,42.1413,3.4562500000000003,-0.34877892740463556
0,42.1413,3.459375,-0.3515539560941849
0,42.1413,3.4625000000000004,-0.3543636377787626
0,42.1413,3.465625,-0.3572085250425972
0,42.1413,3.46875,-0.36008918148225655
0,42.1413,3.4718750000000003,-0.3630061819631429
0,42.1413,3.475,-0.3659601128829717
0,42.1413,3.4781250000000004,-0.3689515724424593
0,42.1413,3.48125,-0.3719811709234362
0,42.1413,3.484375,-0.3750495309746265
0,42.1413,3.4875000000000003,-0.3781572879053338
0,42.1413,3.490625,-0.3813050899872802
0,42.1413,3.4937500000000004,-0.3844935987648685
0,42.1413,3.496875,-0.3877234893741244
0,42.1413,3.5,-0.3909954508706094
0,42.1413,3.5031250000000003,-0.39431018656658695
0,42.1413,3.50625,-0.3976684143777388
0,42.1413,3.5093750000000004,-0.4010708671797567
0,42.1413,3.5125,-0.4045182931751077
0,42.1413,3.515625,-0.40801145627033497
0,42.1413,3.5187500000000003,-0.4115511364642159
0,42.1413,3.521875,-0.4151381302471483
0,42.1413,3.5250000000000004,-0.4187732510121393
0,42.1413,3.528125,-0.4224573294777712
0,42.1413,3.53125,-0.42619121412355704
0,42.1413,3.5343750000000003,-0.42997577163809203
0,42.1413,3.5375,-0.43381188738043064
0,42.1413,3.5406250000000004,-0.4377004658551445
0,42.1413,3.54375,-0.44164243120151103
0,42.1413,3.546875,-0.445638727697322
0,42.1413,3.5500000000000003,-0.449690320277804
0,42.1413,3.553125,-0.4537981950701665
0,42.1413,3.5562500000000004,-0.45796335994431703
0,42.1413,3.559375,-0.4621868450802889
0,42.1413,3.5625,-0.4664697035529682
0,42.1413,3.5656250000000003,-0.470813011934703
0,42.1413,3.56875,-0.47521787091641904
0,42.1413,3.5718750000000004,-0.4796854059478862
0,42.1413,3.575,-0.4842167678977875
0,42.1413,3.578125,-0.4888131337342925
0,42.1413,3.5812500000000003,-0.49347570722683576
0,42.1413,3.584375,-0.49820571966984323
0,42.1413,3.5875000000000004,-0.5030044306291754
0,42.1413,3.590625,-0.5078731287120715
0,42.1413,3.59375,-0.5128131323614223
0,42.1413,3.5968750000000003,-0.5178257906752167
0,42.1413,3.6,-0.5229124842520374
0,42.1413,3.6031250000000004,-0.5280746260635316
0,42.1413,3.60625,-0.5333136623547713
0,42.1413,3.609375,-0.5386310735735055
0,42.1413,3.6125000000000003,-0.5440283753292913
0,42.1413,3.615625,-0.5495071193835467
0,42.1413,3.6187500000000004,-0.5550688946716135
0,42.1413,3.621875,-0.5607153283579197
0,42.1413,3.625,-0.5664480869254129
0,42.1413,3.6281250000000003,-0.572268877300424
0,42.1413,3.63125,-0.5781794480141954
0,42.1413,3.6343750000000004,-0.5841815904023387
0,42.1413,3.6375,-0.5902771398434983
0,42.1413,3.640625,-0.5964679770385828
0,42.1413,3.6437500000000003,-0.6027560293319252
0,42.1413,3.646875,-0.6091432720757833
0,42.1413,3.6500000000000004,-0.6156317300396612
0,42.1413,3.653125,-0.6222234788659134
0,42.1413,3.65625,-0.6289206465732073
0,42.1413,3.6593750000000003,-0.6357254151093872
0,42.1413,3.6625,-0.6426400219553745
0,42.1413,3.6656250000000004,-0.6496667617817701
0,42.1413,3.66875,-0.6568079881598272
0,42.1413,3.671875,-0.6640661153285705
0,42.1413,3.6750000000000003,-0.6714436200197926
0,42.1413,3.678125,-0.6789430433427777
0,42.1413,3.6812500000000004,-0.686566992730576
0,42.1413,3.684375,-0.6943181439497148
0,42.1413,3.6875,-0.7021992431752802
0,42.1413,3.6906250000000003,-0.7102131091332909
0,42.1413,3.69375,-0.7183626353123571
0,42.1413,3.6968750000000004,-0.7266507922466406
0,42.1413,3.7,-0.7350806298721168
0,42.1413,3.703125,-0.7436552799582287
0,42.1413,3.7062500000000003,-0.7523779586169826
0,42.1413,3.709375,-0.76125196889158
0,42.1413,3.7125000000000004,-0.7702807034267175
0,42.1413,3.715625,-0.7794676472226227
0,42.1413,3.71875,-0.7888163804750082
0,42.1413,3.7218750000000003,-0.798330581503015
0,42.1413,3.725,-0.8080140297673002
0,42.1413,3.7281250000000004,-0.8178706089803957
0,42.1413,3.73125,-0.8279043103114071
0,42.1413,3.734375,-0.8381192356871895
0,42.1413,3.7375000000000003,-0.8485196011920415
0,42.1413,3.740625,-0.8591097405679626
0,42.1413,3.7437500000000004,-0.8698941088175142
0,42.1413,3.746875,-0.8808772859112044
0,42.1413,3.75,-0.8920639806013805
0,42.1413,3.7531250000000003,-0.903459034344447
0,42.1413,3.75625,-0.9150674253332468
0,42.1413,3.7593750000000004,-0.9268942726413453
0,42.1413,3.7625,-0.9389448404808369
0,42.1413,3.765625,-0.9512245425752728
0,42.1413,3.7687500000000003,-0.9637389466491251
0,42.1413,3.771875,-0.9764937790351204
0,42.1413,3.7750000000000004,-0.9894949294006344
0,42.1413,3.778125,-1.002748455594118
0,42.1413,3.78125,-1.0162605886124134
0,42.1413,3.7843750000000003,-1.030037737689504
0,42.1413,3.7875,-1.0440864955070288
0,42.1413,3.7906250000000004,-1.0584136435265814
0,42.1413,3.79375,-1.0730261574433642
0,42.1413,3.796875,-1.0879312127604637
0,42.1413,3.8000000000000003,-1.1031361904823414
0,42.1413,3.803125,-1.1186486829256177
0,42.1413,3.8062500000000004,-1.1344764996444936
0,42.1413,3.809375,-1.1506276734671805
0,42.1413,3.8125,-1.167110466638846
0,42.1413,3.8156250000000003,-1.1839333770652085
0,42.1413,3.81875,-1.201105144649562
0,42.1413,3.8218750000000004,-1.2186347577143564
0,42.1413,3.825,-1.2365314594963475
0,42.1413,3.828125,-1.254804754702191
0,42.1413,3.8312500000000003,-1.2734644161084878
0,42.1413,3.834375,-1.2925204911872616
0,42.1413,3.8375000000000004,-1.3119833087342458
0,42.1413,3.840625,-1.3318634854730405
0,42.1413,3.84375,-1.3521719326036574
0,42.1413,3.8468750000000003,-1.3729198622582865
0,42.1413,3.85,-1.3941187938211215
0,42.1413,3.8531250000000004,-1.4157805600620215
0,42.1413,3.85625,-1.4379173130259
0,42.1413,3.859375,-1.460541529611086
0,42.1413,3.8625000000000003,-1.4836660167599722
0,42.1413,3.865625,-1.5073039161746105
0,42.1413,3.8687500000000004,-1.5314687084579528
0,42.1413,3.871875,-1.5561742165683679
0,42.1413,3.875,-1.5814346084609827
0,42.1413,3.8781250000000003,-1.6072643987738937
0,42.1413,3.88125,-1.6336784494007757
0,42.1413,3.8843750000000004,-1.6606919687736592
0,42.1413,3.8875,-1.6883205096605094
0,42.1413,3.890625,-1.7165799652622846
0,42.1413,3.8937500000000003,-1.7454865633726178
0,42.1413,3.896875,-1.7750568583409634
0,42.1413,3.9000000000000004,-1.8053077205565349
0,42.1413,3.903125,-1.8362563231457056
0,42.1413,3.90625,-1.8679201255502833
0,42.1413,3.9093750000000003,-1.9003168536274353
0,42.1413,3.9125,-1.933464475885036
0,42.1413,3.9156250000000004,-1.9673811754382244
0,42.1413,3.91875,-2.002085317244263
0,42.1413,3.921875,-2.0375954101438563
0,42.1413,3.9250000000000003,-2.0739300632074
0,42.1413,3.928125,-2.11110793585494
0,42.1413,3.9312500000000004,-2.1491476811889285
0,42.1413,3.934375,-2.1880678819490815
0,42.1413,3.9375,-2.2278869784700466
0,42.1413,3.9406250000000003,-2.268623187994322
0,42.1413,3.94375,-2.3102944146666835
0,42.1413,3.9468750000000004,-2.3529181495124036
0,42.1413,3.95,-2.3965113596801855
0,42.1413,3.953125,-2.4410903662143006
0,42.1413,3.9562500000000003,-2.4866707096085623
0,42.1413,3.959375,-2.5332670023902284
0,42.1413,3.9625000000000004,-2.580892767985885
0,42.1413,3.965625,-2.6295602651353973
0,42.1413,3.96875,-2.6792802971476384
0,42.1413,3.9718750000000003,-2.7300620053338336
0,42.1413,3.975,-2.7819126460153116
0,42.1413,3.9781250000000004,-2.834837350584614
0,42.1413,3.98125,-2.8888388682055535
0,42.1413,3.984375,-2.9439172908734834
0,42.1413,3.9875000000000003,-3.0000697607243394
0,42.1413,3.990625,-3.057290159684945
0,42.1413,3.9937500000000004,-3.1155687818013535
0,42.1413,3.996875,-3.1748919888696476
0,42.1413,4.0,-3.235241850330285
0,42.1413,4.003125000000001,-3.2965957687734826
0,42.1413,4.00625,-3.3589260928442193
0,42.1413,4.009375,-3.422199719831917
0,42.1413,4.0125,-3.4863776907812607
0,42.1413,4.015625,-3.5514147815698296
0,42.1413,4.018750000000001,-3.6172590940570006
0,42.1413,4.021875,-3.6838516521176943
0,42.1413,4.025,-3.7511260081230096
0,42.1413,4.028125,-3.8190078662072504
0,42.1413,4.03125,-3.8874147294568484
0,42.1413,4.034375000000001,-3.9562555789476783
0,42.1413,4.0375,-4.025430593327455
0,42.1413,4.040625,-4.09483091835924
0,42.1413,4.04375,-4.164338496480062
0,42.1413,4.046875,-4.233825966953933
0,42.1413,4.050000000000001,-4.303156647565884
0,42.1413,4.053125,-4.372184608977056
0,42.1413,4.05625,-4.440754852791399
0,42.1413,4.059375,-4.508703604026914
0,42.1413,4.0625,-4.575858727997685
0,42.1413,4.065625000000001,-4.642040280549672
0,42.1413,4.06875,-4.7070611991249915
0,42.1413,4.071875,-4.770728140227262
0,42.1413,4.075,-4.8328424665118135
0,42.1413,4.078125,-4.893201383938388
0,42.1413,4.081250000000001,-4.951599226218287
0,42.1413,4.084375,-5.007828880216448
0,42.1413,4.0875,-5.061683342100867
0,42.1413,4.090625,-5.112957389965091
0,42.1413,4.09375,-5.161449354510443
0,42.1413,4.096875000000001,-5.20696296530395
0,42.1413,4.1,-5.249309246292986
0,42.1413,4.103125,-5.2883084308300505
0,42.1413,4.10625,-5.323791863617263
0,42.1413,4.109375,-5.355603854892742
0,42.1413,4.112500000000001,-5.383603450997356
0,42.1413,4.115625,-5.40766608530774
0,42.1413,4.11875,-5.427685074482223
0,42.1413,4.121875,-5.443572927078338
0,42.1413,4.125,-5.455262434849997
0,42.1413,4.128125000000001,-5.462707521345644
0,42.1413,4.13125,-5.46588382768284
0,42.1413,4.134375,-5.464789021390714
0,42.1413,4.1375,-5.459442820773912
0,42.1413,4.140625,-5.449886734109444
0,42.1413,4.143750000000001,-5.436183519876924
0,42.1413,4.146875,-5.418416380875198
0,42.1413,4.15,-5.396687911240087
0,42.1413,4.153125,-5.3711188208231615
0,42.1413,4.15625,-5.341846465931305
0,42.1413,4.159375000000001,-5.309023218925107
0,42.1413,4.1625,-5.272814711543203
0,42.1413,4.165625,-5.233397988033013
0,42.1413,4.16875,-5.190959604249963
0,42.1413,4.171875,-5.145693707909253
0,42.1413,4.175000000000001,-5.097800133254366
0,42.1413,4.178125,-5.04748254068682
0,42.1413,4.18125,-4.99494662855086
0,42.1413,4.184375,-4.940398440462392
0,42.1413,4.1875,-4.884042787486297
0,42.1413,4.190625000000001,-4.82608180027457
0,42.1413,4.19375,-4.766713622126005
0,42.1413,4.196875,-4.706131249951631
0,42.1413,4.2,-4.644521526435593
0,42.1413,4.203125,-4.5820642833470115
0,42.1413,4.206250000000001,-4.518931633045563
0,42.1413,4.209375,-4.455287402758352
0,42.1413,4.2125,-4.391286704201549
0,42.1413,4.215625,-4.3270756295688795
0,42.1413,4.21875,-4.2627910637832755
0,42.1413,4.221875000000001,-4.198560602179193
0,42.1413,4.225,-4.134502562402714
0,42.1413,4.228125,-4.070726079241243
0,42.1413,4.23125,-4.007331271275065
0,42.1413,4.234375,-3.944409468627163
0,42.1413,4.237500000000001,-3.882043491635169
0,42.1413,4.240625,-3.8203079709310837
0,42.1413,4.24375,-3.7592697001563216
0,42.1413,4.246875,-3.6989880133279045
0,42.1413,4.25,-3.6395151796751484
0,42.1413,4.253125000000001,-3.5808968095675247
0,42.1413,4.25625,-3.523172265930017
0,42.1413,4.259375,-3.4663750762822576
0,42.1413,4.2625,-3.4105333412325347
0,42.1413,4.265625,-3.355670135898085
0,42.1413,4.268750000000001,-3.3018039013113967
0,42.1413,4.271875,-3.2489488234022583
0,42.1413,4.275,-3.197115197621589
0,42.1413,4.278125,-3.146309777698117
0,42.1413,4.28125,-3.096536107392632
0,42.1413,4.284375000000001,-3.0477948344462984
0,42.1413,4.2875,-3.000084006207784
0,42.1413,4.290625,-2.9533993466766404
0,42.1413,4.29375,-2.9077345149203873
0,42.1413,4.296875,-2.8630813450113894
0,42.1413,4.300000000000001,-2.8194300677941424
0,42.1413,4.303125,-2.7767695149320923
0,42.1413,4.30625,-2.7350873058007092
0,42.1413,4.309375,-2.6943700178914805
0,42.1413,4.3125,-2.654603341469272
0,42.1413,4.315625000000001,-2.615772219287859
0,42.1413,4.31875,-2.577860972212793
0,42.1413,4.321875,-2.5408534116304513
0,42.1413,4.325,-2.504732939538084
0,42.1413,4.328125,-2.469482637211044
0,42.1413,4.331250000000001,-2.4350853433346593
0,42.1413,4.334375,-2.40152372246768
0,42.1413,4.3375,-2.3687803246750696
0,42.1413,4.340625,-2.336837637132448
0,42.1413,4.34375,-2.305678128461637
0,42.1413,4.346875000000001,-2.2752842865123655
0,42.1413,4.35,-2.2456386502572054
0,42.1413,4.353125,-2.216723836419439
0,42.1413,4.35625,-2.1885225614080386
0,42.1413,4.359375,-2.161017659090293
0,42.1413,4.362500000000001,-2.1341920948947735
0,42.1413,4.365625,-2.1080289767039173
0,42.1413,4.36875,-2.082511562968698
0,42.1413,4.371875,-2.0576232684585873
0,42.1413,4.375,-2.0333476680466807
0,42.1413,4.378125000000001,-2.009668498925189
0,42.1413,4.38125,-1.9865696616474056
0,42.1413,4.384375,-1.964035220399482
0,42.1413,4.3875,-1.9420494029178195
0,42.1413,4.390625,-1.9205966004822919
0,42.1413,4.393750000000001,-1.8996613684321904
0,42.1413,4.396875,-1.8792284276660431
0,42.1413,4.4,-1.8592826675963705
0,42.1413,4.403125,-1.8398091510331365
0,42.1413,4.40625,-1.8207931214598605
0,42.1413,4.409375000000001,-1.8022200131427601
0,42.1413,4.4125,-1.7840754644700398
0,42.1413,4.415625,-1.7663453348538418
0,42.1413,4.41875,-1.7490157254386067
0,42.1413,4.421875,-1.7320730037443473
0,42.1413,4.425000000000001,-1.7155038322333553
0,42.1413,4.428125,-1.6992952006243767
0,42.1413,4.43125,-1.6834344615943593
0,42.1413,4.434375,-1.667909369311091
0,42.1413,4.4375,-1.6527081200383205
0,42.1413,4.440625000000001,-1.6378193938607988
0,42.1413,4.44375,-1.6232323964015567
0,42.1413,4.446875,-1.6089368992620847
0,42.1413,4.45,-1.5949232778214357
0,42.1413,4.453125,-1.581182544993825
0,42.1413,4.456250000000001,-1.5677063795766153
0,42.1413,4.459375,-1.5544871479252806
0,42.1413,4.4625,-1.541517917870028
0,42.1413,4.465625,-1.52879246403418
0,42.1413,4.46875,-1.5163052640149945
0,42.1413,4.471875000000001,-1.5040514852279132
0,42.1413,4.475,-1.4920269625735358
0,42.1413,4.478125,-1.4802281674410163
0,42.1413,4.48125,-1.4686521688897196
0,42.1413,4.484375,-1.4572965881313122
0,42.1413,4.487500000000001,-1.4461595476521203
0,42.1413,4.490625,-1.4352396164579526
0,42.1413,4.49375,-1.4245357529868148
0,42.1413,4.496875,-1.4140472472200665
0,42.1413,4.5,-1.4037736634362195
0,42.1413,4.503125000000001,-1.3937147849060056
0,42.1413,4.50625,-1.383870561636271
0,42.1413,4.509375,-1.3742410620501195
0,42.1413,4.5125,-1.3648264292574692
0,42.1413,4.515625,-1.3556268423377031
0,42.1413,4.518750000000001,-1.3466424828375714
0,42.1413,4.521875,-1.3378735064912468
0,42.1413,4.525,-1.3293200200025495
0,42.1413,4.528125,-1.3209820625947841
0,42.1413,4.53125,-1.3128595919321377
0,42.1413,4.534375000000001,-1.3049524739471274
0,42.1413,4.5375,-1.297260476067943
0,42.1413,4.540625,-1.2897832633239832
0,42.1413,4.54375,-1.282520396813238
0,42.1413,4.546875,-1.275471334036404
0,42.1413,4.550000000000001,-1.268635430636209
0,42.1413,4.553125,-1.2620119431217747
0,42.1413,4.55625,-1.2556000322041372
0,42.1413,4.559375,-1.2493987664174855
0,42.1413,4.5625,-1.2434071257488415
0,42.1413,4.565625000000001,-1.2376240050457936
0,42.1413,4.56875,-1.2320482170159317
0,42.1413,4.571875,-1.2266784946724718
0,42.1413,4.575,-1.2215134931179252
0,42.1413,4.578125,-1.2165517905912426
0,42.1413,4.581250000000001,-1.2117918887342625
0,42.1413,4.584375,-1.2072322120603063
0,42.1413,4.5875,-1.2028711066321345
0,42.1413,4.590625,-1.1987068379784918
0,42.1413,4.59375,-1.1947375882983293
0,42.1413,4.596875000000001,-1.1909614530202797
0,42.1413,4.6,-1.187376436801993
0,42.1413,4.603125,-1.1839804490700048
0,42.1413,4.60625,-1.180771299216103
0,42.1413,4.609375,-1.177746691580579
0,42.1413,4.612500000000001,-1.174904220366563
0,42.1413,4.615625,-1.1722413646425618
0,42.1413,4.61875,-1.1697554836022044
0,42.1413,4.621875,-1.1674438122608262
0,42.1413,4.625,-1.1653034577773949
0,42.1413,4.628125000000001,-1.1633313965970737
0,42.1413,4.63125,-1.1615244726137548
0,42.1413,4.634375,-1.1598793965527758
0,42.1413,4.6375,-1.158392746771026
0,42.1413,4.640625,-1.157060971664295
0,42.1413,4.643750000000001,-1.155880393859451
0,42.1413,4.646875,-1.1548472163514896
0,42.1413,4.65,-1.1539575307223693
0,42.1413,4.653125,-1.153207327549804
0,42.1413,4.65625,-1.1525925090798887
0,42.1413,4.659375000000001,-1.1521089041981085
0,42.1413,4.6625,-1.1517522856894078
0,42.1413,4.665625,-1.1515183897306367
0,42.1413,4.66875,-1.1514029375088426
0,42.1413,4.671875,-1.1514016588080096
0,42.1413,4.675000000000001,-1.151510317356205
0,42.1413,4.678125,-1.1517247376763469
0,42.1413,4.68125,-1.1520408331381844
0,42.1413,4.684375,-1.1524546348679052
0,42.1413,4.6875,-1.152962321136115
0,42.1413,4.690625000000001,-1.1535602468152792
0,42.1413,4.69375,-1.1542449724746529
0,42.1413,4.696875,-1.1550132926640944
0,42.1413,4.7,-1.1558622629277568
0,42.1413,4.703125,-1.1567892250840077
0,42.1413,4.706250000000001,-1.1577918303083656
0,42.1413,4.709375,-1.1588680595613121
0,42.1413,4.7125,-1.1600162409120633
0,42.1413,4.715625,-1.1612350633225437
0,42.1413,4.71875,-1.1625235864732348
0,42.1413,4.721875000000001,-1.1638812462344739
0,42.1413,4.725,-1.165307855414082
0,42.1413,4.728125,-1.1668035994456796
0,42.1413,4.73125,-1.1683690267225704
0,42.1413,4.734375,-1.170005033330393
0,42.1413,4.737500000000001,-1.1717128419881835
0,42.1413,4.740625,-1.1734939750719602
0,42.1413,4.74375,-1.1753502216668152
0,42.1413,4.746875,-1.177283598671484
0,42.1413,4.75,-1.1792963060618387
0,42.1413,4.753125000000001,-1.1813906765045656
0,42.1413,4.75625,-1.1835691195971911
0,42.1413,4.759375,-1.1858340610934728
0,42.1413,4.7625,-1.188187877551895
0,42.1413,4.765625,-1.190632826918339
0,42.1413,4.768750000000001,-1.1931709756207614
0,42.1413,4.771875,-1.1958041228141374
0,42.1413,4.775,-1.1985337224681705
0,42.1413,4.778125,-1.2013608040397494
0,42.1413,4.78125,-1.2042858925184994
0,42.1413,4.784375000000001,-1.2073089286788188
0,42.1413,4.7875,-1.2104291904177755
0,42.1413,4.790625,-1.2136452161067557
0,42.1413,4.79375,-1.2169547309371207
0,42.1413,4.796875,-1.2203545772968967
0,42.1413,4.800000000000001,-1.2238406502759254
0,42.1413,4.803125,-1.2274078394592225
0,42.1413,4.80625,-1.2310499782290942
0,42.1413,4.809375,-1.2347598018509598
0,42.1413,4.8125,-1.238528915659671
0,42.1413,4.815625000000001,-1.2423477746844696
0,42.1413,4.81875,-1.2462056760432758
0,42.1413,4.821875,-1.2500907653915572
0,42.1413,4.825,-1.2539900586188322
0,42.1413,4.828125,-1.2578894798395706
0,42.1413,4.831250000000001,-1.2617739165190431
0,42.1413,4.834375,-1.2656272923067133
0,42.1413,4.8375,-1.2694326578215707
0,42.1413,4.840625,-1.2731722992519503
0,42.1413,4.84375,-1.2768278642086959
0,42.1413,4.846875000000001,-1.2803805038208529
0,42.1413,4.85,-1.2838110296081096
0,42.1413,4.853125,-1.2871000832262605
0,42.1413,4.85625,-1.2902283167841297
0,42.1413,4.859375,-1.293176581094137
0,42.1413,4.862500000000001,-1.2959261189610025
0,42.1413,4.865625,-1.2984587604454703
0,42.1413,4.86875,-1.3007571169667245
0,42.1413,4.871875,-1.3028047711252944
0,42.1413,4.875,-1.3045864592284524
0,42.1413,4.878125000000001,-1.3060882436678936
0,42.1413,4.88125,-1.307297672518293
0,42.1413,4.884375,-1.3082039239780818
0,42.1413,4.8875,-1.308797933546114
0,42.1413,4.890625,-1.309072502108952
0,42.1413,4.893750000000001,-1.3090223833976193
0,42.1413,4.896875,-1.3086443495583873
0,42.1413,4.9,-1.3079372338721011
0,42.1413,4.903125,-1.306901949955098
0,42.1413,4.90625,-1.305541487086837
0,42.1413,4.909375000000001,-1.3038608816384047
0,42.1413,4.9125,-1.301867164922614
0,42.1413,4.915625,-1.2995692881475192
0,42.1413,4.91875,-1.2969780255241878
0,42.1413,4.921875,-1.2941058569460282
0,42.1413,4.925000000000001,-1.290966832008528
0,42.1413,4.928125,-1.2875764174605948
0,42.1413,4.93125,-1.2839513304579213
0,42.1413,4.934375,-1.280109360212131
0,42.1413,4.9375,-1.2760691807864024
0,42.1413,4.940625000000001,-1.2718501578718613
0,42.1413,4.94375,-1.2674721523857582
0,42.1413,4.946875,-1.2629553236629913
0,42.1413,4.95,-1.2583199348715204
0,42.1413,4.953125,-1.2535861630773737
0,42.1413,4.956250000000001,-1.2487739161274332
0,42.1413,4.959375,-1.2439026582206087
0,42.1413,4.9625,-1.238991245714641
0,42.1413,4.965625,-1.2340577743811105
0,42.1413,4.96875,-1.2291194389889597
0,42.1413,4.971875000000001,-1.2241924057801548
0,42.1413,4.975,-1.219291698110596
0,42.1413,4.978125,-1.2144310952742459
0,42.1413,4.98125,-1.2096230443150828
0,42.1413,4.984375,-1.2048785844638634
0,42.1413,4.987500000000001,-1.2002072837169055
0,42.1413,4.990625,-1.1956171870014431
0,42.1413,4.99375,-1.191114775344493
0,42.1413,4.996875,-1.1867049354758872
0,42.1413,5.0,-1.1823909393456948
0,42.1413,5.003125,-1.1781744331162642
0,42.1413,5.0062500000000005,-1.174055435292155
0,42.1413,5.009375,-1.1700323437708213
0,42.1413,5.0125,-1.1661019517251106
0,42.1413,5.015625,-1.162259472358454
0,42.1413,5.01875,-1.1584985726973043
0,42.1413,5.0218750000000005,-1.1548114166958692
0,42.1413,5.025,-1.151188718018555
0,42.1413,5.028125,-1.1476198029291491
0,42.1413,5.03125,-1.1440926837467862
0,42.1413,5.034375,-1.140594143321858
0,42.1413,5.0375000000000005,-1.13710983093592
0,42.1413,5.040625,-1.1336243699353192
0,42.1413,5.04375,-1.130121477266785
0,42.1413,5.046875,-1.1265840948948334
0,42.1413,5.05,-1.1229945328471698
0,42.1413,5.0531250000000005,-1.1193346233596633
0,42.1413,5.05625,-1.1155858852830765
0,42.1413,5.059375,-1.1117296975784359
0,42.1413,5.0625,-1.107747480377746
0,42.1413,5.065625,-1.1036208817347364
0,42.1413,5.0687500000000005,-1.0993319678514997
0,42.1413,5.071875,-1.0948634142570104
0,42.1413,5.075,-1.0901986951493066
0,42.1413,5.078125,-1.0853222679104804
0,42.1413,5.08125,-1.0802197496773396
0,42.1413,5.0843750000000005,-1.0748780828131463
0,42.1413,5.0875,-1.0692856861864066
0,42.1413,5.090625,-1.0634325893263157
0,42.1413,5.09375,-1.0573105467917971
0,42.1413,5.096875,-1.0509131304572157
0,42.1413,5.1000000000000005,-1.0442357978731724
0,42.1413,5.103125,-1.0372759353905256
0,42.1413,5.10625,-1.0300328753208727
0,42.1413,5.109375,-1.022507887024986
0,42.1413,5.1125,-1.0147041424472036
0,42.1413,5.1156250000000005,-1.006626657223462
0,42.1413,5.11875,-0.9982822090583819
0,42.1413,5.121875,-0.9896792355698022
0,42.1413,5.125,-0.9808277142180006
0,42.1413,5.128125,-0.971739027256188
0,42.1413,5.1312500000000005,-0.9624258148491485
0,42.1413,5.134375,-0.9529018196038854
0,42.1413,5.1375,-0.9431817257417051
0,42.1413,5.140625,-0.9332809960229739
0,42.1413,5.14375,-0.9232157093260845
0,42.1413,5.1468750000000005,-0.9130024014980098
0,42.1413,5.15,-0.9026579117545063
0,42.1413,5.153125,-0.8921992365346954
0,42.1413,5.15625,-0.8816433923286203
0,42.1413,5.159375,-0.8710072886166318
0,42.1413,5.1625000000000005,-0.860307611703252
0,42.1413,5.165625,-0.8495607199081681
0,42.1413,5.16875,-0.838782550301762
0,42.1413,5.171875,-0.8279885369461678
0,42.1413,5.175,-0.8171935404245112
0,42.1413,5.1781250000000005,-0.8064117883071289
0,42.1413,5.18125,-0.7956568261074363
0,42.1413,5.184375,-0.7849414782137975
0,42.1413,5.1875,-0.7742778182393704
0,42.1413,5.190625,-0.7636771482016849
0,42.1413,5.1937500000000005,-0.7531499859221606
0,42.1413,5.196875,-0.742706060018613
0,42.1413,5.2,-0.7323543118488711
0,42.1413,5.203125,-0.7221029037506983
0,42.1413,5.20625,-0.7119592329125688
0,42.1413,5.2093750000000005,-0.7019299502034853
0,42.1413,5.2125,-0.6920209832892623
0,42.1413,5.215625,-0.6822375633692078
0,42.1413,5.21875,-0.6725842548820827
0,42.1413,5.221875,-0.6630649875537127
0,42.1413,5.2250000000000005,-0.6536830901907231
0,42.1413,5.228125,-0.6444413256645001
0,42.1413,5.23125,-0.6353419265753361
0,42.1413,5.234375,-0.6263866311373613
0,42.1413,5.2375,-0.6175767188781677
0,42.1413,5.2406250000000005,-0.6089130458016793
0,42.1413,5.24375,-0.6003960787168854
0,42.1413,5.246875,-0.5920259284873127
0,42.1413,5.25,-0.5838023820054988
0,42.1413,5.253125,-0.5757249327422216
0,42.1413,5.2562500000000005,-0.5677928097615228
0,42.1413,5.259375,-0.5600050051292021
0,42.1413,5.2625,-0.5523602996743325
0,42.1413,5.265625,-0.5448572870907199
0,42.1413,5.26875,-0.5374943963880603
0,42.1413,5.2718750000000005,-0.5302699127213607
0,42.1413,5.275,-0.5231819966422568
0,42.1413,5.278125,-0.5162287018275222
0,42.1413,5.28125,-0.5094079913489089
0,42.1413,5.284375,-0.5027177525546316
0,42.1413,5.2875000000000005,-0.49615581063692377
0,42.1413,5.290625,-0.4897199409623613
0,42.1413,5.29375,-0.48340788024239184
0,42.1413,5.296875,-0.4772173366211493
0,42.1413,5.3,-0.471145998756174
0,42.1413,5.3031250000000005,-0.4651915439655741
0,42.1413,5.30625,-0.4593516455124707
0,42.1413,5.309375,-0.4536239790944453
0,42.1413,5.3125,-0.44800622860240175
0,42.1413,5.315625,-0.4424960912096663
0,42.1413,5.3187500000000005,-0.4370912818485582
0,42.1413,5.321875,-0.4317895371280512
0,42.1413,5.325,-0.4265886187425141
0,42.1413,5.328125,-0.42148631641808404
0,42.1413,5.33125,-0.4164804504397799
0,42.1413,5.3343750000000005,-0.411568873799247
0,42.1413,5.3375,-0.4067494739999296
0,42.1413,5.340625,-0.40202017455351097
0,42.1413,5.34375,-0.3973789361987411
0,42.1413,5.346875,-0.3928237578711394
0,42.1413,5.3500000000000005,-0.3883526774496597
0,42.1413,5.353125,-0.38396377230415
0,42.1413,5.35625,-0.37965515966531144
0,42.1413,5.359375,-0.37542499683697844
0,42.1413,5.3625,-0.3712714812686805
0,42.1413,5.3656250000000005,-0.36719285050483896
0,42.1413,5.36875,-0.36318738202541095
0,42.1413,5.371875,-0.3592533929913828
0,42.1413,5.375,-0.35538923990726146
0,42.1413,5.378125,-0.3515933182115035
0,42.1413,5.3812500000000005,-0.3478640618047671
0,42.1413,5.384375,-0.3441999425248885
0,42.1413,5.3875,-0.34059946957656706
0,42.1413,5.390625,-0.3370611889229671
0,42.1413,5.39375,-0.3335836826456563
0,42.1413,5.3968750000000005,-0.3301655682786594
0,42.1413,5.4,-0.32680549812177134
0,42.1413,5.403125,-0.3235021585377197
0,42.1413,5.40625,-0.32025426923727524
0,42.1413,5.409375,-0.3170605825559315
0,42.1413,5.4125000000000005,-0.31391988272537097
0,42.1413,5.415625,-0.31083098514256474
0,42.1413,5.41875,-0.30779273563899373
0,42.1413,5.421875,-0.30480400975220806
0,42.1413,5.425,-0.3018637120016301
0,42.1413,5.4281250000000005,-0.2989707751702815
0,42.1413,5.43125,-0.2961241595938872
0,42.1413,5.434375,-0.29332285245859374
0,42.1413,5.4375,-0.2905658671083882
0,42.1413,5.440625,-0.2878522423631118
0,42.1413,5.4437500000000005,-0.28518104184783644
0,42.1413,5.446875,-0.28255135333424214
0,42.1413,5.45,-0.27996228809449814
0,42.1413,5.453125,-0.27741298026808425
0,42.1413,5.45625,-0.2749025862418567
0,42.1413,5.4593750000000005,-0.2724302840436113
0,42.1413,5.4625,-0.26999527274931007
0,42.1413,5.465625,-0.26759677190407216
0,42.1413,5.46875,-0.2652340209569884
0,42.1413,5.471875,-0.2629062787097494
0,42.1413,5.4750000000000005,-0.260612822779051
0,42.1413,5.478125,-0.25835294907268996
0,42.1413,5.48125,-0.25612597127923514
0,42.1413,5.484375,-0.2539312203711366
0,42.1413,5.4875,-0.2517680441210997
0,42.1413,5.4906250000000005,-0.24963580663153626
0,42.1413,5.49375,-0.24753388787688915
0,42.1413,5.496875,-0.24546168325860268
0,42.1413,5.5,-0.24341860317251343
0,42.1413,5.503125,-0.2414040725884108
0,42.1413,5.5062500000000005,-0.23941753064151755
0,42.1413,5.509375,-0.23745843023563712
0,42.1413,5.5125,-0.23552623765769312
0,42.1413,5.515625,-0.2336204322034101
0,42.1413,5.51875,-0.2317405058138558
0,42.1413,5.5218750000000005,-0.22988596272258263
0,42.1413,5.525,-0.2280563191130998
0,42.1413,5.528125,-0.22625110278640212
0,42.1413,5.53125,-0.22446985283830093
0,42.1413,5.534375,-0.2227121193462823
0,42.1413,5.5375000000000005,-0.2209774630656408
0,42.1413,5.540625,-0.21926545513462778
0,42.1413,5.54375,-0.21757567678835893
0,42.1413,5.546875,-0.21590771908123813
0,42.1413,5.55,-0.214261182617648
0,42.1413,5.5531250000000005,-0.21263567729066904
0,42.1413,5.55625,-0.21103082202859347
0,42.1413,5.559375,-0.20944624454899935
0,42.1413,5.5625,-0.2078815811201666
0,42.1413,5.565625,-0.2063364763296108
0,42.1413,5.5687500000000005,-0.20481058285952147
0,42.1413,5.571875,-0.20330356126889762
0,42.1413,5.575,-0.20181507978217136
0,42.1413,5.578125,-0.20034481408413046
0,42.1413,5.58125,-0.19889244712093784
0,42.1413,5.5843750000000005,-0.19745766890706554
0,42.1413,5.5875,-0.1960401763379597
0,42.1413,5.590625,-0.19463967300825616
0,42.1413,5.59375,-0.1932558690353783
0,42.1413,5.596875,-0.19188848088834878
0,42.1413,5.6000000000000005,-0.1905372312216498
0,42.1413,5.603125,-0.18920184871398057
0,42.1413,5.60625,-0.18788206791174908
0,42.1413,5.609375,-0.18657762907716174
0,42.1413,5.6125,-0.1852882780407578
0,42.1413,5.6156250000000005,-0.18401376605825462
0,42.1413,5.61875,-0.18275384967156616
0,42.1413,5.621875,-0.1815082905738637
0,42.1413,5.625,-0.18027685547855396
0,42.1413,5.628125,-0.17905931599205194
0,42.1413,5.6312500000000005,-0.17785544849022553
0,42.1413,5.634375,-0.17666503399840433
0,42.1413,5.6375,-0.17548785807483125
0,42.1413,5.640625,-0.17432371069745986
0,42.1413,5.64375,-0.17317238615398425
0,42.1413,5.6468750000000005,-0.17203368293500587
0,42.1413,5.65,-0.1709074036302376
0,42.1413,5.653125,-0.16979335482764893
0,42.1413,5.65625,-0.16869134701546407
0,42.1413,5.659375,-0.16760119448692196
0,42.1413,5.6625000000000005,-0.16652271524771295
0,42.1413,5.665625,-0.16545573092601093
0,42.1413,5.66875,-0.16440006668501644
0,42.1413,5.671875,-0.16335555113793845
0,42.1413,5.675,-0.1623220162653369
0,42.1413,5.6781250000000005,-0.16129929733475235
0,42.1413,5.68125,-0.16028723282255614
0,42.1413,5.684375,-0.15928566433794816
0,42.1413,5.6875,-0.15829443654904155
0,42.1413,5.690625,-0.15731339711096742
0,42.1413,5.6937500000000005,-0.15634239659593813
0,42.1413,5.696875,-0.15538128842521348
0,42.1413,5.7,-0.15442992880290493
0,42.1413,5.703125,-0.1534881766515699
0,42.1413,5.70625,-0.15255589354953783
0,42.1413,5.7093750000000005,-0.15163294366991573
0,42.1413,5.7125,-0.15071919372122713
0,42.1413,5.715625,-0.1498145128896272
0,42.1413,5.71875,-0.148918772782657
0,42.1413,5.721875,-0.14803184737448355
0,42.1413,5.7250000000000005,-0.14715361295258422
0,42.1413,5.728125,-0.14628394806583417
0,42.1413,5.73125,-0.1454227334739508
0,42.1413,5.734375,-0.14456985209826095
0,42.1413,5.7375,-0.1437251889737477
0,42.1413,5.7406250000000005,-0.14288863120234074
0,42.1413,5.74375,-0.142060067907415
0,42.1413,5.746875,-0.1412393901894588
0,42.1413,5.75,-0.14042649108288272
0,42.1413,5.753125,-0.13962126551393142
0,42.1413,5.7562500000000005,-0.13882361025966922
0,42.1413,5.759375,-0.13803342390800763
0,42.1413,5.7625,-0.1372506068187443
0,42.1413,5.765625,-0.13647506108558585
0,42.1413,5.76875,-0.13570669049912473
0,42.1413,5.7718750000000005,-0.13494540051074522
0,42.1413,5.775,-0.13419109819742941
0,42.1413,5.778125,-0.1334436922274394
0,42.1413,5.78125,-0.13270309282685075
0,42.1413,5.784375,-0.13196921174691378
0,42.1413,5.7875000000000005,-0.13124196223221649
0,42.1413,5.790625,-0.1305212589896323
0,42.1413,5.79375,-0.12980701815802442
0,42.1413,5.796875,-0.1290991572786898
0,42.1413,5.800000000000001,-0.1283975952665212
0,42.1413,5.8031250000000005,-0.12770225238186797
0,42.1413,5.80625,-0.12701305020307396
0,42.1413,5.809375,-0.12632991159967707
0,42.1413,5.8125,-0.125652760706251
0,42.1413,5.815625000000001,-0.12498152289687012
0,42.1413,5.8187500000000005,-0.12431612476018469
0,42.1413,5.821875,-0.12365649407508371
0,42.1413,5.825,-0.1230025597869354
0,42.1413,5.828125,-0.12235425198438638
0,42.1413,5.831250000000001,-0.12171150187670558
0,42.1413,5.8343750000000005,-0.12107424177165803
0,42.1413,5.8375,-0.12044240505389377
0,42.1413,5.840625,-0.11981592616383979
0,42.1413,5.84375,-0.11919474057708059
0,42.1413,5.846875000000001,-0.1185787847842129
0,42.1413,5.8500000000000005,-0.1179679962711667
0,42.1413,5.853125,-0.1173623134999734
0,42.1413,5.85625,-0.1167616758899762
0,42.1413,5.859375,-0.11616602379946676
0,42.1413,5.862500000000001,-0.11557529850773869
0,42.1413,5.8656250000000005,-0.11498944219754709
0,42.1413,5.86875,-0.11440839793796233
0,42.1413,5.871875,-0.11383210966761
0,42.1413,5.875,-0.11326052217828472
0,42.1413,5.878125000000001,-0.1126935810989308
0,42.1413,5.8812500000000005,-0.11213123287997787
0,42.1413,5.884375,-0.11157342477802383
0,42.1413,5.8875,-0.11102010484085627
0,42.1413,5.890625,-0.11047122189280294
0,42.1413,5.893750000000001,-0.10992672552040429
0,42.1413,5.8968750000000005,-0.10938656605839915
0,42.1413,5.9,-0.10885069457601441
0,42.1413,5.903125,-0.10831906286355392
0,42.1413,5.90625,-0.1077916234192776
0,42.1413,5.909375000000001,-0.10726832943656206
0,42.1413,5.9125000000000005,-0.10674913479133973
0,42.1413,5.915625,-0.10623399402980425
0,42.1413,5.91875,-0.10572286235638091
0,42.1413,5.921875,-0.10521569562195222
0,42.1413,5.925000000000001,-0.1047124503123327
0,42.1413,5.9281250000000005,-0.10421308353698915
0,42.1413,5.93125,-0.10371755301799658
0,42.1413,5.934375,-0.10322581707922768
0,42.1413,5.9375,-0.10273783463576855
0,42.1413,5.940625000000001,-0.10225356518355465
0,42.1413,5.9437500000000005,-0.10177296878922354
0,42.1413,5.946875,-0.10129600608017654
0,42.1413,5.95,-0.10082263823484754
0,42.1413,5.953125,-0.10035282697317133
0,42.1413,5.956250000000001,-0.09988653454724773
0,42.1413,5.9593750000000005,-0.09942372373219793
0,42.1413,5.9625,-0.09896435781720568
0,42.1413,5.965625,-0.09850840059674237
0,42.1413,5.96875,-0.09805581636196936
0,42.1413,5.971875000000001,-0.09760656989231414
0,42.1413,5.9750000000000005,-0.09716062644721664
0,42.1413,5.978125,-0.09671795175804074
0,42.1413,5.98125,-0.09627851202014838
0,42.1413,5.984375,-0.09584227388513114
0,42.1413,5.987500000000001,-0.09540920445319755
0,42.1413,5.9906250000000005,-0.09497927126571062
0,42.1413,5.99375,-0.09455244229787264
0,42.1413,5.996875,-0.09412868595155496
0,42.1413,6.0,-0.09370797104826867
