"Current","Field","Frequency","Spectra"
0,33.5055,1.0,-0.02438631671921318
0,33.5055,1.003125,-0.024450536820729393
0,33.5055,1.00625,-0.024515071139382647
0,33.5055,1.009375,-0.024579922145887605
0,33.5055,1.0125,-0.0246450923382108
0,33.5055,1.015625,-0.024710584241952153
0,33.5055,1.01875,-0.024776400410732674
0,33.5055,1.021875,-0.024842543426588915
0,33.5055,1.025,-0.024909015900373793
0,33.5055,1.028125,-0.024975820472164387
0,33.5055,1.03125,-0.025042959811676514
0,33.5055,1.034375,-0.025110436618686185
0,33.5055,1.0375,-0.025178253623458605
0,33.5055,1.040625,-0.025246413587183957
0,33.5055,1.04375,-0.02531491930242114
0,33.5055,1.046875,-0.02538377359354864
0,33.5055,1.05,-0.02545297931722342
0,33.5055,1.053125,-0.02552253936284761
0,33.5055,1.05625,-0.02559245665304322
0,33.5055,1.059375,-0.02566273414413503
0,33.5055,1.0625,-0.025733374826641967
0,33.5055,1.065625,-0.025804381725776825
0,33.5055,1.06875,-0.025875757901954902
0,33.5055,1.071875,-0.025947506451311293
0,33.5055,1.075,-0.026019630506227413
0,33.5055,1.078125,-0.026092133235866653
0,33.5055,1.08125,-0.02616501784671947
0,33.5055,1.084375,-0.026238287583158187
0,33.5055,1.0875,-0.026311945728001444
0,33.5055,1.090625,-0.026385995603088755
0,33.5055,1.09375,-0.026460440569865233
0,33.5055,1.096875,-0.026535284029976874
0,33.5055,1.1,-0.02661052942587621
0,33.5055,1.103125,-0.026686180241439005
0,33.5055,1.10625,-0.02676224000259205
0,33.5055,1.109375,-0.026838712277952106
0,33.5055,1.1125,-0.026915600679476525
0,33.5055,1.115625,-0.026992908863125612
0,33.5055,1.11875,-0.02707064052953688
0,33.5055,1.121875,-0.027148799424711836
0,33.5055,1.125,-0.027227389340715048
0,33.5055,1.128125,-0.027306414116386152
0,33.5055,1.13125,-0.027385877638064857
0,33.5055,1.134375,-0.02746578384032932
0,33.5055,1.1375,-0.027546136706748065
0,33.5055,1.140625,-0.027626940270645925
0,33.5055,1.14375,-0.02770819861588409
0,33.5055,1.146875,-0.027789915877654718
0,33.5055,1.15,-0.027872096243290248
0,33.5055,1.153125,-0.027954743953088067
0,33.5055,1.15625,-0.028037863301150334
0,33.5055,1.159375,-0.02812145863623987
0,33.5055,1.1625,-0.028205534362651982
0,33.5055,1.165625,-0.028290094941102843
0,33.5055,1.16875,-0.028375144889634715
0,33.5055,1.171875,-0.028460688784538325
0,33.5055,1.175,-0.02854673126129284
0,33.5055,1.178125,-0.028633277015523848
0,33.5055,1.18125,-0.02872033080397953
0,33.5055,1.184375,-0.028807897445525824
0,33.5055,1.1875,-0.028895981822160542
0,33.5055,1.190625,-0.02898458888004718
0,33.5055,1.19375,-0.02907372363056876
0,33.5055,1.196875,-0.029163391151402113
0,33.5055,1.2,-0.029253596587613024
0,33.5055,1.203125,-0.029344345152772955
0,33.5055,1.20625,-0.029435642130097396
0,33.5055,1.209375,-0.029527492873606783
0,33.5055,1.2125,-0.029619902809310136
0,33.5055,1.215625,-0.029712877436412186
0,33.5055,1.21875,-0.029806422328544295
0,33.5055,1.221875,-0.029900543135019976
0,33.5055,1.225,-0.029995245582115294
0,33.5055,1.228125,-0.030090535474374833
0,33.5055,1.23125,-0.03018641869594401
0,33.5055,1.234375,-0.03028290121192789
0,33.5055,1.2375,-0.030379989069777603
0,33.5055,1.240625,-0.030477688400704646
0,33.5055,1.24375,-0.03057600542112386
0,33.5055,1.246875,-0.030674946434125744
0,33.5055,1.25,-0.030774517830978867
0,33.5055,1.253125,-0.030874726092662737
0,33.5055,1.25625,-0.03097557779143236
0,33.5055,1.259375,-0.031077079592414784
0,33.5055,1.2625,-0.031179238255238665
0,33.5055,1.265625,-0.03128206063569739
0,33.5055,1.26875,-0.03138555368744686
0,33.5055,1.271875,-0.03148972446373843
0,33.5055,1.275,-0.03159458011918806
0,33.5055,1.278125,-0.03170012791158246
0,33.5055,1.28125,-0.031806375203723126
0,33.5055,1.284375,-0.03191332946530921
0,33.5055,1.2875,-0.03202099827486002
0,33.5055,1.290625,-0.032129389321678296
0,33.5055,1.29375,-0.03223851040785522
0,33.5055,1.296875,-0.03234836945031787
0,33.5055,1.3,-0.032458974482920726
0,33.5055,1.303125,-0.032570333658581724
0,33.5055,1.30625,-0.03268245525146421
0,33.5055,1.309375,-0.03279534765920612
0,33.5055,1.3125,-0.03290901940519699
0,33.5055,1.315625,-0.03302347914090465
0,33.5055,1.31875,-0.03313873564825226
0,33.5055,1.321875,-0.03325479784204732
0,33.5055,1.325,-0.033371674772463736
0,33.5055,1.328125,-0.03348937562757831
0,33.5055,1.33125,-0.03360790973596317
0,33.5055,1.334375,-0.03372728656933521
0,33.5055,1.3375,-0.03384751574526445
0,33.5055,1.340625,-0.033968607029942206
0,33.5055,1.34375,-0.03409057034101123
0,33.5055,1.346875,-0.03421341575045886
0,33.5055,1.35,-0.03433715348757517
0,33.5055,1.353125,-0.03446179394197741
0,33.5055,1.35625,-0.034587347666702906
0,33.5055,1.359375,-0.03471382538137156
0,33.5055,1.3625,-0.034841237975420575
0,33.5055,1.365625,-0.03496959651141233
0,33.5055,1.36875,-0.03509891222841801
0,33.5055,1.371875,-0.03522919654547874
0,33.5055,1.375,-0.03536046106514607
0,33.5055,1.378125,-0.035492717577104316
0,33.5055,1.38125,-0.035625978061876146
0,33.5055,1.384375,-0.035760254694614746
0,33.5055,1.3875,-0.035895559848983655
0,33.5055,1.390625,-0.03603190610112737
0,33.5055,1.39375,-0.03616930623373488
0,33.5055,1.396875,-0.03630777324019861
0,33.5055,1.4,-0.03644732032887128
0,33.5055,1.403125,-0.03658796092742348
0,33.5055,1.40625,-0.03672970868730445
0,33.5055,1.409375,-0.03687257748830898
0,33.5055,1.4125,-0.03701658144325333
0,33.5055,1.415625,-0.037161734902762915
0,33.5055,1.41875,-0.037308052460175226
0,33.5055,1.421875,-0.03745554895656062
0,33.5055,1.425,-0.037604239485864444
0,33.5055,1.428125,-0.03775413940017415
0,33.5055,1.43125,-0.03790526431511411
0,33.5055,1.434375,-0.03805763011537243
0,33.5055,1.4375,-0.038211252960362825
0,33.5055,1.440625,-0.0383661492900258
0,33.5055,1.44375,-0.0385223358307726
0,33.5055,1.446875,-0.03867982960157622
0,33.5055,1.45,-0.038838647920213513
0,33.5055,1.453125,-0.03899880840966255
0,33.5055,1.45625,-0.039160329004659926
0,33.5055,1.459375,-0.03932322795842197
0,33.5055,1.4625,-0.0394875238495354
0,33.5055,1.465625,-0.03965323558902124
0,33.5055,1.46875,-0.03982038242757784
0,33.5055,1.471875,-0.03998898396300747
0,33.5055,1.475,-0.04015906014783242
0,33.5055,1.478125,-0.04033063129710535
0,33.5055,1.48125,-0.04050371809642029
0,33.5055,1.484375,-0.04067834161012935
0,33.5055,1.4875,-0.040854523289771905
0,33.5055,1.490625,-0.04103228498272192
0,33.5055,1.49375,-0.041211648941059886
0,33.5055,1.496875,-0.04139263783067645
0,33.5055,1.5,-0.04157527474061383
0,33.5055,1.503125,-0.04175958319265283
0,33.5055,1.50625,-0.041945587151152146
0,33.5055,1.509375,-0.04213331103314792
0,33.5055,1.5125000000000002,-0.042322779718721074
0,33.5055,1.515625,-0.04251401856164047
0,33.5055,1.51875,-0.042707053400290566
0,33.5055,1.521875,-0.042901910568891574
0,33.5055,1.525,-0.043098616909021496
0,33.5055,1.5281250000000002,-0.043297199781449046
0,33.5055,1.53125,-0.04349768707828668
0,33.5055,1.534375,-0.04370010723547431
0,33.5055,1.5375,-0.04390448924560269
0,33.5055,1.540625,-0.044110862671088095
0,33.5055,1.5437500000000002,-0.0443192576577085
0,33.5055,1.546875,-0.044529704948512515
0,33.5055,1.55,-0.044742235898112985
0,33.5055,1.553125,-0.04495688248737698
0,33.5055,1.55625,-0.045173677338524634
0,33.5055,1.5593750000000002,-0.04539265373064985
0,33.5055,1.5625,-0.04561384561567598
0,33.5055,1.565625,-0.04583728763476047
0,33.5055,1.56875,-0.04606301513516227
0,33.5055,1.571875,-0.04629106418758737
0,33.5055,1.5750000000000002,-0.0465214716040273
0,33.5055,1.578125,-0.04675427495610644
0,33.5055,1.58125,-0.04698951259395473
0,33.5055,1.584375,-0.047227223665622375
0,33.5055,1.5875,-0.04746744813705451
0,33.5055,1.5906250000000002,-0.047710226812643725
0,33.5055,1.59375,-0.047955601356379066
0,33.5055,1.596875,-0.04820361431361195
0,33.5055,1.6,-0.04845430913345776
0,33.5055,1.603125,-0.048707730191855494
0,33.5055,1.6062500000000002,-0.04896392281530624
0,33.5055,1.609375,-0.04922293330531312
0,33.5055,1.6125,-0.049484808963546636
0,33.5055,1.615625,-0.04974959811775859
0,33.5055,1.61875,-0.05001735014847035
0,33.5055,1.6218750000000002,-0.0502881155164614
0,33.5055,1.625,-0.0505619457910845
0,33.5055,1.628125,-0.05083889367943629
0,33.5055,1.63125,-0.05111901305641145
0,33.5055,1.634375,-0.05140235899567106
0,33.5055,1.6375000000000002,-0.051688987801556036
0,33.5055,1.640625,-0.0519789570419779
0,33.5055,1.64375,-0.05227232558232074
0,33.5055,1.646875,-0.052569153620388956
0,33.5055,1.65,-0.05286950272243673
0,33.5055,1.6531250000000002,-0.05317343586031717
0,33.5055,1.65625,-0.05348101744978943
0,33.5055,1.659375,-0.05379231339002494
0,33.5055,1.6625,-0.05410739110435378
0,33.5055,1.665625,-0.05442631958229538
0,33.5055,1.6687500000000002,-0.05474916942291874
0,33.5055,1.671875,-0.055076012879578216
0,33.5055,1.675,-0.055406923906075045
0,33.5055,1.678125,-0.05574197820429381
0,33.5055,1.68125,-0.056081253273367174
0,33.5055,1.6843750000000002,-0.05642482846042356
0,33.5055,1.6875,-0.056772785012973614
0,33.5055,1.690625,-0.057125206132995834
0,33.5055,1.69375,-0.05748217703278091
0,33.5055,1.696875,-0.05784378499259968
0,33.5055,1.7000000000000002,-0.05821011942026037
0,33.5055,1.703125,-0.058581271912623314
0,33.5055,1.70625,-0.058957336319145515
0,33.5055,1.709375,-0.059338408807528414
0,33.5055,1.7125,-0.05972458793154631
0,33.5055,1.7156250000000002,-0.06011597470113583
0,33.5055,1.71875,-0.060512672654829104
0,33.5055,1.721875,-0.060914787934618325
0,33.5055,1.725,-0.061322429363340765
0,33.5055,1.728125,-0.0617357085246783
0,33.5055,1.7312500000000002,-0.062154739845869424
0,33.5055,1.734375,-0.06257964068323356
0,33.5055,1.7375,-0.06301053141061495
0,33.5055,1.740625,-0.0634475355108536
0,33.5055,1.74375,-0.06389077967039866
0,33.5055,1.7468750000000002,-0.06434039387718213
0,33.5055,1.75,-0.0647965115218756
0,33.5055,1.753125,-0.06525926950265926
0,33.5055,1.75625,-0.06572880833363501
0,33.5055,1.759375,-0.06620527225702329
0,33.5055,1.7625000000000002,-0.06668880935928749
0,33.5055,1.765625,-0.06717957169133495
0,33.5055,1.76875,-0.06767771539295185
0,33.5055,1.771875,-0.06818340082163285
0,33.5055,1.775,-0.06869679268597415
0,33.5055,1.7781250000000002,-0.0692180601838064
0,33.5055,1.78125,-0.06974737714524744
0,33.5055,1.784375,-0.07028492218086702
0,33.5055,1.7875,-0.07083087883515798
0,33.5055,1.790625,-0.07138543574552042
0,33.5055,1.7937500000000002,-0.071948786806971
0,33.5055,1.796875,-0.07252113134279811
0,33.5055,1.8,-0.07310267428139422
0,33.5055,1.803125,-0.07369362633950266
0,33.5055,1.80625,-0.07429420421212787
0,33.5055,1.8093750000000002,-0.07490463076936738
0,33.5055,1.8125,-0.07552513526043135
0,33.5055,1.815625,-0.07615595352513028
0,33.5055,1.81875,-0.07679732821311686
0,33.5055,1.821875,-0.07744950901118279
0,33.5055,1.8250000000000002,-0.07811275287892144
0,33.5055,1.828125,-0.07878732429307678
0,33.5055,1.83125,-0.07947349550091518
0,33.5055,1.834375,-0.08017154678296333
0,33.5055,1.8375,-0.08088176672547345
0,33.5055,1.8406250000000002,-0.08160445250298556
0,33.5055,1.84375,-0.08233991017137127
0,33.5055,1.846875,-0.08308845497175754
0,33.5055,1.85,-0.0838504116457402
0,33.5055,1.853125,-0.08462611476231233
0,33.5055,1.8562500000000002,-0.0854159090569463
0,33.5055,1.859375,-0.08622014978328026
0,33.5055,1.8625,-0.08703920307787721
0,33.5055,1.865625,-0.08787344633853422
0,33.5055,1.86875,-0.08872326861663743
0,33.5055,1.8718750000000002,-0.08958907102406943
0,33.5055,1.875,-0.09047126715518883
0,33.5055,1.878125,-0.09137028352441756
0,33.5055,1.88125,-0.09228656001997981
0,33.5055,1.884375,-0.0932205503743517
0,33.5055,1.8875000000000002,-0.09417272265199049
0,33.5055,1.890625,-0.0951435597549206
0,33.5055,1.89375,-0.09613355994676664
0,33.5055,1.896875,-0.09714323739582519
0,33.5055,1.9,-0.09817312273777778
0,33.5055,1.9031250000000002,-0.0992237636586491
0,33.5055,1.90625,-0.10029572549861322
0,33.5055,1.909375,-0.10138959187725552
0,33.5055,1.9125,-0.10250596534088471
0,33.5055,1.915625,-0.10364546803248875
0,33.5055,1.9187500000000002,-0.10480874238491152
0,33.5055,1.921875,-0.10599645183780904
0,33.5055,1.925,-0.10720928157892634
0,33.5055,1.928125,-0.10844793931019872
0,33.5055,1.93125,-0.10971315603915283
0,33.5055,1.9343750000000002,-0.11100568689603309
0,33.5055,1.9375,-0.11232631197702664
0,33.5055,1.940625,-0.11367583721389879
0,33.5055,1.94375,-0.11505509527026957
0,33.5055,1.946875,-0.11646494646467873
0,33.5055,1.9500000000000002,-0.1179062797204801
0,33.5055,1.953125,-0.11938001354248366
0,33.5055,1.95625,-0.12088709702013198
0,33.5055,1.959375,-0.12242851085682599
0,33.5055,1.9625,-0.12400526842484347
0,33.5055,1.9656250000000002,-0.12561841684507602
0,33.5055,1.96875,-0.12726903809057133
0,33.5055,1.971875,-0.12895825011260237
0,33.5055,1.975,-0.130687207987665
0,33.5055,1.978125,-0.1324571050834677
0,33.5055,1.9812500000000002,-0.13426917424157464
0,33.5055,1.984375,-0.136124688973919
0,33.5055,1.9875,-0.1380249646699079
0,33.5055,1.990625,-0.13997135981026637
0,33.5055,1.99375,-0.14196527718314528
0,33.5055,1.9968750000000002,-0.14400816509730405
0,33.5055,2.0,-0.14610151858638312
0,33.5055,2.003125,-0.1482468805974029
0,33.5055,2.00625,-0.1504458431556254
0,33.5055,2.0093750000000004,-0.15270004849681726
0,33.5055,2.0125,-0.15501119015672618
0,33.5055,2.015625,-0.15738101400621266
0,33.5055,2.01875,-0.159811319218962
0,33.5055,2.021875,-0.16230395915702722
0,33.5055,2.0250000000000004,-0.16486084215758312
0,33.5055,2.028125,-0.16748393220222316
0,33.5055,2.03125,-0.1701752494478523
0,33.5055,2.034375,-0.1729368705957265
0,33.5055,2.0375,-0.17577092907243996
0,33.5055,2.0406250000000004,-0.17867961499362903
0,33.5055,2.04375,-0.18166517487785377
0,33.5055,2.046875,-0.18472991107448386
0,33.5055,2.05,-0.1878761808654576
0,33.5055,2.053125,-0.19110639519647754
0,33.5055,2.0562500000000004,-0.19442301698851697
0,33.5055,2.059375,-0.19782855897545218
0,33.5055,2.0625,-0.20132558100815903
0,33.5055,2.065625,-0.20491668675952895
0,33.5055,2.06875,-0.20860451975856867
0,33.5055,2.0718750000000004,-0.21239175867501825
0,33.5055,2.075,-0.2162811117688126
0,33.5055,2.078125,-0.22027531041118545
0,33.5055,2.08125,-0.22437710157635582
0,33.5055,2.084375,-0.22858923919456786
0,33.5055,2.0875000000000004,-0.2329144742488411
0,33.5055,2.090625,-0.2373555434892517
0,33.5055,2.09375,-0.24191515662998522
0,33.5055,2.096875,-0.24659598188596962
0,33.5055,2.1,-0.2514006296978033
0,33.5055,2.1031250000000004,-0.2563316344861474
0,33.5055,2.10625,-0.26139143427009964
0,33.5055,2.109375,-0.26658234797861247
0,33.5055,2.1125,-0.27190655028021193
0,33.5055,2.115625,-0.2773660437546297
0,33.5055,2.1187500000000004,-0.2829626282310066
0,33.5055,2.121875,-0.2886978671218088
0,33.5055,2.125,-0.29457305059021627
0,33.5055,2.128125,-0.3005891554024185
0,33.5055,2.13125,-0.30674680133594445
0,33.5055,2.1343750000000004,-0.3130462040419053
0,33.5055,2.1375,-0.3194871242940499
0,33.5055,2.140625,-0.3260688136020038
0,33.5055,2.14375,-0.3327899562213054
0,33.5055,2.146875,-0.33964860766017263
0,33.5055,2.1500000000000004,-0.3466421298635493
0,33.5055,2.153125,-0.3537671233501409
0,33.5055,2.15625,-0.3610193566887713
0,33.5055,2.159375,-0.3683936938272577
0,33.5055,2.1625,-0.3758840199304253
0,33.5055,2.1656250000000004,-0.383483166543629
0,33.5055,2.16875,-0.39118283707337637
0,33.5055,2.171875,-0.3989735337655372
0,33.5055,2.175,-0.4068444875613981
0,33.5055,2.178125,-0.41478359241846063
0,33.5055,2.1812500000000004,-0.4227773458908635
0,33.5055,2.184375,-0.43081079796673716
0,33.5055,2.1875,-0.43886751034794813
0,33.5055,2.190625,-0.44692952852131174
0,33.5055,2.19375,-0.45497736909757414
0,33.5055,2.1968750000000004,-0.4629900249719773
0,33.5055,2.2,-0.4709449908738498
0,33.5055,2.203125,-0.47881831180763373
0,33.5055,2.20625,-0.4865846567297063
0,33.5055,2.209375,-0.4942174195411162
0,33.5055,2.2125000000000004,-0.5016888490950713
0,33.5055,2.215625,-0.5089702094125786
0,33.5055,2.21875,-0.5160319706677519
0,33.5055,2.221875,-0.5228440307500367
0,33.5055,2.225,-0.5293759663454187
0,33.5055,2.2281250000000004,-0.535597311522209
0,33.5055,2.23125,-0.5414778607877274
0,33.5055,2.234375,-0.5469879925369028
0,33.5055,2.2375,-0.552099007786979
0,33.5055,2.240625,-0.556783478134473
0,33.5055,2.2437500000000004,-0.5610155960349301
0,33.5055,2.246875,-0.5647715198468058
0,33.5055,2.25,-0.5680297056482646
0,33.5055,2.253125,-0.5707712176726205
0,33.5055,2.25625,-0.5729800093459554
0,33.5055,2.2593750000000004,-0.5746431673655812
0,33.5055,2.2625,-0.5757511120296499
0,33.5055,2.265625,-0.5762977480967221
0,33.5055,2.26875,-0.576280561781344
0,33.5055,2.271875,-0.5757006610225951
0,33.5055,2.2750000000000004,-0.5745627578283956
0,33.5055,2.278125,-0.5728750932211195
0,33.5055,2.28125,-0.5706493070077964
0,33.5055,2.284375,-0.567900256190677
0,33.5055,2.2875,-0.5646457872482509
0,33.5055,2.2906250000000004,-0.5609064686920651
0,33.5055,2.29375,-0.55670529119583
0,33.5055,2.296875,-0.5520673431733897
0,33.5055,2.3,-0.5470194699430132
0,33.5055,2.303125,-0.5415899245671225
0,33.5055,2.3062500000000004,-0.5358080181249113
0,33.5055,2.309375,-0.5297037765990834
0,33.5055,2.3125,-0.5233076107850563
0,33.5055,2.315625,-0.516650004714339
0,33.5055,2.31875,-0.50976122707762
0,33.5055,2.3218750000000004,-0.5026710690893834
0,33.5055,2.325,-0.49540861120155716
0,33.5055,2.328125,-0.48800202008881394
0,33.5055,2.33125,-0.48047837642442975
0,33.5055,2.334375,-0.47286353316611873
0,33.5055,2.3375000000000004,-0.46518200339066956
0,33.5055,2.340625,-0.45745687616122194
0,33.5055,2.34375,-0.4497097584818077
0,33.5055,2.346875,-0.44196074108486255
0,33.5055,2.35,-0.4342283855992688
0,33.5055,2.3531250000000004,-0.42652973054676857
0,33.5055,2.35625,-0.4188803135991661
0,33.5055,2.359375,-0.41129420758302104
0,33.5055,2.3625,-0.4037840678279472
0,33.5055,2.365625,-0.3963611886054919
0,33.5055,2.3687500000000004,-0.38903556658547017
0,33.5055,2.371875,-0.3818159694345633
0,33.5055,2.375,-0.3747100078887444
0,33.5055,2.378125,-0.36772420983898696
0,33.5055,2.38125,-0.36086409517270496
0,33.5055,2.3843750000000004,-0.3541342503069526
0,33.5055,2.3875,-0.3475384015302187
0,33.5055,2.390625,-0.34107948643562236
0,33.5055,2.39375,-0.33475972287818523
0,33.5055,2.396875,-0.32858067502216387
0,33.5055,2.4000000000000004,-0.3225433161613638
0,33.5055,2.403125,-0.3166480880964357
0,33.5055,2.40625,-0.31089495693934505
0,33.5055,2.409375,-0.30528346528757855
0,33.5055,2.4125,-0.2998127807704462
0,33.5055,2.4156250000000004,-0.29448174101839303
0,33.5055,2.41875,-0.28928889514477985
0,33.5055,2.421875,-0.28423254185945196
0,33.5055,2.425,-0.27931076435573504
0,33.5055,2.428125,-0.2745214621283889
0,33.5055,2.4312500000000004,-0.2698623798905585
0,33.5055,2.434375,-0.2653311337637483
0,33.5055,2.4375,-0.2609252349171617
0,33.5055,2.440625,-0.2566421108320832
0,33.5055,2.44375,-0.2524791243639394
0,33.5055,2.4468750000000004,-0.24843359076983218
0,33.5055,2.45,-0.2445027928630932
0,33.5055,2.453125,-0.24068399444918032
0,33.5055,2.45625,-0.23697445218933244
0,33.5055,2.459375,-0.2333714260300562
0,33.5055,2.4625000000000004,-0.2298721883279929
0,33.5055,2.465625,-0.22647403179113434
0,33.5055,2.46875,-0.2231742763488847
0,33.5055,2.471875,-0.21997027505519745
0,33.5055,2.475,-0.21685941912101345
0,33.5055,2.4781250000000004,-0.2138391421645823
0,33.5055,2.48125,-0.21090692376096157
0,33.5055,2.484375,-0.20806029236511406
0,33.5055,2.4875,-0.20529682767656476
0,33.5055,2.490625,-0.2026141625075215
0,33.5055,2.4937500000000004,-0.20000998421074662
0,33.5055,2.496875,-0.19748203571823209
0,33.5055,2.5,-0.19502811623690725
0,33.5055,2.503125,-0.1926460816431537
0,33.5055,2.50625,-0.19033384461380304
0,33.5055,2.5093750000000004,-0.18808937452754534
0,33.5055,2.5125,-0.18591069716723396
0,33.5055,2.515625,-0.18379589425044057
0,33.5055,2.51875,-0.18174310281275696
0,33.5055,2.521875,-0.1797505144657362
0,33.5055,2.5250000000000004,-0.17781637454900975
0,33.5055,2.528125,-0.17593898119397583
0,33.5055,2.53125,-0.1741166843145191
0,33.5055,2.534375,-0.1723478845384726
0,33.5055,2.5375,-0.17063103209195227
0,33.5055,2.5406250000000004,-0.1689646256472721
0,33.5055,2.54375,-0.16734721114386733
0,33.5055,2.546875,-0.16577738059050223
0,33.5055,2.55,-0.16425377085600712
0,33.5055,2.553125,-0.162775062454861
0,33.5055,2.5562500000000004,-0.1613399783331082
0,33.5055,2.559375,-0.15994728265935731
0,33.5055,2.5625,-0.1585957796249468
0,33.5055,2.565625,-0.1572843122567758
0,33.5055,2.56875,-0.15601176124576893
0,33.5055,2.5718750000000004,-0.15477704379348162
0,33.5055,2.575,-0.1535791124789342
0,33.5055,2.578125,-0.15241695414740075
0,33.5055,2.58125,-0.15128958882255236
0,33.5055,2.584375,-0.15019606864306773
0,33.5055,2.5875000000000004,-0.14913547682457468
0,33.5055,2.590625,-0.14810692664756214
0,33.5055,2.59375,-0.14710956047171125
0,33.5055,2.596875,-0.146142548776925
0,33.5055,2.6,-0.14520508923118655
0,33.5055,2.6031250000000004,-0.1442964057852513
0,33.5055,2.60625,-0.1434157477940661
0,33.5055,2.609375,-0.14256238916471536
0,33.5055,2.6125,-0.14173562753061403
0,33.5055,2.615625,-0.14093478345159602
0,33.5055,2.6187500000000004,-0.14015919963949247
0,33.5055,2.621875,-0.13940824020874343
0,33.5055,2.625,-0.1386812899515495
0,33.5055,2.628125,-0.1379777536370369
0,33.5055,2.63125,-0.13729705533388314
0,33.5055,2.6343750000000004,-0.1366386377558338
0,33.5055,2.6375,-0.136001961629522
0,33.5055,2.640625,-0.1353865050839978
0,33.5055,2.64375,-0.13479176306136356
0,33.5055,2.646875,-0.13421724674791188
0,33.5055,2.6500000000000004,-0.1336624830251613
0,33.5055,2.653125,-0.1331270139401877
0,33.5055,2.65625,-0.132610396194655
0,33.5055,2.659375,-0.13211220065195584
0,33.5055,2.6625,-0.1316320118618777
0,33.5055,2.6656250000000004,-0.13116942760222577
0,33.5055,2.66875,-0.13072405843683685
0,33.5055,2.671875,-0.1302955272894371
0,33.5055,2.675,-0.1298834690328035
0,33.5055,2.678125,-0.12948753009270503
0,33.5055,2.6812500000000004,-0.12910736806611078
0,33.5055,2.684375,-0.12874265135316593
0,33.5055,2.6875,-0.12839305880245183
0,33.5055,2.690625,-0.12805827936905806
0,33.5055,2.69375,-0.12773801178501012
0,33.5055,2.6968750000000004,-0.12743196424160919
0,33.5055,2.7,-0.12713985408325396
0,33.5055,2.703125,-0.12686140751232958
0,33.5055,2.70625,-0.1265963593047613
0,33.5055,2.709375,-0.12634445253584292
0,33.5055,2.7125000000000004,-0.126105438315966
0,33.5055,2.715625,-0.12587907553588473
0,33.5055,2.71875,-0.1256651306211676
0,33.5055,2.721875,-0.12546337729549664
0,33.5055,2.725,-0.12527359635248897
0,33.5055,2.7281250000000004,-0.12509557543572525
0,33.5055,2.73125,-0.12492910882668218
0,33.5055,2.734375,-0.12477399724027682
0,33.5055,2.7375,-0.124630047627742
0,33.5055,2.740625,-0.12449707298655993
0,33.5055,2.7437500000000004,-0.12437489217719538
0,33.5055,2.746875,-0.12426332974637502
0,33.5055,2.75,-0.12416221575667244
0,33.5055,2.753125,-0.12407138562216567
0,33.5055,2.75625,-0.1239906799499432
0,33.5055,2.7593750000000004,-0.12391994438724302
0,33.5055,2.7625,-0.12385902947401776
0,33.5055,2.765625,-0.12380779050072671
0,33.5055,2.76875,-0.12376608737116228
0,33.5055,2.771875,-0.12373378447012709
0,33.5055,2.7750000000000004,-0.12371075053578563
0,33.5055,2.778125,-0.1236968585365174
0,33.5055,2.78125,-0.12369198555211033
0,33.5055,2.784375,-0.12369601265913563
0,33.5055,2.7875,-0.12370882482035327
0,33.5055,2.7906250000000004,-0.12373031077800181
0,33.5055,2.79375,-0.12376036295083406
0,33.5055,2.796875,-0.12379887733476241
0,33.5055,2.8,-0.12384575340698609
0,33.5055,2.803125,-0.12390089403347544
0,33.5055,2.8062500000000004,-0.12396420537969358
0,33.5055,2.809375,-0.1240355968244416
0,33.5055,2.8125,-0.12411498087671607
0,33.5055,2.815625,-0.12420227309547338
0,33.5055,2.81875,-0.12429739201219869
0,33.5055,2.8218750000000004,-0.12440025905618242
0,33.5055,2.825,-0.12451079848240845
0,33.5055,2.828125,-0.12462893730196575
0,33.5055,2.83125,-0.12475460521489473
0,33.5055,2.834375,-0.12488773454538524
0,33.5055,2.8375000000000004,-0.12502826017924645
0,33.5055,2.840625,-0.12517611950357066
0,33.5055,2.84375,-0.12533125234851739
0,33.5055,2.846875,-0.1254936009311457
0,33.5055,2.85,-0.12566310980122666
0,33.5055,2.8531250000000004,-0.12583972578897068
0,33.5055,2.85625,-0.1260233979546041
0,33.5055,2.859375,-0.1262140775397372
0,33.5055,2.8625,-0.1264117179204624
0,33.5055,2.865625,-0.12661627456212815
0,33.5055,2.8687500000000004,-0.1268277049757325
0,33.5055,2.871875,-0.12704596867588752
0,33.5055,2.875,-0.1272710271403002
0,33.5055,2.878125,-0.12750284377072582
0,33.5055,2.88125,-0.12774138385534511
0,33.5055,2.8843750000000004,-0.12798661453252136
0,33.5055,2.8875,-0.12823850475589554
0,33.5055,2.890625,-0.12849702526077703
0,33.5055,2.89375,-0.12876214853179174
0,33.5055,2.896875,-0.12903384877174917
0,33.5055,2.9000000000000004,-0.1293121018716917
0,33.5055,2.903125,-0.1295968853820915
0,33.5055,2.90625,-0.12988817848516118
0,33.5055,2.909375,-0.13018596196824633
0,33.5055,2.9125,-0.130490218198268
0,33.5055,2.9156250000000004,-0.13080093109718577
0,33.5055,2.91875,-0.13111808611845238
0,33.5055,2.921875,-0.131441670224434
0,33.5055,2.925,-0.1317716718647663
0,33.5055,2.928125,-0.13210808095562443
0,33.5055,2.9312500000000004,-0.13245088885988066
0,33.5055,2.934375,-0.1328000883681258
0,33.5055,2.9375,-0.13315567368053427
0,33.5055,2.940625,-0.1335176403895482
0,33.5055,2.94375,-0.13388598546336203
0,33.5055,2.9468750000000004,-0.1342607072301872
0,33.5055,2.95,-0.1346418053632772
0,33.5055,2.953125,-0.13502928086669636
0,33.5055,2.95625,-0.13542313606181228
0,33.5055,2.959375,-0.13582337457449845
0,33.5055,2.9625000000000004,-0.13623000132302795
0,33.5055,2.965625,-0.13664302250664484
0,33.5055,2.96875,-0.13706244559479813
0,33.5055,2.971875,-0.13748827931702326
0,33.5055,2.975,-0.13792053365345974
0,33.5055,2.9781250000000004,-0.1383592198259897
0,33.5055,2.98125,-0.1388043502899873
0,33.5055,2.984375,-0.139255938726666
0,33.5055,2.9875,-0.13971400003601275
0,33.5055,2.990625,-0.14017855033029936
0,33.5055,2.9937500000000004,-0.14064960692815986
0,33.5055,2.996875,-0.14112718834922452
0,33.5055,3.0,-0.14161131430930335
0,33.5055,3.0031250000000003,-0.14210200571610668
0,33.5055,3.00625,-0.1425992846654985
0,33.5055,3.009375,-0.14310317443827295
0,33.5055,3.0125,-0.14361369949744654
0,33.5055,3.015625,-0.1441308854860605
0,33.5055,3.0187500000000003,-0.14465475922548546
0,33.5055,3.021875,-0.14518534871422384
0,33.5055,3.025,-0.14572268312720332
0,33.5055,3.028125,-0.14626679281555618
0,33.5055,3.03125,-0.14681770930688065
0,33.5055,3.0343750000000003,-0.14737546530597906
0,33.5055,3.0375,-0.14794009469606786
0,33.5055,3.040625,-0.1485116325404583
0,33.5055,3.04375,-0.149090115084701
0,33.5055,3.046875,-0.14967557975919438
0,33.5055,3.0500000000000003,-0.15026806518225244
0,33.5055,3.053125,-0.15086761116362918
0,33.5055,3.05625,-0.15147425870850054
0,33.5055,3.059375,-0.15208805002189707
0,33.5055,3.0625,-0.15270902851359078
0,33.5055,3.0656250000000003,-0.15333723880343245
0,33.5055,3.06875,-0.1539727267271386
0,33.5055,3.071875,-0.1546155393425286
0,33.5055,3.075,-0.1552657249362115
0,33.5055,3.078125,-0.15592333303072042
0,33.5055,3.0812500000000003,-0.1565884143921
0,33.5055,3.084375,-0.1572610210379407
0,33.5055,3.0875,-0.15794120624586747
0,33.5055,3.090625,-0.15862902456247877
0,33.5055,3.09375,-0.15932453181274117
0,33.5055,3.0968750000000003,-0.16002778510983925
0,33.5055,3.1,-0.16073884286548312
0,33.5055,3.103125,-0.1614577648006769
0,33.5055,3.10625,-0.16218461195694991
0,33.5055,3.109375,-0.16291944670805333
0,33.5055,3.1125000000000003,-0.16366233277212652
0,33.5055,3.115625,-0.16441333522433474
0,33.5055,3.11875,-0.16517252050998502
0,33.5055,3.121875,-0.16593995645812062
0,33.5055,3.125,-0.1667157122956004
0,33.5055,3.1281250000000003,-0.16749985866166878
0,33.5055,3.13125,-0.1682924676230179
0,33.5055,3.134375,-0.1690936126893505
0,33.5055,3.1375,-0.16990336882944765
0,33.5055,3.140625,-0.17072181248774518
0,33.5055,3.1437500000000003,-0.17154902160143035
0,33.5055,3.146875,-0.17238507561805735
0,33.5055,3.15,-0.17323005551369602
0,33.5055,3.153125,-0.17408404381161577
0,33.5055,3.15625,-0.17494712460151254
0,33.5055,3.1593750000000003,-0.1758193835592895
0,33.5055,3.1625,-0.17670090796739532
0,33.5055,3.165625,-0.17759178673573187
0,33.5055,3.16875,-0.17849211042313706
0,33.5055,3.171875,-0.1794019712594525
0,33.5055,3.1750000000000003,-0.18032146316818817
0,33.5055,3.178125,-0.1812506817897876
0,33.5055,3.18125,-0.18218972450551044
0,33.5055,3.184375,-0.1831386904619368
0,33.5055,3.1875,-0.1840976805961081
0,33.5055,3.1906250000000003,-0.1850667976613138
0,33.5055,3.19375,-0.1860461462535338
0,33.5055,3.196875,-0.18703583283855332
0,33.5055,3.2,-0.1880359657797565
0,33.5055,3.203125,-0.189046655366614
0,33.5055,3.2062500000000003,-0.1900680138438802
0,33.5055,3.209375,-0.19110015544150719
0,33.5055,3.2125,-0.19214319640529626
0,33.5055,3.215625,-0.1931972550282962
0,33.5055,3.21875,-0.19426245168296466
0,33.5055,3.2218750000000003,-0.19533890885410932
0,33.5055,3.225,-0.19642675117262146
0,33.5055,3.228125,-0.1975261054500219
0,33.5055,3.23125,-0.19863710071383203
0,33.5055,3.234375,-0.19975986824378958
0,33.5055,3.2375000000000003,-0.20089454160892656
0,33.5055,3.240625,-0.20204125670552556
0,33.5055,3.24375,-0.20320015179597753
0,33.5055,3.246875,-0.20437136754855467
0,33.5055,3.25,-0.20555504707812172
0,33.5055,3.2531250000000003,-0.2067513359878077
0,33.5055,3.25625,-0.20796038241165382
0,33.5055,3.259375,-0.20918233705826497
0,33.5055,3.2625,-0.21041735325548389
0,33.5055,3.265625,-0.21166558699610946
0,33.5055,3.2687500000000003,-0.21292719698469031
0,33.5055,3.271875,-0.2142023446854064
0,33.5055,3.275,-0.21549119437107572
0,33.5055,3.278125,-0.21679391317330254
0,33.5055,3.28125,-0.21811067113379845
0,33.5055,3.2843750000000003,-0.2194416412569049
0,33.5055,3.2875,-0.22078699956333897
0,33.5055,3.290625,-0.22214692514519996
0,33.5055,3.29375,-0.22352160022225875
0,33.5055,3.296875,-0.22491121019956514
0,33.5055,3.3000000000000003,-0.22631594372640507
0,33.5055,3.303125,-0.22773599275663725
0,33.5055,3.30625,-0.22917155261044442
0,33.5055,3.309375,-0.23062282203753565
0,33.5055,3.3125,-0.23209000328182955
0,33.5055,3.3156250000000003,-0.23357330214766323
0,33.5055,3.31875,-0.235072928067556
0,33.5055,3.321875,-0.23658909417157348
0,33.5055,3.325,-0.2381220173583279
0,33.5055,3.328125,-0.23967191836765664
0,33.5055,3.3312500000000003,-0.24123902185502358
0,33.5055,3.334375,-0.2428235564676826
0,33.5055,3.3375,-0.2444257549226532
0,33.5055,3.340625,-0.24604585408655066
0,33.5055,3.34375,-0.2476840950573183
0,33.5055,3.3468750000000003,-0.24934072324791667
0,33.5055,3.35,-0.2510159884720107
0,33.5055,3.353125,-0.25271014503171724
0,33.5055,3.35625,-0.2544234518074589
0,33.5055,3.359375,-0.2561561723499828
0,33.5055,3.3625000000000003,-0.25790857497460395
0,33.5055,3.365625,-0.25968093285772514
0,33.5055,3.36875,-0.2614735241357025
0,33.5055,3.371875,-0.2632866320061127
0,33.5055,3.375,-0.26512054483148906
0,33.5055,3.3781250000000003,-0.2669755562455953
0,33.5055,3.38125,-0.2688519652622998
0,33.5055,3.384375,-0.2707500763871286
0,33.5055,3.3875,-0.2726701997315639
0,33.5055,3.390625,-0.274612651130166
0,33.5055,3.3937500000000003,-0.27657775226060055
0,33.5055,3.396875,-0.278565830766642
0,33.5055,3.4000000000000004,-0.28057722038424626
0,33.5055,3.403125,-0.28261226107077114
0,33.5055,3.40625,-0.28467129913743855
0,33.5055,3.4093750000000003,-0.2867546873851235
0,33.5055,3.4125,-0.28886278524356956
0,33.5055,3.4156250000000004,-0.290995958914127
0,33.5055,3.41875,-0.29315458151611046
0,33.5055,3.421875,-0.29533903323688715
0,33.5055,3.4250000000000003,-0.2975497014857955
0,33.5055,3.428125,-0.2997869810520103
0,33.5055,3.4312500000000004,-0.30205127426646744
0,33.5055,3.434375,-0.30434299116796504
0,33.5055,3.4375,-0.3066625496735698
0,33.5055,3.4406250000000003,-0.3090103757534462
0,33.5055,3.44375,-0.3113869036102446
0,33.5055,3.4468750000000004,-0.3137925758631891
0,33.5055,3.45,-0.31622784373699175
0,33.5055,3.453125,-0.3186931672557539
0,33.5055,3.4562500000000003,-0.32118901544199124
0,33.5055,3.459375,-0.32371586652094725
0,33.5055,3.4625000000000004,-0.3262742081303522
0,33.5055,3.465625,-0.32886453753579037
0,33.5055,3.46875,-0.3314873618518595
0,33.5055,3.4718750000000003,-0.3341431982692838
0,33.5055,3.475,-0.3368325742881796
0,33.5055,3.4781250000000004,-0.3395560279576602
0,33.5055,3.48125,-0.34231410812197177
0,33.5055,3.484375,-0.3451073746733776
0,33.5055,3.4875000000000003,-0.34793639881199184
0,33.5055,3.490625,-0.3508017633127875
0,33.5055,3.4937500000000004,-0.35370406280001115
0,33.5055,3.496875,-0.3566439040292289
0,33.5055,3.5,-0.3596219061772638
0,33.5055,3.5031250000000003,-0.3626387011402653
0,33.5055,3.50625,-0.3656949338401792
0,33.5055,3.5093750000000004,-0.36879126253989675
0,33.5055,3.5125,-0.3719283591673504
0,33.5055,3.515625,-0.3751069096488688
0,33.5055,3.5187500000000003,-0.3783276142520777
0,33.5055,3.521875,-0.38159118793867075
0,33.5055,3.5250000000000004,-0.3848983607273805
0,33.5055,3.528125,-0.3882498780674739
0,33.5055,3.53125,-0.3916465012231449
0,33.5055,3.5343750000000003,-0.3950890076691484
0,33.5055,3.5375,-0.3985781914980635
0,33.5055,3.5406250000000004,-0.402114863839584
0,33.5055,3.54375,-0.40569985329222497
0,33.5055,3.546875,-0.40933400636788747
0,33.5055,3.5500000000000003,-0.41301818794970313
0,33.5055,3.553125,-0.41675328176361837
0,33.5055,3.5562500000000004,-0.42054019086419486
0,33.5055,3.559375,-0.42437983813509567
0,33.5055,3.5625,-0.4282731668047879
0,33.5055,3.5656250000000003,-0.43222114097796244
0,33.5055,3.56875,-0.43622474618322943
0,33.5055,3.5718750000000004,-0.44028498993764964
0,33.5055,3.575,-0.4444029023286805
0,33.5055,3.578125,-0.4485795366141516
0,33.5055,3.5812500000000003,-0.4528159698408894
0,33.5055,3.584375,-0.45711330348264084
0,33.5055,3.5875000000000004,-0.4614726640979815
0,33.5055,3.590625,-0.4658952040088839
0,33.5055,3.59375,-0.4703821020006935
0,33.5055,3.5968750000000003,-0.4749345640442393
0,33.5055,3.6,-0.47955382404086244
0,33.5055,3.6031250000000004,-0.4842411445911684
0,33.5055,3.60625,-0.4889978177883163
0,33.5055,3.609375,-0.4938251660367211
0,33.5055,3.6125000000000003,-0.4987245428970374
0,33.5055,3.615625,-0.5036973339583509
0,33.5055,3.6187500000000004,-0.5087449577385222
0,33.5055,3.621875,-0.5138688666136534
0,33.5055,3.625,-0.5190705477776927
0,33.5055,3.6281250000000003,-0.5243515242332178
0,33.5055,3.63125,-0.5297133558144594
0,33.5055,3.6343750000000004,-0.5351576402436897
0,33.5055,3.6375,-0.5406860142220965
0,33.5055,3.640625,-0.5463001545563315
0,33.5055,3.6437500000000003,-0.5520017793219297
0,33.5055,3.646875,-0.5577926490648442
0,33.5055,3.6500000000000004,-0.5636745680423799
0,33.5055,3.653125,-0.5696493855048211
0,33.5055,3.65625,-0.5757189970191222
0,33.5055,3.6593750000000003,-0.581885345836014
0,33.5055,3.6625,-0.5881504243019572
0,33.5055,3.6656250000000004,-0.5945162753173908
0,33.5055,3.66875,-0.6009849938427416
0,33.5055,3.671875,-0.6075587284537296
0,33.5055,3.6750000000000003,-0.6142396829474955
0,33.5055,3.678125,-0.6210301180011311
0,33.5055,3.6812500000000004,-0.6279323528842348
0,33.5055,3.684375,-0.634948767227095
0,33.5055,3.6875,-0.6420818028461981
0,33.5055,3.6906250000000003,-0.6493339656287253
0,33.5055,3.69375,-0.656707827477751
0,33.5055,3.6968750000000004,-0.6642060283198921
0,33.5055,3.7,-0.6718312781771402
0,33.5055,3.703125,-0.6795863593046652
0,33.5055,3.7062500000000003,-0.6874741283963616
0,33.5055,3.709375,-0.6954975188599429
0,33.5055,3.7125000000000004,-0.7036595431633972
0,33.5055,3.715625,-0.7119632952545966
0,33.5055,3.71875,-0.7204119530559124
0,33.5055,3.7218750000000003,-0.7290087810356204
0,33.5055,3.725,-0.7377571328579234
0,33.5055,3.7281250000000004,-0.7466604541134173
0,33.5055,3.73125,-0.755722285131763
0,33.5055,3.734375,-0.7649462638783847
0,33.5055,3.7375000000000003,-0.7743361289369292
0,33.5055,3.740625,-0.7838957225792451
0,33.5055,3.7437500000000004,-0.7936289939246072
0,33.5055,3.746875,-0.8035400021898448
0,33.5055,3.75,-0.8136329200320565
0,33.5055,3.7531250000000003,-0.823912036985499
0,33.5055,3.75625,-0.8343817629942082
0,33.5055,3.7593750000000004,-0.8450466320419051
0,33.5055,3.7625,-0.8559113058805679
0,33.5055,3.765625,-0.866980577859126
0,33.5055,3.7687500000000003,-0.8782593768535304
0,33.5055,3.771875,-0.8897527712994354
0,33.5055,3.7750000000000004,-0.9014659733286207
0,33.5055,3.778125,-0.9134043430101111
0,33.5055,3.78125,-0.9255733926969015
0,33.5055,3.7843750000000003,-0.9379787914789289
0,33.5055,3.7875,-0.9506263697428048
0,33.5055,3.7906250000000004,-0.9635221238385996
0,33.5055,3.79375,-0.9766722208535977
0,33.5055,3.796875,-0.9900830034927433
0,33.5055,3.8000000000000003,-1.0037609950649593
0,33.5055,3.803125,-1.0177129045741256
0,33.5055,3.8062500000000004,-1.0319456319129106
0,33.5055,3.809375,-1.0464662731568535
0,33.5055,3.8125,-1.0612821259554226
0,33.5055,3.8156250000000003,-1.0764006950155662
0,33.5055,3.81875,-1.0918296976722373
0,33.5055,3.8218750000000004,-1.1075770695388365
0,33.5055,3.825,-1.1236509702288502
0,33.5055,3.828125,-1.140059789137995
0,33.5055,3.8312500000000003,-1.1568121512737541
0,33.5055,3.834375,-1.1739169231165216
0,33.5055,3.8375000000000004,-1.191383218493354
0,33.5055,3.840625,-1.2092204044415784
0,33.5055,3.84375,-1.2274381070353777
0,33.5055,3.8468750000000003,-1.2460462171434552
0,33.5055,3.85,-1.2650548960804484
0,33.5055,3.8531250000000004,-1.284474581108435
0,33.5055,3.85625,-1.3043159907377582
0,33.5055,3.859375,-1.3245901297685452
0,33.5055,3.8625000000000003,-1.3453082940053445
0,33.5055,3.865625,-1.3664820745676107
0,33.5055,3.8687500000000004,-1.388123361707906
0,33.5055,3.871875,-1.4102443480378477
0,33.5055,3.875,-1.432857531049039
0,33.5055,3.8781250000000003,-1.4559757148021155
0,33.5055,3.88125,-1.4796120106420958
0,33.5055,3.8843750000000004,-1.5037798367821353
0,33.5055,3.8875,-1.5284929165804315
0,33.5055,3.890625,-1.553765275317049
0,33.5055,3.8937500000000003,-1.5796112352579956
0,33.5055,3.896875,-1.6060454087738414
0,33.5055,3.9000000000000004,-1.633082689259067
0,33.5055,3.903125,-1.6607382395763088
0,33.5055,3.90625,-1.6890274777271068
0,33.5055,3.9093750000000003,-1.7179660594271378
0,33.5055,3.9125,-1.7475698572399565
0,33.5055,3.9156250000000004,-1.7778549358986113
0,33.5055,3.91875,-1.8088375234192002
0,33.5055,3.921875,-1.8405339775851441
0,33.5055,3.9250000000000003,-1.8729607473549308
0,33.5055,3.928125,-1.9061343287202943
0,33.5055,3.9312500000000004,-1.9400712145159542
0,33.5055,3.934375,-1.9747878376562948
0,33.5055,3.9375,-2.010300507249643
0,33.5055,3.9406250000000003,-2.0466253370165064
0,33.5055,3.94375,-2.083778165415708
0,33.5055,3.9468750000000004,-2.121774466861778
0,33.5055,3.95,-2.160629253399022
0,33.5055,3.953125,-2.2003569661837545
0,33.5055,3.9562500000000003,-2.2409713561166447
0,33.5055,3.959375,-2.282485352963741
0,33.5055,3.9625000000000004,-2.3249109223092166
0,33.5055,3.965625,-2.3682589096959323
0,33.5055,3.96875,-2.4125388713352276
0,33.5055,3.9718750000000003,-2.4577588908053514
0,33.5055,3.975,-2.5039253812126914
0,33.5055,3.9781250000000004,-2.551042872363404
0,33.5055,3.98125,-2.599113782588143
0,33.5055,3.984375,-2.6481381749833863
0,33.5055,3.9875000000000003,-2.698113497981567
0,33.5055,3.990625,-2.7490343103433914
0,33.5055,3.9937500000000004,-2.8008919908822887
0,33.5055,3.996875,-2.8536744334860824
0,33.5055,4.0,-2.9073657282990095
0,33.5055,4.003125000000001,-2.961945830269278
0,33.5055,4.00625,-3.017390216657316
0,33.5055,4.009375,-3.0736695355386696
0,33.5055,4.0125,-3.1307492478222776
0,33.5055,4.015625,-3.1885892658423853
0,33.5055,4.018750000000001,-3.247143592163187
0,33.5055,4.021875,-3.3063599628598044
0,33.5055,4.025,-3.3661795001982977
0,33.5055,4.028125,-3.426536380320913
0,33.5055,4.03125,-3.4873575222426667
0,33.5055,4.034375000000001,-3.5485623051597566
0,33.5055,4.0375,-3.6100623217463053
0,33.5055,4.040625,-3.671761175746526
0,33.5055,4.04375,-3.733554332728043
0,33.5055,4.046875,-3.795329033321583
0,33.5055,4.050000000000001,-3.856964278592302
0,33.5055,4.053125,-3.918330897337879
0,33.5055,4.05625,-3.979291705044312
0,33.5055,4.059375,-4.039701763913292
0,33.5055,4.0625,-4.0994087527681335
0,33.5055,4.065625000000001,-4.158253454707471
0,33.5055,4.06875,-4.216070369081691
0,33.5055,4.071875,-4.272688452690508
0,33.5055,4.075,-4.327931993030698
0,33.5055,4.078125,-4.381621613967083
0,33.5055,4.081250000000001,-4.433575411374323
0,33.5055,4.084375,-4.4836102131481805
0,33.5055,4.0875,-4.531542954573275
0,33.5055,4.090625,-4.577192156446638
0,33.5055,4.09375,-4.6203794897035
0,33.5055,4.096875000000001,-4.660931406697801
0,33.5055,4.1,-4.698680815903048
0,33.5055,4.103125,-4.733468773770316
0,33.5055,4.10625,-4.765146164966486
0,33.5055,4.109375,-4.793575340368744
0,33.5055,4.112500000000001,-4.818631681142525
0,33.5055,4.115625,-4.840205057091683
0,33.5055,4.11875,-4.858201148315116
0,33.5055,4.121875,-4.8725426010668516
0,33.5055,4.125,-4.883169991585162
0,33.5055,4.128125000000001,-4.89004257546556
0,33.5055,4.13125,-4.893138804793759
0,33.5055,4.134375,-4.892456600570813
0,33.5055,4.1375,-4.888013373760941
0,33.5055,4.140625,-4.879845794354092
0,33.5055,4.143750000000001,-4.868009313923935
0,33.5055,4.146875,-4.852577453042356
0,33.5055,4.15,-4.833640870357998
0,33.5055,4.153125,-4.811306234959462
0,33.5055,4.15625,-4.785694927656676
0,33.5055,4.159375000000001,-4.756941599905327
0,33.5055,4.1625,-4.725192621192792
0,33.5055,4.165625,-4.690604446774957
0,33.5055,4.16875,-4.653341937723945
0,33.5055,4.171875,-4.61357666438041
0,33.5055,4.175000000000001,-4.5714852226047
0,33.5055,4.178125,-4.527247589815199
0,33.5055,4.18125,-4.481045544838266
0,33.5055,4.184375,-4.433061172229462
0,33.5055,4.1875,-4.3834754681137165
0,33.5055,4.190625000000001,-4.332467060885977
0,33.5055,4.19375,-4.280211056444153
0,33.5055,4.196875,-4.226878014111886
0,33.5055,4.2,-4.172633056144402
0,33.5055,4.203125,-4.117635110765821
0,33.5055,4.206250000000001,-4.062036286114397
0,33.5055,4.209375,-4.0059813702965945
0,33.5055,4.2125,-3.949607450983258
0,33.5055,4.215625,-3.893043646613906
0,33.5055,4.21875,-3.836410940284101
0,33.5055,4.221875000000001,-3.7798221067507587
0,33.5055,4.225,-3.7233817226575425
0,33.5055,4.228125,-3.6671862500190415
0,33.5055,4.23125,-3.6113241831644323
0,33.5055,4.234375,-3.555876249682381
0,33.5055,4.237500000000001,-3.500915656393777
0,33.5055,4.240625,-3.446508371963412
0,33.5055,4.24375,-3.3927134384165254
0,33.5055,4.246875,-3.339583304520757
0,33.5055,4.25,-3.2871641747013594
0,33.5055,4.253125000000001,-3.2354963678622912
0,33.5055,4.25625,-3.18461468116708
0,33.5055,4.259375,-3.1345487544828394
0,33.5055,4.2625,-3.085323431800139
0,33.5055,4.265625,-3.036959116502521
0,33.5055,4.268750000000001,-2.989472117874763
0,33.5055,4.271875,-2.9428749867032757
0,33.5055,4.275,-2.897176838239154
0,33.5055,4.278125,-2.852383661167191
0,33.5055,4.28125,-2.8084986115522668
0,33.5055,4.284375000000001,-2.7655222910264823
0,33.5055,4.2875,-2.7234530087351105
0,33.5055,4.290625,-2.682287026783426
0,33.5055,4.29375,-2.642018789122739
0,33.5055,4.296875,-2.6026411339832864
0,33.5055,4.300000000000001,-2.5641454901103247
0,33.5055,4.303125,-2.5265220571861917
0,33.5055,4.30625,-2.4897599709292457
0,33.5055,4.309375,-2.4538474534518055
0,33.5055,4.3125,-2.4187719495324265
0,33.5055,4.315625000000001,-2.384520249517282
0,33.5055,4.31875,-2.351078599608719
0,33.5055,4.321875,-2.3184328003286896
0,33.5055,4.325,-2.2865682939618583
0,33.5055,4.328125,-2.2554702417864902
0,33.5055,4.331250000000001,-2.2251235918951253
0,33.5055,4.334375,-2.195513138389533
0,33.5055,4.3375,-2.166623572708998
0,33.5055,4.340625,-2.138439527818917
0,33.5055,4.34375,-2.110945615948144
0,33.5055,4.346875000000001,-2.0841264605227914
0,33.5055,4.35,-2.0579667229004706
0,33.5055,4.353125,-2.03245112446544
0,33.5055,4.35625,-2.0075644646035484
0,33.5055,4.359375,-1.9832916350360152
0,33.5055,4.362500000000001,-1.9596176309569275
0,33.5055,4.365625,-1.9365275593893005
0,33.5055,4.36875,-1.914006645151178
0,33.5055,4.371875,-1.8920402348069782
0,33.5055,4.375,-1.8706137989690157
0,33.5055,4.378125000000001,-1.849712933312081
0,33.5055,4.38125,-1.829323358667448
0,33.5055,4.384375,-1.8094309205723613
0,33.5055,4.3875,-1.790021588665517
0,33.5055,4.390625,-1.7710814563356903
0,33.5055,4.393750000000001,-1.7525967410490872
0,33.5055,4.396875,-1.734553785796977
0,33.5055,4.4,-1.7169390621168135
0,33.5055,4.403125,-1.6997391751440696
0,33.5055,4.40625,-1.682940871143832
0,33.5055,4.409375000000001,-1.6665310479488036
0,33.5055,4.4125,-1.6504967686885297
0,33.5055,4.415625,-1.6348252791312987
0,33.5055,4.41875,-1.6195040288726188
0,33.5055,4.421875,-1.6045206964903171
0,33.5055,4.425000000000001,-1.589863218647426
0,33.5055,4.428125,-1.5755198229609098
0,33.5055,4.43125,-1.561479064271547
0,33.5055,4.434375,-1.5477298637547885
0,33.5055,4.4375,-1.5342615501117864
0,33.5055,4.440625000000001,-1.521063901886856
0,33.5055,4.44375,-1.5081271897834305
0,33.5055,4.446875,-1.4954422177098319
0,33.5055,4.45,-1.483000361192188
0,33.5055,4.453125,-1.4707936017558614
0,33.5055,4.456250000000001,-1.4588145559092403
0,33.5055,4.459375,-1.44705649746846
0,33.5055,4.4625,-1.4355133721393925
0,33.5055,4.465625,-1.4241798035181001
0,33.5055,4.46875,-1.4130510899708737
0,33.5055,4.471875000000001,-1.402123192194373
0,33.5055,4.475,-1.3913927116137363
0,33.5055,4.478125,-1.3808568601300801
0,33.5055,4.48125,-1.370513422055908
0,33.5055,4.484375,-1.3603607093567194
0,33.5055,4.487500000000001,-1.3503975115340436
0,33.5055,4.490625,-1.3406230416272564
0,33.5055,4.49375,-1.3310368798745706
0,33.5055,4.496875,-1.3216389165589097
0,33.5055,4.5,-1.312429295478289
0,33.5055,4.503125000000001,-1.3034083593352968
0,33.5055,4.50625,-1.2945765981498447
0,33.5055,4.509375,-1.2859346015799173
0,33.5055,4.5125,-1.2774830158025638
0,33.5055,4.515625,-1.2692225053756703
0,33.5055,4.518750000000001,-1.2611537202831504
0,33.5055,4.521875,-1.2532772681707005
0,33.5055,4.525,-1.2455936916127366
0,33.5055,4.528125,-1.2381034501172015
0,33.5055,4.53125,-1.2308069064735503
0,33.5055,4.534375000000001,-1.2237043169801811
0,33.5055,4.5375,-1.2167958250469197
0,33.5055,4.540625,-1.2100814576527883
0,33.5055,4.54375,-1.2035611241445578
0,33.5055,4.546875,-1.1972346168828165
0,33.5055,4.550000000000001,-1.1911016132757284
0,33.5055,4.553125,-1.1851616787819286
0,33.5055,4.55625,-1.1794142705101398
0,33.5055,4.559375,-1.1738587410913666
0,33.5055,4.5625,-1.16849434254759
0,33.5055,4.565625000000001,-1.1633202299276084
0,33.5055,4.56875,-1.1583354645245558
0,33.5055,4.571875,-1.1535390165304065
0,33.5055,4.575,-1.148929767019968
0,33.5055,4.578125,-1.1445065091904019
0,33.5055,4.581250000000001,-1.1402679488125802
0,33.5055,4.584375,-1.136212703877564
0,33.5055,4.5875,-1.1323393034457836
0,33.5055,4.590625,-1.1286461857284436
0,33.5055,4.59375,-1.1251316954505315
0,33.5055,4.596875000000001,-1.1217940805632285
0,33.5055,4.6,-1.1186314883905357
0,33.5055,4.603125,-1.1156419613109592
0,33.5055,4.60625,-1.1128234320903867
0,33.5055,4.609375,-1.1101737189966912
0,33.5055,4.612500000000001,-1.1076905208404093
0,33.5055,4.615625,-1.1053714120987463
0,33.5055,4.61875,-1.1032138382920698
0,33.5055,4.621875,-1.1012151117927225
0,33.5055,4.625,-1.0993724082548293
0,33.5055,4.628125000000001,-1.0976827638606508
0,33.5055,4.63125,-1.096143073583149
0,33.5055,4.634375,-1.0947500906653163
0,33.5055,4.6375,-1.093500427513998
0,33.5055,4.640625,-1.0923905581986115
0,33.5055,4.643750000000001,-1.091416822733133
0,33.5055,4.646875,-1.0905754333022544
0,33.5055,4.65,-1.089862482569762
0,33.5055,4.653125,-1.0892739541786034
0,33.5055,4.65625,-1.088805735518128
0,33.5055,4.659375000000001,-1.0884536327948826
0,33.5055,4.6625,-1.08821338839983
0,33.5055,4.665625,-1.088080700517784
0,33.5055,4.66875,-1.0880512448754225
0,33.5055,4.671875,-1.0881206984736662
0,33.5055,4.675000000000001,-1.088284765100039
0,33.5055,4.678125,-1.088539202368217
0,33.5055,4.68125,-1.0888798499867696
0,33.5055,4.684375,-1.0893026589183596
0,33.5055,4.6875,-1.0898037210553355
0,33.5055,4.690625000000001,-1.0903792990084509
0,33.5055,4.69375,-1.091025855582744
0,33.5055,4.696875,-1.0917400824983576
0,33.5055,4.7,-1.0925189279040852
0,33.5055,4.703125,-1.0933596222270772
0,33.5055,4.706250000000001,-1.094259701903008
0,33.5055,4.709375,-1.0952170305363254
0,33.5055,4.7125,-1.0962298170497855
0,33.5055,4.715625,-1.0972966303958989
0,33.5055,4.71875,-1.098416410420571
0,33.5055,4.721875000000001,-1.0995884744913194
0,33.5055,4.725,-1.1008125195299028
0,33.5055,4.728125,-1.1020886191226675
0,33.5055,4.73125,-1.1034172154224489
0,33.5055,4.734375,-1.1047991056039508
0,33.5055,4.737500000000001,-1.106235422690677
0,33.5055,4.740625,-1.1077276106354674
0,33.5055,4.74375,-1.109277393607856
0,33.5055,4.746875,-1.11088673951856
0,33.5055,4.75,-1.1125578178927555
0,33.5055,4.753125000000001,-1.1142929522871028
0,33.5055,4.75625,-1.116094567528714
0,33.5055,4.759375,-1.1179651321349675
0,33.5055,4.7625,-1.1199070963493425
0,33.5055,4.765625,-1.1219228262988472
0,33.5055,4.768750000000001,-1.124014534842085
0,33.5055,4.771875,-1.1261842097334782
0,33.5055,4.775,-1.1284335397791128
0,33.5055,4.778125,-1.1307638397041178
0,33.5055,4.78125,-1.1331759744923435
0,33.5055,4.784375000000001,-1.135670283997992
0,33.5055,4.7875,-1.1382465086680718
0,33.5055,4.790625,-1.1409037172557759
0,33.5055,4.79375,-1.1436402374494044
0,33.5055,4.796875,-1.1464535903899946
0,33.5055,4.800000000000001,-1.1493404301026828
0,33.5055,4.803125,-1.1522964889205118
0,33.5055,4.80625,-1.1553165300316535
0,33.5055,4.809375,-1.158394308327286
0,33.5055,4.8125,-1.1615225407617835
0,33.5055,4.815625000000001,-1.1646928874518871
0,33.5055,4.81875,-1.167895944729346
0,33.5055,4.821875,-1.1711212513132472
0,33.5055,4.825,-1.174357308675851
0,33.5055,4.828125,-1.1775916165321958
0,33.5055,4.831250000000001,-1.1808107241838106
0,33.5055,4.834375,-1.1840002981891908
0,33.5055,4.8375,-1.187145206520072
0,33.5055,4.840625,-1.1902296189999868
0,33.5055,4.84375,-1.193237123421817
0,33.5055,4.846875000000001,-1.196150856320163
0,33.5055,4.85,-1.1989536469525266
0,33.5055,4.853125,-1.2016281726424145
0,33.5055,4.85625,-1.2041571232800374
0,33.5055,4.859375,-1.2065233724825042
0,33.5055,4.862500000000001,-1.2087101527011979
0,33.5055,4.865625,-1.2107012314394914
0,33.5055,4.86875,-1.2124810857115806
0,33.5055,4.871875,-1.2140350719284354
0,33.5055,4.875,-1.2153495885285215
0,33.5055,4.878125000000001,-1.2164122288628736
0,33.5055,4.88125,-1.2172119220781275
0,33.5055,4.884375,-1.217739059999033
0,33.5055,4.8875,-1.2179856082781448
0,33.5055,4.890625,-1.2179452003438533
0,33.5055,4.893750000000001,-1.2176132129325774
0,33.5055,4.896875,-1.2169868222361984
0,33.5055,4.9,-1.2160650399350985
0,33.5055,4.903125,-1.2148487286266123
0,33.5055,4.90625,-1.2133405964052435
0,33.5055,4.909375000000001,-1.2115451706103442
0,33.5055,4.9125,-1.2094687510325324
0,33.5055,4.915625,-1.207119343161466
0,33.5055,4.91875,-1.204506572360784
0,33.5055,4.921875,-1.2016415801631297
0,33.5055,4.925000000000001,-1.1985369041787375
0,33.5055,4.928125,-1.1952063433926177
0,33.5055,4.93125,-1.1916648108749701
0,33.5055,4.934375,-1.1879281761349592
0,33.5055,4.9375,-1.1840130994987446
0,33.5055,4.940625000000001,-1.1799368609813463
0,33.5055,4.94375,-1.1757171861437694
0,33.5055,4.946875,-1.171372071381358
0,33.5055,4.95,-1.1669196109793665
0,33.5055,4.953125,-1.1623778281032215
0,33.5055,4.956250000000001,-1.15776451167326
0,33.5055,4.959375,-1.1530970608174667
0,33.5055,4.9625,-1.1483923383136907
0,33.5055,4.965625,-1.143666534137828
0,33.5055,4.96875,-1.138935039938975
0,33.5055,4.971875000000001,-1.1342123349788078
0,33.5055,4.975,-1.1295118838102214
0,33.5055,4.978125,-1.124846045738242
0,33.5055,4.98125,-1.1202259959107497
0,33.5055,4.984375,-1.1156616577313232
0,33.5055,4.987500000000001,-1.1111616461740192
0,33.5055,4.990625,-1.1067332215096306
0,33.5055,4.99375,-1.1023822529233147
0,33.5055,4.996875,-1.0981131915113038
0,33.5055,5.0,-1.0939290521848883
0,33.5055,5.003125,-1.0898314040781063
0,33.5055,5.0062500000000005,-1.085820369145142
0,33.5055,5.009375,-1.0818946287382638
0,33.5055,5.0125,-1.0780514380703399
0,33.5055,5.015625,-1.074286648581028
0,33.5055,5.01875,-1.070594738335786
0,33.5055,5.0218750000000005,-1.0669688506856077
0,33.5055,5.025,-1.063400841496451
0,33.5055,5.028125,-1.0598813353149052
0,33.5055,5.03125,-1.0563997908654779
0,33.5055,5.034375,-1.0529445762701346
0,33.5055,5.0375000000000005,-1.0495030543387103
0,33.5055,5.040625,-1.0460616781966352
0,33.5055,5.04375,-1.0426060973926132
0,33.5055,5.046875,-1.0391212744633809
0,33.5055,5.05,-1.0355916117271942
0,33.5055,5.0531250000000005,-1.032001087835796
0,33.5055,5.05625,-1.0283334033420173
0,33.5055,5.059375,-1.024572134244509
0,33.5055,5.0625,-1.0207008921623004
0,33.5055,5.065625,-1.0167034894814282
0,33.5055,5.0687500000000005,-1.0125641075170253
0,33.5055,5.071875,-1.008267465461121
0,33.5055,5.075,-1.0037989876536013
0,33.5055,5.078125,-0.9991449665354886
0,33.5055,5.08125,-0.9942927185330458
0,33.5055,5.0843750000000005,-0.9892307300891446
0,33.5055,5.0875,-0.9839487911130382
0,33.5055,5.090625,-0.978438113265697
0,33.5055,5.09375,-0.9726914307355649
0,33.5055,5.096875,-0.9667030814848157
0,33.5055,5.1000000000000005,-0.9604690673502434
0,33.5055,5.103125,-0.9539870918527551
0,33.5055,5.10625,-0.9472565750880675
0,33.5055,5.109375,-0.9402786456188956
0,33.5055,5.1125,-0.9330561098435791
0,33.5055,5.1156250000000005,-0.9255933998552437
0,33.5055,5.11875,-0.9178965013069763
0,33.5055,5.121875,-0.9099728632417593
0,33.5055,5.125,-0.9018312922137062
0,33.5055,5.128125,-0.8934818333058949
0,33.5055,5.1312500000000005,-0.8849356408312024
0,33.5055,5.134375,-0.8762048415824321
0,33.5055,5.1375,-0.8673023934784206
0,33.5055,5.140625,-0.8582419423408406
0,33.5055,5.14375,-0.8490376793433164
0,33.5055,5.1468750000000005,-0.8397042014158249
0,33.5055,5.15,-0.8302563765808592
0,33.5055,5.153125,-0.8207092158627656
0,33.5055,5.15625,-0.8110777530673963
0,33.5055,5.159375,-0.8013769333931475
0,33.5055,5.1625000000000005,-0.7916215115220526
0,33.5055,5.165625,-0.7818259595620682
0,33.5055,5.16875,-0.7720043849764178
0,33.5055,5.171875,-0.7621704584458481
0,33.5055,5.175,-0.7523373514636892
0,33.5055,5.1781250000000005,-0.7425176833574116
0,33.5055,5.18125,-0.7327234773573036
0,33.5055,5.184375,-0.7229661252847909
0,33.5055,5.1875,-0.7132563604023113
0,33.5055,5.190625,-0.7036042379459394
0,33.5055,5.1937500000000005,-0.6940191228461465
0,33.5055,5.196875,-0.6845096841272591
0,33.5055,5.2,-0.6750838954608008
0,33.5055,5.203125,-0.6657490413320423
0,33.5055,5.20625,-0.6565117282637596
0,33.5055,5.2093750000000005,-0.647377900528514
0,33.5055,5.2125,-0.6383528597727862
0,33.5055,5.215625,-0.6294412879747704
0,33.5055,5.21875,-0.6206472731642115
0,33.5055,5.221875,-0.6119743373476362
0,33.5055,5.2250000000000005,-0.6034254661059729
0,33.5055,5.228125,-0.595003139363021
0,33.5055,5.23125,-0.5867093628612735
0,33.5055,5.234375,-0.5785456999249062
0,33.5055,5.2375,-0.5705133031363211
0,33.5055,5.2406250000000005,-0.5626129456010438
0,33.5055,5.24375,-0.5548450515243301
0,33.5055,5.246875,-0.5472097258700632
0,33.5055,5.25,-0.5397067829175837
0,33.5055,5.253125,-0.532335773573744
0,33.5055,5.2562500000000005,-0.5250960113355096
0,33.5055,5.259375,-0.5179865968322619
0,33.5055,5.2625,-0.5110064409065163
0,33.5055,5.265625,-0.5041542862172224
0,33.5055,5.26875,-0.49742872737106225
0,33.5055,5.2718750000000005,-0.4908282296047839
0,33.5055,5.275,-0.48435114605568674
0,33.5055,5.278125,-0.4779957336683659
0,33.5055,5.28125,-0.4717601677941631
0,33.5055,5.284375,-0.46564255554563655
0,33.5055,5.2875000000000005,-0.45964094797232063
0,33.5055,5.290625,-0.45375335112628395
0,33.5055,5.29375,-0.44797773608679925
0,33.5055,5.296875,-0.4423120480132317
0,33.5055,5.3,-0.4367542142940199
0,33.5055,5.3031250000000005,-0.4313021518577889
0,33.5055,5.30625,-0.4259537737102584
0,33.5055,5.309375,-0.4207069947578137
0,33.5055,5.3125,-0.41555973697564214
0,33.5055,5.315625,-0.41050993397510477
0,33.5055,5.3187500000000005,-0.40555553502180314
0,33.5055,5.321875,-0.4006945085525085
0,33.5055,5.325,-0.39592484523588833
0,33.5055,5.328125,-0.3912445606188298
0,33.5055,5.33125,-0.38665169739708366
0,33.5055,5.3343750000000005,-0.3821443273460291
0,33.5055,5.3375,-0.37772055294458495
0,33.5055,5.340625,-0.3733785087226217
0,33.5055,5.34375,-0.3691163623597812
0,33.5055,5.346875,-0.3649323155612425
0,33.5055,5.3500000000000005,-0.3608246047338083
0,33.5055,5.353125,-0.3567915014836619
0,33.5055,5.35625,-0.3528313129552332
0,33.5055,5.359375,-0.3489423820289114
0,33.5055,5.3625,-0.34512308739368786
0,33.5055,5.3656250000000005,-0.3413718435093493
0,33.5055,5.36875,-0.3376871004714785
0,33.5055,5.371875,-0.3340673437912365
0,33.5055,5.375,-0.3305110941007975
0,33.5055,5.378125,-0.32701690679420486
0,33.5055,5.3812500000000005,-0.32358337161248757
0,33.5055,5.384375,-0.32020911218098563
0,33.5055,5.3875,-0.3168927855060202
0,33.5055,5.390625,-0.31363308143734436
0,33.5055,5.39375,-0.3104287221021109
0,33.5055,5.3968750000000005,-0.3072784613155134
0,33.5055,5.4,-0.30418108397269994
0,33.5055,5.403125,-0.3011354054260553
0,33.5055,5.40625,-0.2981402708515119
0,33.5055,5.409375,-0.2951945546071257
0,33.5055,5.4125000000000005,-0.2922971595867901
0,33.5055,5.415625,-0.2894470165716321
0,33.5055,5.41875,-0.28664308358131246
0,33.5055,5.421875,-0.28388434522721395
0,33.5055,5.425,-0.2811698120692209
0,33.5055,5.4281250000000005,-0.2784985199775928
0,33.5055,5.43125,-0.2758695295012333
0,33.5055,5.434375,-0.27328192524346245
0,33.5055,5.4375,-0.27073481524626886
0,33.5055,5.440625,-0.26822733038384006
0,33.5055,5.4437500000000005,-0.2657586237660655
0,33.5055,5.446875,-0.2633278701525829
0,33.5055,5.45,-0.26093426537782743
0,33.5055,5.453125,-0.2585770257874706
0,33.5055,5.45625,-0.2562553876865344
0,33.5055,5.4593750000000005,-0.25396860679940275
0,33.5055,5.4625,-0.2517159577418929
0,33.5055,5.465625,-0.2494967335054756
0,33.5055,5.46875,-0.247310244953704
0,33.5055,5.471875,-0.2451558203308508
0,33.5055,5.4750000000000005,-0.24303280478271982
0,33.5055,5.478125,-0.24094055988956817
0,33.5055,5.48125,-0.23887846321103462
0,33.5055,5.484375,-0.23684590784296003
0,33.5055,5.4875,-0.2348423019859489
0,33.5055,5.4906250000000005,-0.23286706852551045
0,33.5055,5.49375,-0.2309196446236023
0,33.5055,5.496875,-0.228999481321375
0,33.5055,5.5,-0.2271060431529267
0,33.5055,5.503125,-0.22523880776984256
0,33.5055,5.5062500000000005,-0.2233972655763046
0,33.5055,5.509375,-0.22158091937454746
0,33.5055,5.5125,-0.21978928402041936
0,33.5055,5.515625,-0.2180218860888299
0,33.5055,5.51875,-0.21627826354883753
0,33.5055,5.5218750000000005,-0.2145579654481441
0,33.5055,5.525,-0.21286055160676473
0,33.5055,5.528125,-0.21118559231962683
0,33.5055,5.53125,-0.20953266806787826
0,33.5055,5.534375,-0.20790136923866018
0,33.5055,5.5375000000000005,-0.20629129585312161
0,33.5055,5.540625,-0.2047020573024508
0,33.5055,5.54375,-0.20313327209168994
0,33.5055,5.546875,-0.2015845675911268
0,33.5055,5.55,-0.20005557979503866
0,33.5055,5.5531250000000005,-0.19854595308757755
0,33.5055,5.55625,-0.197055340015595
0,33.5055,5.559375,-0.19558340106819236
0,33.5055,5.5625,-0.19412980446280975
0,33.5055,5.565625,-0.19269422593765223
0,33.5055,5.5687500000000005,-0.19127634855026482
0,33.5055,5.571875,-0.18987586248207433
0,33.5055,5.575,-0.18849246484871235
0,33.5055,5.578125,-0.18712585951595034
0,33.5055,5.58125,-0.1857757569210708
0,33.5055,5.5843750000000005,-0.18444187389951136
0,33.5055,5.5875,-0.1831239335166191
0,33.5055,5.590625,-0.1818216649043556
0,33.5055,5.59375,-0.18053480310280456
0,33.5055,5.596875,-0.17926308890633041
0,33.5055,5.6000000000000005,-0.1780062687142442
0,33.5055,5.603125,-0.17676409438583957
0,33.5055,5.60625,-0.17553632309965722
0,33.5055,5.609375,-0.17432271721685427
0,33.5055,5.6125,-0.17312304414854532
0,33.5055,5.6156250000000005,-0.1719370762269918
0,33.5055,5.61875,-0.17076459058052573
0,33.5055,5.621875,-0.16960536901207982
0,33.5055,5.625,-0.16845919788122543
0,33.5055,5.628125,-0.16732586798959945
0,33.5055,5.6312500000000005,-0.16620517446961727
0,33.5055,5.634375,-0.1650969166763726
0,33.5055,5.6375,-0.16400089808261836
0,33.5055,5.640625,-0.16291692617674067
0,33.5055,5.64375,-0.16184481236362702
0,33.5055,5.6468750000000005,-0.1607843718683417
0,33.5055,5.65,-0.15973542364252197
0,33.5055,5.653125,-0.15869779027340694
0,33.5055,5.65625,-0.15767129789542256
0,33.5055,5.659375,-0.1566557761042417
0,33.5055,5.6625000000000005,-0.15565105787324152
0,33.5055,5.665625,-0.15465697947228832
0,33.5055,5.66875,-0.1536733803887724
0,33.5055,5.671875,-0.15270010325083058
0,33.5055,5.675,-0.15173699375268468
0,33.5055,5.6781250000000005,-0.15078390058203256
0,33.5055,5.68125,-0.14984067534943102
0,33.5055,5.684375,-0.1489071725196054
0,33.5055,5.6875,-0.1479832493446329
0,33.5055,5.690625,-0.14706876579893863
0,33.5055,5.6937500000000005,-0.1461635845160512
0,33.5055,5.696875,-0.14526757072706548
0,33.5055,5.7,-0.1443805922007584
0,33.5055,5.703125,-0.1435025191853112
0,33.5055,5.70625,-0.1426332243515887
0,33.5055,5.7093750000000005,-0.14177258273792803
0,33.5055,5.7125,-0.1409204716963944
0,33.5055,5.715625,-0.1400767708404562
0,33.5055,5.71875,-0.13924136199404177
0,33.5055,5.721875,-0.13841412914193466
0,33.5055,5.7250000000000005,-0.137594958381466
0,33.5055,5.728125,-0.13678373787547132
0,33.5055,5.73125,-0.13598035780646775
0,33.5055,5.734375,-0.13518471033202115
0,33.5055,5.7375,-0.13439668954126635
0,33.5055,5.7406250000000005,-0.13361619141254627
0,33.5055,5.74375,-0.1328431137721402
0,33.5055,5.746875,-0.1320773562540445
0,33.5055,5.75,-0.13131882026078107
0,33.5055,5.753125,-0.13056740892520097
0,33.5055,5.7562500000000005,-0.12982302707325402
0,33.5055,5.759375,-0.12908558118769928
0,33.5055,5.7625,-0.12835497937272586
0,33.5055,5.765625,-0.12763113131946238
0,33.5055,5.76875,-0.1269139482723461
0,33.5055,5.7718750000000005,-0.12620334299633007
0,33.5055,5.775,-0.12549922974490327
0,33.5055,5.778125,-0.12480152422890019
0,33.5055,5.78125,-0.12411014358607966
0,33.5055,5.784375,-0.12342500635145034
0,33.5055,5.7875000000000005,-0.1227460324283212
0,33.5055,5.790625,-0.12207314306005927
0,33.5055,5.79375,-0.12140626080253113
0,33.5055,5.796875,-0.12074530949721368
0,33.5055,5.800000000000001,-0.12009021424495248
0,33.5055,5.8031250000000005,-0.11944090138035174
0,33.5055,5.80625,-0.11879729844677711
0,33.5055,5.809375,-0.11815933417195558
0,33.5055,5.8125,-0.11752693844415664
0,33.5055,5.815625000000001,-0.11690004228893737
0,33.5055,5.8187500000000005,-0.116278577846438
0,33.5055,5.821875,-0.11566247834921117
0,33.5055,5.825,-0.11505167810057224
0,33.5055,5.828125,-0.11444611245345576
0,33.5055,5.831250000000001,-0.11384571778976525
0,33.5055,5.8343750000000005,-0.11325043150020228
0,33.5055,5.8375,-0.1126601919645619
0,33.5055,5.840625,-0.1120749385324841
0,33.5055,5.84375,-0.11149461150464698
0,33.5055,5.846875000000001,-0.11091915211439082
0,33.5055,5.8500000000000005,-0.11034850250976302
0,33.5055,5.853125,-0.10978260573596914
0,33.5055,5.85625,-0.10922140571822506
0,33.5055,5.859375,-0.10866484724499488
0,33.5055,5.862500000000001,-0.10811287595160651
0,33.5055,5.8656250000000005,-0.1075654383042368
0,33.5055,5.86875,-0.10702248158425244
0,33.5055,5.871875,-0.10648395387290269
0,33.5055,5.875,-0.1059498040363506
0,33.5055,5.878125000000001,-0.10541998171103645
0,33.5055,5.8812500000000005,-0.10489443728936518
0,33.5055,5.884375,-0.10437312190570687
0,33.5055,5.8875,-0.10385598742270621
0,33.5055,5.890625,-0.10334298641789005
0,33.5055,5.893750000000001,-0.10283407217056707
0,33.5055,5.8968750000000005,-0.10232919864901255
0,33.5055,5.9,-0.10182832049792877
0,33.5055,5.903125,-0.10133139302617823
0,33.5055,5.90625,-0.10083837219477847
0,33.5055,5.909375000000001,-0.10034921460515549
0,33.5055,5.9125000000000005,-0.09986387748764815
0,33.5055,5.915625,-0.09938231869025552
0,33.5055,5.91875,-0.0989044966676256
0,33.5055,5.921875,-0.09843037047027482
0,33.5055,5.925000000000001,-0.0979598997340358
0,33.5055,5.9281250000000005,-0.09749304466972691
0,33.5055,5.93125,-0.09702976605303736
0,33.5055,5.934375,-0.09657002521462439
0,33.5055,5.9375,-0.09611378403041587
0,33.5055,5.940625000000001,-0.0956610049121144
0,33.5055,5.9437500000000005,-0.09521165079789785
0,33.5055,5.946875,-0.09476568514331085
0,33.5055,5.95,-0.09432307191234401
0,33.5055,5.953125,-0.09388377556869577
0,33.5055,5.956250000000001,-0.09344776106721224
0,33.5055,5.9593750000000005,-0.09301499384550188
0,33.5055,5.9625,-0.09258543981571911
0,33.5055,5.965625,-0.09215906535651527
0,33.5055,5.96875,-0.0917358373051508
0,33.5055,5.971875000000001,-0.0913157229497665
0,33.5055,5.9750000000000005,-0.09089869002180977
0,33.5055,5.978125,-0.09048470668861086
0,33.5055,5.98125,-0.0900737415461081
0,33.5055,5.984375,-0.08966576361171688
0,33.5055,5.987500000000001,-0.08926074231733964
0,33.5055,5.9906250000000005,-0.08885864750251417
0,33.5055,5.99375,-0.08845944940769564
0,33.5055,5.996875,-0.08806311866767093
0,33.5055,6.0,-0.0876696263051017
