"Current","Field","Frequency","Spectra"
0,30.438100000000002,1.0,-0.020384191985227822
0,30.438100000000002,1.003125,-0.02044229968231958
0,30.438100000000002,1.00625,-0.02050071530601685
0,30.438100000000002,1.009375,-0.020559441408458272
0,30.438100000000002,1.0125,-0.020618480570633195
0,30.438100000000002,1.015625,-0.020677835402788662
0,30.438100000000002,1.01875,-0.02073750854484326
0,30.438100000000002,1.021875,-0.020797502666807882
0,30.438100000000002,1.025,-0.020857820469213483
0,30.438100000000002,1.028125,-0.02091846468354618
0,30.438100000000002,1.03125,-0.02097943807268951
0,30.438100000000002,1.034375,-0.02104074343137441
0,30.438100000000002,1.0375,-0.02110238358663661
0,30.438100000000002,1.040625,-0.021164361398281907
0,30.438100000000002,1.04375,-0.021226679759359372
0,30.438100000000002,1.046875,-0.021289341596642624
0,30.438100000000002,1.05,-0.021352349871119336
0,30.438100000000002,1.053125,-0.02141570757848919
0,30.438100000000002,1.05625,-0.021479417749670375
0,30.438100000000002,1.059375,-0.021543483451314807
0,30.438100000000002,1.0625,-0.02160790778633234
0,30.438100000000002,1.065625,-0.021672693894423955
0,30.438100000000002,1.06875,-0.021737844952624368
0,30.438100000000002,1.071875,-0.021803364175853917
0,30.438100000000002,1.075,-0.02186925481748031
0,30.438100000000002,1.078125,-0.02193552016988999
0,30.438100000000002,1.08125,-0.022002163565069753
0,30.438100000000002,1.084375,-0.022069188375198424
0,30.438100000000002,1.0875,-0.02213659801324908
0,30.438100000000002,1.090625,-0.02220439593360196
0,30.438100000000002,1.09375,-0.022272585632668148
0,30.438100000000002,1.096875,-0.02234117064952445
0,30.438100000000002,1.1,-0.022410154566559534
0,30.438100000000002,1.103125,-0.02247954101013164
0,30.438100000000002,1.10625,-0.02254933365123814
0,30.438100000000002,1.109375,-0.022619536206197027
0,30.438100000000002,1.1125,-0.022690152437340773
0,30.438100000000002,1.115625,-0.022761186153722683
0,30.438100000000002,1.11875,-0.022832641211836046
0,30.438100000000002,1.121875,-0.022904521516346393
0,30.438100000000002,1.125,-0.02297683102083701
0,30.438100000000002,1.128125,-0.023049573728568147
0,30.438100000000002,1.13125,-0.023122753693250033
0,30.438100000000002,1.134375,-0.023196375019830167
0,30.438100000000002,1.1375,-0.02327044186529508
0,30.438100000000002,1.140625,-0.023344958439486772
0,30.438100000000002,1.14375,-0.023419929005934446
0,30.438100000000002,1.146875,-0.023495357882701517
0,30.438100000000002,1.15,-0.023571249443248413
0,30.438100000000002,1.153125,-0.023647608117311557
0,30.438100000000002,1.15625,-0.023724438391798528
0,30.438100000000002,1.159375,-0.02380174481170036
0,30.438100000000002,1.1625,-0.023879531981020663
0,30.438100000000002,1.165625,-0.023957804563722453
0,30.438100000000002,1.16875,-0.02403656728469279
0,30.438100000000002,1.171875,-0.024115824930725692
0,30.438100000000002,1.175,-0.024195582351523744
0,30.438100000000002,1.178125,-0.024275844460718822
0,30.438100000000002,1.18125,-0.02435661623691219
0,30.438100000000002,1.184375,-0.02443790272473466
0,30.438100000000002,1.1875,-0.024519709035926995
0,30.438100000000002,1.190625,-0.02460204035044122
0,30.438100000000002,1.19375,-0.024684901917563073
0,30.438100000000002,1.196875,-0.024768299057056332
0,30.438100000000002,1.2,-0.024852237160329194
0,30.438100000000002,1.203125,-0.024936721691623497
0,30.438100000000002,1.20625,-0.025021758189227097
0,30.438100000000002,1.209375,-0.025107352266709987
0,30.438100000000002,1.2125,-0.02519350961418461
0,30.438100000000002,1.215625,-0.02528023599959109
0,30.438100000000002,1.21875,-0.025367537270007776
0,30.438100000000002,1.221875,-0.025455419352987695
0,30.438100000000002,1.225,-0.02554388825792157
0,30.438100000000002,1.228125,-0.025632950077427878
0,30.438100000000002,1.23125,-0.025722610988770826
0,30.438100000000002,1.234375,-0.02581287725530651
0,30.438100000000002,1.2375,-0.025903755227958195
0,30.438100000000002,1.240625,-0.025995251346721253
0,30.438100000000002,1.24375,-0.02608737214219853
0,30.438100000000002,1.246875,-0.02618012423716667
0,30.438100000000002,1.25,-0.026273514348174355
0,30.438100000000002,1.253125,-0.026367549287172967
0,30.438100000000002,1.25625,-0.026462235963180633
0,30.438100000000002,1.259375,-0.0265575813839802
0,30.438100000000002,1.2625,-0.02665359265785224
0,30.438100000000002,1.265625,-0.026750276995343485
0,30.438100000000002,1.26875,-0.02684764171107209
0,30.438100000000002,1.271875,-0.026945694225569933
0,30.438100000000002,1.275,-0.02704444206716341
0,30.438100000000002,1.278125,-0.027143892873893294
0,30.438100000000002,1.28125,-0.0272440543954747
0,30.438100000000002,1.284375,-0.02734493449529806
0,30.438100000000002,1.2875,-0.027446541152472234
0,30.438100000000002,1.290625,-0.027548882463910518
0,30.438100000000002,1.29375,-0.027651966646460843
0,30.438100000000002,1.296875,-0.027755802039081026
0,30.438100000000002,1.3,-0.027860397105060268
0,30.438100000000002,1.303125,-0.027965760434288018
0,30.438100000000002,1.30625,-0.028071900745571303
0,30.438100000000002,1.309375,-0.028178826889001807
0,30.438100000000002,1.3125,-0.02828654784837368
0,30.438100000000002,1.315625,-0.028395072743653653
0,30.438100000000002,1.31875,-0.028504410833504565
0,30.438100000000002,1.321875,-0.028614571517863428
0,30.438100000000002,1.325,-0.02872556434057593
0,30.438100000000002,1.328125,-0.028837398992088085
0,30.438100000000002,1.33125,-0.02895008531219699
0,30.438100000000002,1.334375,-0.029063633292861962
0,30.438100000000002,1.3375,-0.02917805308107741
0,30.438100000000002,1.340625,-0.02929335498180946
0,30.438100000000002,1.34375,-0.02940954946099729
0,30.438100000000002,1.346875,-0.02952664714862132
0,30.438100000000002,1.35,-0.029644658841839828
0,30.438100000000002,1.353125,-0.02976359550819558
0,30.438100000000002,1.35625,-0.02988346828889439
0,30.438100000000002,1.359375,-0.03000428850215739
0,30.438100000000002,1.3625,-0.030126067646648963
0,30.438100000000002,1.365625,-0.03024881740498223
0,30.438100000000002,1.36875,-0.030372549647304015
0,30.438100000000002,1.371875,-0.030497276434961675
0,30.438100000000002,1.375,-0.03062301002425329
0,30.438100000000002,1.378125,-0.030749762870264076
0,30.438100000000002,1.38125,-0.030877547630790862
0,30.438100000000002,1.384375,-0.031006377170356883
0,30.438100000000002,1.3875,-0.031136264564319692
0,30.438100000000002,1.390625,-0.03126722310307398
0,30.438100000000002,1.39375,-0.03139926629635252
0,30.438100000000002,1.396875,-0.031532407877627275
0,30.438100000000002,1.4,-0.03166666180861359
0,30.438100000000002,1.403125,-0.03180204228388028
0,30.438100000000002,1.40625,-0.03193856373556805
0,30.438100000000002,1.409375,-0.03207624083821977
0,30.438100000000002,1.4125,-0.032215088513725065
0,30.438100000000002,1.415625,-0.03235512193638247
0,30.438100000000002,1.41875,-0.03249635653808258
0,30.438100000000002,1.421875,-0.03263880801361494
0,30.438100000000002,1.425,-0.03278249232610268
0,30.438100000000002,1.428125,-0.03292742571256792
0,30.438100000000002,1.43125,-0.03307362468963152
0,30.438100000000002,1.434375,-0.03322110605935135
0,30.438100000000002,1.4375,-0.03336988691520219
0,30.438100000000002,1.440625,-0.03351998464820188
0,30.438100000000002,1.44375,-0.0336714169531871
0,30.438100000000002,1.446875,-0.033824201835243484
0,30.438100000000002,1.45,-0.033978357616294155
0,30.438100000000002,1.453125,-0.034133902941850994
0,30.438100000000002,1.45625,-0.03429085678793346
0,30.438100000000002,1.459375,-0.03444923846815938
0,30.438100000000002,1.4625,-0.034609067641012944
0,30.438100000000002,1.465625,-0.03477036431729458
0,30.438100000000002,1.46875,-0.034933148867757974
0,30.438100000000002,1.471875,-0.03509744203093975
0,30.438100000000002,1.475,-0.035263264921187004
0,30.438100000000002,1.478125,-0.035430639036888666
0,30.438100000000002,1.48125,-0.03559958626891639
0,30.438100000000002,1.484375,-0.03577012890928106
0,30.438100000000002,1.4875,-0.03594228966001102
0,30.438100000000002,1.490625,-0.03611609164225886
0,30.438100000000002,1.49375,-0.036291558405642924
0,30.438100000000002,1.496875,-0.036468713937830834
0,30.438100000000002,1.5,-0.03664758267437171
0,30.438100000000002,1.503125,-0.03682818950878477
0,30.438100000000002,1.50625,-0.03701055980291185
0,30.438100000000002,1.509375,-0.03719471939754114
0,30.438100000000002,1.5125000000000002,-0.03738069462331117
0,30.438100000000002,1.515625,-0.03756851231190224
0,30.438100000000002,1.51875,-0.03775819980752494
0,30.438100000000002,1.521875,-0.0379497849787139
0,30.438100000000002,1.525,-0.03814329623043639
0,30.438100000000002,1.5281250000000002,-0.038338762516525265
0,30.438100000000002,1.53125,-0.038536213352445545
0,30.438100000000002,1.534375,-0.03873567882840578
0,30.438100000000002,1.5375,-0.03893718962282358
0,30.438100000000002,1.540625,-0.03914077701615694
0,30.438100000000002,1.5437500000000002,-0.03934647290511233
0,30.438100000000002,1.546875,-0.03955430981724102
0,30.438100000000002,1.55,-0.03976432092593585
0,30.438100000000002,1.553125,-0.03997654006584066
0,30.438100000000002,1.55625,-0.04019100174868535
0,30.438100000000002,1.5593750000000002,-0.0404077411795599
0,30.438100000000002,1.5625,-0.04062679427364061
0,30.438100000000002,1.565625,-0.0408481976733837
0,30.438100000000002,1.56875,-0.04107198876619987
0,30.438100000000002,1.571875,-0.0412982057026258
0,30.438100000000002,1.5750000000000002,-0.041526887415008235
0,30.438100000000002,1.578125,-0.041758073636716325
0,30.438100000000002,1.58125,-0.04199180492190036
0,30.438100000000002,1.584375,-0.04222812266581284
0,30.438100000000002,1.5875,-0.04246706912571106
0,30.438100000000002,1.5906250000000002,-0.042708687442359776
0,30.438100000000002,1.59375,-0.04295302166215262
0,30.438100000000002,1.596875,-0.043200116759873515
0,30.438100000000002,1.6,-0.043450018662117756
0,30.438100000000002,1.603125,-0.04370277427139517
0,30.438100000000002,1.6062500000000002,-0.0439584314909372
0,30.438100000000002,1.609375,-0.04421703925023103
0,30.438100000000002,1.6125,-0.044478647531305274
0,30.438100000000002,1.615625,-0.044743307395791326
0,30.438100000000002,1.61875,-0.04501107101278653
0,30.438100000000002,1.6218750000000002,-0.045281991687546035
0,30.438100000000002,1.625,-0.045556123891030365
0,30.438100000000002,1.628125,-0.04583352329033828
0,30.438100000000002,1.63125,-0.046114246780053755
0,30.438100000000002,1.634375,-0.04639835251453857
0,30.438100000000002,1.6375000000000002,-0.046685899941202334
0,30.438100000000002,1.640625,-0.04697694983478271
0,30.438100000000002,1.64375,-0.04727156433267116
0,30.438100000000002,1.646875,-0.047569806971318726
0,30.438100000000002,1.65,-0.047871742723760005
0,30.438100000000002,1.6531250000000002,-0.04817743803829285
0,30.438100000000002,1.65625,-0.048486960878354274
0,30.438100000000002,1.659375,-0.04880038076363365
0,30.438100000000002,1.6625,-0.049117768812466184
0,30.438100000000002,1.665625,-0.04943919778555117
0,30.438100000000002,1.6687500000000002,-0.049764742131041644
0,30.438100000000002,1.671875,-0.05009447803105281
0,30.438100000000002,1.675,-0.0504284834496399
0,30.438100000000002,1.678125,-0.050766838182296575
0,30.438100000000002,1.68125,-0.051109623907028036
0,30.438100000000002,1.6843750000000002,-0.05145692423705464
0,30.438100000000002,1.6875,-0.05180882477520363
0,30.438100000000002,1.690625,-0.05216541317005005
0,30.438100000000002,1.69375,-0.052526779173868485
0,30.438100000000002,1.696875,-0.05289301470246125
0,30.438100000000002,1.7000000000000002,-0.05326421389693049
0,30.438100000000002,1.703125,-0.05364047318746397
0,30.438100000000002,1.70625,-0.05402189135920819
0,30.438100000000002,1.709375,-0.054408569620303965
0,30.438100000000002,1.7125,-0.05480061167216339
0,30.438100000000002,1.7156250000000002,-0.05519812378207058
0,30.438100000000002,1.71875,-0.0556012148581901
0,30.438100000000002,1.721875,-0.05600999652707303
0,30.438100000000002,1.725,-0.05642458321375128
0,30.438100000000002,1.728125,-0.05684509222451645
0,30.438100000000002,1.7312500000000002,-0.057271643832482566
0,30.438100000000002,1.734375,-0.05770436136603552
0,30.438100000000002,1.7375,-0.05814337130027749
0,30.438100000000002,1.740625,-0.058588803351577026
0,30.438100000000002,1.74375,-0.05904079057534182
0,30.438100000000002,1.7468750000000002,-0.0594994694671345
0,30.438100000000002,1.75,-0.059964980067256875
0,30.438100000000002,1.753125,-0.060437466068934076
0,30.438100000000002,1.75625,-0.060917074930233316
0,30.438100000000002,1.759375,-0.06140395798985928
0,30.438100000000002,1.7625000000000002,-0.06189827058697324
0,30.438100000000002,1.765625,-0.06240017218518763
0,30.438100000000002,1.76875,-0.06290982650089653
0,30.438100000000002,1.771875,-0.06342740163610588
0,30.438100000000002,1.775,-0.06395307021593626
0,30.438100000000002,1.7781250000000002,-0.06448700953097672
0,30.438100000000002,1.78125,-0.06502940168467508
0,30.438100000000002,1.784375,-0.0655804337459591
0,30.438100000000002,1.7875,-0.06614029790728806
0,30.438100000000002,1.790625,-0.066709191648345
0,30.438100000000002,1.7937500000000002,-0.06728731790558642
0,30.438100000000002,1.796875,-0.06787488524787466
0,30.438100000000002,1.8,-0.06847210805842954
0,30.438100000000002,1.803125,-0.06907920672334115
0,30.438100000000002,1.80625,-0.06969640782689891
0,30.438100000000002,1.8093750000000002,-0.07032394435400051
0,30.438100000000002,1.8125,-0.07096205589991292
0,30.438100000000002,1.815625,-0.07161098888767277
0,30.438100000000002,1.81875,-0.07227099679341847
0,30.438100000000002,1.821875,-0.07294234037996311
0,30.438100000000002,1.8250000000000002,-0.07362528793892585
0,30.438100000000002,1.828125,-0.07432011554175161
0,30.438100000000002,1.83125,-0.07502710729996412
0,30.438100000000002,1.834375,-0.07574655563500544
0,30.438100000000002,1.8375,-0.07647876155803299
0,30.438100000000002,1.8406250000000002,-0.07722403496005573
0,30.438100000000002,1.84375,-0.07798269491280502
0,30.438100000000002,1.846875,-0.07875506998075243
0,30.438100000000002,1.85,-0.07954149854469701
0,30.438100000000002,1.853125,-0.08034232913736311
0,30.438100000000002,1.8562500000000002,-0.08115792079146332
0,30.438100000000002,1.859375,-0.0819886434006947
0,30.438100000000002,1.8625,-0.0828348780941559
0,30.438100000000002,1.865625,-0.08369701762468326
0,30.438100000000002,1.86875,-0.08457546677162356
0,30.438100000000002,1.8718750000000002,-0.08547064275857542
0,30.438100000000002,1.875,-0.08638297568664478
0,30.438100000000002,1.878125,-0.08731290898378027
0,30.438100000000002,1.88125,-0.08826089987076269
0,30.438100000000002,1.884375,-0.08922741984444409
0,30.438100000000002,1.8875000000000002,-0.09021295517884186
0,30.438100000000002,1.890625,-0.09121800744470766
0,30.438100000000002,1.89375,-0.09224309404820644
0,30.438100000000002,1.896875,-0.09328874878934768
0,30.438100000000002,1.9,-0.09435552244082637
0,30.438100000000002,1.9031250000000002,-0.09544398334793747
0,30.438100000000002,1.90625,-0.09655471805023363
0,30.438100000000002,1.909375,-0.09768833192560672
0,30.438100000000002,1.9125,-0.09884544985746745
0,30.438100000000002,1.915625,-0.10002671692570607
0,30.438100000000002,1.9187500000000002,-0.10123279912210761
0,30.438100000000002,1.921875,-0.10246438409088844
0,30.438100000000002,1.925,-0.1037221818950135
0,30.438100000000002,1.928125,-0.10500692580892854
0,30.438100000000002,1.93125,-0.1063193731383266
0,30.438100000000002,1.9343750000000002,-0.10766030606753463
0,30.438100000000002,1.9375,-0.10903053253506693
0,30.438100000000002,1.940625,-0.11043088713785396
0,30.438100000000002,1.94375,-0.1118622320645891
0,30.438100000000002,1.946875,-0.11332545805857955
0,30.438100000000002,1.9500000000000002,-0.11482148541040257
0,30.438100000000002,1.953125,-0.11635126498057524
0,30.438100000000002,1.95625,-0.11791577925234385
0,30.438100000000002,1.959375,-0.11951604341456185
0,30.438100000000002,1.9625,-0.12115310647448924
0,30.438100000000002,1.9656250000000002,-0.12282805240017214
0,30.438100000000002,1.96875,-0.12454200129186574
0,30.438100000000002,1.971875,-0.1262961105817499
0,30.438100000000002,1.975,-0.1280915762609222
0,30.438100000000002,1.978125,-0.12992963413237565
0,30.438100000000002,1.9812500000000002,-0.13181156108833442
0,30.438100000000002,1.984375,-0.13373867640994946
0,30.438100000000002,1.9875,-0.1357123430869448
0,30.438100000000002,1.990625,-0.13773396915431768
0,30.438100000000002,1.99375,-0.1398050090426763
0,30.438100000000002,1.9968750000000002,-0.14192696493819065
0,30.438100000000002,2.0,-0.1441013881474567
0,30.438100000000002,2.003125,-0.1463298804618274
0,30.438100000000002,2.00625,-0.14861409551490462
0,30.438100000000002,2.0093750000000004,-0.1509557401259481
0,30.438100000000002,2.0125,-0.15335657562089933
0,30.438100000000002,2.015625,-0.1558184191215346
0,30.438100000000002,2.01875,-0.15834314479194891
0,30.438100000000002,2.021875,-0.1609326850301143
0,30.438100000000002,2.0250000000000004,-0.16358903159062663
0,30.438100000000002,2.028125,-0.16631423662296024
0,30.438100000000002,2.03125,-0.16911041360754833
0,30.438100000000002,2.034375,-0.17197973816979942
0,30.438100000000002,2.0375,-0.1749244487497261
0,30.438100000000002,2.0406250000000004,-0.17794684710216654
0,30.438100000000002,2.04375,-0.18104929859962213
0,30.438100000000002,2.046875,-0.18423423230647598
0,30.438100000000002,2.05,-0.18750414078978306
0,30.438100000000002,2.053125,-0.190861579627918
0,30.438100000000002,2.0562500000000004,-0.19430916657408653
0,30.438100000000002,2.059375,-0.1978495803270544
0,30.438100000000002,2.0625,-0.2014855588563801
0,30.438100000000002,2.065625,-0.20521989722394296
0,30.438100000000002,2.06875,-0.20905544483763366
0,30.438100000000002,2.0718750000000004,-0.2129951020666692
0,30.438100000000002,2.075,-0.2170418161411451
0,30.438100000000002,2.078125,-0.22119857625110106
0,30.438100000000002,2.08125,-0.22546840775258115
0,30.438100000000002,2.084375,-0.22985436537993878
0,30.438100000000002,2.0875000000000004,-0.2343595253549684
0,30.438100000000002,2.090625,-0.23898697627443025
0,30.438100000000002,2.09375,-0.24373980864819636
0,30.438100000000002,2.096875,-0.24862110295070516
0,30.438100000000002,2.1,-0.2536339160387925
0,30.438100000000002,2.1031250000000004,-0.2587812657793919
0,30.438100000000002,2.10625,-0.264066113721313
0,30.438100000000002,2.109375,-0.26949134563651256
0,30.438100000000002,2.1125,-0.27505974974830283
0,30.438100000000002,2.115625,-0.2807739924571588
0,30.438100000000002,2.1187500000000004,-0.2866365913696065
0,30.438100000000002,2.121875,-0.2926498854326527
0,30.438100000000002,2.125,-0.2988160019759292
0,30.438100000000002,2.128125,-0.3051368204669015
0,30.438100000000002,2.13125,-0.31161393279195837
0,30.438100000000002,2.1343750000000004,-0.3182485998888368
0,30.438100000000002,2.1375,-0.325041704574747
0,30.438100000000002,2.140625,-0.33199370044083676
0,30.438100000000002,2.14375,-0.33910455671856776
0,30.438100000000002,2.146875,-0.3463736990685318
0,30.438100000000002,2.1500000000000004,-0.3537999462985729
0,30.438100000000002,2.153125,-0.3613814430873438
0,30.438100000000002,2.15625,-0.3691155888729811
0,30.438100000000002,2.159375,-0.37699896316585313
0,30.438100000000002,2.1625,-0.3850272476605566
0,30.438100000000002,2.1656250000000004,-0.3931951456564043
0,30.438100000000002,2.16875,-0.4014962994482443
0,30.438100000000002,2.171875,-0.40992320652055125
0,30.438100000000002,2.175,-0.41846713556675696
0,30.438100000000002,2.178125,-0.4271180435612362
0,30.438100000000002,2.1812500000000004,-0.43586449533057686
0,30.438100000000002,2.184375,-0.4446935872999436
0,30.438100000000002,2.1875,-0.45359087732402803
0,30.438100000000002,2.190625,-0.4625403227432768
0,30.438100000000002,2.19375,-0.4715242290259479
0,30.438100000000002,2.1968750000000004,-0.4805232115542944
0,30.438100000000002,2.2,-0.4895161732763333
0,30.438100000000002,2.203125,-0.4984803010589411
0,30.438100000000002,2.20625,-0.5073910836279004
0,30.438100000000002,2.209375,-0.5162223539496664
0,30.438100000000002,2.2125000000000004,-0.5249463587814973
0,30.438100000000002,2.215625,-0.5335338578757421
0,30.438100000000002,2.21875,-0.5419542549569052
0,30.438100000000002,2.221875,-0.5501757620865675
0,30.438100000000002,2.225,-0.5581655983861463
0,30.438100000000002,2.2281250000000004,-0.565890223301901
0,30.438100000000002,2.23125,-0.5733156036795618
0,30.438100000000002,2.234375,-0.5804075128852269
0,30.438100000000002,2.2375,-0.5871318590921912
0,30.438100000000002,2.240625,-0.5934550386873246
0,30.438100000000002,2.2437500000000004,-0.5993443095816328
0,30.438100000000002,2.246875,-0.604768178091614
0,30.438100000000002,2.25,-0.6096967920498523
0,30.438100000000002,2.253125,-0.6141023319659026
0,30.438100000000002,2.25625,-0.6179593914508017
0,30.438100000000002,2.2593750000000004,-0.6212453377928745
0,30.438100000000002,2.2625,-0.623940643570529
0,30.438100000000002,2.265625,-0.6260291805358976
0,30.438100000000002,2.26875,-0.6274984677097035
0,30.438100000000002,2.271875,-0.6283398666801958
0,30.438100000000002,2.2750000000000004,-0.6285487184639003
0,30.438100000000002,2.278125,-0.6281244179097267
0,30.438100000000002,2.28125,-0.6270704234399083
0,30.438100000000002,2.284375,-0.6253942018377716
0,30.438100000000002,2.2875,-0.6231071097226741
0,30.438100000000002,2.2906250000000004,-0.6202242152048534
0,30.438100000000002,2.29375,-0.616764064901083
0,30.438100000000002,2.296875,-0.6127484029408149
0,30.438100000000002,2.3,-0.6082018497428484
0,30.438100000000002,2.303125,-0.603151549154783
0,30.438100000000002,2.3062500000000004,-0.5976267930029071
0,30.438100000000002,2.309375,-0.5916586322008819
0,30.438100000000002,2.3125,-0.5852794833329826
0,30.438100000000002,2.315625,-0.5785227390991879
0,30.438100000000002,2.31875,-0.5714223902347256
0,30.438100000000002,2.3218750000000004,-0.5640126655532371
0,30.438100000000002,2.325,-0.5563276956711783
0,30.438100000000002,2.328125,-0.5484012048114391
0,30.438100000000002,2.33125,-0.5402662339119978
0,30.438100000000002,2.334375,-0.5319548971294381
0,30.438100000000002,2.3375000000000004,-0.5234981727673347
0,30.438100000000002,2.340625,-0.514925728706164
0,30.438100000000002,2.34375,-0.5062657815852112
0,30.438100000000002,2.346875,-0.49754498829938715
0,30.438100000000002,2.35,-0.48878836782825774
0,30.438100000000002,2.3531250000000004,-0.4800192510075405
0,30.438100000000002,2.35625,-0.4712592555759456
0,30.438100000000002,2.359375,-0.46252828366999843
0,30.438100000000002,2.3625,-0.45384453888123094
0,30.438100000000002,2.365625,-0.445224560017585
0,30.438100000000002,2.3687500000000004,-0.43668326880760844
0,30.438100000000002,2.371875,-0.42823402893609314
0,30.438100000000002,2.375,-0.419888713988631
0,30.438100000000002,2.378125,-0.41165778209701653
0,30.438100000000002,2.38125,-0.4035503553062179
0,30.438100000000002,2.3843750000000004,-0.39557430191743487
0,30.438100000000002,2.3875,-0.38773632029289185
0,30.438100000000002,2.390625,-0.3800420228307039
0,30.438100000000002,2.39375,-0.37249601902803936
0,30.438100000000002,2.396875,-0.36510199674492394
0,30.438100000000002,2.4000000000000004,-0.3578628009576261
0,30.438100000000002,2.403125,-0.35078050944868533
0,30.438100000000002,2.40625,-0.34385650502023635
0,30.438100000000002,2.409375,-0.33709154393874863
0,30.438100000000002,2.4125,-0.3304858204235
0,30.438100000000002,2.4156250000000004,-0.324039027079253
0,30.438100000000002,2.41875,-0.31775041124695713
0,30.438100000000002,2.421875,-0.31161882730637486
0,30.438100000000002,2.425,-0.30564278501272973
0,30.438100000000002,2.428125,-0.29982049398724425
0,30.438100000000002,2.4312500000000004,-0.29414990451018913
0,30.438100000000002,2.434375,-0.28862874478602735
0,30.438100000000002,2.4375,-0.2832545548646545
0,30.438100000000002,2.440625,-0.2780247174116439
0,30.438100000000002,2.44375,-0.27293648552476013
0,30.438100000000002,2.4468750000000004,-0.2679870077946955
0,30.438100000000002,2.45,-0.2631733508056921
0,30.438100000000002,2.453125,-0.2584925192671349
0,30.438100000000002,2.45625,-0.2539414739608443
0,30.438100000000002,2.459375,-0.24951714768112798
0,30.438100000000002,2.4625000000000004,-0.24521645933608932
0,30.438100000000002,2.465625,-0.24103632636950528
0,30.438100000000002,2.46875,-0.23697367565309
0,30.438100000000002,2.471875,-0.23302545298933347
0,30.438100000000002,2.475,-0.2291886313555136
0,30.438100000000002,2.4781250000000004,-0.2254602180100893
0,30.438100000000002,2.48125,-0.22183726057354472
0,30.438100000000002,2.484375,-0.21831685218698968
0,30.438100000000002,2.4875,-0.2148961358434535
0,30.438100000000002,2.490625,-0.21157230797887056
0,30.438100000000002,2.4937500000000004,-0.2083426214022987
0,30.438100000000002,2.496875,-0.20520438763789933
0,30.438100000000002,2.5,-0.20215497874468508
0,30.438100000000002,2.503125,-0.19919182867396842
0,30.438100000000002,2.50625,-0.19631243421881706
0,30.438100000000002,2.5093750000000004,-0.1935143556046403
0,30.438100000000002,2.5125,-0.19079521676524452
0,30.438100000000002,2.515625,-0.18815270534431733
0,30.438100000000002,2.51875,-0.18558457245828117
0,30.438100000000002,2.521875,-0.18308863225278185
0,30.438100000000002,2.5250000000000004,-0.18066276128173667
0,30.438100000000002,2.528125,-0.17830489773481117
0,30.438100000000002,2.53125,-0.17601304053643116
0,30.438100000000002,2.534375,-0.17378524833692433
0,30.438100000000002,2.5375,-0.17161963841410474
0,30.438100000000002,2.5406250000000004,-0.16951438550156417
0,30.438100000000002,2.54375,-0.167467720558069
0,30.438100000000002,2.546875,-0.16547792949079176
0,30.438100000000002,2.55,-0.16354335184359756
0,30.438100000000002,2.553125,-0.1616623794602433
0,30.438100000000002,2.5562500000000004,-0.15983345513113761
0,30.438100000000002,2.559375,-0.1580550712312084
0,30.438100000000002,2.5625,-0.1563257683554516
0,30.438100000000002,2.565625,-0.15464413395785898
0,30.438100000000002,2.56875,-0.15300880099863595
0,30.438100000000002,2.5718750000000004,-0.15141844660392875
0,30.438100000000002,2.575,-0.14987179074165244
0,30.438100000000002,2.578125,-0.14836759491646462
0,30.438100000000002,2.58125,-0.14690466088643528
0,30.438100000000002,2.584375,-0.1454818294035281
0,30.438100000000002,2.5875000000000004,-0.1440979789796261
0,30.438100000000002,2.590625,-0.14275202467949044
0,30.438100000000002,2.59375,-0.14144291694174616
0,30.438100000000002,2.596875,-0.14016964042872318
0,30.438100000000002,2.6,-0.13893121290574895
0,30.438100000000002,2.6031250000000004,-0.13772668415028994
0,30.438100000000002,2.60625,-0.13655513489115978
0,30.438100000000002,2.609375,-0.13541567577786257
0,30.438100000000002,2.6125,-0.13430744638000575
0,30.438100000000002,2.615625,-0.13322961421660323
0,30.438100000000002,2.6187500000000004,-0.13218137381499248
0,30.438100000000002,2.621875,-0.13116194579900597
0,30.438100000000002,2.625,-0.13017057600596776
0,30.438100000000002,2.628125,-0.12920653463202816
0,30.438100000000002,2.63125,-0.12826911540529837
0,30.438100000000002,2.6343750000000004,-0.12735763478621123
0,30.438100000000002,2.6375,-0.12647143119449847
0,30.438100000000002,2.640625,-0.12560986426215295
0,30.438100000000002,2.64375,-0.12477231411172564
0,30.438100000000002,2.646875,-0.12395818065929125
0,30.438100000000002,2.6500000000000004,-0.12316688294141083
0,30.438100000000002,2.653125,-0.12239785846541174
0,30.438100000000002,2.65625,-0.12165056258230697
0,30.438100000000002,2.659375,-0.12092446788167655
0,30.438100000000002,2.6625,-0.12021906360783693
0,30.438100000000002,2.6656250000000004,-0.11953385509663325
0,30.438100000000002,2.66875,-0.11886836323219535
0,30.438100000000002,2.671875,-0.11822212392301001
0,30.438100000000002,2.675,-0.11759468759667385
0,30.438100000000002,2.678125,-0.11698561871270151
0,30.438100000000002,2.6812500000000004,-0.11639449529277966
0,30.438100000000002,2.684375,-0.11582090846786906
0,30.438100000000002,2.6875,-0.11526446204157345
0,30.438100000000002,2.690625,-0.11472477206920878
0,30.438100000000002,2.69375,-0.11420146645201991
0,30.438100000000002,2.6968750000000004,-0.1136941845460098
0,30.438100000000002,2.7,-0.11320257678486
0,30.438100000000002,2.703125,-0.11272630431643724
0,30.438100000000002,2.70625,-0.11226503865239795
0,30.438100000000002,2.709375,-0.11181846133041523
0,30.438100000000002,2.7125000000000004,-0.11138626358857057
0,30.438100000000002,2.715625,-0.11096814605146607
0,30.438100000000002,2.71875,-0.11056381842762861
0,30.438100000000002,2.721875,-0.11017299921779179
0,30.438100000000002,2.725,-0.10979541543365492
0,30.438100000000002,2.7281250000000004,-0.10943080232673386
0,30.438100000000002,2.73125,-0.10907890312693028
0,30.438100000000002,2.734375,-0.1087394687904604
0,30.438100000000002,2.7375,-0.1084122577567973
0,30.438100000000002,2.740625,-0.10809703571429169
0,30.438100000000002,2.7437500000000004,-0.1077935753741511
0,30.438100000000002,2.746875,-0.1075016562524662
0,30.438100000000002,2.75,-0.10722106445998669
0,30.438100000000002,2.753125,-0.10695159249935911
0,30.438100000000002,2.75625,-0.10669303906955029
0,30.438100000000002,2.7593750000000004,-0.10644520887718993
0,30.438100000000002,2.7625,-0.10620791245457657
0,30.438100000000002,2.765625,-0.10598096598409978
0,30.438100000000002,2.76875,-0.10576419112884256
0,30.438100000000002,2.771875,-0.10555741486913493
0,30.438100000000002,2.7750000000000004,-0.10536046934483986
0,30.438100000000002,2.778125,-0.1051731917031605
0,30.438100000000002,2.78125,-0.10499542395176548
0,30.438100000000002,2.784375,-0.10482701281703813
0,30.438100000000002,2.7875,-0.1046678096072609
0,30.438100000000002,2.7906250000000004,-0.10451767008055576
0,30.438100000000002,2.79375,-0.10437645431740589
0,30.438100000000002,2.796875,-0.10424402659759374
0,30.438100000000002,2.8,-0.10412025528139318
0,30.438100000000002,2.803125,-0.10400501269486362
0,30.438100000000002,2.8062500000000004,-0.10389817501909673
0,30.438100000000002,2.809375,-0.10379962218327371
0,30.438100000000002,2.8125,-0.10370923776139637
0,30.438100000000002,2.815625,-0.10362690887256074
0,30.438100000000002,2.81875,-0.10355252608464613
0,30.438100000000002,2.8218750000000004,-0.10348598332129834
0,30.438100000000002,2.825,-0.10342717777209053
0,30.438100000000002,2.828125,-0.10337600980574839
0,30.438100000000002,2.83125,-0.10333238288633288
0,30.438100000000002,2.834375,-0.10329620349227579
0,30.438100000000002,2.8375000000000004,-0.10326738103816809
0,30.438100000000002,2.840625,-0.10324582779920641
0,30.438100000000002,2.84375,-0.10323145883820337
0,30.438100000000002,2.846875,-0.10322419193507501
0,30.438100000000002,2.85,-0.10322394751871844
0,30.438100000000002,2.8531250000000004,-0.10323064860119853
0,30.438100000000002,2.85625,-0.10324422071416467
0,30.438100000000002,2.859375,-0.10326459184742105
0,30.438100000000002,2.8625,-0.10329169238957818
0,30.438100000000002,2.865625,-0.10332545507071571
0,30.438100000000002,2.8687500000000004,-0.10336581490698794
0,30.438100000000002,2.871875,-0.10341270914710818
0,30.438100000000002,2.875,-0.10346607722064916
0,30.438100000000002,2.878125,-0.10352586068809902
0,30.438100000000002,2.88125,-0.1035920031926161
0,30.438100000000002,2.8843750000000004,-0.10366445041342592
0,30.438100000000002,2.8875,-0.10374315002080753
0,30.438100000000002,2.890625,-0.10382805163261764
0,30.438100000000002,2.89375,-0.10391910677230308
0,30.438100000000002,2.896875,-0.10401626882835394
0,30.438100000000002,2.9000000000000004,-0.10411949301515158
0,30.438100000000002,2.903125,-0.10422873633516803
0,30.438100000000002,2.90625,-0.10434395754247314
0,30.438100000000002,2.909375,-0.10446511710751041
0,30.438100000000002,2.9125,-0.10459217718310046
0,30.438100000000002,2.9156250000000004,-0.10472510157163614
0,30.438100000000002,2.91875,-0.10486385569343183
0,30.438100000000002,2.921875,-0.10500840655619187
0,30.438100000000002,2.925,-0.105158722725566
0,30.438100000000002,2.928125,-0.10531477429675763
0,30.438100000000002,2.9312500000000004,-0.1054765328671549
0,30.438100000000002,2.934375,-0.10564397150995447
0,30.438100000000002,2.9375,-0.1058170647487491
0,30.438100000000002,2.940625,-0.10599578853305158
0,30.438100000000002,2.94375,-0.1061801202147278
0,30.438100000000002,2.9468750000000004,-0.10637003852531413
0,30.438100000000002,2.95,-0.1065655235541937
0,30.438100000000002,2.953125,-0.10676655672760912
0,30.438100000000002,2.95625,-0.10697312078848663
0,30.438100000000002,2.959375,-0.10718519977705263
0,30.438100000000002,2.9625000000000004,-0.10740277901221895
0,30.438100000000002,2.965625,-0.10762584507371849
0,30.438100000000002,2.96875,-0.1078543857849706
0,30.438100000000002,2.971875,-0.10808839019665795
0,30.438100000000002,2.975,-0.10832784857099731
0,30.438100000000002,2.9781250000000004,-0.10857275236668606
0,30.438100000000002,2.98125,-0.10882309422450877
0,30.438100000000002,2.984375,-0.10907886795358754
0,30.438100000000002,2.9875,-0.10934006851826078
0,30.438100000000002,2.990625,-0.10960669202557566
0,30.438100000000002,2.9937500000000004,-0.10987873571338108
0,30.438100000000002,2.996875,-0.11015619793900597
0,30.438100000000002,3.0,-0.11043907816851209
0,30.438100000000002,3.0031250000000003,-0.11072737696650739
0,30.438100000000002,3.00625,-0.11102109598650799
0,30.438100000000002,3.009375,-0.1113202379618394
0,30.438100000000002,3.0125,-0.11162480669706354
0,30.438100000000002,3.015625,-0.1119348070599225
0,30.438100000000002,3.0187500000000003,-0.1122502449737903
0,30.438100000000002,3.021875,-0.1125711274106197
0,30.438100000000002,3.025,-0.11289746238437909
0,30.438100000000002,3.028125,-0.11322925894496841
0,30.438100000000002,3.03125,-0.1135665271726056
0,30.438100000000002,3.0343750000000003,-0.11390927817267768
0,30.438100000000002,3.0375,-0.1142575240710478
0,30.438100000000002,3.040625,-0.11461127800981082
0,30.438100000000002,3.04375,-0.11497055414349142
0,30.438100000000002,3.046875,-0.11533536763567909
0,30.438100000000002,3.0500000000000003,-0.11570573465609209
0,30.438100000000002,3.053125,-0.11608167237806655
0,30.438100000000002,3.05625,-0.11646319897646455
0,30.438100000000002,3.059375,-0.11685033362599653
0,30.438100000000002,3.0625,-0.11724309649995253
0,30.438100000000002,3.0656250000000003,-0.11764150876933957
0,30.438100000000002,3.06875,-0.11804559260241906
0,30.438100000000002,3.071875,-0.11845537116464223
0,30.438100000000002,3.075,-0.11887086861897905
0,30.438100000000002,3.078125,-0.11929211012663743
0,30.438100000000002,3.0812500000000003,-0.11971912184817096
0,30.438100000000002,3.084375,-0.12015193094497037
0,30.438100000000002,3.0875,-0.12059056558113898
0,30.438100000000002,3.090625,-0.12103505492574762
0,30.438100000000002,3.09375,-0.12148542915546842
0,30.438100000000002,3.0968750000000003,-0.12194171945758599
0,30.438100000000002,3.1,-0.12240395803338379
0,30.438100000000002,3.103125,-0.1228721781019049
0,30.438100000000002,3.10625,-0.12334641390408743
0,30.438100000000002,3.109375,-0.12382670070727124
0,30.438100000000002,3.1125000000000003,-0.12431307481007894
0,30.438100000000002,3.115625,-0.1248055735476681
0,30.438100000000002,3.11875,-0.12530423529735693
0,30.438100000000002,3.121875,-0.12580909948462177
0,30.438100000000002,3.125,-0.12632020658946896
0,30.438100000000002,3.1281250000000003,-0.12683759815318005
0,30.438100000000002,3.13125,-0.12736131678543175
0,30.438100000000002,3.134375,-0.12789140617179384
0,30.438100000000002,3.1375,-0.1284279110816029
0,30.438100000000002,3.140625,-0.12897087737621596
0,30.438100000000002,3.1437500000000003,-0.12952035201764642
0,30.438100000000002,3.146875,-0.1300763830775813
0,30.438100000000002,3.15,-0.13063901974678635
0,30.438100000000002,3.153125,-0.13120831234489777
0,30.438100000000002,3.15625,-0.13178431233060509
0,30.438100000000002,3.1593750000000003,-0.13236707231222908
0,30.438100000000002,3.1625,-0.132956646058695
0,30.438100000000002,3.165625,-0.13355308851090839
0,30.438100000000002,3.16875,-0.13415645579353358
0,30.438100000000002,3.171875,-0.13476680522718085
0,30.438100000000002,3.1750000000000003,-0.13538419534100601
0,30.438100000000002,3.178125,-0.13600868588572632
0,30.438100000000002,3.18125,-0.13664033784705776
0,30.438100000000002,3.184375,-0.1372792134595779
0,30.438100000000002,3.1875,-0.13792537622101972
0,30.438100000000002,3.1906250000000003,-0.13857889090700296
0,30.438100000000002,3.19375,-0.13923982358620485
0,30.438100000000002,3.196875,-0.1399082416359808
0,30.438100000000002,3.2,-0.14058421375843758
0,30.438100000000002,3.203125,-0.14126780999696578
0,30.438100000000002,3.2062500000000003,-0.14195910175324
0,30.438100000000002,3.209375,-0.14265816180469063
0,30.438100000000002,3.2125,-0.143365064322457
0,30.438100000000002,3.215625,-0.14407988488982737
0,30.438100000000002,3.21875,-0.1448027005211738
0,30.438100000000002,3.2218750000000003,-0.1455335896813903
0,30.438100000000002,3.225,-0.14627263230584117
0,30.438100000000002,3.228125,-0.14701990982082955
0,30.438100000000002,3.23125,-0.1477755051645938
0,30.438100000000002,3.234375,-0.14853950280883974
0,30.438100000000002,3.2375000000000003,-0.14931198878082108
0,30.438100000000002,3.240625,-0.1500930506859738
0,30.438100000000002,3.24375,-0.15088277773111772
0,30.438100000000002,3.246875,-0.1516812607482338
0,30.438100000000002,3.25,-0.15248859221882596
0,30.438100000000002,3.2531250000000003,-0.15330486629888423
0,30.438100000000002,3.25625,-0.15413017884445224
0,30.438100000000002,3.259375,-0.15496462743781741
0,30.438100000000002,3.2625,-0.15580831141433332
0,30.438100000000002,3.265625,-0.15666133188988365
0,30.438100000000002,3.2687500000000003,-0.15752379178900772
0,30.438100000000002,3.271875,-0.1583957958736906
0,30.438100000000002,3.275,-0.15927745077284142
0,30.438100000000002,3.278125,-0.16016886501246655
0,30.438100000000002,3.28125,-0.1610701490465534
0,30.438100000000002,3.2843750000000003,-0.16198141528868368
0,30.438100000000002,3.2875,-0.16290277814438395
0,30.438100000000002,3.290625,-0.16383435404423624
0,30.438100000000002,3.29375,-0.16477626147775942
0,30.438100000000002,3.296875,-0.16572862102808042
0,30.438100000000002,3.3000000000000003,-0.16669155540741212
0,30.438100000000002,3.303125,-0.16766518949335357
0,30.438100000000002,3.30625,-0.16864965036603385
0,30.438100000000002,3.309375,-0.16964506734611415
0,30.438100000000002,3.3125,-0.17065157203366907
0,30.438100000000002,3.3156250000000003,-0.1716692983479683
0,30.438100000000002,3.31875,-0.1726983825681745
0,30.438100000000002,3.321875,-0.17373896337498343
0,30.438100000000002,3.325,-0.17479118189322299
0,30.438100000000002,3.328125,-0.17585518173543524
0,30.438100000000002,3.3312500000000003,-0.17693110904646586
0,30.438100000000002,3.334375,-0.17801911254907907
0,30.438100000000002,3.3375,-0.1791193435906287
0,30.438100000000002,3.340625,-0.18023195619080418
0,30.438100000000002,3.34375,-0.18135710709048003
0,30.438100000000002,3.3468750000000003,-0.18249495580169536
0,30.438100000000002,3.35,-0.1836456646587871
0,30.438100000000002,3.353125,-0.18480939887070905
0,30.438100000000002,3.35625,-0.18598632657456196
0,30.438100000000002,3.359375,-0.1871766188903647
0,30.438100000000002,3.3625000000000003,-0.1883804499770996
0,30.438100000000002,3.365625,-0.1895979970900576
0,30.438100000000002,3.36875,-0.1908294406395222
0,30.438100000000002,3.371875,-0.1920749642508203
0,30.438100000000002,3.375,-0.19333475482577428
0,30.438100000000002,3.3781250000000003,-0.19460900260559585
0,30.438100000000002,3.38125,-0.19589790123525053
0,30.438100000000002,3.384375,-0.19720164782933514
0,30.438100000000002,3.3875,-0.1985204430395078
0,30.438100000000002,3.390625,-0.1998544911235027
0,30.438100000000002,3.3937500000000003,-0.2012040000157838
0,30.438100000000002,3.396875,-0.20256918139986396
0,30.438100000000002,3.4000000000000004,-0.2039502507823488
0,30.438100000000002,3.403125,-0.20534742756873783
0,30.438100000000002,3.40625,-0.2067609351410376
0,30.438100000000002,3.4093750000000003,-0.20819100093723136
0,30.438100000000002,3.4125,-0.2096378565326547
0,30.438100000000002,3.4156250000000004,-0.21110173772333157
0,30.438100000000002,3.41875,-0.21258288461131855
0,30.438100000000002,3.421875,-0.2140815416921174
0,30.438100000000002,3.4250000000000003,-0.2155979579442096
0,30.438100000000002,3.428125,-0.21713238692076964
0,30.438100000000002,3.4312500000000004,-0.21868508684362342
0,30.438100000000002,3.434375,-0.22025632069950546
0,30.438100000000002,3.4375,-0.22184635633868915
0,30.438100000000002,3.4406250000000003,-0.2234554665760489
0,30.438100000000002,3.44375,-0.22508392929462603
0,30.438100000000002,3.4468750000000004,-0.22673202755177319
0,30.438100000000002,3.45,-0.22840004968794403
0,30.438100000000002,3.453125,-0.2300882894382124
0,30.438100000000002,3.4562500000000003,-0.23179704604659473
0,30.438100000000002,3.459375,-0.23352662438325766
0,30.438100000000002,3.4625000000000004,-0.23527733506470314
0,30.438100000000002,3.465625,-0.23704949457700622
0,30.438100000000002,3.46875,-0.2388434254022093
0,30.438100000000002,3.4718750000000003,-0.24065945614795992
0,30.438100000000002,3.475,-0.2424979216804884
0,30.438100000000002,3.4781250000000004,-0.2443591632610359
0,30.438100000000002,3.48125,-0.24624352868582583
0,30.438100000000002,3.484375,-0.24815137242969748
0,30.438100000000002,3.4875000000000003,-0.2500830557935086
0,30.438100000000002,3.490625,-0.2520389470554264
0,30.438100000000002,3.4937500000000004,-0.2540194216262297
0,30.438100000000002,3.496875,-0.2560248622087429
0,30.438100000000002,3.5,-0.25805565896154076
0,30.438100000000002,3.5031250000000003,-0.2601122096670517
0,30.438100000000002,3.50625,-0.26219491990420274
0,30.438100000000002,3.5093750000000004,-0.2643042032257568
0,30.438100000000002,3.5125,-0.2664404813404841
0,30.438100000000002,3.515625,-0.26860418430033656
0,30.438100000000002,3.5187500000000003,-0.2707957506927777
0,30.438100000000002,3.521875,-0.27301562783844435
0,30.438100000000002,3.5250000000000004,-0.27526427199431514
0,30.438100000000002,3.528125,-0.277542148562563
0,30.438100000000002,3.53125,-0.27984973230529236
0,30.438100000000002,3.5343750000000003,-0.28218750756534433
0,30.438100000000002,3.5375,-0.2845559684933845
0,30.438100000000002,3.5406250000000004,-0.2869556192814835
0,30.438100000000002,3.54375,-0.2893869744034051
0,30.438100000000002,3.546875,-0.29185055886184014
0,30.438100000000002,3.5500000000000003,-0.2943469084428146
0,30.438100000000002,3.553125,-0.29687656997752343
0,30.438100000000002,3.5562500000000004,-0.29944010161184687
0,30.438100000000002,3.559375,-0.30203807308381014
0,30.438100000000002,3.5625,-0.30467106600926724
0,30.438100000000002,3.5656250000000003,-0.30733967417609437
0,30.438100000000002,3.56875,-0.3100445038471816
0,30.438100000000002,3.5718750000000004,-0.3127861740725465
0,30.438100000000002,3.575,-0.3155653170108714
0,30.438100000000002,3.578125,-0.31838257826081107
0,30.438100000000002,3.5812500000000003,-0.3212386172024001
0,30.438100000000002,3.584375,-0.32413410734892634
0,30.438100000000002,3.5875000000000004,-0.32706973670963513
0,30.438100000000002,3.590625,-0.3300462081636417
0,30.438100000000002,3.59375,-0.33306423984545575
0,30.438100000000002,3.5968750000000003,-0.3361245655425211
0,30.438100000000002,3.6,-0.33922793510518984
0,30.438100000000002,3.6031250000000004,-0.3423751148695848
0,30.438100000000002,3.60625,-0.34556688809377767
0,30.438100000000002,3.609375,-0.3488040554077779
0,30.438100000000002,3.6125000000000003,-0.35208743527779257
0,30.438100000000002,3.615625,-0.3554178644852661
0,30.438100000000002,3.6187500000000004,-0.35879619862121626
0,30.438100000000002,3.621875,-0.3622233125963868
0,30.438100000000002,3.625,-0.36570010116777213
0,30.438100000000002,3.6281250000000003,-0.36922747948207035
0,30.438100000000002,3.63125,-0.37280638363664326
0,30.438100000000002,3.6343750000000004,-0.3764377712585826
0,30.438100000000002,3.6375,-0.38012262210248465
0,30.438100000000002,3.640625,-0.3838619386675706
0,30.438100000000002,3.6437500000000003,-0.38765674683478296
0,30.438100000000002,3.646875,-0.3915080965245245
0,30.438100000000002,3.6500000000000004,-0.3954170623757156
0,30.438100000000002,3.653125,-0.39938474444684324
0,30.438100000000002,3.65625,-0.40341226893972765
0,30.438100000000002,3.6593750000000003,-0.40750078894670305
0,30.438100000000002,3.6625,-0.41165148522195166
0,30.438100000000002,3.6656250000000004,-0.4158655669777386
0,30.438100000000002,3.66875,-0.42014427270629273
0,30.438100000000002,3.671875,-0.4244888710281085
0,30.438100000000002,3.6750000000000003,-0.42890066156744033
0,30.438100000000002,3.678125,-0.43338097585577356
0,30.438100000000002,3.6812500000000004,-0.4379311782640754
0,30.438100000000002,3.684375,-0.442552666964608
0,30.438100000000002,3.6875,-0.44724687492313264
0,30.438100000000002,3.6906250000000003,-0.45201527092229005
0,30.438100000000002,3.69375,-0.45685936061698706
0,30.438100000000002,3.6968750000000004,-0.46178068762260105
0,30.438100000000002,3.7,-0.4667808346368014
0,30.438100000000002,3.703125,-0.4718614245958234
0,30.438100000000002,3.7062500000000003,-0.47702412186598214
0,30.438100000000002,3.709375,-0.48227063347123816
0,30.438100000000002,3.7125000000000004,-0.48760271035762576
0,30.438100000000002,3.715625,-0.49302214869530836
0,30.438100000000002,3.71875,-0.4985307912190777
0,30.438100000000002,3.7218750000000003,-0.5041305286080449
0,30.438100000000002,3.725,-0.5098233009053003
0,30.438100000000002,3.7281250000000004,-0.5156110989783091
0,30.438100000000002,3.73125,-0.5214959660207645
0,30.438100000000002,3.734375,-0.5274799990966674
0,30.438100000000002,3.7375000000000003,-0.5335653507273375
0,30.438100000000002,3.740625,-0.5397542305220945
0,30.438100000000002,3.7437500000000004,-0.5460489068533361
0,30.438100000000002,3.746875,-0.5524517085767086
0,30.438100000000002,3.75,-0.5589650267971237
0,30.438100000000002,3.7531250000000003,-0.5655913166813241
0,30.438100000000002,3.75625,-0.5723330993177467
0,30.438100000000002,3.7593750000000004,-0.5791929636244494
0,30.438100000000002,3.7625,-0.5861735683058552
0,30.438100000000002,3.765625,-0.593277643859148
0,30.438100000000002,3.7687500000000003,-0.6005079946311394
0,30.438100000000002,3.771875,-0.6078675009264931
0,30.438100000000002,3.7750000000000004,-0.6153591211682603
0,30.438100000000002,3.778125,-0.6229858941116643
0,30.438100000000002,3.78125,-0.630750941112224
0,30.438100000000002,3.7843750000000003,-0.6386574684492794
0,30.438100000000002,3.7875,-0.6467087697060843
0,30.438100000000002,3.7906250000000004,-0.6549082282076991
0,30.438100000000002,3.79375,-0.6632593195178939
0,30.438100000000002,3.796875,-0.6717656139963963
0,30.438100000000002,3.8000000000000003,-0.6804307794177246
0,30.438100000000002,3.803125,-0.6892585836528885
0,30.438100000000002,3.8062500000000004,-0.6982528974151426
0,30.438100000000002,3.809375,-0.7074176970708135
0,30.438100000000002,3.8125,-0.7167570675160788
0,30.438100000000002,3.8156250000000003,-0.7262752051201888
0,30.438100000000002,3.81875,-0.7359764207352646
0,30.438100000000002,3.8218750000000004,-0.7458651427722215
0,30.438100000000002,3.825,-0.7559459203415919
0,30.438100000000002,3.828125,-0.7662234264571581
0,30.438100000000002,3.8312500000000003,-0.7767024612990502
0,30.438100000000002,3.834375,-0.7873879555315546
0,30.438100000000002,3.8375000000000004,-0.7982849736691322
0,30.438100000000002,3.840625,-0.8093987174819415
0,30.438100000000002,3.84375,-0.8207345294297371
0,30.438100000000002,3.8468750000000003,-0.8322978961099574
0,30.438100000000002,3.85,-0.844094451702385
0,30.438100000000002,3.8531250000000004,-0.8561299813887839
0,30.438100000000002,3.85625,-0.8684104247212705
0,30.438100000000002,3.859375,-0.8809418789080704
0,30.438100000000002,3.8625000000000003,-0.8937306019793788
0,30.438100000000002,3.865625,-0.9067830157895793
0,30.438100000000002,3.8687500000000004,-0.920105708804853
0,30.438100000000002,3.871875,-0.9337054386172194
0,30.438100000000002,3.875,-0.9475891341175195
0,30.438100000000002,3.8781250000000003,-0.9617638972504075
0,30.438100000000002,3.88125,-0.9762370042644598
0,30.438100000000002,3.8843750000000004,-0.9910159063598563
0,30.438100000000002,3.8875,-1.0061082296247381
0,30.438100000000002,3.890625,-1.0215217741396412
0,30.438100000000002,3.8937500000000003,-1.0372645121169575
0,30.438100000000002,3.896875,-1.0533445849297298
0,30.438100000000002,3.9000000000000004,-1.069770298870955
0,30.438100000000002,3.903125,-1.0865501194711782
0,30.438100000000002,3.90625,-1.1036926641886422
0,30.438100000000002,3.9093750000000003,-1.121206693272492
0,30.438100000000002,3.9125,-1.1391010985858423
0,30.438100000000002,3.9156250000000004,-1.1573848901617676
0,30.438100000000002,3.91875,-1.176067180251567
0,30.438100000000002,3.921875,-1.195157164611246
0,30.438100000000002,3.9250000000000003,-1.2146641007587233
0,30.438100000000002,3.928125,-1.234597282921343
0,30.438100000000002,3.9312500000000004,-1.2549660133805505
0,30.438100000000002,3.934375,-1.2757795699083336
0,30.438100000000002,3.9375,-1.2970471689784888
0,30.438100000000002,3.9406250000000003,-1.318777924424795
0,30.438100000000002,3.94375,-1.3409808012083406
0,30.438100000000002,3.9468750000000004,-1.363664563947673
0,30.438100000000002,3.95,-1.3868377198583821
0,30.438100000000002,3.953125,-1.4105084557440613
0,30.438100000000002,3.9562500000000003,-1.4346845686783332
0,30.438100000000002,3.959375,-1.4593733900190526
0,30.438100000000002,3.9625000000000004,-1.4845817024013945
0,30.438100000000002,3.965625,-1.5103156493672791
0,30.438100000000002,3.96875,-1.5365806373059732
0,30.438100000000002,3.9718750000000003,-1.563381229405501
0,30.438100000000002,3.975,-1.5907210313485818
0,30.438100000000002,3.9781250000000004,-1.6186025685315748
0,30.438100000000002,3.98125,-1.6470271546418789
0,30.438100000000002,3.984375,-1.675994751500674
0,30.438100000000002,3.9875000000000003,-1.7055038201650723
0,30.438100000000002,3.990625,-1.7355511633890648
0,30.438100000000002,3.9937500000000004,-1.7661317596677548
0,30.438100000000002,3.996875,-1.7972385892358664
0,30.438100000000002,4.0,-1.8288624525615627
0,30.438100000000002,4.003125000000001,-1.860991782070895
0,30.438100000000002,4.00625,-1.893612448058249
0,30.438100000000002,4.009375,-1.9267075599845986
0,30.438100000000002,4.0125,-1.960257264637108
0,30.438100000000002,4.015625,-1.9942385429221563
0,30.438100000000002,4.018750000000001,-2.0286250073844325
0,30.438100000000002,4.021875,-2.0633867028877204
0,30.438100000000002,4.025,-2.0984899132526196
0,30.438100000000002,4.028125,-2.133896977017496
0,30.438100000000002,4.03125,-2.1695661158665254
0,30.438100000000002,4.034375000000001,-2.2054512796412045
0,30.438100000000002,4.0375,-2.2415020122120692
0,30.438100000000002,4.040625,-2.2776633428211572
0,30.438100000000002,4.04375,-2.313875707799198
0,30.438100000000002,4.046875,-2.350074907799748
0,30.438100000000002,4.050000000000001,-2.3861921058547817
0,30.438100000000002,4.053125,-2.4221538716256044
0,30.438100000000002,4.05625,-2.45788227717682
0,30.438100000000002,4.059375,-2.4932950494175183
0,30.438100000000002,4.0625,-2.5283057840137366
0,30.438100000000002,4.065625000000001,-2.562824225056244
0,30.438100000000002,4.06875,-2.596756614053689
0,30.438100000000002,4.071875,-2.630006110898023
0,30.438100000000002,4.075,-2.6624732883099553
0,30.438100000000002,4.078125,-2.6940566999196225
0,30.438100000000002,4.081250000000001,-2.72465352057897
0,30.438100000000002,4.084375,-2.754160255762391
0,30.438100000000002,4.0875,-2.782473515022924
0,30.438100000000002,4.090625,-2.8094908424797094
0,30.438100000000002,4.09375,-2.835111595279978
0,30.438100000000002,4.096875000000001,-2.8592378589734015
0,30.438100000000002,4.1,-2.88177538684192
0,30.438100000000002,4.103125,-2.9026345485283227
0,30.438100000000002,4.10625,-2.921731271890688
0,30.438100000000002,4.109375,-2.9389879609637557
0,30.438100000000002,4.112500000000001,-2.954334372306822
0,30.438100000000002,4.115625,-2.9677084319260376
0,30.438100000000002,4.11875,-2.979056975418943
0,30.438100000000002,4.121875,-2.9883363950215456
0,30.438100000000002,4.125,-2.9955131788374074
0,30.438100000000002,4.128125000000001,-3.000564329658561
0,30.438100000000002,4.13125,-3.0034776533891354
0,30.438100000000002,4.134375,-3.0042519100658334
0,30.438100000000002,4.1375,-3.00289682372703
0,30.438100000000002,4.140625,-2.9994329507901476
0,30.438100000000002,4.143750000000001,-2.9938914100220346
0,30.438100000000002,4.146875,-2.9863134804962543
0,30.438100000000002,4.15,-2.9767500769965323
0,30.438100000000002,4.153125,-2.965261115034515
0,30.438100000000002,4.15625,-2.951914779907562
0,30.438100000000002,4.159375000000001,-2.936786715960156
0,30.438100000000002,4.1625,-2.9199591533872247
0,30.438100000000002,4.165625,-2.901519990515214
0,30.438100000000002,4.16875,-2.8815618495298203
0,30.438100000000002,4.171875,-2.8601811231238345
0,30.438100000000002,4.175000000000001,-2.8374770285735864
0,30.438100000000002,4.178125,-2.81355068438951
0,30.438100000000002,4.18125,-2.7885042230101273
0,30.438100000000002,4.184375,-2.7624399511077846
0,30.438100000000002,4.1875,-2.735459567036451
0,30.438100000000002,4.190625000000001,-2.7076634428628887
0,30.438100000000002,4.19375,-2.6791499763570967
0,30.438100000000002,4.196875,-2.6500150163426657
0,30.438100000000002,4.2,-2.6203513629765367
0,30.438100000000002,4.203125,-2.5902483428789767
0,30.438100000000002,4.206250000000001,-2.559791457598772
0,30.438100000000002,4.209375,-2.529062102688056
0,30.438100000000002,4.2125,-2.4981373536817073
0,30.438100000000002,4.215625,-2.467089814523432
0,30.438100000000002,4.21875,-2.4359875234394086
0,30.438100000000002,4.221875000000001,-2.4048939109161984
0,30.438100000000002,4.225,-2.373867804267156
0,30.438100000000002,4.228125,-2.3429634732483633
0,30.438100000000002,4.23125,-2.312230711286122
0,30.438100000000002,4.234375,-2.281714947076704
0,30.438100000000002,4.237500000000001,-2.251457381594656
0,30.438100000000002,4.240625,-2.2214951458743593
0,30.438100000000002,4.24375,-2.1918614752930803
0,30.438100000000002,4.246875,-2.162585896466513
0,30.438100000000002,4.25,-2.1336944232538992
0,30.438100000000002,4.253125000000001,-2.1052097587517666
0,30.438100000000002,4.25625,-2.0771515005216665
0,30.438100000000002,4.259375,-2.0495363466439356
0,30.438100000000002,4.2625,-2.0223783005129126
0,30.438100000000002,4.265625,-1.9956888725849329
0,30.438100000000002,4.268750000000001,-1.9694772775616005
0,30.438100000000002,4.271875,-1.9437506257345365
0,30.438100000000002,4.275,-1.9185141074376126
0,30.438100000000002,4.278125,-1.8937711697500765
0,30.438100000000002,4.28125,-1.8695236847700274
0,30.438100000000002,4.284375000000001,-1.8457721089369734
0,30.438100000000002,4.2875,-1.8225156330246697
0,30.438100000000002,4.290625,-1.7997523225545569
0,30.438100000000002,4.29375,-1.777479248497554
0,30.438100000000002,4.296875,-1.7556926082376811
0,30.438100000000002,4.300000000000001,-1.734387836868172
0,30.438100000000002,4.303125,-1.7135597089776378
0,30.438100000000002,4.30625,-1.693202431162258
0,30.438100000000002,4.309375,-1.6733097255695106
0,30.438100000000002,4.3125,-1.6538749048385315
0,30.438100000000002,4.315625000000001,-1.6348909388532964
0,30.438100000000002,4.31875,-1.6163505137652634
0,30.438100000000002,4.321875,-1.5982460837730432
0,30.438100000000002,4.325,-1.5805699161679378
0,30.438100000000002,4.328125,-1.563314130164984
0,30.438100000000002,4.331250000000001,-1.54647073004175
0,30.438100000000002,4.334375,-1.5300316331004264
0,30.438100000000002,4.3375,-1.5139886929549655
0,30.438100000000002,4.340625,-1.4983337186250962
0,30.438100000000002,4.34375,-1.4830584898936083
0,30.438100000000002,4.346875000000001,-1.4681547693552075
0,30.438100000000002,4.35,-1.453614311554693
0,30.438100000000002,4.353125,-1.4394288695815274
0,30.438100000000002,4.35625,-1.4255901994587064
0,30.438100000000002,4.359375,-1.4120900626365749
0,30.438100000000002,4.362500000000001,-1.398920226879666
0,30.438100000000002,4.365625,-1.3860724658163148
0,30.438100000000002,4.36875,-1.3735385574084826
0,30.438100000000002,4.371875,-1.361310281593413
0,30.438100000000002,4.375,-1.3493794173488878
0,30.438100000000002,4.378125000000001,-1.3377377394412846
0,30.438100000000002,4.38125,-1.3263770151284848
0,30.438100000000002,4.384375,-1.3152890011081693
0,30.438100000000002,4.3875,-1.30446544102465
0,30.438100000000002,4.390625,-1.2938980638720385
0,30.438100000000002,4.393750000000001,-1.28357858365708
0,30.438100000000002,4.396875,-1.2734987007077871
0,30.438100000000002,4.4,-1.26365010503183
0,30.438100000000002,4.403125,-1.254024482138104
0,30.438100000000002,4.40625,-1.2446135217316598
0,30.438100000000002,4.409375000000001,-1.2354089296737967
0,30.438100000000002,4.4125,-1.2264024435606444
0,30.438100000000002,4.415625,-1.2175858522127545
0,30.438100000000002,4.41875,-1.2089510192821213
0,30.438100000000002,4.421875,-1.200489911070174
0,30.438100000000002,4.425000000000001,-1.1921946285111538
0,30.438100000000002,4.428125,-1.1840574431113517
0,30.438100000000002,4.43125,-1.1760708364505041
0,30.438100000000002,4.434375,-1.1682275426538855
0,30.438100000000002,4.4375,-1.1605205930409375
0,30.438100000000002,4.440625000000001,-1.1529433619607021
0,30.438100000000002,4.44375,-1.1454896126481484
0,30.438100000000002,4.446875,-1.1381535417931614
0,30.438100000000002,4.45,-1.1309298214191867
0,30.438100000000002,4.453125,-1.123813636633176
0,30.438100000000002,4.456250000000001,-1.116800717842654
0,30.438100000000002,4.459375,-1.1098873661438555
0,30.438100000000002,4.4625,-1.1030704707674204
0,30.438100000000002,4.465625,-1.0963475177191704
0,30.438100000000002,4.46875,-1.0897165890607958
0,30.438100000000002,4.471875000000001,-1.0831763526226772
0,30.438100000000002,4.475,-1.0767260423069671
0,30.438100000000002,4.478125,-1.0703654295007956
0,30.438100000000002,4.48125,-1.0640947864542376
0,30.438100000000002,4.484375,-1.0579148427640597
0,30.438100000000002,4.487500000000001,-1.0518267363262466
0,30.438100000000002,4.490625,-1.0458319602659403
0,30.438100000000002,4.49375,-1.0399323074181812
0,30.438100000000002,4.496875,-1.0341298139179533
0,30.438100000000002,4.5,-1.028426703370506
0,30.438100000000002,4.503125000000001,-1.022825332924725
0,30.438100000000002,4.50625,-1.017328142378018
0,30.438100000000002,4.509375,-1.0119376072170752
0,30.438100000000002,4.5125,-1.0066561962613607
0,30.438100000000002,4.515625,-1.0014863343396128
0,30.438100000000002,4.518750000000001,-0.996430370206988
0,30.438100000000002,4.521875,-0.99149054971081
0,30.438100000000002,4.525,-0.9866689940428411
0,30.438100000000002,4.528125,-0.981967682779069
0,30.438100000000002,4.53125,-0.9773884413046162
0,30.438100000000002,4.534375000000001,-0.9729329321507221
0,30.438100000000002,4.5375,-0.9686026497293422
0,30.438100000000002,4.540625,-0.9643989179351882
0,30.438100000000002,4.54375,-0.96032289009043
0,30.438100000000002,4.546875,-0.9563755507290558
0,30.438100000000002,4.550000000000001,-0.9525577187520333
0,30.438100000000002,4.553125,-0.9488700515266373
0,30.438100000000002,4.55625,-0.9453130495504839
0,30.438100000000002,4.559375,-0.9418870613501381
0,30.438100000000002,4.5625,-0.9385922883333269
0,30.438100000000002,4.565625000000001,-0.9354287893615228
0,30.438100000000002,4.56875,-0.9323964848545754
0,30.438100000000002,4.571875,-0.9294951602807237
0,30.438100000000002,4.575,-0.9267244689233762
0,30.438100000000002,4.578125,-0.9240839338503593
0,30.438100000000002,4.581250000000001,-0.92157294904227
0,30.438100000000002,4.584375,-0.9191907796642184
0,30.438100000000002,4.5875,-0.9169365614900902
0,30.438100000000002,4.590625,-0.9148092995109456
0,30.438100000000002,4.59375,-0.9128078657795402
0,30.438100000000002,4.596875000000001,-0.9109309965618252
0,30.438100000000002,4.6,-0.9091772888837567
0,30.438100000000002,4.603125,-0.9075451965782544
0,30.438100000000002,4.60625,-0.9060330259528222
0,30.438100000000002,4.609375,-0.9046389312132208
0,30.438100000000002,4.612500000000001,-0.9033609097928198
0,30.438100000000002,4.615625,-0.9021967977505955
0,30.438100000000002,4.61875,-0.9011442654130807
0,30.438100000000002,4.621875,-0.9002008134466336
0,30.438100000000002,4.625,-0.8993637695556996
0,30.438100000000002,4.628125000000001,-0.8986302860099405
0,30.438100000000002,4.63125,-0.8979973382075785
0,30.438100000000002,4.634375,-0.8974617244835237
0,30.438100000000002,4.6375,-0.8970200673682105
0,30.438100000000002,4.640625,-0.8966688164960137
0,30.438100000000002,4.643750000000001,-0.8964042533500857
0,30.438100000000002,4.646875,-0.8962224980131251
0,30.438100000000002,4.65,-0.8961195180705859
0,30.438100000000002,4.653125,-0.896091139784173
0,30.438100000000002,4.65625,-0.8961330616192469
0,30.438100000000002,4.659375000000001,-0.8962408701703828
0,30.438100000000002,4.6625,-0.8964100584854727
0,30.438100000000002,4.665625,-0.8966360467413499
0,30.438100000000002,4.66875,-0.8969142051740774
0,30.438100000000002,4.671875,-0.897239879116189
0,30.438100000000002,4.675000000000001,-0.8976084159426931
0,30.438100000000002,4.678125,-0.8980151936790661
0,30.438100000000002,4.68125,-0.8984556509792488
0,30.438100000000002,4.684375,-0.8989253181409683
0,30.438100000000002,4.6875,-0.8994198487906854
0,30.438100000000002,4.690625000000001,-0.8999350518417428
0,30.438100000000002,4.69375,-0.9004669233071844
0,30.438100000000002,4.696875,-0.9010116775333583
0,30.438100000000002,4.7,-0.9015657774113438
0,30.438100000000002,4.703125,-0.9021259631201252
0,30.438100000000002,4.706250000000001,-0.902689278957466
0,30.438100000000002,4.709375,-0.9032530978212021
0,30.438100000000002,4.7125,-0.9038151429145821
0,30.438100000000002,4.715625,-0.9043735062642079
0,30.438100000000002,4.71875,-0.9049266636581783
0,30.438100000000002,4.721875000000001,-0.905473485635591
0,30.438100000000002,4.725,-0.9060132441873091
0,30.438100000000002,4.728125,-0.9065456148627131
0,30.438100000000002,4.73125,-0.9070706740187325
0,30.438100000000002,4.734375,-0.9075888909965873
0,30.438100000000002,4.737500000000001,-0.9081011150684407
0,30.438100000000002,4.740625,-0.9086085570605328
0,30.438100000000002,4.74375,-0.909112765630417
0,30.438100000000002,4.746875,-0.9096155982523194
0,30.438100000000002,4.75,-0.9101191870444842
0,30.438100000000002,4.753125000000001,-0.9106258996533448
0,30.438100000000002,4.75625,-0.9111382954890334
0,30.438100000000002,4.759375,-0.9116590776826059
0,30.438100000000002,4.7625,-0.9121910412053412
0,30.438100000000002,4.765625,-0.9127370176527341
0,30.438100000000002,4.768750000000001,-0.9132998172494134
0,30.438100000000002,4.771875,-0.913882168675725
0,30.438100000000002,4.775,-0.9144866573525515
0,30.438100000000002,4.778125,-0.9151156628491692
0,30.438100000000002,4.78125,-0.9157712961011806
0,30.438100000000002,4.784375000000001,-0.9164553371437733
0,30.438100000000002,4.7875,-0.9171691740818843
0,30.438100000000002,4.790625,-0.917913744035232
0,30.438100000000002,4.79375,-0.9186894768142053
0,30.438100000000002,4.796875,-0.9194962421031817
0,30.438100000000002,4.800000000000001,-0.920333300950925
0,30.438100000000002,4.803125,-0.9211992623921964
0,30.438100000000002,4.80625,-0.9220920460481522
0,30.438100000000002,4.809375,-0.923008851571771
0,30.438100000000002,4.8125,-0.9239461358134662
0,30.438100000000002,4.815625000000001,-0.9248995985750159
0,30.438100000000002,4.81875,-0.925864177790162
0,30.438100000000002,4.821875,-0.9268340549105071
0,30.438100000000002,4.825,-0.9278026711789781
0,30.438100000000002,4.828125,-0.9287627553346589
0,30.438100000000002,4.831250000000001,-0.9297063631088829
0,30.438100000000002,4.834375,-0.9306249286429193
0,30.438100000000002,4.8375,-0.9315093276859704
0,30.438100000000002,4.840625,-0.9323499521265891
0,30.438100000000002,4.84375,-0.9331367950835515
0,30.438100000000002,4.846875000000001,-0.9338595454502765
0,30.438100000000002,4.85,-0.9345076904698126
0,30.438100000000002,4.853125,-0.9350706246362019
0,30.438100000000002,4.85625,-0.935537762993163
0,30.438100000000002,4.859375,-0.9358986567498121
0,30.438100000000002,4.862500000000001,-0.9361431090676574
0,30.438100000000002,4.865625,-0.9362612888984194
0,30.438100000000002,4.86875,-0.9362438408652507
0,30.438100000000002,4.871875,-0.9360819893697219
0,30.438100000000002,4.875,-0.9357676353554468
0,30.438100000000002,4.878125000000001,-0.9352934444440174
0,30.438100000000002,4.88125,-0.9346529254552528
0,30.438100000000002,4.884375,-0.9338404986083924
0,30.438100000000002,4.8875,-0.9328515529542362
0,30.438100000000002,4.890625,-0.9316824927969418
0,30.438100000000002,4.893750000000001,-0.930330773022151
0,30.438100000000002,4.896875,-0.9287949233563209
0,30.438100000000002,4.9,-0.9270745616481206
0,30.438100000000002,4.903125,-0.925170396298445
0,30.438100000000002,4.90625,-0.9230842179854848
0,30.438100000000002,4.909375000000001,-0.9208188808499764
0,30.438100000000002,4.9125,-0.9183782733359835
0,30.438100000000002,4.915625,-0.9157672789338545
0,30.438100000000002,4.91875,-0.9129917271495634
0,30.438100000000002,4.921875,-0.9100583351291897
0,30.438100000000002,4.925000000000001,-0.9069746404954023
0,30.438100000000002,4.928125,-0.9037489260974827
0,30.438100000000002,4.93125,-0.9003901375282416
0,30.438100000000002,4.934375,-0.8969077944095035
0,30.438100000000002,4.9375,-0.8933118965816318
0,30.438100000000002,4.940625000000001,-0.8896128264421662
0,30.438100000000002,4.94375,-0.885821248755612
0,30.438100000000002,4.946875,-0.8819480092951791
0,30.438100000000002,4.95,-0.8780040336748794
0,30.438100000000002,4.953125,-0.8740002276864638
0,30.438100000000002,4.956250000000001,-0.8699473803731977
0,30.438100000000002,4.959375,-0.8658560709559462
0,30.438100000000002,4.9625,-0.8617365805834712
0,30.438100000000002,4.965625,-0.8575988097162023
0,30.438100000000002,4.96875,-0.8534522017792949
0,30.438100000000002,4.971875000000001,-0.8493056735455248
0,30.438100000000002,4.975,-0.8451675525389498
0,30.438100000000002,4.978125,-0.8410455215936017
0,30.438100000000002,4.98125,-0.8369465705632614
0,30.438100000000002,4.984375,-0.832876955062681
0,30.438100000000002,4.987500000000001,-0.8288421620303303
0,30.438100000000002,4.990625,-0.8248468818386993
0,30.438100000000002,4.99375,-0.8208949866403232
0,30.438100000000002,4.996875,-0.816989514624654
0,30.438100000000002,5.0,-0.8131326598700543
0,30.438100000000002,5.003125,-0.809325767503786
0,30.438100000000002,5.0062500000000005,-0.8055693339268949
0,30.438100000000002,5.009375,-0.8018630119165855
0,30.438100000000002,5.0125,-0.7982056204816905
0,30.438100000000002,5.015625,-0.7945951594129971
0,30.438100000000002,5.01875,-0.7910288285351479
0,30.438100000000002,5.0218750000000005,-0.7875030517266073
0,30.438100000000002,5.025,-0.784013505824809
0,30.438100000000002,5.028125,-0.7805551545714324
0,30.438100000000002,5.03125,-0.7771222877746249
0,30.438100000000002,5.034375,-0.7737085658679063
0,30.438100000000002,5.0375000000000005,-0.770307070027277
0,30.438100000000002,5.040625,-0.7669103579669396
0,30.438100000000002,5.04375,-0.7635105254691411
0,30.438100000000002,5.046875,-0.7600992736149167
0,30.438100000000002,5.05,-0.7566679815708736
0,30.438100000000002,5.0531250000000005,-0.7532077846546853
0,30.438100000000002,5.05625,-0.7497096572518889
0,30.438100000000002,5.059375,-0.7461644999932437
0,30.438100000000002,5.0625,-0.742563230431054
0,30.438100000000002,5.065625,-0.7388968762808699
0,30.438100000000002,5.0687500000000005,-0.735156670129621
0,30.438100000000002,5.071875,-0.7313341443603839
0,30.438100000000002,5.075,-0.7274212249160232
0,30.438100000000002,5.078125,-0.7234103224270588
0,30.438100000000002,5.08125,-0.7192944191705776
0,30.438100000000002,5.0843750000000005,-0.7150671503132694
0,30.438100000000002,5.0875,-0.7107228779272965
0,30.438100000000002,5.090625,-0.7062567563551956
0,30.438100000000002,5.09375,-0.7016647876397306
0,30.438100000000002,5.096875,-0.6969438659238633
0,30.438100000000002,5.1000000000000005,-0.6920918099599153
0,30.438100000000002,5.103125,-0.6871073831378032
0,30.438100000000002,5.10625,-0.6819903007399898
0,30.438100000000002,5.109375,-0.6767412244440214
0,30.438100000000002,5.1125,-0.6713617444089797
0,30.438100000000002,5.1156250000000005,-0.6658543495867677
0,30.438100000000002,5.11875,-0.6602223871794863
0,30.438100000000002,5.121875,-0.6544700124081333
0,30.438100000000002,5.125,-0.6486021299551623
0,30.438100000000002,5.128125,-0.6426243285859002
0,30.438100000000002,5.1312500000000005,-0.6365428105365746
0,30.438100000000002,5.134375,-0.6303643172778697
0,30.438100000000002,5.1375,-0.6240960532242129
0,30.438100000000002,5.140625,-0.6177456088656189
0,30.438100000000002,5.14375,-0.6113208846588456
0,30.438100000000002,5.1468750000000005,-0.6048300168388399
0,30.438100000000002,5.15,-0.5982813061123124
0,30.438100000000002,5.153125,-0.5916831499861998
0,30.438100000000002,5.15625,-0.58504397927802
0,30.438100000000002,5.159375,-0.5783721991643495
0,30.438100000000002,5.1625000000000005,-0.5716761349577587
0,30.438100000000002,5.165625,-0.5649639826679559
0,30.438100000000002,5.16875,-0.558243764302856
0,30.438100000000002,5.171875,-0.5515232877995739
0,30.438100000000002,5.175,-0.5448101114401831
0,30.438100000000002,5.1781250000000005,-0.5381115125967508
0,30.438100000000002,5.18125,-0.5314344606569154
0,30.438100000000002,5.184375,-0.5247855939970627
0,30.438100000000002,5.1875,-0.5181712008876656
0,30.438100000000002,5.190625,-0.5115972042280907
0,30.438100000000002,5.1937500000000005,-0.5050691500122831
0,30.438100000000002,5.196875,-0.498592199419911
0,30.438100000000002,5.2,-0.4921711244099045
0,30.438100000000002,5.203125,-0.48581030666665914
0,30.438100000000002,5.20625,-0.4795137397162743
0,30.438100000000002,5.2093750000000005,-0.4732850339947912
0,30.438100000000002,5.2125,-0.4671274246160267
0,30.438100000000002,5.215625,-0.46104378155642745
0,30.438100000000002,5.21875,-0.4550366219510955
0,30.438100000000002,5.221875,-0.4491081241801024
0,30.438100000000002,5.2250000000000005,-0.44326014341841063
0,30.438100000000002,5.228125,-0.4374942283258884
0,30.438100000000002,5.23125,-0.4318116385652997
0,30.438100000000002,5.234375,-0.42621336285465344
0,30.438100000000002,5.2375,-0.4207001372841889
0,30.438100000000002,5.2406250000000005,-0.41527246365615966
0,30.438100000000002,5.24375,-0.4099306276357512
0,30.438100000000002,5.246875,-0.40467471653251214
0,30.438100000000002,5.25,-0.3995046365625016
0,30.438100000000002,5.253125,-0.39442012947079247
0,30.438100000000002,5.2562500000000005,-0.3894207884214781
0,30.438100000000002,5.259375,-0.38450607308734164
0,30.438100000000002,5.2625,-0.3796753238935266
0,30.438100000000002,5.265625,-0.3749277753889439
0,30.438100000000002,5.26875,-0.3702625687355631
0,30.438100000000002,5.2718750000000005,-0.3656787633194973
0,30.438100000000002,5.275,-0.36117534749896174
0,30.438100000000002,5.278125,-0.35675124851302686
0,30.438100000000002,5.28125,-0.3524053415819372
0,30.438100000000002,5.284375,-0.3481364582347333
0,30.438100000000002,5.2875000000000005,-0.34394339390342626
0,30.438100000000002,5.290625,-0.3398249148251589
0,30.438100000000002,5.29375,-0.33577976429489065
0,30.438100000000002,5.296875,-0.33180666831143346
0,30.438100000000002,5.3,-0.327904340659205
0,30.438100000000002,5.3031250000000005,-0.32407148746710357
0,30.438100000000002,5.30625,-0.3203068112845457
0,30.438100000000002,5.309375,-0.31660901471300956
0,30.438100000000002,5.3125,-0.3129768036295944
0,30.438100000000002,5.315625,-0.30940889003706123
0,30.438100000000002,5.3187500000000005,-0.30590399457277684
0,30.438100000000002,5.321875,-0.3024608487068843
0,30.438100000000002,5.325,-0.2990781966579341
0,30.438100000000002,5.328125,-0.29575479705221003
0,30.438100000000002,5.33125,-0.29248942435099295
0,30.438100000000002,5.3343750000000005,-0.2892808700681391
0,30.438100000000002,5.3375,-0.2861279437985658
0,30.438100000000002,5.340625,-0.2830294740765255
0,30.438100000000002,5.34375,-0.27998430908099564
0,30.438100000000002,5.346875,-0.2769913172039977
0,30.438100000000002,5.3500000000000005,-0.27404938749628466
0,30.438100000000002,5.353125,-0.2711574300035649
0,30.438100000000002,5.35625,-0.2683143760052138
0,30.438100000000002,5.359375,-0.26551917816636433
0,30.438100000000002,5.3625,-0.2627708106132264
0,30.438100000000002,5.3656250000000005,-0.26006826894057655
0,30.438100000000002,5.36875,-0.25741057015950497
0,30.438100000000002,5.371875,-0.25479675259271484
0,30.438100000000002,5.375,-0.2522258757239909
0,30.438100000000002,5.378125,-0.2496970200077655
0,30.438100000000002,5.3812500000000005,-0.24720928664414535
0,30.438100000000002,5.384375,-0.24476179732421688
0,30.438100000000002,5.3875,-0.24235369394994857
0,30.438100000000002,5.390625,-0.2399841383325835
0,30.438100000000002,5.39375,-0.23765231187298957
0,30.438100000000002,5.3968750000000005,-0.23535741522708314
0,30.438100000000002,5.4,-0.23309866795910697
0,30.438100000000002,5.403125,-0.2308753081852339
0,30.438100000000002,5.40625,-0.22868659220971171
0,30.438100000000002,5.409375,-0.22653179415550606
0,30.438100000000002,5.4125000000000005,-0.22441020559117816
0,30.438100000000002,5.415625,-0.22232113515554255
0,30.438100000000002,5.41875,-0.2202639081814524
0,30.438100000000002,5.421875,-0.2182378663199176
0,30.438100000000002,5.425,-0.21624236716559836
0,30.438100000000002,5.4281250000000005,-0.21427678388458926
0,30.438100000000002,5.43125,-0.21234050484529704
0,30.438100000000002,5.434375,-0.21043293325309081
0,30.438100000000002,5.4375,-0.20855348678933597
0,30.438100000000002,5.440625,-0.2067015972553063
0,30.438100000000002,5.4437500000000005,-0.20487671022141343
0,30.438100000000002,5.446875,-0.20307828468211864
0,30.438100000000002,5.45,-0.20130579271681873
0,30.438100000000002,5.453125,-0.1995587191569671
0,30.438100000000002,5.45625,-0.19783656125961674
0,30.438100000000002,5.4593750000000005,-0.19613882838754435
0,30.438100000000002,5.4625,-0.19446504169607226
0,30.438100000000002,5.465625,-0.19281473382666423
0,30.438100000000002,5.46875,-0.1911874486073549
0,30.438100000000002,5.471875,-0.1895827407600287
0,30.438100000000002,5.4750000000000005,-0.1880001756145563
0,30.438100000000002,5.478125,-0.1864393288297643
0,30.438100000000002,5.48125,-0.18489978612120023
0,30.438100000000002,5.484375,-0.1833811429956439
0,30.438100000000002,5.4875,-0.18188300449229258
0,30.438100000000002,5.4906250000000005,-0.18040498493054455
0,30.438100000000002,5.49375,-0.1789467076642917
0,30.438100000000002,5.496875,-0.1775078048426195
0,30.438100000000002,5.5,-0.17608791717681685
0,30.438100000000002,5.503125,-0.17468669371357876
0,30.438100000000002,5.5062500000000005,-0.17330379161428888
0,30.438100000000002,5.509375,-0.17193887594026366
0,30.438100000000002,5.5125,-0.17059161944382928
0,30.438100000000002,5.515625,-0.16926170236511479
0,30.438100000000002,5.51875,-0.16794881223442795
0,30.438100000000002,5.5218750000000005,-0.16665264368008817
0,30.438100000000002,5.525,-0.1653728982415907
0,30.438100000000002,5.528125,-0.1641092841879656
0,30.438100000000002,5.53125,-0.16286151634121432
0,30.438100000000002,5.534375,-0.1616293159046862
0,30.438100000000002,5.5375000000000005,-0.1604124102962748
0,30.438100000000002,5.540625,-0.15921053298630672
0,30.438100000000002,5.54375,-0.15802342333999564
0,30.438100000000002,5.546875,-0.1568508264643465
0,30.438100000000002,5.55,-0.1556924930593823
0,30.438100000000002,5.5531250000000005,-0.15454817927357978
0,30.438100000000002,5.55625,-0.15341764656339615
0,30.438100000000002,5.559375,-0.15230066155677122
0,30.438100000000002,5.5625,-0.15119699592049604
0,30.438100000000002,5.565625,-0.15010642623133727
0,30.438100000000002,5.5687500000000005,-0.1490287338508091
0,30.438100000000002,5.571875,-0.14796370480349116
0,30.438100000000002,5.575,-0.1469111296587851
0,30.438100000000002,5.578125,-0.1458708034160161
0,30.438100000000002,5.58125,-0.1448425253927778
0,30.438100000000002,5.5843750000000005,-0.14382609911642794
0,30.438100000000002,5.5875,-0.14282133221864185
0,30.438100000000002,5.590625,-0.14182803633293198
0,30.438100000000002,5.59375,-0.1408460269950499
0,30.438100000000002,5.596875,-0.13987512354618234
0,30.438100000000002,5.6000000000000005,-0.13891514903885901
0,30.438100000000002,5.603125,-0.1379659301454949
0,30.438100000000002,5.60625,-0.13702729706948175
0,30.438100000000002,5.609375,-0.13609908345876098
0,30.438100000000002,5.6125,-0.13518112632179896
0,30.438100000000002,5.6156250000000005,-0.13427326594589425
0,30.438100000000002,5.61875,-0.1333753458177489
0,30.438100000000002,5.621875,-0.1324872125462316
0,30.438100000000002,5.625,-0.13160871578727446
0,30.438100000000002,5.628125,-0.13073970817083266
0,30.438100000000002,5.6312500000000005,-0.12988004522984994
0,30.438100000000002,5.634375,-0.12902958533116887
0,30.438100000000002,5.6375,-0.12818818960832593
0,30.438100000000002,5.640625,-0.127355721896179
0,30.438100000000002,5.64375,-0.12653204866730935
0,30.438100000000002,5.6468750000000005,-0.12571703897014722
0,30.438100000000002,5.65,-0.12491056436876942
0,30.438100000000002,5.653125,-0.12411249888431757
0,30.438100000000002,5.65625,-0.12332271893799228
0,30.438100000000002,5.659375,-0.12254110329557318
0,30.438100000000002,5.6625000000000005,-0.12176753301342248
0,30.438100000000002,5.665625,-0.12100189138592603
0,30.438100000000002,5.66875,-0.12024406389433011
0,30.438100000000002,5.671875,-0.11949393815693402
0,30.438100000000002,5.675,-0.11875140388059736
0,30.438100000000002,5.6781250000000005,-0.11801635281352335
0,30.438100000000002,5.68125,-0.11728867869928278
0,30.438100000000002,5.684375,-0.11656827723203779
0,30.438100000000002,5.6875,-0.11585504601293682
0,30.438100000000002,5.690625,-0.11514888450764137
0,30.438100000000002,5.6937500000000005,-0.11444969400495383
0,30.438100000000002,5.696875,-0.1137573775765154
0,30.438100000000002,5.7,-0.11307184003753974
0,30.438100000000002,5.703125,-0.11239298790855716
0,30.438100000000002,5.70625,-0.11172072937813625
0,30.438100000000002,5.7093750000000005,-0.1110549742665566
0,30.438100000000002,5.7125,-0.11039563399040656
0,30.438100000000002,5.715625,-0.10974262152807572
0,30.438100000000002,5.71875,-0.10909585138612111
0,30.438100000000002,5.721875,-0.10845523956647973
0,30.438100000000002,5.7250000000000005,-0.10782070353450329
0,30.438100000000002,5.728125,-0.10719216218779397
0,30.438100000000002,5.73125,-0.10656953582581451
0,30.438100000000002,5.734375,-0.10595274612025651
0,30.438100000000002,5.7375,-0.10534171608614037
0,30.438100000000002,5.7406250000000005,-0.10473637005362914
0,30.438100000000002,5.74375,-0.10413663364053721
0,30.438100000000002,5.746875,-0.10354243372551018
0,30.438100000000002,5.75,-0.10295369842186265
0,30.438100000000002,5.753125,-0.1023703570520524
0,30.438100000000002,5.7562500000000005,-0.10179234012277376
0,30.438100000000002,5.759375,-0.10121957930065444
0,30.438100000000002,5.7625,-0.10065200738853727
0,30.438100000000002,5.765625,-0.10008955830233263
0,30.438100000000002,5.76875,-0.09953216704842509
0,30.438100000000002,5.7718750000000005,-0.09897976970161941
0,30.438100000000002,5.775,-0.09843230338361142
0,30.438100000000002,5.778125,-0.09788970624196805
0,30.438100000000002,5.78125,-0.09735191742960606
0,30.438100000000002,5.784375,-0.0968188770847523
0,30.438100000000002,5.7875000000000005,-0.09629052631137527
0,30.438100000000002,5.790625,-0.09576680716007466
0,30.438100000000002,5.79375,-0.09524766260941465
0,30.438100000000002,5.796875,-0.09473303654769355
0,30.438100000000002,5.800000000000001,-0.09422287375513319
0,30.438100000000002,5.8031250000000005,-0.09371711988648117
0,30.438100000000002,5.80625,-0.09321572145401195
0,30.438100000000002,5.809375,-0.09271862581091832
0,30.438100000000002,5.8125,-0.09222578113508213
0,30.438100000000002,5.815625000000001,-0.09173713641321478
0,30.438100000000002,5.8187500000000005,-0.09125264142535759
0,30.438100000000002,5.821875,-0.09077224672973204
0,30.438100000000002,5.825,-0.09029590364793257
0,30.438100000000002,5.828125,-0.0898235642504516
0,30.438100000000002,5.831250000000001,-0.08935518134252841
0,30.438100000000002,5.8343750000000005,-0.08889070845031465
0,30.438100000000002,5.8375,-0.08843009980734645
0,30.438100000000002,5.840625,-0.08797331034131746
0,30.438100000000002,5.84375,-0.0875202956611437
0,30.438100000000002,5.846875000000001,-0.08707101204431289
0,30.438100000000002,5.8500000000000005,-0.08662541642451312
0,30.438100000000002,5.853125,-0.08618346637952955
0,30.438100000000002,5.85625,-0.08574512011940749
0,30.438100000000002,5.859375,-0.08531033647487125
0,30.438100000000002,5.862500000000001,-0.08487907488599437
0,30.438100000000002,5.8656250000000005,-0.08445129539111505
0,30.438100000000002,5.86875,-0.08402695861598874
0,30.438100000000002,5.871875,-0.08360602576317462
0,30.438100000000002,5.875,-0.08318845860164868
0,30.438100000000002,5.878125000000001,-0.0827742194566378
0,30.438100000000002,5.8812500000000005,-0.08236327119967064
0,30.438100000000002,5.884375,-0.08195557723883781
0,30.438100000000002,5.8875,-0.08155110150925891
0,30.438100000000002,5.890625,-0.0811498084637495
0,30.438100000000002,5.893750000000001,-0.08075166306368357
0,30.438100000000002,5.8968750000000005,-0.08035663077004788
0,30.438100000000002,5.9,-0.07996467753468127
0,30.438100000000002,5.903125,-0.07957576979169725
0,30.438100000000002,5.90625,-0.07918987444908335
0,30.438100000000002,5.909375000000001,-0.07880695888047384
0,30.438100000000002,5.9125000000000005,-0.0784269909170927
0,30.438100000000002,5.915625,-0.07804993883985975
0,30.438100000000002,5.91875,-0.07767577137166021
0,30.438100000000002,5.921875,-0.07730445766977041
0,30.438100000000002,5.925000000000001,-0.07693596731843787
0,30.438100000000002,5.9281250000000005,-0.07657027032161186
0,30.438100000000002,5.93125,-0.07620733709581957
0,30.438100000000002,5.934375,-0.07584713846318689
0,30.438100000000002,5.9375,-0.07548964564459837
0,30.438100000000002,5.940625000000001,-0.07513483025299408
0,30.438100000000002,5.9437500000000005,-0.0747826642868005
0,30.438100000000002,5.946875,-0.074433120123491
0,30.438100000000002,5.95,-0.07408617051327472
0,30.438100000000002,5.953125,-0.07374178857290978
0,30.438100000000002,5.956250000000001,-0.07339994777963786
0,30.438100000000002,5.9593750000000005,-0.07306062196523895
0,30.438100000000002,5.9625,-0.07272378531020074
0,30.438100000000002,5.965625,-0.07238941233800321
0,30.438100000000002,5.96875,-0.07205747790951336
0,30.438100000000002,5.971875000000001,-0.07172795721748926
0,30.438100000000002,5.9750000000000005,-0.07140082578119021
0,30.438100000000002,5.978125,-0.07107605944108987
0,30.438100000000002,5.98125,-0.07075363435369227
0,30.438100000000002,5.984375,-0.07043352698644618
0,30.438100000000002,5.987500000000001,-0.07011571411275677
0,30.438100000000002,5.9906250000000005,-0.06980017280709272
0,30.438100000000002,5.99375,-0.06948688044018507
0,30.438100000000002,5.996875,-0.06917581467431816
0,30.438100000000002,6.0,-0.0688669534587086
